nEmployees: 120
nSkills: 6
nProjects: 1
nDays: 150
nActivities: 30
nEquipmentTypes: 5
nStints: 11
nMaxModes: 2
nStintCliques: 10

EmployeeInStintCost: [
15680 15680 15680 15680 15680 15680 15680 15680 15680 15680 7958 
35564 35564 35564 35564 35564 35564 35564 35564 35564 35564 26698 
19760 19760 19760 19760 19760 19760 19760 19760 19760 19760 11510 
25700 25700 25700 25700 25700 25700 25700 25700 25700 25700 16900 
24612 24612 24612 24612 24612 24612 24612 24612 24612 24612 16406 
32116 32116 32116 32116 32116 32116 32116 32116 32116 32116 22326 
34988 34988 34988 34988 34988 34988 34988 34988 34988 34988 26056 
14840 14840 14840 14840 14840 14840 14840 14840 14840 14840 7580 
35588 35588 35588 35588 35588 35588 35588 35588 35588 35588 26326 
31868 31868 31868 31868 31868 31868 31868 31868 31868 31868 22606 
27612 27612 27612 27612 27612 27612 27612 27612 27612 27612 17756 
30668 30668 30668 30668 30668 30668 30668 30668 30668 30668 22066 
26564 26564 26564 26564 26564 26564 26564 26564 26564 26564 17236 
31996 31996 31996 31996 31996 31996 31996 31996 31996 31996 22272 
26764 26764 26764 26764 26764 26764 26764 26764 26764 26764 17436 
29628 29628 29628 29628 29628 29628 29628 29628 29628 29628 21092 
32332 32332 32332 32332 32332 32332 32332 32332 32332 32332 23202 
25220 25220 25220 25220 25220 25220 25220 25220 25220 25220 16684 
33892 33892 33892 33892 33892 33892 33892 33892 33892 33892 23904 
26204 26204 26204 26204 26204 26204 26204 26204 26204 26204 16876 
28580 28580 28580 28580 28580 28580 28580 28580 28580 28580 19648 
25292 25292 25292 25292 25292 25292 25292 25292 25292 25292 15898 
29548 29548 29548 29548 29548 29548 29548 29548 29548 29548 20088 
23372 23372 23372 23372 23372 23372 23372 23372 23372 23372 15034 
26764 26764 26764 26764 26764 26764 26764 26764 26764 26764 17436 
36524 36524 36524 36524 36524 36524 36524 36524 36524 36524 27130 
16920 16920 16920 16920 16920 16920 16920 16920 16920 16920 9660 
14520 14520 14520 14520 14520 14520 14520 14520 14520 14520 6534 
28572 28572 28572 28572 28572 28572 28572 28572 28572 28572 19442 
31308 31308 31308 31308 31308 31308 31308 31308 31308 31308 21848 
17000 17000 17000 17000 17000 17000 17000 17000 17000 17000 10268 
14000 14000 14000 14000 14000 14000 14000 14000 14000 14000 7202 
24884 24884 24884 24884 24884 24884 24884 24884 24884 24884 16282 
29836 29836 29836 29836 29836 29836 29836 29836 29836 29836 21300 
16800 16800 16800 16800 16800 16800 16800 16800 16800 16800 9606 
29412 29412 29412 29412 29412 29412 29412 29412 29412 29412 19820 
26116 26116 26116 26116 26116 26116 26116 26116 26116 26116 16590 
31148 31148 31148 31148 31148 31148 31148 31148 31148 31148 22282 
25892 25892 25892 25892 25892 25892 25892 25892 25892 25892 16168 
32948 32948 32948 32948 32948 32948 32948 32948 32948 32948 23092 
24884 24884 24884 24884 24884 24884 24884 24884 24884 24884 16282 
26476 26476 26476 26476 26476 26476 26476 26476 26476 26476 16752 
16400 16400 16400 16400 16400 16400 16400 16400 16400 16400 8282 
25340 25340 25340 25340 25340 25340 25340 25340 25340 25340 16738 
27612 27612 27612 27612 27612 27612 27612 27612 27612 27612 19010 
33052 33052 33052 33052 33052 33052 33052 33052 33052 33052 23526 
29660 29660 29660 29660 29660 29660 29660 29660 29660 29660 20134 
29956 29956 29956 29956 29956 29956 29956 29956 29956 29956 21354 
26420 26420 26420 26420 26420 26420 26420 26420 26420 26420 17224 
33292 33292 33292 33292 33292 33292 33292 33292 33292 33292 23634 
26444 26444 26444 26444 26444 26444 26444 26444 26444 26444 16984 
24796 24796 24796 24796 24796 24796 24796 24796 24796 24796 15996 
26764 26764 26764 26764 26764 26764 26764 26764 26764 26764 17436 
30028 30028 30028 30028 30028 30028 30028 30028 30028 30028 20304 
18240 18240 18240 18240 18240 18240 18240 18240 18240 18240 10254 
35948 35948 35948 35948 35948 35948 35948 35948 35948 35948 26488 
17960 17960 17960 17960 17960 17960 17960 17960 17960 17960 10700 
30772 30772 30772 30772 30772 30772 30772 30772 30772 30772 22500 
28572 28572 28572 28572 28572 28572 28572 28572 28572 28572 19442 
26204 26204 26204 26204 26204 26204 26204 26204 26204 26204 17074 
31252 31252 31252 31252 31252 31252 31252 31252 31252 31252 22716 
35324 35324 35324 35324 35324 35324 35324 35324 35324 35324 26590 
15080 15080 15080 15080 15080 15080 15080 15080 15080 15080 7688 
25692 25692 25692 25692 25692 25692 25692 25692 25692 25692 16892 
17280 17280 17280 17280 17280 17280 17280 17280 17280 17280 9822 
25412 25412 25412 25412 25412 25412 25412 25412 25412 25412 15952 
17960 17960 17960 17960 17960 17960 17960 17960 17960 17960 10700 
26684 26684 26684 26684 26684 26684 26684 26684 26684 26684 17290 
18200 18200 18200 18200 18200 18200 18200 18200 18200 18200 10808 
16640 16640 16640 16640 16640 16640 16640 16640 16640 16640 8390 
31388 31388 31388 31388 31388 31388 31388 31388 31388 31388 22390 
26892 26892 26892 26892 26892 26892 26892 26892 26892 26892 17432 
26684 26684 26684 26684 26684 26684 26684 26684 26684 26684 17290 
26772 26772 26772 26772 26772 26772 26772 26772 26772 26772 17378 
18000 18000 18000 18000 18000 18000 18000 18000 18000 18000 10146 
16320 16320 16320 16320 16320 16320 16320 16320 16320 16320 9390 
16400 16400 16400 16400 16400 16400 16400 16400 16400 16400 8282 
16080 16080 16080 16080 16080 16080 16080 16080 16080 16080 9282 
25004 25004 25004 25004 25004 25004 25004 25004 25004 25004 16336 
15440 15440 15440 15440 15440 15440 15440 15440 15440 15440 7850 
12600 12600 12600 12600 12600 12600 12600 12600 12600 12600 5670 
26404 26404 26404 26404 26404 26404 26404 26404 26404 26404 17274 
13080 13080 13080 13080 13080 13080 13080 13080 13080 13080 5886 
25220 25220 25220 25220 25220 25220 25220 25220 25220 25220 16684 
27252 27252 27252 27252 27252 27252 27252 27252 27252 27252 18848 
29060 29060 29060 29060 29060 29060 29060 29060 29060 29060 19864 
29428 29428 29428 29428 29428 29428 29428 29428 29428 29428 20034 
18560 18560 18560 18560 18560 18560 18560 18560 18560 18560 10970 
25292 25292 25292 25292 25292 25292 25292 25292 25292 25292 15898 
17360 17360 17360 17360 17360 17360 17360 17360 17360 17360 10430 
18000 18000 18000 18000 18000 18000 18000 18000 18000 18000 10146 
28932 28932 28932 28932 28932 28932 28932 28932 28932 28932 19604 
16400 16400 16400 16400 16400 16400 16400 16400 16400 16400 8282 
29748 29748 29748 29748 29748 29748 29748 29748 29748 29748 21146 
27988 27988 27988 27988 27988 27988 27988 27988 27988 27988 19386 
24404 24404 24404 24404 24404 24404 24404 24404 24404 24404 16264 
24884 24884 24884 24884 24884 24884 24884 24884 24884 24884 16480 
25124 25124 25124 25124 25124 25124 25124 25124 25124 25124 16588 
26084 26084 26084 26084 26084 26084 26084 26084 26084 26084 17020 
24692 24692 24692 24692 24692 24692 24692 24692 24692 24692 15628 
29308 29308 29308 29308 29308 29308 29308 29308 29308 29308 19980 
36284 36284 36284 36284 36284 36284 36284 36284 36284 36284 27022 
36284 36284 36284 36284 36284 36284 36284 36284 36284 36284 27022 
28348 28348 28348 28348 28348 28348 28348 28348 28348 28348 19548 
18920 18920 18920 18920 18920 18920 18920 18920 18920 18920 11132 
32452 32452 32452 32452 32452 32452 32452 32452 32452 32452 23256 
26804 26804 26804 26804 26804 26804 26804 26804 26804 26804 17146 
26804 26804 26804 26804 26804 26804 26804 26804 26804 26804 17146 
28940 28940 28940 28940 28940 28940 28940 28940 28940 28940 19810 
28708 28708 28708 28708 28708 28708 28708 28708 28708 28708 19710 
25804 25804 25804 25804 25804 25804 25804 25804 25804 25804 17004 
32572 32572 32572 32572 32572 32572 32572 32572 32572 32572 23310 
31276 31276 31276 31276 31276 31276 31276 31276 31276 31276 21948 
27004 27004 27004 27004 27004 27004 27004 27004 27004 27004 17544 
26204 26204 26204 26204 26204 26204 26204 26204 26204 26204 16876 
32092 32092 32092 32092 32092 32092 32092 32092 32092 32092 23094 
28812 28812 28812 28812 28812 28812 28812 28812 28812 28812 19550 
27044 27044 27044 27044 27044 27044 27044 27044 27044 27044 17452 
19640 19640 19640 19640 19640 19640 19640 19640 19640 19640 11456 
27868 27868 27868 27868 27868 27868 27868 27868 27868 27868 19332 
]

ExternalWorkerWithSkillOnStintCost: [
41616 38592 41976 39168 29232 34704 29088 30024 36288 39312 26520 
29736 35208 39672 32616 38160 30744 30168 31464 35136 33480 27900 
39312 38736 31032 34272 39888 30816 31752 28800 33336 32688 34620 
31104 29016 29952 33552 41760 31824 37368 41328 34128 37008 32580 
30312 37944 40824 33984 42120 40248 39312 29088 41328 37584 27420 
29448 34920 28872 32904 39384 41832 39096 39528 34848 35640 34500 
]

OverlappingStints: [
[ 2 ]
[ 3 ]
[ 4 ]
[ 5 ]
[ 6 ]
[ 7 ]
[ 8 ]
[ 9 ]
[ 10 ]
[ 11 ]
[ ]
]

EmployeesWithSkill: [
[ 1 2 3 4 5 6 7 8 9 10 11 12 13 14 15 16 17 18 19 20 21 22 23 24 25 26 27 28 29 30 31 32 33 34 35 36 37 38 39 40 41 42 43 44 45 46 47 48 49 50 51 52 53 54 55 56 57 58 59 60 61 62 63 64 65 66 67 68 69 70 71 72 73 74 75 76 77 78 79 80 81 82 83 84 85 86 87 88 89 90 91 92 93 94 95 96 97 98 99 100 101 102 103 104 105 106 107 108 109 110 111 112 113 114 115 116 117 118 119 120 ]
[ 3 6 8 9 10 11 13 14 17 18 19 27 29 32 35 36 37 39 40 42 43 46 52 57 59 62 64 69 74 76 77 81 82 84 86 90 94 98 100 101 102 103 106 108 112 114 115 116 119 120 ]
[ 3 4 5 7 9 11 12 13 14 15 19 20 24 25 26 27 28 32 33 35 37 38 39 41 42 43 44 45 47 50 52 53 54 55 56 58 60 61 62 63 64 65 66 67 68 69 70 73 74 75 76 77 82 83 84 85 86 87 88 91 92 93 94 98 99 100 101 102 107 108 109 110 111 113 115 116 117 118 119 ]
[ 1 3 4 6 7 8 9 10 11 12 14 17 18 19 21 22 25 26 27 28 29 30 32 33 34 36 37 38 39 40 41 42 43 46 47 48 49 50 51 52 53 54 56 59 60 61 62 63 64 66 68 69 70 71 74 75 76 77 78 79 80 81 82 83 84 87 88 89 90 91 92 93 94 95 96 97 98 99 100 101 103 104 105 106 107 108 109 110 111 112 113 115 116 117 118 119 120 ]
[ 1 4 6 8 9 11 12 13 14 16 17 18 19 20 21 22 23 24 25 27 28 31 33 34 39 40 43 47 51 52 53 54 55 56 57 59 60 61 62 64 65 66 68 69 70 72 73 75 77 78 79 80 82 83 85 88 90 91 92 93 95 100 101 103 106 108 112 115 116 117 118 119 120 ]
[ 1 2 3 4 5 6 7 8 9 10 11 12 13 14 15 16 18 19 20 21 22 23 24 25 26 27 28 29 30 31 33 34 35 36 37 39 40 41 42 43 44 45 46 47 48 49 50 52 53 54 55 56 57 58 59 60 61 62 63 64 65 66 67 68 69 70 72 73 74 75 76 77 78 80 81 82 83 84 85 86 88 89 90 92 93 94 98 99 100 101 102 103 104 105 106 107 108 109 110 111 112 113 114 115 116 117 118 119 120 ]
]

SkillDemandInActivityWithMode: [
0	1	
7	12	
15	24	
11	18	
4	7	
19	30	
24	37	
14	22	
13	21	
19	30	
7	12	
11	18	
10	16	
15	24	
6	10	
15	24	
8	13	
8	13	
3	6	
8	13	
10	16	
21	33	
10	16	
15	24	
19	30	
13	21	
10	16	
21	33	
13	21	
11	18	

0	1	
2	4	
6	10	
4	7	
1	3	
7	12	
9	15	
5	9	
5	9	
7	12	
2	4	
4	7	
3	6	
6	10	
2	4	
6	10	
3	6	
3	6	
1	3	
3	6	
3	6	
8	13	
3	6	
6	10	
7	12	
5	9	
3	6	
8	13	
5	9	
4	7	

0	1	
3	6	
9	15	
6	10	
2	4	
11	18	
15	24	
8	13	
8	13	
11	18	
3	6	
6	10	
5	9	
9	15	
3	6	
9	15	
5	9	
5	9	
1	3	
5	9	
5	9	
13	21	
5	9	
9	15	
11	18	
8	13	
5	9	
13	21	
8	13	
6	10	

0	1	
4	7	
12	19	
8	13	
2	4	
14	22	
18	28	
11	18	
10	16	
14	22	
4	7	
8	13	
7	12	
12	19	
4	7	
12	19	
6	10	
6	10	
2	4	
6	10	
7	12	
16	25	
7	12	
11	18	
14	22	
10	16	
7	12	
16	25	
10	16	
8	13	

0	1	
3	6	
9	15	
6	10	
2	4	
11	18	
14	22	
8	13	
7	12	
11	18	
3	6	
6	10	
5	9	
8	13	
3	6	
8	13	
4	7	
4	7	
1	3	
4	7	
5	9	
12	19	
5	9	
8	13	
10	16	
7	12	
5	9	
12	19	
7	12	
6	10	

0	1	
5	9	
13	21	
9	15	
3	6	
16	25	
21	33	
12	19	
11	18	
16	25	
5	9	
9	15	
8	13	
13	21	
5	9	
13	21	
7	12	
7	12	
2	4	
7	12	
8	13	
18	28	
8	13	
13	21	
16	25	
11	18	
8	13	
18	28	
11	18	
9	15	

]

EmployeeAvailability: [
1 0 0 1 1 1 1 1 1 1 1 
1 1 1 1 1 1 1 1 1 1 1 
1 1 0 1 1 1 1 1 1 1 1 
0 1 1 1 1 1 1 1 1 1 1 
1 1 0 1 1 1 0 1 1 1 1 
0 1 1 1 1 1 1 1 1 1 0 
1 1 0 1 1 1 1 1 1 1 1 
1 1 1 1 1 1 1 1 1 1 0 
1 1 1 1 1 1 1 1 1 1 1 
1 1 1 1 1 1 1 1 1 1 1 
1 1 1 1 1 1 1 1 1 1 1 
1 1 1 1 0 1 0 0 1 1 1 
1 1 1 1 1 1 1 1 1 1 1 
1 0 0 1 1 0 1 1 1 1 1 
1 1 1 0 1 1 1 1 1 0 1 
1 1 1 1 0 1 1 1 1 1 1 
0 1 1 1 1 0 1 1 1 1 0 
1 1 0 0 1 0 1 1 1 1 1 
0 1 1 1 1 1 1 1 1 1 1 
1 1 0 0 1 1 1 1 0 1 1 
1 1 1 1 0 1 1 1 1 0 1 
1 1 1 1 1 1 0 1 1 1 1 
1 1 1 1 1 1 1 1 1 1 1 
0 1 0 1 1 1 1 1 1 1 1 
1 1 0 1 0 1 1 1 1 0 1 
0 1 1 1 1 1 1 1 1 1 1 
1 1 0 1 1 0 1 1 1 1 1 
1 1 1 1 1 1 1 1 1 1 1 
1 1 1 0 1 1 1 1 1 1 1 
1 1 1 1 1 1 1 1 1 1 0 
1 0 1 1 1 1 0 1 1 1 1 
1 1 1 1 1 1 1 1 1 1 1 
1 0 1 0 1 0 1 1 1 1 1 
1 1 1 1 1 0 1 1 0 0 1 
1 1 1 1 1 1 1 1 0 0 1 
1 1 1 1 0 1 1 1 1 0 1 
1 1 1 1 1 1 1 1 1 1 1 
1 1 1 1 1 1 1 1 1 1 1 
1 1 1 1 1 1 1 0 1 0 1 
1 0 1 1 1 1 0 1 1 1 1 
0 1 1 1 1 1 1 1 1 1 1 
0 1 1 1 0 1 1 1 0 1 1 
1 1 0 1 1 1 0 1 0 1 1 
1 1 1 1 1 0 1 1 1 1 1 
0 1 1 1 1 1 1 1 1 1 0 
1 1 1 1 1 1 1 1 0 1 0 
1 1 1 1 1 1 1 1 1 1 1 
1 1 0 0 1 1 1 1 1 1 1 
1 0 1 0 1 1 1 1 1 0 1 
1 1 1 1 1 1 1 0 1 0 1 
1 1 1 1 1 1 1 1 1 1 1 
1 1 1 1 1 1 1 1 1 1 1 
1 1 1 1 1 1 1 1 1 1 1 
1 1 1 1 1 1 1 1 1 1 1 
1 0 1 1 1 1 1 1 1 1 1 
1 1 1 1 1 1 1 1 1 1 1 
1 1 1 1 1 0 1 1 1 1 1 
1 1 1 1 1 0 1 1 1 1 1 
1 1 1 0 1 1 1 1 1 1 0 
1 1 1 1 1 1 1 1 1 1 1 
1 1 1 1 1 0 1 1 0 1 0 
1 1 1 1 1 1 1 0 1 1 0 
1 1 1 1 1 1 1 1 1 0 1 
1 1 1 1 1 1 1 1 1 1 1 
1 1 1 1 1 1 1 1 1 1 1 
1 1 1 1 1 1 1 1 1 1 1 
1 1 1 1 1 1 1 0 1 0 1 
1 1 1 0 1 0 1 1 1 1 1 
1 1 1 1 0 1 1 1 1 1 1 
1 1 1 1 1 1 1 0 0 0 1 
0 1 1 1 1 1 1 0 1 1 1 
1 1 1 1 1 1 1 1 1 1 1 
1 1 1 1 1 1 0 0 1 1 1 
1 1 1 1 1 1 1 1 1 1 1 
1 1 1 1 1 1 1 1 1 1 1 
1 1 1 1 1 1 1 1 1 0 1 
0 1 0 1 0 1 1 1 1 1 1 
1 1 0 1 1 1 1 1 1 1 0 
1 1 1 1 1 1 1 0 1 1 1 
1 1 1 1 1 1 1 1 1 1 1 
1 1 1 1 1 1 1 0 1 1 1 
1 1 1 0 1 1 1 1 1 1 1 
1 1 1 1 1 1 1 0 1 1 1 
0 1 1 1 1 0 1 1 1 1 1 
1 1 1 0 1 1 1 1 1 0 1 
1 1 1 1 1 1 1 1 1 1 1 
1 1 1 1 0 0 0 1 1 1 1 
1 1 0 1 1 1 1 0 1 1 1 
1 1 1 1 1 1 0 1 1 0 1 
1 1 1 1 1 1 1 1 1 1 1 
1 1 1 1 1 1 1 1 1 1 1 
1 1 1 1 1 1 1 1 1 1 1 
1 1 1 1 1 1 1 1 1 1 1 
1 1 0 1 1 0 1 1 1 1 1 
1 1 1 1 1 0 1 0 1 1 1 
1 1 1 1 1 1 1 1 0 1 0 
1 1 1 1 1 1 1 1 0 1 1 
1 1 1 1 1 1 0 1 1 1 1 
1 1 1 1 1 1 1 1 1 1 1 
1 1 1 1 1 1 1 1 1 1 1 
1 1 1 1 1 1 1 1 1 1 0 
1 1 0 0 1 1 1 1 1 1 1 
1 1 1 1 1 1 1 1 1 1 1 
1 1 1 1 1 1 1 1 1 0 1 
1 1 1 1 0 0 1 1 1 1 0 
1 1 0 1 1 1 1 0 1 1 1 
1 1 1 1 1 1 1 1 1 1 1 
1 1 1 1 1 1 1 1 1 1 1 
1 1 1 1 0 1 1 0 1 1 1 
1 1 0 1 1 1 1 1 1 0 1 
1 1 1 1 1 1 1 1 1 1 1 
1 1 1 1 1 1 1 1 1 1 1 
1 1 0 1 1 1 0 1 1 0 1 
1 0 0 1 1 1 1 1 0 1 1 
1 1 1 1 1 1 1 1 1 1 1 
1 1 1 1 1 1 1 1 1 1 1 
1 1 1 1 1 0 1 1 1 1 1 
1 1 1 1 1 0 1 1 1 1 1 
1 1 1 1 1 1 1 1 0 1 1 
1 1 1 1 1 1 1 1 1 1 1 
]

EmployeeWantedInStint: [ (5 7) 1 (14 5) 1 (16 8) 1 (22 1) 1 (37 10) 1 (39 6) 1 (47 1) 1 (49 11) 1 (61 4) 1 (67 11) 1 (71 3) 1 (71 6) 1 (81 9) 1 (82 7) 1 (88 11) 1 (106 1) 1 (108 8) 1 (119 1) 1 ]

EmployeeWantedViolationCost: [ (5 7) 13000 (14 5) 5000 (16 8) 10000 (22 1) 6000 (37 10) 6000 (39 6) 13000 (47 1) 11000 (49 11) 11000 (61 4) 5000 (67 11) 11000 (71 3) 10000 (71 6) 5000 (81 9) 15000 (82 7) 11000 (88 11) 15000 (106 1) 14000 (108 8) 13000 (119 1) 8000 ]

EmployeesThatShouldNotWorkTogetherWithEmployee: [
[ 20 61 63 109 ]
[ 48 74 86 88 ]
[ 72 79 113 ]
[ 16 100 111 ]
[ 7 33 51 63 86 91 96 ]
[ 8 10 15 77 107 110 118 ]
[ 17 26 28 42 71 75 85 ]
[ 16 19 41 52 88 105 114 ]
[ 11 55 62 110 ]
[ 17 23 28 68 82 85 ]
[ 20 25 ]
[ 34 46 59 60 81 94 112 ]
[ 38 48 51 ]
[ 17 35 40 43 60 ]
[ 56 95 117 ]
[ 33 42 47 115 120 ]
[ 36 46 65 73 ]
[ 38 82 85 91 ]
[ 27 44 85 107 118 ]
[ 62 80 107 114 ]
[ 42 67 73 82 116 ]
[ 39 40 111 117 ]
[ 33 80 105 ]
[ 58 63 73 85 90 111 ]
[ 42 78 89 114 ]
[ 52 58 73 94 99 109 110 ]
[ 46 49 58 59 67 68 107 ]
[ 41 70 88 ]
[ 33 46 61 102 115 117 120 ]
[ 32 33 39 68 74 102 118 119 ]
[ 33 65 104 ]
[ 54 82 96 119 ]
[ 57 90 116 ]
[ 54 62 77 83 90 120 ]
[ 51 100 103 108 118 ]
[ ]
[ 73 91 102 108 ]
[ 54 59 63 65 85 100 ]
[ 80 88 95 117 ]
[ 57 86 106 112 ]
[ 52 63 ]
[ 53 61 65 115 ]
[ 75 81 89 115 ]
[ 74 ]
[ 70 96 112 ]
[ 66 72 73 ]
[ 49 62 72 91 98 105 112 117 120 ]
[ 77 86 100 ]
[ 71 78 91 106 ]
[ 56 97 ]
[ 63 70 74 ]
[ ]
[ 56 59 ]
[ 68 ]
[ 91 ]
[ 63 64 79 82 83 100 118 ]
[ 102 111 ]
[ ]
[ 64 69 79 106 120 ]
[ 99 112 120 ]
[ 106 119 ]
[ 82 107 ]
[ 75 78 98 102 ]
[ 87 93 ]
[ 71 75 116 ]
[ 67 93 94 115 ]
[ 82 89 106 111 ]
[ 69 85 98 101 ]
[ 76 91 103 114 ]
[ 107 109 117 ]
[ 84 ]
[ 99 118 ]
[ 111 ]
[ 100 ]
[ 96 99 104 ]
[ 77 94 103 104 ]
[ ]
[ 89 99 ]
[ 105 ]
[ ]
[ 99 ]
[ 87 105 113 119 ]
[ 86 106 117 ]
[ 88 98 120 ]
[ 107 108 ]
[ 105 ]
[ 97 101 114 ]
[ ]
[ 115 116 119 120 ]
[ ]
[ ]
[ 93 ]
[ ]
[ ]
[ ]
[ ]
[ 103 ]
[ 99 ]
[ ]
[ 118 ]
[ 120 ]
[ ]
[ ]
[ ]
[ ]
[ ]
[ ]
[ ]
[ ]
[ 111 ]
[ 117 ]
[ 115 ]
[ ]
[ 120 ]
[ ]
[ ]
[ ]
[ ]
[ ]
[ ]
]

ShouldNotWorkTogetherCost: [ (1 20) 198 (1 61) 297 (1 63) 99 (1 109) 396 (2 48) 198 (2 74) 297 (2 86) 198 (2 88) 396 (3 72) 99 (3 79) 297 (3 113) 396 (4 16) 99 (4 100) 99 (4 111) 297 (5 7) 396 (5 33) 297 (5 51) 198 (5 63) 99 (5 86) 99 (5 91) 99 (5 96) 198 (6 8) 297 (6 10) 396 (6 15) 198 (6 77) 198 (6 107) 99 (6 110) 198 (6 118) 297 (7 17) 99 (7 26) 297 (7 28) 297 (7 42) 198 (7 71) 198 (7 75) 99 (7 85) 198 (8 16) 396 (8 19) 297 (8 41) 396 (8 52) 198 (8 88) 396 (8 105) 297 (8 114) 99 (9 11) 99 (9 55) 396 (9 62) 99 (9 110) 396 (10 17) 99 (10 23) 396 (10 28) 99 (10 68) 297 (10 82) 99 (10 85) 198 (11 20) 198 (11 25) 198 (12 34) 198 (12 46) 99 (12 59) 297 (12 60) 99 (12 81) 99 (12 94) 396 (12 112) 99 (13 38) 198 (13 48) 396 (13 51) 99 (14 17) 198 (14 35) 297 (14 40) 198 (14 43) 396 (14 60) 396 (15 56) 99 (15 95) 297 (15 117) 198 (16 33) 99 (16 42) 297 (16 47) 99 (16 115) 99 (16 120) 396 (17 36) 198 (17 46) 99 (17 65) 198 (17 73) 198 (18 38) 198 (18 82) 99 (18 85) 99 (18 91) 99 (19 27) 99 (19 44) 297 (19 85) 396 (19 107) 99 (19 118) 99 (20 62) 198 (20 80) 297 (20 107) 396 (20 114) 396 (21 42) 396 (21 67) 297 (21 73) 198 (21 82) 99 (21 116) 99 (22 39) 99 (22 40) 297 (22 111) 396 (22 117) 198 (23 33) 297 (23 80) 297 (23 105) 99 (24 58) 198 (24 63) 396 (24 73) 297 (24 85) 297 (24 90) 99 (24 111) 396 (25 42) 198 (25 78) 99 (25 89) 99 (25 114) 297 (26 52) 198 (26 58) 396 (26 73) 297 (26 94) 297 (26 99) 396 (26 109) 198 (26 110) 198 (27 46) 396 (27 49) 396 (27 58) 198 (27 59) 297 (27 67) 297 (27 68) 198 (27 107) 198 (28 41) 297 (28 70) 396 (28 88) 198 (29 33) 99 (29 46) 99 (29 61) 198 (29 102) 99 (29 115) 297 (29 117) 297 (29 120) 99 (30 32) 198 (30 33) 99 (30 39) 396 (30 68) 99 (30 74) 396 (30 102) 99 (30 118) 198 (30 119) 297 (31 33) 99 (31 65) 99 (31 104) 99 (32 54) 198 (32 82) 198 (32 96) 99 (32 119) 198 (33 57) 297 (33 90) 198 (33 116) 198 (34 54) 297 (34 62) 396 (34 77) 396 (34 83) 297 (34 90) 198 (34 120) 297 (35 51) 198 (35 100) 198 (35 103) 198 (35 108) 297 (35 118) 99 (37 73) 198 (37 91) 297 (37 102) 297 (37 108) 297 (38 54) 297 (38 59) 198 (38 63) 297 (38 65) 396 (38 85) 297 (38 100) 99 (39 80) 297 (39 88) 297 (39 95) 297 (39 117) 297 (40 57) 99 (40 86) 396 (40 106) 297 (40 112) 297 (41 52) 396 (41 63) 99 (42 53) 198 (42 61) 297 (42 65) 297 (42 115) 396 (43 75) 99 (43 81) 99 (43 89) 396 (43 115) 198 (44 74) 99 (45 70) 198 (45 96) 99 (45 112) 297 (46 66) 99 (46 72) 99 (46 73) 99 (47 49) 99 (47 62) 297 (47 72) 198 (47 91) 297 (47 98) 297 (47 105) 396 (47 112) 99 (47 117) 198 (47 120) 297 (48 77) 396 (48 86) 297 (48 100) 396 (49 71) 198 (49 78) 198 (49 91) 198 (49 106) 297 (50 56) 396 (50 97) 297 (51 63) 99 (51 70) 198 (51 74) 99 (53 56) 297 (53 59) 297 (54 68) 198 (55 91) 297 (56 63) 198 (56 64) 297 (56 79) 198 (56 82) 396 (56 83) 99 (56 100) 99 (56 118) 198 (57 102) 99 (57 111) 198 (59 64) 198 (59 69) 198 (59 79) 198 (59 106) 396 (59 120) 99 (60 99) 396 (60 112) 198 (60 120) 297 (61 106) 396 (61 119) 297 (62 82) 198 (62 107) 198 (63 75) 396 (63 78) 99 (63 98) 297 (63 102) 396 (64 87) 396 (64 93) 297 (65 71) 396 (65 75) 396 (65 116) 198 (66 67) 99 (66 93) 297 (66 94) 99 (66 115) 99 (67 82) 198 (67 89) 396 (67 106) 396 (67 111) 198 (68 69) 99 (68 85) 297 (68 98) 297 (68 101) 198 (69 76) 99 (69 91) 99 (69 103) 198 (69 114) 297 (70 107) 297 (70 109) 396 (70 117) 396 (71 84) 297 (72 99) 198 (72 118) 99 (73 111) 396 (74 100) 297 (75 96) 297 (75 99) 396 (75 104) 99 (76 77) 99 (76 94) 396 (76 103) 198 (76 104) 198 (78 89) 297 (78 99) 198 (79 105) 198 (81 99) 99 (82 87) 297 (82 105) 396 (82 113) 198 (82 119) 99 (83 86) 99 (83 106) 198 (83 117) 99 (84 88) 396 (84 98) 396 (84 120) 396 (85 107) 99 (85 108) 297 (86 105) 99 (87 97) 297 (87 101) 198 (87 114) 99 (89 115) 297 (89 116) 99 (89 119) 198 (89 120) 198 (92 93) 198 (97 103) 396 (98 99) 198 (100 118) 99 (101 120) 198 (110 111) 198 (111 117) 198 (112 115) 396 (114 120) 99 ]

ImmediatePredecessorsToActivity: [
[ ]
[ 1 ]
[ 1 ]
[ 1 ]
[ 3 ]
[ 5 ]
[ 5 ]
[ 1 ]
[ 2 8 ]
[ 5 9 ]
[ 2 4 ]
[ 3 ]
[ 9 12 ]
[ 11 ]
[ 1 ]
[ 13 ]
[ 9 ]
[ 9 12 ]
[ 1 ]
[ 9 ]
[ 2 8 12 ]
[ 18 ]
[ 2 ]
[ 11 13 15 19 20 21 ]
[ 8 11 12 ]
[ 5 9 12 15 19 ]
[ 3 8 23 ]
[ 5 19 20 25 ]
[ 2 4 5 19 ]
[ 9 23 ]
]

ActivitiesInProject: [
[ 1 2 3 4 5 6 7 8 9 10 11 12 13 14 15 16 17 18 19 20 21 22 23 24 25 26 27 28 29 30 ]
]

nActivityModes: [ 2 2 2 2 2 2 2 2 2 2 2 2 2 2 2 2 2 2 2 2 2 2 2 2 2 2 2 2 2 2 ]

ActivitiyDurationWithMode: [
1	1	
27	18	
11	8	
16	11	
48	32	
9	6	
7	5	
12	8	
13	9	
9	6	
27	18	
16	11	
18	12	
11	8	
28	19	
11	8	
21	14	
21	14	
58	39	
21	14	
18	12	
8	6	
18	12	
11	8	
9	6	
13	9	
18	12	
8	6	
13	9	
16	11	
]
StintsInProject: [
[ 1 2 3 4 5 6 7 8 9 10 11 ]
]

WorkingStintsOnDay: [
[ 1 ]
[ 1 ]
[ 1 ]
[ 1 ]
[ 1 ]
[ 1 ]
[ 1 ]
[ 1 ]
[ 1 ]
[ 1 ]
[ 1 ]
[ 1 ]
[ ]
[ ]
[ 2 ]
[ 2 ]
[ 2 ]
[ 2 ]
[ 2 ]
[ 2 ]
[ 2 ]
[ 2 ]
[ 2 ]
[ 2 ]
[ 2 ]
[ 2 ]
[ ]
[ ]
[ 3 ]
[ 3 ]
[ 3 ]
[ 3 ]
[ 3 ]
[ 3 ]
[ 3 ]
[ 3 ]
[ 3 ]
[ 3 ]
[ 3 ]
[ 3 ]
[ ]
[ ]
[ 4 ]
[ 4 ]
[ 4 ]
[ 4 ]
[ 4 ]
[ 4 ]
[ 4 ]
[ 4 ]
[ 4 ]
[ 4 ]
[ 4 ]
[ 4 ]
[ ]
[ ]
[ 5 ]
[ 5 ]
[ 5 ]
[ 5 ]
[ 5 ]
[ 5 ]
[ 5 ]
[ 5 ]
[ 5 ]
[ 5 ]
[ 5 ]
[ 5 ]
[ ]
[ ]
[ 6 ]
[ 6 ]
[ 6 ]
[ 6 ]
[ 6 ]
[ 6 ]
[ 6 ]
[ 6 ]
[ 6 ]
[ 6 ]
[ 6 ]
[ 6 ]
[ ]
[ ]
[ 7 ]
[ 7 ]
[ 7 ]
[ 7 ]
[ 7 ]
[ 7 ]
[ 7 ]
[ 7 ]
[ 7 ]
[ 7 ]
[ 7 ]
[ 7 ]
[ ]
[ ]
[ 8 ]
[ 8 ]
[ 8 ]
[ 8 ]
[ 8 ]
[ 8 ]
[ 8 ]
[ 8 ]
[ 8 ]
[ 8 ]
[ 8 ]
[ 8 ]
[ ]
[ ]
[ 9 ]
[ 9 ]
[ 9 ]
[ 9 ]
[ 9 ]
[ 9 ]
[ 9 ]
[ 9 ]
[ 9 ]
[ 9 ]
[ 9 ]
[ 9 ]
[ ]
[ ]
[ 10 ]
[ 10 ]
[ 10 ]
[ 10 ]
[ 10 ]
[ 10 ]
[ 10 ]
[ 10 ]
[ 10 ]
[ 10 ]
[ 10 ]
[ 10 ]
[ ]
[ ]
[ 11 ]
[ 11 ]
[ 11 ]
[ 11 ]
[ 11 ]
[ 11 ]
[ 11 ]
[ 11 ]
[ 11 ]
[ 11 ]
]

ProjectStart: [ 38 ]

ProjectEnd: [ 124 ]

EarliestStartDayForActivity: [ 1 38 38 38 51 107 107 38 69 107 69 51 86 102 38 106 86 86 38 86 69 109 69 109 102 107 91 111 107 91 ]

LatestStartDayForActivity: [ 1 124 124 124 124 124 124 124 124 124 124 124 124 124 124 124 124 124 124 124 124 124 124 124 124 124 124 124 124 124 ]

EquipmentTypeDemandInActivityWithMode: [
0	1	
1	3	
5	9	
1	3	
2	4	
2	4	
2	4	
2	4	
0	1	
1	3	
0	1	
2	4	
0	1	
1	3	
2	4	
0	1	
2	4	
0	1	
3	6	
1	3	
2	4	
3	6	
1	3	
1	3	
2	4	
2	4	
0	1	
2	4	
2	4	
0	1	

0	1	
1	3	
3	6	
2	4	
2	4	
1	3	
0	1	
0	1	
1	3	
1	3	
0	1	
3	6	
1	3	
1	3	
1	3	
0	1	
1	3	
2	4	
4	7	
0	1	
3	6	
0	1	
1	3	
4	7	
3	6	
2	4	
2	4	
0	1	
0	1	
0	1	

0	1	
0	1	
0	1	
0	1	
0	1	
0	1	
0	1	
0	1	
0	1	
0	1	
0	1	
0	1	
0	1	
0	1	
0	1	
0	1	
0	1	
0	1	
0	1	
0	1	
0	1	
0	1	
0	1	
0	1	
0	1	
0	1	
0	1	
0	1	
0	1	
0	1	

0	1	
1	3	
3	6	
1	3	
0	1	
3	6	
0	1	
0	1	
1	3	
2	4	
0	1	
1	3	
0	1	
0	1	
1	3	
2	4	
0	1	
3	6	
0	1	
3	6	
0	1	
1	3	
1	3	
1	3	
0	1	
2	4	
0	1	
2	4	
3	6	
2	4	

0	1	
2	4	
0	1	
0	1	
0	1	
1	3	
0	1	
1	3	
2	4	
1	3	
2	4	
1	3	
1	3	
1	3	
2	4	
1	3	
1	3	
1	3	
1	3	
0	1	
2	4	
0	1	
1	3	
0	1	
1	3	
0	1	
0	1	
1	3	
2	4	
3	6	

]

ExternalEquipmentRentingCost: [
3728	1286	1939	3081	4349	4336	5286	5678	1353	5025	3493	3042	4019	2081	3154	1857	5389	3626	2951	3087	1651	1562	2798	5081	2771	2199	3188	2662	1844	2613	
3111	3447	5307	5226	4457	5796	5201	1136	2112	2238	5665	3094	2106	5179	1207	4142	4404	4055	2806	4289	1826	4061	3340	4148	3943	4500	4767	4211	4898	1563	
3239	2120	2658	2290	5625	3066	5361	5794	4983	1229	4601	2526	3937	1050	5402	5368	5415	3430	5727	3085	2289	1203	3516	3118	5426	4424	2944	5880	4719	4956	
2835	2105	5457	2776	2342	5436	4109	1193	5328	5078	3434	5092	3141	5181	2806	2337	1181	1493	5038	2436	3051	2890	4225	3175	5877	5961	4283	3192	1031	5854	
4561	5886	2261	5238	4326	5848	2542	2874	2273	5859	5624	3474	5335	4227	3722	3019	1709	1901	3382	3299	4461	1945	1896	3508	5109	4777	5515	1188	4806	4686	
]

EquipmentTypeTransportationCost: [
1	

1	

0	

1	

1	

]

TransportationTimeForEquipmentTypeBetweenProjects: [
1	

1	

0	

1	

1	

]

TotalNumberOfInitialEquipmentTypeLocation: [
(1 1) 7 
(2 1) 10 

(4 1) 8 
(5 1) 5 
]

DepotActivities: [ 1 ]

MaximalStintCliques: [
[ 2 1 ]
[ 2 3 ]
[ 4 3 ]
[ 4 5 ]
[ 5 6 ]
[ 6 7 ]
[ 7 8 ]
[ 8 9 ]
[ 9 10 ]
[ 10 11 ]
]
