nEmployees: 120
nSkills: 6
nProjects: 1
nDays: 150
nActivities: 16
nEquipmentTypes: 4
nStints: 22
nMaxModes: 3
nStintCliques: 0

EmployeeInStintCost: [
11242 11242 11242 11242 11242 11242 11242 11242 11242 11242 11242 11242 11242 11242 11242 11242 11242 11242 11242 11242 11242 6278 
12510 12510 12510 12510 12510 12510 12510 12510 12510 12510 12510 12510 12510 12510 12510 12510 12510 12510 12510 12510 12510 7426 
17254 17254 17254 17254 17254 17254 17254 17254 17254 17254 17254 17254 17254 17254 17254 17254 17254 17254 17254 17254 17254 12458 
11710 11710 11710 11710 11710 11710 11710 11710 11710 11710 11710 11710 11710 11710 11710 11710 11710 11710 11710 11710 11710 6818 
3600 3600 3600 3600 3600 3600 3600 3600 3600 3600 3600 3600 3600 3600 3600 3600 3600 3600 3600 3600 3600 1200 
12746 12746 12746 12746 12746 12746 12746 12746 12746 12746 12746 12746 12746 12746 12746 12746 12746 12746 12746 12746 12746 8022 
14694 14694 14694 14694 14694 14694 14694 14694 14694 14694 14694 14694 14694 14694 14694 14694 14694 14694 14694 14694 14694 9994 
11890 11890 11890 11890 11890 11890 11890 11890 11890 11890 11890 11890 11890 11890 11890 11890 11890 11890 11890 11890 11890 6878 
15306 15306 15306 15306 15306 15306 15306 15306 15306 15306 15306 15306 15306 15306 15306 15306 15306 15306 15306 15306 15306 10246 
15018 15018 15018 15018 15018 15018 15018 15018 15018 15018 15018 15018 15018 15018 15018 15018 15018 15018 15018 15018 15018 10102 
15162 15162 15162 15162 15162 15162 15162 15162 15162 15162 15162 15162 15162 15162 15162 15162 15162 15162 15162 15162 15162 10198 
16490 16490 16490 16490 16490 16490 16490 16490 16490 16490 16490 16490 16490 16490 16490 16490 16490 16490 16490 16490 16490 11766 
12258 12258 12258 12258 12258 12258 12258 12258 12258 12258 12258 12258 12258 12258 12258 12258 12258 12258 12258 12258 12258 7342 
12478 12478 12478 12478 12478 12478 12478 12478 12478 12478 12478 12478 12478 12478 12478 12478 12478 12478 12478 12478 12478 7538 
16950 16950 16950 16950 16950 16950 16950 16950 16950 16950 16950 16950 16950 16950 16950 16950 16950 16950 16950 16950 16950 12202 
17066 17066 17066 17066 17066 17066 17066 17066 17066 17066 17066 17066 17066 17066 17066 17066 17066 17066 17066 17066 17066 11958 
11806 11806 11806 11806 11806 11806 11806 11806 11806 11806 11806 11806 11806 11806 11806 11806 11806 11806 11806 11806 11806 6962 
16058 16058 16058 16058 16058 16058 16058 16058 16058 16058 16058 16058 16058 16058 16058 16058 16058 16058 16058 16058 16058 10902 
16650 16650 16650 16650 16650 16650 16650 16650 16650 16650 16650 16650 16650 16650 16650 16650 16650 16650 16650 16650 16650 11734 
11806 11806 11806 11806 11806 11806 11806 11806 11806 11806 11806 11806 11806 11806 11806 11806 11806 11806 11806 11806 11806 6962 
11934 11934 11934 11934 11934 11934 11934 11934 11934 11934 11934 11934 11934 11934 11934 11934 11934 11934 11934 11934 11934 7234 
14582 14582 14582 14582 14582 14582 14582 14582 14582 14582 14582 14582 14582 14582 14582 14582 14582 14582 14582 14582 14582 9594 
17650 17650 17650 17650 17650 17650 17650 17650 17650 17650 17650 17650 17650 17650 17650 17650 17650 17650 17650 17650 17650 12590 
11534 11534 11534 11534 11534 11534 11534 11534 11534 11534 11534 11534 11534 11534 11534 11534 11534 11534 11534 11534 11534 6546 
15734 15734 15734 15734 15734 15734 15734 15734 15734 15734 15734 15734 15734 15734 15734 15734 15734 15734 15734 15734 15734 10794 
14750 14750 14750 14750 14750 14750 14750 14750 14750 14750 14750 14750 14750 14750 14750 14750 14750 14750 14750 14750 14750 10002 
13542 13542 13542 13542 13542 13542 13542 13542 13542 13542 13542 13542 13542 13542 13542 13542 13542 13542 13542 13542 13542 8458 
12130 12130 12130 12130 12130 12130 12130 12130 12130 12130 12130 12130 12130 12130 12130 12130 12130 12130 12130 12130 12130 7070 
15482 15482 15482 15482 15482 15482 15482 15482 15482 15482 15482 15482 15482 15482 15482 15482 15482 15482 15482 15482 15482 10710 
15306 15306 15306 15306 15306 15306 15306 15306 15306 15306 15306 15306 15306 15306 15306 15306 15306 15306 15306 15306 15306 10198 
11662 11662 11662 11662 11662 11662 11662 11662 11662 11662 11662 11662 11662 11662 11662 11662 11662 11662 11662 11662 11662 6914 
14750 14750 14750 14750 14750 14750 14750 14750 14750 14750 14750 14750 14750 14750 14750 14750 14750 14750 14750 14750 14750 10002 
13290 13290 13290 13290 13290 13290 13290 13290 13290 13290 13290 13290 13290 13290 13290 13290 13290 13290 13290 13290 13290 8374 
15398 15398 15398 15398 15398 15398 15398 15398 15398 15398 15398 15398 15398 15398 15398 15398 15398 15398 15398 15398 15398 10218 
11822 11822 11822 11822 11822 11822 11822 11822 11822 11822 11822 11822 11822 11822 11822 11822 11822 11822 11822 11822 11822 6642 
14222 14222 14222 14222 14222 14222 14222 14222 14222 14222 14222 14222 14222 14222 14222 14222 14222 14222 14222 14222 14222 9474 
4284 4284 4284 4284 4284 4284 4284 4284 4284 4284 4284 4284 4284 4284 4284 4284 4284 4284 4284 4284 4284 1428 
11998 11998 11998 11998 11998 11998 11998 11998 11998 11998 11998 11998 11998 11998 11998 11998 11998 11998 11998 11998 11998 6914 
11766 11766 11766 11766 11766 11766 11766 11766 11766 11766 11766 11766 11766 11766 11766 11766 11766 11766 11766 11766 11766 6922 
12034 12034 12034 12034 12034 12034 12034 12034 12034 12034 12034 12034 12034 12034 12034 12034 12034 12034 12034 12034 12034 6926 
14294 14294 14294 14294 14294 14294 14294 14294 14294 14294 14294 14294 14294 14294 14294 14294 14294 14294 14294 14294 14294 9498 
15342 15342 15342 15342 15342 15342 15342 15342 15342 15342 15342 15342 15342 15342 15342 15342 15342 15342 15342 15342 15342 10210 
12550 12550 12550 12550 12550 12550 12550 12550 12550 12550 12550 12550 12550 12550 12550 12550 12550 12550 12550 12550 12550 7562 
14686 14686 14686 14686 14686 14686 14686 14686 14686 14686 14686 14686 14686 14686 14686 14686 14686 14686 14686 14686 14686 10034 
3672 3672 3672 3672 3672 3672 3672 3672 3672 3672 3672 3672 3672 3672 3672 3672 3672 3672 3672 3672 3672 1224 
11570 11570 11570 11570 11570 11570 11570 11570 11570 11570 11570 11570 11570 11570 11570 11570 11570 11570 11570 11570 11570 6558 
16022 16022 16022 16022 16022 16022 16022 16022 16022 16022 16022 16022 16022 16022 16022 16022 16022 16022 16022 16022 16022 10890 
12114 12114 12114 12114 12114 12114 12114 12114 12114 12114 12114 12114 12114 12114 12114 12114 12114 12114 12114 12114 12114 7294 
15446 15446 15446 15446 15446 15446 15446 15446 15446 15446 15446 15446 15446 15446 15446 15446 15446 15446 15446 15446 15446 10698 
15334 15334 15334 15334 15334 15334 15334 15334 15334 15334 15334 15334 15334 15334 15334 15334 15334 15334 15334 15334 15334 10250 
17094 17094 17094 17094 17094 17094 17094 17094 17094 17094 17094 17094 17094 17094 17094 17094 17094 17094 17094 17094 17094 12250 
16886 16886 16886 16886 16886 16886 16886 16886 16886 16886 16886 16886 16886 16886 16886 16886 16886 16886 16886 16886 16886 11898 
16562 16562 16562 16562 16562 16562 16562 16562 16562 16562 16562 16562 16562 16562 16562 16562 16562 16562 16562 16562 16562 11790 
14974 14974 14974 14974 14974 14974 14974 14974 14974 14974 14974 14974 14974 14974 14974 14974 14974 14974 14974 14974 14974 10130 
10954 10954 10954 10954 10954 10954 10954 10954 10954 10954 10954 10954 10954 10954 10954 10954 10954 10954 10954 10954 10954 6182 
15486 15486 15486 15486 15486 15486 15486 15486 15486 15486 15486 15486 15486 15486 15486 15486 15486 15486 15486 15486 15486 10306 
12142 12142 12142 12142 12142 12142 12142 12142 12142 12142 12142 12142 12142 12142 12142 12142 12142 12142 12142 12142 12142 6962 
14870 14870 14870 14870 14870 14870 14870 14870 14870 14870 14870 14870 14870 14870 14870 14870 14870 14870 14870 14870 14870 9690 
11802 11802 11802 11802 11802 11802 11802 11802 11802 11802 11802 11802 11802 11802 11802 11802 11802 11802 11802 11802 11802 6934 
12018 12018 12018 12018 12018 12018 12018 12018 12018 12018 12018 12018 12018 12018 12018 12018 12018 12018 12018 12018 12018 7006 
17938 17938 17938 17938 17938 17938 17938 17938 17938 17938 17938 17938 17938 17938 17938 17938 17938 17938 17938 17938 17938 12686 
13686 13686 13686 13686 13686 13686 13686 13686 13686 13686 13686 13686 13686 13686 13686 13686 13686 13686 13686 13686 13686 8506 
12618 12618 12618 12618 12618 12618 12618 12618 12618 12618 12618 12618 12618 12618 12618 12618 12618 12618 12618 12618 12618 7462 
15198 15198 15198 15198 15198 15198 15198 15198 15198 15198 15198 15198 15198 15198 15198 15198 15198 15198 15198 15198 15198 10210 
14802 14802 14802 14802 14802 14802 14802 14802 14802 14802 14802 14802 14802 14802 14802 14802 14802 14802 14802 14802 14802 10078 
14910 14910 14910 14910 14910 14910 14910 14910 14910 14910 14910 14910 14910 14910 14910 14910 14910 14910 14910 14910 14910 10066 
15374 15374 15374 15374 15374 15374 15374 15374 15374 15374 15374 15374 15374 15374 15374 15374 15374 15374 15374 15374 15374 10674 
11530 11530 11530 11530 11530 11530 11530 11530 11530 11530 11530 11530 11530 11530 11530 11530 11530 11530 11530 11530 11530 6374 
11914 11914 11914 11914 11914 11914 11914 11914 11914 11914 11914 11914 11914 11914 11914 11914 11914 11914 11914 11914 11914 6998 
11386 11386 11386 11386 11386 11386 11386 11386 11386 11386 11386 11386 11386 11386 11386 11386 11386 11386 11386 11386 11386 6326 
12874 12874 12874 12874 12874 12874 12874 12874 12874 12874 12874 12874 12874 12874 12874 12874 12874 12874 12874 12874 12874 7670 
11462 11462 11462 11462 11462 11462 11462 11462 11462 11462 11462 11462 11462 11462 11462 11462 11462 11462 11462 11462 11462 6522 
4032 4032 4032 4032 4032 4032 4032 4032 4032 4032 4032 4032 4032 4032 4032 4032 4032 4032 4032 4032 4032 1344 
14822 14822 14822 14822 14822 14822 14822 14822 14822 14822 14822 14822 14822 14822 14822 14822 14822 14822 14822 14822 14822 10026 
13162 13162 13162 13162 13162 13162 13162 13162 13162 13162 13162 13162 13162 13162 13162 13162 13162 13162 13162 13162 13162 7766 
17686 17686 17686 17686 17686 17686 17686 17686 17686 17686 17686 17686 17686 17686 17686 17686 17686 17686 17686 17686 17686 12602 
14618 14618 14618 14618 14618 14618 14618 14618 14618 14618 14618 14618 14618 14618 14618 14618 14618 14618 14618 14618 14618 9606 
17058 17058 17058 17058 17058 17058 17058 17058 17058 17058 17058 17058 17058 17058 17058 17058 17058 17058 17058 17058 17058 12238 
3996 3996 3996 3996 3996 3996 3996 3996 3996 3996 3996 3996 3996 3996 3996 3996 3996 3996 3996 3996 3996 1332 
11678 11678 11678 11678 11678 11678 11678 11678 11678 11678 11678 11678 11678 11678 11678 11678 11678 11678 11678 11678 11678 6594 
17526 17526 17526 17526 17526 17526 17526 17526 17526 17526 17526 17526 17526 17526 17526 17526 17526 17526 17526 17526 17526 12394 
12294 12294 12294 12294 12294 12294 12294 12294 12294 12294 12294 12294 12294 12294 12294 12294 12294 12294 12294 12294 12294 7354 
13326 13326 13326 13326 13326 13326 13326 13326 13326 13326 13326 13326 13326 13326 13326 13326 13326 13326 13326 13326 13326 8386 
17210 17210 17210 17210 17210 17210 17210 17210 17210 17210 17210 17210 17210 17210 17210 17210 17210 17210 17210 17210 17210 12006 
15486 15486 15486 15486 15486 15486 15486 15486 15486 15486 15486 15486 15486 15486 15486 15486 15486 15486 15486 15486 15486 10258 
10954 10954 10954 10954 10954 10954 10954 10954 10954 10954 10954 10954 10954 10954 10954 10954 10954 10954 10954 10954 10954 6182 
3960 3960 3960 3960 3960 3960 3960 3960 3960 3960 3960 3960 3960 3960 3960 3960 3960 3960 3960 3960 3960 1320 
11426 11426 11426 11426 11426 11426 11426 11426 11426 11426 11426 11426 11426 11426 11426 11426 11426 11426 11426 11426 11426 6510 
16562 16562 16562 16562 16562 16562 16562 16562 16562 16562 16562 16562 16562 16562 16562 16562 16562 16562 16562 16562 16562 11790 
4140 4140 4140 4140 4140 4140 4140 4140 4140 4140 4140 4140 4140 4140 4140 4140 4140 4140 4140 4140 4140 1380 
15234 15234 15234 15234 15234 15234 15234 15234 15234 15234 15234 15234 15234 15234 15234 15234 15234 15234 15234 15234 15234 10222 
17686 17686 17686 17686 17686 17686 17686 17686 17686 17686 17686 17686 17686 17686 17686 17686 17686 17686 17686 17686 17686 12602 
17598 17598 17598 17598 17598 17598 17598 17598 17598 17598 17598 17598 17598 17598 17598 17598 17598 17598 17598 17598 17598 12418 
14730 14730 14730 14730 14730 14730 14730 14730 14730 14730 14730 14730 14730 14730 14730 14730 14730 14730 14730 14730 14730 10006 
12306 12306 12306 12306 12306 12306 12306 12306 12306 12306 12306 12306 12306 12306 12306 12306 12306 12306 12306 12306 12306 7102 
13034 13034 13034 13034 13034 13034 13034 13034 13034 13034 13034 13034 13034 13034 13034 13034 13034 13034 13034 13034 13034 8118 
14258 14258 14258 14258 14258 14258 14258 14258 14258 14258 14258 14258 14258 14258 14258 14258 14258 14258 14258 14258 14258 9486 
15126 15126 15126 15126 15126 15126 15126 15126 15126 15126 15126 15126 15126 15126 15126 15126 15126 15126 15126 15126 15126 10138 
16866 16866 16866 16866 16866 16866 16866 16866 16866 16866 16866 16866 16866 16866 16866 16866 16866 16866 16866 16866 16866 11806 
11206 11206 11206 11206 11206 11206 11206 11206 11206 11206 11206 11206 11206 11206 11206 11206 11206 11206 11206 11206 11206 6266 
16598 16598 16598 16598 16598 16598 16598 16598 16598 16598 16598 16598 16598 16598 16598 16598 16598 16598 16598 16598 16598 11802 
16758 16758 16758 16758 16758 16758 16758 16758 16758 16758 16758 16758 16758 16758 16758 16758 16758 16758 16758 16758 16758 11770 
12034 12034 12034 12034 12034 12034 12034 12034 12034 12034 12034 12034 12034 12034 12034 12034 12034 12034 12034 12034 12034 6926 
12298 12298 12298 12298 12298 12298 12298 12298 12298 12298 12298 12298 12298 12298 12298 12298 12298 12298 12298 12298 12298 7478 
16914 16914 16914 16914 16914 16914 16914 16914 16914 16914 16914 16914 16914 16914 16914 16914 16914 16914 16914 16914 16914 12190 
11838 11838 11838 11838 11838 11838 11838 11838 11838 11838 11838 11838 11838 11838 11838 11838 11838 11838 11838 11838 11838 6946 
16778 16778 16778 16778 16778 16778 16778 16778 16778 16778 16778 16778 16778 16778 16778 16778 16778 16778 16778 16778 16778 11862 
12294 12294 12294 12294 12294 12294 12294 12294 12294 12294 12294 12294 12294 12294 12294 12294 12294 12294 12294 12294 12294 7354 
3780 3780 3780 3780 3780 3780 3780 3780 3780 3780 3780 3780 3780 3780 3780 3780 3780 3780 3780 3780 3780 1260 
15014 15014 15014 15014 15014 15014 15014 15014 15014 15014 15014 15014 15014 15014 15014 15014 15014 15014 15014 15014 15014 9738 
14366 14366 14366 14366 14366 14366 14366 14366 14366 14366 14366 14366 14366 14366 14366 14366 14366 14366 14366 14366 14366 9522 
11914 11914 11914 11914 11914 11914 11914 11914 11914 11914 11914 11914 11914 11914 11914 11914 11914 11914 11914 11914 11914 6998 
12546 12546 12546 12546 12546 12546 12546 12546 12546 12546 12546 12546 12546 12546 12546 12546 12546 12546 12546 12546 12546 7438 
15090 15090 15090 15090 15090 15090 15090 15090 15090 15090 15090 15090 15090 15090 15090 15090 15090 15090 15090 15090 15090 10126 
16542 16542 16542 16542 16542 16542 16542 16542 16542 16542 16542 16542 16542 16542 16542 16542 16542 16542 16542 16542 16542 11698 
14874 14874 14874 14874 14874 14874 14874 14874 14874 14874 14874 14874 14874 14874 14874 14874 14874 14874 14874 14874 14874 10054 
11970 11970 11970 11970 11970 11970 11970 11970 11970 11970 11970 11970 11970 11970 11970 11970 11970 11970 11970 11970 11970 7246 
12226 12226 12226 12226 12226 12226 12226 12226 12226 12226 12226 12226 12226 12226 12226 12226 12226 12226 12226 12226 12226 7454 
17130 17130 17130 17130 17130 17130 17130 17130 17130 17130 17130 17130 17130 17130 17130 17130 17130 17130 17130 17130 17130 12262 
12222 12222 12222 12222 12222 12222 12222 12222 12222 12222 12222 12222 12222 12222 12222 12222 12222 12222 12222 12222 12222 7330 
]

ExternalWorkerWithSkillOnStintCost: [
17460 17310 14490 14940 16290 12360 17400 14550 12960 16290 14160 16020 14580 13020 17070 13980 16410 13680 15450 14460 15660 10584 
16800 17550 14070 14070 14280 14970 16230 12720 12630 17640 16230 15240 14010 14310 17790 16830 13470 15630 17310 12960 15510 9594 
16530 12270 12840 15000 13710 14880 12120 16170 13110 17730 15720 17010 13890 12480 17370 15000 16080 14610 13020 14430 15000 7452 
16560 16020 12180 12030 14250 15030 13440 13380 13380 12510 15450 12060 17760 13230 16530 15900 15690 15720 14520 12840 13410 9324 
15270 16830 13380 14400 15210 15900 13500 14370 13500 14670 12660 16650 16260 15900 16050 13290 13140 16380 12930 13980 13020 7884 
14370 17400 15480 15450 15120 14880 17970 14130 15300 13590 14430 14280 17730 13440 13140 12390 16980 14700 16020 16920 13710 9774 
]

OverlappingStints: [
[ ]
[ ]
[ ]
[ ]
[ ]
[ ]
[ ]
[ ]
[ ]
[ ]
[ ]
[ ]
[ ]
[ ]
[ ]
[ ]
[ ]
[ ]
[ ]
[ ]
[ ]
[ ]
]

EmployeesWithSkill: [
[ 1 2 3 4 5 6 7 8 9 10 11 12 13 14 15 16 17 18 19 20 21 22 23 24 25 26 27 28 29 30 31 32 33 34 35 36 37 38 39 40 41 42 43 44 45 46 47 48 49 50 51 52 53 54 55 56 57 58 59 60 61 62 63 64 65 66 67 68 69 70 71 72 73 74 75 76 77 78 79 80 81 82 83 84 85 86 87 88 89 90 91 92 93 94 95 96 97 98 99 100 101 102 103 104 105 106 107 108 109 110 111 112 113 114 115 116 117 118 119 120 ]
[ 1 2 3 14 29 37 39 43 51 54 66 68 69 70 75 82 85 89 93 110 112 116 119 ]
[ 13 14 16 23 24 28 30 35 47 49 53 56 57 63 75 82 83 88 90 91 95 104 107 110 117 120 ]
[ 3 4 9 10 16 17 20 25 30 31 39 41 48 50 52 54 55 58 60 61 68 69 71 73 74 75 78 82 84 90 91 94 99 102 107 110 112 114 115 118 120 ]
[ 1 4 7 8 12 13 15 18 22 23 24 29 30 33 34 36 37 38 40 41 42 43 45 46 47 48 52 56 57 58 60 61 62 64 66 67 70 71 73 74 75 77 79 82 85 86 88 90 92 95 97 99 102 103 104 107 110 113 116 118 ]
[ 8 69 81 84 85 88 95 ]
]

SkillDemandInActivityWithMode: [
0	0	0	
7	12	5	
35	54	24	
23	36	16	
52	79	35	
9	15	6	
41	63	28	
21	33	14	
16	25	11	
41	63	28	
16	25	11	
30	46	20	
52	79	35	
14	22	10	
35	54	24	
41	63	28	

0	0	0	
1	3	1	
6	10	4	
4	7	3	
10	16	7	
1	3	1	
8	13	6	
4	7	3	
3	6	2	
8	13	6	
3	6	2	
5	9	4	
10	16	7	
2	4	2	
6	10	4	
7	12	5	

0	0	0	
1	3	1	
7	12	5	
5	9	4	
11	18	8	
1	3	1	
9	15	6	
4	7	3	
3	6	2	
9	15	6	
3	6	2	
6	10	4	
11	18	8	
2	4	2	
7	12	5	
8	13	6	

0	0	0	
2	4	2	
11	18	8	
7	12	5	
17	27	12	
3	6	2	
14	22	10	
7	12	5	
5	9	4	
14	22	10	
5	9	4	
10	16	7	
17	27	12	
4	7	3	
11	18	8	
14	22	10	

0	0	0	
3	6	2	
17	27	12	
11	18	8	
25	39	17	
4	7	3	
20	31	14	
10	16	7	
7	12	5	
20	31	14	
7	12	5	
14	22	10	
25	39	17	
6	10	4	
17	27	12	
20	31	14	

0	0	0	
0	1	0	
2	4	2	
1	3	1	
3	6	2	
0	1	0	
2	4	2	
1	3	1	
0	1	0	
2	4	2	
0	1	0	
1	3	1	
3	6	2	
0	1	0	
2	4	2	
2	4	2	

]

EmployeeAvailability: [
1 1 1 1 1 1 1 1 1 1 1 1 1 1 1 0 1 1 1 1 1 1 
1 1 1 1 1 1 1 1 1 1 1 1 1 1 1 1 1 0 1 1 0 1 
1 1 1 1 0 1 1 1 1 1 1 1 1 1 1 1 1 1 1 1 1 1 
1 1 1 1 1 0 1 1 1 1 1 1 1 1 1 1 1 1 1 1 1 1 
1 1 1 1 1 1 1 1 1 1 1 1 1 1 1 1 1 1 1 1 1 1 
1 1 1 1 1 1 1 1 1 1 1 1 1 1 1 1 1 1 1 1 1 1 
1 1 1 1 1 1 1 1 1 1 0 1 1 1 0 1 1 1 1 1 1 1 
1 1 1 1 1 1 1 1 1 1 1 1 1 1 1 1 1 1 1 1 1 1 
1 1 1 1 1 1 1 1 1 1 1 1 1 1 1 1 1 0 1 1 1 1 
1 1 1 1 1 1 1 1 1 1 1 1 1 1 1 1 1 1 0 1 1 1 
1 1 1 1 1 1 1 1 1 1 1 1 1 1 1 1 1 1 1 1 1 1 
1 1 1 1 1 1 1 1 1 1 1 1 1 1 1 1 1 1 1 1 1 1 
1 1 1 0 1 1 1 0 1 1 1 1 1 1 1 1 1 1 1 1 1 1 
1 1 1 1 1 1 1 1 1 1 1 1 1 1 1 1 1 1 0 1 1 1 
1 1 1 1 1 1 1 1 1 1 0 1 1 1 1 1 1 1 1 1 1 1 
1 1 1 1 1 1 1 1 1 1 1 1 1 1 1 1 1 1 1 1 1 1 
1 0 1 1 1 1 1 1 1 1 1 1 1 1 1 1 1 1 1 1 1 1 
1 1 1 1 1 1 1 1 1 1 1 1 1 1 0 1 1 1 1 1 0 1 
1 1 1 1 1 0 1 1 1 1 1 1 1 1 1 1 1 1 1 1 1 1 
1 1 1 1 1 1 1 1 1 1 1 1 1 1 1 1 1 0 1 1 0 1 
1 1 1 1 1 1 1 1 1 1 1 1 1 1 1 1 1 1 1 1 1 1 
1 1 1 1 1 0 1 1 1 1 1 1 1 1 1 1 1 1 1 1 1 1 
1 1 1 1 1 1 1 1 1 1 1 1 1 1 1 1 1 1 1 1 1 1 
1 1 1 1 0 1 0 1 1 1 1 1 1 1 1 1 1 1 1 1 1 1 
1 1 1 1 1 1 1 1 1 1 0 1 1 1 1 1 1 1 1 1 1 1 
1 1 1 1 1 1 1 1 1 1 1 0 1 1 1 1 1 1 1 1 1 1 
1 1 1 1 1 1 1 1 1 1 1 1 1 1 1 1 1 1 1 1 0 1 
1 1 1 1 1 1 0 1 1 1 1 1 1 1 1 1 1 1 1 1 1 1 
1 1 1 1 1 1 1 1 1 1 0 1 1 1 1 1 1 1 1 1 1 1 
1 1 0 1 1 1 1 1 1 1 1 1 1 1 1 1 1 1 1 1 1 1 
1 1 1 0 1 1 1 1 1 1 1 1 1 1 1 1 1 1 0 1 1 1 
1 1 1 1 0 1 1 1 1 1 1 1 0 1 1 1 1 1 1 1 1 1 
1 1 1 1 1 1 1 1 1 1 1 1 1 1 1 1 1 1 1 1 1 1 
1 1 1 1 1 1 1 1 1 1 1 1 1 0 1 1 1 1 0 1 1 1 
1 0 1 1 1 1 1 1 1 1 1 1 1 1 1 1 1 1 0 1 1 1 
1 1 1 1 1 1 1 1 1 1 1 1 1 1 1 1 1 1 1 1 1 1 
1 1 1 0 1 0 0 1 1 1 1 1 1 1 1 1 1 1 1 1 1 1 
0 1 1 1 1 1 1 1 1 1 1 1 1 1 1 1 1 1 0 1 1 1 
1 1 1 1 1 1 1 0 1 1 1 1 1 1 1 1 1 1 1 1 1 1 
1 1 1 0 1 1 1 1 1 1 1 1 1 1 1 1 1 1 1 1 1 1 
1 1 1 1 1 1 1 1 1 1 1 1 1 1 0 1 1 1 1 1 1 1 
1 1 1 1 1 1 1 1 1 1 0 1 1 1 1 1 1 1 1 1 1 1 
1 1 1 1 1 1 1 1 1 1 1 1 1 1 1 1 1 1 1 1 1 1 
1 1 1 1 1 1 1 1 1 1 1 1 1 1 1 1 1 1 0 1 1 1 
1 1 1 1 1 1 0 1 1 1 1 1 1 1 1 1 1 1 1 1 1 1 
1 1 1 1 1 1 1 1 1 1 1 1 1 1 1 1 1 1 1 1 1 1 
0 1 1 1 1 1 1 1 1 1 1 1 0 1 1 1 0 1 1 1 1 1 
1 1 1 1 1 1 1 1 1 1 1 1 1 1 1 0 1 1 1 1 1 1 
1 1 1 1 1 1 0 1 1 1 1 0 1 1 1 1 1 1 1 1 1 1 
1 1 1 1 0 1 1 1 1 1 1 1 1 1 1 1 1 1 1 1 0 1 
1 1 1 1 1 1 1 1 1 1 1 1 1 1 1 1 1 1 1 1 1 1 
1 1 1 1 1 1 1 1 1 1 1 1 1 1 1 1 1 1 1 1 1 1 
1 1 1 1 1 1 1 1 1 1 1 1 1 1 1 1 0 1 1 1 1 1 
1 1 1 1 1 1 1 1 1 1 1 1 1 1 1 0 1 1 1 1 1 1 
1 1 1 1 1 1 1 1 1 1 1 1 1 1 1 1 1 1 1 1 0 1 
1 1 1 1 1 1 1 1 1 1 1 1 1 1 1 1 1 1 1 1 1 1 
1 0 1 1 1 1 1 0 1 1 1 1 1 1 1 1 1 1 1 1 1 0 
1 1 1 1 1 1 1 1 1 1 1 1 1 1 1 1 1 1 1 1 1 1 
0 1 1 1 1 1 1 1 1 1 1 1 1 1 1 1 1 1 1 1 1 1 
1 1 1 1 1 1 1 1 1 1 1 1 0 1 1 0 1 1 1 1 1 1 
1 1 1 1 1 1 1 1 1 1 1 1 1 1 1 1 0 1 1 1 1 1 
1 1 1 1 1 1 1 1 1 1 1 0 1 1 1 1 1 1 1 1 1 1 
1 1 1 0 1 1 1 1 1 1 1 1 1 1 1 1 1 1 1 1 1 1 
1 1 1 1 1 1 1 1 1 0 0 1 1 1 1 1 1 1 1 1 1 1 
1 1 1 0 1 1 1 1 1 1 1 1 1 1 1 1 1 1 1 1 1 1 
1 1 1 1 1 0 1 1 1 1 1 1 1 1 1 1 1 1 1 1 1 1 
1 1 1 1 1 1 1 1 0 0 1 1 1 1 1 1 1 1 1 1 0 1 
1 1 1 1 1 1 1 1 1 1 1 1 1 1 1 1 1 1 1 1 1 1 
1 1 1 0 1 1 1 1 1 1 1 1 1 1 1 1 1 1 1 1 1 1 
1 1 1 1 1 1 1 1 1 1 1 0 1 0 1 1 1 1 1 1 1 1 
1 1 1 1 1 1 1 1 1 0 1 1 1 1 1 1 1 1 1 0 1 1 
1 1 1 1 1 1 1 1 1 1 1 1 1 1 1 1 1 1 1 1 1 1 
1 1 1 1 1 1 1 1 0 1 1 1 1 1 1 1 1 1 1 1 1 1 
1 0 1 0 1 1 1 1 1 1 1 1 1 1 1 1 1 1 1 1 1 1 
1 1 1 1 1 1 1 1 1 1 1 1 1 1 1 1 1 1 1 1 1 1 
1 1 1 1 0 1 1 1 1 1 1 1 1 1 1 0 1 1 1 1 1 1 
1 0 1 1 1 1 1 1 1 1 1 1 1 1 1 1 1 1 1 0 1 1 
1 1 1 1 1 0 1 1 1 1 1 1 1 1 1 1 1 1 1 1 1 1 
1 1 0 1 0 1 1 1 1 1 1 1 1 1 1 1 1 1 1 1 1 1 
1 1 1 1 1 1 1 1 1 1 1 1 1 0 1 1 1 1 1 1 1 1 
1 1 1 1 1 1 1 1 1 1 1 1 1 0 1 1 1 1 1 1 1 1 
1 1 1 1 1 1 1 1 1 1 1 1 1 1 1 0 1 1 1 1 1 1 
0 1 1 1 1 1 1 0 1 1 1 1 0 1 1 1 1 1 1 1 1 1 
1 1 1 1 1 1 1 1 1 1 1 1 1 1 1 1 1 1 1 1 1 1 
1 1 1 1 1 1 1 0 1 1 1 1 1 1 1 1 1 1 1 1 1 1 
0 1 1 1 1 1 1 1 1 1 0 1 1 1 1 1 1 1 1 1 1 1 
1 1 1 1 1 1 1 1 1 1 1 0 1 1 1 1 1 1 1 1 1 1 
1 1 1 1 1 1 1 1 1 1 0 1 1 1 0 1 1 1 1 1 1 1 
1 1 1 1 1 1 1 1 1 1 1 1 1 1 1 1 1 1 1 1 1 1 
0 1 1 1 1 1 1 1 1 1 1 1 1 1 1 1 1 1 1 1 1 1 
1 1 1 1 1 1 1 1 1 1 1 1 1 1 1 0 1 1 1 1 0 1 
1 1 1 1 1 1 0 1 1 1 1 1 1 1 1 1 1 0 1 1 1 1 
1 1 1 1 1 0 1 1 1 1 1 1 1 1 1 1 1 1 1 1 1 1 
0 1 1 1 1 1 1 1 1 1 1 1 1 1 1 1 1 1 0 0 1 1 
1 0 1 1 1 1 1 1 1 1 1 1 1 1 1 1 1 1 1 1 1 1 
1 1 1 1 1 1 1 1 1 1 1 1 1 1 1 1 1 1 1 1 1 1 
1 1 1 1 1 1 1 1 1 1 1 1 1 1 1 1 1 1 1 1 1 1 
1 1 1 1 1 1 1 1 1 1 1 1 1 1 1 1 1 1 1 1 1 0 
1 1 0 1 1 1 1 1 1 1 1 1 1 1 1 1 1 1 1 1 1 1 
1 1 1 1 1 1 1 1 1 1 1 1 1 1 1 1 1 1 1 0 1 1 
1 1 1 1 1 0 1 1 0 1 1 1 1 1 1 1 1 1 1 1 1 1 
1 1 1 1 1 1 1 1 1 0 1 1 1 0 1 1 1 1 1 1 1 1 
1 1 1 1 1 1 1 1 1 1 1 1 1 0 1 1 1 1 1 1 1 1 
1 1 1 1 1 1 1 1 1 1 1 1 1 1 1 1 1 1 1 1 1 1 
1 1 1 1 1 1 1 1 1 1 1 1 1 1 1 1 1 1 1 1 1 1 
1 1 1 1 1 1 1 1 1 1 0 1 1 1 1 1 1 1 1 1 1 1 
1 1 1 0 1 1 1 0 1 1 1 1 1 0 1 1 1 1 1 1 1 1 
1 1 1 1 0 1 1 1 1 1 1 0 1 0 1 1 1 1 1 1 1 1 
1 1 1 1 1 1 1 1 1 1 1 1 1 1 1 1 1 0 1 1 1 1 
1 1 1 1 1 1 1 1 1 1 1 1 1 1 1 1 1 1 1 1 1 1 
1 1 1 1 1 1 1 1 1 1 1 1 1 1 1 1 0 1 1 1 1 1 
1 1 1 1 1 1 1 1 1 1 1 1 1 1 1 1 1 1 1 1 1 1 
1 1 1 1 1 1 1 1 1 1 1 1 1 1 1 0 0 1 1 1 1 1 
1 1 1 1 1 1 1 1 1 1 1 1 1 1 1 1 1 1 1 1 1 1 
1 1 1 1 1 1 0 1 1 1 1 1 1 1 1 1 1 1 1 1 1 1 
1 1 1 1 1 1 1 1 1 1 1 1 1 0 1 1 1 1 0 1 1 1 
1 1 1 1 1 1 1 1 1 1 1 1 1 1 1 1 0 1 1 1 1 1 
1 1 1 1 1 1 1 1 1 1 1 1 1 1 1 1 1 1 1 1 1 1 
1 1 0 1 1 1 1 1 1 1 1 1 1 1 1 1 1 1 1 1 1 1 
1 1 1 1 1 1 1 1 1 1 1 1 1 1 1 1 1 1 1 1 1 0 
]

EmployeeWantedInStint: [ (2 20) 1 (2 22) 1 (4 21) 1 (7 6) 1 (9 9) 1 (17 16) 1 (19 7) 1 (23 7) 1 (26 19) 1 (35 11) 1 (36 18) 1 (38 3) 1 (38 19) 1 (40 5) 1 (40 20) 1 (42 12) 1 (45 3) 1 (45 7) 1 (47 17) 1 (53 12) 1 (58 11) 1 (61 11) 1 (64 8) 1 (68 7) 1 (76 2) 1 (80 16) 1 (81 13) 1 (81 14) 1 (84 9) 1 (88 12) 1 (92 8) 1 (99 6) 1 (106 21) 1 (110 1) 1 (113 13) 1 (115 6) 1 (115 11) 1 (117 17) 1 ]

EmployeeWantedViolationCost: [ (2 20) 11000 (2 22) 13000 (4 21) 10000 (7 6) 11000 (9 9) 10000 (17 16) 6000 (19 7) 7000 (23 7) 10000 (26 19) 7000 (35 11) 14000 (36 18) 12000 (38 3) 13000 (38 19) 8000 (40 5) 9000 (40 20) 8000 (42 12) 11000 (45 3) 12000 (45 7) 6000 (47 17) 10000 (53 12) 11000 (58 11) 10000 (61 11) 15000 (64 8) 12000 (68 7) 5000 (76 2) 11000 (80 16) 6000 (81 13) 9000 (81 14) 6000 (84 9) 13000 (88 12) 13000 (92 8) 15000 (99 6) 15000 (106 21) 13000 (110 1) 15000 (113 13) 11000 (115 6) 15000 (115 11) 12000 (117 17) 6000 ]

EmployeesThatShouldNotWorkTogetherWithEmployee: [
[ 14 59 60 63 70 109 ]
[ 30 39 50 53 64 68 109 116 ]
[ 20 22 26 54 65 69 79 ]
[ 26 73 90 ]
[ 12 44 56 62 110 ]
[ 48 53 115 ]
[ 26 32 34 77 101 109 ]
[ 19 28 73 113 115 117 ]
[ 18 25 73 84 96 113 ]
[ 12 14 64 68 ]
[ 101 108 ]
[ 14 30 79 110 ]
[ 62 109 114 ]
[ 15 27 60 88 98 103 ]
[ 17 36 44 48 59 61 87 89 ]
[ 45 92 93 ]
[ 30 34 63 66 88 ]
[ 35 72 93 112 ]
[ 41 44 45 67 76 91 116 ]
[ 31 44 63 69 75 82 84 ]
[ 26 35 42 71 95 98 ]
[ 25 64 65 90 93 ]
[ 58 76 108 111 ]
[ 91 97 109 115 117 ]
[ 26 57 62 96 ]
[ 32 40 53 74 98 119 ]
[ 38 49 64 85 96 ]
[ 36 59 63 98 ]
[ 34 61 79 95 108 ]
[ 38 54 99 104 106 ]
[ 38 70 96 ]
[ 45 55 74 94 105 111 ]
[ 55 71 79 108 ]
[ 58 61 85 ]
[ ]
[ 42 47 82 94 108 ]
[ 60 62 67 84 ]
[ 40 54 80 84 89 104 ]
[ 59 61 107 118 ]
[ 47 58 92 105 111 ]
[ 71 88 96 ]
[ 73 79 95 114 ]
[ 67 74 92 103 116 ]
[ 57 88 102 114 ]
[ 74 100 ]
[ ]
[ 52 101 120 ]
[ 81 87 ]
[ 52 73 99 107 ]
[ 53 75 86 ]
[ 80 ]
[ 76 111 ]
[ ]
[ 69 82 103 ]
[ 56 ]
[ 99 ]
[ ]
[ 60 86 ]
[ 80 ]
[ 85 ]
[ 71 108 116 ]
[ 82 85 106 ]
[ 72 80 ]
[ 66 79 98 108 ]
[ 68 72 ]
[ 69 79 ]
[ 70 95 104 ]
[ 90 92 94 ]
[ 92 ]
[ 90 ]
[ 75 83 106 113 ]
[ 95 108 ]
[ 74 84 ]
[ 78 ]
[ 104 113 ]
[ ]
[ 96 97 101 105 107 ]
[ 80 83 88 ]
[ 101 ]
[ 86 94 97 99 ]
[ 117 ]
[ ]
[ 102 110 117 ]
[ 113 ]
[ 106 ]
[ ]
[ ]
[ ]
[ 107 111 118 ]
[ 93 106 ]
[ ]
[ ]
[ 120 ]
[ 97 ]
[ 114 ]
[ ]
[ ]
[ 100 107 108 ]
[ 100 102 117 ]
[ ]
[ ]
[ 110 114 117 ]
[ 118 ]
[ 119 ]
[ 119 ]
[ ]
[ ]
[ 116 ]
[ ]
[ ]
[ ]
[ 113 ]
[ ]
[ ]
[ ]
[ 117 ]
[ 119 ]
[ ]
[ ]
[ ]
]

ShouldNotWorkTogetherCost: [ (1 14) 396 (1 59) 198 (1 60) 198 (1 63) 297 (1 70) 198 (1 109) 99 (2 30) 297 (2 39) 198 (2 50) 297 (2 53) 99 (2 64) 198 (2 68) 297 (2 109) 297 (2 116) 396 (3 20) 297 (3 22) 396 (3 26) 198 (3 54) 198 (3 65) 297 (3 69) 396 (3 79) 99 (4 26) 198 (4 73) 99 (4 90) 297 (5 12) 198 (5 44) 198 (5 56) 396 (5 62) 396 (5 110) 198 (6 48) 297 (6 53) 198 (6 115) 396 (7 26) 198 (7 32) 99 (7 34) 198 (7 77) 297 (7 101) 99 (7 109) 198 (8 19) 99 (8 28) 198 (8 73) 297 (8 113) 297 (8 115) 396 (8 117) 99 (9 18) 297 (9 25) 198 (9 73) 297 (9 84) 198 (9 96) 198 (9 113) 99 (10 12) 297 (10 14) 198 (10 64) 396 (10 68) 297 (11 101) 198 (11 108) 99 (12 14) 396 (12 30) 99 (12 79) 99 (12 110) 99 (13 62) 99 (13 109) 198 (13 114) 198 (14 15) 99 (14 27) 297 (14 60) 297 (14 88) 297 (14 98) 297 (14 103) 99 (15 17) 198 (15 36) 297 (15 44) 198 (15 48) 396 (15 59) 99 (15 61) 198 (15 87) 99 (15 89) 297 (16 45) 297 (16 92) 99 (16 93) 396 (17 30) 99 (17 34) 198 (17 63) 198 (17 66) 396 (17 88) 99 (18 35) 198 (18 72) 396 (18 93) 99 (18 112) 99 (19 41) 297 (19 44) 99 (19 45) 99 (19 67) 198 (19 76) 396 (19 91) 198 (19 116) 396 (20 31) 198 (20 44) 198 (20 63) 198 (20 69) 99 (20 75) 198 (20 82) 198 (20 84) 396 (21 26) 297 (21 35) 396 (21 42) 396 (21 71) 396 (21 95) 297 (21 98) 99 (22 25) 99 (22 64) 198 (22 65) 198 (22 90) 396 (22 93) 99 (23 58) 396 (23 76) 396 (23 108) 198 (23 111) 198 (24 91) 99 (24 97) 396 (24 109) 297 (24 115) 198 (24 117) 198 (25 26) 297 (25 57) 297 (25 62) 198 (25 96) 99 (26 32) 396 (26 40) 198 (26 53) 297 (26 74) 396 (26 98) 297 (26 119) 396 (27 38) 297 (27 49) 99 (27 64) 198 (27 85) 396 (27 96) 297 (28 36) 198 (28 59) 198 (28 63) 99 (28 98) 198 (29 34) 297 (29 61) 396 (29 79) 99 (29 95) 396 (29 108) 198 (30 38) 297 (30 54) 297 (30 99) 396 (30 104) 99 (30 106) 297 (31 38) 297 (31 70) 297 (31 96) 297 (32 45) 99 (32 55) 396 (32 74) 396 (32 94) 297 (32 105) 297 (32 111) 396 (33 55) 198 (33 71) 297 (33 79) 198 (33 108) 99 (34 58) 198 (34 61) 99 (34 85) 198 (36 42) 297 (36 47) 99 (36 82) 198 (36 94) 99 (36 108) 99 (37 60) 297 (37 62) 297 (37 67) 198 (37 84) 297 (38 40) 297 (38 54) 198 (38 80) 198 (38 84) 198 (38 89) 198 (38 104) 396 (39 59) 198 (39 61) 396 (39 107) 396 (39 118) 297 (40 47) 297 (40 58) 297 (40 92) 396 (40 105) 99 (40 111) 99 (41 71) 198 (41 88) 396 (41 96) 198 (42 73) 198 (42 79) 99 (42 95) 99 (42 114) 198 (43 67) 396 (43 74) 99 (43 92) 396 (43 103) 297 (43 116) 297 (44 57) 297 (44 88) 99 (44 102) 396 (44 114) 396 (45 74) 99 (45 100) 198 (47 52) 198 (47 101) 99 (47 120) 396 (48 81) 99 (48 87) 297 (49 52) 396 (49 73) 297 (49 99) 198 (49 107) 297 (50 53) 198 (50 75) 297 (50 86) 396 (51 80) 198 (52 76) 396 (52 111) 99 (54 69) 396 (54 82) 99 (54 103) 297 (55 56) 198 (56 99) 396 (58 60) 198 (58 86) 297 (59 80) 99 (60 85) 396 (61 71) 99 (61 108) 198 (61 116) 297 (62 82) 99 (62 85) 396 (62 106) 297 (63 72) 198 (63 80) 198 (64 66) 297 (64 79) 198 (64 98) 396 (64 108) 99 (65 68) 99 (65 72) 297 (66 69) 297 (66 79) 198 (67 70) 297 (67 95) 396 (67 104) 198 (68 90) 297 (68 92) 99 (68 94) 297 (69 92) 297 (70 90) 99 (71 75) 198 (71 83) 297 (71 106) 297 (71 113) 396 (72 95) 396 (72 108) 396 (73 74) 297 (73 84) 297 (74 78) 198 (75 104) 297 (75 113) 297 (77 96) 99 (77 97) 198 (77 101) 297 (77 105) 99 (77 107) 297 (78 80) 297 (78 83) 297 (78 88) 198 (79 101) 198 (80 86) 297 (80 94) 396 (80 97) 297 (80 99) 198 (81 117) 396 (83 102) 396 (83 110) 99 (83 117) 198 (84 113) 396 (85 106) 99 (89 107) 297 (89 111) 198 (89 118) 99 (90 93) 198 (90 106) 297 (93 120) 297 (94 97) 396 (95 114) 297 (98 100) 99 (98 107) 396 (98 108) 198 (99 100) 99 (99 102) 297 (99 117) 297 (102 110) 297 (102 114) 396 (102 117) 297 (103 118) 396 (104 119) 396 (105 119) 396 (108 116) 198 (112 113) 396 (116 117) 99 (117 119) 198 ]

ImmediatePredecessorsToActivity: [
[ ]
[ 1 ]
[ 1 ]
[ 1 ]
[ 1 ]
[ 3 4 ]
[ 1 ]
[ 3 ]
[ 3 ]
[ 3 5 ]
[ 8 10 ]
[ 4 10 ]
[ 3 5 12 ]
[ 10 ]
[ 4 7 8 10 ]
[ 3 ]
]

ActivitiesInProject: [
[ 1 2 3 4 5 6 7 8 9 10 11 12 13 14 15 16 ]
]

nActivityModes: [ 3 3 3 3 3 3 3 3 3 3 3 3 3 3 3 3 ]

ActivitiyDurationWithMode: [
1	1	1	
30	20	40	
6	4	8	
9	6	12	
4	3	6	
23	16	31	
5	4	7	
10	7	14	
13	9	18	
5	4	7	
13	9	18	
7	5	10	
4	3	6	
15	10	20	
6	4	8	
5	4	7	
]
StintsInProject: [
[ 1 2 3 4 5 6 7 8 9 10 11 12 13 14 15 16 17 18 19 20 21 22 ]
]

WorkingStintsOnDay: [
[ 1 ]
[ 1 ]
[ 1 ]
[ 1 ]
[ 1 ]
[ ]
[ ]
[ 2 ]
[ 2 ]
[ 2 ]
[ 2 ]
[ 2 ]
[ ]
[ ]
[ 3 ]
[ 3 ]
[ 3 ]
[ 3 ]
[ 3 ]
[ ]
[ ]
[ 4 ]
[ 4 ]
[ 4 ]
[ 4 ]
[ 4 ]
[ ]
[ ]
[ 5 ]
[ 5 ]
[ 5 ]
[ 5 ]
[ 5 ]
[ ]
[ ]
[ 6 ]
[ 6 ]
[ 6 ]
[ 6 ]
[ 6 ]
[ ]
[ ]
[ 7 ]
[ 7 ]
[ 7 ]
[ 7 ]
[ 7 ]
[ ]
[ ]
[ 8 ]
[ 8 ]
[ 8 ]
[ 8 ]
[ 8 ]
[ ]
[ ]
[ 9 ]
[ 9 ]
[ 9 ]
[ 9 ]
[ 9 ]
[ ]
[ ]
[ 10 ]
[ 10 ]
[ 10 ]
[ 10 ]
[ 10 ]
[ ]
[ ]
[ 11 ]
[ 11 ]
[ 11 ]
[ 11 ]
[ 11 ]
[ ]
[ ]
[ 12 ]
[ 12 ]
[ 12 ]
[ 12 ]
[ 12 ]
[ ]
[ ]
[ 13 ]
[ 13 ]
[ 13 ]
[ 13 ]
[ 13 ]
[ ]
[ ]
[ 14 ]
[ 14 ]
[ 14 ]
[ 14 ]
[ 14 ]
[ ]
[ ]
[ 15 ]
[ 15 ]
[ 15 ]
[ 15 ]
[ 15 ]
[ ]
[ ]
[ 16 ]
[ 16 ]
[ 16 ]
[ 16 ]
[ 16 ]
[ ]
[ ]
[ 17 ]
[ 17 ]
[ 17 ]
[ 17 ]
[ 17 ]
[ ]
[ ]
[ 18 ]
[ 18 ]
[ 18 ]
[ 18 ]
[ 18 ]
[ ]
[ ]
[ 19 ]
[ 19 ]
[ 19 ]
[ 19 ]
[ 19 ]
[ ]
[ ]
[ 20 ]
[ 20 ]
[ 20 ]
[ 20 ]
[ 20 ]
[ ]
[ ]
[ 21 ]
[ 21 ]
[ 21 ]
[ 21 ]
[ 21 ]
[ ]
[ ]
[ 22 ]
[ 22 ]
[ 22 ]
]

ProjectStart: [ 37 ]

ProjectEnd: [ 82 ]

EarliestStartDayForActivity: [ 1 37 37 37 37 48 37 45 45 45 59 52 61 52 59 45 ]

LatestStartDayForActivity: [ 1 82 82 82 82 82 82 82 82 82 82 82 82 82 82 82 ]

EquipmentTypeDemandInActivityWithMode: [
0	0	0	
1	3	1	
0	1	0	
2	4	2	
0	1	0	
2	4	2	
0	1	0	
2	4	2	
0	1	0	
0	1	0	
3	6	2	
3	6	2	
0	1	0	
1	3	1	
1	3	1	
1	3	1	

0	0	0	
2	4	2	
1	3	1	
2	4	2	
1	3	1	
0	1	0	
0	1	0	
2	4	2	
1	3	1	
1	3	1	
0	1	0	
1	3	1	
2	4	2	
1	3	1	
2	4	2	
2	4	2	

0	0	0	
2	4	2	
0	1	0	
0	1	0	
0	1	0	
0	1	0	
3	6	2	
1	3	1	
1	3	1	
3	6	2	
0	1	0	
1	3	1	
0	1	0	
2	4	2	
0	1	0	
1	3	1	

0	0	0	
1	3	1	
3	6	2	
2	4	2	
3	6	2	
2	4	2	
2	4	2	
0	1	0	
1	3	1	
0	1	0	
2	4	2	
0	1	0	
2	4	2	
0	1	0	
0	1	0	
1	3	1	

]

ExternalEquipmentRentingCost: [
4638	4367	5506	4121	1395	3584	5808	2343	5353	1298	4276	1754	2139	3893	3740	1048	
2492	3196	1127	2268	3149	2155	3112	5469	2917	4072	1132	1665	5007	3272	5139	1091	
4765	3508	5882	2066	3662	4393	4228	5376	1161	2426	3754	1429	2952	5203	3791	2421	
1009	1167	4530	3500	4262	1728	4247	2231	4805	5124	1102	5178	5576	3973	1345	4014	
]

EquipmentTypeTransportationCost: [
1	

1	

1	

1	

]

TransportationTimeForEquipmentTypeBetweenProjects: [
1	

1	

1	

1	

]

TotalNumberOfInitialEquipmentTypeLocation: [
(1 1) 8 
(2 1) 4 
(3 1) 4 
(4 1) 4 
]

DepotActivities: [ 1 ]

MaximalStintCliques: [
]
