nEmployees: 120
nSkills: 6
nProjects: 1
nDays: 120
nActivities: 31
nEquipmentTypes: 3
nStints: 9
nMaxModes: 2
nStintCliques: 8

EmployeeInStintCost: [
39532 39532 39532 39532 39532 39532 39532 35680 18310 
49946 49946 49946 49946 49946 49946 49946 45554 26924 
15876 15876 15876 15876 15876 15876 15876 12348 4116 
48600 48600 48600 48600 48600 48600 48600 44676 27138 
47790 47790 47790 47790 47790 47790 47790 44046 26928 
47106 47106 47106 47106 47106 47106 47106 43290 26004 
50220 50220 50220 50220 50220 50220 50220 45936 27558 
22180 22180 22180 22180 22180 22180 22180 18220 8980 
47850 47850 47850 47850 47850 47850 47850 44322 27708 
42284 42284 42284 42284 42284 42284 42284 38432 21062 
39798 39798 39798 39798 39798 39798 39798 35622 17496 
44248 44248 44248 44248 44248 44248 44248 40756 24226 
46944 46944 46944 46944 46944 46944 46944 43164 25962 
39694 39694 39694 39694 39694 39694 39694 35806 18352 
46192 46192 46192 46192 46192 46192 46192 42268 24730 
16200 16200 16200 16200 16200 16200 16200 12600 4200 
41208 41208 41208 41208 41208 41208 41208 37284 19746 
48386 48386 48386 48386 48386 48386 48386 44282 26324 
40722 40722 40722 40722 40722 40722 40722 36906 19620 
39342 39342 39342 39342 39342 39342 39342 35310 17520 
48494 48494 48494 48494 48494 48494 48494 44318 26192 
20560 20560 20560 20560 20560 20560 20560 16960 8560 
47272 47272 47272 47272 47272 47272 47272 43348 25810 
50284 50284 50284 50284 50284 50284 50284 46432 29062 
47840 47840 47840 47840 47840 47840 47840 43916 26378 
41370 41370 41370 41370 41370 41370 41370 37410 19788 
49130 49130 49130 49130 49130 49130 49130 45170 27548 
21532 21532 21532 21532 21532 21532 21532 17716 8812 
46192 46192 46192 46192 46192 46192 46192 42268 24730 
43220 43220 43220 43220 43220 43220 43220 39080 21038 
49312 49312 49312 49312 49312 49312 49312 45676 28810 
43256 43256 43256 43256 43256 43256 43256 39188 21314 
47522 47522 47522 47522 47522 47522 47522 43562 25940 
20398 20398 20398 20398 20398 20398 20398 16834 8518 
49794 49794 49794 49794 49794 49794 49794 45834 28212 
52714 52714 52714 52714 52714 52714 52714 48322 29692 
46300 46300 46300 46300 46300 46300 46300 42592 25558 
49410 49410 49410 49410 49410 49410 49410 45306 27348 
48438 48438 48438 48438 48438 48438 48438 44550 27096 
16038 16038 16038 16038 16038 16038 16038 12474 4158 
46868 46868 46868 46868 46868 46868 46868 43160 26126 
17172 17172 17172 17172 17172 17172 17172 13356 4452 
41694 41694 41694 41694 41694 41694 41694 37662 19872 
49470 49470 49470 49470 49470 49470 49470 45582 28128 
47348 47348 47348 47348 47348 47348 47348 43784 27086 
49410 49410 49410 49410 49410 49410 49410 45306 27348 
17496 17496 17496 17496 17496 17496 17496 13608 4536 
49058 49058 49058 49058 49058 49058 49058 45098 27476 
41636 41636 41636 41636 41636 41636 41636 37928 20894 
49248 49248 49248 49248 49248 49248 49248 45180 27306 
39324 39324 39324 39324 39324 39324 39324 35328 17622 
37542 37542 37542 37542 37542 37542 37542 33942 17160 
40180 40180 40180 40180 40180 40180 40180 36184 18478 
50588 50588 50588 50588 50588 50588 50588 46304 27926 
49706 49706 49706 49706 49706 49706 49706 45602 27644 
17820 17820 17820 17820 17820 17820 17820 13860 4620 
38694 38694 38694 38694 38694 38694 38694 34806 17352 
48564 48564 48564 48564 48564 48564 48564 44424 26382 
42608 42608 42608 42608 42608 42608 42608 38684 21146 
40952 40952 40952 40952 40952 40952 40952 37316 20450 
38236 38236 38236 38236 38236 38236 38236 34672 17974 
41208 41208 41208 41208 41208 41208 41208 37284 19746 
48730 48730 48730 48730 48730 48730 48730 44482 26188 
47438 47438 47438 47438 47438 47438 47438 43838 27056 
49086 49086 49086 49086 49086 49086 49086 45054 27264 
45220 45220 45220 45220 45220 45220 45220 41512 24478 
49734 49734 49734 49734 49734 49734 49734 45558 27432 
48762 48762 48762 48762 48762 48762 48762 44802 27180 
48336 48336 48336 48336 48336 48336 48336 44700 27834 
48062 48062 48062 48062 48062 48062 48062 44030 26240 
17982 17982 17982 17982 17982 17982 17982 13986 4662 
47414 47414 47414 47414 47414 47414 47414 43526 26072 
39750 39750 39750 39750 39750 39750 39750 36150 19368 
19426 19426 19426 19426 19426 19426 19426 16078 8266 
18792 18792 18792 18792 18792 18792 18792 14616 4872 
48164 48164 48164 48164 48164 48164 48164 44168 26462 
44066 44066 44066 44066 44066 44066 44066 39818 21524 
48326 48326 48326 48326 48326 48326 48326 44294 26504 
52066 52066 52066 52066 52066 52066 52066 47818 29524 
50280 50280 50280 50280 50280 50280 50280 46212 28338 
36882 36882 36882 36882 36882 36882 36882 33354 16740 
39856 39856 39856 39856 39856 39856 39856 35932 18394 
46458 46458 46458 46458 46458 46458 46458 42786 25836 
49220 49220 49220 49220 49220 49220 49220 45224 27518 
41312 41312 41312 41312 41312 41312 41312 37676 20810 
47834 47834 47834 47834 47834 47834 47834 44162 27212 
47900 47900 47900 47900 47900 47900 47900 43904 26198 
37722 37722 37722 37722 37722 37722 37722 34050 17100 
39810 39810 39810 39810 39810 39810 39810 35706 17748 
47434 47434 47434 47434 47434 47434 47434 43474 25852 
48410 48410 48410 48410 48410 48410 48410 44594 27308 
46382 46382 46382 46382 46382 46382 46382 42782 26000 
39694 39694 39694 39694 39694 39694 39694 35806 18352 
49058 49058 49058 49058 49058 49058 49058 45098 27476 
39486 39486 39486 39486 39486 39486 39486 35454 17664 
20722 20722 20722 20722 20722 20722 20722 17086 8602 
48326 48326 48326 48326 48326 48326 48326 44294 26504 
38884 38884 38884 38884 38884 38884 38884 35176 18142 
46786 46786 46786 46786 46786 46786 46786 42970 25684 
51580 51580 51580 51580 51580 51580 51580 47440 29398 
47812 47812 47812 47812 47812 47812 47812 43528 25150 
48158 48158 48158 48158 48158 48158 48158 44414 27296 
40342 40342 40342 40342 40342 40342 40342 36310 18520 
48062 48062 48062 48062 48062 48062 48062 44030 26240 
40988 40988 40988 40988 40988 40988 40988 37424 20726 
50280 50280 50280 50280 50280 50280 50280 46212 28338 
22018 22018 22018 22018 22018 22018 22018 18094 8938 
39532 39532 39532 39532 39532 39532 39532 35680 18310 
50030 50030 50030 50030 50030 50030 50030 45854 27728 
23152 23152 23152 23152 23152 23152 23152 18976 9232 
45328 45328 45328 45328 45328 45328 45328 41836 25306 
47192 47192 47192 47192 47192 47192 47192 43412 26210 
48822 48822 48822 48822 48822 48822 48822 45078 27960 
48174 48174 48174 48174 48174 48174 48174 44574 27792 
49798 49798 49798 49798 49798 49798 49798 46054 28936 
47996 47996 47996 47996 47996 47996 47996 44288 27254 
18468 18468 18468 18468 18468 18468 18468 14364 4788 
21532 21532 21532 21532 21532 21532 21532 17716 8812 
51414 51414 51414 51414 51414 51414 51414 47094 28632 
42410 42410 42410 42410 42410 42410 42410 38450 20828 
]

ExternalWorkerWithSkillOnStintCost: [
39984 39984 45192 47460 36120 41328 49896 36288 27936 
48468 35532 40908 36372 34272 46452 49896 40992 20208 
34776 41076 35112 47628 46200 40572 34860 34188 24912 
43680 38724 49896 46704 42504 47124 42252 41832 28320 
46452 47040 37968 39648 42672 36792 33768 49392 25968 
46116 43680 35952 35784 40152 49308 39648 48804 21552 
]

OverlappingStints: [
[ 2 ]
[ 3 ]
[ 4 ]
[ 5 ]
[ 6 ]
[ 7 ]
[ 8 ]
[ 9 ]
[ ]
]

EmployeesWithSkill: [
[ 1 2 3 4 5 6 7 8 9 10 11 12 13 14 15 16 17 18 19 20 21 22 23 24 25 26 27 28 29 30 31 32 33 34 35 36 37 38 39 40 41 42 43 44 45 46 47 48 49 50 51 52 53 54 55 56 57 58 59 60 61 62 63 64 65 66 67 68 69 70 71 72 73 74 75 76 77 78 79 80 81 82 83 84 85 86 87 88 89 90 91 92 93 94 95 96 97 98 99 100 101 102 103 104 105 106 107 108 109 110 111 112 113 114 115 116 117 118 119 120 ]
[ 2 8 13 16 17 27 28 36 41 45 51 63 64 65 67 70 71 77 78 79 82 84 85 88 99 103 106 113 119 120 ]
[ 2 10 13 18 20 66 99 101 ]
[ 1 3 5 6 7 9 10 11 12 14 16 17 18 20 21 25 26 28 29 30 31 32 33 34 36 37 40 41 44 46 47 49 50 52 53 54 56 58 59 61 64 67 68 69 71 72 73 75 77 78 79 80 81 83 84 85 89 90 93 96 97 98 99 101 102 104 105 106 108 109 115 117 118 120 ]
[ 1 2 4 5 6 7 8 10 13 14 17 19 20 21 22 24 25 26 27 28 30 31 33 36 37 38 40 41 42 43 44 45 46 47 48 49 50 53 54 55 56 57 58 60 61 63 69 70 71 73 76 79 83 84 86 87 88 89 91 92 95 97 99 100 101 102 107 109 110 111 113 114 115 116 117 119 120 ]
[ 5 7 14 20 22 29 30 32 33 38 52 54 55 56 63 67 68 70 71 72 80 83 92 101 104 110 113 118 119 120 ]
]

SkillDemandInActivityWithMode: [
0	1	
16	25	
7	12	
9	15	
7	12	
12	19	
13	21	
16	25	
10	16	
15	24	
16	25	
2	4	
13	21	
13	21	
7	12	
11	18	
3	6	
7	12	
6	10	
4	7	
10	16	
16	25	
3	6	
11	18	
12	19	
2	4	
11	18	
5	9	
12	19	
15	24	
5	9	

0	1	
4	7	
1	3	
2	4	
1	3	
2	4	
3	6	
3	6	
2	4	
3	6	
3	6	
0	1	
3	6	
3	6	
1	3	
2	4	
0	1	
1	3	
1	3	
0	1	
2	4	
3	6	
0	1	
2	4	
2	4	
0	1	
2	4	
1	3	
2	4	
3	6	
1	3	

0	1	
1	3	
0	1	
0	1	
0	1	
0	1	
0	1	
1	3	
0	1	
0	1	
1	3	
0	1	
0	1	
0	1	
0	1	
0	1	
0	1	
0	1	
0	1	
0	1	
0	1	
1	3	
0	1	
0	1	
0	1	
0	1	
0	1	
0	1	
0	1	
0	1	
0	1	

0	1	
9	15	
3	6	
5	9	
3	6	
7	12	
7	12	
9	15	
5	9	
8	13	
9	15	
1	3	
7	12	
7	12	
4	7	
6	10	
1	3	
3	6	
3	6	
1	3	
5	9	
9	15	
1	3	
6	10	
7	12	
1	3	
6	10	
2	4	
7	12	
8	13	
2	4	

0	1	
10	16	
4	7	
5	9	
3	6	
7	12	
8	13	
10	16	
6	10	
9	15	
10	16	
1	3	
8	13	
8	13	
4	7	
6	10	
1	3	
4	7	
3	6	
1	3	
6	10	
10	16	
1	3	
6	10	
7	12	
1	3	
6	10	
2	4	
7	12	
9	15	
2	4	

0	1	
4	7	
1	3	
2	4	
1	3	
2	4	
3	6	
3	6	
2	4	
3	6	
3	6	
0	1	
3	6	
3	6	
1	3	
2	4	
0	1	
1	3	
1	3	
0	1	
2	4	
3	6	
0	1	
2	4	
2	4	
0	1	
2	4	
1	3	
2	4	
3	6	
1	3	

]

EmployeeAvailability: [
1 1 1 1 1 1 0 0 1 
1 1 1 1 1 0 1 1 1 
1 1 1 0 1 1 1 0 1 
1 1 1 1 1 1 1 1 1 
0 1 1 0 1 1 1 1 1 
1 1 1 1 1 1 1 0 1 
1 1 1 1 0 1 1 1 0 
0 1 0 1 0 1 1 1 1 
0 1 1 1 1 0 1 0 1 
1 1 1 1 1 1 1 1 1 
1 1 1 0 1 1 1 0 1 
1 1 1 1 0 1 1 1 1 
1 1 1 0 1 1 1 1 1 
1 1 1 0 1 1 1 1 1 
1 0 0 0 1 1 1 1 1 
1 1 0 0 1 1 1 1 1 
0 1 1 1 1 1 1 1 1 
1 1 1 1 1 1 1 1 1 
0 1 1 1 1 1 1 1 1 
1 0 1 1 0 1 1 1 1 
1 1 1 1 1 1 0 1 1 
1 1 1 1 1 1 1 1 1 
1 0 1 1 1 1 1 0 1 
1 1 1 1 1 1 1 0 0 
1 1 1 1 1 0 1 0 0 
1 1 1 0 0 1 1 1 1 
1 1 1 1 1 1 1 1 1 
1 0 1 1 1 1 1 1 1 
1 1 1 1 1 1 1 0 1 
1 1 1 0 1 1 1 1 1 
1 1 0 1 1 1 1 1 1 
1 1 1 1 1 1 1 1 1 
1 1 1 1 1 0 1 1 0 
0 1 0 1 1 0 1 1 1 
1 1 1 1 0 1 1 0 1 
1 1 1 1 1 1 1 1 1 
0 1 1 1 1 1 1 1 1 
1 1 1 1 1 1 1 1 1 
1 1 1 1 0 0 1 1 1 
0 1 1 1 1 1 1 0 1 
1 0 0 1 1 1 1 1 1 
1 1 1 1 1 1 0 1 0 
1 0 1 1 1 0 1 1 1 
1 1 1 1 1 1 1 0 0 
1 1 1 1 0 0 1 0 1 
1 1 1 0 1 1 1 1 1 
0 1 1 1 1 1 1 0 1 
1 1 1 1 1 1 1 1 1 
1 1 1 0 0 1 1 1 1 
1 1 1 1 1 1 1 1 1 
1 1 1 1 1 1 1 1 1 
1 1 1 1 1 1 1 1 1 
1 0 1 0 1 1 0 1 1 
1 1 0 1 1 1 1 0 1 
1 1 1 1 1 1 1 1 1 
0 1 1 1 1 1 1 1 1 
1 1 1 1 1 1 1 1 1 
1 1 1 1 1 1 0 1 1 
1 1 0 1 1 1 1 1 1 
1 1 1 1 1 1 1 1 1 
1 1 1 1 1 1 1 1 0 
0 1 1 1 1 1 1 0 1 
1 0 1 0 1 1 1 0 1 
1 1 1 0 1 1 0 1 1 
1 1 1 1 1 1 1 1 1 
1 1 1 1 1 0 0 1 1 
1 1 0 1 1 1 1 1 0 
1 1 1 1 1 1 1 1 1 
1 1 1 1 0 1 0 0 1 
1 1 1 1 1 1 1 1 1 
1 0 1 1 1 1 1 1 1 
1 1 1 1 0 1 1 1 1 
1 1 1 0 1 1 1 1 1 
1 1 1 1 1 0 1 1 1 
1 0 1 1 1 1 1 1 0 
1 1 1 0 0 1 1 1 1 
1 1 1 0 0 1 1 1 1 
0 1 1 1 1 1 1 1 1 
1 1 1 1 1 1 1 1 1 
0 1 1 0 1 0 1 1 1 
0 0 1 1 1 1 1 1 1 
1 1 0 1 1 1 1 1 1 
1 1 1 1 1 1 0 1 1 
1 1 1 0 1 1 0 1 1 
1 1 1 1 1 1 1 1 1 
1 1 1 1 0 1 1 1 1 
1 1 1 1 1 1 1 1 1 
1 0 0 1 1 1 1 1 1 
1 1 0 1 1 1 1 1 0 
1 1 0 1 0 1 1 1 1 
0 0 1 1 1 1 1 1 1 
1 1 0 0 1 0 1 1 1 
1 1 1 1 1 1 1 1 1 
1 1 1 1 1 1 0 1 1 
1 1 1 0 1 1 1 1 1 
1 1 1 1 1 1 1 1 1 
1 1 1 1 1 1 1 0 1 
1 1 1 1 1 1 1 1 1 
0 0 1 1 0 1 1 1 1 
1 1 1 1 1 1 1 0 0 
1 1 1 1 1 1 0 1 1 
1 1 1 1 1 1 0 1 1 
1 1 1 0 1 1 1 0 1 
1 1 1 1 0 0 1 1 1 
1 1 0 1 0 1 1 1 1 
1 0 1 1 1 1 1 1 1 
1 1 0 1 1 1 1 1 1 
1 1 1 1 1 1 1 1 1 
1 1 1 1 1 1 1 1 1 
1 1 1 1 1 1 1 1 1 
1 1 0 0 1 0 1 1 1 
1 1 1 1 1 1 1 1 0 
0 1 1 1 1 1 1 0 1 
0 0 1 1 1 0 1 1 1 
1 1 1 1 1 1 1 1 1 
1 0 1 1 1 1 1 1 1 
1 0 0 1 1 1 1 0 1 
1 0 1 1 1 1 1 1 1 
1 1 1 1 1 1 1 1 1 
1 1 1 1 1 1 1 0 1 
]

EmployeeWantedInStint: [ (2 6) 1 (7 8) 1 (11 3) 1 (18 1) 1 (25 1) 1 (28 9) 1 (30 8) 1 (33 6) 1 (40 4) 1 (49 1) 1 (53 2) 1 (71 8) 1 (74 9) 1 (76 9) 1 (87 3) 1 (89 7) 1 (90 7) 1 (94 7) 1 (106 1) 1 (107 5) 1 (119 4) 1 ]

EmployeeWantedViolationCost: [ (2 6) 12000 (7 8) 13000 (11 3) 13000 (18 1) 15000 (25 1) 9000 (28 9) 7000 (30 8) 8000 (33 6) 14000 (40 4) 13000 (49 1) 5000 (53 2) 15000 (71 8) 13000 (74 9) 10000 (76 9) 8000 (87 3) 7000 (89 7) 6000 (90 7) 5000 (94 7) 12000 (106 1) 9000 (107 5) 13000 (119 4) 6000 ]

EmployeesThatShouldNotWorkTogetherWithEmployee: [
[ 9 17 32 39 46 70 105 ]
[ 31 57 101 112 120 ]
[ 61 65 82 110 ]
[ 10 30 40 94 ]
[ 51 86 92 100 109 118 ]
[ 17 31 60 78 81 112 ]
[ 20 21 23 31 37 45 62 66 ]
[ 23 107 ]
[ ]
[ 13 62 95 120 ]
[ 44 49 69 86 90 ]
[ 21 31 73 ]
[ 26 48 55 113 116 ]
[ 23 43 ]
[ 24 50 79 85 96 108 ]
[ 72 76 78 87 93 ]
[ 20 22 86 104 119 ]
[ 44 45 59 86 110 ]
[ 22 61 62 68 92 108 109 ]
[ 22 32 33 46 96 114 ]
[ 34 46 49 ]
[ 66 75 92 112 ]
[ 64 65 68 93 ]
[ 30 55 75 118 ]
[ 103 ]
[ 37 104 ]
[ 47 49 87 115 ]
[ 78 ]
[ 38 40 45 58 65 112 ]
[ 46 73 89 112 ]
[ 47 75 83 ]
[ 62 72 ]
[ 39 42 53 95 ]
[ 39 45 62 65 74 103 ]
[ 45 89 110 117 ]
[ 86 101 ]
[ 50 63 79 110 ]
[ 62 95 113 ]
[ 40 56 74 ]
[ 55 60 64 81 89 93 95 102 ]
[ 120 ]
[ 44 50 73 ]
[ 77 102 ]
[ 111 ]
[ 66 78 92 102 ]
[ 74 78 88 94 111 ]
[ 54 57 99 101 ]
[ 54 83 110 ]
[ 75 76 110 ]
[ 58 61 89 ]
[ 80 92 94 107 ]
[ 57 ]
[ 60 85 93 100 111 ]
[ 106 112 116 ]
[ 76 105 106 ]
[ 62 76 ]
[ ]
[ 59 94 ]
[ 82 87 ]
[ ]
[ 64 83 102 ]
[ 94 ]
[ 73 75 76 84 ]
[ 117 ]
[ 75 118 ]
[ 104 ]
[ ]
[ 79 87 ]
[ 89 ]
[ 84 ]
[ 89 100 105 120 ]
[ 79 ]
[ 89 93 115 ]
[ 75 ]
[ ]
[ 115 118 ]
[ 88 89 ]
[ ]
[ 80 ]
[ ]
[ ]
[ 83 ]
[ 92 113 ]
[ 89 95 ]
[ 93 115 ]
[ 120 ]
[ 97 ]
[ 113 ]
[ 94 120 ]
[ 100 113 ]
[ ]
[ 120 ]
[ 109 120 ]
[ 95 ]
[ 97 ]
[ 101 ]
[ 107 113 ]
[ 111 ]
[ 106 ]
[ 118 ]
[ ]
[ 107 ]
[ ]
[ 116 ]
[ ]
[ ]
[ ]
[ ]
[ 119 ]
[ 115 ]
[ ]
[ ]
[ ]
[ ]
[ 116 118 ]
[ ]
[ ]
[ ]
[ ]
[ ]
]

ShouldNotWorkTogetherCost: [ (1 9) 297 (1 17) 297 (1 32) 99 (1 39) 297 (1 46) 198 (1 70) 396 (1 105) 396 (2 31) 99 (2 57) 297 (2 101) 297 (2 112) 99 (2 120) 99 (3 61) 396 (3 65) 99 (3 82) 99 (3 110) 297 (4 10) 99 (4 30) 297 (4 40) 396 (4 94) 396 (5 51) 198 (5 86) 99 (5 92) 99 (5 100) 297 (5 109) 198 (5 118) 396 (6 17) 297 (6 31) 297 (6 60) 99 (6 78) 396 (6 81) 396 (6 112) 297 (7 20) 297 (7 21) 198 (7 23) 396 (7 31) 396 (7 37) 297 (7 45) 198 (7 62) 396 (7 66) 198 (8 23) 198 (8 107) 198 (10 13) 396 (10 62) 297 (10 95) 297 (10 120) 297 (11 44) 99 (11 49) 99 (11 69) 396 (11 86) 198 (11 90) 297 (12 21) 198 (12 31) 198 (12 73) 198 (13 26) 297 (13 48) 198 (13 55) 297 (13 113) 297 (13 116) 198 (14 23) 396 (14 43) 396 (15 24) 198 (15 50) 99 (15 79) 396 (15 85) 297 (15 96) 396 (15 108) 99 (16 72) 99 (16 76) 198 (16 78) 198 (16 87) 297 (16 93) 396 (17 20) 198 (17 22) 297 (17 86) 99 (17 104) 396 (17 119) 396 (18 44) 198 (18 45) 396 (18 59) 198 (18 86) 396 (18 110) 99 (19 22) 198 (19 61) 297 (19 62) 198 (19 68) 99 (19 92) 396 (19 108) 198 (19 109) 99 (20 22) 396 (20 32) 396 (20 33) 198 (20 46) 198 (20 96) 198 (20 114) 99 (21 34) 396 (21 46) 99 (21 49) 198 (22 66) 99 (22 75) 396 (22 92) 99 (22 112) 297 (23 64) 297 (23 65) 198 (23 68) 396 (23 93) 396 (24 30) 297 (24 55) 198 (24 75) 198 (24 118) 198 (25 103) 198 (26 37) 297 (26 104) 396 (27 47) 99 (27 49) 198 (27 87) 99 (27 115) 99 (28 78) 99 (29 38) 198 (29 40) 99 (29 45) 396 (29 58) 198 (29 65) 297 (29 112) 396 (30 46) 198 (30 73) 297 (30 89) 396 (30 112) 396 (31 47) 297 (31 75) 198 (31 83) 99 (32 62) 99 (32 72) 297 (33 39) 297 (33 42) 99 (33 53) 396 (33 95) 396 (34 39) 297 (34 45) 99 (34 62) 297 (34 65) 297 (34 74) 297 (34 103) 198 (35 45) 198 (35 89) 396 (35 110) 396 (35 117) 297 (36 86) 297 (36 101) 198 (37 50) 99 (37 63) 396 (37 79) 99 (37 110) 99 (38 62) 396 (38 95) 198 (38 113) 297 (39 40) 396 (39 56) 99 (39 74) 396 (40 55) 198 (40 60) 198 (40 64) 297 (40 81) 297 (40 89) 297 (40 93) 198 (40 95) 297 (40 102) 99 (41 120) 198 (42 44) 297 (42 50) 99 (42 73) 99 (43 77) 198 (43 102) 198 (44 111) 198 (45 66) 198 (45 78) 297 (45 92) 99 (45 102) 198 (46 74) 99 (46 78) 297 (46 88) 297 (46 94) 396 (46 111) 99 (47 54) 297 (47 57) 198 (47 99) 198 (47 101) 99 (48 54) 297 (48 83) 198 (48 110) 396 (49 75) 396 (49 76) 99 (49 110) 396 (50 58) 198 (50 61) 297 (50 89) 297 (51 80) 396 (51 92) 297 (51 94) 297 (51 107) 198 (52 57) 297 (53 60) 99 (53 85) 99 (53 93) 198 (53 100) 198 (53 111) 396 (54 106) 297 (54 112) 396 (54 116) 99 (55 76) 396 (55 105) 396 (55 106) 198 (56 62) 99 (56 76) 198 (58 59) 297 (58 94) 297 (59 82) 99 (59 87) 396 (61 64) 198 (61 83) 297 (61 102) 198 (62 94) 396 (63 73) 297 (63 75) 297 (63 76) 99 (63 84) 99 (64 117) 396 (65 75) 99 (65 118) 297 (66 104) 99 (68 79) 297 (68 87) 297 (69 89) 99 (70 84) 396 (71 89) 99 (71 100) 396 (71 105) 198 (71 120) 396 (72 79) 198 (73 89) 396 (73 93) 297 (73 115) 297 (74 75) 396 (76 115) 396 (76 118) 297 (77 88) 99 (77 89) 99 (79 80) 99 (82 83) 198 (83 92) 396 (83 113) 297 (84 89) 297 (84 95) 99 (85 93) 99 (85 115) 297 (86 120) 396 (87 97) 198 (88 113) 297 (89 94) 198 (89 120) 198 (90 100) 198 (90 113) 198 (92 120) 396 (93 109) 198 (93 120) 198 (94 95) 99 (95 97) 99 (96 101) 99 (97 107) 297 (97 113) 99 (98 111) 297 (99 106) 297 (100 118) 198 (102 107) 99 (104 116) 99 (109 119) 297 (110 115) 396 (115 116) 99 (115 118) 99 ]

ImmediatePredecessorsToActivity: [
[ ]
[ 1 ]
[ 2 ]
[ 1 ]
[ 3 ]
[ 1 ]
[ 5 ]
[ 7 ]
[ 5 6 ]
[ 4 ]
[ 5 8 10 ]
[ 1 ]
[ 8 ]
[ 5 ]
[ 5 ]
[ 9 ]
[ 2 ]
[ 6 7 10 ]
[ 6 ]
[ 1 ]
[ 6 7 14 20 ]
[ 15 17 ]
[ 6 ]
[ 4 ]
[ 5 6 8 17 20 ]
[ 1 ]
[ 3 9 24 ]
[ 2 4 19 ]
[ 3 8 23 28 ]
[ 2 10 14 23 26 ]
[ 3 19 24 ]
]

ActivitiesInProject: [
[ 1 2 3 4 5 6 7 8 9 10 11 12 13 14 15 16 17 18 19 20 21 22 23 24 25 26 27 28 29 30 31 ]
]

nActivityModes: [ 2 2 2 2 2 2 2 2 2 2 2 2 2 2 2 2 2 2 2 2 2 2 2 2 2 2 2 2 2 2 2 ]

ActivityDurationWithMode: [
1	1	
9	6	
22	15	
16	11	
23	16	
12	8	
11	8	
9	6	
15	10	
10	7	
9	6	
75	50	
11	8	
11	8	
21	14	
13	9	
60	40	
22	15	
25	17	
46	31	
15	10	
9	6	
62	42	
14	10	
12	8	
75	50	
13	9	
34	23	
12	8	
10	7	
31	21	
]

StintsInProject: [
[ 1 2 3 4 5 6 7 8 9 ]
]

WorkingStintsOnDay: [
[ 1 ]
[ 1 ]
[ 1 ]
[ 1 ]
[ 1 ]
[ 1 ]
[ 1 ]
[ 1 ]
[ 1 ]
[ 1 ]
[ 1 ]
[ 1 ]
[ 1 ]
[ 1 ]
[ 2 ]
[ 2 ]
[ 2 ]
[ 2 ]
[ 2 ]
[ 2 ]
[ 2 ]
[ 2 ]
[ 2 ]
[ 2 ]
[ 2 ]
[ 2 ]
[ 2 ]
[ 2 ]
[ 3 ]
[ 3 ]
[ 3 ]
[ 3 ]
[ 3 ]
[ 3 ]
[ 3 ]
[ 3 ]
[ 3 ]
[ 3 ]
[ 3 ]
[ 3 ]
[ 3 ]
[ 3 ]
[ 4 ]
[ 4 ]
[ 4 ]
[ 4 ]
[ 4 ]
[ 4 ]
[ 4 ]
[ 4 ]
[ 4 ]
[ 4 ]
[ 4 ]
[ 4 ]
[ 4 ]
[ 4 ]
[ 5 ]
[ 5 ]
[ 5 ]
[ 5 ]
[ 5 ]
[ 5 ]
[ 5 ]
[ 5 ]
[ 5 ]
[ 5 ]
[ 5 ]
[ 5 ]
[ 5 ]
[ 5 ]
[ 6 ]
[ 6 ]
[ 6 ]
[ 6 ]
[ 6 ]
[ 6 ]
[ 6 ]
[ 6 ]
[ 6 ]
[ 6 ]
[ 6 ]
[ 6 ]
[ 6 ]
[ 6 ]
[ 7 ]
[ 7 ]
[ 7 ]
[ 7 ]
[ 7 ]
[ 7 ]
[ 7 ]
[ 7 ]
[ 7 ]
[ 7 ]
[ 7 ]
[ 7 ]
[ 7 ]
[ 7 ]
[ 8 ]
[ 8 ]
[ 8 ]
[ 8 ]
[ 8 ]
[ 8 ]
[ 8 ]
[ 8 ]
[ 8 ]
[ 8 ]
[ 8 ]
[ 8 ]
[ 8 ]
[ 8 ]
[ 9 ]
[ 9 ]
[ 9 ]
[ 9 ]
[ 9 ]
[ 9 ]
[ 9 ]
[ 9 ]
]

ProjectStart: [ 9 ]

ProjectEnd: [ 97 ]

EarliestStartDayForActivity: [ 1 9 18 9 40 9 63 74 63 25 83 9 83 63 63 78 18 74 21 9 74 84 21 25 83 9 78 46 83 84 46 ]

LatestStartDayForActivity: [ 1 97 97 97 97 97 97 97 97 97 97 97 97 97 97 97 97 97 97 97 97 97 97 97 97 97 97 97 97 97 97 ]

EquipmentTypeDemandInActivityWithMode: [
0	1	
0	1	
0	1	
0	1	
0	1	
0	1	
0	1	
0	1	
0	1	
0	1	
0	1	
0	1	
0	1	
0	1	
0	1	
0	1	
0	1	
0	1	
0	1	
0	1	
0	1	
0	1	
0	1	
0	1	
0	1	
0	1	
0	1	
0	1	
0	1	
0	1	
0	1	

0	1	
1	3	
0	1	
0	1	
0	1	
1	3	
2	4	
1	3	
2	4	
1	3	
0	1	
1	3	
1	3	
1	3	
1	3	
1	3	
0	1	
2	4	
0	1	
0	1	
1	3	
2	4	
2	4	
0	1	
1	3	
0	1	
0	1	
1	3	
1	3	
0	1	
1	3	

0	1	
0	1	
2	4	
2	4	
2	4	
2	4	
1	3	
3	6	
4	7	
0	1	
3	6	
0	1	
0	1	
2	4	
2	4	
0	1	
1	3	
1	3	
1	3	
3	6	
0	1	
3	6	
1	3	
1	3	
2	4	
1	3	
0	1	
1	3	
3	6	
2	4	
1	3	

]

ExternalEquipmentRentingCost: [
5397	5101	3970	2467	1066	3383	3506	4555	3807	4705	5042	4627	2797	1002	5486	2981	1151	1658	1673	5223	2495	3349	3570	5312	3222	5467	1353	2230	4012	4509	1744	
5437	2413	1597	3402	2700	3012	4642	4537	1498	3195	2946	4442	4470	4069	3574	2951	5907	2393	3149	2492	1503	2483	1181	5438	3599	2865	5346	2447	3991	4279	3850	
4276	1956	1406	5480	2305	4523	1552	4074	4404	5461	3722	3664	4572	1717	5700	5278	2453	1689	1866	2500	1180	5614	1159	2813	4886	3108	2641	1212	4777	5723	3076	
]

EquipmentTypeTransportationCost: [
0	

1	

1	

]

TransportationTimeForEquipmentTypeBetweenProjects: [
0	

1	

1	

]

TotalNumberOfInitialEquipmentTypeLocation: [

(2 1) 3 
(3 1) 7 
]

DepotActivities: [ 1 ]

MaximalStintCliques: [
[ 2 1 ]
[ 2 3 ]
[ 4 3 ]
[ 4 5 ]
[ 5 6 ]
[ 6 7 ]
[ 7 8 ]
[ 8 9 ]
]
