nEmployees: 150
nSkills: 6
nProjects: 1
nDays: 180
nActivities: 34
nEquipmentTypes: 3
nStints: 13
nMaxModes: 3
nStintCliques: 12

EmployeeInStintCost: [
27832 27832 27832 27832 27832 27832 27832 27832 27832 27832 27832 27832 22000 
28856 28856 28856 28856 28856 28856 28856 28856 28856 28856 28856 28856 22592 
28192 28192 28192 28192 28192 28192 28192 28192 28192 28192 28192 28192 22198 
13560 13560 13560 13560 13560 13560 13560 13560 13560 13560 13560 13560 7458 
37672 37672 37672 37672 37672 37672 37672 37672 37672 37672 37672 37672 31894 
29056 29056 29056 29056 29056 29056 29056 29056 29056 29056 29056 29056 22900 
29864 29864 29864 29864 29864 29864 29864 29864 29864 29864 29864 29864 24194 
34688 34688 34688 34688 34688 34688 34688 34688 34688 34688 34688 34688 29126 
37800 37800 37800 37800 37800 37800 37800 37800 37800 37800 37800 37800 31590 
28256 28256 28256 28256 28256 28256 28256 28256 28256 28256 28256 28256 22262 
39376 39376 39376 39376 39376 39376 39376 39376 39376 39376 39376 39376 33868 
33016 33016 33016 33016 33016 33016 33016 33016 33016 33016 33016 33016 27508 
17880 17880 17880 17880 17880 17880 17880 17880 17880 17880 17880 17880 11886 
37792 37792 37792 37792 37792 37792 37792 37792 37792 37792 37792 37792 31960 
41056 41056 41056 41056 41056 41056 41056 41056 41056 41056 41056 41056 34792 
40592 40592 40592 40592 40592 40592 40592 40592 40592 40592 40592 40592 34544 
29144 29144 29144 29144 29144 29144 29144 29144 29144 29144 29144 29144 23798 
27776 27776 27776 27776 27776 27776 27776 27776 27776 27776 27776 27776 21998 
40000 40000 40000 40000 40000 40000 40000 40000 40000 40000 40000 40000 33898 
16560 16560 16560 16560 16560 16560 16560 16560 16560 16560 16560 16560 11160 
36240 36240 36240 36240 36240 36240 36240 36240 36240 36240 36240 36240 30840 
36368 36368 36368 36368 36368 36368 36368 36368 36368 36368 36368 36368 30050 
41536 41536 41536 41536 41536 41536 41536 41536 41536 41536 41536 41536 35056 
34880 34880 34880 34880 34880 34880 34880 34880 34880 34880 34880 34880 29156 
26096 26096 26096 26096 26096 26096 26096 26096 26096 26096 26096 26096 21074 
37912 37912 37912 37912 37912 37912 37912 37912 37912 37912 37912 37912 32026 
34096 34096 34096 34096 34096 34096 34096 34096 34096 34096 34096 34096 28102 
12360 12360 12360 12360 12360 12360 12360 12360 12360 12360 12360 12360 6798 
37880 37880 37880 37880 37880 37880 37880 37880 37880 37880 37880 37880 31616 
37800 37800 37800 37800 37800 37800 37800 37800 37800 37800 37800 37800 31698 
37520 37520 37520 37520 37520 37520 37520 37520 37520 37520 37520 37520 31418 
38680 38680 38680 38680 38680 38680 38680 38680 38680 38680 38680 38680 33172 
28376 28376 28376 28376 28376 28376 28376 28376 28376 28376 28376 28376 22328 
28432 28432 28432 28432 28432 28432 28432 28432 28432 28432 28432 28432 22330 
36440 36440 36440 36440 36440 36440 36440 36440 36440 36440 36440 36440 30014 
18840 18840 18840 18840 18840 18840 18840 18840 18840 18840 18840 18840 12414 
35048 35048 35048 35048 35048 35048 35048 35048 35048 35048 35048 35048 29324 
37920 37920 37920 37920 37920 37920 37920 37920 37920 37920 37920 37920 31764 
38280 38280 38280 38280 38280 38280 38280 38280 38280 38280 38280 38280 31962 
35880 35880 35880 35880 35880 35880 35880 35880 35880 35880 35880 35880 30534 
37440 37440 37440 37440 37440 37440 37440 37440 37440 37440 37440 37440 31392 
36848 36848 36848 36848 36848 36848 36848 36848 36848 36848 36848 36848 30314 
16680 16680 16680 16680 16680 16680 16680 16680 16680 16680 16680 16680 11226 
37312 37312 37312 37312 37312 37312 37312 37312 37312 37312 37312 37312 31696 
30344 30344 30344 30344 30344 30344 30344 30344 30344 30344 30344 30344 24458 
38632 38632 38632 38632 38632 38632 38632 38632 38632 38632 38632 38632 32422 
34568 34568 34568 34568 34568 34568 34568 34568 34568 34568 34568 34568 29060 
29264 29264 29264 29264 29264 29264 29264 29264 29264 29264 29264 29264 23864 
28504 28504 28504 28504 28504 28504 28504 28504 28504 28504 28504 28504 23428 
38160 38160 38160 38160 38160 38160 38160 38160 38160 38160 38160 38160 31788 
35408 35408 35408 35408 35408 35408 35408 35408 35408 35408 35408 35408 29522 
26936 26936 26936 26936 26936 26936 26936 26936 26936 26936 26936 26936 21536 
33216 33216 33216 33216 33216 33216 33216 33216 33216 33216 33216 33216 27168 
39496 39496 39496 39496 39496 39496 39496 39496 39496 39496 39496 39496 33934 
15840 15840 15840 15840 15840 15840 15840 15840 15840 15840 15840 15840 10008 
29624 29624 29624 29624 29624 29624 29624 29624 29624 29624 29624 29624 24062 
39392 39392 39392 39392 39392 39392 39392 39392 39392 39392 39392 39392 33884 
40592 40592 40592 40592 40592 40592 40592 40592 40592 40592 40592 40592 34544 
34688 34688 34688 34688 34688 34688 34688 34688 34688 34688 34688 34688 29126 
14880 14880 14880 14880 14880 14880 14880 14880 14880 14880 14880 14880 9480 
30664 30664 30664 30664 30664 30664 30664 30664 30664 30664 30664 30664 24616 
18840 18840 18840 18840 18840 18840 18840 18840 18840 18840 18840 18840 12414 
38880 38880 38880 38880 38880 38880 38880 38880 38880 38880 38880 38880 32292 
36320 36320 36320 36320 36320 36320 36320 36320 36320 36320 36320 36320 29948 
38632 38632 38632 38632 38632 38632 38632 38632 38632 38632 38632 38632 32422 
27472 27472 27472 27472 27472 27472 27472 27472 27472 27472 27472 27472 21802 
36960 36960 36960 36960 36960 36960 36960 36960 36960 36960 36960 36960 31128 
31776 31776 31776 31776 31776 31776 31776 31776 31776 31776 31776 31776 26376 
37280 37280 37280 37280 37280 37280 37280 37280 37280 37280 37280 37280 31286 
28576 28576 28576 28576 28576 28576 28576 28576 28576 28576 28576 28576 22636 
36488 36488 36488 36488 36488 36488 36488 36488 36488 36488 36488 36488 30116 
33848 33848 33848 33848 33848 33848 33848 33848 33848 33848 33848 33848 28664 
37880 37880 37880 37880 37880 37880 37880 37880 37880 37880 37880 37880 31616 
31304 31304 31304 31304 31304 31304 31304 31304 31304 31304 31304 31304 24986 
37800 37800 37800 37800 37800 37800 37800 37800 37800 37800 37800 37800 31698 
36920 36920 36920 36920 36920 36920 36920 36920 36920 36920 36920 36920 31088 
15720 15720 15720 15720 15720 15720 15720 15720 15720 15720 15720 15720 9942 
32016 32016 32016 32016 32016 32016 32016 32016 32016 32016 32016 32016 26508 
15000 15000 15000 15000 15000 15000 15000 15000 15000 15000 15000 15000 9546 
18840 18840 18840 18840 18840 18840 18840 18840 18840 18840 18840 18840 12414 
32856 32856 32856 32856 32856 32856 32856 32856 32856 32856 32856 32856 26970 
36720 36720 36720 36720 36720 36720 36720 36720 36720 36720 36720 36720 30996 
29416 29416 29416 29416 29416 29416 29416 29416 29416 29416 29416 29416 23206 
36840 36840 36840 36840 36840 36840 36840 36840 36840 36840 36840 36840 31062 
29744 29744 29744 29744 29744 29744 29744 29744 29744 29744 29744 29744 24128 
30904 30904 30904 30904 30904 30904 30904 30904 30904 30904 30904 30904 24748 
30824 30824 30824 30824 30824 30824 30824 30824 30824 30824 30824 30824 24722 
37920 37920 37920 37920 37920 37920 37920 37920 37920 37920 37920 37920 31656 
37072 37072 37072 37072 37072 37072 37072 37072 37072 37072 37072 37072 31564 
38120 38120 38120 38120 38120 38120 38120 38120 38120 38120 38120 38120 31748 
37520 37520 37520 37520 37520 37520 37520 37520 37520 37520 37520 37520 31418 
30544 30544 30544 30544 30544 30544 30544 30544 30544 30544 30544 30544 24550 
17280 17280 17280 17280 17280 17280 17280 17280 17280 17280 17280 17280 10800 
29896 29896 29896 29896 29896 29896 29896 29896 29896 29896 29896 29896 23470 
15360 15360 15360 15360 15360 15360 15360 15360 15360 15360 15360 15360 9744 
34400 34400 34400 34400 34400 34400 34400 34400 34400 34400 34400 34400 28892 
38872 38872 38872 38872 38872 38872 38872 38872 38872 38872 38872 38872 32554 
36960 36960 36960 36960 36960 36960 36960 36960 36960 36960 36960 36960 31236 
27056 27056 27056 27056 27056 27056 27056 27056 27056 27056 27056 27056 21602 
39736 39736 39736 39736 39736 39736 39736 39736 39736 39736 39736 39736 34066 
36600 36600 36600 36600 36600 36600 36600 36600 36600 36600 36600 36600 30930 
18240 18240 18240 18240 18240 18240 18240 18240 18240 18240 18240 18240 12084 
28816 28816 28816 28816 28816 28816 28816 28816 28816 28816 28816 28816 22768 
35600 35600 35600 35600 35600 35600 35600 35600 35600 35600 35600 35600 29552 
35880 35880 35880 35880 35880 35880 35880 35880 35880 35880 35880 35880 30642 
13680 13680 13680 13680 13680 13680 13680 13680 13680 13680 13680 13680 7524 
16200 16200 16200 16200 16200 16200 16200 16200 16200 16200 16200 16200 10962 
34688 34688 34688 34688 34688 34688 34688 34688 34688 34688 34688 34688 29126 
38240 38240 38240 38240 38240 38240 38240 38240 38240 38240 38240 38240 31814 
15840 15840 15840 15840 15840 15840 15840 15840 15840 15840 15840 15840 10008 
18360 18360 18360 18360 18360 18360 18360 18360 18360 18360 18360 18360 12150 
38640 38640 38640 38640 38640 38640 38640 38640 38640 38640 38640 38640 32052 
35120 35120 35120 35120 35120 35120 35120 35120 35120 35120 35120 35120 29288 
12720 12720 12720 12720 12720 12720 12720 12720 12720 12720 12720 12720 6996 
30256 30256 30256 30256 30256 30256 30256 30256 30256 30256 30256 30256 23560 
12720 12720 12720 12720 12720 12720 12720 12720 12720 12720 12720 12720 6996 
30136 30136 30136 30136 30136 30136 30136 30136 30136 30136 30136 30136 23494 
28256 28256 28256 28256 28256 28256 28256 28256 28256 28256 28256 28256 22262 
38272 38272 38272 38272 38272 38272 38272 38272 38272 38272 38272 38272 32224 
32656 32656 32656 32656 32656 32656 32656 32656 32656 32656 32656 32656 27310 
40360 40360 40360 40360 40360 40360 40360 40360 40360 40360 40360 40360 34096 
15600 15600 15600 15600 15600 15600 15600 15600 15600 15600 15600 15600 9876 
30184 30184 30184 30184 30184 30184 30184 30184 30184 30184 30184 30184 24352 
36440 36440 36440 36440 36440 36440 36440 36440 36440 36440 36440 36440 30014 
30136 30136 30136 30136 30136 30136 30136 30136 30136 30136 30136 30136 23602 
32776 32776 32776 32776 32776 32776 32776 32776 32776 32776 32776 32776 27376 
36600 36600 36600 36600 36600 36600 36600 36600 36600 36600 36600 36600 31038 
39016 39016 39016 39016 39016 39016 39016 39016 39016 39016 39016 39016 33670 
30704 30704 30704 30704 30704 30704 30704 30704 30704 30704 30704 30704 24656 
35840 35840 35840 35840 35840 35840 35840 35840 35840 35840 35840 35840 29684 
28576 28576 28576 28576 28576 28576 28576 28576 28576 28576 28576 28576 22744 
37320 37320 37320 37320 37320 37320 37320 37320 37320 37320 37320 37320 31326 
29096 29096 29096 29096 29096 29096 29096 29096 29096 29096 29096 29096 22724 
31784 31784 31784 31784 31784 31784 31784 31784 31784 31784 31784 31784 25250 
13800 13800 13800 13800 13800 13800 13800 13800 13800 13800 13800 13800 7590 
29656 29656 29656 29656 29656 29656 29656 29656 29656 29656 29656 29656 23230 
41072 41072 41072 41072 41072 41072 41072 41072 41072 41072 41072 41072 34808 
15120 15120 15120 15120 15120 15120 15120 15120 15120 15120 15120 15120 9612 
29624 29624 29624 29624 29624 29624 29624 29624 29624 29624 29624 29624 24062 
26992 26992 26992 26992 26992 26992 26992 26992 26992 26992 26992 26992 21538 
31264 31264 31264 31264 31264 31264 31264 31264 31264 31264 31264 31264 24946 
36488 36488 36488 36488 36488 36488 36488 36488 36488 36488 36488 36488 30116 
39752 39752 39752 39752 39752 39752 39752 39752 39752 39752 39752 39752 34082 
28576 28576 28576 28576 28576 28576 28576 28576 28576 28576 28576 28576 22744 
15360 15360 15360 15360 15360 15360 15360 15360 15360 15360 15360 15360 9744 
17520 17520 17520 17520 17520 17520 17520 17520 17520 17520 17520 17520 11688 
37320 37320 37320 37320 37320 37320 37320 37320 37320 37320 37320 37320 31434 
34816 34816 34816 34816 34816 34816 34816 34816 34816 34816 34816 34816 28498 
34096 34096 34096 34096 34096 34096 34096 34096 34096 34096 34096 34096 28102 
38280 38280 38280 38280 38280 38280 38280 38280 38280 38280 38280 38280 31854 
]

ExternalWorkerWithSkillOnStintCost: [
39240 36864 30888 35712 33264 39024 31248 30744 42192 32544 30384 29664 37224 
40536 36576 40536 38160 42984 37440 33408 36432 33768 39456 42624 29232 42552 
38592 32256 35928 34488 41400 38520 29736 33984 41472 30384 39744 39816 34128 
34488 39528 32832 40032 34416 42480 31032 42624 40320 37656 40176 30168 38592 
43056 30672 34704 32760 29448 34776 29808 40176 41328 29232 38160 42192 31464 
39024 32832 41040 43056 31536 39168 31824 33696 32328 41976 40824 32616 37440 
]

OverlappingStints: [
[ 2 ]
[ 3 ]
[ 4 ]
[ 5 ]
[ 6 ]
[ 7 ]
[ 8 ]
[ 9 ]
[ 10 ]
[ 11 ]
[ 12 ]
[ 13 ]
[ ]
]

EmployeesWithSkill: [
[ 1 2 3 4 5 6 7 8 9 10 11 12 13 14 15 16 17 18 19 20 21 22 23 24 25 26 27 28 29 30 31 32 33 34 35 36 37 38 39 40 41 42 43 44 45 46 47 48 49 50 51 52 53 54 55 56 57 58 59 60 61 62 63 64 65 66 67 68 69 70 71 72 73 74 75 76 77 78 79 80 81 82 83 84 85 86 87 88 89 90 91 92 93 94 95 96 97 98 99 100 101 102 103 104 105 106 107 108 109 110 111 112 113 114 115 116 117 118 119 120 121 122 123 124 125 126 127 128 129 130 131 132 133 134 135 136 137 138 139 140 141 142 143 144 145 146 147 148 149 150 ]
[ 9 10 12 14 21 22 28 30 31 35 37 38 39 41 44 45 46 51 55 59 66 67 71 75 82 84 86 91 93 98 102 112 114 115 123 124 129 130 132 133 134 136 137 138 141 142 ]
[ 3 7 8 9 10 11 15 18 19 21 23 28 30 31 35 36 40 41 42 43 45 47 48 50 51 54 58 60 61 62 63 64 65 66 71 74 76 77 78 80 85 86 90 93 94 96 97 99 100 103 106 108 109 110 112 115 116 117 119 120 122 123 127 129 130 131 133 136 137 138 139 142 145 146 147 148 150 ]
[ 4 6 15 30 39 41 42 44 59 67 68 69 70 78 80 81 82 83 89 91 92 95 96 97 98 105 113 114 115 117 119 121 125 131 135 137 148 ]
[ 1 2 4 6 9 11 14 15 17 23 24 26 28 29 33 34 38 45 46 52 54 56 58 59 62 63 64 65 67 68 69 71 74 76 77 78 79 80 81 82 83 84 85 86 87 91 92 93 94 95 97 98 100 102 106 107 108 110 111 112 114 116 117 118 119 122 123 125 127 128 129 132 133 134 135 136 140 141 143 144 146 149 150 ]
[ 2 5 9 10 11 19 20 22 23 24 26 29 30 31 32 35 36 40 42 44 47 48 50 53 55 58 61 63 65 66 67 71 73 75 79 81 84 85 86 87 88 89 90 91 92 93 95 97 98 99 100 101 102 104 106 108 109 111 113 115 116 117 118 120 124 125 127 128 131 132 133 134 138 139 140 141 143 144 147 148 149 150 ]
]

SkillDemandInActivityWithMode: [
0	0	0	
12	19	8	
5	9	4	
12	19	8	
14	22	10	
19	30	13	
9	15	6	
23	36	16	
4	7	3	
21	33	14	
13	21	9	
3	6	2	
10	16	7	
3	6	2	
7	12	5	
16	25	11	
23	36	16	
7	12	5	
23	36	16	
5	9	4	
5	9	4	
18	28	12	
17	27	12	
7	12	5	
19	30	13	
19	30	13	
13	21	9	
6	10	4	
12	19	8	
23	36	16	
12	19	8	
9	15	6	
21	33	14	
17	27	12	

0	0	0	
3	6	2	
1	3	1	
3	6	2	
4	7	3	
5	9	4	
2	4	2	
7	12	5	
0	1	0	
6	10	4	
3	6	2	
0	1	0	
2	4	2	
0	1	0	
2	4	2	
4	7	3	
7	12	5	
2	4	2	
7	12	5	
1	3	1	
1	3	1	
5	9	4	
5	9	4	
1	3	1	
5	9	4	
5	9	4	
3	6	2	
1	3	1	
3	6	2	
6	10	4	
3	6	2	
2	4	2	
6	10	4	
5	9	4	

0	0	0	
5	9	4	
2	4	2	
5	9	4	
7	12	5	
9	15	6	
4	7	3	
11	18	8	
1	3	1	
10	16	7	
6	10	4	
1	3	1	
4	7	3	
1	3	1	
3	6	2	
8	13	6	
11	18	8	
3	6	2	
11	18	8	
2	4	2	
2	4	2	
8	13	6	
8	13	6	
3	6	2	
9	15	6	
9	15	6	
6	10	4	
2	4	2	
6	10	4	
11	18	8	
5	9	4	
4	7	3	
10	16	7	
8	13	6	

0	0	0	
2	4	2	
1	3	1	
2	4	2	
3	6	2	
4	7	3	
2	4	2	
5	9	4	
0	1	0	
5	9	4	
3	6	2	
0	1	0	
2	4	2	
0	1	0	
1	3	1	
3	6	2	
5	9	4	
1	3	1	
5	9	4	
1	3	1	
1	3	1	
4	7	3	
4	7	3	
1	3	1	
4	7	3	
4	7	3	
3	6	2	
1	3	1	
2	4	2	
5	9	4	
2	4	2	
2	4	2	
5	9	4	
4	7	3	

0	0	0	
6	10	4	
2	4	2	
6	10	4	
7	12	5	
10	16	7	
4	7	3	
12	19	8	
1	3	1	
11	18	8	
6	10	4	
1	3	1	
5	9	4	
1	3	1	
3	6	2	
8	13	6	
12	19	8	
3	6	2	
12	19	8	
2	4	2	
2	4	2	
9	15	6	
9	15	6	
3	6	2	
10	16	7	
10	16	7	
7	12	5	
3	6	2	
6	10	4	
12	19	8	
6	10	4	
4	7	3	
11	18	8	
9	15	6	

0	0	0	
6	10	4	
2	4	2	
6	10	4	
7	12	5	
10	16	7	
4	7	3	
12	19	8	
1	3	1	
11	18	8	
6	10	4	
1	3	1	
5	9	4	
1	3	1	
3	6	2	
8	13	6	
12	19	8	
3	6	2	
12	19	8	
2	4	2	
2	4	2	
9	15	6	
9	15	6	
3	6	2	
10	16	7	
10	16	7	
6	10	4	
3	6	2	
6	10	4	
12	19	8	
6	10	4	
4	7	3	
11	18	8	
9	15	6	

]

EmployeeAvailability: [
1 1 1 1 0 0 0 1 1 1 1 1 1 
1 1 1 0 1 1 1 1 1 1 1 1 1 
1 1 1 1 1 1 1 1 1 1 1 1 1 
1 1 1 1 1 1 1 1 1 1 1 1 1 
0 1 1 1 1 1 1 1 1 1 1 1 1 
1 1 0 1 1 1 1 1 1 1 1 1 1 
0 1 1 1 0 0 1 1 1 1 1 1 1 
1 1 1 0 1 1 1 1 1 1 1 1 0 
1 1 0 1 1 1 1 1 1 1 0 1 1 
1 1 1 1 1 1 1 1 1 1 1 1 0 
1 1 1 1 1 1 1 0 1 1 1 1 1 
1 1 1 1 1 1 1 1 1 1 1 1 1 
1 1 1 1 1 1 1 1 1 1 1 1 1 
1 1 1 1 1 1 0 1 1 1 1 1 1 
1 1 0 1 0 1 1 1 1 1 1 1 1 
1 1 1 1 1 1 1 1 1 1 1 1 1 
1 1 1 1 1 0 1 1 1 1 1 1 1 
1 1 1 1 0 1 1 1 0 1 1 1 0 
1 0 1 1 0 1 1 1 1 1 0 1 1 
1 1 1 1 1 1 1 1 0 1 1 1 1 
1 1 1 1 1 1 1 1 1 1 1 1 1 
1 1 1 0 1 1 1 0 1 0 1 1 1 
1 1 1 1 1 0 1 0 1 0 1 1 1 
1 1 1 1 1 0 1 0 1 0 1 1 1 
1 1 1 1 1 1 0 1 0 1 1 1 1 
1 1 0 1 1 1 1 1 1 1 1 1 1 
1 1 1 1 1 1 0 1 1 0 1 1 0 
1 1 1 1 1 1 1 1 1 1 1 1 1 
1 1 1 0 1 1 1 1 1 1 0 1 1 
1 0 1 0 1 1 1 1 1 1 1 1 1 
1 1 1 1 1 0 1 1 1 1 1 1 1 
1 1 1 1 1 1 1 1 1 1 1 1 1 
1 1 0 1 1 1 1 1 1 1 1 1 1 
1 1 1 1 1 1 1 1 1 0 1 1 1 
1 1 1 0 1 1 1 1 0 1 1 1 1 
1 1 1 1 1 1 1 1 1 0 1 1 1 
1 1 0 1 1 1 1 1 1 1 1 1 1 
1 1 1 1 1 1 1 1 1 0 1 1 1 
1 1 1 1 1 1 1 1 1 0 1 1 1 
1 1 1 1 0 1 1 1 1 1 1 1 1 
1 1 1 1 1 1 0 1 1 1 1 1 1 
1 1 1 0 1 1 1 1 1 1 0 1 1 
1 1 1 0 1 1 1 1 1 1 1 1 1 
1 1 1 1 0 1 1 1 1 1 0 1 1 
1 1 1 1 1 1 1 1 1 1 1 0 1 
1 1 1 1 1 1 1 1 1 1 1 1 1 
0 1 1 1 1 1 1 1 1 1 1 1 1 
1 1 1 1 1 1 1 1 1 1 1 1 1 
1 1 1 1 1 1 1 1 1 1 0 1 1 
1 1 1 1 1 1 1 1 1 0 1 1 1 
1 1 1 1 1 1 1 1 1 1 1 1 1 
1 1 1 1 1 1 1 1 1 1 1 1 1 
1 1 1 1 1 1 1 1 1 1 1 1 1 
1 1 1 1 1 1 1 1 1 1 1 1 1 
0 1 1 1 1 1 1 1 0 1 1 1 1 
1 1 1 1 1 1 1 1 1 1 1 1 1 
1 1 1 0 1 1 1 1 1 1 1 1 1 
1 1 1 1 1 1 1 1 1 0 1 1 1 
1 0 1 1 1 1 0 0 1 1 1 1 1 
1 1 1 0 1 1 1 1 1 1 1 1 1 
1 1 1 0 1 1 1 0 1 1 1 1 1 
1 1 1 1 1 1 1 1 1 1 1 1 1 
1 1 1 1 1 1 1 1 1 1 0 0 1 
1 1 1 1 1 0 1 1 1 1 1 1 1 
1 0 0 1 1 1 1 1 0 1 1 1 1 
0 1 1 1 1 1 1 1 1 1 1 1 1 
1 1 1 1 1 1 0 1 1 1 1 1 1 
1 1 1 1 1 1 1 1 1 1 1 1 1 
1 1 1 1 1 1 1 1 1 1 1 1 1 
1 1 1 1 1 0 1 0 1 1 0 1 1 
1 1 0 1 1 1 1 1 0 1 1 0 1 
1 1 1 1 1 1 1 1 1 1 1 1 1 
1 1 1 1 1 0 1 1 1 1 1 0 0 
1 0 1 1 1 1 1 1 0 1 1 0 1 
1 1 1 1 1 1 0 1 1 1 1 1 1 
1 1 1 1 1 1 1 1 1 1 1 1 0 
0 1 1 1 1 1 1 1 1 1 1 1 1 
0 1 1 1 1 1 1 1 0 1 1 1 1 
0 1 1 1 1 1 1 0 1 1 1 1 1 
1 1 1 1 1 1 1 1 1 1 1 1 1 
1 1 1 1 1 1 1 1 1 1 1 0 1 
1 1 1 1 1 1 1 1 1 1 1 1 1 
1 1 1 1 1 1 1 1 0 1 1 1 1 
1 1 1 1 1 1 1 1 1 1 1 1 1 
1 1 1 1 1 1 1 1 1 0 1 1 1 
1 1 1 1 1 1 0 1 1 1 1 1 1 
1 1 1 1 1 1 1 1 1 1 1 1 1 
1 1 1 1 1 1 1 1 1 1 1 1 1 
1 1 1 1 1 1 1 1 1 1 1 1 1 
1 1 1 1 0 1 1 1 1 1 1 0 1 
1 0 1 1 1 1 1 1 1 1 1 1 1 
1 1 1 1 1 1 1 1 1 1 1 1 1 
1 1 1 1 1 1 1 1 1 1 1 1 1 
1 1 1 1 1 1 0 1 1 0 1 1 1 
1 1 1 1 1 1 1 1 1 1 1 1 1 
1 1 0 1 1 1 1 0 1 1 1 1 1 
1 1 0 0 1 1 1 1 1 1 1 1 1 
0 1 1 1 1 1 1 0 1 1 1 0 1 
1 1 1 1 1 1 1 1 1 1 1 0 1 
1 1 1 1 1 1 1 0 1 1 1 1 1 
1 1 1 1 1 1 1 1 1 1 1 1 1 
1 1 1 1 1 1 1 1 1 1 1 1 1 
0 1 1 1 1 0 1 1 1 1 1 0 1 
0 1 1 1 1 1 1 1 1 0 1 0 1 
0 1 1 1 1 1 1 1 1 1 0 0 1 
1 0 1 1 1 1 0 1 1 1 1 0 1 
1 1 1 0 1 1 1 1 1 1 1 1 1 
1 1 1 1 1 1 1 1 1 1 1 1 1 
1 1 1 1 1 1 0 1 1 1 1 1 1 
1 1 1 0 1 1 1 1 1 1 1 1 1 
1 1 1 1 1 1 1 1 0 1 1 1 1 
1 1 1 1 1 1 1 1 0 0 1 1 1 
1 1 1 1 1 1 1 1 0 1 1 0 1 
1 1 1 1 1 1 1 0 1 1 1 1 1 
1 1 1 1 1 1 1 1 0 1 1 1 1 
1 1 1 1 1 0 1 1 1 1 1 1 1 
1 1 1 1 1 0 1 1 1 1 1 1 1 
1 1 1 1 0 1 0 1 1 1 1 1 1 
1 1 0 1 1 1 1 1 1 1 1 1 1 
1 1 1 1 0 1 1 1 1 1 1 1 1 
1 1 1 1 1 1 0 1 1 1 1 1 1 
1 1 1 1 1 1 1 1 1 1 1 1 1 
1 1 1 1 1 1 1 1 1 1 1 1 1 
1 1 0 1 1 1 1 1 1 1 1 1 1 
1 1 1 1 1 1 1 1 1 1 1 1 1 
1 1 1 1 1 1 1 1 1 1 1 1 1 
1 0 1 1 1 1 1 0 1 1 1 1 1 
1 1 1 1 1 1 1 1 1 1 1 1 1 
0 1 1 0 1 1 1 1 1 1 1 1 1 
1 1 1 1 1 1 1 1 1 1 1 1 1 
1 1 1 1 1 1 1 1 0 1 1 1 1 
1 1 1 1 1 1 1 1 1 1 1 0 1 
1 1 1 0 1 1 1 1 1 1 1 1 0 
1 1 1 1 1 1 1 1 1 1 1 1 1 
1 1 1 1 1 1 1 0 1 1 1 1 1 
0 1 1 1 0 1 1 1 1 1 1 1 1 
1 1 1 1 1 1 1 0 1 1 1 1 1 
1 1 1 1 1 1 1 1 1 1 1 1 1 
0 1 1 1 1 1 1 1 1 1 0 0 1 
0 1 1 1 1 0 1 1 1 1 1 1 1 
1 1 1 1 0 0 1 1 1 1 1 1 1 
0 1 1 1 1 1 1 1 0 1 1 0 1 
1 1 1 1 1 1 1 1 1 0 1 1 1 
1 1 1 1 0 1 1 1 1 1 0 1 1 
1 1 1 1 1 1 1 1 1 1 1 1 1 
1 1 1 1 1 1 1 1 1 0 1 1 0 
1 1 1 1 1 1 1 1 1 1 0 1 1 
1 1 1 1 0 0 1 1 1 1 1 1 1 
1 1 1 0 1 1 1 1 1 1 1 1 1 
1 1 1 0 1 1 1 1 1 0 1 0 1 
]

EmployeeWantedInStint: [ (5 13) 1 (8 4) 1 (19 5) 1 (20 13) 1 (21 11) 1 (24 8) 1 (26 13) 1 (29 10) 1 (31 2) 1 (33 3) 1 (34 2) 1 (40 9) 1 (42 8) 1 (45 4) 1 (51 4) 1 (65 4) 1 (68 4) 1 (70 7) 1 (72 3) 1 (72 11) 1 (77 7) 1 (77 12) 1 (79 4) 1 (83 8) 1 (90 2) 1 (91 10) 1 (98 11) 1 (104 9) 1 (107 12) 1 (125 4) 1 (127 5) 1 (128 5) 1 (139 2) 1 (144 5) 1 ]

EmployeeWantedViolationCost: [ (5 13) 10000 (8 4) 10000 (19 5) 11000 (20 13) 7000 (21 11) 14000 (24 8) 5000 (26 13) 13000 (29 10) 12000 (31 2) 14000 (33 3) 7000 (34 2) 10000 (40 9) 8000 (42 8) 11000 (45 4) 13000 (51 4) 12000 (65 4) 14000 (68 4) 5000 (70 7) 5000 (72 3) 6000 (72 11) 7000 (77 7) 7000 (77 12) 12000 (79 4) 5000 (83 8) 7000 (90 2) 13000 (91 10) 8000 (98 11) 12000 (104 9) 5000 (107 12) 13000 (125 4) 8000 (127 5) 14000 (128 5) 6000 (139 2) 5000 (144 5) 9000 ]

EmployeesThatShouldNotWorkTogetherWithEmployee: [
[ 9 21 52 54 100 110 ]
[ 7 12 32 46 139 ]
[ 38 46 56 59 105 123 124 128 130 ]
[ 14 35 53 141 ]
[ 19 36 45 56 104 108 ]
[ 73 89 91 119 ]
[ 33 61 67 69 81 84 107 109 126 148 ]
[ 16 22 85 114 134 ]
[ 22 39 81 84 117 ]
[ 39 85 109 139 141 ]
[ 49 77 99 105 111 146 ]
[ 40 67 77 89 ]
[ 57 63 121 147 ]
[ 28 54 82 107 116 118 122 134 143 ]
[ 18 20 24 40 50 101 118 131 ]
[ 45 79 109 116 123 137 ]
[ 21 138 144 ]
[ 41 46 128 149 ]
[ 29 30 41 55 61 72 85 109 129 147 ]
[ 27 45 87 117 144 ]
[ 75 88 115 148 ]
[ 84 118 125 132 140 ]
[ 37 56 76 80 97 113 133 137 148 ]
[ 29 57 61 96 113 136 138 ]
[ 41 57 78 91 124 ]
[ 34 37 51 77 126 ]
[ 61 100 120 132 145 ]
[ 30 31 83 126 ]
[ 65 81 92 126 129 138 ]
[ 60 64 85 ]
[ 63 67 105 148 ]
[ 54 56 123 138 140 144 149 ]
[ 54 58 80 117 136 141 ]
[ 47 69 77 85 91 95 110 122 ]
[ 40 44 80 128 141 147 ]
[ 74 106 137 139 ]
[ 76 84 98 136 ]
[ 63 95 97 101 126 ]
[ 50 62 68 105 125 ]
[ 47 52 69 97 123 135 ]
[ 61 75 105 121 146 ]
[ 54 66 85 ]
[ 53 105 ]
[ 63 65 96 143 ]
[ 53 74 78 98 103 114 ]
[ 74 80 91 100 139 ]
[ 134 141 ]
[ 90 100 139 ]
[ 56 78 87 93 142 ]
[ 56 84 91 117 150 ]
[ 70 98 108 112 130 ]
[ 60 62 69 75 93 101 127 ]
[ 57 73 86 121 134 ]
[ 95 127 129 ]
[ 121 131 ]
[ 94 132 ]
[ 85 96 111 118 122 ]
[ 59 73 81 99 115 ]
[ 60 71 76 82 109 ]
[ 81 93 122 136 139 146 ]
[ 126 143 145 ]
[ 73 80 103 108 117 ]
[ 65 120 ]
[ 89 98 118 138 143 147 150 ]
[ 118 ]
[ 104 116 140 ]
[ 98 ]
[ 86 99 ]
[ ]
[ 78 80 84 87 ]
[ 79 105 ]
[ 90 99 129 ]
[ 84 120 134 ]
[ 83 90 110 139 148 ]
[ 113 116 ]
[ ]
[ 78 79 103 105 116 ]
[ 146 ]
[ 86 102 145 ]
[ 86 87 121 122 ]
[ 88 135 136 ]
[ 87 118 ]
[ 124 ]
[ 101 106 117 ]
[ 96 113 ]
[ 109 ]
[ 114 138 ]
[ 99 106 123 141 ]
[ ]
[ 96 121 130 134 ]
[ 98 ]
[ 133 ]
[ 131 145 ]
[ 136 141 148 ]
[ ]
[ 121 131 143 ]
[ 109 ]
[ ]
[ 105 123 149 ]
[ 117 119 126 137 138 ]
[ 110 118 131 139 ]
[ 138 ]
[ 105 112 133 149 ]
[ 109 ]
[ ]
[ 107 ]
[ 125 145 ]
[ 113 149 ]
[ 135 ]
[ 128 ]
[ 133 145 ]
[ 145 ]
[ ]
[ 118 133 ]
[ 137 ]
[ 130 ]
[ ]
[ 135 ]
[ 130 147 ]
[ 139 ]
[ ]
[ 127 146 ]
[ ]
[ 131 142 ]
[ ]
[ 130 134 ]
[ 133 141 ]
[ 144 ]
[ 135 ]
[ 133 150 ]
[ 134 ]
[ ]
[ 146 ]
[ 136 ]
[ ]
[ ]
[ 150 ]
[ ]
[ ]
[ ]
[ ]
[ ]
[ ]
[ ]
[ ]
[ ]
[ ]
[ ]
[ ]
[ ]
]

ShouldNotWorkTogetherCost: [ (1 9) 297 (1 21) 396 (1 52) 297 (1 54) 396 (1 100) 198 (1 110) 297 (2 7) 198 (2 12) 297 (2 32) 99 (2 46) 396 (2 139) 297 (3 38) 99 (3 46) 297 (3 56) 99 (3 59) 198 (3 105) 99 (3 123) 198 (3 124) 198 (3 128) 396 (3 130) 99 (4 14) 297 (4 35) 99 (4 53) 396 (4 141) 99 (5 19) 99 (5 36) 297 (5 45) 198 (5 56) 198 (5 104) 297 (5 108) 396 (6 73) 396 (6 89) 297 (6 91) 297 (6 119) 99 (7 33) 297 (7 61) 297 (7 67) 297 (7 69) 396 (7 81) 99 (7 84) 396 (7 107) 396 (7 109) 99 (7 126) 297 (7 148) 99 (8 16) 99 (8 22) 396 (8 85) 99 (8 114) 198 (8 134) 99 (9 22) 396 (9 39) 99 (9 81) 396 (9 84) 198 (9 117) 396 (10 39) 297 (10 85) 198 (10 109) 396 (10 139) 297 (10 141) 198 (11 49) 198 (11 77) 198 (11 99) 396 (11 105) 297 (11 111) 396 (11 146) 198 (12 40) 99 (12 67) 99 (12 77) 297 (12 89) 198 (13 57) 99 (13 63) 396 (13 121) 99 (13 147) 396 (14 28) 99 (14 54) 297 (14 82) 297 (14 107) 297 (14 116) 198 (14 118) 297 (14 122) 396 (14 134) 99 (14 143) 198 (15 18) 99 (15 20) 396 (15 24) 99 (15 40) 297 (15 50) 396 (15 101) 297 (15 118) 198 (15 131) 297 (16 45) 396 (16 79) 99 (16 109) 99 (16 116) 198 (16 123) 396 (16 137) 198 (17 21) 198 (17 138) 396 (17 144) 396 (18 41) 99 (18 46) 198 (18 128) 99 (18 149) 198 (19 29) 396 (19 30) 198 (19 41) 396 (19 55) 396 (19 61) 396 (19 72) 297 (19 85) 396 (19 109) 198 (19 129) 396 (19 147) 297 (20 27) 198 (20 45) 99 (20 87) 297 (20 117) 198 (20 144) 198 (21 75) 297 (21 88) 198 (21 115) 396 (21 148) 198 (22 84) 396 (22 118) 198 (22 125) 396 (22 132) 198 (22 140) 99 (23 37) 297 (23 56) 396 (23 76) 297 (23 80) 198 (23 97) 198 (23 113) 99 (23 133) 396 (23 137) 198 (23 148) 297 (24 29) 99 (24 57) 297 (24 61) 396 (24 96) 99 (24 113) 396 (24 136) 99 (24 138) 396 (25 41) 396 (25 57) 396 (25 78) 99 (25 91) 396 (25 124) 99 (26 34) 99 (26 37) 396 (26 51) 198 (26 77) 297 (26 126) 396 (27 61) 198 (27 100) 198 (27 120) 396 (27 132) 99 (27 145) 297 (28 30) 297 (28 31) 99 (28 83) 396 (28 126) 99 (29 65) 396 (29 81) 396 (29 92) 99 (29 126) 297 (29 129) 99 (29 138) 198 (30 60) 198 (30 64) 297 (30 85) 396 (31 63) 396 (31 67) 396 (31 105) 396 (31 148) 297 (32 54) 297 (32 56) 396 (32 123) 396 (32 138) 99 (32 140) 99 (32 144) 198 (32 149) 198 (33 54) 198 (33 58) 396 (33 80) 99 (33 117) 198 (33 136) 396 (33 141) 396 (34 47) 198 (34 69) 396 (34 77) 99 (34 85) 396 (34 91) 297 (34 95) 297 (34 110) 297 (34 122) 198 (35 40) 396 (35 44) 396 (35 80) 297 (35 128) 396 (35 141) 99 (35 147) 198 (36 74) 99 (36 106) 297 (36 137) 396 (36 139) 297 (37 76) 396 (37 84) 99 (37 98) 297 (37 136) 198 (38 63) 396 (38 95) 198 (38 97) 297 (38 101) 99 (38 126) 198 (39 50) 99 (39 62) 297 (39 68) 396 (39 105) 297 (39 125) 396 (40 47) 297 (40 52) 396 (40 69) 297 (40 97) 396 (40 123) 99 (40 135) 396 (41 61) 99 (41 75) 396 (41 105) 297 (41 121) 99 (41 146) 99 (42 54) 297 (42 66) 99 (42 85) 297 (43 53) 99 (43 105) 396 (44 63) 198 (44 65) 198 (44 96) 297 (44 143) 198 (45 53) 297 (45 74) 198 (45 78) 297 (45 98) 198 (45 103) 99 (45 114) 198 (46 74) 198 (46 80) 396 (46 91) 396 (46 100) 99 (46 139) 297 (47 134) 396 (47 141) 396 (48 90) 297 (48 100) 198 (48 139) 198 (49 56) 396 (49 78) 297 (49 87) 99 (49 93) 297 (49 142) 297 (50 56) 99 (50 84) 396 (50 91) 198 (50 117) 297 (50 150) 396 (51 70) 396 (51 98) 198 (51 108) 396 (51 112) 198 (51 130) 198 (52 60) 396 (52 62) 99 (52 69) 99 (52 75) 99 (52 93) 297 (52 101) 99 (52 127) 396 (53 57) 99 (53 73) 198 (53 86) 297 (53 121) 297 (53 134) 396 (54 95) 198 (54 127) 99 (54 129) 396 (55 121) 99 (55 131) 99 (56 94) 396 (56 132) 396 (57 85) 198 (57 96) 297 (57 111) 396 (57 118) 396 (57 122) 396 (58 59) 396 (58 73) 396 (58 81) 198 (58 99) 99 (58 115) 396 (59 60) 297 (59 71) 297 (59 76) 198 (59 82) 198 (59 109) 198 (60 81) 396 (60 93) 297 (60 122) 297 (60 136) 198 (60 139) 396 (60 146) 99 (61 126) 198 (61 143) 396 (61 145) 198 (62 73) 99 (62 80) 198 (62 103) 198 (62 108) 99 (62 117) 297 (63 65) 297 (63 120) 99 (64 89) 297 (64 98) 297 (64 118) 198 (64 138) 297 (64 143) 198 (64 147) 396 (64 150) 99 (65 118) 396 (66 104) 99 (66 116) 198 (66 140) 297 (67 98) 297 (68 86) 396 (68 99) 198 (70 78) 297 (70 80) 396 (70 84) 198 (70 87) 297 (71 79) 198 (71 105) 297 (72 90) 99 (72 99) 198 (72 129) 99 (73 84) 396 (73 120) 396 (73 134) 99 (74 83) 396 (74 90) 396 (74 110) 198 (74 139) 396 (74 148) 198 (75 113) 396 (75 116) 396 (77 78) 297 (77 79) 297 (77 103) 396 (77 105) 198 (77 116) 198 (78 146) 99 (79 86) 396 (79 102) 396 (79 145) 396 (80 86) 396 (80 87) 396 (80 121) 396 (80 122) 198 (81 88) 297 (81 135) 396 (81 136) 297 (82 87) 297 (82 118) 99 (83 124) 396 (84 101) 297 (84 106) 99 (84 117) 198 (85 96) 198 (85 113) 297 (86 109) 396 (87 114) 396 (87 138) 99 (88 99) 297 (88 106) 297 (88 123) 99 (88 141) 396 (90 96) 396 (90 121) 99 (90 130) 297 (90 134) 396 (91 98) 297 (92 133) 198 (93 131) 297 (93 145) 198 (94 136) 396 (94 141) 198 (94 148) 198 (96 121) 198 (96 131) 99 (96 143) 297 (97 109) 396 (99 105) 396 (99 123) 198 (99 149) 198 (100 117) 198 (100 119) 198 (100 126) 198 (100 137) 396 (100 138) 297 (101 110) 99 (101 118) 99 (101 131) 198 (101 139) 99 (102 138) 297 (103 105) 297 (103 112) 297 (103 133) 198 (103 149) 198 (104 109) 396 (106 107) 297 (107 125) 99 (107 145) 396 (108 113) 396 (108 149) 396 (109 135) 297 (110 128) 297 (111 133) 396 (111 145) 297 (112 145) 297 (114 118) 198 (114 133) 99 (115 137) 198 (116 130) 396 (118 135) 99 (119 130) 297 (119 147) 198 (120 139) 297 (122 127) 297 (122 146) 396 (124 131) 198 (124 142) 198 (126 130) 297 (126 134) 396 (127 133) 198 (127 141) 396 (128 144) 198 (129 135) 198 (130 133) 297 (130 150) 396 (131 134) 198 (133 146) 198 (134 136) 396 (137 150) 99 ]

ImmediatePredecessorsToActivity: [
[ ]
[ 1 ]
[ 1 ]
[ 3 ]
[ 2 ]
[ 2 ]
[ 1 ]
[ 4 ]
[ 1 ]
[ 4 6 9 ]
[ 3 5 6 ]
[ 1 ]
[ 1 ]
[ 1 ]
[ 6 7 ]
[ 4 11 ]
[ 4 ]
[ 5 ]
[ 2 9 ]
[ 2 13 ]
[ 2 ]
[ 15 ]
[ 4 11 18 ]
[ 3 6 13 ]
[ 5 9 ]
[ 2 11 22 ]
[ 13 21 ]
[ 2 7 ]
[ 9 15 ]
[ 11 12 22 28 ]
[ 5 15 21 28 ]
[ 13 ]
[ 11 12 ]
[ 9 11 32 ]
]

ActivitiesInProject: [
[ 1 2 3 4 5 6 7 8 9 10 11 12 13 14 15 16 17 18 19 20 21 22 23 24 25 26 27 28 29 30 31 32 33 34 ]
]

nActivityModes: [ 3 3 3 3 3 3 3 3 3 3 3 3 3 3 3 3 3 3 3 3 3 3 3 3 3 3 3 3 3 3 3 3 3 3 ]

ActivityDurationWithMode: [
1	1	1	
18	12	24	
49	33	66	
18	12	24	
15	10	20	
11	8	15	
25	17	34	
9	6	12	
66	44	88	
10	7	14	
17	12	23	
73	49	98	
22	15	30	
75	50	100	
31	21	42	
13	9	18	
9	6	12	
31	21	42	
9	6	12	
42	28	56	
42	28	56	
12	8	16	
12	8	16	
32	22	43	
11	8	15	
11	8	15	
16	11	22	
36	24	48	
17	12	23	
9	6	12	
18	12	24	
25	17	34	
10	7	14	
12	8	16	
]

StintsInProject: [
[ 1 2 3 4 5 6 7 8 9 10 11 12 13 ]
]

WorkingStintsOnDay: [
[ 1 ]
[ 1 ]
[ 1 ]
[ 1 ]
[ 1 ]
[ 1 ]
[ 1 ]
[ 1 ]
[ 1 ]
[ 1 ]
[ 1 ]
[ 1 ]
[ ]
[ ]
[ 2 ]
[ 2 ]
[ 2 ]
[ 2 ]
[ 2 ]
[ 2 ]
[ 2 ]
[ 2 ]
[ 2 ]
[ 2 ]
[ 2 ]
[ 2 ]
[ ]
[ ]
[ 3 ]
[ 3 ]
[ 3 ]
[ 3 ]
[ 3 ]
[ 3 ]
[ 3 ]
[ 3 ]
[ 3 ]
[ 3 ]
[ 3 ]
[ 3 ]
[ ]
[ ]
[ 4 ]
[ 4 ]
[ 4 ]
[ 4 ]
[ 4 ]
[ 4 ]
[ 4 ]
[ 4 ]
[ 4 ]
[ 4 ]
[ 4 ]
[ 4 ]
[ ]
[ ]
[ 5 ]
[ 5 ]
[ 5 ]
[ 5 ]
[ 5 ]
[ 5 ]
[ 5 ]
[ 5 ]
[ 5 ]
[ 5 ]
[ 5 ]
[ 5 ]
[ ]
[ ]
[ 6 ]
[ 6 ]
[ 6 ]
[ 6 ]
[ 6 ]
[ 6 ]
[ 6 ]
[ 6 ]
[ 6 ]
[ 6 ]
[ 6 ]
[ 6 ]
[ ]
[ ]
[ 7 ]
[ 7 ]
[ 7 ]
[ 7 ]
[ 7 ]
[ 7 ]
[ 7 ]
[ 7 ]
[ 7 ]
[ 7 ]
[ 7 ]
[ 7 ]
[ ]
[ ]
[ 8 ]
[ 8 ]
[ 8 ]
[ 8 ]
[ 8 ]
[ 8 ]
[ 8 ]
[ 8 ]
[ 8 ]
[ 8 ]
[ 8 ]
[ 8 ]
[ ]
[ ]
[ 9 ]
[ 9 ]
[ 9 ]
[ 9 ]
[ 9 ]
[ 9 ]
[ 9 ]
[ 9 ]
[ 9 ]
[ 9 ]
[ 9 ]
[ 9 ]
[ ]
[ ]
[ 10 ]
[ 10 ]
[ 10 ]
[ 10 ]
[ 10 ]
[ 10 ]
[ 10 ]
[ 10 ]
[ 10 ]
[ 10 ]
[ 10 ]
[ 10 ]
[ ]
[ ]
[ 11 ]
[ 11 ]
[ 11 ]
[ 11 ]
[ 11 ]
[ 11 ]
[ 11 ]
[ 11 ]
[ 11 ]
[ 11 ]
[ 11 ]
[ 11 ]
[ ]
[ ]
[ 12 ]
[ 12 ]
[ 12 ]
[ 12 ]
[ 12 ]
[ 12 ]
[ 12 ]
[ 12 ]
[ 12 ]
[ 12 ]
[ 12 ]
[ 12 ]
[ ]
[ ]
[ 13 ]
[ 13 ]
[ 13 ]
[ 13 ]
[ 13 ]
[ 13 ]
[ 13 ]
[ 13 ]
[ 13 ]
[ 13 ]
[ 13 ]
[ 13 ]
]

ProjectStart: [ 25 ]

ProjectEnd: [ 123 ]

EarliestStartDayForActivity: [ 1 25 25 82 47 47 25 104 25 104 82 25 25 25 60 104 104 64 103 51 47 95 104 82 103 109 95 54 103 110 96 51 110 103 ]

LatestStartDayForActivity: [ 1 123 123 123 123 123 123 123 123 123 123 123 123 123 123 123 123 123 123 123 123 123 123 123 123 123 123 123 123 123 123 123 123 123 ]

EquipmentTypeDemandInActivityWithMode: [
0	0	0	
1	3	1	
5	9	4	
1	3	1	
0	1	0	
1	3	1	
0	1	0	
1	3	1	
1	3	1	
0	1	0	
0	1	0	
2	4	2	
1	3	1	
2	4	2	
0	1	0	
1	3	1	
0	1	0	
1	3	1	
1	3	1	
0	1	0	
0	1	0	
3	6	2	
0	1	0	
0	1	0	
0	1	0	
2	4	2	
0	1	0	
2	4	2	
1	3	1	
1	3	1	
2	4	2	
0	1	0	
0	1	0	
1	3	1	

0	0	0	
2	4	2	
0	1	0	
0	1	0	
2	4	2	
0	1	0	
3	6	2	
0	1	0	
1	3	1	
3	6	2	
2	4	2	
0	1	0	
0	1	0	
0	1	0	
2	4	2	
3	6	2	
3	6	2	
1	3	1	
1	3	1	
2	4	2	
2	4	2	
2	4	2	
0	1	0	
1	3	1	
2	4	2	
1	3	1	
2	4	2	
2	4	2	
2	4	2	
0	1	0	
4	7	3	
0	1	0	
0	1	0	
0	1	0	

0	0	0	
1	3	1	
1	3	1	
0	1	0	
2	4	2	
0	1	0	
0	1	0	
0	1	0	
0	1	0	
0	1	0	
0	1	0	
1	3	1	
0	1	0	
2	4	2	
0	1	0	
0	1	0	
1	3	1	
1	3	1	
1	3	1	
0	1	0	
0	1	0	
1	3	1	
1	3	1	
0	1	0	
1	3	1	
1	3	1	
2	4	2	
1	3	1	
0	1	0	
0	1	0	
1	3	1	
1	3	1	
1	3	1	
3	6	2	

]

ExternalEquipmentRentingCost: [
4097	2396	2966	5319	4325	4361	4830	3329	2065	3403	4030	4159	4608	4290	4866	3174	4158	4113	1405	2715	4685	5497	4765	3082	4531	1105	5635	1036	4592	2476	5730	2599	5137	5509	
1571	4921	2773	4874	3056	5324	4955	4667	4100	4357	4725	1169	1763	1686	1489	2402	2116	4373	2983	4280	3397	4663	1510	5059	5101	1925	3436	3621	3480	4137	2668	3899	1904	5592	
4051	3380	2433	3703	5616	3954	5716	2839	3317	1188	1173	5696	3006	2141	3930	4904	3870	1760	5205	1415	4128	4600	2762	3277	3320	1778	5073	5516	5146	4976	3233	1281	5664	3993	
]

EquipmentTypeTransportationCost: [
1	

1	

1	

]

TransportationTimeForEquipmentTypeBetweenProjects: [
1	

1	

1	

]

TotalNumberOfInitialEquipmentTypeLocation: [
(1 1) 3 
(2 1) 4 
(3 1) 3 
]

DepotActivities: [ 1 ]

MaximalStintCliques: [
[ 2 1 ]
[ 2 3 ]
[ 4 3 ]
[ 4 5 ]
[ 5 6 ]
[ 6 7 ]
[ 7 8 ]
[ 8 9 ]
[ 9 10 ]
[ 10 11 ]
[ 11 12 ]
[ 12 13 ]
]
