nEmployees: 150
nSkills: 6
nProjects: 1
nDays: 180
nActivities: 51
nEquipmentTypes: 7
nStints: 13
nMaxModes: 2
nStintCliques: 12

EmployeeInStintCost: [
30608 30608 30608 30608 30608 30608 30608 30608 30608 30608 30608 30608 24560 
29640 29640 29640 29640 29640 29640 29640 29640 29640 29640 29640 29640 23646 
31344 31344 31344 31344 31344 31344 31344 31344 31344 31344 31344 31344 25782 
18440 18440 18440 18440 18440 18440 18440 18440 18440 18440 18440 18440 12770 
25736 25736 25736 25736 25736 25736 25736 25736 25736 25736 25736 25736 18824 
31824 31824 31824 31824 31824 31824 31824 31824 31824 31824 31824 31824 26046 
24776 24776 24776 24776 24776 24776 24776 24776 24776 24776 24776 24776 18296 
25272 25272 25272 25272 25272 25272 25272 25272 25272 25272 25272 25272 19116 
12840 12840 12840 12840 12840 12840 12840 12840 12840 12840 12840 12840 7062 
22736 22736 22736 22736 22736 22736 22736 22736 22736 22736 22736 22736 17174 
23336 23336 23336 23336 23336 23336 23336 23336 23336 23336 23336 23336 17504 
26336 26336 26336 26336 26336 26336 26336 26336 26336 26336 26336 26336 20774 
30688 30688 30688 30688 30688 30688 30688 30688 30688 30688 30688 30688 24262 
24752 24752 24752 24752 24752 24752 24752 24752 24752 24752 24752 24752 19244 
29648 29648 29648 29648 29648 29648 29648 29648 29648 29648 29648 29648 24032 
26696 26696 26696 26696 26696 26696 26696 26696 26696 26696 26696 26696 20972 
24272 24272 24272 24272 24272 24272 24272 24272 24272 24272 24272 24272 18170 
26336 26336 26336 26336 26336 26336 26336 26336 26336 26336 26336 26336 20774 
14400 14400 14400 14400 14400 14400 14400 14400 14400 14400 14400 14400 7920 
23576 23576 23576 23576 23576 23576 23576 23576 23576 23576 23576 23576 17636 
31224 31224 31224 31224 31224 31224 31224 31224 31224 31224 31224 31224 25716 
31824 31824 31824 31824 31824 31824 31824 31824 31824 31824 31824 31824 26046 
30448 30448 30448 30448 30448 30448 30448 30448 30448 30448 30448 30448 24130 
27184 27184 27184 27184 27184 27184 27184 27184 27184 27184 27184 27184 21352 
27416 27416 27416 27416 27416 27416 27416 27416 27416 27416 27416 27416 21368 
22712 22712 22712 22712 22712 22712 22712 22712 22712 22712 22712 22712 17312 
22624 22624 22624 22624 22624 22624 22624 22624 22624 22624 22624 22624 17116 
31464 31464 31464 31464 31464 31464 31464 31464 31464 31464 31464 31464 25848 
22264 22264 22264 22264 22264 22264 22264 22264 22264 22264 22264 22264 16918 
30600 30600 30600 30600 30600 30600 30600 30600 30600 30600 30600 30600 24174 
14640 14640 14640 14640 14640 14640 14640 14640 14640 14640 14640 14640 8052 
25320 25320 25320 25320 25320 25320 25320 25320 25320 25320 25320 25320 19326 
27904 27904 27904 27904 27904 27904 27904 27904 27904 27904 27904 27904 21748 
24664 24664 24664 24664 24664 24664 24664 24664 24664 24664 24664 24664 18238 
28528 28528 28528 28528 28528 28528 28528 28528 28528 28528 28528 28528 23074 
18560 18560 18560 18560 18560 18560 18560 18560 18560 18560 18560 18560 12836 
24104 24104 24104 24104 24104 24104 24104 24104 24104 24104 24104 24104 18380 
29520 29520 29520 29520 29520 29520 29520 29520 29520 29520 29520 29520 23580 
23832 23832 23832 23832 23832 23832 23832 23832 23832 23832 23832 23832 18324 
31224 31224 31224 31224 31224 31224 31224 31224 31224 31224 31224 31224 25716 
22984 22984 22984 22984 22984 22984 22984 22984 22984 22984 22984 22984 17314 
32304 32304 32304 32304 32304 32304 32304 32304 32304 32304 32304 32304 26310 
28168 28168 28168 28168 28168 28168 28168 28168 28168 28168 28168 28168 22876 
18080 18080 18080 18080 18080 18080 18080 18080 18080 18080 18080 18080 12572 
25376 25376 25376 25376 25376 25376 25376 25376 25376 25376 25376 25376 19058 
23832 23832 23832 23832 23832 23832 23832 23832 23832 23832 23832 23832 18324 
28400 28400 28400 28400 28400 28400 28400 28400 28400 28400 28400 28400 21920 
27368 27368 27368 27368 27368 27368 27368 27368 27368 27368 27368 27368 21158 
26488 26488 26488 26488 26488 26488 26488 26488 26488 26488 26488 26488 20926 
28328 28328 28328 28328 28328 28328 28328 28328 28328 28328 28328 28328 21686 
27688 27688 27688 27688 27688 27688 27688 27688 27688 27688 27688 27688 21586 
26128 26128 26128 26128 26128 26128 26128 26128 26128 26128 26128 26128 20728 
26648 26648 26648 26648 26648 26648 26648 26648 26648 26648 26648 26648 20762 
25736 25736 25736 25736 25736 25736 25736 25736 25736 25736 25736 25736 20444 
22384 22384 22384 22384 22384 22384 22384 22384 22384 22384 22384 22384 16984 
24720 24720 24720 24720 24720 24720 24720 24720 24720 24720 24720 24720 18996 
29880 29880 29880 29880 29880 29880 29880 29880 29880 29880 29880 29880 23778 
13200 13200 13200 13200 13200 13200 13200 13200 13200 13200 13200 13200 7260 
24960 24960 24960 24960 24960 24960 24960 24960 24960 24960 24960 24960 19128 
22736 22736 22736 22736 22736 22736 22736 22736 22736 22736 22736 22736 17174 
26848 26848 26848 26848 26848 26848 26848 26848 26848 26848 26848 26848 21124 
27904 27904 27904 27904 27904 27904 27904 27904 27904 27904 27904 27904 21748 
28440 28440 28440 28440 28440 28440 28440 28440 28440 28440 28440 28440 22986 
25952 25952 25952 25952 25952 25952 25952 25952 25952 25952 25952 25952 19904 
23576 23576 23576 23576 23576 23576 23576 23576 23576 23576 23576 23576 18068 
27152 27152 27152 27152 27152 27152 27152 27152 27152 27152 27152 27152 20564 
24536 24536 24536 24536 24536 24536 24536 24536 24536 24536 24536 24536 18596 
26672 26672 26672 26672 26672 26672 26672 26672 26672 26672 26672 26672 20300 
24872 24872 24872 24872 24872 24872 24872 24872 24872 24872 24872 24872 19310 
27664 27664 27664 27664 27664 27664 27664 27664 27664 27664 27664 27664 21616 
24056 24056 24056 24056 24056 24056 24056 24056 24056 24056 24056 24056 18332 
28168 28168 28168 28168 28168 28168 28168 28168 28168 28168 28168 28168 21850 
27656 27656 27656 27656 27656 27656 27656 27656 27656 27656 27656 27656 21500 
25256 25256 25256 25256 25256 25256 25256 25256 25256 25256 25256 25256 18992 
28864 28864 28864 28864 28864 28864 28864 28864 28864 28864 28864 28864 22276 
20600 20600 20600 20600 20600 20600 20600 20600 20600 20600 20600 20600 13958 
25664 25664 25664 25664 25664 25664 25664 25664 25664 25664 25664 25664 19238 
24224 24224 24224 24224 24224 24224 24224 24224 24224 24224 24224 24224 18446 
18800 18800 18800 18800 18800 18800 18800 18800 18800 18800 18800 18800 12968 
30568 30568 30568 30568 30568 30568 30568 30568 30568 30568 30568 30568 24196 
26336 26336 26336 26336 26336 26336 26336 26336 26336 26336 26336 26336 20774 
26720 26720 26720 26720 26720 26720 26720 26720 26720 26720 26720 26720 20996 
12720 12720 12720 12720 12720 12720 12720 12720 12720 12720 12720 12720 6996 
24784 24784 24784 24784 24784 24784 24784 24784 24784 24784 24784 24784 18628 
24632 24632 24632 24632 24632 24632 24632 24632 24632 24632 24632 24632 19178 
26216 26216 26216 26216 26216 26216 26216 26216 26216 26216 26216 26216 20708 
26816 26816 26816 26816 26816 26816 26816 26816 26816 26816 26816 26816 21038 
29528 29528 29528 29528 29528 29528 29528 29528 29528 29528 29528 29528 23966 
26816 26816 26816 26816 26816 26816 26816 26816 26816 26816 26816 26816 21038 
24344 24344 24344 24344 24344 24344 24344 24344 24344 24344 24344 24344 18512 
29488 29488 29488 29488 29488 29488 29488 29488 29488 29488 29488 29488 23602 
24296 24296 24296 24296 24296 24296 24296 24296 24296 24296 24296 24296 18032 
31208 31208 31208 31208 31208 31208 31208 31208 31208 31208 31208 31208 24890 
27568 27568 27568 27568 27568 27568 27568 27568 27568 27568 27568 27568 21520 
29848 29848 29848 29848 29848 29848 29848 29848 29848 29848 29848 29848 23800 
24656 24656 24656 24656 24656 24656 24656 24656 24656 24656 24656 24656 18662 
23936 23936 23936 23936 23936 23936 23936 23936 23936 23936 23936 23936 18266 
26216 26216 26216 26216 26216 26216 26216 26216 26216 26216 26216 26216 20708 
26368 26368 26368 26368 26368 26368 26368 26368 26368 26368 26368 26368 20860 
23696 23696 23696 23696 23696 23696 23696 23696 23696 23696 23696 23696 17702 
25144 25144 25144 25144 25144 25144 25144 25144 25144 25144 25144 25144 18826 
23576 23576 23576 23576 23576 23576 23576 23576 23576 23576 23576 23576 17636 
29400 29400 29400 29400 29400 29400 29400 29400 29400 29400 29400 29400 23514 
27656 27656 27656 27656 27656 27656 27656 27656 27656 27656 27656 27656 21500 
26008 26008 26008 26008 26008 26008 26008 26008 26008 26008 26008 26008 20662 
26600 26600 26600 26600 26600 26600 26600 26600 26600 26600 26600 26600 20930 
26696 26696 26696 26696 26696 26696 26696 26696 26696 26696 26696 26696 20972 
23744 23744 23744 23744 23744 23744 23744 23744 23744 23744 23744 23744 18182 
24424 24424 24424 24424 24424 24424 24424 24424 24424 24424 24424 24424 18430 
24304 24304 24304 24304 24304 24304 24304 24304 24304 24304 24304 24304 18364 
27440 27440 27440 27440 27440 27440 27440 27440 27440 27440 27440 27440 21392 
24224 24224 24224 24224 24224 24224 24224 24224 24224 24224 24224 24224 18446 
27296 27296 27296 27296 27296 27296 27296 27296 27296 27296 27296 27296 21302 
25112 25112 25112 25112 25112 25112 25112 25112 25112 25112 25112 25112 18632 
27128 27128 27128 27128 27128 27128 27128 27128 27128 27128 27128 27128 21026 
24904 24904 24904 24904 24904 24904 24904 24904 24904 24904 24904 24904 18694 
24064 24064 24064 24064 24064 24064 24064 24064 24064 24064 24064 24064 17908 
30368 30368 30368 30368 30368 30368 30368 30368 30368 30368 30368 30368 24428 
23816 23816 23816 23816 23816 23816 23816 23816 23816 23816 23816 23816 17768 
25064 25064 25064 25064 25064 25064 25064 25064 25064 25064 25064 25064 18908 
26520 26520 26520 26520 26520 26520 26520 26520 26520 26520 26520 26520 19986 
26824 26824 26824 26824 26824 26824 26824 26824 26824 26824 26824 26824 21154 
26360 26360 26360 26360 26360 26360 26360 26360 26360 26360 26360 26360 20798 
26224 26224 26224 26224 26224 26224 26224 26224 26224 26224 26224 26224 20824 
29408 29408 29408 29408 29408 29408 29408 29408 29408 29408 29408 29408 23900 
24656 24656 24656 24656 24656 24656 24656 24656 24656 24656 24656 24656 18662 
31704 31704 31704 31704 31704 31704 31704 31704 31704 31704 31704 31704 25980 
28280 28280 28280 28280 28280 28280 28280 28280 28280 28280 28280 28280 21854 
26768 26768 26768 26768 26768 26768 26768 26768 26768 26768 26768 26768 20828 
32064 32064 32064 32064 32064 32064 32064 32064 32064 32064 32064 32064 26178 
25616 25616 25616 25616 25616 25616 25616 25616 25616 25616 25616 25616 20378 
13080 13080 13080 13080 13080 13080 13080 13080 13080 13080 13080 13080 7194 
18920 18920 18920 18920 18920 18920 18920 18920 18920 18920 18920 18920 13034 
24992 24992 24992 24992 24992 24992 24992 24992 24992 24992 24992 24992 18566 
23344 23344 23344 23344 23344 23344 23344 23344 23344 23344 23344 23344 17836 
26168 26168 26168 26168 26168 26168 26168 26168 26168 26168 26168 26168 20498 
31448 31448 31448 31448 31448 31448 31448 31448 31448 31448 31448 31448 25022 
24392 24392 24392 24392 24392 24392 24392 24392 24392 24392 24392 24392 18236 
30248 30248 30248 30248 30248 30248 30248 30248 30248 30248 30248 30248 24362 
26288 26288 26288 26288 26288 26288 26288 26288 26288 26288 26288 26288 20564 
27664 27664 27664 27664 27664 27664 27664 27664 27664 27664 27664 27664 21616 
27032 27032 27032 27032 27032 27032 27032 27032 27032 27032 27032 27032 20498 
17720 17720 17720 17720 17720 17720 17720 17720 17720 17720 17720 17720 12374 
27968 27968 27968 27968 27968 27968 27968 27968 27968 27968 27968 27968 21488 
23464 23464 23464 23464 23464 23464 23464 23464 23464 23464 23464 23464 17902 
24424 24424 24424 24424 24424 24424 24424 24424 24424 24424 24424 24424 18430 
27152 27152 27152 27152 27152 27152 27152 27152 27152 27152 27152 27152 20564 
27176 27176 27176 27176 27176 27176 27176 27176 27176 27176 27176 27176 21236 
24176 24176 24176 24176 24176 24176 24176 24176 24176 24176 24176 24176 17966 
30368 30368 30368 30368 30368 30368 30368 30368 30368 30368 30368 30368 24428 
]

ExternalWorkerWithSkillOnStintCost: [
39744 40536 29880 42192 32760 39384 37152 34704 31392 35568 28944 39312 38520 
40608 32112 43128 39888 37872 32328 29304 29448 33768 30528 39744 40032 34776 
39600 34704 30240 32832 32688 40896 40896 41760 32328 34632 30600 30600 34632 
33336 37656 32400 30600 42624 37944 31392 36144 39816 43056 30960 35928 34416 
37440 37008 37224 35928 29736 31176 29232 30096 35928 33120 35496 40752 35136 
36936 40752 35064 36360 33408 37872 40032 42192 39312 39096 29808 36144 38808 
]

OverlappingStints: [
[ 2 ]
[ 3 ]
[ 4 ]
[ 5 ]
[ 6 ]
[ 7 ]
[ 8 ]
[ 9 ]
[ 10 ]
[ 11 ]
[ 12 ]
[ 13 ]
[ ]
]

EmployeesWithSkill: [
[ 1 2 3 4 5 6 7 8 9 10 11 12 13 14 15 16 17 18 19 20 21 22 23 24 25 26 27 28 29 30 31 32 33 34 35 36 37 38 39 40 41 42 43 44 45 46 47 48 49 50 51 52 53 54 55 56 57 58 59 60 61 62 63 64 65 66 67 68 69 70 71 72 73 74 75 76 77 78 79 80 81 82 83 84 85 86 87 88 89 90 91 92 93 94 95 96 97 98 99 100 101 102 103 104 105 106 107 108 109 110 111 112 113 114 115 116 117 118 119 120 121 122 123 124 125 126 127 128 129 130 131 132 133 134 135 136 137 138 139 140 141 142 143 144 145 146 147 148 149 150 ]
[ 3 4 5 7 10 13 15 16 19 21 22 24 25 27 37 39 40 41 42 46 47 50 51 54 59 60 62 68 77 80 85 87 92 96 100 101 104 106 107 110 112 116 119 121 123 125 126 129 138 139 142 144 145 146 ]
[ 4 5 6 7 8 9 10 13 14 16 17 18 19 20 23 24 25 26 27 28 30 31 32 33 34 35 36 37 38 39 41 42 43 45 46 47 49 50 51 56 57 58 59 60 61 65 66 67 68 69 70 71 72 75 76 77 78 79 80 81 83 84 87 88 89 92 94 96 97 99 100 103 107 108 110 111 112 113 114 116 119 120 121 122 123 124 125 126 128 129 130 132 133 134 135 136 137 138 140 141 142 144 146 147 148 149 ]
[ 2 3 4 5 6 7 8 9 10 11 12 14 15 16 18 20 21 23 24 25 26 28 30 31 32 33 34 35 36 37 38 39 41 42 44 45 47 49 50 51 52 53 55 56 57 58 59 60 61 62 63 64 66 67 68 70 71 72 73 74 75 76 77 78 79 80 81 82 83 84 86 89 90 91 92 93 94 96 97 98 99 104 105 106 107 108 109 110 111 112 113 114 115 116 117 118 119 120 121 122 123 124 126 127 129 130 131 132 133 134 135 136 138 139 140 141 142 144 145 146 148 150 ]
[ 2 4 5 8 11 16 21 22 24 32 36 50 51 52 56 57 61 62 63 66 73 75 76 82 84 87 89 90 92 93 94 98 100 101 104 106 111 113 114 115 116 119 121 127 132 137 140 147 150 ]
[ 2 3 5 11 12 17 18 19 31 32 41 44 48 53 57 61 65 67 68 71 73 76 82 89 90 91 96 97 98 99 110 113 118 125 127 128 139 141 147 ]
]

SkillDemandInActivityWithMode: [
0	1	
12	19	
3	6	
6	10	
6	10	
13	21	
2	4	
3	6	
3	6	
10	16	
13	21	
5	9	
14	22	
6	10	
7	12	
13	21	
6	10	
13	21	
10	16	
8	13	
11	18	
9	15	
7	12	
8	13	
13	21	
12	19	
4	7	
14	22	
2	4	
12	19	
14	22	
18	28	
15	24	
6	10	
13	21	
12	19	
15	24	
13	21	
10	16	
9	15	
8	13	
7	12	
2	4	
15	24	
14	22	
9	15	
9	15	
9	15	
3	6	
12	19	
12	19	

0	1	
4	7	
1	3	
1	3	
1	3	
4	7	
0	1	
1	3	
0	1	
3	6	
4	7	
1	3	
4	7	
1	3	
2	4	
4	7	
2	4	
4	7	
3	6	
2	4	
3	6	
3	6	
2	4	
2	4	
4	7	
4	7	
1	3	
4	7	
0	1	
4	7	
4	7	
6	10	
5	9	
1	3	
4	7	
4	7	
5	9	
4	7	
3	6	
3	6	
2	4	
2	4	
0	1	
5	9	
4	7	
3	6	
3	6	
2	4	
0	1	
4	7	
4	7	

0	1	
8	13	
2	4	
3	6	
3	6	
9	15	
1	3	
2	4	
1	3	
6	10	
9	15	
3	6	
9	15	
3	6	
4	7	
9	15	
4	7	
9	15	
6	10	
4	7	
7	12	
6	10	
4	7	
4	7	
8	13	
8	13	
2	4	
9	15	
1	3	
8	13	
9	15	
12	19	
10	16	
3	6	
9	15	
8	13	
10	16	
9	15	
6	10	
6	10	
5	9	
4	7	
1	3	
10	16	
9	15	
6	10	
6	10	
5	9	
1	3	
8	13	
8	13	

0	1	
9	15	
2	4	
4	7	
4	7	
10	16	
1	3	
2	4	
2	4	
7	12	
10	16	
3	6	
11	18	
4	7	
5	9	
10	16	
4	7	
10	16	
7	12	
5	9	
8	13	
7	12	
5	9	
5	9	
9	15	
9	15	
2	4	
11	18	
1	3	
9	15	
11	18	
13	21	
11	18	
4	7	
10	16	
9	15	
11	18	
10	16	
7	12	
6	10	
6	10	
5	9	
1	3	
11	18	
11	18	
6	10	
6	10	
6	10	
2	4	
9	15	
9	15	

0	1	
3	6	
0	1	
1	3	
1	3	
4	7	
0	1	
0	1	
0	1	
3	6	
4	7	
1	3	
4	7	
1	3	
2	4	
4	7	
1	3	
4	7	
3	6	
2	4	
3	6	
2	4	
2	4	
2	4	
3	6	
3	6	
1	3	
4	7	
0	1	
3	6	
4	7	
5	9	
4	7	
1	3	
4	7	
3	6	
4	7	
4	7	
3	6	
2	4	
2	4	
2	4	
0	1	
4	7	
4	7	
2	4	
2	4	
2	4	
0	1	
3	6	
3	6	

0	1	
2	4	
0	1	
1	3	
1	3	
3	6	
0	1	
0	1	
0	1	
2	4	
3	6	
1	3	
3	6	
1	3	
1	3	
3	6	
1	3	
3	6	
2	4	
1	3	
2	4	
2	4	
1	3	
1	3	
3	6	
2	4	
0	1	
3	6	
0	1	
2	4	
3	6	
4	7	
3	6	
1	3	
3	6	
2	4	
3	6	
3	6	
2	4	
2	4	
1	3	
1	3	
0	1	
3	6	
3	6	
2	4	
2	4	
2	4	
0	1	
2	4	
2	4	

]

EmployeeAvailability: [
1 1 1 1 1 1 1 1 1 1 1 1 1 
1 1 1 1 1 1 0 1 1 1 1 1 1 
1 1 0 1 1 1 1 1 1 1 1 0 1 
1 1 1 1 1 1 1 1 1 1 1 1 1 
1 1 1 1 1 1 1 1 1 1 1 1 1 
1 1 1 1 1 1 1 1 1 1 1 1 1 
1 1 1 1 1 1 1 1 1 1 1 1 1 
1 1 1 1 1 1 0 1 1 0 1 1 1 
1 1 1 1 1 1 1 1 1 0 1 1 1 
0 1 1 1 1 1 1 1 1 1 1 1 1 
1 1 1 1 0 1 1 1 0 1 1 0 1 
1 1 1 1 1 1 1 1 1 1 1 1 1 
1 0 1 1 1 1 1 1 1 1 1 0 1 
1 1 1 1 1 1 1 1 1 1 1 1 1 
1 1 1 1 1 1 1 1 1 1 0 1 1 
1 1 1 1 1 1 1 1 1 1 1 1 1 
1 1 1 1 1 1 1 0 1 1 1 1 1 
1 1 1 0 1 1 1 1 1 1 1 1 1 
1 0 1 1 1 1 1 1 1 1 1 1 1 
1 1 1 1 1 1 1 1 1 1 1 1 1 
1 1 1 1 1 1 1 1 1 1 1 1 0 
1 1 1 1 1 1 1 1 1 1 1 1 0 
1 1 1 1 0 0 1 1 1 1 1 1 1 
0 1 1 1 1 1 0 1 1 1 1 1 1 
1 1 0 0 1 0 1 1 1 1 1 1 1 
1 1 1 1 1 1 1 1 1 1 1 1 1 
1 1 1 1 1 1 1 1 1 0 1 1 1 
0 1 1 1 1 0 1 1 0 1 1 1 1 
1 1 1 1 1 1 1 1 1 1 1 1 1 
1 1 1 0 1 1 1 1 0 1 1 1 1 
1 0 1 1 1 1 1 1 1 1 1 1 1 
1 1 1 1 0 1 1 0 1 1 1 1 1 
1 1 1 1 0 1 1 1 1 1 1 1 0 
0 1 1 1 1 1 1 1 1 1 1 1 1 
1 1 1 1 1 1 0 1 1 1 1 1 1 
1 1 1 0 1 1 1 1 1 1 1 1 1 
1 1 1 1 0 0 1 1 1 1 1 1 1 
1 0 1 1 1 1 1 1 1 1 1 1 1 
1 1 1 1 0 1 1 0 1 1 1 1 1 
1 1 1 1 1 1 1 1 1 1 1 1 1 
1 1 1 0 1 1 1 1 1 1 1 1 1 
1 1 1 1 1 1 1 1 1 1 1 1 1 
1 1 1 1 1 1 1 1 1 1 1 1 1 
1 1 1 1 1 1 1 1 1 1 1 1 1 
1 1 1 1 1 1 1 1 1 1 1 1 1 
1 0 1 1 0 1 1 1 1 1 1 1 1 
1 1 1 1 1 0 1 0 1 1 1 1 1 
1 1 1 1 0 1 1 1 1 1 1 1 1 
1 1 1 1 1 1 1 1 1 1 1 0 1 
1 1 1 1 1 1 1 1 1 1 1 1 1 
1 1 1 1 1 1 0 1 1 1 1 1 1 
1 0 1 1 1 1 1 1 1 1 1 1 1 
1 1 0 1 1 1 1 1 0 1 1 1 1 
1 1 1 1 1 1 1 1 1 1 1 1 1 
1 1 1 1 1 1 0 1 1 1 1 1 1 
1 1 1 1 1 1 1 1 1 1 1 1 1 
1 1 1 1 1 1 1 1 1 1 1 1 1 
1 1 1 1 1 1 1 0 1 1 1 0 1 
1 1 1 1 1 0 1 1 1 1 1 1 1 
1 1 1 1 0 1 1 1 0 1 1 1 1 
1 1 1 0 1 1 1 1 1 1 1 1 1 
1 1 1 1 1 0 1 1 1 1 1 1 1 
1 1 1 1 1 1 1 1 1 1 1 1 0 
1 1 1 0 1 1 1 1 1 1 1 1 1 
1 1 0 0 1 1 1 0 1 1 1 1 1 
1 1 1 0 1 1 1 1 1 0 1 1 1 
1 1 0 1 1 1 1 1 1 1 1 1 1 
1 1 1 1 1 1 1 1 1 0 1 1 1 
1 1 1 1 1 1 0 1 0 1 1 1 1 
1 1 1 1 1 1 1 0 1 1 1 1 0 
1 1 1 1 1 1 1 1 1 1 1 1 1 
0 0 1 1 1 1 1 1 1 1 1 1 1 
1 1 0 0 1 1 1 1 1 1 1 1 1 
1 1 1 0 1 1 1 1 1 0 1 0 1 
1 1 1 1 1 1 1 1 1 1 1 1 1 
1 1 1 1 1 1 1 1 0 1 0 1 0 
1 1 0 1 1 1 1 1 1 1 1 0 1 
1 1 1 1 1 1 1 1 1 0 1 1 1 
1 1 1 0 1 0 1 1 1 1 1 1 0 
1 1 1 1 1 1 1 1 1 1 1 1 1 
1 1 1 1 1 0 1 1 1 0 1 1 1 
1 1 1 1 1 1 1 1 1 1 1 1 1 
1 1 1 1 1 1 1 1 0 1 1 1 1 
1 1 1 1 1 1 1 1 1 1 1 1 1 
1 1 1 1 1 1 1 1 1 1 1 1 1 
0 1 1 0 1 1 1 1 1 1 1 1 1 
1 1 1 1 1 1 1 1 0 1 1 1 1 
1 1 1 1 0 1 0 1 1 1 1 1 1 
1 1 1 1 1 1 1 1 1 1 1 1 1 
1 1 1 1 1 1 1 1 1 1 1 1 1 
0 1 1 1 1 1 1 1 1 1 1 1 1 
1 1 1 1 1 1 1 1 1 1 1 0 1 
1 0 0 1 1 1 1 0 1 1 1 1 1 
1 1 1 1 1 1 1 1 1 1 1 1 1 
1 1 1 1 1 0 1 1 1 1 1 1 1 
1 1 1 1 1 1 1 1 0 1 1 1 1 
1 1 1 1 1 1 0 1 1 1 1 0 1 
1 1 0 1 1 1 1 1 1 1 1 1 1 
1 1 1 0 1 1 1 1 1 1 1 0 1 
1 1 1 0 1 1 1 1 1 1 1 0 0 
1 1 1 1 1 1 1 1 1 1 1 1 1 
1 1 1 1 1 1 1 1 1 0 1 1 1 
1 1 1 1 1 1 1 1 1 1 1 1 1 
1 1 1 1 0 1 1 0 1 1 1 1 1 
1 1 1 1 1 1 1 1 1 0 1 0 1 
1 1 1 1 1 1 1 1 1 1 1 0 1 
1 0 1 1 1 1 1 1 1 1 1 0 1 
1 1 1 1 1 1 1 1 1 1 1 0 1 
1 1 0 0 0 1 1 1 1 1 1 1 1 
1 1 1 0 1 1 1 1 1 0 1 0 1 
0 1 1 0 1 1 1 1 1 1 1 1 1 
1 1 0 1 1 1 1 0 1 0 1 1 1 
1 1 1 0 1 1 1 1 1 1 1 1 0 
1 1 1 1 1 1 1 1 1 1 1 1 1 
1 1 1 1 1 1 1 1 1 1 0 1 1 
1 1 0 1 1 0 1 1 1 1 1 0 1 
1 0 1 0 1 1 1 1 1 1 1 1 1 
1 1 1 1 1 1 1 1 1 1 1 1 1 
1 1 1 1 1 1 1 1 1 1 1 1 1 
1 1 1 1 1 1 1 1 0 1 1 1 1 
1 1 1 1 1 1 1 1 1 1 0 0 1 
1 1 1 1 1 1 1 1 1 1 1 1 1 
1 1 1 1 1 1 1 1 0 1 1 1 1 
1 1 1 1 1 0 0 1 1 1 1 0 1 
1 1 1 1 1 1 1 1 1 1 1 1 1 
1 1 1 1 1 1 1 1 1 1 1 1 1 
1 1 0 1 1 1 1 0 1 1 1 1 1 
1 1 1 1 1 1 1 1 1 1 1 1 1 
1 1 0 1 1 1 1 1 1 1 1 1 1 
1 0 1 1 1 1 1 1 1 0 1 1 1 
1 0 1 1 1 1 1 1 1 0 1 1 1 
1 1 1 1 1 1 1 1 1 1 1 1 1 
0 1 1 1 1 1 0 1 0 1 1 1 1 
1 1 1 1 1 1 1 1 1 1 1 1 1 
1 1 1 1 1 1 1 1 0 1 1 1 1 
1 1 1 1 1 1 1 1 1 0 1 1 1 
1 1 1 1 1 1 1 1 1 1 1 0 1 
1 1 1 1 1 0 1 1 0 1 1 1 1 
1 1 1 1 1 1 1 1 1 1 1 1 1 
1 1 0 1 1 1 1 1 1 0 1 1 0 
1 0 1 0 1 1 1 1 1 1 1 1 1 
1 1 1 1 1 1 0 1 1 1 1 0 1 
1 1 0 1 1 1 1 1 1 1 1 1 1 
1 1 1 1 1 1 1 1 1 1 0 1 1 
0 1 1 0 1 1 1 0 1 1 1 1 1 
1 1 1 0 1 1 1 1 1 1 1 0 1 
1 1 1 1 1 1 1 1 1 1 1 1 1 
1 0 0 1 1 1 1 1 1 1 1 1 1 
1 1 1 1 1 1 1 1 1 1 1 1 1 
1 1 1 1 1 1 1 1 1 1 1 1 0 
]

EmployeeWantedInStint: [ (7 8) 1 (15 1) 1 (15 5) 1 (20 3) 1 (26 11) 1 (30 11) 1 (32 6) 1 (33 4) 1 (38 8) 1 (52 5) 1 (58 1) 1 (58 5) 1 (58 12) 1 (66 8) 1 (69 8) 1 (70 8) 1 (79 4) 1 (82 2) 1 (82 5) 1 (88 11) 1 (89 13) 1 (92 1) 1 (94 13) 1 (98 2) 1 (98 4) 1 (104 12) 1 (111 12) 1 (113 3) 1 (116 13) 1 (126 12) 1 (130 1) 1 (131 12) 1 (133 8) 1 (138 9) 1 (142 7) 1 (146 13) 1 (148 1) 1 ]

EmployeeWantedViolationCost: [ (7 8) 8000 (15 1) 11000 (15 5) 7000 (20 3) 11000 (26 11) 12000 (30 11) 10000 (32 6) 14000 (33 4) 6000 (38 8) 14000 (52 5) 8000 (58 1) 8000 (58 5) 9000 (58 12) 14000 (66 8) 8000 (69 8) 9000 (70 8) 13000 (79 4) 10000 (82 2) 5000 (82 5) 15000 (88 11) 15000 (89 13) 11000 (92 1) 7000 (94 13) 5000 (98 2) 9000 (98 4) 13000 (104 12) 5000 (111 12) 5000 (113 3) 12000 (116 13) 13000 (126 12) 10000 (130 1) 14000 (131 12) 14000 (133 8) 8000 (138 9) 8000 (142 7) 13000 (146 13) 8000 (148 1) 12000 ]

EmployeesThatShouldNotWorkTogetherWithEmployee: [
[ 45 119 125 136 ]
[ 4 8 34 84 114 118 ]
[ 39 43 71 86 92 131 ]
[ 30 70 73 82 97 102 104 124 ]
[ 28 62 77 104 105 118 ]
[ 43 111 119 ]
[ 8 67 113 141 ]
[ 16 17 38 40 63 88 144 ]
[ 18 69 95 121 ]
[ 36 63 94 107 ]
[ 23 93 124 144 ]
[ 18 23 38 41 46 63 102 113 115 138 150 ]
[ 34 107 ]
[ 22 74 121 127 ]
[ 118 129 ]
[ 23 42 48 56 99 ]
[ 29 37 58 80 116 118 128 ]
[ 44 58 87 96 ]
[ 59 64 93 104 ]
[ 23 38 55 90 94 96 110 119 128 ]
[ 26 47 59 65 123 125 ]
[ 44 60 80 89 99 114 ]
[ 76 106 113 134 ]
[ 32 41 68 ]
[ 38 47 78 95 131 145 ]
[ 50 58 125 143 ]
[ 80 117 128 144 ]
[ 71 87 96 149 ]
[ 35 65 68 105 ]
[ 58 102 115 ]
[ 72 85 92 149 ]
[ 43 78 144 ]
[ 49 54 80 113 132 ]
[ 47 79 87 122 127 136 ]
[ 57 81 87 109 111 126 ]
[ 51 60 64 67 83 105 146 ]
[ 45 87 94 96 120 ]
[ 84 97 ]
[ 46 66 ]
[ 46 66 82 90 114 122 143 145 ]
[ 108 125 ]
[ 112 145 ]
[ 110 ]
[ 92 111 128 ]
[ 59 71 136 144 ]
[ 73 78 100 102 115 121 132 142 ]
[ 60 65 80 81 143 ]
[ 50 58 64 74 83 86 89 ]
[ 54 89 96 108 110 ]
[ 59 76 111 133 136 ]
[ 54 58 101 108 124 126 148 ]
[ 73 76 123 150 ]
[ 66 69 89 ]
[ 60 75 104 108 115 ]
[ 56 90 107 141 145 150 ]
[ 60 61 109 ]
[ 63 76 119 133 ]
[ 136 148 ]
[ 75 84 94 ]
[ 68 103 129 ]
[ 79 85 96 99 106 122 124 133 135 136 ]
[ 65 74 78 79 84 120 122 144 147 ]
[ 73 88 ]
[ 83 113 114 ]
[ 74 77 94 103 111 141 ]
[ ]
[ 73 122 ]
[ 74 81 111 114 116 146 ]
[ 70 71 78 89 94 103 129 131 ]
[ 73 74 113 ]
[ 85 94 123 145 ]
[ 74 75 87 ]
[ 88 123 138 ]
[ 83 93 132 ]
[ 92 102 114 138 142 ]
[ 97 109 118 ]
[ 83 102 ]
[ 111 ]
[ 111 133 ]
[ 117 131 ]
[ 142 ]
[ ]
[ 92 ]
[ 89 107 108 122 126 127 ]
[ 96 104 127 141 142 ]
[ 90 99 128 ]
[ 90 106 113 126 131 ]
[ 107 114 130 ]
[ 99 113 116 131 132 ]
[ 94 133 ]
[ 100 142 ]
[ 96 100 140 145 ]
[ 104 105 106 141 144 ]
[ 126 ]
[ 120 ]
[ ]
[ 104 132 135 ]
[ ]
[ 108 121 ]
[ 136 ]
[ 115 136 142 ]
[ 133 147 ]
[ 128 ]
[ 138 145 ]
[ 129 ]
[ 138 149 ]
[ 129 ]
[ 143 ]
[ 140 149 ]
[ 135 147 ]
[ 135 ]
[ 116 123 ]
[ 115 131 ]
[ 126 140 142 147 ]
[ ]
[ 121 ]
[ 121 125 133 ]
[ 119 ]
[ 145 150 ]
[ ]
[ 147 ]
[ 130 136 ]
[ 148 ]
[ ]
[ ]
[ ]
[ 128 143 ]
[ 135 ]
[ ]
[ 137 ]
[ 146 ]
[ 139 ]
[ 147 149 ]
[ 137 ]
[ ]
[ ]
[ 147 ]
[ ]
[ ]
[ ]
[ ]
[ 145 ]
[ 149 ]
[ 145 ]
[ ]
[ ]
[ ]
[ ]
[ ]
[ ]
]

ShouldNotWorkTogetherCost: [ (1 45) 297 (1 119) 297 (1 125) 396 (1 136) 297 (2 4) 297 (2 8) 297 (2 34) 198 (2 84) 99 (2 114) 198 (2 118) 297 (3 39) 99 (3 43) 297 (3 71) 297 (3 86) 198 (3 92) 99 (3 131) 198 (4 30) 99 (4 70) 396 (4 73) 297 (4 82) 99 (4 97) 297 (4 102) 99 (4 104) 297 (4 124) 396 (5 28) 99 (5 62) 297 (5 77) 99 (5 104) 198 (5 105) 198 (5 118) 99 (6 43) 297 (6 111) 198 (6 119) 396 (7 8) 198 (7 67) 198 (7 113) 198 (7 141) 99 (8 16) 297 (8 17) 99 (8 38) 396 (8 40) 396 (8 63) 99 (8 88) 99 (8 144) 297 (9 18) 198 (9 69) 99 (9 95) 198 (9 121) 198 (10 36) 297 (10 63) 198 (10 94) 297 (10 107) 198 (11 23) 297 (11 93) 396 (11 124) 198 (11 144) 396 (12 18) 99 (12 23) 99 (12 38) 297 (12 41) 99 (12 46) 198 (12 63) 198 (12 102) 198 (12 113) 396 (12 115) 198 (12 138) 198 (12 150) 99 (13 34) 297 (13 107) 198 (14 22) 99 (14 74) 99 (14 121) 297 (14 127) 396 (15 118) 99 (15 129) 198 (16 23) 297 (16 42) 198 (16 48) 99 (16 56) 297 (16 99) 99 (17 29) 297 (17 37) 198 (17 58) 198 (17 80) 198 (17 116) 99 (17 118) 396 (17 128) 297 (18 44) 396 (18 58) 396 (18 87) 198 (18 96) 99 (19 59) 198 (19 64) 99 (19 93) 297 (19 104) 99 (20 23) 297 (20 38) 396 (20 55) 198 (20 90) 297 (20 94) 396 (20 96) 396 (20 110) 99 (20 119) 198 (20 128) 297 (21 26) 396 (21 47) 396 (21 59) 99 (21 65) 198 (21 123) 198 (21 125) 297 (22 44) 198 (22 60) 297 (22 80) 297 (22 89) 99 (22 99) 396 (22 114) 297 (23 76) 99 (23 106) 99 (23 113) 198 (23 134) 297 (24 32) 297 (24 41) 99 (24 68) 198 (25 38) 198 (25 47) 198 (25 78) 198 (25 95) 297 (25 131) 297 (25 145) 396 (26 50) 297 (26 58) 198 (26 125) 198 (26 143) 99 (27 80) 99 (27 117) 297 (27 128) 198 (27 144) 396 (28 71) 396 (28 87) 198 (28 96) 198 (28 149) 99 (29 35) 396 (29 65) 198 (29 68) 198 (29 105) 396 (30 58) 99 (30 102) 99 (30 115) 297 (31 72) 396 (31 85) 297 (31 92) 198 (31 149) 396 (32 43) 99 (32 78) 99 (32 144) 396 (33 49) 198 (33 54) 99 (33 80) 198 (33 113) 396 (33 132) 297 (34 47) 297 (34 79) 297 (34 87) 99 (34 122) 396 (34 127) 396 (34 136) 396 (35 57) 99 (35 81) 99 (35 87) 198 (35 109) 99 (35 111) 297 (35 126) 198 (36 51) 99 (36 60) 198 (36 64) 198 (36 67) 297 (36 83) 99 (36 105) 99 (36 146) 99 (37 45) 198 (37 87) 198 (37 94) 198 (37 96) 396 (37 120) 396 (38 84) 99 (38 97) 198 (39 46) 198 (39 66) 396 (40 46) 99 (40 66) 99 (40 82) 297 (40 90) 396 (40 114) 297 (40 122) 99 (40 143) 396 (40 145) 198 (41 108) 297 (41 125) 396 (42 112) 99 (42 145) 297 (43 110) 396 (44 92) 198 (44 111) 396 (44 128) 396 (45 59) 198 (45 71) 198 (45 136) 99 (45 144) 396 (46 73) 198 (46 78) 396 (46 100) 396 (46 102) 297 (46 115) 297 (46 121) 198 (46 132) 396 (46 142) 198 (47 60) 99 (47 65) 396 (47 80) 297 (47 81) 198 (47 143) 396 (48 50) 297 (48 58) 396 (48 64) 198 (48 74) 99 (48 83) 297 (48 86) 297 (48 89) 396 (49 54) 99 (49 89) 396 (49 96) 297 (49 108) 99 (49 110) 297 (50 59) 396 (50 76) 297 (50 111) 198 (50 133) 99 (50 136) 198 (51 54) 198 (51 58) 99 (51 101) 198 (51 108) 198 (51 124) 99 (51 126) 396 (51 148) 297 (52 73) 396 (52 76) 396 (52 123) 297 (52 150) 99 (53 66) 297 (53 69) 99 (53 89) 198 (54 60) 297 (54 75) 297 (54 104) 396 (54 108) 396 (54 115) 99 (55 56) 396 (55 90) 99 (55 107) 99 (55 141) 99 (55 145) 396 (55 150) 297 (56 60) 396 (56 61) 99 (56 109) 396 (57 63) 297 (57 76) 297 (57 119) 396 (57 133) 99 (58 136) 396 (58 148) 198 (59 75) 198 (59 84) 99 (59 94) 99 (60 68) 396 (60 103) 396 (60 129) 198 (61 79) 396 (61 85) 297 (61 96) 198 (61 99) 297 (61 106) 297 (61 122) 99 (61 124) 297 (61 133) 198 (61 135) 198 (61 136) 396 (62 65) 297 (62 74) 396 (62 78) 297 (62 79) 297 (62 84) 99 (62 120) 396 (62 122) 297 (62 144) 99 (62 147) 99 (63 73) 297 (63 88) 198 (64 83) 396 (64 113) 99 (64 114) 198 (65 74) 99 (65 77) 99 (65 94) 198 (65 103) 99 (65 111) 198 (65 141) 297 (67 73) 99 (67 122) 99 (68 74) 396 (68 81) 99 (68 111) 99 (68 114) 396 (68 116) 198 (68 146) 396 (69 70) 396 (69 71) 99 (69 78) 198 (69 89) 396 (69 94) 297 (69 103) 396 (69 129) 297 (69 131) 396 (70 73) 396 (70 74) 396 (70 113) 297 (71 85) 297 (71 94) 99 (71 123) 198 (71 145) 297 (72 74) 99 (72 75) 198 (72 87) 198 (73 88) 99 (73 123) 99 (73 138) 198 (74 83) 396 (74 93) 99 (74 132) 396 (75 92) 198 (75 102) 396 (75 114) 99 (75 138) 198 (75 142) 396 (76 97) 396 (76 109) 396 (76 118) 99 (77 83) 99 (77 102) 99 (78 111) 198 (79 111) 396 (79 133) 396 (80 117) 198 (80 131) 198 (81 142) 396 (83 92) 396 (84 89) 198 (84 107) 297 (84 108) 297 (84 122) 297 (84 126) 99 (84 127) 396 (85 96) 396 (85 104) 99 (85 127) 297 (85 141) 396 (85 142) 198 (86 90) 396 (86 99) 99 (86 128) 396 (87 90) 297 (87 106) 396 (87 113) 297 (87 126) 198 (87 131) 198 (88 107) 297 (88 114) 99 (88 130) 396 (89 99) 99 (89 113) 396 (89 116) 396 (89 131) 198 (89 132) 198 (90 94) 396 (90 133) 198 (91 100) 297 (91 142) 297 (92 96) 99 (92 100) 99 (92 140) 297 (92 145) 297 (93 104) 396 (93 105) 396 (93 106) 99 (93 141) 297 (93 144) 396 (94 126) 396 (95 120) 297 (97 104) 99 (97 132) 99 (97 135) 198 (99 108) 198 (99 121) 99 (100 136) 297 (101 115) 198 (101 136) 198 (101 142) 297 (102 133) 396 (102 147) 396 (103 128) 99 (104 138) 198 (104 145) 198 (105 129) 396 (106 138) 297 (106 149) 198 (107 129) 99 (108 143) 198 (109 140) 297 (109 149) 297 (110 135) 99 (110 147) 198 (111 135) 297 (112 116) 99 (112 123) 99 (113 115) 396 (113 131) 198 (114 126) 99 (114 140) 99 (114 142) 99 (114 147) 198 (116 121) 297 (117 121) 297 (117 125) 99 (117 133) 198 (118 119) 198 (119 145) 396 (119 150) 99 (121 147) 198 (122 130) 396 (122 136) 396 (123 148) 198 (127 128) 396 (127 143) 297 (128 135) 396 (130 137) 396 (131 146) 99 (132 139) 198 (133 147) 99 (133 149) 198 (134 137) 99 (137 147) 198 (142 145) 396 (143 149) 297 (144 145) 99 ]

ImmediatePredecessorsToActivity: [
[ ]
[ 1 ]
[ 2 ]
[ 1 ]
[ 1 ]
[ 1 ]
[ 1 ]
[ 6 ]
[ 1 ]
[ 6 9 ]
[ 3 4 6 9 ]
[ 4 9 ]
[ 2 ]
[ 2 8 ]
[ 2 4 ]
[ 8 11 13 ]
[ 8 13 ]
[ 5 8 10 11 15 ]
[ 10 13 15 ]
[ 3 8 9 ]
[ 5 8 11 ]
[ 3 9 ]
[ 3 9 ]
[ 1 ]
[ 8 13 ]
[ 6 9 25 ]
[ 1 ]
[ 11 25 27 ]
[ 1 ]
[ 5 11 24 ]
[ 5 15 24 27 ]
[ 11 24 25 ]
[ 3 10 13 31 ]
[ 31 ]
[ 3 13 15 27 ]
[ 2 8 11 ]
[ 5 8 10 15 27 ]
[ 9 27 ]
[ 6 25 35 ]
[ 8 9 31 ]
[ 13 24 ]
[ 2 38 41 ]
[ 1 ]
[ 8 38 41 ]
[ 9 31 ]
[ 3 5 8 15 27 ]
[ 10 13 ]
[ 38 ]
[ 13 ]
[ 27 49 ]
[ 3 4 10 38 ]
]

ActivitiesInProject: [
[ 1 2 3 4 5 6 7 8 9 10 11 12 13 14 15 16 17 18 19 20 21 22 23 24 25 26 27 28 29 30 31 32 33 34 35 36 37 38 39 40 41 42 43 44 45 46 47 48 49 50 51 ]
]

nActivityModes: [ 2 2 2 2 2 2 2 2 2 2 2 2 2 2 2 2 2 2 2 2 2 2 2 2 2 2 2 2 2 2 2 2 2 2 2 2 2 2 2 2 2 2 2 2 2 2 2 2 2 2 2 ]

ActivityDurationWithMode: [
1	1	
18	12	
72	48	
37	25	
37	25	
16	11	
129	86	
71	48	
80	54	
21	14	
16	11	
44	30	
15	10	
38	26	
32	22	
16	11	
36	24	
16	11	
21	14	
29	20	
20	14	
23	16	
32	22	
29	20	
17	12	
18	12	
65	44	
15	10	
118	79	
18	12	
15	10	
12	8	
14	10	
39	26	
16	11	
18	12	
14	10	
16	11	
21	14	
24	16	
27	18	
30	20	
113	76	
14	10	
15	10	
24	16	
24	16	
25	17	
76	51	
18	12	
18	12	
]

StintsInProject: [
[ 1 2 3 4 5 6 7 8 9 10 11 12 13 ]
]

WorkingStintsOnDay: [
[ 1 ]
[ 1 ]
[ 1 ]
[ 1 ]
[ 1 ]
[ 1 ]
[ 1 ]
[ 1 ]
[ 1 ]
[ 1 ]
[ 1 ]
[ 1 ]
[ ]
[ ]
[ 2 ]
[ 2 ]
[ 2 ]
[ 2 ]
[ 2 ]
[ 2 ]
[ 2 ]
[ 2 ]
[ 2 ]
[ 2 ]
[ 2 ]
[ 2 ]
[ ]
[ ]
[ 3 ]
[ 3 ]
[ 3 ]
[ 3 ]
[ 3 ]
[ 3 ]
[ 3 ]
[ 3 ]
[ 3 ]
[ 3 ]
[ 3 ]
[ 3 ]
[ ]
[ ]
[ 4 ]
[ 4 ]
[ 4 ]
[ 4 ]
[ 4 ]
[ 4 ]
[ 4 ]
[ 4 ]
[ 4 ]
[ 4 ]
[ 4 ]
[ 4 ]
[ ]
[ ]
[ 5 ]
[ 5 ]
[ 5 ]
[ 5 ]
[ 5 ]
[ 5 ]
[ 5 ]
[ 5 ]
[ 5 ]
[ 5 ]
[ 5 ]
[ 5 ]
[ ]
[ ]
[ 6 ]
[ 6 ]
[ 6 ]
[ 6 ]
[ 6 ]
[ 6 ]
[ 6 ]
[ 6 ]
[ 6 ]
[ 6 ]
[ 6 ]
[ 6 ]
[ ]
[ ]
[ 7 ]
[ 7 ]
[ 7 ]
[ 7 ]
[ 7 ]
[ 7 ]
[ 7 ]
[ 7 ]
[ 7 ]
[ 7 ]
[ 7 ]
[ 7 ]
[ ]
[ ]
[ 8 ]
[ 8 ]
[ 8 ]
[ 8 ]
[ 8 ]
[ 8 ]
[ 8 ]
[ 8 ]
[ 8 ]
[ 8 ]
[ 8 ]
[ 8 ]
[ ]
[ ]
[ 9 ]
[ 9 ]
[ 9 ]
[ 9 ]
[ 9 ]
[ 9 ]
[ 9 ]
[ 9 ]
[ 9 ]
[ 9 ]
[ 9 ]
[ 9 ]
[ ]
[ ]
[ 10 ]
[ 10 ]
[ 10 ]
[ 10 ]
[ 10 ]
[ 10 ]
[ 10 ]
[ 10 ]
[ 10 ]
[ 10 ]
[ 10 ]
[ 10 ]
[ ]
[ ]
[ 11 ]
[ 11 ]
[ 11 ]
[ 11 ]
[ 11 ]
[ 11 ]
[ 11 ]
[ 11 ]
[ 11 ]
[ 11 ]
[ 11 ]
[ 11 ]
[ ]
[ ]
[ 12 ]
[ 12 ]
[ 12 ]
[ 12 ]
[ 12 ]
[ 12 ]
[ 12 ]
[ 12 ]
[ 12 ]
[ 12 ]
[ 12 ]
[ 12 ]
[ ]
[ ]
[ 13 ]
[ 13 ]
[ 13 ]
[ 13 ]
[ 13 ]
[ 13 ]
[ 13 ]
[ 13 ]
[ 13 ]
[ 13 ]
[ 13 ]
[ 13 ]
]

ProjectStart: [ 19 ]

ProjectEnd: [ 169 ]

EarliestStartDayForActivity: [ 1 19 39 19 19 19 19 37 19 111 123 111 39 120 62 143 120 143 136 123 143 123 123 19 120 139 19 143 19 143 100 143 136 117 123 143 136 111 143 120 58 131 19 131 117 123 136 131 58 146 136 ]

LatestStartDayForActivity: [ 1 169 169 169 169 169 169 169 169 169 169 169 169 169 169 169 169 169 169 169 169 169 169 169 169 169 169 169 169 169 169 169 169 169 169 169 169 169 169 169 169 169 169 169 169 169 169 169 169 169 169 ]

EquipmentTypeDemandInActivityWithMode: [
0	1	
1	3	
0	1	
2	4	
0	1	
2	4	
0	1	
1	3	
0	1	
2	4	
4	7	
3	6	
0	1	
2	4	
1	3	
0	1	
0	1	
1	3	
1	3	
1	3	
1	3	
3	6	
2	4	
3	6	
0	1	
1	3	
2	4	
4	7	
3	6	
2	4	
2	4	
2	4	
4	7	
0	1	
1	3	
0	1	
0	1	
2	4	
1	3	
1	3	
1	3	
3	6	
0	1	
1	3	
0	1	
4	7	
2	4	
0	1	
1	3	
2	4	
1	3	

0	1	
0	1	
0	1	
0	1	
2	4	
1	3	
4	7	
3	6	
2	4	
1	3	
1	3	
1	3	
1	3	
3	6	
2	4	
2	4	
2	4	
1	3	
3	6	
3	6	
2	4	
1	3	
1	3	
4	7	
2	4	
2	4	
0	1	
0	1	
2	4	
0	1	
0	1	
1	3	
2	4	
0	1	
2	4	
1	3	
0	1	
0	1	
2	4	
2	4	
0	1	
2	4	
1	3	
2	4	
1	3	
2	4	
1	3	
1	3	
0	1	
2	4	
2	4	

0	1	
2	4	
1	3	
1	3	
1	3	
0	1	
1	3	
1	3	
1	3	
2	4	
1	3	
0	1	
3	6	
2	4	
2	4	
0	1	
2	4	
1	3	
3	6	
2	4	
1	3	
1	3	
2	4	
1	3	
0	1	
1	3	
2	4	
0	1	
1	3	
2	4	
0	1	
4	7	
1	3	
3	6	
2	4	
1	3	
4	7	
3	6	
0	1	
1	3	
1	3	
0	1	
0	1	
1	3	
0	1	
1	3	
4	7	
1	3	
2	4	
2	4	
1	3	

0	1	
0	1	
2	4	
2	4	
3	6	
0	1	
3	6	
4	7	
2	4	
1	3	
2	4	
0	1	
1	3	
1	3	
3	6	
1	3	
3	6	
0	1	
0	1	
2	4	
2	4	
0	1	
0	1	
3	6	
1	3	
1	3	
1	3	
1	3	
3	6	
4	7	
2	4	
0	1	
1	3	
1	3	
2	4	
4	7	
1	3	
0	1	
2	4	
1	3	
1	3	
1	3	
2	4	
0	1	
1	3	
0	1	
2	4	
1	3	
2	4	
2	4	
2	4	

0	1	
1	3	
2	4	
3	6	
2	4	
0	1	
1	3	
1	3	
0	1	
2	4	
3	6	
2	4	
0	1	
2	4	
1	3	
2	4	
1	3	
3	6	
2	4	
3	6	
1	3	
4	7	
1	3	
3	6	
0	1	
1	3	
4	7	
1	3	
0	1	
2	4	
2	4	
1	3	
3	6	
0	1	
1	3	
2	4	
3	6	
1	3	
1	3	
1	3	
1	3	
1	3	
3	6	
0	1	
0	1	
2	4	
2	4	
4	7	
1	3	
1	3	
1	3	

0	1	
1	3	
3	6	
2	4	
0	1	
3	6	
0	1	
1	3	
1	3	
0	1	
1	3	
1	3	
2	4	
2	4	
3	6	
0	1	
0	1	
1	3	
0	1	
0	1	
3	6	
1	3	
2	4	
3	6	
0	1	
1	3	
0	1	
1	3	
1	3	
1	3	
0	1	
2	4	
0	1	
2	4	
2	4	
2	4	
1	3	
3	6	
0	1	
4	7	
2	4	
3	6	
2	4	
1	3	
0	1	
5	9	
1	3	
0	1	
2	4	
3	6	
3	6	

0	1	
1	3	
0	1	
2	4	
0	1	
2	4	
3	6	
1	3	
0	1	
2	4	
0	1	
0	1	
0	1	
2	4	
1	3	
0	1	
1	3	
2	4	
3	6	
1	3	
2	4	
1	3	
0	1	
0	1	
2	4	
0	1	
1	3	
1	3	
3	6	
2	4	
2	4	
1	3	
1	3	
1	3	
0	1	
4	7	
1	3	
2	4	
0	1	
1	3	
2	4	
1	3	
1	3	
2	4	
1	3	
2	4	
0	1	
0	1	
1	3	
1	3	
2	4	

]

ExternalEquipmentRentingCost: [
4946	2478	5343	3458	1244	2548	2595	5143	5532	2443	2320	5717	2724	2801	5447	1445	2167	4181	2894	1546	2589	4387	5680	5193	2178	3772	1023	1320	3183	1904	2995	2994	1053	3277	1552	2338	2319	4416	5960	4173	5919	5530	1874	5313	2449	3033	1246	4568	3431	3569	3197	
3978	3061	3634	3341	5209	5425	1937	1195	3897	2416	2593	4208	5493	3999	3754	4718	4311	5715	5477	4822	2564	4410	3440	2348	5098	4013	5263	1343	4299	3133	1779	1598	1134	3056	1477	2964	2777	4743	4756	5201	2061	3013	3251	4167	5695	3186	4395	5896	4843	3147	4382	
3293	3654	1628	4889	1935	3123	3516	4757	1108	1003	3262	1124	4540	2477	2970	5146	4958	5490	5468	2976	4731	1259	2591	1296	3680	3239	5360	2237	4014	1030	5485	1102	3856	4321	2204	1528	2081	2569	1964	4632	1101	5618	3405	2079	3703	1851	4582	4081	3757	3710	2313	
2437	4956	1891	2117	3399	4049	3596	3227	2077	1071	4262	4262	1719	2044	1793	3856	4899	2012	1018	5223	5697	4643	2221	4494	4900	1692	2224	2812	2714	4027	4973	1560	4622	5553	5678	3857	5967	5606	5122	1316	2869	4960	5257	3906	4982	5057	4679	4242	3935	4034	1574	
2000	5004	2829	4944	2654	4485	4493	3774	2435	3543	3886	1657	2651	3469	3346	1280	3714	3099	2822	3875	1858	1736	3119	3420	4374	2500	1095	1340	2530	2808	2639	1624	3387	1574	1224	4285	4891	3271	2121	5380	3122	2401	5121	4843	3228	4623	4094	2543	5800	3811	2705	
5920	4703	4319	2386	1229	5388	3546	1626	3295	2889	2730	2588	1722	2903	5837	3283	5503	5909	3719	4433	1826	2743	3919	3860	5221	4440	2336	5748	3541	2354	5651	3584	1826	4781	5228	2966	1036	2349	3964	4739	3614	3347	3773	2110	1179	1797	2812	5890	5617	4055	5802	
5887	1624	3606	5168	1238	1928	5799	4117	5764	5695	3548	4829	2943	4494	5426	4557	2787	3468	4175	3395	3109	3187	4988	5440	3757	3522	3202	5303	5042	4450	3433	1402	4088	2666	4380	4962	2855	5749	4179	4440	2818	3014	5609	4967	2334	4331	3343	5987	4764	3574	1988	
]

EquipmentTypeTransportationCost: [
1	

1	

1	

1	

1	

1	

1	

]

TransportationTimeForEquipmentTypeBetweenProjects: [
1	

1	

1	

1	

1	

1	

1	

]

TotalNumberOfInitialEquipmentTypeLocation: [
(1 1) 6 
(2 1) 6 
(3 1) 7 
(4 1) 7 
(5 1) 9 
(6 1) 9 
(7 1) 6 
]

DepotActivities: [ 1 ]

MaximalStintCliques: [
[ 2 1 ]
[ 2 3 ]
[ 4 3 ]
[ 4 5 ]
[ 5 6 ]
[ 6 7 ]
[ 7 8 ]
[ 8 9 ]
[ 9 10 ]
[ 10 11 ]
[ 11 12 ]
[ 12 13 ]
]
