nEmployees: 150
nSkills: 6
nProjects: 1
nDays: 60
nActivities: 12
nEquipmentTypes: 6
nStints: 5
nMaxModes: 2
nStintCliques: 4

EmployeeInStintCost: [
34292 34292 34292 32276 14668 
14760 14760 14760 12888 4152 
28652 28652 28652 26654 9130 
33884 33884 33884 31958 14770 
26844 26844 26844 24936 7832 
12120 12120 12120 10302 1818 
35932 35932 35932 34006 16818 
28940 28940 28940 27104 10336 
32612 32612 32612 30830 14314 
27364 27364 27364 25330 7638 
27596 27596 27596 25742 8890 
29300 29300 29300 27140 8860 
28700 28700 28700 26630 8770 
37372 37372 37372 35230 17034 
28852 28852 28852 26944 9840 
27932 27932 27932 26042 9022 
32404 32404 32404 30406 12882 
28140 28140 28140 26268 9332 
34412 34412 34412 32378 14686 
31684 31684 31684 29794 12774 
27844 27844 27844 25738 7710 
13320 13320 13320 11322 1998 
13480 13480 13480 11662 3178 
27604 27604 27604 25534 7674 
28564 28564 28564 26458 8430 
28492 28492 28492 26638 9786 
15600 15600 15600 13602 4278 
34556 34556 34556 32756 16156 
33572 33572 33572 31646 14458 
32732 32732 32732 30950 14434 
28772 28772 28772 26756 9148 
31564 31564 31564 29692 12756 
34772 34772 34772 32684 14740 
29044 29044 29044 26866 8502 
29252 29252 29252 27164 9220 
28532 28532 28532 26516 8908 
28052 28052 28052 26108 8836 
26900 26900 26900 25100 8500 
29300 29300 29300 27410 10390 
13240 13240 13240 11458 3142 
15720 15720 15720 13704 4296 
12960 12960 12960 11016 1944 
27964 27964 27964 25840 7728 
33044 33044 33044 31244 14644 
27300 27300 27300 25554 9206 
36292 36292 36292 34312 16872 
15400 15400 15400 13294 3466 
37732 37732 37732 35536 17088 
29572 29572 29572 27556 9948 
36172 36172 36172 34210 16854 
28284 28284 28284 26160 8048 
29580 29580 29580 27492 9548 
27356 27356 27356 25538 8854 
33524 33524 33524 31652 14716 
13800 13800 13800 11730 2070 
14640 14640 14640 12444 2196 
32732 32732 32732 30932 14332 
27500 27500 27500 25610 8590 
28460 28460 28460 26426 8734 
36892 36892 36892 34822 16962 
28612 28612 28612 26740 9804 
26044 26044 26044 24208 7440 
13200 13200 13200 11220 1980 
29132 29132 29132 27062 9202 
30604 30604 30604 28876 12612 
16200 16200 16200 14112 4368 
28732 28732 28732 26842 9822 
33284 33284 33284 31448 14680 
27364 27364 27364 25330 7638 
26852 26852 26852 25124 8860 
34196 34196 34196 32450 16102 
27332 27332 27332 25496 8728 
27380 27380 27380 25508 8572 
28324 28324 28324 26254 8394 
27812 27812 27812 25940 9004 
34908 34908 34908 33036 16100 
26884 26884 26884 25030 8178 
26884 26884 26884 25030 8178 
28652 28652 28652 26618 8926 
26764 26764 26764 24820 7548 
26780 26780 26780 24998 8482 
28580 28580 28580 26798 10282 
25644 25644 25644 23916 7652 
15600 15600 15600 13602 4278 
34556 34556 34556 32756 16156 
13960 13960 13960 12070 3250 
34124 34124 34124 32162 14806 
35268 35268 35268 33342 16154 
27620 27620 27620 25712 8608 
26540 26540 26540 24794 8446 
30260 30260 30260 28226 10534 
29692 29692 29692 27658 9966 
31564 31564 31564 29692 12756 
35812 35812 35812 33904 16800 
34428 34428 34428 32628 16028 
29580 29580 29580 27492 9548 
29932 29932 29932 27862 10002 
35996 35996 35996 33980 16372 
28324 28324 28324 26146 7782 
32044 32044 32044 30100 12828 
35756 35756 35756 33776 16336 
27932 27932 27932 26042 9022 
27260 27260 27260 25406 8554 
34172 34172 34172 32174 14650 
34412 34412 34412 32360 14584 
28804 28804 28804 26662 8466 
26644 26644 26644 24826 8142 
27724 27724 27724 25636 7692 
27892 27892 27892 26128 9696 
27932 27932 27932 26042 9022 
27124 27124 27124 25234 8214 
26852 26852 26852 25124 8860 
32404 32404 32404 30406 12882 
27452 27452 27452 25598 8746 
34972 34972 34972 33190 16674 
15000 15000 15000 13092 4188 
27620 27620 27620 25712 8608 
35452 35452 35452 33598 16746 
33404 33404 33404 31550 14698 
26164 26164 26164 24418 8070 
26284 26284 26284 24412 7476 
27660 27660 27660 25860 9260 
29420 29420 29420 27512 10408 
13240 13240 13240 11458 3142 
26884 26884 26884 24922 7566 
33692 33692 33692 31748 14476 
32764 32764 32764 30712 12936 
13360 13360 13360 11560 3160 
28284 28284 28284 26160 8048 
28732 28732 28732 26842 9822 
33452 33452 33452 31544 14440 
33284 33284 33284 31448 14680 
32732 32732 32732 30950 14434 
32492 32492 32492 30728 14296 
28820 28820 28820 26732 8788 
32164 32164 32164 30202 12846 
35132 35132 35132 32990 14794 
28372 28372 28372 26536 9768 
25284 25284 25284 23610 7598 
33212 33212 33212 31358 14506 
30380 30380 30380 28328 10552 
34772 34772 34772 32684 14740 
28772 28772 28772 26756 9148 
27740 27740 27740 25814 8626 
28820 28820 28820 26732 8788 
12120 12120 12120 10302 1818 
33164 33164 33164 31346 14662 
26764 26764 26764 24820 7548 
30964 30964 30964 29182 12666 
32492 32492 32492 30746 14398 
]

ExternalWorkerWithSkillOnStintCost: [
37944 34992 33480 36360 12960 
36648 34344 41112 32112 13536 
35064 29952 39312 40752 10368 
34128 41112 33696 36432 11256 
36216 42696 35784 36072 9864 
36792 38160 40968 39672 13608 
]

OverlappingStints: [
[ 2 ]
[ 3 ]
[ 4 ]
[ 5 ]
[ ]
]

EmployeesWithSkill: [
[ 1 2 3 4 5 6 7 8 9 10 11 12 13 14 15 16 17 18 19 20 21 22 23 24 25 26 27 28 29 30 31 32 33 34 35 36 37 38 39 40 41 42 43 44 45 46 47 48 49 50 51 52 53 54 55 56 57 58 59 60 61 62 63 64 65 66 67 68 69 70 71 72 73 74 75 76 77 78 79 80 81 82 83 84 85 86 87 88 89 90 91 92 93 94 95 96 97 98 99 100 101 102 103 104 105 106 107 108 109 110 111 112 113 114 115 116 117 118 119 120 121 122 123 124 125 126 127 128 129 130 131 132 133 134 135 136 137 138 139 140 141 142 143 144 145 146 147 148 149 150 ]
[ 1 4 5 7 8 12 13 14 16 17 18 19 20 21 24 26 27 28 29 30 32 33 34 35 40 42 47 48 50 51 52 53 54 55 56 58 61 62 63 64 66 68 69 70 72 73 74 77 78 80 81 82 85 86 87 89 91 93 96 97 98 99 100 101 102 104 106 107 108 110 112 115 118 119 121 123 125 127 128 129 131 132 135 137 138 140 141 142 143 144 145 146 147 150 ]
[ 4 5 6 10 13 14 17 21 23 27 28 34 41 45 73 74 75 76 80 84 85 88 89 93 97 99 102 105 106 107 109 111 114 117 118 129 131 136 137 147 148 149 ]
[ 4 7 8 9 25 32 36 41 43 48 51 60 79 80 91 111 113 121 127 135 137 138 143 144 145 148 ]
[ 12 13 20 27 53 56 64 69 71 73 79 82 89 117 124 128 137 143 148 ]
[ 1 2 6 7 8 9 10 12 14 15 17 18 25 26 29 30 34 35 39 40 43 44 46 47 48 49 54 56 60 64 66 68 72 74 75 76 89 90 91 92 97 99 100 102 105 106 110 116 121 124 126 127 131 134 140 142 143 144 ]
]

SkillDemandInActivityWithMode: [
0	1	
47	72	
24	37	
19	30	
16	25	
38	58	
47	72	
21	33	
47	72	
38	58	
12	19	
47	72	

0	1	
29	45	
14	22	
11	18	
9	15	
23	36	
29	45	
12	19	
29	45	
23	36	
7	12	
29	45	

0	1	
13	21	
6	10	
5	9	
4	7	
10	16	
13	21	
5	9	
13	21	
10	16	
3	6	
13	21	

0	1	
8	13	
4	7	
3	6	
2	4	
6	10	
8	13	
3	6	
8	13	
6	10	
2	4	
8	13	

0	1	
6	10	
3	6	
2	4	
2	4	
4	7	
6	10	
2	4	
5	9	
4	7	
1	3	
5	9	

0	1	
18	28	
9	15	
7	12	
6	10	
14	22	
18	28	
8	13	
18	28	
14	22	
4	7	
17	27	

]

EmployeeAvailability: [
0 1 1 1 1 
0 1 1 1 0 
0 1 1 1 1 
1 1 0 1 1 
1 1 0 1 1 
0 0 1 1 1 
1 0 1 1 1 
1 1 0 1 1 
1 1 0 0 1 
0 1 1 1 0 
0 1 0 1 1 
1 1 1 1 1 
1 1 0 1 0 
1 0 1 0 1 
0 1 0 0 1 
1 1 1 1 1 
1 1 1 1 1 
1 0 1 1 1 
1 1 0 0 0 
0 1 1 1 1 
1 1 1 0 0 
1 1 1 0 1 
0 0 1 1 0 
1 1 1 1 1 
1 0 0 1 0 
1 1 0 1 0 
0 0 0 1 1 
0 0 1 1 1 
1 1 1 1 1 
1 0 1 0 1 
0 0 1 1 1 
0 1 1 0 1 
1 1 0 1 1 
1 1 0 0 1 
0 0 1 1 1 
1 1 0 1 1 
1 0 1 1 0 
1 0 1 0 1 
1 0 0 1 1 
0 0 0 1 1 
1 0 0 0 1 
1 0 0 1 1 
0 1 1 1 1 
0 1 0 1 1 
1 1 0 0 1 
1 1 1 1 1 
1 0 0 1 1 
1 1 1 0 1 
1 1 1 1 1 
1 1 1 1 1 
1 1 0 0 1 
1 0 1 1 1 
1 1 1 1 1 
1 0 1 1 1 
0 1 1 1 1 
1 1 0 0 1 
1 1 1 1 1 
0 1 1 1 1 
0 0 1 1 1 
1 1 1 1 1 
1 1 1 0 1 
1 1 1 1 1 
1 0 1 0 1 
0 1 0 1 1 
1 1 1 0 1 
1 1 1 1 1 
1 1 1 1 1 
1 1 1 0 1 
1 1 1 0 1 
1 1 1 1 1 
0 1 1 0 1 
1 1 0 0 1 
1 1 1 1 1 
1 1 1 1 1 
1 0 0 1 0 
1 1 0 1 0 
1 0 1 1 1 
1 0 1 1 1 
1 0 1 0 1 
0 1 1 0 1 
1 1 1 0 1 
1 1 0 0 1 
1 0 0 1 1 
1 1 0 0 1 
1 0 1 1 0 
0 1 1 0 1 
0 1 1 1 1 
1 1 1 1 1 
0 0 1 0 1 
1 1 1 0 1 
1 1 0 1 1 
1 1 1 1 1 
1 0 0 1 1 
1 1 1 1 1 
1 1 1 1 1 
1 1 1 1 1 
1 1 0 1 1 
1 1 0 0 1 
1 1 1 1 1 
1 1 1 1 1 
1 1 0 1 1 
1 1 1 1 1 
1 1 1 1 1 
1 1 1 1 1 
1 1 1 0 1 
1 0 0 1 1 
1 0 0 1 1 
0 1 1 1 0 
0 1 1 1 1 
1 1 0 0 1 
1 1 1 1 1 
1 1 0 0 1 
1 1 1 1 1 
0 1 1 0 1 
1 1 0 0 1 
0 1 1 0 1 
1 1 1 1 1 
1 1 1 1 1 
1 0 0 1 1 
1 1 1 1 1 
1 0 0 0 1 
0 0 1 1 0 
0 1 0 1 1 
0 0 1 1 1 
1 1 1 1 1 
0 1 1 1 1 
1 1 0 1 1 
1 1 1 1 1 
1 1 1 1 1 
0 1 1 0 1 
1 1 1 1 0 
1 1 0 1 0 
0 1 1 1 1 
0 1 1 1 1 
1 1 1 0 1 
0 1 1 0 1 
1 1 0 1 1 
0 0 0 1 1 
1 0 1 1 1 
1 0 1 1 1 
1 1 0 0 1 
1 0 1 0 1 
1 1 0 1 0 
1 1 1 1 1 
1 1 1 1 0 
1 1 1 1 1 
0 1 0 1 0 
0 1 1 0 1 
1 1 1 1 1 
1 1 1 1 1 
]

EmployeeWantedInStint: [ (8 1) 1 (17 2) 1 (21 1) 1 (28 4) 1 (57 1) 1 (95 4) 1 (104 1) 1 (128 3) 1 (134 2) 1 (139 3) 1 ]

EmployeeWantedViolationCost: [ (8 1) 8000 (17 2) 10000 (21 1) 13000 (28 4) 12000 (57 1) 10000 (95 4) 10000 (104 1) 13000 (128 3) 14000 (134 2) 5000 (139 3) 15000 ]

EmployeesThatShouldNotWorkTogetherWithEmployee: [
[ 26 43 47 48 53 77 100 113 ]
[ 4 27 50 71 76 83 92 106 114 119 138 ]
[ 100 115 ]
[ 59 88 96 122 129 ]
[ 111 113 116 131 142 ]
[ 34 90 124 131 142 ]
[ 76 87 94 97 120 134 146 ]
[ 71 123 135 ]
[ 14 31 94 126 129 138 ]
[ 48 57 91 94 105 ]
[ 13 43 44 47 78 95 98 116 138 148 ]
[ 19 28 33 48 95 106 135 ]
[ 21 40 60 76 102 133 139 147 ]
[ 16 21 35 39 49 68 87 116 134 149 ]
[ 26 44 68 120 ]
[ 28 48 58 67 74 103 110 129 137 ]
[ 24 44 61 95 106 115 150 ]
[ 23 34 37 66 82 107 140 ]
[ 25 92 117 ]
[ 70 89 101 113 144 145 148 150 ]
[ 47 58 68 87 90 103 108 118 146 ]
[ 29 35 46 108 117 ]
[ 53 82 140 147 ]
[ 57 88 96 115 ]
[ 32 73 78 92 143 ]
[ 45 69 119 134 140 147 ]
[ 36 107 139 150 ]
[ 55 76 121 133 ]
[ 56 65 73 82 99 124 132 133 ]
[ 63 65 100 105 ]
[ 37 40 80 85 91 109 135 ]
[ 57 140 143 ]
[ 68 92 105 119 132 137 ]
[ 35 70 ]
[ 43 52 128 133 134 ]
[ 80 111 ]
[ 77 79 144 ]
[ 72 99 106 107 114 129 135 ]
[ 87 ]
[ 89 93 143 144 ]
[ 44 45 61 62 84 88 104 116 125 ]
[ 47 60 86 99 114 140 146 ]
[ ]
[ 48 69 97 142 ]
[ 56 62 76 93 96 98 ]
[ 54 70 110 147 148 ]
[ 58 76 94 144 ]
[ 109 128 ]
[ 52 53 84 100 106 137 ]
[ 55 80 85 87 ]
[ 143 145 ]
[ 89 120 128 ]
[ 132 ]
[ 73 90 102 150 ]
[ 119 ]
[ 84 98 124 133 137 142 ]
[ 61 82 89 146 ]
[ 105 119 ]
[ 72 149 ]
[ 86 121 128 ]
[ 62 83 101 ]
[ 83 148 ]
[ 128 144 ]
[ 69 ]
[ 121 137 ]
[ 75 85 96 120 148 ]
[ 85 87 104 113 150 ]
[ 77 91 131 139 ]
[ 108 126 139 143 ]
[ 75 93 110 120 127 133 138 142 ]
[ 78 96 107 115 ]
[ 109 112 131 149 ]
[ 84 95 102 103 128 132 149 ]
[ 80 95 122 ]
[ 76 106 144 148 ]
[ 95 99 113 141 149 ]
[ 98 110 112 131 133 135 ]
[ 101 144 147 ]
[ 100 134 140 145 ]
[ 88 133 ]
[ 101 142 ]
[ 106 ]
[ 128 132 ]
[ 124 ]
[ 88 113 ]
[ 103 129 ]
[ 101 142 ]
[ 141 ]
[ 96 107 132 140 ]
[ 103 114 142 ]
[ ]
[ 111 128 145 ]
[ 124 ]
[ 106 121 135 137 148 ]
[ 97 105 ]
[ 116 ]
[ 148 ]
[ 113 140 141 150 ]
[ 124 148 ]
[ 110 ]
[ 117 118 130 ]
[ 112 139 144 ]
[ 104 116 ]
[ 148 ]
[ 109 123 ]
[ 138 ]
[ 108 115 142 ]
[ 133 141 ]
[ ]
[ 135 ]
[ 122 134 138 ]
[ 116 125 131 146 ]
[ ]
[ 116 143 149 ]
[ 117 118 ]
[ 135 145 147 ]
[ 121 139 ]
[ 120 ]
[ 125 130 139 ]
[ 123 ]
[ 123 ]
[ ]
[ 130 147 ]
[ 145 150 ]
[ 137 142 ]
[ ]
[ 129 142 ]
[ ]
[ 146 ]
[ 136 ]
[ 134 ]
[ 150 ]
[ 134 ]
[ ]
[ 140 ]
[ ]
[ ]
[ ]
[ ]
[ ]
[ ]
[ ]
[ ]
[ ]
[ ]
[ ]
[ ]
[ ]
[ ]
[ ]
]

ShouldNotWorkTogetherCost: [ (1 26) 297 (1 43) 396 (1 47) 396 (1 48) 297 (1 53) 297 (1 77) 396 (1 100) 297 (1 113) 99 (2 4) 297 (2 27) 198 (2 50) 297 (2 71) 99 (2 76) 198 (2 83) 99 (2 92) 297 (2 106) 99 (2 114) 198 (2 119) 396 (2 138) 297 (3 100) 99 (3 115) 297 (4 59) 99 (4 88) 297 (4 96) 297 (4 122) 198 (4 129) 99 (5 111) 297 (5 113) 297 (5 116) 396 (5 131) 99 (5 142) 198 (6 34) 396 (6 90) 396 (6 124) 396 (6 131) 198 (6 142) 297 (7 76) 198 (7 87) 99 (7 94) 297 (7 97) 396 (7 120) 99 (7 134) 198 (7 146) 99 (8 71) 99 (8 123) 198 (8 135) 99 (9 14) 396 (9 31) 396 (9 94) 297 (9 126) 396 (9 129) 396 (9 138) 297 (10 48) 99 (10 57) 198 (10 91) 198 (10 94) 396 (10 105) 99 (11 13) 297 (11 43) 297 (11 44) 198 (11 47) 297 (11 78) 396 (11 95) 99 (11 98) 297 (11 116) 396 (11 138) 297 (11 148) 99 (12 19) 297 (12 28) 99 (12 33) 297 (12 48) 198 (12 95) 396 (12 106) 297 (12 135) 396 (13 21) 396 (13 40) 198 (13 60) 198 (13 76) 297 (13 102) 297 (13 133) 396 (13 139) 99 (13 147) 297 (14 16) 99 (14 21) 297 (14 35) 297 (14 39) 297 (14 49) 99 (14 68) 198 (14 87) 297 (14 116) 99 (14 134) 198 (14 149) 198 (15 26) 198 (15 44) 99 (15 68) 99 (15 120) 396 (16 28) 99 (16 48) 99 (16 58) 99 (16 67) 198 (16 74) 297 (16 103) 198 (16 110) 396 (16 129) 198 (16 137) 198 (17 24) 297 (17 44) 396 (17 61) 198 (17 95) 99 (17 106) 297 (17 115) 396 (17 150) 396 (18 23) 99 (18 34) 297 (18 37) 396 (18 66) 297 (18 82) 297 (18 107) 396 (18 140) 99 (19 25) 99 (19 92) 198 (19 117) 396 (20 70) 99 (20 89) 198 (20 101) 396 (20 113) 99 (20 144) 99 (20 145) 99 (20 148) 99 (20 150) 297 (21 47) 198 (21 58) 198 (21 68) 297 (21 87) 99 (21 90) 297 (21 103) 396 (21 108) 198 (21 118) 297 (21 146) 396 (22 29) 297 (22 35) 99 (22 46) 198 (22 108) 396 (22 117) 99 (23 53) 99 (23 82) 297 (23 140) 297 (23 147) 99 (24 57) 198 (24 88) 297 (24 96) 198 (24 115) 198 (25 32) 198 (25 73) 198 (25 78) 396 (25 92) 396 (25 143) 297 (26 45) 297 (26 69) 198 (26 119) 99 (26 134) 297 (26 140) 297 (26 147) 396 (27 36) 99 (27 107) 99 (27 139) 198 (27 150) 99 (28 55) 198 (28 76) 297 (28 121) 297 (28 133) 99 (29 56) 99 (29 65) 198 (29 73) 297 (29 82) 396 (29 99) 297 (29 124) 198 (29 132) 198 (29 133) 198 (30 63) 297 (30 65) 297 (30 100) 99 (30 105) 198 (31 37) 99 (31 40) 198 (31 80) 396 (31 85) 297 (31 91) 198 (31 109) 297 (31 135) 198 (32 57) 99 (32 140) 99 (32 143) 297 (33 68) 198 (33 92) 297 (33 105) 198 (33 119) 99 (33 132) 396 (33 137) 198 (34 35) 297 (34 70) 198 (35 43) 297 (35 52) 198 (35 128) 198 (35 133) 198 (35 134) 99 (36 80) 198 (36 111) 396 (37 77) 99 (37 79) 198 (37 144) 198 (38 72) 198 (38 99) 297 (38 106) 396 (38 107) 99 (38 114) 99 (38 129) 99 (38 135) 198 (39 87) 396 (40 89) 198 (40 93) 99 (40 143) 99 (40 144) 99 (41 44) 297 (41 45) 396 (41 61) 396 (41 62) 297 (41 84) 396 (41 88) 99 (41 104) 99 (41 116) 99 (41 125) 99 (42 47) 396 (42 60) 99 (42 86) 396 (42 99) 396 (42 114) 297 (42 140) 297 (42 146) 99 (44 48) 198 (44 69) 99 (44 97) 198 (44 142) 396 (45 56) 99 (45 62) 99 (45 76) 99 (45 93) 396 (45 96) 198 (45 98) 396 (46 54) 297 (46 70) 297 (46 110) 198 (46 147) 297 (46 148) 198 (47 58) 396 (47 76) 297 (47 94) 198 (47 144) 198 (48 109) 198 (48 128) 99 (49 52) 396 (49 53) 396 (49 84) 99 (49 100) 297 (49 106) 297 (49 137) 198 (50 55) 99 (50 80) 198 (50 85) 99 (50 87) 99 (51 143) 297 (51 145) 297 (52 89) 396 (52 120) 198 (52 128) 396 (53 132) 99 (54 73) 396 (54 90) 396 (54 102) 198 (54 150) 198 (55 119) 198 (56 84) 297 (56 98) 99 (56 124) 396 (56 133) 198 (56 137) 297 (56 142) 396 (57 61) 396 (57 82) 396 (57 89) 297 (57 146) 198 (58 105) 99 (58 119) 198 (59 72) 198 (59 149) 99 (60 86) 198 (60 121) 198 (60 128) 396 (61 62) 198 (61 83) 297 (61 101) 198 (62 83) 396 (62 148) 297 (63 128) 297 (63 144) 297 (64 69) 99 (65 121) 99 (65 137) 297 (66 75) 198 (66 85) 99 (66 96) 198 (66 120) 198 (66 148) 396 (67 85) 99 (67 87) 99 (67 104) 396 (67 113) 99 (67 150) 99 (68 77) 396 (68 91) 198 (68 131) 396 (68 139) 396 (69 108) 297 (69 126) 297 (69 139) 297 (69 143) 396 (70 75) 297 (70 93) 99 (70 110) 297 (70 120) 396 (70 127) 99 (70 133) 99 (70 138) 198 (70 142) 297 (71 78) 297 (71 96) 396 (71 107) 396 (71 115) 99 (72 109) 99 (72 112) 297 (72 131) 198 (72 149) 297 (73 84) 198 (73 95) 297 (73 102) 297 (73 103) 99 (73 128) 297 (73 132) 99 (73 149) 99 (74 80) 99 (74 95) 99 (74 122) 99 (75 76) 99 (75 106) 396 (75 144) 99 (75 148) 99 (76 95) 198 (76 99) 396 (76 113) 396 (76 141) 198 (76 149) 396 (77 98) 99 (77 110) 99 (77 112) 198 (77 131) 396 (77 133) 198 (77 135) 396 (78 101) 198 (78 144) 99 (78 147) 99 (79 100) 396 (79 134) 396 (79 140) 198 (79 145) 198 (80 88) 198 (80 133) 198 (81 101) 99 (81 142) 99 (82 106) 297 (83 128) 396 (83 132) 99 (84 124) 396 (85 88) 297 (85 113) 396 (86 103) 396 (86 129) 99 (87 101) 297 (87 142) 99 (88 141) 396 (89 96) 396 (89 107) 99 (89 132) 297 (89 140) 297 (90 103) 396 (90 114) 99 (90 142) 396 (92 111) 99 (92 128) 99 (92 145) 99 (93 124) 198 (94 106) 396 (94 121) 99 (94 135) 99 (94 137) 396 (94 148) 198 (95 97) 198 (95 105) 198 (96 116) 396 (97 148) 396 (98 113) 297 (98 140) 99 (98 141) 396 (98 150) 297 (99 124) 198 (99 148) 396 (100 110) 297 (101 117) 99 (101 118) 297 (101 130) 297 (102 112) 198 (102 139) 198 (102 144) 396 (103 104) 396 (103 116) 198 (104 148) 99 (105 109) 99 (105 123) 297 (106 138) 297 (107 108) 297 (107 115) 198 (107 142) 396 (108 133) 396 (108 141) 198 (110 135) 297 (111 122) 99 (111 134) 297 (111 138) 99 (112 116) 99 (112 125) 198 (112 131) 396 (112 146) 198 (114 116) 198 (114 143) 297 (114 149) 297 (115 117) 99 (115 118) 99 (116 135) 396 (116 145) 396 (116 147) 297 (117 121) 99 (117 139) 396 (118 120) 198 (119 125) 99 (119 130) 396 (119 139) 198 (120 123) 396 (121 123) 297 (123 130) 99 (123 147) 396 (124 145) 297 (124 150) 297 (125 137) 396 (125 142) 99 (127 129) 99 (127 142) 198 (129 146) 99 (130 136) 297 (131 134) 198 (132 150) 396 (133 134) 297 (135 140) 297 ]

ImmediatePredecessorsToActivity: [
[ ]
[ 1 ]
[ 1 ]
[ 1 ]
[ 4 ]
[ 4 ]
[ 1 ]
[ 2 3 4 ]
[ 7 ]
[ 6 ]
[ 1 ]
[ 2 9 10 11 ]
]

ActivitiesInProject: [
[ 1 2 3 4 5 6 7 8 9 10 11 12 ]
]

nActivityModes: [ 2 2 2 2 2 2 2 2 2 2 2 2 ]

ActivityDurationWithMode: [
1	1	
4	3	
8	6	
10	7	
12	8	
5	4	
4	3	
9	6	
4	3	
5	4	
16	11	
4	3	
]

StintsInProject: [
[ 1 2 3 4 5 ]
]

WorkingStintsOnDay: [
[ 1 ]
[ 1 ]
[ 1 ]
[ 1 ]
[ 1 ]
[ 1 ]
[ 1 ]
[ 1 ]
[ 1 ]
[ 1 ]
[ 1 ]
[ 1 ]
[ ]
[ ]
[ 2 ]
[ 2 ]
[ 2 ]
[ 2 ]
[ 2 ]
[ 2 ]
[ 2 ]
[ 2 ]
[ 2 ]
[ 2 ]
[ 2 ]
[ 2 ]
[ ]
[ ]
[ 3 ]
[ 3 ]
[ 3 ]
[ 3 ]
[ 3 ]
[ 3 ]
[ 3 ]
[ 3 ]
[ 3 ]
[ 3 ]
[ 3 ]
[ 3 ]
[ ]
[ ]
[ 4 ]
[ 4 ]
[ 4 ]
[ 4 ]
[ 4 ]
[ 4 ]
[ 4 ]
[ 4 ]
[ 4 ]
[ 4 ]
[ 4 ]
[ 4 ]
[ ]
[ ]
[ 5 ]
[ 5 ]
[ 5 ]
[ 5 ]
]

ProjectStart: [ 20 ]

ProjectEnd: [ 51 ]

EarliestStartDayForActivity: [ 1 20 20 20 32 32 20 32 24 37 20 44 ]

LatestStartDayForActivity: [ 1 51 51 51 51 51 51 51 51 51 51 51 ]

EquipmentTypeDemandInActivityWithMode: [
0	1	
0	1	
4	7	
1	3	
2	4	
1	3	
1	3	
0	1	
1	3	
0	1	
1	3	
1	3	

0	1	
1	3	
1	3	
0	1	
0	1	
2	4	
1	3	
1	3	
1	3	
0	1	
2	4	
0	1	

0	1	
2	4	
0	1	
1	3	
1	3	
0	1	
3	6	
1	3	
0	1	
0	1	
2	4	
1	3	

0	1	
0	1	
0	1	
1	3	
1	3	
1	3	
0	1	
0	1	
2	4	
3	6	
0	1	
2	4	

0	1	
0	1	
2	4	
2	4	
3	6	
1	3	
1	3	
3	6	
1	3	
1	3	
1	3	
0	1	

0	1	
3	6	
1	3	
2	4	
3	6	
1	3	
0	1	
0	1	
3	6	
0	1	
0	1	
2	4	

]

ExternalEquipmentRentingCost: [
3855	4091	4839	5411	4806	4607	1317	4748	3349	2579	4768	1011	
3474	5893	5157	4483	5636	4393	1945	5279	2117	3125	3474	4664	
2576	5313	3999	2064	3270	4294	5891	2056	5864	1310	5584	4916	
2834	4568	1850	1927	5117	4832	3438	3977	1311	4966	3231	1928	
2410	1618	4286	5567	2212	5656	3730	4720	1681	5926	2870	1865	
4942	2478	3935	1103	4525	1143	3633	1938	1499	4702	1647	5555	
]

EquipmentTypeTransportationCost: [
1	

1	

1	

1	

1	

1	

]

TransportationTimeForEquipmentTypeBetweenProjects: [
1	

1	

1	

1	

1	

1	

]

TotalNumberOfInitialEquipmentTypeLocation: [
(1 1) 9 
(2 1) 8 
(3 1) 6 
(4 1) 6 
(5 1) 4 
(6 1) 7 
]

DepotActivities: [ 1 ]

MaximalStintCliques: [
[ 2 1 ]
[ 2 3 ]
[ 4 3 ]
[ 4 5 ]
]
