nEmployees: 150
nSkills: 6
nProjects: 1
nDays: 120
nActivities: 36
nEquipmentTypes: 6
nStints: 18
nMaxModes: 2
nStintCliques: 0

EmployeeInStintCost: [
20688 20688 20688 20688 20688 20688 20688 20688 20688 20688 20688 20688 20688 20688 20688 20688 20688 12176 
18008 18008 18008 18008 18008 18008 18008 18008 18008 18008 18008 18008 18008 18008 18008 18008 18008 9208 
20500 20500 20500 20500 20500 20500 20500 20500 20500 20500 20500 20500 20500 20500 20500 20500 20500 11808 
13848 13848 13848 13848 13848 13848 13848 13848 13848 13848 13848 13848 13848 13848 13848 13848 13848 4904 
11920 11920 11920 11920 11920 11920 11920 11920 11920 11920 11920 11920 11920 11920 11920 11920 11920 3120 
20680 20680 20680 20680 20680 20680 20680 20680 20680 20680 20680 20680 20680 20680 20680 20680 20680 11808 
18660 18660 18660 18660 18660 18660 18660 18660 18660 18660 18660 18660 18660 18660 18660 18660 18660 10112 
16268 16268 16268 16268 16268 16268 16268 16268 16268 16268 16268 16268 16268 16268 16268 16268 16268 7792 
21244 21244 21244 21244 21244 21244 21244 21244 21244 21244 21244 21244 21244 21244 21244 21244 21244 12912 
18808 18808 18808 18808 18808 18808 18808 18808 18808 18808 18808 18808 18808 18808 18808 18808 18808 10224 
4880 4880 4880 4880 4880 4880 4880 4880 4880 4880 4880 4880 4880 4880 4880 4880 4880 920 
4700 4700 4700 4700 4700 4700 4700 4700 4700 4700 4700 4700 4700 4700 4700 4700 4700 920 
18736 18736 18736 18736 18736 18736 18736 18736 18736 18736 18736 18736 18736 18736 18736 18736 18736 10224 
19404 19404 19404 19404 19404 19404 19404 19404 19404 19404 19404 19404 19404 19404 19404 19404 19404 10352 
19276 19276 19276 19276 19276 19276 19276 19276 19276 19276 19276 19276 19276 19276 19276 19276 19276 10224 
13712 13712 13712 13712 13712 13712 13712 13712 13712 13712 13712 13712 13712 13712 13712 13712 13712 4984 
18444 18444 18444 18444 18444 18444 18444 18444 18444 18444 18444 18444 18444 18444 18444 18444 18444 10112 
19132 19132 19132 19132 19132 19132 19132 19132 19132 19132 19132 19132 19132 19132 19132 19132 19132 10224 
12540 12540 12540 12540 12540 12540 12540 12540 12540 12540 12540 12540 12540 12540 12540 12540 12540 4064 
8720 8720 8720 8720 8720 8720 8720 8720 8720 8720 8720 8720 8720 8720 8720 8720 8720 4760 
21784 21784 21784 21784 21784 21784 21784 21784 21784 21784 21784 21784 21784 21784 21784 21784 21784 12912 
18916 18916 18916 18916 18916 18916 18916 18916 18916 18916 18916 18916 18916 18916 18916 18916 18916 10224 
18660 18660 18660 18660 18660 18660 18660 18660 18660 18660 18660 18660 18660 18660 18660 18660 18660 10112 
21388 21388 21388 21388 21388 21388 21388 21388 21388 21388 21388 21388 21388 21388 21388 21388 21388 12912 
16628 16628 16628 16628 16628 16628 16628 16628 16628 16628 16628 16628 16628 16628 16628 16628 16628 7792 
20868 20868 20868 20868 20868 20868 20868 20868 20868 20868 20868 20868 20868 20868 20868 20868 20868 12176 
15912 15912 15912 15912 15912 15912 15912 15912 15912 15912 15912 15912 15912 15912 15912 15912 15912 7256 
14008 14008 14008 14008 14008 14008 14008 14008 14008 14008 14008 14008 14008 14008 14008 14008 14008 5568 
11524 11524 11524 11524 11524 11524 11524 11524 11524 11524 11524 11524 11524 11524 11524 11524 11524 3120 
4556 4556 4556 4556 4556 4556 4556 4556 4556 4556 4556 4556 4556 4556 4556 4556 4556 920 
3960 3960 3960 3960 3960 3960 3960 3960 3960 3960 3960 3960 3960 3960 3960 3960 3960 0 
16160 16160 16160 16160 16160 16160 16160 16160 16160 16160 16160 16160 16160 16160 16160 16160 16160 7792 
14072 14072 14072 14072 14072 14072 14072 14072 14072 14072 14072 14072 14072 14072 14072 14072 14072 4984 
21068 21068 21068 21068 21068 21068 21068 21068 21068 21068 21068 21068 21068 21068 21068 21068 21068 12016 
11596 11596 11596 11596 11596 11596 11596 11596 11596 11596 11596 11596 11596 11596 11596 11596 11596 3120 
12360 12360 12360 12360 12360 12360 12360 12360 12360 12360 12360 12360 12360 12360 12360 12360 12360 3560 
20708 20708 20708 20708 20708 20708 20708 20708 20708 20708 20708 20708 20708 20708 20708 20708 20708 12016 
18340 18340 18340 18340 18340 18340 18340 18340 18340 18340 18340 18340 18340 18340 18340 18340 18340 10224 
13200 13200 13200 13200 13200 13200 13200 13200 13200 13200 13200 13200 13200 13200 13200 13200 13200 4904 
15876 15876 15876 15876 15876 15876 15876 15876 15876 15876 15876 15876 15876 15876 15876 15876 15876 7256 
14296 14296 14296 14296 14296 14296 14296 14296 14296 14296 14296 14296 14296 14296 14296 14296 14296 5568 
17900 17900 17900 17900 17900 17900 17900 17900 17900 17900 17900 17900 17900 17900 17900 17900 17900 9208 
13416 13416 13416 13416 13416 13416 13416 13416 13416 13416 13416 13416 13416 13416 13416 13416 13416 4904 
20832 20832 20832 20832 20832 20832 20832 20832 20832 20832 20832 20832 20832 20832 20832 20832 20832 12176 
14080 14080 14080 14080 14080 14080 14080 14080 14080 14080 14080 14080 14080 14080 14080 14080 14080 5568 
16556 16556 16556 16556 16556 16556 16556 16556 16556 16556 16556 16556 16556 16556 16556 16556 16556 7792 
16196 16196 16196 16196 16196 16196 16196 16196 16196 16196 16196 16196 16196 16196 16196 16196 16196 7792 
13748 13748 13748 13748 13748 13748 13748 13748 13748 13748 13748 13748 13748 13748 13748 13748 13748 4984 
12172 12172 12172 12172 12172 12172 12172 12172 12172 12172 12172 12172 12172 12172 12172 12172 12172 3264 
19164 19164 19164 19164 19164 19164 19164 19164 19164 19164 19164 19164 19164 19164 19164 19164 19164 10112 
11920 11920 11920 11920 11920 11920 11920 11920 11920 11920 11920 11920 11920 11920 11920 11920 11920 3120 
20888 20888 20888 20888 20888 20888 20888 20888 20888 20888 20888 20888 20888 20888 20888 20888 20888 12016 
11812 11812 11812 11812 11812 11812 11812 11812 11812 11812 11812 11812 11812 11812 11812 11812 11812 3264 
18480 18480 18480 18480 18480 18480 18480 18480 18480 18480 18480 18480 18480 18480 18480 18480 18480 10112 
21748 21748 21748 21748 21748 21748 21748 21748 21748 21748 21748 21748 21748 21748 21748 21748 21748 12912 
20212 20212 20212 20212 20212 20212 20212 20212 20212 20212 20212 20212 20212 20212 20212 20212 20212 11808 
12504 12504 12504 12504 12504 12504 12504 12504 12504 12504 12504 12504 12504 12504 12504 12504 12504 4064 
4880 4880 4880 4880 4880 4880 4880 4880 4880 4880 4880 4880 4880 4880 4880 4880 4880 920 
17936 17936 17936 17936 17936 17936 17936 17936 17936 17936 17936 17936 17936 17936 17936 17936 17936 9208 
18556 18556 18556 18556 18556 18556 18556 18556 18556 18556 18556 18556 18556 18556 18556 18556 18556 10224 
19164 19164 19164 19164 19164 19164 19164 19164 19164 19164 19164 19164 19164 19164 19164 19164 19164 10112 
12540 12540 12540 12540 12540 12540 12540 12540 12540 12540 12540 12540 12540 12540 12540 12540 12540 4064 
15948 15948 15948 15948 15948 15948 15948 15948 15948 15948 15948 15948 15948 15948 15948 15948 15948 7256 
19384 19384 19384 19384 19384 19384 19384 19384 19384 19384 19384 19384 19384 19384 19384 19384 19384 10224 
4176 4176 4176 4176 4176 4176 4176 4176 4176 4176 4176 4176 4176 4176 4176 4176 4176 0 
14260 14260 14260 14260 14260 14260 14260 14260 14260 14260 14260 14260 14260 14260 14260 14260 14260 5568 
15624 15624 15624 15624 15624 15624 15624 15624 15624 15624 15624 15624 15624 15624 15624 15624 15624 7256 
12316 12316 12316 12316 12316 12316 12316 12316 12316 12316 12316 12316 12316 12316 12316 12316 12316 3264 
12180 12180 12180 12180 12180 12180 12180 12180 12180 12180 12180 12180 12180 12180 12180 12180 12180 3560 
18912 18912 18912 18912 18912 18912 18912 18912 18912 18912 18912 18912 18912 18912 18912 18912 18912 10112 
18916 18916 18916 18916 18916 18916 18916 18916 18916 18916 18916 18916 18916 18916 18916 18916 18916 10224 
13380 13380 13380 13380 13380 13380 13380 13380 13380 13380 13380 13380 13380 13380 13380 13380 13380 4904 
4592 4592 4592 4592 4592 4592 4592 4592 4592 4592 4592 4592 4592 4592 4592 4592 4592 920 
18900 18900 18900 18900 18900 18900 18900 18900 18900 18900 18900 18900 18900 18900 18900 18900 18900 10352 
20356 20356 20356 20356 20356 20356 20356 20356 20356 20356 20356 20356 20356 20356 20356 20356 20356 11808 
20320 20320 20320 20320 20320 20320 20320 20320 20320 20320 20320 20320 20320 20320 20320 20320 20320 11808 
13668 13668 13668 13668 13668 13668 13668 13668 13668 13668 13668 13668 13668 13668 13668 13668 13668 4904 
11452 11452 11452 11452 11452 11452 11452 11452 11452 11452 11452 11452 11452 11452 11452 11452 11452 3120 
18188 18188 18188 18188 18188 18188 18188 18188 18188 18188 18188 18188 18188 18188 18188 18188 18188 9208 
12324 12324 12324 12324 12324 12324 12324 12324 12324 12324 12324 12324 12324 12324 12324 12324 12324 3560 
20320 20320 20320 20320 20320 20320 20320 20320 20320 20320 20320 20320 20320 20320 20320 20320 20320 11808 
13568 13568 13568 13568 13568 13568 13568 13568 13568 13568 13568 13568 13568 13568 13568 13568 13568 4984 
3600 3600 3600 3600 3600 3600 3600 3600 3600 3600 3600 3600 3600 3600 3600 3600 3600 0 
18828 18828 18828 18828 18828 18828 18828 18828 18828 18828 18828 18828 18828 18828 18828 18828 18828 10352 
15624 15624 15624 15624 15624 15624 15624 15624 15624 15624 15624 15624 15624 15624 15624 15624 15624 7256 
18880 18880 18880 18880 18880 18880 18880 18880 18880 18880 18880 18880 18880 18880 18880 18880 18880 10224 
13452 13452 13452 13452 13452 13452 13452 13452 13452 13452 13452 13452 13452 13452 13452 13452 13452 4904 
13568 13568 13568 13568 13568 13568 13568 13568 13568 13568 13568 13568 13568 13568 13568 13568 13568 4984 
20492 20492 20492 20492 20492 20492 20492 20492 20492 20492 20492 20492 20492 20492 20492 20492 20492 12016 
20536 20536 20536 20536 20536 20536 20536 20536 20536 20536 20536 20536 20536 20536 20536 20536 20536 11808 
9152 9152 9152 9152 9152 9152 9152 9152 9152 9152 9152 9152 9152 9152 9152 9152 9152 4760 
13920 13920 13920 13920 13920 13920 13920 13920 13920 13920 13920 13920 13920 13920 13920 13920 13920 4904 
11668 11668 11668 11668 11668 11668 11668 11668 11668 11668 11668 11668 11668 11668 11668 11668 11668 3120 
20716 20716 20716 20716 20716 20716 20716 20716 20716 20716 20716 20716 20716 20716 20716 20716 20716 11808 
13900 13900 13900 13900 13900 13900 13900 13900 13900 13900 13900 13900 13900 13900 13900 13900 13900 5568 
16592 16592 16592 16592 16592 16592 16592 16592 16592 16592 16592 16592 16592 16592 16592 16592 16592 7792 
12720 12720 12720 12720 12720 12720 12720 12720 12720 12720 12720 12720 12720 12720 12720 12720 12720 4064 
13784 13784 13784 13784 13784 13784 13784 13784 13784 13784 13784 13784 13784 13784 13784 13784 13784 4984 
16880 16880 16880 16880 16880 16880 16880 16880 16880 16880 16880 16880 16880 16880 16880 16880 16880 7792 
13892 13892 13892 13892 13892 13892 13892 13892 13892 13892 13892 13892 13892 13892 13892 13892 13892 4984 
19092 19092 19092 19092 19092 19092 19092 19092 19092 19092 19092 19092 19092 19092 19092 19092 19092 10112 
15876 15876 15876 15876 15876 15876 15876 15876 15876 15876 15876 15876 15876 15876 15876 15876 15876 7256 
16484 16484 16484 16484 16484 16484 16484 16484 16484 16484 16484 16484 16484 16484 16484 16484 16484 7792 
18444 18444 18444 18444 18444 18444 18444 18444 18444 18444 18444 18444 18444 18444 18444 18444 18444 10112 
15768 15768 15768 15768 15768 15768 15768 15768 15768 15768 15768 15768 15768 15768 15768 15768 15768 7256 
18720 18720 18720 18720 18720 18720 18720 18720 18720 18720 18720 18720 18720 18720 18720 18720 18720 10352 
19116 19116 19116 19116 19116 19116 19116 19116 19116 19116 19116 19116 19116 19116 19116 19116 19116 10352 
18624 18624 18624 18624 18624 18624 18624 18624 18624 18624 18624 18624 18624 18624 18624 18624 18624 10112 
18552 18552 18552 18552 18552 18552 18552 18552 18552 18552 18552 18552 18552 18552 18552 18552 18552 10112 
3924 3924 3924 3924 3924 3924 3924 3924 3924 3924 3924 3924 3924 3924 3924 3924 3924 0 
14548 14548 14548 14548 14548 14548 14548 14548 14548 14548 14548 14548 14548 14548 14548 14548 14548 5568 
12064 12064 12064 12064 12064 12064 12064 12064 12064 12064 12064 12064 12064 12064 12064 12064 12064 3120 
18768 18768 18768 18768 18768 18768 18768 18768 18768 18768 18768 18768 18768 18768 18768 18768 18768 10112 
21012 21012 21012 21012 21012 21012 21012 21012 21012 21012 21012 21012 21012 21012 21012 21012 21012 12176 
12144 12144 12144 12144 12144 12144 12144 12144 12144 12144 12144 12144 12144 12144 12144 12144 12144 3560 
17936 17936 17936 17936 17936 17936 17936 17936 17936 17936 17936 17936 17936 17936 17936 17936 17936 9208 
19440 19440 19440 19440 19440 19440 19440 19440 19440 19440 19440 19440 19440 19440 19440 19440 19440 10352 
14152 14152 14152 14152 14152 14152 14152 14152 14152 14152 14152 14152 14152 14152 14152 14152 14152 5568 
20868 20868 20868 20868 20868 20868 20868 20868 20868 20868 20868 20868 20868 20868 20868 20868 20868 12176 
4212 4212 4212 4212 4212 4212 4212 4212 4212 4212 4212 4212 4212 4212 4212 4212 4212 0 
13136 13136 13136 13136 13136 13136 13136 13136 13136 13136 13136 13136 13136 13136 13136 13136 13136 4984 
13920 13920 13920 13920 13920 13920 13920 13920 13920 13920 13920 13920 13920 13920 13920 13920 13920 4904 
20688 20688 20688 20688 20688 20688 20688 20688 20688 20688 20688 20688 20688 20688 20688 20688 20688 12176 
11992 11992 11992 11992 11992 11992 11992 11992 11992 11992 11992 11992 11992 11992 11992 11992 11992 3264 
20680 20680 20680 20680 20680 20680 20680 20680 20680 20680 20680 20680 20680 20680 20680 20680 20680 11808 
19128 19128 19128 19128 19128 19128 19128 19128 19128 19128 19128 19128 19128 19128 19128 19128 19128 10112 
18152 18152 18152 18152 18152 18152 18152 18152 18152 18152 18152 18152 18152 18152 18152 18152 18152 9208 
17828 17828 17828 17828 17828 17828 17828 17828 17828 17828 17828 17828 17828 17828 17828 17828 17828 9208 
13460 13460 13460 13460 13460 13460 13460 13460 13460 13460 13460 13460 13460 13460 13460 13460 13460 4984 
12792 12792 12792 12792 12792 12792 12792 12792 12792 12792 12792 12792 12792 12792 12792 12792 12792 4064 
4068 4068 4068 4068 4068 4068 4068 4068 4068 4068 4068 4068 4068 4068 4068 4068 4068 0 
12432 12432 12432 12432 12432 12432 12432 12432 12432 12432 12432 12432 12432 12432 12432 12432 12432 3560 
16484 16484 16484 16484 16484 16484 16484 16484 16484 16484 16484 16484 16484 16484 16484 16484 16484 7792 
21712 21712 21712 21712 21712 21712 21712 21712 21712 21712 21712 21712 21712 21712 21712 21712 21712 12912 
4772 4772 4772 4772 4772 4772 4772 4772 4772 4772 4772 4772 4772 4772 4772 4772 4772 920 
13308 13308 13308 13308 13308 13308 13308 13308 13308 13308 13308 13308 13308 13308 13308 13308 13308 4904 
8324 8324 8324 8324 8324 8324 8324 8324 8324 8324 8324 8324 8324 8324 8324 8324 8324 4760 
16200 16200 16200 16200 16200 16200 16200 16200 16200 16200 16200 16200 16200 16200 16200 16200 16200 7256 
20816 20816 20816 20816 20816 20816 20816 20816 20816 20816 20816 20816 20816 20816 20816 20816 20816 12016 
18912 18912 18912 18912 18912 18912 18912 18912 18912 18912 18912 18912 18912 18912 18912 18912 18912 10112 
13676 13676 13676 13676 13676 13676 13676 13676 13676 13676 13676 13676 13676 13676 13676 13676 13676 4984 
13668 13668 13668 13668 13668 13668 13668 13668 13668 13668 13668 13668 13668 13668 13668 13668 13668 4904 
13848 13848 13848 13848 13848 13848 13848 13848 13848 13848 13848 13848 13848 13848 13848 13848 13848 4904 
18756 18756 18756 18756 18756 18756 18756 18756 18756 18756 18756 18756 18756 18756 18756 18756 18756 10352 
21676 21676 21676 21676 21676 21676 21676 21676 21676 21676 21676 21676 21676 21676 21676 21676 21676 12912 
4952 4952 4952 4952 4952 4952 4952 4952 4952 4952 4952 4952 4952 4952 4952 4952 4952 920 
18660 18660 18660 18660 18660 18660 18660 18660 18660 18660 18660 18660 18660 18660 18660 18660 18660 10112 
21192 21192 21192 21192 21192 21192 21192 21192 21192 21192 21192 21192 21192 21192 21192 21192 21192 12176 
18736 18736 18736 18736 18736 18736 18736 18736 18736 18736 18736 18736 18736 18736 18736 18736 18736 10224 
21012 21012 21012 21012 21012 21012 21012 21012 21012 21012 21012 21012 21012 21012 21012 21012 21012 12176 
]

ExternalWorkerWithSkillOnStintCost: [
15420 12600 16410 13530 17520 14070 14670 17070 12960 15720 17460 13500 15450 14790 14340 17010 13080 3462 
13800 15000 17280 16530 12480 16590 14040 14100 16350 17070 12930 15870 14550 17460 12690 15000 14340 2448 
13740 15420 14070 14370 15330 16320 13500 16350 12300 14280 15600 12960 17490 17070 17040 12810 12810 2814 
14790 12600 17400 13110 16680 15810 14100 12990 14310 12570 14280 15810 17100 12480 16800 13710 14700 3168 
15180 17610 17490 15450 17640 13440 17190 17940 12720 12300 14400 15150 16650 17220 16950 12540 12870 3594 
15060 17580 14610 14100 17940 15930 16830 17790 17040 12090 13050 17520 17370 14040 16620 13950 14010 2508 
]

OverlappingStints: [
[ ]
[ ]
[ ]
[ ]
[ ]
[ ]
[ ]
[ ]
[ ]
[ ]
[ ]
[ ]
[ ]
[ ]
[ ]
[ ]
[ ]
[ ]
]

EmployeesWithSkill: [
[ 1 2 3 4 5 6 7 8 9 10 11 12 13 14 15 16 17 18 19 20 21 22 23 24 25 26 27 28 29 30 31 32 33 34 35 36 37 38 39 40 41 42 43 44 45 46 47 48 49 50 51 52 53 54 55 56 57 58 59 60 61 62 63 64 65 66 67 68 69 70 71 72 73 74 75 76 77 78 79 80 81 82 83 84 85 86 87 88 89 90 91 92 93 94 95 96 97 98 99 100 101 102 103 104 105 106 107 108 109 110 111 112 113 114 115 116 117 118 119 120 121 122 123 124 125 126 127 128 129 130 131 132 133 134 135 136 137 138 139 140 141 142 143 144 145 146 147 148 149 150 ]
[ 1 2 4 5 8 10 11 22 25 26 27 33 35 36 44 47 51 54 57 58 60 61 63 64 70 77 79 86 88 95 97 98 99 101 103 110 114 117 118 119 124 135 138 142 146 149 ]
[ 2 7 9 11 12 15 17 18 20 26 27 30 33 34 36 37 40 41 42 44 46 47 48 49 50 52 53 59 63 66 67 68 70 71 72 73 77 79 84 89 90 91 92 94 96 100 101 102 103 111 112 115 117 118 119 120 122 123 125 126 128 129 131 132 135 139 141 142 143 144 146 147 148 149 ]
[ 1 2 3 4 5 6 7 8 9 11 12 13 14 15 16 17 18 19 20 21 24 25 26 27 28 29 30 31 32 33 34 36 37 39 41 42 43 46 48 50 52 53 55 57 58 59 60 61 62 63 65 66 67 68 70 71 72 73 74 75 76 78 79 81 83 84 85 86 87 88 90 91 92 93 95 97 98 99 101 103 104 105 106 107 110 111 112 114 115 116 117 118 120 122 123 124 125 126 127 128 129 131 132 133 134 135 136 137 138 141 142 143 146 147 148 150 ]
[ 7 14 34 40 49 64 78 80 81 82 86 89 91 98 99 101 109 110 117 124 130 132 135 146 150 ]
[ 33 43 50 64 85 92 113 117 118 125 127 138 142 ]
]

SkillDemandInActivityWithMode: [
0	1	
6	10	
23	36	
32	49	
7	12	
11	18	
11	18	
21	33	
9	15	
26	40	
32	49	
32	49	
23	36	
7	12	
23	36	
9	15	
21	33	
14	22	
11	18	
14	22	
23	36	
11	18	
7	12	
32	49	
32	49	
28	43	
28	43	
28	43	
21	33	
32	49	
20	31	
16	25	
9	15	
32	49	
21	33	
21	33	

0	1	
1	3	
7	12	
9	15	
1	3	
3	6	
3	6	
6	10	
2	4	
7	12	
9	15	
9	15	
7	12	
2	4	
7	12	
2	4	
6	10	
4	7	
3	6	
4	7	
7	12	
3	6	
1	3	
9	15	
9	15	
8	13	
8	13	
8	13	
6	10	
9	15	
5	9	
4	7	
2	4	
9	15	
6	10	
6	10	

0	1	
2	4	
11	18	
15	24	
3	6	
5	9	
5	9	
10	16	
4	7	
12	19	
15	24	
15	24	
11	18	
3	6	
11	18	
3	6	
10	16	
6	10	
4	7	
6	10	
11	18	
5	9	
3	6	
15	24	
15	24	
13	21	
13	21	
13	21	
10	16	
15	24	
9	15	
7	12	
4	7	
15	24	
10	16	
10	16	

0	1	
4	7	
17	27	
24	37	
4	7	
8	13	
8	13	
16	25	
6	10	
19	30	
24	37	
24	37	
17	27	
5	9	
17	27	
6	10	
16	25	
10	16	
7	12	
10	16	
17	27	
8	13	
4	7	
24	37	
24	37	
21	33	
21	33	
21	33	
16	25	
24	37	
14	22	
12	19	
6	10	
24	37	
16	25	
16	25	

0	1	
0	1	
3	6	
5	9	
1	3	
1	3	
1	3	
3	6	
1	3	
4	7	
5	9	
5	9	
3	6	
1	3	
3	6	
1	3	
3	6	
2	4	
1	3	
2	4	
3	6	
1	3	
1	3	
5	9	
5	9	
4	7	
4	7	
4	7	
3	6	
5	9	
3	6	
2	4	
1	3	
5	9	
3	6	
3	6	

0	1	
0	1	
2	4	
2	4	
0	1	
0	1	
0	1	
1	3	
0	1	
2	4	
2	4	
2	4	
1	3	
0	1	
1	3	
0	1	
1	3	
1	3	
0	1	
1	3	
1	3	
0	1	
0	1	
2	4	
2	4	
2	4	
2	4	
2	4	
1	3	
2	4	
1	3	
1	3	
0	1	
2	4	
1	3	
1	3	

]

EmployeeAvailability: [
1 1 1 1 1 0 1 1 1 1 1 1 1 1 1 1 1 1 
1 1 1 1 1 1 1 1 1 1 1 1 1 1 1 1 1 1 
1 1 1 1 1 1 1 1 0 1 1 1 1 1 1 1 1 1 
1 1 1 0 1 1 1 1 1 1 1 0 1 1 1 1 0 1 
1 1 0 0 1 1 1 1 1 1 1 1 1 1 1 1 1 1 
1 0 1 1 0 1 1 1 1 1 1 1 1 1 1 1 1 1 
1 1 0 1 1 1 1 0 1 1 1 1 1 1 0 1 1 1 
1 0 1 1 1 1 1 1 1 1 1 1 1 1 1 1 1 1 
1 1 1 1 0 1 1 1 0 1 1 1 1 1 1 1 1 1 
1 1 1 1 1 0 1 1 1 1 1 1 1 1 1 1 1 1 
1 1 1 1 1 1 1 1 0 1 1 1 1 1 1 0 1 1 
0 1 1 1 1 1 1 1 1 0 1 1 1 1 1 1 1 1 
1 1 1 1 1 1 1 1 1 1 1 1 1 1 1 1 1 1 
0 1 1 1 1 1 1 1 1 1 1 1 1 0 1 1 1 1 
1 1 1 1 1 1 1 1 1 1 1 1 1 1 1 1 1 1 
1 1 1 1 1 1 1 1 1 1 1 1 1 1 1 1 1 1 
1 1 1 1 1 1 1 1 1 1 0 1 1 1 1 1 1 1 
1 1 1 1 1 1 1 1 1 1 1 1 1 1 1 1 1 1 
1 1 1 1 1 1 1 1 1 1 1 1 1 1 0 1 1 1 
1 1 1 1 1 1 1 1 1 1 1 1 1 1 1 1 1 1 
1 1 1 1 1 1 1 1 0 1 1 1 1 1 1 1 1 1 
1 1 1 1 1 1 1 0 1 1 1 1 1 1 1 1 1 1 
1 1 1 0 1 1 1 1 1 1 1 1 1 1 1 1 1 1 
1 1 1 1 1 1 1 1 1 1 1 1 1 1 1 1 1 1 
1 1 0 1 1 1 1 1 1 1 0 1 1 1 1 1 1 1 
1 1 1 1 1 1 1 1 1 1 1 1 1 1 1 1 1 1 
1 1 1 1 1 1 1 1 1 1 1 1 1 1 1 1 1 1 
1 1 1 1 1 1 1 1 0 1 0 1 1 1 1 1 1 1 
1 1 1 1 1 1 1 1 1 1 1 1 1 1 1 1 1 1 
0 1 1 1 1 1 1 0 1 1 1 1 1 1 1 1 1 1 
1 1 1 1 1 1 1 1 1 1 1 1 1 1 1 1 1 1 
1 1 0 1 1 1 1 1 1 1 1 1 1 1 1 1 1 1 
1 1 1 1 1 1 1 1 1 1 1 1 1 1 1 1 1 1 
1 1 1 0 1 1 1 1 1 1 0 1 1 1 1 1 1 1 
1 1 1 1 1 1 1 1 1 1 1 1 1 1 1 1 1 1 
1 1 1 1 1 1 1 1 1 1 1 1 1 1 1 1 1 1 
1 1 1 1 0 1 1 1 0 1 1 1 1 1 1 1 1 1 
1 1 1 1 1 1 1 1 0 1 0 1 1 1 1 1 1 1 
0 1 1 1 1 1 1 1 1 1 1 1 1 0 1 1 1 1 
1 1 1 1 1 1 1 1 1 1 1 1 1 1 1 1 1 1 
1 1 0 1 1 1 1 1 1 1 1 1 1 1 1 1 1 1 
1 1 1 1 1 1 1 1 1 1 1 1 1 1 1 1 1 1 
1 1 1 1 1 1 1 1 1 1 1 1 0 1 1 1 1 1 
1 1 1 1 1 1 1 1 1 1 1 1 1 1 1 1 1 0 
1 1 1 1 1 1 1 1 1 1 1 1 1 1 0 1 0 1 
0 1 1 1 1 1 1 1 1 1 1 1 1 1 1 1 1 1 
1 1 1 0 1 1 1 1 1 1 1 1 1 1 1 1 1 1 
1 1 1 1 1 1 1 1 1 1 1 1 1 1 1 1 1 1 
1 1 1 1 1 1 1 1 1 1 0 1 1 1 1 1 1 1 
1 1 1 0 1 1 1 1 1 1 1 0 1 1 1 1 1 1 
1 1 1 0 1 1 1 1 1 1 1 1 1 1 1 1 1 1 
1 1 1 1 1 1 1 1 1 1 1 1 1 1 1 1 0 1 
1 1 1 1 1 1 1 1 1 1 1 1 1 1 1 1 1 1 
0 1 1 1 1 1 1 1 1 1 1 0 1 1 1 0 1 1 
1 1 1 1 0 1 1 1 1 1 1 1 1 1 1 1 1 1 
1 1 1 1 1 1 1 1 1 1 1 1 1 1 1 1 1 1 
1 1 1 1 1 1 1 1 1 1 1 1 1 1 1 1 1 1 
1 1 1 1 1 1 1 1 1 1 1 1 1 1 1 1 1 1 
0 1 1 1 1 1 1 1 0 1 1 1 1 1 1 1 1 1 
1 1 1 1 1 1 1 1 1 1 1 1 1 0 1 1 1 1 
1 1 1 1 1 0 1 1 1 1 1 1 1 1 1 1 1 1 
1 1 1 1 1 1 1 1 1 1 1 1 1 1 1 1 1 1 
1 1 1 1 1 1 1 1 1 1 1 1 1 1 1 1 1 1 
1 1 1 1 1 1 1 1 0 1 1 1 1 1 0 1 1 0 
1 1 1 1 1 1 0 1 1 1 1 1 1 1 1 1 1 0 
1 1 1 1 1 0 1 1 1 1 1 1 1 1 1 1 1 1 
1 1 1 1 1 1 1 1 1 1 1 1 1 1 1 1 1 1 
1 1 1 1 1 1 1 0 1 1 1 1 1 1 1 1 1 1 
1 1 1 1 1 1 1 1 1 1 1 0 1 0 0 1 1 1 
1 1 1 1 1 1 1 1 1 1 1 1 1 1 1 1 1 1 
1 1 1 1 1 1 1 1 1 1 1 1 1 1 1 1 1 1 
1 1 1 1 1 1 1 1 1 1 0 1 1 1 1 1 1 1 
1 1 1 1 1 1 1 1 1 1 1 1 1 1 1 1 1 1 
1 1 1 1 1 1 1 1 1 1 1 1 1 1 1 1 1 1 
1 1 1 1 1 1 1 1 1 1 1 1 1 1 1 1 1 1 
1 1 1 1 1 0 1 1 1 1 1 1 0 1 1 1 1 1 
1 1 1 1 1 1 0 1 1 0 1 1 1 1 1 1 1 1 
1 1 1 1 1 1 0 1 1 1 1 1 1 1 1 1 1 1 
1 1 1 1 1 1 1 1 1 1 1 1 1 1 1 1 1 1 
1 1 1 1 1 1 1 1 1 1 1 1 1 1 1 1 1 1 
1 0 1 1 1 1 1 1 1 1 1 1 0 1 1 1 1 1 
1 0 1 1 1 1 1 1 1 1 1 1 1 1 1 1 1 1 
1 1 1 1 1 1 1 1 0 1 1 1 1 1 1 1 0 1 
1 1 1 1 0 1 1 1 1 1 1 1 1 1 1 1 0 1 
1 1 1 1 1 1 1 1 1 1 1 1 1 1 1 1 1 1 
1 1 1 1 1 1 1 1 1 1 1 1 1 0 1 1 1 1 
1 1 1 1 1 1 1 1 1 1 1 1 0 1 1 1 0 1 
1 1 1 1 1 1 1 1 1 1 1 1 1 1 1 1 1 1 
1 1 1 1 1 1 1 1 1 1 1 1 1 1 1 1 1 1 
1 1 1 1 1 1 1 1 1 0 1 1 1 1 1 1 1 1 
1 1 1 1 1 1 1 1 1 1 1 1 1 1 1 1 1 1 
1 1 1 1 1 1 1 1 1 1 1 1 0 1 1 0 1 1 
1 1 1 1 1 1 1 1 1 0 1 1 1 1 1 1 1 1 
1 1 1 1 1 1 1 0 1 1 1 1 1 1 1 1 1 1 
0 1 0 1 0 1 1 1 1 1 1 1 1 1 1 1 1 1 
1 1 1 1 1 1 1 1 1 1 1 1 1 1 1 1 1 1 
1 1 1 1 1 1 1 1 1 1 1 1 1 1 1 1 1 1 
1 1 1 1 1 1 1 1 1 1 1 1 1 1 1 1 1 1 
1 1 1 1 1 1 1 1 1 1 1 1 1 1 1 1 1 1 
1 1 1 1 1 1 1 1 1 1 1 1 1 1 1 1 1 1 
1 1 1 0 1 1 1 1 1 1 1 0 1 1 1 1 1 1 
1 1 1 1 1 1 1 1 1 1 1 1 1 1 0 1 1 1 
1 1 1 1 1 1 1 1 1 1 1 1 1 1 1 1 1 1 
1 1 1 1 1 1 1 1 1 1 1 1 1 1 1 1 1 1 
1 1 0 1 1 1 1 1 1 1 1 1 1 1 1 1 1 1 
1 1 0 1 1 1 1 1 1 1 1 1 1 1 1 1 1 1 
1 1 1 1 1 1 1 1 1 1 1 1 1 1 1 1 1 1 
1 1 1 1 1 1 0 1 0 1 1 1 1 1 0 1 1 1 
1 0 1 1 1 1 1 1 1 1 1 1 1 1 1 1 1 1 
1 1 1 1 1 1 1 1 1 1 1 1 1 1 1 1 1 1 
1 1 0 1 1 1 1 1 1 1 0 1 1 1 1 0 1 1 
0 1 1 1 1 1 1 1 1 1 1 1 1 1 0 1 1 1 
1 1 1 1 1 1 1 1 0 1 1 0 1 1 1 1 1 1 
1 1 1 1 1 0 1 0 1 1 1 1 1 1 1 1 1 1 
1 1 1 1 1 1 1 1 1 1 1 1 1 1 1 1 1 1 
1 1 1 1 1 1 1 1 1 1 1 1 1 1 1 1 1 1 
1 1 1 1 1 1 1 1 1 1 1 1 0 1 1 1 1 1 
1 1 1 1 1 1 1 1 0 1 1 1 1 1 1 1 1 1 
0 1 1 1 1 1 1 1 1 1 1 1 1 1 1 1 1 1 
1 1 1 1 1 1 1 1 1 1 1 1 1 1 1 1 1 1 
1 1 1 1 1 1 1 1 1 1 1 1 1 1 1 1 1 1 
1 1 1 1 1 1 1 1 1 1 1 1 1 1 1 1 1 1 
1 1 1 1 1 1 1 1 1 1 1 1 1 1 1 1 1 1 
1 0 1 1 1 1 1 1 1 1 1 1 1 1 1 1 1 1 
1 1 1 1 1 1 1 1 1 1 1 1 1 1 1 1 1 1 
1 1 1 1 1 1 1 1 1 1 1 1 1 1 1 1 0 1 
1 1 1 1 1 1 1 1 1 1 1 1 1 1 1 1 1 1 
0 1 1 1 1 1 0 1 1 1 1 1 1 1 1 1 1 1 
1 1 1 1 1 1 1 1 1 1 1 1 1 1 1 1 1 1 
0 1 1 1 1 1 1 1 1 1 1 1 1 1 1 1 1 0 
1 1 1 1 1 1 1 1 1 1 1 1 1 1 1 1 1 1 
1 1 1 1 1 1 1 1 1 1 1 1 1 1 1 0 1 1 
1 1 1 1 1 1 1 1 1 1 1 1 1 1 1 1 1 1 
1 1 1 1 1 1 1 1 1 0 1 1 1 1 1 1 1 1 
1 1 1 1 1 1 1 1 1 1 1 1 1 1 1 1 1 1 
1 1 1 1 1 1 1 1 1 1 1 1 1 0 1 1 1 1 
1 1 1 1 1 0 1 1 1 1 1 1 1 1 1 1 1 1 
1 0 1 1 1 1 1 1 1 1 1 1 1 1 1 1 1 1 
1 1 1 1 1 1 1 1 0 1 1 1 1 1 1 1 0 1 
1 1 1 1 1 1 1 1 1 1 1 1 1 1 1 0 1 1 
1 1 1 1 1 1 1 0 1 1 1 1 1 1 1 1 1 1 
1 1 1 1 1 1 1 1 1 1 1 1 1 1 1 1 1 1 
1 1 1 1 1 1 1 1 1 1 1 1 1 1 1 1 1 1 
1 1 1 1 1 1 1 0 1 1 1 1 1 1 1 1 1 1 
1 1 1 1 1 1 1 1 0 1 1 1 1 1 1 1 1 1 
1 1 1 1 1 1 1 1 1 1 1 1 1 1 1 1 1 1 
1 1 1 1 1 0 1 0 1 1 1 1 1 1 1 1 1 1 
1 1 1 1 1 1 1 1 1 1 1 1 1 1 1 1 1 1 
1 1 1 1 1 1 1 1 1 1 1 1 1 1 1 1 1 1 
1 0 1 0 1 1 1 1 1 1 1 1 1 1 1 1 0 1 
]

EmployeeWantedInStint: [ (2 17) 1 (4 17) 1 (7 7) 1 (10 18) 1 (12 6) 1 (15 4) 1 (15 15) 1 (16 10) 1 (22 9) 1 (26 10) 1 (28 4) 1 (31 10) 1 (31 13) 1 (37 13) 1 (43 5) 1 (43 13) 1 (54 6) 1 (55 13) 1 (55 16) 1 (56 10) 1 (59 4) 1 (60 3) 1 (64 5) 1 (66 10) 1 (68 2) 1 (70 15) 1 (78 18) 1 (79 1) 1 (85 11) 1 (87 8) 1 (88 12) 1 (90 2) 1 (90 15) 1 (93 7) 1 (93 14) 1 (100 3) 1 (103 3) 1 (106 15) 1 (111 12) 1 (114 2) 1 (114 18) 1 (116 1) 1 (118 8) 1 (118 18) 1 (121 3) 1 (121 4) 1 (124 6) 1 (125 6) 1 (126 7) 1 (127 9) 1 (131 3) 1 (134 1) 1 (134 14) 1 (135 6) 1 (137 14) 1 (142 4) 1 (144 13) 1 (145 9) 1 (146 13) 1 (147 18) 1 (149 5) 1 (150 11) 1 ]

EmployeeWantedViolationCost: [ (2 17) 7000 (4 17) 7000 (7 7) 10000 (10 18) 5000 (12 6) 13000 (15 4) 6000 (15 15) 13000 (16 10) 6000 (22 9) 8000 (26 10) 13000 (28 4) 15000 (31 10) 7000 (31 13) 7000 (37 13) 10000 (43 5) 14000 (43 13) 12000 (54 6) 6000 (55 13) 12000 (55 16) 11000 (56 10) 6000 (59 4) 12000 (60 3) 13000 (64 5) 12000 (66 10) 7000 (68 2) 11000 (70 15) 5000 (78 18) 15000 (79 1) 7000 (85 11) 8000 (87 8) 5000 (88 12) 5000 (90 2) 11000 (90 15) 7000 (93 7) 11000 (93 14) 8000 (100 3) 15000 (103 3) 8000 (106 15) 5000 (111 12) 9000 (114 2) 15000 (114 18) 11000 (116 1) 13000 (118 8) 9000 (118 18) 15000 (121 3) 5000 (121 4) 15000 (124 6) 5000 (125 6) 13000 (126 7) 15000 (127 9) 8000 (131 3) 14000 (134 1) 11000 (134 14) 9000 (135 6) 7000 (137 14) 15000 (142 4) 9000 (144 13) 9000 (145 9) 11000 (146 13) 14000 (147 18) 8000 (149 5) 12000 (150 11) 15000 ]

EmployeesThatShouldNotWorkTogetherWithEmployee: [
[ 4 37 80 111 ]
[ 8 23 28 41 90 127 129 145 ]
[ 18 35 49 54 55 67 94 109 134 141 ]
[ 19 25 93 143 147 ]
[ 59 145 150 ]
[ 20 51 58 69 70 102 113 ]
[ 90 95 144 ]
[ 105 108 137 150 ]
[ 14 40 117 132 ]
[ 32 51 58 70 73 121 129 138 141 ]
[ 12 45 47 58 63 77 91 119 149 ]
[ 85 113 144 ]
[ 89 106 ]
[ 25 36 50 85 120 130 ]
[ 54 78 83 100 130 ]
[ 50 66 103 147 ]
[ 52 64 118 120 ]
[ 35 74 78 84 87 88 132 137 ]
[ 22 39 42 78 107 140 144 ]
[ 33 39 70 94 107 118 124 ]
[ 33 39 69 74 116 147 ]
[ 30 31 101 111 137 ]
[ 60 106 125 137 ]
[ 61 125 149 ]
[ 43 50 76 98 143 149 ]
[ 33 44 59 79 93 122 128 146 ]
[ 28 73 120 132 ]
[ 84 104 121 126 ]
[ 30 37 39 67 78 94 103 104 128 135 148 ]
[ 54 80 82 ]
[ 109 115 147 ]
[ 40 68 133 136 147 ]
[ 75 92 117 131 ]
[ 57 73 88 89 108 127 ]
[ 91 109 146 ]
[ 111 126 148 ]
[ 99 100 101 113 118 ]
[ 50 ]
[ 115 137 150 ]
[ 61 85 95 105 119 130 131 132 ]
[ 98 102 137 146 ]
[ 111 119 126 142 ]
[ 80 86 108 133 ]
[ 63 76 104 122 126 130 149 150 ]
[ 102 ]
[ 70 87 91 92 116 126 ]
[ 94 99 134 144 ]
[ 78 ]
[ 60 62 88 93 105 116 127 ]
[ 79 91 120 147 ]
[ 72 82 145 ]
[ 86 89 130 134 ]
[ 61 68 87 99 138 ]
[ 56 111 112 125 139 ]
[ 79 95 105 131 149 ]
[ 59 72 80 101 112 ]
[ 72 78 137 ]
[ ]
[ ]
[ 74 77 93 111 136 ]
[ 115 136 ]
[ 71 98 105 112 124 143 ]
[ 96 ]
[ 69 140 144 145 ]
[ 68 81 145 149 ]
[ 91 123 138 ]
[ 100 109 150 ]
[ 87 101 118 ]
[ 122 ]
[ 97 135 ]
[ 79 113 120 122 123 142 147 150 ]
[ 89 93 127 128 ]
[ 83 88 133 ]
[ 77 84 98 ]
[ 90 123 ]
[ 81 82 89 140 ]
[ 95 117 ]
[ 100 125 ]
[ 108 120 125 133 141 ]
[ 101 127 142 144 ]
[ 108 114 115 143 ]
[ 107 136 ]
[ 106 118 121 140 142 ]
[ 89 102 130 ]
[ 92 93 ]
[ 149 ]
[ 133 140 141 ]
[ 114 115 ]
[ ]
[ 108 120 ]
[ 111 128 130 ]
[ 114 121 ]
[ 109 134 ]
[ 96 125 ]
[ 119 120 137 139 ]
[ 114 120 ]
[ 103 111 116 132 ]
[ 100 121 135 143 ]
[ 100 111 142 147 ]
[ 123 144 ]
[ 122 125 128 ]
[ 106 ]
[ 139 ]
[ 110 131 ]
[ 114 130 136 149 ]
[ 130 138 141 150 ]
[ 129 135 137 145 ]
[ 121 130 ]
[ 119 ]
[ 139 ]
[ 114 120 137 ]
[ ]
[ 144 ]
[ 115 119 ]
[ 130 ]
[ 138 ]
[ ]
[ 121 134 ]
[ 127 129 150 ]
[ 128 146 ]
[ 132 ]
[ 150 ]
[ 126 ]
[ 139 145 ]
[ 140 ]
[ 140 144 ]
[ ]
[ 146 ]
[ 133 136 137 138 ]
[ ]
[ ]
[ 146 ]
[ 150 ]
[ 143 ]
[ 145 ]
[ 138 ]
[ 140 ]
[ ]
[ ]
[ 149 ]
[ ]
[ ]
[ 147 ]
[ ]
[ ]
[ ]
[ ]
[ ]
[ ]
[ ]
]

ShouldNotWorkTogetherCost: [ (1 4) 198 (1 37) 396 (1 80) 198 (1 111) 297 (2 8) 99 (2 23) 297 (2 28) 198 (2 41) 99 (2 90) 198 (2 127) 198 (2 129) 198 (2 145) 198 (3 18) 396 (3 35) 297 (3 49) 99 (3 54) 297 (3 55) 99 (3 67) 297 (3 94) 198 (3 109) 198 (3 134) 198 (3 141) 396 (4 19) 396 (4 25) 297 (4 93) 396 (4 143) 396 (4 147) 198 (5 59) 99 (5 145) 99 (5 150) 297 (6 20) 297 (6 51) 297 (6 58) 198 (6 69) 198 (6 70) 198 (6 102) 396 (6 113) 198 (7 90) 99 (7 95) 198 (7 144) 198 (8 105) 198 (8 108) 396 (8 137) 297 (8 150) 297 (9 14) 297 (9 40) 99 (9 117) 198 (9 132) 198 (10 32) 198 (10 51) 198 (10 58) 99 (10 70) 99 (10 73) 99 (10 121) 297 (10 129) 99 (10 138) 297 (10 141) 198 (11 12) 198 (11 45) 198 (11 47) 99 (11 58) 198 (11 63) 396 (11 77) 396 (11 91) 297 (11 119) 99 (11 149) 198 (12 85) 198 (12 113) 297 (12 144) 396 (13 89) 198 (13 106) 297 (14 25) 297 (14 36) 297 (14 50) 297 (14 85) 297 (14 120) 198 (14 130) 198 (15 54) 396 (15 78) 198 (15 83) 198 (15 100) 198 (15 130) 396 (16 50) 396 (16 66) 198 (16 103) 396 (16 147) 99 (17 52) 198 (17 64) 396 (17 118) 396 (17 120) 198 (18 35) 396 (18 74) 396 (18 78) 198 (18 84) 99 (18 87) 297 (18 88) 198 (18 132) 396 (18 137) 396 (19 22) 297 (19 39) 396 (19 42) 99 (19 78) 99 (19 107) 297 (19 140) 396 (19 144) 198 (20 33) 297 (20 39) 99 (20 70) 396 (20 94) 198 (20 107) 198 (20 118) 198 (20 124) 297 (21 33) 297 (21 39) 396 (21 69) 198 (21 74) 99 (21 116) 99 (21 147) 198 (22 30) 198 (22 31) 198 (22 101) 198 (22 111) 396 (22 137) 396 (23 60) 297 (23 106) 396 (23 125) 396 (23 137) 297 (24 61) 297 (24 125) 198 (24 149) 396 (25 43) 99 (25 50) 297 (25 76) 396 (25 98) 99 (25 143) 99 (25 149) 297 (26 33) 396 (26 44) 198 (26 59) 297 (26 79) 99 (26 93) 297 (26 122) 99 (26 128) 396 (26 146) 99 (27 28) 297 (27 73) 99 (27 120) 99 (27 132) 297 (28 84) 198 (28 104) 396 (28 121) 396 (28 126) 297 (29 30) 99 (29 37) 198 (29 39) 99 (29 67) 99 (29 78) 99 (29 94) 99 (29 103) 99 (29 104) 297 (29 128) 99 (29 135) 99 (29 148) 198 (30 54) 396 (30 80) 99 (30 82) 396 (31 109) 198 (31 115) 396 (31 147) 99 (32 40) 99 (32 68) 99 (32 133) 297 (32 136) 396 (32 147) 297 (33 75) 396 (33 92) 99 (33 117) 297 (33 131) 396 (34 57) 396 (34 73) 396 (34 88) 396 (34 89) 297 (34 108) 396 (34 127) 198 (35 91) 99 (35 109) 396 (35 146) 198 (36 111) 396 (36 126) 198 (36 148) 198 (37 99) 297 (37 100) 297 (37 101) 297 (37 113) 396 (37 118) 99 (38 50) 99 (39 115) 297 (39 137) 99 (39 150) 99 (40 61) 99 (40 85) 396 (40 95) 198 (40 105) 198 (40 119) 297 (40 130) 396 (40 131) 99 (40 132) 396 (41 98) 198 (41 102) 396 (41 137) 396 (41 146) 396 (42 111) 198 (42 119) 99 (42 126) 198 (42 142) 198 (43 80) 198 (43 86) 99 (43 108) 396 (43 133) 396 (44 63) 99 (44 76) 198 (44 104) 198 (44 122) 396 (44 126) 198 (44 130) 198 (44 149) 99 (44 150) 396 (45 102) 198 (46 70) 99 (46 87) 198 (46 91) 99 (46 92) 297 (46 116) 297 (46 126) 99 (47 94) 396 (47 99) 297 (47 134) 396 (47 144) 396 (48 78) 297 (49 60) 396 (49 62) 99 (49 88) 396 (49 93) 99 (49 105) 297 (49 116) 297 (49 127) 99 (50 79) 297 (50 91) 297 (50 120) 297 (50 147) 198 (51 72) 99 (51 82) 198 (51 145) 297 (52 86) 396 (52 89) 99 (52 130) 297 (52 134) 99 (53 61) 99 (53 68) 297 (53 87) 396 (53 99) 198 (53 138) 297 (54 56) 198 (54 111) 99 (54 112) 297 (54 125) 297 (54 139) 198 (55 79) 198 (55 95) 297 (55 105) 99 (55 131) 297 (55 149) 198 (56 59) 297 (56 72) 297 (56 80) 396 (56 101) 297 (56 112) 396 (57 72) 99 (57 78) 297 (57 137) 198 (60 74) 396 (60 77) 297 (60 93) 198 (60 111) 99 (60 136) 198 (61 115) 297 (61 136) 297 (62 71) 99 (62 98) 99 (62 105) 396 (62 112) 198 (62 124) 396 (62 143) 99 (63 96) 198 (64 69) 198 (64 140) 297 (64 144) 396 (64 145) 297 (65 68) 198 (65 81) 396 (65 145) 297 (65 149) 198 (66 91) 297 (66 123) 297 (66 138) 297 (67 100) 99 (67 109) 396 (67 150) 297 (68 87) 297 (68 101) 396 (68 118) 297 (69 122) 99 (70 97) 198 (70 135) 99 (71 79) 99 (71 113) 297 (71 120) 396 (71 122) 297 (71 123) 198 (71 142) 99 (71 147) 297 (71 150) 99 (72 89) 198 (72 93) 99 (72 127) 297 (72 128) 396 (73 83) 396 (73 88) 396 (73 133) 198 (74 77) 99 (74 84) 99 (74 98) 99 (75 90) 396 (75 123) 99 (76 81) 297 (76 82) 396 (76 89) 396 (76 140) 198 (77 95) 198 (77 117) 99 (78 100) 99 (78 125) 297 (79 108) 297 (79 120) 396 (79 125) 396 (79 133) 297 (79 141) 198 (80 101) 297 (80 127) 198 (80 142) 99 (80 144) 297 (81 108) 396 (81 114) 297 (81 115) 198 (81 143) 396 (82 107) 297 (82 136) 396 (83 106) 396 (83 118) 396 (83 121) 297 (83 140) 297 (83 142) 99 (84 89) 99 (84 102) 297 (84 130) 297 (85 92) 99 (85 93) 198 (86 149) 297 (87 133) 396 (87 140) 396 (87 141) 198 (88 114) 297 (88 115) 297 (90 108) 297 (90 120) 396 (91 111) 99 (91 128) 297 (91 130) 99 (92 114) 297 (92 121) 396 (93 109) 297 (93 134) 198 (94 96) 396 (94 125) 297 (95 119) 396 (95 120) 297 (95 137) 198 (95 139) 99 (96 114) 99 (96 120) 198 (97 103) 198 (97 111) 99 (97 116) 99 (97 132) 198 (98 100) 396 (98 121) 297 (98 135) 297 (98 143) 297 (99 100) 99 (99 111) 396 (99 142) 297 (99 147) 198 (100 123) 297 (100 144) 99 (101 122) 198 (101 125) 297 (101 128) 297 (102 106) 99 (103 139) 198 (104 110) 297 (104 131) 396 (105 114) 297 (105 130) 99 (105 136) 99 (105 149) 396 (106 130) 297 (106 138) 198 (106 141) 198 (106 150) 198 (107 129) 99 (107 135) 99 (107 137) 198 (107 145) 396 (108 121) 99 (108 130) 99 (109 119) 396 (110 139) 297 (111 114) 396 (111 120) 198 (111 137) 396 (113 144) 396 (114 115) 198 (114 119) 297 (115 130) 198 (116 138) 297 (118 121) 198 (118 134) 297 (119 127) 198 (119 129) 396 (119 150) 99 (120 128) 198 (120 146) 297 (121 132) 99 (122 150) 297 (123 126) 198 (124 139) 297 (124 145) 297 (125 140) 297 (126 140) 396 (126 144) 396 (128 146) 396 (129 133) 297 (129 136) 198 (129 137) 99 (129 138) 99 (132 146) 297 (133 150) 396 (134 143) 198 (135 145) 297 (136 138) 396 (137 140) 99 (140 149) 297 (143 147) 297 ]

ImmediatePredecessorsToActivity: [
[ ]
[ 1 ]
[ 1 ]
[ 2 ]
[ 1 ]
[ 1 ]
[ 6 ]
[ 4 ]
[ 5 ]
[ 2 5 7 ]
[ 2 5 7 8 ]
[ 7 ]
[ 1 ]
[ 1 ]
[ 3 12 ]
[ 13 14 ]
[ 3 13 ]
[ 6 12 ]
[ 5 7 ]
[ 4 7 14 ]
[ 4 5 17 ]
[ 3 5 ]
[ 1 ]
[ 7 17 22 23 ]
[ 10 14 21 ]
[ 2 5 6 23 ]
[ 2 7 8 13 ]
[ 10 26 ]
[ 3 23 ]
[ 12 14 21 23 ]
[ 17 29 ]
[ 5 ]
[ 17 ]
[ 8 23 32 ]
[ 4 12 23 ]
[ 5 ]
]

ActivitiesInProject: [
[ 1 2 3 4 5 6 7 8 9 10 11 12 13 14 15 16 17 18 19 20 21 22 23 24 25 26 27 28 29 30 31 32 33 34 35 36 ]
]

nActivityModes: [ 2 2 2 2 2 2 2 2 2 2 2 2 2 2 2 2 2 2 2 2 2 2 2 2 2 2 2 2 2 2 2 2 2 2 2 2 ]

ActivityDurationWithMode: [
1	1	
43	29	
11	8	
8	6	
41	28	
23	16	
23	16	
12	8	
30	20	
10	7	
8	6	
8	6	
11	8	
38	26	
11	8	
31	21	
12	8	
18	12	
25	17	
18	12	
11	8	
23	16	
40	27	
8	6	
8	6	
9	6	
9	6	
9	6	
12	8	
8	6	
13	9	
16	11	
30	20	
8	6	
12	8	
12	8	
]

StintsInProject: [
[ 1 2 3 4 5 6 7 8 9 10 11 12 13 14 15 16 17 18 ]
]

WorkingStintsOnDay: [
[ 1 ]
[ 1 ]
[ 1 ]
[ 1 ]
[ 1 ]
[ ]
[ ]
[ 2 ]
[ 2 ]
[ 2 ]
[ 2 ]
[ 2 ]
[ ]
[ ]
[ 3 ]
[ 3 ]
[ 3 ]
[ 3 ]
[ 3 ]
[ ]
[ ]
[ 4 ]
[ 4 ]
[ 4 ]
[ 4 ]
[ 4 ]
[ ]
[ ]
[ 5 ]
[ 5 ]
[ 5 ]
[ 5 ]
[ 5 ]
[ ]
[ ]
[ 6 ]
[ 6 ]
[ 6 ]
[ 6 ]
[ 6 ]
[ ]
[ ]
[ 7 ]
[ 7 ]
[ 7 ]
[ 7 ]
[ 7 ]
[ ]
[ ]
[ 8 ]
[ 8 ]
[ 8 ]
[ 8 ]
[ 8 ]
[ ]
[ ]
[ 9 ]
[ 9 ]
[ 9 ]
[ 9 ]
[ 9 ]
[ ]
[ ]
[ 10 ]
[ 10 ]
[ 10 ]
[ 10 ]
[ 10 ]
[ ]
[ ]
[ 11 ]
[ 11 ]
[ 11 ]
[ 11 ]
[ 11 ]
[ ]
[ ]
[ 12 ]
[ 12 ]
[ 12 ]
[ 12 ]
[ 12 ]
[ ]
[ ]
[ 13 ]
[ 13 ]
[ 13 ]
[ 13 ]
[ 13 ]
[ ]
[ ]
[ 14 ]
[ 14 ]
[ 14 ]
[ 14 ]
[ 14 ]
[ ]
[ ]
[ 15 ]
[ 15 ]
[ 15 ]
[ 15 ]
[ 15 ]
[ ]
[ ]
[ 16 ]
[ 16 ]
[ 16 ]
[ 16 ]
[ 16 ]
[ ]
[ ]
[ 17 ]
[ 17 ]
[ 17 ]
[ 17 ]
[ 17 ]
[ ]
[ ]
[ 18 ]
]

ProjectStart: [ 2 ]

ProjectEnd: [ 105 ]

EarliestStartDayForActivity: [ 1 2 2 61 2 2 33 73 59 66 89 66 2 2 76 54 17 76 66 73 73 59 2 90 88 61 89 80 58 88 74 59 33 89 76 59 ]

LatestStartDayForActivity: [ 1 105 105 105 105 105 105 105 105 105 105 105 105 105 105 105 105 105 105 105 105 105 105 105 105 105 105 105 105 105 105 105 105 105 105 105 ]

EquipmentTypeDemandInActivityWithMode: [
0	1	
2	4	
0	1	
3	6	
0	1	
4	7	
1	3	
2	4	
2	4	
0	1	
0	1	
2	4	
3	6	
1	3	
2	4	
3	6	
0	1	
2	4	
1	3	
1	3	
3	6	
0	1	
0	1	
1	3	
0	1	
0	1	
2	4	
0	1	
1	3	
2	4	
1	3	
1	3	
0	1	
1	3	
2	4	
1	3	

0	1	
0	1	
1	3	
0	1	
0	1	
4	7	
1	3	
1	3	
0	1	
1	3	
1	3	
1	3	
2	4	
0	1	
1	3	
1	3	
0	1	
0	1	
0	1	
1	3	
0	1	
2	4	
1	3	
0	1	
1	3	
2	4	
0	1	
0	1	
2	4	
2	4	
0	1	
1	3	
0	1	
3	6	
0	1	
0	1	

0	1	
3	6	
3	6	
1	3	
3	6	
1	3	
2	4	
4	7	
1	3	
0	1	
3	6	
3	6	
0	1	
3	6	
0	1	
1	3	
1	3	
4	7	
3	6	
2	4	
1	3	
3	6	
2	4	
3	6	
0	1	
3	6	
0	1	
4	7	
2	4	
0	1	
2	4	
2	4	
2	4	
1	3	
2	4	
3	6	

0	1	
1	3	
3	6	
2	4	
0	1	
1	3	
0	1	
3	6	
1	3	
2	4	
1	3	
1	3	
1	3	
1	3	
1	3	
1	3	
0	1	
1	3	
0	1	
3	6	
1	3	
1	3	
0	1	
0	1	
0	1	
0	1	
0	1	
2	4	
2	4	
1	3	
0	1	
3	6	
1	3	
2	4	
3	6	
3	6	

0	1	
1	3	
2	4	
3	6	
2	4	
3	6	
2	4	
2	4	
1	3	
1	3	
1	3	
0	1	
2	4	
1	3	
2	4	
6	10	
1	3	
3	6	
1	3	
2	4	
3	6	
0	1	
3	6	
1	3	
3	6	
0	1	
1	3	
1	3	
1	3	
1	3	
0	1	
0	1	
1	3	
1	3	
2	4	
0	1	

0	1	
0	1	
1	3	
2	4	
2	4	
0	1	
1	3	
1	3	
3	6	
0	1	
2	4	
0	1	
2	4	
1	3	
1	3	
3	6	
0	1	
3	6	
1	3	
3	6	
0	1	
2	4	
1	3	
1	3	
3	6	
3	6	
1	3	
0	1	
0	1	
0	1	
0	1	
3	6	
1	3	
0	1	
1	3	
1	3	

]

ExternalEquipmentRentingCost: [
5406	1361	5557	1937	1574	1017	1318	3407	5364	2662	5994	4076	4718	5579	2720	4167	5916	3601	1045	1141	2191	2095	3824	4400	5839	4462	4687	2341	2417	5799	4078	3425	3763	2792	3894	1009	
4731	4440	4566	3924	4147	5294	3822	3725	1286	3534	5130	3251	2311	2988	1917	2935	5883	4476	3485	1664	4940	4522	2254	4744	3430	4129	2705	4300	5488	3198	1066	2290	5035	4375	1635	1687	
1590	2123	2523	1953	4450	4388	1185	3470	2916	1401	2743	1188	1783	1556	4210	3200	4016	5445	4397	5702	2387	1626	1072	4704	1485	3980	2706	1744	5834	5926	3732	2251	1524	5620	1904	3704	
4459	3077	5274	1230	5931	3603	4309	1698	1687	3804	1005	3697	3950	4002	1083	1514	1513	1249	1327	2330	1375	5776	5204	2559	2856	2514	1261	3545	2023	5554	1436	5256	2475	2241	5873	4185	
4490	5164	4841	3005	4745	4289	5805	5836	1258	1958	4348	2940	2385	1491	1006	3574	3495	2993	2545	2455	5508	2533	1347	5633	4156	1285	5491	5954	5687	1215	2351	5183	5635	1304	2020	3382	
5750	1344	3533	1674	3770	4985	2741	5552	5631	3244	4039	3337	4474	5664	4132	5477	2062	3471	3078	1945	2862	2074	1040	1034	2659	2764	3503	5577	5527	4009	2481	3951	1487	5247	1823	5754	
]

EquipmentTypeTransportationCost: [
1	

1	

1	

1	

1	

1	

]

TransportationTimeForEquipmentTypeBetweenProjects: [
1	

1	

1	

1	

1	

1	

]

TotalNumberOfInitialEquipmentTypeLocation: [
(1 1) 7 
(2 1) 6 
(3 1) 7 
(4 1) 7 
(5 1) 6 
(6 1) 7 
]

DepotActivities: [ 1 ]

MaximalStintCliques: [
]
