nEmployees: 150
nSkills: 6
nProjects: 1
nDays: 180
nActivities: 55
nEquipmentTypes: 7
nStints: 26
nMaxModes: 1
nStintCliques: 0

EmployeeInStintCost: [
18980 18980 18980 18980 18980 18980 18980 18980 18980 18980 18980 18980 18980 18980 18980 18980 18980 18980 18980 18980 18980 18980 18980 18980 18980 17612 
17756 17756 17756 17756 17756 17756 17756 17756 17756 17756 17756 17756 17756 17756 17756 17756 17756 17756 17756 17756 17756 17756 17756 17756 17756 16292 
22928 22928 22928 22928 22928 22928 22928 22928 22928 22928 22928 22928 22928 22928 22928 22928 22928 22928 22928 22928 22928 22928 22928 22928 22928 21500 
22856 22856 22856 22856 22856 22856 22856 22856 22856 22856 22856 22856 22856 22856 22856 22856 22856 22856 22856 22856 22856 22856 22856 22856 22856 21452 
18132 18132 18132 18132 18132 18132 18132 18132 18132 18132 18132 18132 18132 18132 18132 18132 18132 18132 18132 18132 18132 18132 18132 18132 18132 16740 
12632 12632 12632 12632 12632 12632 12632 12632 12632 12632 12632 12632 12632 12632 12632 12632 12632 12632 12632 12632 12632 12632 12632 12632 12632 11252 
16524 16524 16524 16524 16524 16524 16524 16524 16524 16524 16524 16524 16524 16524 16524 16524 16524 16524 16524 16524 16524 16524 16524 16524 16524 15156 
9808 9808 9808 9808 9808 9808 9808 9808 9808 9808 9808 9808 9808 9808 9808 9808 9808 9808 9808 9808 9808 9808 9808 9808 9808 8596 
17156 17156 17156 17156 17156 17156 17156 17156 17156 17156 17156 17156 17156 17156 17156 17156 17156 17156 17156 17156 17156 17156 17156 17156 17156 15764 
18024 18024 18024 18024 18024 18024 18024 18024 18024 18024 18024 18024 18024 18024 18024 18024 18024 18024 18024 18024 18024 18024 18024 18024 18024 16668 
19052 19052 19052 19052 19052 19052 19052 19052 19052 19052 19052 19052 19052 19052 19052 19052 19052 19052 19052 19052 19052 19052 19052 19052 19052 17660 
22336 22336 22336 22336 22336 22336 22336 22336 22336 22336 22336 22336 22336 22336 22336 22336 22336 22336 22336 22336 22336 22336 22336 22336 22336 21100 
21488 21488 21488 21488 21488 21488 21488 21488 21488 21488 21488 21488 21488 21488 21488 21488 21488 21488 21488 21488 21488 21488 21488 21488 21488 20012 
21748 21748 21748 21748 21748 21748 21748 21748 21748 21748 21748 21748 21748 21748 21748 21748 21748 21748 21748 21748 21748 21748 21748 21748 21748 20428 
18456 18456 18456 18456 18456 18456 18456 18456 18456 18456 18456 18456 18456 18456 18456 18456 18456 18456 18456 18456 18456 18456 18456 18456 18456 16956 
21020 21020 21020 21020 21020 21020 21020 21020 21020 21020 21020 21020 21020 21020 21020 21020 21020 21020 21020 21020 21020 21020 21020 21020 21020 19700 
20892 20892 20892 20892 20892 20892 20892 20892 20892 20892 20892 20892 20892 20892 20892 20892 20892 20892 20892 20892 20892 20892 20892 20892 20892 19524 
20604 20604 20604 20604 20604 20604 20604 20604 20604 20604 20604 20604 20604 20604 20604 20604 20604 20604 20604 20604 20604 20604 20604 20604 20604 19332 
10168 10168 10168 10168 10168 10168 10168 10168 10168 10168 10168 10168 10168 10168 10168 10168 10168 10168 10168 10168 10168 10168 10168 10168 10168 8836 
18512 18512 18512 18512 18512 18512 18512 18512 18512 18512 18512 18512 18512 18512 18512 18512 18512 18512 18512 18512 18512 18512 18512 18512 18512 17300 
16092 16092 16092 16092 16092 16092 16092 16092 16092 16092 16092 16092 16092 16092 16092 16092 16092 16092 16092 16092 16092 16092 16092 16092 16092 14868 
23256 23256 23256 23256 23256 23256 23256 23256 23256 23256 23256 23256 23256 23256 23256 23256 23256 23256 23256 23256 23256 23256 23256 23256 23256 21828 
16796 16796 16796 16796 16796 16796 16796 16796 16796 16796 16796 16796 16796 16796 16796 16796 16796 16796 16796 16796 16796 16796 16796 16796 16796 15404 
17144 17144 17144 17144 17144 17144 17144 17144 17144 17144 17144 17144 17144 17144 17144 17144 17144 17144 17144 17144 17144 17144 17144 17144 17144 15884 
9916 9916 9916 9916 9916 9916 9916 9916 9916 9916 9916 9916 9916 9916 9916 9916 9916 9916 9916 9916 9916 9916 9916 9916 9916 8668 
22000 22000 22000 22000 22000 22000 22000 22000 22000 22000 22000 22000 22000 22000 22000 22000 22000 22000 22000 22000 22000 22000 22000 22000 22000 20596 
12668 12668 12668 12668 12668 12668 12668 12668 12668 12668 12668 12668 12668 12668 12668 12668 12668 12668 12668 12668 12668 12668 12668 12668 12668 11276 
18384 18384 18384 18384 18384 18384 18384 18384 18384 18384 18384 18384 18384 18384 18384 18384 18384 18384 18384 18384 18384 18384 18384 18384 18384 16908 
9880 9880 9880 9880 9880 9880 9880 9880 9880 9880 9880 9880 9880 9880 9880 9880 9880 9880 9880 9880 9880 9880 9880 9880 9880 8644 
16832 16832 16832 16832 16832 16832 16832 16832 16832 16832 16832 16832 16832 16832 16832 16832 16832 16832 16832 16832 16832 16832 16832 16832 16832 15428 
22696 22696 22696 22696 22696 22696 22696 22696 22696 22696 22696 22696 22696 22696 22696 22696 22696 22696 22696 22696 22696 22696 22696 22696 22696 21340 
18348 18348 18348 18348 18348 18348 18348 18348 18348 18348 18348 18348 18348 18348 18348 18348 18348 18348 18348 18348 18348 18348 18348 18348 18348 16884 
3960 3960 3960 3960 3960 3960 3960 3960 3960 3960 3960 3960 3960 3960 3960 3960 3960 3960 3960 3960 3960 3960 3960 3960 3960 2640 
18132 18132 18132 18132 18132 18132 18132 18132 18132 18132 18132 18132 18132 18132 18132 18132 18132 18132 18132 18132 18132 18132 18132 18132 18132 16716 
18212 18212 18212 18212 18212 18212 18212 18212 18212 18212 18212 18212 18212 18212 18212 18212 18212 18212 18212 18212 18212 18212 18212 18212 18212 16748 
22824 22824 22824 22824 22824 22824 22824 22824 22824 22824 22824 22824 22824 22824 22824 22824 22824 22824 22824 22824 22824 22824 22824 22824 22824 21540 
23364 23364 23364 23364 23364 23364 23364 23364 23364 23364 23364 23364 23364 23364 23364 23364 23364 23364 23364 23364 23364 23364 23364 23364 23364 21900 
21712 21712 21712 21712 21712 21712 21712 21712 21712 21712 21712 21712 21712 21712 21712 21712 21712 21712 21712 21712 21712 21712 21712 21712 21712 20404 
16832 16832 16832 16832 16832 16832 16832 16832 16832 16832 16832 16832 16832 16832 16832 16832 16832 16832 16832 16832 16832 16832 16832 16832 16832 15548 
23548 23548 23548 23548 23548 23548 23548 23548 23548 23548 23548 23548 23548 23548 23548 23548 23548 23548 23548 23548 23548 23548 23548 23548 23548 22204 
20624 20624 20624 20624 20624 20624 20624 20624 20624 20624 20624 20624 20624 20624 20624 20624 20624 20624 20624 20624 20624 20624 20624 20624 20624 19436 
10564 10564 10564 10564 10564 10564 10564 10564 10564 10564 10564 10564 10564 10564 10564 10564 10564 10564 10564 10564 10564 10564 10564 10564 10564 9100 
23368 23368 23368 23368 23368 23368 23368 23368 23368 23368 23368 23368 23368 23368 23368 23368 23368 23368 23368 23368 23368 23368 23368 23368 23368 22084 
23092 23092 23092 23092 23092 23092 23092 23092 23092 23092 23092 23092 23092 23092 23092 23092 23092 23092 23092 23092 23092 23092 23092 23092 23092 21604 
22624 22624 22624 22624 22624 22624 22624 22624 22624 22624 22624 22624 22624 22624 22624 22624 22624 22624 22624 22624 22624 22624 22624 22624 22624 21292 
17996 17996 17996 17996 17996 17996 17996 17996 17996 17996 17996 17996 17996 17996 17996 17996 17996 17996 17996 17996 17996 17996 17996 17996 17996 16604 
17880 17880 17880 17880 17880 17880 17880 17880 17880 17880 17880 17880 17880 17880 17880 17880 17880 17880 17880 17880 17880 17880 17880 17880 17880 16572 
18276 18276 18276 18276 18276 18276 18276 18276 18276 18276 18276 18276 18276 18276 18276 18276 18276 18276 18276 18276 18276 18276 18276 18276 18276 16836 
16292 16292 16292 16292 16292 16292 16292 16292 16292 16292 16292 16292 16292 16292 16292 16292 16292 16292 16292 16292 16292 16292 16292 16292 16292 15068 
9844 9844 9844 9844 9844 9844 9844 9844 9844 9844 9844 9844 9844 9844 9844 9844 9844 9844 9844 9844 9844 9844 9844 9844 9844 8620 
17888 17888 17888 17888 17888 17888 17888 17888 17888 17888 17888 17888 17888 17888 17888 17888 17888 17888 17888 17888 17888 17888 17888 17888 17888 16532 
9736 9736 9736 9736 9736 9736 9736 9736 9736 9736 9736 9736 9736 9736 9736 9736 9736 9736 9736 9736 9736 9736 9736 9736 9736 8548 
17844 17844 17844 17844 17844 17844 17844 17844 17844 17844 17844 17844 17844 17844 17844 17844 17844 17844 17844 17844 17844 17844 17844 17844 17844 16524 
17264 17264 17264 17264 17264 17264 17264 17264 17264 17264 17264 17264 17264 17264 17264 17264 17264 17264 17264 17264 17264 17264 17264 17264 17264 15836 
20928 20928 20928 20928 20928 20928 20928 20928 20928 20928 20928 20928 20928 20928 20928 20928 20928 20928 20928 20928 20928 20928 20928 20928 20928 19548 
21748 21748 21748 21748 21748 21748 21748 21748 21748 21748 21748 21748 21748 21748 21748 21748 21748 21748 21748 21748 21748 21748 21748 21748 21748 20428 
12076 12076 12076 12076 12076 12076 12076 12076 12076 12076 12076 12076 12076 12076 12076 12076 12076 12076 12076 12076 12076 12076 12076 12076 12076 10732 
10024 10024 10024 10024 10024 10024 10024 10024 10024 10024 10024 10024 10024 10024 10024 10024 10024 10024 10024 10024 10024 10024 10024 10024 10024 8740 
18204 18204 18204 18204 18204 18204 18204 18204 18204 18204 18204 18204 18204 18204 18204 18204 18204 18204 18204 18204 18204 18204 18204 18204 18204 16788 
23152 23152 23152 23152 23152 23152 23152 23152 23152 23152 23152 23152 23152 23152 23152 23152 23152 23152 23152 23152 23152 23152 23152 23152 23152 21940 
10348 10348 10348 10348 10348 10348 10348 10348 10348 10348 10348 10348 10348 10348 10348 10348 10348 10348 10348 10348 10348 10348 10348 10348 10348 8956 
18548 18548 18548 18548 18548 18548 18548 18548 18548 18548 18548 18548 18548 18548 18548 18548 18548 18548 18548 18548 18548 18548 18548 18548 18548 17324 
20640 20640 20640 20640 20640 20640 20640 20640 20640 20640 20640 20640 20640 20640 20640 20640 20640 20640 20640 20640 20640 20640 20640 20640 20640 19356 
19268 19268 19268 19268 19268 19268 19268 19268 19268 19268 19268 19268 19268 19268 19268 19268 19268 19268 19268 19268 19268 19268 19268 19268 19268 17804 
18800 18800 18800 18800 18800 18800 18800 18800 18800 18800 18800 18800 18800 18800 18800 18800 18800 18800 18800 18800 18800 18800 18800 18800 18800 17492 
17264 17264 17264 17264 17264 17264 17264 17264 17264 17264 17264 17264 17264 17264 17264 17264 17264 17264 17264 17264 17264 17264 17264 17264 17264 15836 
20532 20532 20532 20532 20532 20532 20532 20532 20532 20532 20532 20532 20532 20532 20532 20532 20532 20532 20532 20532 20532 20532 20532 20532 20532 19284 
4140 4140 4140 4140 4140 4140 4140 4140 4140 4140 4140 4140 4140 4140 4140 4140 4140 4140 4140 4140 4140 4140 4140 4140 4140 2760 
16452 16452 16452 16452 16452 16452 16452 16452 16452 16452 16452 16452 16452 16452 16452 16452 16452 16452 16452 16452 16452 16452 16452 16452 16452 15108 
22644 22644 22644 22644 22644 22644 22644 22644 22644 22644 22644 22644 22644 22644 22644 22644 22644 22644 22644 22644 22644 22644 22644 22644 22644 21420 
12220 12220 12220 12220 12220 12220 12220 12220 12220 12220 12220 12220 12220 12220 12220 12220 12220 12220 12220 12220 12220 12220 12220 12220 12220 10828 
16796 16796 16796 16796 16796 16796 16796 16796 16796 16796 16796 16796 16796 16796 16796 16796 16796 16796 16796 16796 16796 16796 16796 16796 16796 15524 
17952 17952 17952 17952 17952 17952 17952 17952 17952 17952 17952 17952 17952 17952 17952 17952 17952 17952 17952 17952 17952 17952 17952 17952 17952 16620 
21560 21560 21560 21560 21560 21560 21560 21560 21560 21560 21560 21560 21560 21560 21560 21560 21560 21560 21560 21560 21560 21560 21560 21560 21560 20060 
22644 22644 22644 22644 22644 22644 22644 22644 22644 22644 22644 22644 22644 22644 22644 22644 22644 22644 22644 22644 22644 22644 22644 22644 22644 21420 
22712 22712 22712 22712 22712 22712 22712 22712 22712 22712 22712 22712 22712 22712 22712 22712 22712 22712 22712 22712 22712 22712 22712 22712 22712 21356 
18584 18584 18584 18584 18584 18584 18584 18584 18584 18584 18584 18584 18584 18584 18584 18584 18584 18584 18584 18584 18584 18584 18584 18584 18584 17348 
22892 22892 22892 22892 22892 22892 22892 22892 22892 22892 22892 22892 22892 22892 22892 22892 22892 22892 22892 22892 22892 22892 22892 22892 22892 21476 
17628 17628 17628 17628 17628 17628 17628 17628 17628 17628 17628 17628 17628 17628 17628 17628 17628 17628 17628 17628 17628 17628 17628 17628 17628 16380 
23548 23548 23548 23548 23548 23548 23548 23548 23548 23548 23548 23548 23548 23548 23548 23548 23548 23548 23548 23548 23548 23548 23548 23548 23548 22204 
20840 20840 20840 20840 20840 20840 20840 20840 20840 20840 20840 20840 20840 20840 20840 20840 20840 20840 20840 20840 20840 20840 20840 20840 20840 19580 
20280 20280 20280 20280 20280 20280 20280 20280 20280 20280 20280 20280 20280 20280 20280 20280 20280 20280 20280 20280 20280 20280 20280 20280 20280 19116 
17648 17648 17648 17648 17648 17648 17648 17648 17648 17648 17648 17648 17648 17648 17648 17648 17648 17648 17648 17648 17648 17648 17648 17648 17648 16220 
10204 10204 10204 10204 10204 10204 10204 10204 10204 10204 10204 10204 10204 10204 10204 10204 10204 10204 10204 10204 10204 10204 10204 10204 10204 8860 
17844 17844 17844 17844 17844 17844 17844 17844 17844 17844 17844 17844 17844 17844 17844 17844 17844 17844 17844 17844 17844 17844 17844 17844 17844 16548 
12560 12560 12560 12560 12560 12560 12560 12560 12560 12560 12560 12560 12560 12560 12560 12560 12560 12560 12560 12560 12560 12560 12560 12560 12560 11204 
17988 17988 17988 17988 17988 17988 17988 17988 17988 17988 17988 17988 17988 17988 17988 17988 17988 17988 17988 17988 17988 17988 17988 17988 17988 16644 
23332 23332 23332 23332 23332 23332 23332 23332 23332 23332 23332 23332 23332 23332 23332 23332 23332 23332 23332 23332 23332 23332 23332 23332 23332 22060 
4140 4140 4140 4140 4140 4140 4140 4140 4140 4140 4140 4140 4140 4140 4140 4140 4140 4140 4140 4140 4140 4140 4140 4140 4140 2760 
19556 19556 19556 19556 19556 19556 19556 19556 19556 19556 19556 19556 19556 19556 19556 19556 19556 19556 19556 19556 19556 19556 19556 19556 19556 18212 
21452 21452 21452 21452 21452 21452 21452 21452 21452 21452 21452 21452 21452 21452 21452 21452 21452 21452 21452 21452 21452 21452 21452 21452 21452 19988 
23112 23112 23112 23112 23112 23112 23112 23112 23112 23112 23112 23112 23112 23112 23112 23112 23112 23112 23112 23112 23112 23112 23112 23112 23112 21732 
17888 17888 17888 17888 17888 17888 17888 17888 17888 17888 17888 17888 17888 17888 17888 17888 17888 17888 17888 17888 17888 17888 17888 17888 17888 16532 
17592 17592 17592 17592 17592 17592 17592 17592 17592 17592 17592 17592 17592 17592 17592 17592 17592 17592 17592 17592 17592 17592 17592 17592 17592 16356 
22876 22876 22876 22876 22876 22876 22876 22876 22876 22876 22876 22876 22876 22876 22876 22876 22876 22876 22876 22876 22876 22876 22876 22876 22876 21460 
12184 12184 12184 12184 12184 12184 12184 12184 12184 12184 12184 12184 12184 12184 12184 12184 12184 12184 12184 12184 12184 12184 12184 12184 12184 10804 
3924 3924 3924 3924 3924 3924 3924 3924 3924 3924 3924 3924 3924 3924 3924 3924 3924 3924 3924 3924 3924 3924 3924 3924 3924 2616 
22624 22624 22624 22624 22624 22624 22624 22624 22624 22624 22624 22624 22624 22624 22624 22624 22624 22624 22624 22624 22624 22624 22624 22624 22624 21292 
23008 23008 23008 23008 23008 23008 23008 23008 23008 23008 23008 23008 23008 23008 23008 23008 23008 23008 23008 23008 23008 23008 23008 23008 23008 21844 
16724 16724 16724 16724 16724 16724 16724 16724 16724 16724 16724 16724 16724 16724 16724 16724 16724 16724 16724 16724 16724 16724 16724 16724 16724 15356 
12704 12704 12704 12704 12704 12704 12704 12704 12704 12704 12704 12704 12704 12704 12704 12704 12704 12704 12704 12704 12704 12704 12704 12704 12704 11300 
12112 12112 12112 12112 12112 12112 12112 12112 12112 12112 12112 12112 12112 12112 12112 12112 12112 12112 12112 12112 12112 12112 12112 12112 12112 10756 
18800 18800 18800 18800 18800 18800 18800 18800 18800 18800 18800 18800 18800 18800 18800 18800 18800 18800 18800 18800 18800 18800 18800 18800 18800 17492 
16524 16524 16524 16524 16524 16524 16524 16524 16524 16524 16524 16524 16524 16524 16524 16524 16524 16524 16524 16524 16524 16524 16524 16524 16524 15156 
12364 12364 12364 12364 12364 12364 12364 12364 12364 12364 12364 12364 12364 12364 12364 12364 12364 12364 12364 12364 12364 12364 12364 12364 12364 10924 
9736 9736 9736 9736 9736 9736 9736 9736 9736 9736 9736 9736 9736 9736 9736 9736 9736 9736 9736 9736 9736 9736 9736 9736 9736 8548 
17880 17880 17880 17880 17880 17880 17880 17880 17880 17880 17880 17880 17880 17880 17880 17880 17880 17880 17880 17880 17880 17880 17880 17880 17880 16548 
21640 21640 21640 21640 21640 21640 21640 21640 21640 21640 21640 21640 21640 21640 21640 21640 21640 21640 21640 21640 21640 21640 21640 21640 21640 20356 
16164 16164 16164 16164 16164 16164 16164 16164 16164 16164 16164 16164 16164 16164 16164 16164 16164 16164 16164 16164 16164 16164 16164 16164 16164 14916 
17772 17772 17772 17772 17772 17772 17772 17772 17772 17772 17772 17772 17772 17772 17772 17772 17772 17772 17772 17772 17772 17772 17772 17772 17772 16476 
17888 17888 17888 17888 17888 17888 17888 17888 17888 17888 17888 17888 17888 17888 17888 17888 17888 17888 17888 17888 17888 17888 17888 17888 17888 16532 
16940 16940 16940 16940 16940 16940 16940 16940 16940 16940 16940 16940 16940 16940 16940 16940 16940 16940 16940 16940 16940 16940 16940 16940 16940 15620 
16652 16652 16652 16652 16652 16652 16652 16652 16652 16652 16652 16652 16652 16652 16652 16652 16652 16652 16652 16652 16652 16652 16652 16652 16652 15308 
22804 22804 22804 22804 22804 22804 22804 22804 22804 22804 22804 22804 22804 22804 22804 22804 22804 22804 22804 22804 22804 22804 22804 22804 22804 21412 
23620 23620 23620 23620 23620 23620 23620 23620 23620 23620 23620 23620 23620 23620 23620 23620 23620 23620 23620 23620 23620 23620 23620 23620 23620 22252 
18836 18836 18836 18836 18836 18836 18836 18836 18836 18836 18836 18836 18836 18836 18836 18836 18836 18836 18836 18836 18836 18836 18836 18836 18836 17516 
21056 21056 21056 21056 21056 21056 21056 21056 21056 21056 21056 21056 21056 21056 21056 21056 21056 21056 21056 21056 21056 21056 21056 21056 21056 19724 
18548 18548 18548 18548 18548 18548 18548 18548 18548 18548 18548 18548 18548 18548 18548 18548 18548 18548 18548 18548 18548 18548 18548 18548 18548 17324 
16200 16200 16200 16200 16200 16200 16200 16200 16200 16200 16200 16200 16200 16200 16200 16200 16200 16200 16200 16200 16200 16200 16200 16200 16200 14940 
12364 12364 12364 12364 12364 12364 12364 12364 12364 12364 12364 12364 12364 12364 12364 12364 12364 12364 12364 12364 12364 12364 12364 12364 12364 10924 
19196 19196 19196 19196 19196 19196 19196 19196 19196 19196 19196 19196 19196 19196 19196 19196 19196 19196 19196 19196 19196 19196 19196 19196 19196 17972 
17772 17772 17772 17772 17772 17772 17772 17772 17772 17772 17772 17772 17772 17772 17772 17772 17772 17772 17772 17772 17772 17772 17772 17772 17772 16500 
17736 17736 17736 17736 17736 17736 17736 17736 17736 17736 17736 17736 17736 17736 17736 17736 17736 17736 17736 17736 17736 17736 17736 17736 17736 16476 
16724 16724 16724 16724 16724 16724 16724 16724 16724 16724 16724 16724 16724 16724 16724 16724 16724 16724 16724 16724 16724 16724 16724 16724 16724 15356 
16884 16884 16884 16884 16884 16884 16884 16884 16884 16884 16884 16884 16884 16884 16884 16884 16884 16884 16884 16884 16884 16884 16884 16884 16884 15396 
18800 18800 18800 18800 18800 18800 18800 18800 18800 18800 18800 18800 18800 18800 18800 18800 18800 18800 18800 18800 18800 18800 18800 18800 18800 17492 
22860 22860 22860 22860 22860 22860 22860 22860 22860 22860 22860 22860 22860 22860 22860 22860 22860 22860 22860 22860 22860 22860 22860 22860 22860 21564 
17772 17772 17772 17772 17772 17772 17772 17772 17772 17772 17772 17772 17772 17772 17772 17772 17772 17772 17772 17772 17772 17772 17772 17772 17772 16476 
19412 19412 19412 19412 19412 19412 19412 19412 19412 19412 19412 19412 19412 19412 19412 19412 19412 19412 19412 19412 19412 19412 19412 19412 19412 18116 
18140 18140 18140 18140 18140 18140 18140 18140 18140 18140 18140 18140 18140 18140 18140 18140 18140 18140 18140 18140 18140 18140 18140 18140 18140 16700 
21820 21820 21820 21820 21820 21820 21820 21820 21820 21820 21820 21820 21820 21820 21820 21820 21820 21820 21820 21820 21820 21820 21820 21820 21820 20476 
17880 17880 17880 17880 17880 17880 17880 17880 17880 17880 17880 17880 17880 17880 17880 17880 17880 17880 17880 17880 17880 17880 17880 17880 17880 16548 
20568 20568 20568 20568 20568 20568 20568 20568 20568 20568 20568 20568 20568 20568 20568 20568 20568 20568 20568 20568 20568 20568 20568 20568 20568 19308 
16328 16328 16328 16328 16328 16328 16328 16328 16328 16328 16328 16328 16328 16328 16328 16328 16328 16328 16328 16328 16328 16328 16328 16328 16328 15092 
17252 17252 17252 17252 17252 17252 17252 17252 17252 17252 17252 17252 17252 17252 17252 17252 17252 17252 17252 17252 17252 17252 17252 17252 17252 15956 
16904 16904 16904 16904 16904 16904 16904 16904 16904 16904 16904 16904 16904 16904 16904 16904 16904 16904 16904 16904 16904 16904 16904 16904 16904 15476 
19052 19052 19052 19052 19052 19052 19052 19052 19052 19052 19052 19052 19052 19052 19052 19052 19052 19052 19052 19052 19052 19052 19052 19052 19052 17660 
3996 3996 3996 3996 3996 3996 3996 3996 3996 3996 3996 3996 3996 3996 3996 3996 3996 3996 3996 3996 3996 3996 3996 3996 3996 2664 
16904 16904 16904 16904 16904 16904 16904 16904 16904 16904 16904 16904 16904 16904 16904 16904 16904 16904 16904 16904 16904 16904 16904 16904 16904 15596 
22624 22624 22624 22624 22624 22624 22624 22624 22624 22624 22624 22624 22624 22624 22624 22624 22624 22624 22624 22624 22624 22624 22624 22624 22624 21292 
17264 17264 17264 17264 17264 17264 17264 17264 17264 17264 17264 17264 17264 17264 17264 17264 17264 17264 17264 17264 17264 17264 17264 17264 17264 15836 
4104 4104 4104 4104 4104 4104 4104 4104 4104 4104 4104 4104 4104 4104 4104 4104 4104 4104 4104 4104 4104 4104 4104 4104 4104 2736 
3888 3888 3888 3888 3888 3888 3888 3888 3888 3888 3888 3888 3888 3888 3888 3888 3888 3888 3888 3888 3888 3888 3888 3888 3888 2592 
23332 23332 23332 23332 23332 23332 23332 23332 23332 23332 23332 23332 23332 23332 23332 23332 23332 23332 23332 23332 23332 23332 23332 23332 23332 22060 
18024 18024 18024 18024 18024 18024 18024 18024 18024 18024 18024 18024 18024 18024 18024 18024 18024 18024 18024 18024 18024 18024 18024 18024 18024 16644 
12400 12400 12400 12400 12400 12400 12400 12400 12400 12400 12400 12400 12400 12400 12400 12400 12400 12400 12400 12400 12400 12400 12400 12400 12400 10948 
16364 16364 16364 16364 16364 16364 16364 16364 16364 16364 16364 16364 16364 16364 16364 16364 16364 16364 16364 16364 16364 16364 16364 16364 16364 15116 
17772 17772 17772 17772 17772 17772 17772 17772 17772 17772 17772 17772 17772 17772 17772 17772 17772 17772 17772 17772 17772 17772 17772 17772 17772 16500 
17808 17808 17808 17808 17808 17808 17808 17808 17808 17808 17808 17808 17808 17808 17808 17808 17808 17808 17808 17808 17808 17808 17808 17808 17808 16500 
3996 3996 3996 3996 3996 3996 3996 3996 3996 3996 3996 3996 3996 3996 3996 3996 3996 3996 3996 3996 3996 3996 3996 3996 3996 2664 
]

ExternalWorkerWithSkillOnStintCost: [
13290 14610 12630 17820 14580 15000 14880 14340 12420 12540 13140 15300 13020 15450 13530 16470 14040 12420 12420 14400 16920 15480 14820 14760 15540 17310 
16830 15000 17250 12330 13410 14190 17970 12570 15330 16590 17160 16680 15810 12570 15000 14460 14610 13920 15420 12960 16350 16050 12690 15300 15300 14850 
13650 13980 15030 16950 14820 12330 15810 15540 16830 17580 13140 14910 16770 14640 15150 12660 17220 14910 12180 17040 15600 13170 16350 12780 13230 16530 
13230 17940 14520 16980 17100 12960 16710 12330 14280 14460 13170 13770 12630 12570 13560 17160 12780 13080 16500 17220 16920 16860 14310 17520 16920 13530 
14400 13680 14070 17520 12990 12990 15540 16290 12120 12690 17040 15030 13590 15750 12210 14040 14670 17430 12060 15090 13110 15600 16080 15360 16260 13350 
12780 16620 15660 16680 14730 12960 14130 13740 15060 14760 12630 15060 17250 14820 17040 17040 12360 16470 15450 14010 17010 12930 15240 16470 13350 12180 
]

OverlappingStints: [
[ ]
[ ]
[ ]
[ ]
[ ]
[ ]
[ ]
[ ]
[ ]
[ ]
[ ]
[ ]
[ ]
[ ]
[ ]
[ ]
[ ]
[ ]
[ ]
[ ]
[ ]
[ ]
[ ]
[ ]
[ ]
[ ]
]

EmployeesWithSkill: [
[ 1 2 3 4 5 6 7 8 9 10 11 12 13 14 15 16 17 18 19 20 21 22 23 24 25 26 27 28 29 30 31 32 33 34 35 36 37 38 39 40 41 42 43 44 45 46 47 48 49 50 51 52 53 54 55 56 57 58 59 60 61 62 63 64 65 66 67 68 69 70 71 72 73 74 75 76 77 78 79 80 81 82 83 84 85 86 87 88 89 90 91 92 93 94 95 96 97 98 99 100 101 102 103 104 105 106 107 108 109 110 111 112 113 114 115 116 117 118 119 120 121 122 123 124 125 126 127 128 129 130 131 132 133 134 135 136 137 138 139 140 141 142 143 144 145 146 147 148 149 150 ]
[ 2 3 4 5 6 7 9 10 11 13 14 15 16 18 20 21 22 23 24 25 26 27 28 30 31 32 34 35 36 37 38 39 40 42 43 44 45 46 47 48 50 51 52 54 55 56 57 58 59 60 61 62 63 64 65 66 67 68 69 70 72 76 77 78 79 81 83 84 86 87 88 89 91 92 93 94 95 96 97 98 100 101 102 103 104 105 108 109 110 111 112 113 114 115 116 117 118 119 120 121 122 123 124 125 127 128 129 130 131 132 133 134 136 137 139 140 141 142 143 144 145 146 147 148 150 ]
[ 5 6 13 14 15 16 22 26 33 34 35 37 41 43 49 61 70 74 76 78 80 83 88 90 92 93 95 102 105 108 114 116 124 127 128 130 135 137 138 139 140 142 ]
[ 6 11 24 26 28 32 36 37 44 46 47 48 50 51 55 58 61 64 66 72 73 74 76 77 85 91 98 101 104 105 108 115 119 124 125 139 142 144 146 ]
[ 2 4 5 8 12 13 15 17 18 22 25 28 30 31 32 34 42 44 47 48 49 51 56 58 59 61 62 63 64 67 68 69 71 74 75 76 78 79 81 83 87 88 92 93 94 96 98 109 111 114 120 122 125 127 129 131 132 133 136 138 140 141 142 143 144 145 148 149 150 ]
[ 1 2 3 4 5 6 7 8 9 10 11 12 13 14 15 16 17 18 19 20 21 22 23 24 25 26 27 28 29 30 31 32 33 34 35 36 38 39 40 41 42 43 44 45 46 47 48 49 50 51 52 53 54 55 56 57 58 59 60 61 62 63 64 65 66 67 68 69 70 71 72 73 74 75 76 77 78 79 81 82 83 84 85 86 87 88 89 90 91 92 93 94 95 96 97 98 99 101 102 103 104 105 106 107 108 109 110 111 112 113 114 115 116 117 118 119 120 121 122 123 124 125 126 127 128 129 130 131 132 133 134 135 136 137 138 139 140 141 142 143 144 146 147 148 149 150 ]
]

SkillDemandInActivityWithMode: [
0	
11	
16	
8	
6	
18	
20	
14	
9	
13	
11	
19	
5	
22	
18	
13	
15	
20	
6	
18	
12	
6	
18	
19	
7	
6	
13	
10	
19	
11	
9	
20	
14	
6	
12	
6	
17	
9	
8	
7	
8	
13	
16	
4	
18	
12	
22	
10	
9	
13	
18	
12	
15	
15	
12	

0	
8	
12	
6	
4	
14	
16	
11	
7	
10	
8	
15	
3	
17	
14	
10	
11	
16	
4	
14	
9	
4	
14	
15	
5	
4	
10	
7	
15	
8	
7	
16	
11	
4	
9	
4	
13	
7	
5	
5	
6	
10	
12	
2	
14	
9	
17	
7	
6	
10	
14	
9	
11	
11	
9	

0	
2	
4	
2	
1	
4	
5	
3	
2	
3	
2	
5	
1	
6	
4	
3	
3	
5	
1	
4	
3	
1	
4	
5	
1	
1	
3	
2	
5	
2	
2	
5	
3	
1	
3	
1	
4	
2	
1	
1	
2	
3	
4	
0	
4	
3	
5	
2	
2	
3	
4	
3	
3	
3	
3	

0	
2	
3	
1	
1	
4	
5	
3	
2	
3	
2	
4	
1	
5	
4	
3	
3	
5	
1	
4	
3	
1	
4	
4	
1	
1	
3	
2	
4	
2	
2	
5	
3	
1	
3	
1	
4	
2	
1	
1	
1	
3	
3	
0	
4	
3	
5	
2	
2	
3	
4	
2	
3	
3	
3	

0	
4	
6	
3	
2	
7	
9	
6	
4	
5	
4	
8	
2	
9	
7	
5	
6	
9	
2	
7	
5	
2	
7	
8	
3	
2	
5	
4	
8	
4	
3	
9	
6	
2	
5	
2	
7	
3	
3	
2	
3	
5	
6	
1	
7	
5	
9	
4	
3	
5	
7	
5	
6	
6	
5	

0	
9	
14	
7	
5	
16	
19	
13	
8	
12	
9	
17	
4	
20	
16	
11	
13	
19	
5	
16	
11	
5	
16	
17	
6	
4	
12	
8	
17	
10	
8	
19	
13	
5	
11	
5	
15	
8	
6	
6	
7	
12	
14	
3	
16	
11	
20	
9	
8	
12	
16	
10	
13	
13	
11	

]

EmployeeAvailability: [
1 1 1 1 1 1 1 1 1 1 1 1 1 1 1 1 1 0 1 1 0 1 1 1 1 1 
1 1 1 1 1 1 0 1 1 1 1 1 1 1 1 1 1 1 1 1 1 1 1 1 1 1 
1 1 1 1 1 1 1 1 1 1 0 1 1 1 1 1 1 1 1 1 0 1 1 1 1 1 
1 1 1 1 1 1 1 1 1 1 1 1 1 1 1 1 1 1 1 1 1 1 1 1 1 1 
0 1 1 1 1 1 1 1 1 1 1 1 1 1 1 1 1 1 1 1 1 1 1 1 1 1 
1 1 1 1 1 1 1 1 1 1 1 1 0 1 1 1 1 1 1 1 1 0 1 1 1 1 
1 1 1 1 1 1 1 1 1 1 0 1 0 1 0 1 1 1 1 1 1 1 1 1 1 1 
1 1 1 1 1 1 1 1 1 1 1 1 1 1 1 1 1 1 1 1 1 1 1 1 1 1 
1 1 1 1 1 1 1 1 1 1 1 1 1 0 1 1 1 1 1 0 1 1 1 1 1 1 
1 1 1 1 1 1 1 1 1 1 1 1 1 1 1 1 1 1 1 1 1 1 1 1 1 1 
1 1 1 1 1 1 1 1 1 1 1 1 1 0 1 1 1 1 1 1 1 1 1 1 1 1 
1 1 1 1 1 1 1 1 1 1 1 1 1 1 1 1 1 1 0 1 1 1 1 1 1 1 
1 1 1 1 1 1 1 1 1 1 1 1 1 0 1 1 1 1 1 1 1 0 1 1 1 1 
1 1 1 1 1 1 1 1 1 1 1 1 1 1 1 1 1 1 1 1 1 1 1 1 1 1 
1 1 1 1 1 1 1 1 1 1 1 1 1 1 1 1 1 1 0 1 1 1 1 1 1 1 
0 1 1 1 1 1 1 1 0 1 1 1 1 1 1 1 1 1 1 1 1 1 1 1 1 1 
1 1 1 1 1 1 1 1 1 1 1 1 1 1 1 1 1 1 1 0 1 1 0 1 1 1 
1 1 1 1 0 0 1 1 1 1 1 1 1 1 1 1 1 1 1 1 1 1 1 1 1 1 
0 1 1 1 1 1 1 1 1 1 1 1 1 1 1 1 1 1 1 1 1 1 1 1 1 1 
1 1 1 1 1 1 1 1 1 1 1 1 1 1 1 1 1 1 1 1 1 1 1 1 1 1 
1 1 1 1 1 1 1 1 1 1 1 1 1 1 1 1 1 1 1 1 1 1 1 1 1 1 
1 1 1 1 1 1 1 1 1 1 1 1 1 1 1 1 1 1 1 1 1 1 1 1 1 1 
1 1 1 1 1 1 1 1 1 1 1 1 0 1 1 1 1 1 1 1 1 1 1 1 1 1 
1 1 1 1 1 1 1 1 1 1 1 1 1 1 1 1 1 1 0 1 1 1 1 1 1 1 
1 1 1 1 1 1 1 1 1 1 1 1 1 1 1 1 1 1 1 1 1 1 1 1 1 1 
1 1 0 1 1 0 1 1 1 1 1 1 1 1 1 1 1 1 1 1 1 1 1 1 1 1 
1 1 1 1 1 1 1 1 1 1 1 1 1 1 1 1 1 1 1 1 1 1 1 1 1 0 
1 1 1 1 1 1 1 1 1 1 1 1 1 1 1 1 1 1 1 1 1 1 1 1 1 1 
1 1 1 1 1 1 1 1 1 1 1 1 1 1 1 1 1 1 1 1 1 1 1 1 1 1 
1 1 1 1 1 1 1 1 1 1 1 1 1 1 0 1 1 1 1 1 1 1 1 1 1 1 
1 1 1 1 1 1 1 0 1 1 1 1 1 1 1 1 1 1 0 1 1 1 1 1 1 1 
1 1 1 1 1 1 1 1 1 1 1 1 1 1 1 1 1 1 1 1 1 1 1 1 1 1 
0 1 1 1 1 1 1 1 1 1 0 1 1 1 1 1 1 1 1 1 0 1 1 1 1 1 
1 1 1 0 1 1 0 1 1 1 1 1 1 1 1 1 1 1 1 1 0 1 1 1 1 1 
1 1 1 1 1 1 1 1 1 1 1 1 1 1 1 1 1 1 1 1 1 1 1 1 1 1 
1 1 1 1 1 1 1 1 1 1 1 1 1 1 1 1 1 1 1 1 1 1 1 1 1 1 
1 1 1 1 1 1 1 1 1 1 0 1 1 1 1 1 1 1 0 1 1 1 1 1 1 1 
1 1 1 1 1 1 0 1 1 1 1 1 1 0 0 1 1 1 1 1 1 1 1 1 1 1 
1 1 1 1 1 1 1 1 1 0 1 1 1 1 1 1 1 1 1 1 1 1 1 1 0 1 
1 1 1 1 1 1 1 1 1 1 1 1 1 1 1 1 1 1 1 1 0 1 1 1 1 1 
1 1 1 0 1 1 1 1 1 1 1 1 0 1 1 1 1 1 1 1 1 1 1 1 1 1 
1 1 1 0 1 1 1 1 1 1 1 1 1 1 1 1 1 1 1 1 1 1 1 1 1 1 
1 1 1 1 1 1 1 1 1 0 1 1 1 1 1 1 1 1 1 1 1 1 1 1 1 1 
1 1 1 1 1 1 1 1 1 1 1 1 1 1 1 1 1 0 1 1 0 1 1 1 0 1 
1 1 1 1 1 0 1 1 1 1 1 1 1 1 1 1 1 1 1 1 1 1 0 1 1 1 
1 1 1 1 1 1 1 1 1 1 1 1 1 1 1 1 1 1 0 1 1 1 1 1 1 1 
1 1 1 0 1 1 1 1 1 0 1 1 1 1 1 1 1 1 1 1 1 1 1 1 1 1 
1 1 1 1 1 1 1 1 1 1 1 1 1 1 1 1 1 1 1 1 1 1 1 1 1 1 
1 1 1 1 1 1 1 1 1 1 1 1 1 1 1 1 1 1 1 1 1 1 1 1 1 1 
1 1 1 1 1 1 1 1 1 1 0 1 1 1 1 1 1 1 1 1 1 1 1 1 0 1 
1 1 1 1 1 1 1 1 0 1 1 1 1 1 1 1 1 1 1 1 1 1 1 1 1 1 
1 1 1 1 1 1 1 1 1 1 1 1 1 1 1 1 1 1 1 1 1 1 1 1 1 1 
1 1 1 1 1 1 1 1 1 1 1 1 1 1 1 1 1 1 1 1 1 1 0 1 1 1 
1 1 1 1 1 1 1 1 1 1 1 1 1 1 1 1 1 1 1 1 1 1 1 1 0 1 
1 1 1 1 1 1 1 1 1 1 1 1 1 1 1 1 1 1 1 1 1 1 1 1 1 1 
1 1 1 1 1 1 1 1 1 1 1 1 0 1 1 1 1 1 1 1 1 1 1 1 1 1 
1 1 1 1 1 1 1 1 1 1 1 0 1 1 1 1 1 1 1 1 1 1 1 1 1 1 
1 1 1 1 1 1 1 1 1 1 1 1 1 1 0 1 1 1 1 1 1 1 1 1 1 1 
1 1 1 1 1 1 1 1 1 1 1 1 1 1 1 1 1 1 1 1 1 0 1 1 1 1 
1 1 1 1 1 1 1 1 1 1 1 1 1 1 0 1 1 1 1 1 1 1 0 0 1 1 
1 1 1 1 1 1 1 1 1 1 1 1 1 1 1 1 1 1 1 1 1 1 1 1 1 1 
1 1 1 1 1 1 1 0 1 1 1 1 1 1 1 1 1 1 1 1 1 1 1 1 1 1 
1 1 1 1 1 1 1 1 1 1 1 0 1 0 1 1 1 1 1 1 1 1 1 1 1 1 
1 1 1 1 1 1 1 1 1 1 1 1 1 1 1 1 1 1 1 1 1 1 1 1 1 1 
1 1 1 1 1 0 1 1 1 1 1 1 1 1 1 1 1 1 1 1 1 1 1 1 1 1 
1 0 1 1 1 1 1 1 1 1 1 1 1 1 1 1 1 1 1 1 1 1 1 1 1 1 
1 1 1 1 1 1 0 1 1 0 1 1 1 1 1 1 1 1 1 1 1 1 1 1 1 1 
1 1 1 1 1 1 1 1 1 1 1 1 1 1 1 1 1 1 1 1 1 1 1 1 1 1 
1 1 1 1 1 1 1 1 1 1 1 1 1 1 1 1 1 1 1 1 1 1 1 1 1 1 
0 0 1 1 1 1 1 1 1 1 1 1 1 0 1 1 1 1 1 1 1 1 1 1 1 1 
1 1 1 1 1 1 1 1 1 1 1 1 1 1 1 1 1 1 1 1 1 1 1 1 1 1 
1 1 1 1 1 1 0 1 1 1 1 1 0 1 1 1 1 1 0 1 1 1 1 1 1 1 
1 1 1 1 1 1 1 1 1 1 1 1 1 1 1 1 1 1 1 1 1 1 1 1 1 1 
1 1 1 1 0 1 1 1 1 1 1 1 1 1 1 1 1 1 1 1 1 1 1 1 1 1 
1 1 1 1 1 1 1 1 1 1 1 1 1 1 1 1 1 1 1 1 1 1 1 1 1 0 
1 1 1 1 1 1 1 1 1 1 1 1 1 1 1 1 1 1 1 1 1 1 1 1 1 1 
0 1 1 1 1 1 1 1 1 1 0 1 1 1 1 1 1 1 1 1 1 1 1 1 1 1 
1 1 1 1 1 1 0 1 1 1 1 1 0 1 1 1 1 1 1 1 1 1 1 1 1 1 
1 1 1 1 0 1 1 1 1 1 1 1 1 1 1 1 1 1 1 1 1 1 1 1 1 1 
1 0 1 1 1 1 1 1 1 1 0 1 1 1 1 1 1 1 1 1 1 1 1 1 1 1 
1 1 1 1 1 1 1 1 1 1 1 1 1 1 1 1 1 1 1 1 1 1 1 1 1 1 
1 1 1 1 1 1 1 1 1 1 1 1 1 1 1 1 1 1 1 0 1 1 1 1 1 1 
1 1 1 1 1 1 1 1 1 1 1 1 1 1 1 1 1 1 1 1 1 1 1 1 1 0 
1 1 1 1 1 1 1 1 1 1 1 1 1 1 1 1 1 1 1 1 1 1 1 1 1 1 
1 1 1 1 1 1 1 1 1 1 1 1 1 1 1 1 1 1 1 1 1 1 1 1 1 0 
1 1 1 1 1 1 1 1 1 1 1 1 1 1 1 1 1 1 1 1 1 1 1 1 1 1 
1 1 1 1 1 1 1 1 1 1 1 1 1 1 1 1 1 1 0 1 1 1 1 1 1 1 
1 1 1 1 1 1 1 1 1 1 1 1 1 1 1 1 1 1 1 1 1 1 1 1 1 1 
1 1 1 1 1 1 1 1 1 1 1 1 1 1 1 1 1 1 1 1 1 1 1 1 1 1 
1 1 1 1 1 1 1 1 1 1 1 1 1 1 1 1 1 1 1 1 1 1 1 1 1 1 
1 1 1 1 1 1 1 1 1 1 1 1 1 1 1 1 1 1 1 1 1 1 1 1 1 1 
1 1 1 1 1 1 1 1 1 1 1 0 1 1 1 1 1 1 1 1 1 1 1 1 1 1 
1 0 1 1 1 1 1 1 1 1 1 1 1 1 1 1 1 1 1 1 1 1 0 1 1 1 
1 1 1 0 1 1 1 1 1 1 1 1 1 1 1 1 1 1 1 1 1 0 1 1 1 1 
1 1 1 1 1 1 1 1 1 1 1 1 1 1 1 0 1 1 1 1 1 1 0 1 1 1 
1 1 1 1 1 1 1 1 1 1 1 1 1 1 1 1 1 1 1 1 1 1 1 1 1 1 
1 1 1 1 1 1 1 1 1 1 1 1 1 1 1 1 1 1 1 0 1 1 1 1 1 1 
1 1 1 1 0 1 1 1 1 1 1 1 1 1 0 1 1 1 1 1 1 1 1 1 1 0 
1 1 1 1 0 1 1 1 0 1 1 1 1 1 1 1 1 1 1 1 1 1 1 1 1 1 
1 1 1 1 1 1 1 1 1 1 1 1 1 1 1 1 1 1 1 1 1 1 1 1 1 1 
1 1 1 1 1 1 1 1 1 1 1 1 1 1 1 1 1 1 1 1 1 1 1 1 1 1 
1 1 1 1 1 1 1 1 0 1 1 1 1 1 1 1 1 1 1 1 1 0 1 1 1 1 
1 1 1 1 1 1 1 1 1 1 1 1 1 1 1 1 1 1 1 1 1 1 1 1 1 1 
1 1 1 1 1 1 1 1 1 1 1 1 1 1 1 1 1 0 1 1 1 1 1 1 1 0 
1 1 1 1 1 1 1 1 1 1 1 1 1 1 1 1 1 1 1 1 1 1 1 1 1 1 
1 1 1 1 1 1 1 1 1 1 1 1 1 1 1 1 1 1 1 1 0 1 1 1 1 1 
1 1 1 1 1 1 1 1 1 1 1 1 1 1 1 1 1 1 0 1 1 1 1 1 0 1 
1 1 1 1 0 1 1 1 1 1 1 1 1 1 1 1 1 1 1 1 1 1 1 1 1 1 
1 1 1 1 1 1 1 1 1 1 1 1 1 1 1 1 1 0 1 1 0 1 1 1 1 1 
1 1 1 1 1 1 1 1 1 1 1 1 1 1 1 1 1 1 1 1 1 1 1 1 1 1 
1 1 1 1 0 1 1 1 1 1 1 1 1 1 1 1 1 1 1 1 1 1 1 1 1 1 
1 1 1 1 1 1 1 1 1 1 1 1 1 1 1 1 1 1 1 1 1 0 1 1 1 1 
1 1 1 0 0 1 1 1 1 0 1 1 1 1 1 1 1 1 1 1 1 1 1 1 1 1 
1 1 1 1 1 1 1 1 1 1 1 1 1 1 1 1 1 1 1 1 1 0 1 1 1 1 
1 1 1 1 1 1 1 1 1 1 1 1 1 1 1 1 1 1 1 1 0 1 1 1 1 1 
1 1 1 1 1 1 1 1 1 1 1 1 1 1 1 1 1 0 1 1 1 1 1 1 1 0 
1 1 1 1 1 1 1 1 1 1 1 1 1 1 1 1 0 1 1 1 1 1 1 1 1 1 
1 1 1 0 1 1 1 1 1 1 1 1 1 1 1 1 1 1 1 1 1 1 1 1 1 1 
1 1 1 1 1 1 1 1 1 1 1 1 1 1 1 1 1 1 1 1 1 1 1 1 1 1 
1 1 1 1 1 1 0 1 1 1 1 1 1 1 1 1 1 1 1 1 1 1 1 1 1 1 
1 0 1 1 1 1 1 1 1 1 1 1 1 1 1 1 1 1 1 1 1 1 1 0 1 1 
1 1 1 1 1 1 1 1 1 1 1 1 1 1 1 1 1 1 1 1 1 1 1 1 1 1 
1 1 1 1 0 1 1 1 1 1 1 1 1 1 1 1 1 1 1 1 1 1 1 1 1 1 
1 1 1 1 1 1 1 1 1 1 1 1 1 1 1 1 1 1 1 1 1 1 1 1 1 1 
1 1 1 1 1 1 1 0 1 1 1 1 1 1 1 1 0 1 1 1 1 1 1 1 1 1 
1 1 1 1 1 1 1 1 1 1 1 1 1 1 1 1 1 1 1 1 1 1 1 1 1 1 
1 1 1 0 1 1 1 1 0 1 1 1 1 1 1 1 1 1 1 1 1 0 1 1 1 1 
1 1 1 1 1 1 1 1 1 1 1 1 1 1 1 1 1 1 1 1 1 1 0 1 1 1 
1 1 1 1 1 1 1 1 1 1 1 1 1 1 1 1 1 1 1 1 1 1 1 1 1 1 
1 1 1 1 1 1 1 1 1 1 1 1 1 1 1 1 1 1 1 1 1 1 1 1 1 1 
1 1 1 1 1 1 1 1 1 1 1 1 1 1 1 1 1 1 1 1 1 1 1 0 1 0 
1 1 1 1 0 1 1 1 1 1 1 1 1 1 1 1 1 1 1 1 1 0 1 1 1 1 
0 1 1 1 1 1 1 1 1 1 1 1 1 1 0 1 1 1 1 1 1 1 1 1 1 1 
1 1 1 0 1 1 1 1 1 1 1 1 1 0 1 1 1 1 1 1 1 1 1 1 1 1 
1 1 1 1 1 1 1 1 1 1 1 1 1 1 1 1 1 1 1 1 1 1 1 1 1 1 
0 1 1 1 1 1 1 1 1 1 0 0 1 1 1 1 1 1 1 1 1 1 1 1 1 1 
1 1 1 1 1 1 1 1 1 1 1 1 1 1 1 0 1 1 1 1 1 1 1 1 0 1 
1 1 1 1 1 1 1 1 1 1 1 1 1 1 1 1 1 0 1 1 1 1 1 1 1 1 
1 1 1 1 1 1 1 1 1 1 1 1 1 1 1 1 1 1 1 1 1 1 1 1 1 1 
1 1 1 1 1 1 1 1 1 1 1 1 1 1 1 1 1 1 1 1 1 1 1 1 1 1 
1 1 1 1 1 1 1 1 1 1 1 1 1 1 1 1 1 1 1 1 1 1 1 1 1 1 
1 1 1 1 1 1 1 1 1 1 1 1 1 1 1 1 1 1 1 1 1 1 1 1 1 1 
1 1 1 1 0 1 1 1 1 1 1 1 1 1 1 1 0 1 1 1 1 1 1 1 1 1 
1 1 1 1 1 1 1 1 1 1 1 1 0 1 1 1 1 1 0 1 1 1 1 1 1 1 
1 1 1 1 1 1 1 1 1 1 1 1 1 1 1 1 1 1 1 1 1 0 1 1 1 1 
1 1 1 1 1 1 1 1 1 1 1 0 1 1 1 1 1 1 1 1 1 1 1 1 1 1 
1 1 1 1 0 1 1 1 1 1 1 1 1 1 1 1 1 1 1 1 0 1 1 1 0 1 
1 1 1 1 1 1 1 1 1 1 1 1 1 1 1 1 1 1 1 1 1 1 1 1 0 1 
1 1 1 1 1 1 1 1 1 1 1 1 1 1 1 1 1 1 1 1 1 0 0 1 1 1 
1 1 1 1 1 1 1 1 0 1 0 1 1 1 1 1 1 1 1 1 1 1 1 1 1 1 
]

EmployeeWantedInStint: [ (2 4) 1 (2 11) 1 (3 7) 1 (4 26) 1 (12 5) 1 (12 6) 1 (13 25) 1 (14 8) 1 (15 16) 1 (16 20) 1 (19 7) 1 (23 2) 1 (24 17) 1 (29 6) 1 (32 25) 1 (35 4) 1 (37 23) 1 (37 26) 1 (40 20) 1 (40 21) 1 (42 2) 1 (42 21) 1 (43 9) 1 (45 10) 1 (46 9) 1 (49 22) 1 (49 24) 1 (50 15) 1 (53 8) 1 (58 11) 1 (58 13) 1 (58 24) 1 (60 3) 1 (60 23) 1 (66 23) 1 (71 6) 1 (71 26) 1 (74 19) 1 (74 21) 1 (76 5) 1 (76 16) 1 (84 15) 1 (86 4) 1 (89 6) 1 (89 9) 1 (93 10) 1 (100 25) 1 (101 26) 1 (105 4) 1 (107 5) 1 (107 6) 1 (110 4) 1 (110 6) 1 (112 25) 1 (115 15) 1 (116 12) 1 (117 15) 1 (117 25) 1 (124 14) 1 (126 19) 1 (129 20) 1 (130 7) 1 (130 19) 1 (130 24) 1 (134 11) 1 (135 7) 1 (137 16) 1 (139 21) 1 (140 18) 1 (140 26) 1 (146 23) 1 ]

EmployeeWantedViolationCost: [ (2 4) 9000 (2 11) 15000 (3 7) 13000 (4 26) 10000 (12 5) 6000 (12 6) 12000 (13 25) 15000 (14 8) 15000 (15 16) 6000 (16 20) 9000 (19 7) 15000 (23 2) 9000 (24 17) 10000 (29 6) 6000 (32 25) 9000 (35 4) 9000 (37 23) 10000 (37 26) 7000 (40 20) 13000 (40 21) 5000 (42 2) 6000 (42 21) 8000 (43 9) 5000 (45 10) 10000 (46 9) 6000 (49 22) 9000 (49 24) 15000 (50 15) 10000 (53 8) 13000 (58 11) 7000 (58 13) 8000 (58 24) 8000 (60 3) 12000 (60 23) 11000 (66 23) 14000 (71 6) 12000 (71 26) 11000 (74 19) 12000 (74 21) 10000 (76 5) 8000 (76 16) 9000 (84 15) 11000 (86 4) 13000 (89 6) 8000 (89 9) 8000 (93 10) 15000 (100 25) 6000 (101 26) 9000 (105 4) 13000 (107 5) 8000 (107 6) 14000 (110 4) 10000 (110 6) 9000 (112 25) 10000 (115 15) 11000 (116 12) 8000 (117 15) 12000 (117 25) 12000 (124 14) 15000 (126 19) 11000 (129 20) 15000 (130 7) 11000 (130 19) 5000 (130 24) 11000 (134 11) 15000 (135 7) 13000 (137 16) 12000 (139 21) 15000 (140 18) 6000 (140 26) 7000 (146 23) 12000 ]

EmployeesThatShouldNotWorkTogetherWithEmployee: [
[ 107 114 141 143 147 ]
[ 72 126 129 137 146 ]
[ 25 70 83 107 112 114 ]
[ 5 33 51 52 62 71 79 87 110 111 133 138 ]
[ 68 138 ]
[ 16 35 67 79 117 ]
[ 23 36 44 93 99 ]
[ 72 83 90 100 139 ]
[ 16 33 48 57 67 114 115 ]
[ 16 38 62 82 89 93 116 121 ]
[ 13 27 50 80 87 ]
[ 14 30 34 53 74 79 86 103 107 ]
[ 30 48 60 87 98 126 127 139 150 ]
[ 19 27 41 50 86 90 107 118 121 125 ]
[ 16 72 78 79 89 108 149 ]
[ 23 43 59 107 115 ]
[ 53 54 63 67 117 136 144 ]
[ 51 66 90 102 114 ]
[ 31 36 40 60 62 85 87 114 116 118 124 141 ]
[ 34 50 72 91 106 ]
[ 25 41 57 61 81 127 145 ]
[ 49 50 80 124 143 ]
[ 36 38 52 60 107 108 128 141 147 ]
[ 53 74 76 82 86 ]
[ 42 52 63 70 75 122 135 145 147 ]
[ 34 86 89 90 95 ]
[ 39 91 98 113 144 ]
[ 35 41 71 80 86 87 130 148 ]
[ 89 ]
[ 128 ]
[ 39 46 54 111 114 134 142 ]
[ 46 62 86 147 ]
[ 81 82 94 112 125 128 142 ]
[ 35 37 56 77 100 102 103 104 ]
[ 42 61 64 84 109 ]
[ 42 126 134 138 ]
[ 104 ]
[ 42 78 115 144 147 ]
[ 52 107 116 124 ]
[ 108 ]
[ 61 87 128 132 134 ]
[ 64 94 109 136 ]
[ 58 84 101 122 147 ]
[ 66 80 118 119 138 ]
[ 56 86 99 115 ]
[ 94 ]
[ 48 63 66 90 103 115 150 ]
[ 98 118 134 145 ]
[ 50 57 68 80 86 124 139 143 ]
[ 53 57 83 101 117 125 127 146 ]
[ 68 76 96 98 116 ]
[ 82 106 107 ]
[ 68 82 ]
[ 64 91 127 ]
[ 70 ]
[ 86 98 101 117 120 ]
[ 61 67 112 146 ]
[ 110 113 114 131 ]
[ 69 80 98 120 128 ]
[ 61 70 95 105 114 132 ]
[ 66 112 117 128 129 134 ]
[ 146 ]
[ 86 90 97 ]
[ 68 69 76 92 94 112 125 137 149 ]
[ 108 146 ]
[ 83 98 141 ]
[ 86 88 103 107 120 135 ]
[ 79 107 110 130 138 ]
[ 92 121 124 ]
[ 78 98 109 135 144 149 ]
[ 128 ]
[ 93 107 116 140 ]
[ 82 87 96 148 150 ]
[ 104 145 ]
[ 85 105 128 146 147 ]
[ 103 112 125 ]
[ 79 84 147 ]
[ 83 122 138 ]
[ ]
[ 83 99 125 129 145 147 ]
[ 83 144 ]
[ 88 89 98 120 ]
[ 116 139 ]
[ 138 143 ]
[ 94 117 ]
[ 116 ]
[ 88 91 105 119 ]
[ 139 141 145 ]
[ 100 132 ]
[ 120 ]
[ 107 142 149 ]
[ 122 ]
[ 111 112 118 ]
[ 108 130 ]
[ 122 ]
[ 100 123 ]
[ 140 143 ]
[ 113 126 ]
[ 130 ]
[ 116 150 ]
[ 107 134 138 ]
[ ]
[ 115 129 138 147 ]
[ 121 129 138 145 ]
[ 134 ]
[ 107 117 138 144 149 150 ]
[ 126 146 ]
[ 133 ]
[ 110 138 139 ]
[ 138 ]
[ 119 148 ]
[ ]
[ 132 137 139 142 ]
[ 119 ]
[ 125 129 ]
[ 117 123 127 ]
[ 139 140 ]
[ 123 137 ]
[ 126 131 149 150 ]
[ 148 ]
[ ]
[ 123 131 ]
[ 145 ]
[ 132 137 143 ]
[ 142 ]
[ 139 ]
[ 133 ]
[ 131 136 149 ]
[ 131 ]
[ 145 ]
[ 144 147 ]
[ 133 139 ]
[ ]
[ 146 ]
[ ]
[ ]
[ ]
[ ]
[ 150 ]
[ 144 ]
[ ]
[ ]
[ 145 ]
[ ]
[ ]
[ ]
[ ]
[ ]
[ ]
[ ]
]

ShouldNotWorkTogetherCost: [ (1 107) 297 (1 114) 198 (1 141) 396 (1 143) 198 (1 147) 297 (2 72) 198 (2 126) 396 (2 129) 396 (2 137) 99 (2 146) 297 (3 25) 99 (3 70) 99 (3 83) 99 (3 107) 99 (3 112) 99 (3 114) 198 (4 5) 297 (4 33) 297 (4 51) 198 (4 52) 198 (4 62) 99 (4 71) 297 (4 79) 297 (4 87) 396 (4 110) 396 (4 111) 99 (4 133) 198 (4 138) 198 (5 68) 198 (5 138) 198 (6 16) 198 (6 35) 396 (6 67) 297 (6 79) 396 (6 117) 297 (7 23) 297 (7 36) 99 (7 44) 396 (7 93) 198 (7 99) 396 (8 72) 99 (8 83) 396 (8 90) 396 (8 100) 396 (8 139) 297 (9 16) 198 (9 33) 99 (9 48) 297 (9 57) 99 (9 67) 297 (9 114) 198 (9 115) 396 (10 16) 99 (10 38) 198 (10 62) 99 (10 82) 297 (10 89) 99 (10 93) 396 (10 116) 396 (10 121) 198 (11 13) 396 (11 27) 198 (11 50) 297 (11 80) 396 (11 87) 99 (12 14) 99 (12 30) 396 (12 34) 198 (12 53) 99 (12 74) 396 (12 79) 396 (12 86) 198 (12 103) 297 (12 107) 198 (13 30) 396 (13 48) 99 (13 60) 396 (13 87) 297 (13 98) 396 (13 126) 297 (13 127) 297 (13 139) 198 (13 150) 297 (14 19) 396 (14 27) 396 (14 41) 198 (14 50) 198 (14 86) 396 (14 90) 396 (14 107) 297 (14 118) 99 (14 121) 99 (14 125) 99 (15 16) 396 (15 72) 99 (15 78) 297 (15 79) 99 (15 89) 297 (15 108) 396 (15 149) 297 (16 23) 297 (16 43) 396 (16 59) 396 (16 107) 198 (16 115) 297 (17 53) 99 (17 54) 297 (17 63) 99 (17 67) 396 (17 117) 198 (17 136) 396 (17 144) 297 (18 51) 297 (18 66) 99 (18 90) 297 (18 102) 297 (18 114) 198 (19 31) 99 (19 36) 99 (19 40) 297 (19 60) 297 (19 62) 297 (19 85) 198 (19 87) 198 (19 114) 198 (19 116) 396 (19 118) 198 (19 124) 198 (19 141) 297 (20 34) 99 (20 50) 297 (20 72) 396 (20 91) 297 (20 106) 198 (21 25) 198 (21 41) 99 (21 57) 396 (21 61) 297 (21 81) 297 (21 127) 297 (21 145) 198 (22 49) 198 (22 50) 396 (22 80) 99 (22 124) 99 (22 143) 99 (23 36) 99 (23 38) 297 (23 52) 297 (23 60) 297 (23 107) 297 (23 108) 99 (23 128) 396 (23 141) 297 (23 147) 297 (24 53) 396 (24 74) 297 (24 76) 198 (24 82) 198 (24 86) 396 (25 42) 297 (25 52) 198 (25 63) 99 (25 70) 396 (25 75) 297 (25 122) 198 (25 135) 297 (25 145) 198 (25 147) 198 (26 34) 396 (26 86) 99 (26 89) 297 (26 90) 396 (26 95) 396 (27 39) 297 (27 91) 99 (27 98) 396 (27 113) 99 (27 144) 297 (28 35) 297 (28 41) 297 (28 71) 198 (28 80) 99 (28 86) 396 (28 87) 198 (28 130) 99 (28 148) 396 (29 89) 297 (30 128) 396 (31 39) 99 (31 46) 99 (31 54) 99 (31 111) 396 (31 114) 297 (31 134) 396 (31 142) 198 (32 46) 297 (32 62) 396 (32 86) 198 (32 147) 297 (33 81) 396 (33 82) 198 (33 94) 99 (33 112) 198 (33 125) 99 (33 128) 396 (33 142) 198 (34 35) 198 (34 37) 297 (34 56) 297 (34 77) 99 (34 100) 396 (34 102) 297 (34 103) 396 (34 104) 297 (35 42) 198 (35 61) 198 (35 64) 297 (35 84) 198 (35 109) 198 (36 42) 396 (36 126) 99 (36 134) 297 (36 138) 99 (37 104) 396 (38 42) 297 (38 78) 396 (38 115) 99 (38 144) 297 (38 147) 99 (39 52) 99 (39 107) 396 (39 116) 396 (39 124) 198 (40 108) 297 (41 61) 297 (41 87) 396 (41 128) 99 (41 132) 396 (41 134) 396 (42 64) 396 (42 94) 198 (42 109) 396 (42 136) 198 (43 58) 99 (43 84) 396 (43 101) 198 (43 122) 297 (43 147) 297 (44 66) 297 (44 80) 198 (44 118) 396 (44 119) 396 (44 138) 198 (45 56) 99 (45 86) 297 (45 99) 297 (45 115) 99 (46 94) 99 (47 48) 99 (47 63) 297 (47 66) 297 (47 90) 198 (47 103) 396 (47 115) 297 (47 150) 297 (48 98) 396 (48 118) 198 (48 134) 297 (48 145) 99 (49 50) 396 (49 57) 396 (49 68) 99 (49 80) 396 (49 86) 396 (49 124) 396 (49 139) 198 (49 143) 198 (50 53) 396 (50 57) 198 (50 83) 396 (50 101) 99 (50 117) 297 (50 125) 297 (50 127) 297 (50 146) 99 (51 68) 198 (51 76) 198 (51 96) 99 (51 98) 297 (51 116) 396 (52 82) 396 (52 106) 297 (52 107) 99 (53 68) 99 (53 82) 198 (54 64) 99 (54 91) 297 (54 127) 99 (55 70) 297 (56 86) 99 (56 98) 396 (56 101) 396 (56 117) 99 (56 120) 396 (57 61) 99 (57 67) 396 (57 112) 99 (57 146) 396 (58 110) 198 (58 113) 396 (58 114) 99 (58 131) 396 (59 69) 297 (59 80) 297 (59 98) 198 (59 120) 297 (59 128) 396 (60 61) 99 (60 70) 198 (60 95) 99 (60 105) 99 (60 114) 297 (60 132) 297 (61 66) 396 (61 112) 99 (61 117) 198 (61 128) 396 (61 129) 198 (61 134) 396 (62 146) 297 (63 86) 396 (63 90) 297 (63 97) 396 (64 68) 99 (64 69) 396 (64 76) 198 (64 92) 396 (64 94) 297 (64 112) 99 (64 125) 99 (64 137) 198 (64 149) 396 (65 108) 99 (65 146) 396 (66 83) 198 (66 98) 396 (66 141) 99 (67 86) 198 (67 88) 396 (67 103) 297 (67 107) 297 (67 120) 99 (67 135) 396 (68 79) 198 (68 107) 396 (68 110) 99 (68 130) 297 (68 138) 297 (69 92) 396 (69 121) 396 (69 124) 396 (70 78) 396 (70 98) 198 (70 109) 396 (70 135) 396 (70 144) 297 (70 149) 297 (71 128) 297 (72 93) 198 (72 107) 297 (72 116) 396 (72 140) 99 (73 82) 99 (73 87) 297 (73 96) 99 (73 148) 99 (73 150) 297 (74 104) 198 (74 145) 396 (75 85) 198 (75 105) 396 (75 128) 198 (75 146) 396 (75 147) 99 (76 103) 198 (76 112) 297 (76 125) 99 (77 79) 396 (77 84) 297 (77 147) 297 (78 83) 198 (78 122) 99 (78 138) 396 (80 83) 99 (80 99) 198 (80 125) 396 (80 129) 198 (80 145) 297 (80 147) 198 (81 83) 99 (81 144) 396 (82 88) 396 (82 89) 99 (82 98) 297 (82 120) 297 (83 116) 396 (83 139) 396 (84 138) 99 (84 143) 297 (85 94) 99 (85 117) 99 (86 116) 99 (87 88) 198 (87 91) 99 (87 105) 297 (87 119) 99 (88 139) 297 (88 141) 198 (88 145) 198 (89 100) 297 (89 132) 198 (90 120) 396 (91 107) 396 (91 142) 198 (91 149) 99 (92 122) 198 (93 111) 396 (93 112) 297 (93 118) 396 (94 108) 99 (94 130) 396 (95 122) 396 (96 100) 297 (96 123) 396 (97 140) 99 (97 143) 99 (98 113) 99 (98 126) 297 (99 130) 198 (100 116) 396 (100 150) 198 (101 107) 297 (101 134) 297 (101 138) 99 (103 115) 198 (103 129) 198 (103 138) 198 (103 147) 396 (104 121) 396 (104 129) 297 (104 138) 198 (104 145) 99 (105 134) 297 (106 107) 396 (106 117) 297 (106 138) 198 (106 144) 99 (106 149) 396 (106 150) 99 (107 126) 198 (107 146) 99 (108 133) 198 (109 110) 297 (109 138) 99 (109 139) 396 (110 138) 297 (111 119) 297 (111 148) 198 (113 132) 396 (113 137) 396 (113 139) 198 (113 142) 396 (114 119) 198 (115 125) 99 (115 129) 198 (116 117) 297 (116 123) 396 (116 127) 198 (117 139) 297 (117 140) 99 (118 123) 396 (118 137) 198 (119 126) 99 (119 131) 297 (119 149) 198 (119 150) 396 (120 148) 396 (122 123) 99 (122 131) 198 (123 145) 99 (124 132) 297 (124 137) 396 (124 143) 198 (125 142) 198 (126 139) 396 (127 133) 297 (128 131) 396 (128 136) 99 (128 149) 99 (129 131) 396 (130 145) 99 (131 144) 99 (131 147) 99 (132 133) 396 (132 139) 198 (134 146) 99 (139 150) 396 (140 144) 396 (143 145) 99 ]

ImmediatePredecessorsToActivity: [
[ ]
[ 1 ]
[ 1 ]
[ 1 ]
[ 2 4 ]
[ 3 ]
[ 6 ]
[ 3 5 7 ]
[ 4 ]
[ 2 6 ]
[ 3 ]
[ 1 ]
[ 11 12 ]
[ 7 ]
[ 3 5 13 ]
[ 2 7 ]
[ 9 ]
[ 7 9 10 12 ]
[ 10 14 16 ]
[ 16 18 ]
[ 4 ]
[ 16 ]
[ 10 12 14 17 ]
[ 11 18 21 23 ]
[ 3 12 ]
[ 10 21 ]
[ 6 11 14 17 ]
[ 3 14 17 ]
[ 5 7 11 ]
[ 11 14 16 21 ]
[ 3 18 21 ]
[ 7 9 10 ]
[ 5 10 30 ]
[ 4 6 12 16 ]
[ 18 21 32 ]
[ 9 14 16 ]
[ 10 13 20 29 35 ]
[ 5 9 16 ]
[ 32 ]
[ 1 ]
[ 3 9 21 ]
[ 3 4 14 16 40 ]
[ 18 25 ]
[ 1 ]
[ 10 17 29 30 35 44 ]
[ 5 7 17 25 42 44 ]
[ 5 17 43 ]
[ 16 18 ]
[ 5 16 21 32 ]
[ 4 12 16 17 32 44 ]
[ 6 16 ]
[ 6 16 ]
[ 6 30 ]
[ 30 32 42 43 ]
[ 5 32 44 51 ]
]

ActivitiesInProject: [
[ 1 2 3 4 5 6 7 8 9 10 11 12 13 14 15 16 17 18 19 20 21 22 23 24 25 26 27 28 29 30 31 32 33 34 35 36 37 38 39 40 41 42 43 44 45 46 47 48 49 50 51 52 53 54 55 ]
]

nActivityModes: [ 1 1 1 1 1 1 1 1 1 1 1 1 1 1 1 1 1 1 1 1 1 1 1 1 1 1 1 1 1 1 1 1 1 1 1 1 1 1 1 1 1 1 1 1 1 1 1 1 1 1 1 1 1 1 1 ]

ActivitiyDurationWithMode: [
1	
25	
17	
35	
49	
15	
13	
19	
29	
20	
25	
14	
57	
12	
15	
21	
18	
13	
43	
15	
22	
48	
15	
14	
37	
50	
20	
28	
14	
24	
30	
13	
19	
46	
22	
44	
16	
30	
36	
41	
35	
20	
17	
75	
15	
22	
12	
27	
31	
20	
15	
23	
18	
18	
22	
]
StintsInProject: [
[ 1 2 3 4 5 6 7 8 9 10 11 12 13 14 15 16 17 18 19 20 21 22 23 24 25 26 ]
]

WorkingStintsOnDay: [
[ 1 ]
[ 1 ]
[ 1 ]
[ 1 ]
[ 1 ]
[ ]
[ ]
[ 2 ]
[ 2 ]
[ 2 ]
[ 2 ]
[ 2 ]
[ ]
[ ]
[ 3 ]
[ 3 ]
[ 3 ]
[ 3 ]
[ 3 ]
[ ]
[ ]
[ 4 ]
[ 4 ]
[ 4 ]
[ 4 ]
[ 4 ]
[ ]
[ ]
[ 5 ]
[ 5 ]
[ 5 ]
[ 5 ]
[ 5 ]
[ ]
[ ]
[ 6 ]
[ 6 ]
[ 6 ]
[ 6 ]
[ 6 ]
[ ]
[ ]
[ 7 ]
[ 7 ]
[ 7 ]
[ 7 ]
[ 7 ]
[ ]
[ ]
[ 8 ]
[ 8 ]
[ 8 ]
[ 8 ]
[ 8 ]
[ ]
[ ]
[ 9 ]
[ 9 ]
[ 9 ]
[ 9 ]
[ 9 ]
[ ]
[ ]
[ 10 ]
[ 10 ]
[ 10 ]
[ 10 ]
[ 10 ]
[ ]
[ ]
[ 11 ]
[ 11 ]
[ 11 ]
[ 11 ]
[ 11 ]
[ ]
[ ]
[ 12 ]
[ 12 ]
[ 12 ]
[ 12 ]
[ 12 ]
[ ]
[ ]
[ 13 ]
[ 13 ]
[ 13 ]
[ 13 ]
[ 13 ]
[ ]
[ ]
[ 14 ]
[ 14 ]
[ 14 ]
[ 14 ]
[ 14 ]
[ ]
[ ]
[ 15 ]
[ 15 ]
[ 15 ]
[ 15 ]
[ 15 ]
[ ]
[ ]
[ 16 ]
[ 16 ]
[ 16 ]
[ 16 ]
[ 16 ]
[ ]
[ ]
[ 17 ]
[ 17 ]
[ 17 ]
[ 17 ]
[ 17 ]
[ ]
[ ]
[ 18 ]
[ 18 ]
[ 18 ]
[ 18 ]
[ 18 ]
[ ]
[ ]
[ 19 ]
[ 19 ]
[ 19 ]
[ 19 ]
[ 19 ]
[ ]
[ ]
[ 20 ]
[ 20 ]
[ 20 ]
[ 20 ]
[ 20 ]
[ ]
[ ]
[ 21 ]
[ 21 ]
[ 21 ]
[ 21 ]
[ 21 ]
[ ]
[ ]
[ 22 ]
[ 22 ]
[ 22 ]
[ 22 ]
[ 22 ]
[ ]
[ ]
[ 23 ]
[ 23 ]
[ 23 ]
[ 23 ]
[ 23 ]
[ ]
[ ]
[ 24 ]
[ 24 ]
[ 24 ]
[ 24 ]
[ 24 ]
[ ]
[ ]
[ 25 ]
[ 25 ]
[ 25 ]
[ 25 ]
[ 25 ]
[ ]
[ ]
[ 26 ]
[ 26 ]
[ 26 ]
[ 26 ]
[ 26 ]
]

ProjectStart: [ 15 ]

ProjectEnd: [ 177 ]

EarliestStartDayForActivity: [ 1 15 15 15 62 38 59 131 62 59 38 15 73 76 152 76 103 103 107 122 62 107 129 150 38 94 129 129 131 107 122 103 139 107 122 107 152 131 122 15 103 107 122 15 152 135 145 122 131 129 107 107 139 145 131 ]

LatestStartDayForActivity: [ 1 177 177 177 177 177 177 177 177 177 177 177 177 177 177 177 177 177 177 177 177 177 177 177 177 177 177 177 177 177 177 177 177 177 177 177 177 177 177 177 177 177 177 177 177 177 177 177 177 177 177 177 177 177 177 ]

EquipmentTypeDemandInActivityWithMode: [
0	
1	
1	
1	
2	
0	
1	
1	
2	
1	
1	
1	
2	
1	
0	
1	
2	
2	
1	
1	
1	
2	
0	
2	
2	
0	
1	
0	
1	
2	
1	
0	
2	
2	
1	
3	
1	
1	
2	
3	
3	
4	
1	
2	
2	
0	
1	
4	
2	
0	
2	
0	
1	
1	
2	

0	
0	
0	
2	
1	
0	
0	
1	
2	
4	
2	
2	
1	
1	
1	
0	
2	
3	
0	
3	
2	
3	
0	
3	
1	
1	
3	
1	
0	
1	
2	
1	
2	
0	
0	
1	
0	
3	
1	
0	
2	
2	
0	
2	
1	
1	
2	
2	
0	
3	
2	
0	
2	
1	
0	

0	
3	
1	
0	
0	
1	
0	
1	
1	
0	
2	
0	
1	
3	
0	
1	
5	
0	
1	
2	
1	
2	
1	
2	
3	
1	
1	
2	
2	
0	
0	
2	
0	
1	
2	
0	
1	
3	
0	
4	
2	
2	
3	
1	
0	
1	
1	
2	
1	
0	
1	
0	
2	
2	
1	

0	
2	
1	
4	
0	
0	
2	
1	
0	
1	
1	
1	
2	
2	
1	
0	
1	
1	
0	
0	
1	
4	
0	
1	
3	
2	
0	
2	
1	
1	
1	
1	
1	
2	
0	
1	
1	
3	
1	
2	
0	
2	
2	
1	
1	
3	
0	
1	
2	
3	
0	
0	
2	
1	
1	

0	
3	
1	
4	
2	
2	
1	
2	
2	
1	
1	
1	
3	
1	
1	
3	
0	
2	
0	
2	
0	
0	
0	
2	
2	
0	
2	
1	
0	
1	
0	
3	
1	
4	
0	
0	
1	
1	
1	
1	
1	
1	
1	
3	
0	
3	
0	
1	
1	
2	
0	
1	
1	
2	
2	

0	
1	
3	
0	
2	
1	
0	
0	
0	
0	
3	
2	
2	
0	
1	
3	
1	
1	
1	
0	
1	
0	
1	
3	
3	
1	
0	
0	
0	
1	
0	
2	
0	
2	
1	
1	
0	
3	
2	
0	
1	
0	
0	
2	
0	
1	
2	
1	
0	
3	
1	
1	
1	
2	
1	

0	
1	
1	
2	
1	
2	
1	
2	
2	
2	
2	
1	
0	
1	
0	
4	
0	
1	
1	
2	
1	
3	
1	
0	
1	
2	
2	
0	
0	
3	
1	
1	
1	
1	
0	
1	
1	
1	
1	
1	
2	
0	
1	
0	
4	
1	
0	
2	
1	
2	
1	
1	
3	
0	
0	

]

ExternalEquipmentRentingCost: [
2797	1397	4467	4132	3278	2510	5745	1052	2623	1290	4608	1426	2050	3589	2955	4866	2893	2410	4468	3300	4332	4651	1728	3517	3081	5693	4246	2385	4944	1580	3941	5012	2915	1196	2736	3606	5725	2061	3989	1897	4681	4178	5867	5825	2729	4423	2511	4068	3102	1983	1216	3882	1235	4778	1294	
1005	3233	1474	4728	5295	2372	4048	5072	1879	3978	5992	5479	1895	5034	3608	2320	4352	3663	1886	3649	4341	4086	5448	4068	4289	2773	2389	3359	1864	1214	4648	5945	5796	5581	4289	1582	4841	5240	1163	3352	3678	3394	2702	4916	2651	5596	1054	5511	2368	2614	2967	2874	2444	2040	3222	
1164	5717	5849	5365	1011	1967	5373	3895	1996	3556	3597	5975	1914	4117	4153	2393	2445	1227	5863	5545	1236	5964	2496	2402	4444	2000	5253	1643	3951	5660	5117	2538	3952	2256	1007	1450	3965	2942	3282	1011	1097	1905	1627	4822	4308	3449	5823	3519	1978	3772	1982	1274	5776	5299	2002	
4838	3561	3880	1625	5385	5193	5735	5949	1404	3553	5844	3165	1093	1706	4462	2248	5478	4903	4818	2952	2394	2426	3684	1719	4004	4205	2080	1448	3996	2715	3663	3321	1511	2942	2559	4246	3756	4864	5186	3924	4626	1794	3920	2750	2037	5240	1370	3779	2793	4258	4997	4979	5205	2233	4794	
5506	5695	4931	4849	3725	2001	5600	4812	1799	4338	5169	1185	3048	3622	3814	2302	5053	2189	4544	2532	3809	1672	4820	2507	2700	2687	1222	2420	1028	3499	2159	3729	2105	1515	5907	2995	2630	5271	4986	2162	3179	2706	1838	3969	5467	1607	2029	3368	1379	4597	3809	1551	3920	2339	3419	
2689	4811	4481	1977	1036	1369	2792	4243	1934	3088	1174	5622	2013	3518	4075	3369	5736	1060	3405	1491	2669	2623	1507	2201	1483	3470	3492	3750	5730	1490	1427	3792	1643	2679	4588	2840	2317	2344	5612	1263	2609	3318	2278	5957	3231	2662	2691	3689	1908	2942	4168	1619	5967	5401	1225	
3624	5839	5935	3698	1809	2241	5585	1614	4876	1969	4038	4091	4333	3018	2653	1474	1933	3112	3858	5387	5389	4328	5460	1814	2684	2347	1746	3887	1373	1318	4498	4436	2613	5411	3369	4515	3738	2332	4832	4262	2764	1263	2132	2789	2120	2122	1267	4860	2904	3421	1543	5850	3683	5661	3658	
]

EquipmentTypeTransportationCost: [
1	

1	

1	

1	

1	

1	

1	

]

TransportationTimeForEquipmentTypeBetweenProjects: [
1	

1	

1	

1	

1	

1	

1	

]

TotalNumberOfInitialEquipmentTypeLocation: [
(1 1) 4 
(2 1) 6 
(3 1) 7 
(4 1) 9 
(5 1) 10 
(6 1) 7 
(7 1) 7 
]

DepotActivities: [ 1 ]

MaximalStintCliques: [
]
