nEmployees: 150
nSkills: 6
nProjects: 1
nDays: 90
nActivities: 9
nEquipmentTypes: 3
nStints: 7
nMaxModes: 3
nStintCliques: 6

EmployeeInStintCost: [
47070 47070 47070 47070 47070 42030 23050 
49174 49174 49174 49174 49174 43366 23042 
35290 35290 35290 35290 35290 30538 12062 
42984 42984 42984 42984 42984 37896 18832 
43270 43270 43270 43270 43270 38230 19250 
43734 43734 43734 43734 43734 38502 19186 
39818 39818 39818 39818 39818 34874 16062 
39340 39340 39340 39340 39340 33388 12812 
22124 22124 22124 22124 22124 17228 8660 
41248 41248 41248 41248 41248 36160 17096 
49400 49400 49400 49400 49400 43544 23136 
42460 42460 42460 42460 42460 37660 19100 
48364 48364 48364 48364 48364 42796 22892 
43794 43794 43794 43794 43794 38466 18982 
37720 37720 37720 37720 37720 32248 12512 
38952 38952 38952 38952 38952 33288 13216 
36360 36360 36360 36360 36360 31464 12736 
35620 35620 35620 35620 35620 30820 12260 
47232 47232 47232 47232 47232 42144 23080 
45674 45674 45674 45674 45674 40922 22446 
38044 38044 38044 38044 38044 32476 12572 
37234 37234 37234 37234 37234 31906 12422 
47526 47526 47526 47526 47526 42102 22450 
45744 45744 45744 45744 45744 40848 22120 
48526 48526 48526 48526 48526 42910 22922 
36262 36262 36262 36262 36262 31222 12242 
24716 24716 24716 24716 24716 19052 9140 
45738 45738 45738 45738 45738 40410 20926 
34966 34966 34966 34966 34966 30310 12002 
47526 47526 47526 47526 47526 42102 22450 
19116 19116 19116 19116 19116 13452 3540 
36100 36100 36100 36100 36100 31108 12212 
48202 48202 48202 48202 48202 42682 22862 
22448 22448 22448 22448 22448 17456 8720 
43146 43146 43146 43146 43146 38010 18862 
38466 38466 38466 38466 38466 32946 13126 
45700 45700 45700 45700 45700 40516 21284 
46582 46582 46582 46582 46582 41542 22562 
45414 45414 45414 45414 45414 40182 20866 
18954 18954 18954 18954 18954 13338 3510 
46878 46878 46878 46878 46878 41646 22330 
44752 44752 44752 44752 44752 38896 18488 
47394 47394 47394 47394 47394 42258 23110 
47196 47196 47196 47196 47196 41436 21196 
36114 36114 36114 36114 36114 31362 12886 
37332 37332 37332 37332 37332 32148 12916 
42220 42220 42220 42220 42220 36844 17276 
43108 43108 43108 43108 43108 38116 19220 
37078 37078 37078 37078 37078 31846 12530 
39728 39728 39728 39728 39728 34832 16104 
43794 43794 43794 43794 43794 39042 20566 
37234 37234 37234 37234 37234 31906 12422 
35938 35938 35938 35938 35938 30994 12182 
47968 47968 47968 47968 47968 42112 21704 
41510 41510 41510 41510 41510 36086 16434 
38698 38698 38698 38698 38698 32986 12830 
37734 37734 37734 37734 37734 32502 13186 
42808 42808 42808 42808 42808 37528 18128 
46582 46582 46582 46582 46582 41542 22562 
38206 38206 38206 38206 38206 32590 12602 
45258 45258 45258 45258 45258 40506 22030 
23906 23906 23906 23906 23906 18482 8990 
45576 45576 45576 45576 45576 39720 19312 
37720 37720 37720 37720 37720 32248 12512 
42808 42808 42808 42808 42808 37528 18128 
17658 17658 17658 17658 17658 12426 3270 
45090 45090 45090 45090 45090 39954 20806 
46420 46420 46420 46420 46420 41428 22532 
35452 35452 35452 35452 35452 30652 12092 
49470 49470 49470 49470 49470 43470 22810 
47716 47716 47716 47716 47716 42340 22772 
38692 38692 38692 38692 38692 32932 12692 
36916 36916 36916 36916 36916 31732 12500 
45744 45744 45744 45744 45744 40848 22120 
42220 42220 42220 42220 42220 36844 17276 
43432 43432 43432 43432 43432 38344 19280 
45538 45538 45538 45538 45538 39826 19670 
40862 40862 40862 40862 40862 35630 16314 
38220 38220 38220 38220 38220 32844 13276 
37234 37234 37234 37234 37234 31906 12422 
41024 41024 41024 41024 41024 35744 16344 
44890 44890 44890 44890 44890 39370 19550 
42460 42460 42460 42460 42460 37660 19100 
48266 48266 48266 48266 48266 42746 22926 
48012 48012 48012 48012 48012 42444 22540 
41410 41410 41410 41410 41410 36274 17126 
37332 37332 37332 37332 37332 32148 12916 
38142 38142 38142 38142 38142 32718 13066 
46024 46024 46024 46024 46024 40168 19760 
46186 46186 46186 46186 46186 40282 19790 
37170 37170 37170 37170 37170 32034 12886 
40214 40214 40214 40214 40214 35174 16194 
39818 39818 39818 39818 39818 34874 16062 
37248 37248 37248 37248 37248 32160 13096 
47880 47880 47880 47880 47880 42600 23200 
43432 43432 43432 43432 43432 38344 19280 
37240 37240 37240 37240 37240 31960 12560 
44604 44604 44604 44604 44604 39612 20716 
22610 22610 22610 22610 22610 17570 8750 
46878 46878 46878 46878 46878 41646 22330 
19116 19116 19116 19116 19116 13452 3540 
48498 48498 48498 48498 48498 42786 22630 
44914 44914 44914 44914 44914 39010 18518 
38536 38536 38536 38536 38536 32872 12800 
39840 39840 39840 39840 39840 33984 13576 
47294 47294 47294 47294 47294 42062 22746 
42438 42438 42438 42438 42438 37590 18946 
38544 38544 38544 38544 38544 33072 13336 
42158 42158 42158 42158 42158 36542 16554 
38536 38536 38536 38536 38536 32872 12800 
35290 35290 35290 35290 35290 30538 12062 
24878 24878 24878 24878 24878 19166 9170 
39728 39728 39728 39728 39728 34832 16104 
21962 21962 21962 21962 21962 17114 8630 
37572 37572 37572 37572 37572 32388 13156 
46672 46672 46672 46672 46672 41200 21464 
48690 48690 48690 48690 48690 43170 23350 
47034 47034 47034 47034 47034 41322 21166 
16038 16038 16038 16038 16038 11286 2970 
45538 45538 45538 45538 45538 40402 21254 
40952 40952 40952 40952 40952 35672 16272 
48104 48104 48104 48104 48104 42632 22896 
44928 44928 44928 44928 44928 39840 20776 
43432 43432 43432 43432 43432 38344 19280 
44404 44404 44404 44404 44404 39028 19460 
34966 34966 34966 34966 34966 30310 12002 
37248 37248 37248 37248 37248 32160 13096 
39600 39600 39600 39600 39600 33744 13336 
43918 43918 43918 43918 43918 38686 19370 
46996 46996 46996 46996 46996 41428 21524 
44442 44442 44442 44442 44442 39498 20686 
47520 47520 47520 47520 47520 41664 21256 
36754 36754 36754 36754 36754 31618 12470 
44890 44890 44890 44890 44890 39946 21134 
42706 42706 42706 42706 42706 37186 17366 
42336 42336 42336 42336 42336 37440 18712 
43470 43470 43470 43470 43470 38238 18922 
46260 46260 46260 46260 46260 41460 22900 
48526 48526 48526 48526 48526 42910 22922 
42762 42762 42762 42762 42762 37818 19006 
42924 42924 42924 42924 42924 37932 19036 
22124 22124 22124 22124 22124 17228 8660 
38058 38058 38058 38058 38058 32730 13246 
43896 43896 43896 43896 43896 38616 19216 
35938 35938 35938 35938 35938 30994 12182 
46224 46224 46224 46224 46224 40752 21016 
22286 22286 22286 22286 22286 17342 8690 
43432 43432 43432 43432 43432 38344 19280 
43456 43456 43456 43456 43456 37984 18248 
42646 42646 42646 42646 42646 37414 18098 
]

ExternalWorkerWithSkillOnStintCost: [
34608 40656 47712 39900 38640 35028 16344 
50232 44184 44352 36036 47544 35028 19548 
45612 47124 41412 45276 48468 42504 15984 
42756 40068 43848 35196 41328 39396 17028 
43092 39648 36708 38304 49308 44688 15732 
49308 48972 37632 41496 34944 41916 20700 
]

OverlappingStints: [
[ 2 ]
[ 3 ]
[ 4 ]
[ 5 ]
[ 6 ]
[ 7 ]
[ ]
]

EmployeesWithSkill: [
[ 1 2 3 4 5 6 7 8 9 10 11 12 13 14 15 16 17 18 19 20 21 22 23 24 25 26 27 28 29 30 31 32 33 34 35 36 37 38 39 40 41 42 43 44 45 46 47 48 49 50 51 52 53 54 55 56 57 58 59 60 61 62 63 64 65 66 67 68 69 70 71 72 73 74 75 76 77 78 79 80 81 82 83 84 85 86 87 88 89 90 91 92 93 94 95 96 97 98 99 100 101 102 103 104 105 106 107 108 109 110 111 112 113 114 115 116 117 118 119 120 121 122 123 124 125 126 127 128 129 130 131 132 133 134 135 136 137 138 139 140 141 142 143 144 145 146 147 148 149 150 ]
[ 14 28 44 70 74 88 89 98 137 ]
[ 1 2 3 4 5 6 8 9 10 12 13 14 15 16 17 18 19 21 22 23 24 25 26 27 31 32 33 34 35 36 38 39 40 41 42 44 45 46 47 49 50 52 54 56 57 58 59 60 61 62 63 64 67 68 69 70 71 72 74 75 76 77 78 79 82 84 85 86 87 89 90 91 93 94 95 97 100 101 102 103 104 105 108 110 112 113 114 115 116 117 118 119 121 122 124 125 127 128 129 130 131 132 133 134 135 136 138 139 142 143 144 145 146 147 148 149 150 ]
[ 1 8 11 15 16 26 35 36 37 39 42 43 49 50 52 56 57 60 62 63 72 78 82 88 90 92 98 102 103 104 107 108 120 129 133 134 139 140 144 145 149 ]
[ 2 5 6 7 8 11 13 14 15 16 19 20 21 22 23 25 26 27 28 30 33 38 40 42 46 54 55 56 58 60 62 63 64 65 67 70 72 73 75 76 77 79 80 82 84 85 86 88 90 91 92 94 95 96 97 101 102 103 104 105 109 110 112 113 115 116 118 125 128 131 132 135 136 139 142 144 146 147 148 149 ]
[ 1 2 3 4 5 6 7 8 9 10 11 12 13 14 15 16 17 18 19 20 21 23 24 26 27 29 31 32 33 35 36 38 39 40 41 44 46 47 48 50 51 52 53 54 55 56 57 58 59 61 62 63 64 65 66 67 68 69 70 71 73 75 76 77 78 79 81 84 86 87 88 89 90 91 92 93 94 95 96 97 98 99 100 101 103 104 105 106 107 108 109 110 111 112 114 115 116 117 118 119 120 121 122 124 125 126 127 128 129 131 132 133 134 135 136 137 138 139 141 142 143 144 145 146 147 148 150 ]
]

SkillDemandInActivityWithMode: [
0	0	0	
56	85	38	
34	52	23	
56	85	38	
56	85	38	
56	85	38	
28	43	19	
28	43	19	
42	64	28	

0	0	0	
3	6	2	
2	4	2	
3	6	2	
3	6	2	
3	6	2	
1	3	1	
1	3	1	
2	4	2	

0	0	0	
43	66	29	
25	39	17	
43	66	29	
42	64	28	
42	64	28	
21	33	14	
21	33	14	
32	49	22	

0	0	0	
15	24	10	
9	15	6	
15	24	10	
15	24	10	
15	24	10	
7	12	5	
7	12	5	
11	18	8	

0	0	0	
29	45	20	
17	27	12	
29	45	20	
29	45	20	
29	45	20	
14	22	10	
14	22	10	
22	34	15	

0	0	0	
46	70	31	
27	42	18	
46	70	31	
46	70	31	
46	70	31	
23	36	16	
23	36	16	
34	52	23	

]

EmployeeAvailability: [
1 1 1 1 1 1 1 
1 1 1 1 1 1 1 
1 1 1 0 0 1 1 
1 1 1 1 1 1 1 
1 1 1 1 0 0 1 
1 1 1 1 1 1 1 
1 1 1 0 1 1 1 
1 1 1 1 1 1 1 
1 1 1 0 0 1 1 
1 1 1 1 1 1 1 
1 0 1 1 1 1 1 
0 1 1 1 1 0 1 
1 0 1 1 1 0 1 
0 1 1 0 1 1 1 
1 1 0 0 0 1 1 
1 0 1 1 1 1 1 
1 0 0 1 1 1 1 
0 0 1 1 1 1 1 
0 1 0 1 0 1 1 
1 1 1 1 0 1 1 
1 0 1 1 1 1 1 
1 0 0 1 0 1 1 
1 0 1 1 1 1 1 
0 1 1 1 1 0 1 
1 0 1 1 1 1 1 
1 1 1 0 0 0 1 
1 1 1 1 0 0 1 
1 0 0 1 1 1 1 
1 0 1 1 1 0 1 
1 1 0 1 0 1 1 
1 1 1 1 1 1 1 
1 1 0 1 1 0 1 
1 1 1 1 1 1 1 
1 1 1 1 1 1 1 
1 1 1 1 0 1 1 
1 1 0 1 1 1 1 
1 1 1 1 1 0 1 
0 0 0 1 1 1 1 
1 1 1 1 1 1 1 
1 0 1 1 1 1 1 
1 1 1 0 1 1 1 
0 0 1 1 1 1 1 
0 1 1 1 1 1 0 
1 1 0 1 1 1 1 
1 1 1 1 1 1 1 
1 1 1 1 1 1 1 
1 1 0 1 1 1 1 
1 1 1 1 1 1 1 
1 1 1 0 1 1 1 
1 1 1 0 1 0 1 
0 1 0 1 1 1 0 
0 0 1 1 1 1 1 
0 1 1 1 0 1 1 
1 1 1 1 1 1 1 
1 1 1 1 1 1 1 
0 1 0 1 1 1 1 
1 1 1 1 1 1 1 
1 1 1 1 1 1 0 
1 1 1 0 1 0 1 
1 1 0 1 1 1 1 
1 0 1 1 1 1 1 
1 1 1 0 1 0 0 
1 1 1 1 0 1 1 
1 0 1 0 1 1 1 
1 0 1 0 0 1 1 
0 0 1 1 1 0 1 
1 1 1 1 1 1 1 
1 1 1 1 1 1 1 
1 1 0 1 0 1 1 
1 0 1 1 1 0 1 
1 1 0 1 1 1 1 
1 0 0 1 1 1 1 
1 1 1 1 1 1 0 
1 1 1 0 1 0 1 
1 0 0 1 1 1 1 
1 1 1 1 1 1 1 
0 1 1 0 1 1 1 
1 1 1 1 1 1 1 
1 1 0 1 1 1 1 
1 1 1 1 1 0 1 
0 1 1 1 1 1 1 
1 1 1 0 1 0 1 
1 1 1 1 0 0 1 
0 1 1 1 1 0 1 
1 1 1 1 1 1 1 
1 1 1 1 1 1 1 
1 1 0 1 1 0 1 
1 1 1 1 1 1 1 
1 1 1 1 1 0 1 
1 1 1 1 1 1 1 
1 1 1 0 1 1 1 
1 0 1 0 1 1 1 
1 1 1 1 1 0 1 
0 0 1 1 0 1 1 
1 1 1 1 0 1 1 
1 1 0 0 1 0 1 
1 1 1 1 1 1 1 
1 1 1 0 0 1 1 
1 1 1 1 1 1 1 
0 1 1 1 0 1 1 
0 1 1 1 1 1 1 
1 1 1 1 1 1 1 
0 1 1 1 0 1 1 
1 1 1 1 1 1 1 
1 1 0 1 1 1 0 
0 1 1 1 1 1 1 
1 1 0 1 1 0 1 
0 1 1 1 0 0 1 
1 1 1 1 1 0 1 
0 1 1 1 1 1 0 
1 1 1 1 0 1 1 
1 0 1 1 1 1 1 
0 0 1 1 1 1 1 
1 1 1 1 1 0 1 
1 0 1 0 1 1 1 
0 1 0 0 1 1 1 
1 1 1 1 1 1 1 
1 0 1 1 0 1 1 
1 1 1 1 1 1 1 
1 1 1 1 0 0 1 
0 1 1 1 1 1 1 
1 1 1 1 1 1 1 
1 1 1 1 1 1 1 
1 1 1 1 1 1 1 
0 1 0 0 1 1 1 
1 0 0 1 1 1 0 
0 0 1 1 1 1 0 
1 1 1 1 1 1 1 
1 0 1 1 1 1 1 
1 1 1 0 1 1 1 
1 0 1 1 1 0 1 
1 0 1 1 0 1 1 
1 1 1 1 1 1 1 
1 0 1 0 0 1 1 
0 0 1 1 1 1 0 
1 1 1 1 1 1 1 
1 1 1 1 1 1 1 
1 1 1 1 1 1 1 
0 1 1 1 1 1 1 
1 1 1 1 1 1 1 
1 0 1 0 1 1 1 
1 0 1 1 1 1 1 
1 1 1 1 1 1 1 
1 1 1 0 1 0 1 
1 1 0 1 1 1 1 
1 1 1 1 1 1 1 
1 0 0 0 1 1 1 
1 1 1 0 1 0 1 
1 1 1 0 1 0 0 
1 1 1 1 1 1 1 
]

EmployeeWantedInStint: [ (19 2) 1 (22 2) 1 (25 5) 1 (27 5) 1 (35 7) 1 (43 5) 1 (50 2) 1 (50 6) 1 (53 4) 1 (56 5) 1 (57 5) 1 (57 7) 1 (59 1) 1 (59 6) 1 (61 4) 1 (84 5) 1 (102 4) 1 (107 4) 1 (111 4) 1 (116 3) 1 (120 7) 1 (123 3) 1 (124 2) 1 (124 4) 1 (127 2) 1 ]

EmployeeWantedViolationCost: [ (19 2) 12000 (22 2) 8000 (25 5) 14000 (27 5) 14000 (35 7) 5000 (43 5) 6000 (50 2) 13000 (50 6) 9000 (53 4) 15000 (56 5) 10000 (57 5) 14000 (57 7) 9000 (59 1) 13000 (59 6) 15000 (61 4) 15000 (84 5) 6000 (102 4) 13000 (107 4) 12000 (111 4) 8000 (116 3) 8000 (120 7) 8000 (123 3) 15000 (124 2) 12000 (124 4) 14000 (127 2) 11000 ]

EmployeesThatShouldNotWorkTogetherWithEmployee: [
[ 2 3 11 42 110 114 121 131 132 138 ]
[ 40 53 57 66 81 111 123 ]
[ 9 53 65 77 81 96 113 124 128 ]
[ 39 50 58 97 119 ]
[ 16 22 30 56 61 88 95 ]
[ 33 37 58 89 117 ]
[ 8 22 71 73 100 109 128 135 139 ]
[ 73 86 103 104 106 117 ]
[ 29 42 ]
[ 12 74 97 102 108 ]
[ 96 120 ]
[ 55 120 122 ]
[ 41 77 84 121 135 ]
[ 26 27 32 54 61 138 145 ]
[ 34 56 64 115 127 140 150 ]
[ 18 42 92 125 ]
[ 30 32 64 115 118 ]
[ 90 147 ]
[ 87 97 105 118 131 140 145 ]
[ 29 71 117 126 137 ]
[ 25 37 45 106 ]
[ 64 83 ]
[ 43 86 126 ]
[ 36 82 122 ]
[ 97 ]
[ 35 85 97 98 125 130 ]
[ 61 79 81 140 ]
[ 37 38 55 83 130 135 149 ]
[ 59 85 116 ]
[ 33 54 132 ]
[ 32 44 59 139 ]
[ 59 95 ]
[ 46 80 88 116 ]
[ 46 52 92 109 124 ]
[ ]
[ 49 72 91 ]
[ 46 81 87 129 132 ]
[ 78 109 117 142 147 ]
[ 67 83 110 126 144 ]
[ 59 61 98 109 121 125 141 ]
[ 72 ]
[ 70 87 100 103 ]
[ 110 120 131 133 135 ]
[ 58 113 142 ]
[ 79 142 ]
[ 70 83 124 126 135 138 ]
[ 89 123 ]
[ 60 113 147 ]
[ 71 74 116 ]
[ 86 104 ]
[ 53 66 94 96 ]
[ 59 73 80 82 ]
[ 74 118 120 ]
[ 58 63 79 104 128 137 ]
[ 110 142 ]
[ 102 120 131 ]
[ 114 130 138 147 ]
[ 72 123 ]
[ 105 132 ]
[ 72 94 114 141 150 ]
[ 62 93 120 125 136 ]
[ 132 136 ]
[ 91 104 114 122 ]
[ 113 138 ]
[ 85 110 127 140 ]
[ 146 150 ]
[ 74 111 ]
[ 147 ]
[ 75 125 131 ]
[ 106 107 120 136 ]
[ 89 148 ]
[ 92 99 140 149 ]
[ ]
[ 89 95 119 121 ]
[ 77 80 90 110 ]
[ 100 117 133 ]
[ 87 98 104 114 137 147 ]
[ 80 99 133 ]
[ ]
[ 121 ]
[ 95 101 115 137 144 ]
[ 104 110 148 ]
[ 94 98 124 148 ]
[ ]
[ 98 137 ]
[ 99 125 127 138 ]
[ 110 121 129 ]
[ 137 ]
[ 91 132 142 ]
[ ]
[ 102 112 118 ]
[ 131 142 144 ]
[ ]
[ 96 103 105 115 ]
[ 118 123 144 148 ]
[ 97 103 107 119 128 129 ]
[ 108 113 123 124 129 131 144 146 ]
[ 119 132 142 ]
[ 106 114 118 ]
[ 126 137 145 ]
[ 108 111 119 134 ]
[ 114 122 124 ]
[ 108 ]
[ 137 ]
[ 109 120 137 148 ]
[ 113 136 ]
[ 112 137 ]
[ 130 148 ]
[ 111 133 ]
[ 112 125 ]
[ 122 ]
[ 143 ]
[ 128 142 ]
[ ]
[ ]
[ 137 142 145 ]
[ 121 ]
[ 122 140 143 147 ]
[ 142 ]
[ 121 134 146 ]
[ 135 150 ]
[ 130 149 ]
[ 133 ]
[ 137 ]
[ 136 ]
[ 127 132 148 ]
[ 132 139 ]
[ ]
[ 136 ]
[ ]
[ 138 143 ]
[ ]
[ ]
[ 135 136 ]
[ 142 144 ]
[ ]
[ ]
[ 139 ]
[ 149 ]
[ 146 ]
[ ]
[ 150 ]
[ ]
[ ]
[ 148 ]
[ ]
[ ]
[ ]
[ ]
[ ]
]

ShouldNotWorkTogetherCost: [ (1 2) 198 (1 3) 198 (1 11) 198 (1 42) 198 (1 110) 297 (1 114) 396 (1 121) 396 (1 131) 99 (1 132) 198 (1 138) 396 (2 40) 99 (2 53) 99 (2 57) 396 (2 66) 396 (2 81) 297 (2 111) 396 (2 123) 99 (3 9) 99 (3 53) 396 (3 65) 198 (3 77) 297 (3 81) 396 (3 96) 297 (3 113) 396 (3 124) 198 (3 128) 198 (4 39) 198 (4 50) 396 (4 58) 99 (4 97) 99 (4 119) 99 (5 16) 99 (5 22) 396 (5 30) 297 (5 56) 297 (5 61) 198 (5 88) 297 (5 95) 99 (6 33) 396 (6 37) 297 (6 58) 198 (6 89) 297 (6 117) 396 (7 8) 198 (7 22) 198 (7 71) 99 (7 73) 396 (7 100) 99 (7 109) 198 (7 128) 198 (7 135) 198 (7 139) 396 (8 73) 198 (8 86) 99 (8 103) 297 (8 104) 396 (8 106) 198 (8 117) 396 (9 29) 297 (9 42) 297 (10 12) 297 (10 74) 297 (10 97) 396 (10 102) 396 (10 108) 99 (11 96) 198 (11 120) 99 (12 55) 396 (12 120) 198 (12 122) 198 (13 41) 198 (13 77) 198 (13 84) 396 (13 121) 396 (13 135) 396 (14 26) 99 (14 27) 396 (14 32) 99 (14 54) 396 (14 61) 396 (14 138) 396 (14 145) 297 (15 34) 297 (15 56) 198 (15 64) 99 (15 115) 297 (15 127) 198 (15 140) 297 (15 150) 396 (16 18) 297 (16 42) 198 (16 92) 198 (16 125) 198 (17 30) 198 (17 32) 297 (17 64) 198 (17 115) 198 (17 118) 396 (18 90) 99 (18 147) 99 (19 87) 198 (19 97) 198 (19 105) 396 (19 118) 396 (19 131) 297 (19 140) 99 (19 145) 297 (20 29) 297 (20 71) 99 (20 117) 198 (20 126) 396 (20 137) 297 (21 25) 99 (21 37) 297 (21 45) 198 (21 106) 99 (22 64) 198 (22 83) 396 (23 43) 99 (23 86) 297 (23 126) 99 (24 36) 297 (24 82) 99 (24 122) 396 (25 97) 99 (26 35) 99 (26 85) 198 (26 97) 198 (26 98) 99 (26 125) 99 (26 130) 396 (27 61) 198 (27 79) 396 (27 81) 99 (27 140) 297 (28 37) 198 (28 38) 396 (28 55) 396 (28 83) 99 (28 130) 297 (28 135) 198 (28 149) 198 (29 59) 99 (29 85) 198 (29 116) 198 (30 33) 99 (30 54) 198 (30 132) 198 (31 32) 99 (31 44) 99 (31 59) 198 (31 139) 198 (32 59) 396 (32 95) 297 (33 46) 99 (33 80) 99 (33 88) 297 (33 116) 198 (34 46) 396 (34 52) 396 (34 92) 99 (34 109) 198 (34 124) 297 (36 49) 198 (36 72) 198 (36 91) 99 (37 46) 99 (37 81) 396 (37 87) 297 (37 129) 396 (37 132) 99 (38 78) 198 (38 109) 396 (38 117) 297 (38 142) 99 (38 147) 297 (39 67) 297 (39 83) 396 (39 110) 396 (39 126) 99 (39 144) 198 (40 59) 198 (40 61) 297 (40 98) 99 (40 109) 396 (40 121) 396 (40 125) 297 (40 141) 99 (41 72) 198 (42 70) 99 (42 87) 99 (42 100) 99 (42 103) 297 (43 110) 396 (43 120) 297 (43 131) 198 (43 133) 99 (43 135) 297 (44 58) 396 (44 113) 396 (44 142) 198 (45 79) 297 (45 142) 198 (46 70) 198 (46 83) 99 (46 124) 198 (46 126) 99 (46 135) 396 (46 138) 99 (47 89) 198 (47 123) 396 (48 60) 99 (48 113) 297 (48 147) 396 (49 71) 297 (49 74) 297 (49 116) 396 (50 86) 198 (50 104) 198 (51 53) 297 (51 66) 396 (51 94) 99 (51 96) 297 (52 59) 396 (52 73) 198 (52 80) 297 (52 82) 297 (53 74) 396 (53 118) 297 (53 120) 99 (54 58) 297 (54 63) 297 (54 79) 297 (54 104) 198 (54 128) 198 (54 137) 99 (55 110) 396 (55 142) 396 (56 102) 396 (56 120) 198 (56 131) 396 (57 114) 297 (57 130) 396 (57 138) 99 (57 147) 297 (58 72) 297 (58 123) 198 (59 105) 297 (59 132) 297 (60 72) 99 (60 94) 99 (60 114) 396 (60 141) 198 (60 150) 297 (61 62) 297 (61 93) 198 (61 120) 198 (61 125) 297 (61 136) 198 (62 132) 198 (62 136) 99 (63 91) 198 (63 104) 396 (63 114) 297 (63 122) 297 (64 113) 297 (64 138) 198 (65 85) 198 (65 110) 198 (65 127) 297 (65 140) 99 (66 146) 396 (66 150) 396 (67 74) 198 (67 111) 99 (68 147) 99 (69 75) 396 (69 125) 297 (69 131) 297 (70 106) 198 (70 107) 99 (70 120) 198 (70 136) 99 (71 89) 396 (71 148) 396 (72 92) 198 (72 99) 396 (72 140) 198 (72 149) 396 (74 89) 297 (74 95) 396 (74 119) 396 (74 121) 396 (75 77) 198 (75 80) 396 (75 90) 99 (75 110) 198 (76 100) 297 (76 117) 99 (76 133) 198 (77 87) 297 (77 98) 396 (77 104) 99 (77 114) 198 (77 137) 198 (77 147) 297 (78 80) 396 (78 99) 396 (78 133) 396 (80 121) 198 (81 95) 297 (81 101) 396 (81 115) 99 (81 137) 396 (81 144) 198 (82 104) 198 (82 110) 297 (82 148) 297 (83 94) 99 (83 98) 396 (83 124) 297 (83 148) 99 (85 98) 396 (85 137) 198 (86 99) 396 (86 125) 396 (86 127) 99 (86 138) 198 (87 110) 198 (87 121) 396 (87 129) 396 (88 137) 198 (89 91) 297 (89 132) 297 (89 142) 297 (91 102) 396 (91 112) 198 (91 118) 198 (92 131) 297 (92 142) 99 (92 144) 396 (94 96) 198 (94 103) 396 (94 105) 396 (94 115) 99 (95 118) 396 (95 123) 297 (95 144) 396 (95 148) 396 (96 97) 198 (96 103) 99 (96 107) 297 (96 119) 297 (96 128) 396 (96 129) 396 (97 108) 198 (97 113) 396 (97 123) 297 (97 124) 297 (97 129) 396 (97 131) 198 (97 144) 297 (97 146) 396 (98 119) 198 (98 132) 198 (98 142) 396 (99 106) 297 (99 114) 99 (99 118) 396 (100 126) 396 (100 137) 198 (100 145) 99 (101 108) 396 (101 111) 297 (101 119) 99 (101 134) 99 (102 114) 297 (102 122) 198 (102 124) 297 (103 108) 99 (104 137) 99 (105 109) 198 (105 120) 198 (105 137) 297 (105 148) 396 (106 113) 297 (106 136) 396 (107 112) 99 (107 137) 198 (108 130) 297 (108 148) 99 (109 111) 99 (109 133) 396 (110 112) 396 (110 125) 99 (111 122) 297 (112 143) 99 (113 128) 99 (113 142) 297 (116 137) 99 (116 142) 99 (116 145) 99 (117 121) 297 (118 122) 396 (118 140) 396 (118 143) 297 (118 147) 99 (119 142) 99 (120 121) 396 (120 134) 198 (120 146) 99 (121 135) 297 (121 150) 198 (122 130) 297 (122 149) 198 (123 133) 396 (124 137) 99 (125 136) 396 (126 127) 198 (126 132) 297 (126 148) 297 (127 132) 396 (127 139) 396 (129 136) 198 (131 138) 198 (131 143) 198 (134 135) 99 (134 136) 99 (135 142) 396 (135 144) 396 (138 139) 297 (139 149) 396 (140 146) 396 (142 150) 99 (145 148) 198 ]

ImmediatePredecessorsToActivity: [
[ ]
[ 1 ]
[ 1 ]
[ 2 ]
[ 1 ]
[ 3 4 ]
[ 1 ]
[ 5 6 ]
[ 8 ]
]

ActivitiesInProject: [
[ 1 2 3 4 5 6 7 8 9 ]
]

nActivityModes: [ 3 3 3 3 3 3 3 3 3 ]

ActivityDurationWithMode: [
1	1	1	
3	2	4	
5	4	7	
3	2	4	
3	2	4	
3	2	4	
6	4	8	
6	4	8	
4	3	6	
]

StintsInProject: [
[ 1 2 3 4 5 6 7 ]
]

WorkingStintsOnDay: [
[ 1 ]
[ 1 ]
[ 1 ]
[ 1 ]
[ 1 ]
[ 1 ]
[ 1 ]
[ 1 ]
[ 1 ]
[ 1 ]
[ 1 ]
[ 1 ]
[ 1 ]
[ 1 ]
[ 2 ]
[ 2 ]
[ 2 ]
[ 2 ]
[ 2 ]
[ 2 ]
[ 2 ]
[ 2 ]
[ 2 ]
[ 2 ]
[ 2 ]
[ 2 ]
[ 2 ]
[ 2 ]
[ 3 ]
[ 3 ]
[ 3 ]
[ 3 ]
[ 3 ]
[ 3 ]
[ 3 ]
[ 3 ]
[ 3 ]
[ 3 ]
[ 3 ]
[ 3 ]
[ 3 ]
[ 3 ]
[ 4 ]
[ 4 ]
[ 4 ]
[ 4 ]
[ 4 ]
[ 4 ]
[ 4 ]
[ 4 ]
[ 4 ]
[ 4 ]
[ 4 ]
[ 4 ]
[ 4 ]
[ 4 ]
[ 5 ]
[ 5 ]
[ 5 ]
[ 5 ]
[ 5 ]
[ 5 ]
[ 5 ]
[ 5 ]
[ 5 ]
[ 5 ]
[ 5 ]
[ 5 ]
[ 5 ]
[ 5 ]
[ 6 ]
[ 6 ]
[ 6 ]
[ 6 ]
[ 6 ]
[ 6 ]
[ 6 ]
[ 6 ]
[ 6 ]
[ 6 ]
[ 6 ]
[ 6 ]
[ 6 ]
[ 6 ]
[ 7 ]
[ 7 ]
[ 7 ]
[ 7 ]
[ 7 ]
[ 7 ]
]

ProjectStart: [ 29 ]

ProjectEnd: [ 52 ]

EarliestStartDayForActivity: [ 1 29 29 32 29 35 29 38 44 ]

LatestStartDayForActivity: [ 1 52 52 52 52 52 52 52 52 ]

EquipmentTypeDemandInActivityWithMode: [
0	0	0	
1	3	1	
3	6	2	
1	3	1	
2	4	2	
3	6	2	
0	1	0	
1	3	1	
2	4	2	

0	0	0	
1	3	1	
0	1	0	
0	1	0	
1	3	1	
1	3	1	
4	7	3	
0	1	0	
0	1	0	

0	0	0	
1	3	1	
0	1	0	
0	1	0	
1	3	1	
1	3	1	
1	3	1	
0	1	0	
0	1	0	

]

ExternalEquipmentRentingCost: [
3917	2488	5716	4190	2749	2477	3139	1157	4131	
4744	2986	1018	4545	3609	3825	1936	5139	2150	
2183	2393	1350	5911	1011	2279	4487	4613	1286	
]

EquipmentTypeTransportationCost: [
1	

1	

1	

]

TransportationTimeForEquipmentTypeBetweenProjects: [
1	

1	

1	

]

TotalNumberOfInitialEquipmentTypeLocation: [
(1 1) 5 
(2 1) 2 
(3 1) 3 
]

DepotActivities: [ 1 ]

MaximalStintCliques: [
[ 2 1 ]
[ 2 3 ]
[ 4 3 ]
[ 4 5 ]
[ 5 6 ]
[ 6 7 ]
]
