nEmployees: 150
nSkills: 6
nProjects: 1
nDays: 90
nActivities: 16
nEquipmentTypes: 6
nStints: 7
nMaxModes: 1
nStintCliques: 6

EmployeeInStintCost: [
39100 39100 39100 39100 39100 38398 20428 
37076 37076 37076 37076 37076 36422 19124 
36564 36564 36564 36564 36564 35922 18792 
30852 30852 30852 30852 30852 30210 13080 
12480 12480 12480 12480 12480 11856 3120 
32300 32300 32300 32300 32300 31598 13628 
41060 41060 41060 41060 41060 40400 23018 
38388 38388 38388 38388 38388 37716 20166 
38140 38140 38140 38140 38140 37486 20188 
30620 30620 30620 30620 30620 30002 13208 
41860 41860 41860 41860 41860 41224 24178 
38084 38084 38084 38084 38084 37466 20672 
40724 40724 40724 40724 40724 39974 21332 
40220 40220 40220 40220 40220 39602 22808 
36444 36444 36444 36444 36444 35808 18762 
41260 41260 41260 41260 41260 40648 23938 
31788 31788 31788 31788 31788 31170 14376 
39548 39548 39548 39548 39548 38900 21686 
42852 42852 42852 42852 42852 42228 25350 
32388 32388 32388 32388 32388 31740 14526 
40340 40340 40340 40340 40340 39716 22838 
43308 43308 43308 43308 43308 42696 25986 
38084 38084 38084 38084 38084 37466 20672 
37940 37940 37940 37940 37940 37310 20348 
41540 41540 41540 41540 41540 40856 23138 
38388 38388 38388 38388 38388 37716 20166 
36468 36468 36468 36468 36468 35892 19686 
31092 31092 31092 31092 31092 30438 13140 
32748 32748 32748 32748 32748 32082 14616 
34468 34468 34468 34468 34468 33844 16966 
45468 45468 45468 45468 45468 44748 26526 
32900 32900 32900 32900 32900 32168 13778 
38708 38708 38708 38708 38708 38102 21476 
39860 39860 39860 39860 39860 39134 20828 
30140 30140 30140 30140 30140 29546 13088 
31932 31932 31932 31932 31932 31236 13350 
32748 32748 32748 32748 32748 32082 14616 
33588 33588 33588 33588 33588 32880 14826 
42580 42580 42580 42580 42580 41908 24358 
34228 34228 34228 34228 34228 33616 16906 
38860 38860 38860 38860 38860 38170 20368 
33228 33228 33228 33228 33228 32538 14736 
39500 39500 39500 39500 39500 38792 20738 
30492 30492 30492 30492 30492 29868 12990 
37644 37644 37644 37644 37644 36948 19062 
38444 38444 38444 38444 38444 37808 20762 
41020 41020 41020 41020 41020 40420 23878 
12240 12240 12240 12240 12240 11628 3060 
30132 30132 30132 30132 30132 29526 12900 
42820 42820 42820 42820 42820 42136 24418 
30492 30492 30492 30492 30492 29868 12990 
39404 39404 39404 39404 39404 38720 21002 
12360 12360 12360 12360 12360 11742 3090 
39884 39884 39884 39884 39884 39176 21122 
31580 31580 31580 31580 31580 30914 13448 
37044 37044 37044 37044 37044 36378 18912 
43420 43420 43420 43420 43420 42706 24568 
41860 41860 41860 41860 41860 41224 24178 
43308 43308 43308 43308 43308 42696 25986 
40748 40748 40748 40748 40748 40040 21986 
44388 44388 44388 44388 44388 43722 26256 
32780 32780 32780 32780 32780 32054 13748 
42220 42220 42220 42220 42220 41566 24268 
39380 39380 39380 39380 39380 38804 22598 
38508 38508 38508 38508 38508 37830 20196 
36948 36948 36948 36948 36948 36348 19806 
37604 37604 37604 37604 37604 37010 20552 
13320 13320 13320 13320 13320 12654 3330 
37436 37436 37436 37436 37436 36764 19214 
38276 38276 38276 38276 38276 37562 19424 
37300 37300 37300 37300 37300 36688 19978 
38660 38660 38660 38660 38660 37994 20528 
43180 43180 43180 43180 43180 42472 24418 
30980 30980 30980 30980 30980 30344 13298 
31828 31828 31828 31828 31828 31138 13336 
30380 30380 30380 30380 30380 29774 13148 
36716 36716 36716 36716 36716 36062 18764 
32300 32300 32300 32300 32300 31598 13628 
43068 43068 43068 43068 43068 42468 25926 
33868 33868 33868 33868 33868 33274 16816 
36828 36828 36828 36828 36828 36234 19776 
38244 38244 38244 38244 38244 37518 19212 
37196 37196 37196 37196 37196 36536 19154 
38660 38660 38660 38660 38660 37994 20528 
30980 30980 30980 30980 30980 30344 13298 
41452 41452 41452 41452 41452 40864 24490 
39044 39044 39044 39044 39044 38378 20912 
42412 42412 42412 42412 42412 41776 24730 
37724 37724 37724 37724 37724 37124 20582 
36356 36356 36356 36356 36356 35720 18674 
37764 37764 37764 37764 37764 37062 19092 
42220 42220 42220 42220 42220 41566 24268 
37916 37916 37916 37916 37916 37220 19334 
38444 38444 38444 38444 38444 37808 20762 
34228 34228 34228 34228 34228 33616 16906 
43908 43908 43908 43908 43908 43266 26136 
37044 37044 37044 37044 37044 36378 18912 
38276 38276 38276 38276 38276 37562 19424 
39500 39500 39500 39500 39500 38918 22628 
38324 38324 38324 38324 38324 37694 20732 
43180 43180 43180 43180 43180 42472 24418 
41380 41380 41380 41380 41380 40768 24058 
42588 42588 42588 42588 42588 42012 25806 
41260 41260 41260 41260 41260 40648 23938 
38444 38444 38444 38444 38444 37808 20762 
34948 34948 34948 34948 34948 34300 17086 
43132 43132 43132 43132 43132 42460 24910 
37580 37580 37580 37580 37580 36968 20258 
11640 11640 11640 11640 11640 11058 2910 
42948 42948 42948 42948 42948 42354 25896 
44628 44628 44628 44628 44628 43950 26316 
38444 38444 38444 38444 38444 37808 20762 
41420 41420 41420 41420 41420 40742 23108 
41932 41932 41932 41932 41932 41320 24610 
39788 39788 39788 39788 39788 39128 21746 
38060 38060 38060 38060 38060 37424 20378 
30380 30380 30380 30380 30380 29774 13148 
39980 39980 39980 39980 39980 39248 20858 
40852 40852 40852 40852 40852 40294 24340 
32748 32748 32748 32748 32748 32082 14616 
45348 45348 45348 45348 45348 44634 26496 
35876 35876 35876 35876 35876 35264 18554 
38924 38924 38924 38924 38924 38264 20882 
36476 36476 36476 36476 36476 35834 18704 
12120 12120 12120 12120 12120 11514 3030 
42940 42940 42940 42940 42940 42250 24448 
31308 31308 31308 31308 31308 30714 14256 
32628 32628 32628 32628 32628 31968 14586 
41900 41900 41900 41900 41900 41198 23228 
35724 35724 35724 35724 35724 35124 18582 
38500 38500 38500 38500 38500 37828 20278 
37644 37644 37644 37644 37644 36948 19062 
29788 29788 29788 29788 29788 29200 12826 
37060 37060 37060 37060 37060 36460 19918 
33468 33468 33468 33468 33468 32766 14796 
40028 40028 40028 40028 40028 39356 21806 
31700 31700 31700 31700 31700 31028 13478 
32868 32868 32868 32868 32868 32196 14646 
44148 44148 44148 44148 44148 43494 26196 
33348 33348 33348 33348 33348 32652 14766 
39380 39380 39380 39380 39380 38678 20708 
36804 36804 36804 36804 36804 36150 18852 
37076 37076 37076 37076 37076 36422 19124 
36716 36716 36716 36716 36716 36062 18764 
36684 36684 36684 36684 36684 36036 18822 
39340 39340 39340 39340 39340 38626 20488 
42140 42140 42140 42140 42140 41426 23288 
41660 41660 41660 41660 41660 40970 23168 
42892 42892 42892 42892 42892 42232 24850 
32308 32308 32308 32308 32308 31594 13456 
]

ExternalWorkerWithSkillOnStintCost: [
32472 42984 39672 35352 29088 35064 14796 
35856 30384 30528 31320 29664 37008 20628 
38592 29952 39960 40464 29952 32112 20808 
41832 37296 30888 38088 35640 39168 18072 
32976 40608 41760 35568 31248 33768 17676 
36288 42552 39096 33552 31104 32040 20232 
]

OverlappingStints: [
[ 2 ]
[ 3 ]
[ 4 ]
[ 5 ]
[ 6 ]
[ 7 ]
[ ]
]

EmployeesWithSkill: [
[ 1 2 3 4 5 6 7 8 9 10 11 12 13 14 15 16 17 18 19 20 21 22 23 24 25 26 27 28 29 30 31 32 33 34 35 36 37 38 39 40 41 42 43 44 45 46 47 48 49 50 51 52 53 54 55 56 57 58 59 60 61 62 63 64 65 66 67 68 69 70 71 72 73 74 75 76 77 78 79 80 81 82 83 84 85 86 87 88 89 90 91 92 93 94 95 96 97 98 99 100 101 102 103 104 105 106 107 108 109 110 111 112 113 114 115 116 117 118 119 120 121 122 123 124 125 126 127 128 129 130 131 132 133 134 135 136 137 138 139 140 141 142 143 144 145 146 147 148 149 150 ]
[ 3 4 5 9 13 16 18 22 28 30 34 38 40 44 45 46 54 56 57 60 62 70 75 83 88 90 99 105 116 122 123 125 129 131 142 148 ]
[ 7 12 13 15 16 17 18 19 20 21 24 28 31 32 33 35 36 37 39 42 43 44 46 47 49 50 51 52 54 55 57 60 61 62 67 69 73 74 77 78 79 82 83 85 86 87 88 91 92 94 96 97 100 101 102 105 106 111 112 118 120 121 124 126 128 130 135 137 139 142 144 145 149 ]
[ 1 2 3 4 6 7 11 12 13 14 19 21 22 23 24 25 26 29 30 31 32 33 34 36 37 38 41 42 43 45 48 50 51 52 53 54 55 56 57 58 59 61 62 63 65 66 67 68 69 72 73 75 76 77 78 79 80 81 82 84 85 88 89 93 97 98 100 102 103 104 105 106 109 110 112 114 115 116 117 118 121 122 123 124 127 129 131 132 134 137 138 139 140 141 142 143 144 146 147 150 ]
[ 6 51 59 60 105 117 ]
[ 1 2 3 4 6 7 9 10 12 13 14 16 19 24 25 26 27 28 30 31 32 34 35 39 42 43 46 47 48 49 50 53 54 57 59 61 62 63 64 65 70 73 74 75 77 80 81 82 83 84 89 91 92 93 95 96 97 98 100 101 102 104 106 112 113 114 115 116 118 120 122 123 125 126 128 129 131 134 135 138 141 142 144 145 146 147 149 150 ]
]

SkillDemandInActivityWithMode: [
0	
34	
12	
17	
41	
34	
29	
34	
34	
29	
41	
26	
12	
41	
14	
41	

0	
8	
2	
4	
9	
8	
6	
8	
8	
6	
9	
6	
2	
9	
3	
9	

0	
16	
5	
8	
19	
16	
13	
16	
16	
13	
19	
12	
5	
19	
6	
19	

0	
22	
7	
11	
26	
22	
19	
22	
22	
19	
26	
16	
7	
26	
8	
26	

0	
1	
0	
0	
1	
1	
1	
1	
1	
1	
1	
1	
0	
1	
0	
1	

0	
19	
6	
9	
23	
19	
16	
19	
19	
16	
23	
14	
6	
23	
7	
23	

]

EmployeeAvailability: [
1 1 0 1 0 1 1 
1 0 1 0 1 1 1 
1 1 1 1 1 1 1 
1 1 0 1 1 0 1 
0 1 1 1 0 1 1 
1 1 0 1 1 1 1 
1 1 1 1 0 1 0 
1 1 1 1 1 1 1 
1 0 1 1 0 1 1 
1 1 1 1 1 1 1 
1 1 1 1 1 1 1 
1 0 1 1 1 1 0 
1 1 1 1 1 1 1 
1 0 1 1 1 1 1 
1 1 1 1 1 1 1 
1 1 1 0 0 1 1 
1 1 1 1 1 1 1 
1 1 1 1 1 1 1 
0 1 1 1 1 0 1 
1 1 1 1 1 1 1 
1 1 1 1 1 1 1 
1 1 1 0 1 0 1 
1 1 1 1 1 1 1 
1 1 1 0 1 1 1 
1 1 1 0 1 1 1 
1 1 1 1 1 1 1 
0 1 1 1 1 0 1 
1 1 1 1 1 1 1 
0 1 1 0 1 1 1 
1 1 1 1 1 1 1 
1 1 1 1 1 1 1 
1 1 1 1 1 1 1 
1 0 1 1 1 1 1 
1 1 1 1 1 0 1 
0 1 1 0 1 1 1 
1 1 0 1 1 0 1 
0 0 1 1 1 0 1 
1 0 1 1 1 1 1 
0 1 1 1 1 1 1 
1 1 1 1 1 1 1 
0 1 0 1 1 1 1 
1 1 1 1 1 1 1 
0 1 1 1 1 1 1 
1 1 0 1 1 1 1 
1 1 1 1 1 1 1 
0 1 1 1 1 1 1 
0 0 1 1 1 1 1 
1 0 1 1 1 1 1 
1 1 1 1 1 1 1 
1 1 1 1 1 1 0 
1 1 1 0 1 1 1 
1 1 1 1 1 1 1 
1 1 0 0 1 1 1 
1 1 1 1 1 1 1 
1 1 1 0 0 1 1 
1 1 1 0 0 1 1 
1 1 1 1 1 1 1 
1 1 1 0 1 0 0 
1 1 0 1 1 1 1 
1 1 1 1 1 1 1 
0 0 1 1 1 1 0 
0 0 1 1 1 1 1 
1 1 1 1 1 1 1 
1 1 1 0 0 1 1 
0 1 0 0 1 1 1 
0 1 1 1 1 1 0 
1 0 1 1 1 1 0 
1 0 0 1 1 1 1 
1 1 0 1 1 1 1 
0 0 1 1 1 1 1 
1 1 1 1 0 1 1 
1 0 0 1 1 0 1 
1 1 1 1 1 0 1 
1 1 1 1 0 1 0 
1 1 1 1 1 1 0 
1 1 1 1 1 1 0 
1 1 1 1 1 1 1 
1 1 1 0 1 1 1 
1 1 1 1 1 1 1 
1 1 1 1 0 1 1 
1 1 1 0 1 0 1 
1 1 1 1 1 1 1 
1 1 1 1 1 1 1 
1 1 1 0 1 1 1 
1 1 1 0 1 1 1 
1 1 1 1 1 1 1 
1 1 1 1 0 0 1 
1 1 1 1 1 0 1 
1 1 1 1 1 1 1 
1 1 1 1 1 1 1 
1 1 0 0 1 1 1 
1 0 1 1 1 1 0 
1 0 1 1 1 1 1 
1 1 1 1 1 1 1 
1 1 1 1 1 0 1 
1 0 1 1 1 0 0 
0 1 1 1 1 1 1 
1 1 0 0 1 1 1 
1 1 1 1 1 1 1 
1 0 1 0 1 1 0 
1 1 1 0 0 1 1 
0 1 1 1 1 0 1 
1 1 0 1 1 0 1 
1 0 1 1 1 1 1 
1 1 1 1 1 1 1 
1 0 1 1 1 1 1 
1 1 1 1 0 1 1 
0 1 0 1 1 1 0 
1 1 0 1 0 1 1 
1 1 1 1 1 1 1 
1 1 1 0 1 1 1 
1 1 1 1 1 1 1 
1 1 1 1 0 0 1 
0 1 0 1 1 1 1 
0 1 0 1 0 1 1 
0 0 1 1 1 1 1 
1 1 1 1 0 1 1 
0 1 1 0 0 1 1 
1 1 1 0 0 1 0 
1 1 0 1 1 1 1 
0 1 1 1 0 1 0 
1 1 1 1 1 1 1 
1 1 1 1 1 1 1 
1 1 1 0 1 1 1 
0 0 0 1 1 1 1 
0 1 1 1 0 1 1 
1 1 1 1 1 1 1 
1 1 1 1 1 1 1 
1 1 1 1 1 0 1 
1 1 1 1 1 1 1 
1 0 1 1 1 1 1 
1 1 1 0 0 1 1 
1 1 1 0 0 1 1 
0 1 1 1 0 1 1 
1 1 1 1 1 1 1 
1 1 1 1 0 1 1 
1 1 1 1 1 1 1 
0 1 0 1 1 1 1 
1 1 1 1 1 1 0 
1 1 0 0 1 1 1 
1 1 0 1 1 1 1 
1 0 1 0 1 0 1 
1 1 1 1 1 1 1 
1 1 1 1 1 1 1 
1 1 1 1 1 1 1 
1 1 1 1 1 1 1 
0 1 1 1 1 0 0 
0 1 1 1 1 1 1 
1 1 0 1 0 1 1 
0 1 1 1 1 0 1 
]

EmployeeWantedInStint: [ (3 7) 1 (7 6) 1 (11 2) 1 (12 7) 1 (20 4) 1 (28 5) 1 (31 1) 1 (36 2) 1 (46 5) 1 (48 1) 1 (52 7) 1 (54 6) 1 (55 4) 1 (56 7) 1 (60 6) 1 (63 7) 1 (65 6) 1 (78 2) 1 (81 1) 1 (82 6) 1 (93 6) 1 (104 1) 1 (108 1) 1 (109 1) 1 (110 2) 1 (112 2) 1 (114 5) 1 (114 6) 1 (133 7) 1 (137 2) 1 (140 6) 1 (148 1) 1 ]

EmployeeWantedViolationCost: [ (3 7) 7000 (7 6) 10000 (11 2) 10000 (12 7) 12000 (20 4) 12000 (28 5) 7000 (31 1) 12000 (36 2) 6000 (46 5) 6000 (48 1) 10000 (52 7) 9000 (54 6) 6000 (55 4) 13000 (56 7) 11000 (60 6) 11000 (63 7) 6000 (65 6) 11000 (78 2) 7000 (81 1) 13000 (82 6) 10000 (93 6) 12000 (104 1) 12000 (108 1) 12000 (109 1) 6000 (110 2) 12000 (112 2) 5000 (114 5) 9000 (114 6) 14000 (133 7) 12000 (137 2) 10000 (140 6) 8000 (148 1) 9000 ]

EmployeesThatShouldNotWorkTogetherWithEmployee: [
[ 25 26 94 115 116 126 131 136 ]
[ 13 19 32 59 73 90 105 125 132 ]
[ 9 16 56 62 126 134 135 138 ]
[ 44 82 94 104 135 ]
[ 9 66 70 89 93 105 135 ]
[ 74 116 118 140 ]
[ 74 104 115 128 144 ]
[ 19 51 56 84 94 ]
[ 133 ]
[ 14 27 61 78 84 98 108 130 134 146 ]
[ 17 25 55 95 ]
[ 17 51 60 89 91 106 ]
[ 18 36 37 46 106 136 ]
[ 49 95 98 124 ]
[ 27 32 64 ]
[ 23 63 122 ]
[ 51 66 107 ]
[ 35 37 39 49 103 119 124 ]
[ 39 74 77 96 105 107 118 134 ]
[ 31 73 81 84 111 121 125 ]
[ 30 64 90 134 ]
[ 64 117 127 ]
[ 67 74 78 133 ]
[ 50 75 117 ]
[ 97 113 129 140 141 ]
[ 114 124 125 ]
[ 39 65 134 135 ]
[ 89 119 120 134 ]
[ 44 48 50 72 112 ]
[ 65 69 121 140 ]
[ 37 42 50 76 88 136 139 148 ]
[ 70 122 128 136 ]
[ 48 49 60 83 109 123 125 ]
[ 45 48 67 70 79 ]
[ 60 85 ]
[ 39 68 98 129 141 142 ]
[ 59 68 98 145 ]
[ 43 88 130 ]
[ 69 88 117 122 ]
[ 58 147 ]
[ 43 47 92 134 136 144 ]
[ 50 79 110 114 116 ]
[ 67 95 ]
[ 62 82 92 ]
[ 97 101 ]
[ 56 70 78 114 130 134 ]
[ 53 95 107 115 129 130 ]
[ 73 94 104 ]
[ 56 105 114 120 125 130 140 148 ]
[ 90 105 146 ]
[ 73 75 85 88 97 100 112 128 130 ]
[ 75 92 97 105 113 123 133 140 ]
[ 76 130 142 ]
[ 68 74 80 81 130 133 134 137 ]
[ 72 89 100 118 121 ]
[ 74 75 118 ]
[ 70 85 91 111 ]
[ 90 122 ]
[ 79 125 127 145 ]
[ 117 139 ]
[ 94 131 ]
[ 85 87 92 98 126 ]
[ 101 139 ]
[ 75 87 104 115 130 133 137 144 150 ]
[ ]
[ 68 ]
[ 70 76 80 110 118 124 133 ]
[ 73 117 ]
[ 72 122 150 ]
[ 76 99 114 121 140 ]
[ 74 77 89 106 ]
[ 97 143 ]
[ 92 97 104 116 146 ]
[ 83 125 141 144 ]
[ 83 127 ]
[ 77 88 148 ]
[ 95 101 ]
[ 82 95 111 134 135 138 ]
[ 89 119 ]
[ 115 120 136 137 ]
[ 85 88 89 90 ]
[ 88 94 ]
[ ]
[ 101 ]
[ 91 150 ]
[ ]
[ 89 113 122 129 ]
[ 95 117 ]
[ 115 136 ]
[ ]
[ 93 111 150 ]
[ 102 104 108 135 ]
[ 105 ]
[ 132 ]
[ 122 124 136 ]
[ ]
[ 114 ]
[ 122 ]
[ 140 ]
[ ]
[ 108 117 125 ]
[ 138 149 ]
[ 120 ]
[ ]
[ ]
[ 112 140 143 ]
[ 121 141 149 ]
[ 143 ]
[ 136 ]
[ 132 ]
[ 123 127 147 ]
[ 113 ]
[ 117 ]
[ 127 ]
[ ]
[ 142 ]
[ ]
[ ]
[ ]
[ ]
[ 122 ]
[ ]
[ ]
[ ]
[ ]
[ 130 137 ]
[ ]
[ ]
[ ]
[ ]
[ ]
[ 145 ]
[ 137 ]
[ ]
[ ]
[ ]
[ ]
[ ]
[ ]
[ ]
[ 146 ]
[ ]
[ ]
[ 146 ]
[ ]
[ ]
[ ]
[ ]
[ ]
[ ]
]

ShouldNotWorkTogetherCost: [ (1 25) 297 (1 26) 99 (1 94) 297 (1 115) 99 (1 116) 198 (1 126) 99 (1 131) 198 (1 136) 198 (2 13) 99 (2 19) 198 (2 32) 396 (2 59) 99 (2 73) 99 (2 90) 297 (2 105) 297 (2 125) 297 (2 132) 297 (3 9) 297 (3 16) 297 (3 56) 297 (3 62) 198 (3 126) 99 (3 134) 297 (3 135) 396 (3 138) 198 (4 44) 198 (4 82) 99 (4 94) 99 (4 104) 396 (4 135) 297 (5 9) 297 (5 66) 99 (5 70) 297 (5 89) 99 (5 93) 297 (5 105) 198 (5 135) 297 (6 74) 99 (6 116) 396 (6 118) 198 (6 140) 396 (7 74) 396 (7 104) 198 (7 115) 99 (7 128) 99 (7 144) 198 (8 19) 297 (8 51) 297 (8 56) 99 (8 84) 198 (8 94) 99 (9 133) 99 (10 14) 99 (10 27) 297 (10 61) 99 (10 78) 99 (10 84) 99 (10 98) 396 (10 108) 99 (10 130) 396 (10 134) 297 (10 146) 198 (11 17) 99 (11 25) 297 (11 55) 99 (11 95) 297 (12 17) 396 (12 51) 198 (12 60) 198 (12 89) 396 (12 91) 297 (12 106) 396 (13 18) 99 (13 36) 198 (13 37) 99 (13 46) 396 (13 106) 396 (13 136) 297 (14 49) 297 (14 95) 297 (14 98) 297 (14 124) 99 (15 27) 198 (15 32) 396 (15 64) 198 (16 23) 198 (16 63) 99 (16 122) 396 (17 51) 396 (17 66) 396 (17 107) 396 (18 35) 99 (18 37) 297 (18 39) 198 (18 49) 198 (18 103) 297 (18 119) 396 (18 124) 396 (19 39) 396 (19 74) 396 (19 77) 396 (19 96) 198 (19 105) 297 (19 107) 198 (19 118) 198 (19 134) 297 (20 31) 396 (20 73) 198 (20 81) 99 (20 84) 99 (20 111) 99 (20 121) 396 (20 125) 198 (21 30) 297 (21 64) 99 (21 90) 396 (21 134) 198 (22 64) 198 (22 117) 396 (22 127) 99 (23 67) 198 (23 74) 198 (23 78) 297 (23 133) 396 (24 50) 396 (24 75) 99 (24 117) 99 (25 97) 99 (25 113) 297 (25 129) 99 (25 140) 198 (25 141) 396 (26 114) 396 (26 124) 396 (26 125) 396 (27 39) 198 (27 65) 99 (27 134) 99 (27 135) 396 (28 89) 396 (28 119) 396 (28 120) 396 (28 134) 99 (29 44) 99 (29 48) 198 (29 50) 297 (29 72) 99 (29 112) 99 (30 65) 297 (30 69) 396 (30 121) 198 (30 140) 99 (31 37) 396 (31 42) 396 (31 50) 198 (31 76) 198 (31 88) 297 (31 136) 99 (31 139) 99 (31 148) 396 (32 70) 396 (32 122) 198 (32 128) 396 (32 136) 99 (33 48) 396 (33 49) 99 (33 60) 99 (33 83) 396 (33 109) 396 (33 123) 198 (33 125) 297 (34 45) 396 (34 48) 297 (34 67) 198 (34 70) 198 (34 79) 396 (35 60) 99 (35 85) 198 (36 39) 396 (36 68) 99 (36 98) 396 (36 129) 297 (36 141) 396 (36 142) 99 (37 59) 198 (37 68) 396 (37 98) 297 (37 145) 297 (38 43) 99 (38 88) 396 (38 130) 198 (39 69) 99 (39 88) 198 (39 117) 297 (39 122) 198 (40 58) 396 (40 147) 99 (41 43) 99 (41 47) 198 (41 92) 99 (41 134) 396 (41 136) 396 (41 144) 99 (42 50) 99 (42 79) 99 (42 110) 297 (42 114) 297 (42 116) 396 (43 67) 396 (43 95) 198 (44 62) 198 (44 82) 297 (44 92) 198 (45 97) 297 (45 101) 99 (46 56) 396 (46 70) 99 (46 78) 396 (46 114) 198 (46 130) 396 (46 134) 396 (47 53) 396 (47 95) 297 (47 107) 297 (47 115) 99 (47 129) 396 (47 130) 297 (48 73) 99 (48 94) 396 (48 104) 99 (49 56) 396 (49 105) 198 (49 114) 198 (49 120) 99 (49 125) 297 (49 130) 99 (49 140) 396 (49 148) 297 (50 90) 198 (50 105) 297 (50 146) 99 (51 73) 297 (51 75) 198 (51 85) 396 (51 88) 396 (51 97) 297 (51 100) 99 (51 112) 396 (51 128) 99 (51 130) 198 (52 75) 297 (52 92) 198 (52 97) 396 (52 105) 198 (52 113) 297 (52 123) 198 (52 133) 99 (52 140) 198 (53 76) 396 (53 130) 396 (53 142) 99 (54 68) 99 (54 74) 297 (54 80) 396 (54 81) 396 (54 130) 396 (54 133) 396 (54 134) 99 (54 137) 396 (55 72) 297 (55 89) 297 (55 100) 198 (55 118) 396 (55 121) 198 (56 74) 297 (56 75) 396 (56 118) 297 (57 70) 99 (57 85) 297 (57 91) 396 (57 111) 198 (58 90) 396 (58 122) 396 (59 79) 99 (59 125) 396 (59 127) 99 (59 145) 99 (60 117) 297 (60 139) 198 (61 94) 99 (61 131) 99 (62 85) 396 (62 87) 99 (62 92) 99 (62 98) 396 (62 126) 198 (63 101) 396 (63 139) 99 (64 75) 198 (64 87) 396 (64 104) 297 (64 115) 297 (64 130) 99 (64 133) 99 (64 137) 396 (64 144) 198 (64 150) 297 (66 68) 297 (67 70) 198 (67 76) 198 (67 80) 297 (67 110) 297 (67 118) 396 (67 124) 297 (67 133) 198 (68 73) 99 (68 117) 198 (69 72) 396 (69 122) 198 (69 150) 99 (70 76) 297 (70 99) 297 (70 114) 198 (70 121) 99 (70 140) 297 (71 74) 396 (71 77) 297 (71 89) 297 (71 106) 99 (72 97) 396 (72 143) 99 (73 92) 396 (73 97) 396 (73 104) 198 (73 116) 396 (73 146) 198 (74 83) 198 (74 125) 99 (74 141) 198 (74 144) 396 (75 83) 99 (75 127) 396 (76 77) 198 (76 88) 99 (76 148) 396 (77 95) 198 (77 101) 198 (78 82) 297 (78 95) 99 (78 111) 198 (78 134) 396 (78 135) 198 (78 138) 198 (79 89) 99 (79 119) 396 (80 115) 297 (80 120) 99 (80 136) 396 (80 137) 99 (81 85) 198 (81 88) 396 (81 89) 396 (81 90) 99 (82 88) 198 (82 94) 198 (84 101) 99 (85 91) 297 (85 150) 297 (87 89) 297 (87 113) 198 (87 122) 99 (87 129) 297 (88 95) 396 (88 117) 99 (89 115) 297 (89 136) 396 (91 93) 198 (91 111) 297 (91 150) 99 (92 102) 99 (92 104) 198 (92 108) 198 (92 135) 396 (93 105) 297 (94 132) 99 (95 122) 396 (95 124) 297 (95 136) 99 (97 114) 396 (98 122) 396 (99 140) 198 (101 108) 396 (101 117) 99 (101 125) 198 (102 138) 297 (102 149) 99 (103 120) 297 (106 112) 297 (106 140) 198 (106 143) 297 (107 121) 396 (107 141) 99 (107 149) 99 (108 143) 198 (109 136) 297 (110 132) 297 (111 123) 297 (111 127) 396 (111 147) 99 (112 113) 396 (113 117) 198 (114 127) 198 (116 142) 99 (121 122) 297 (126 130) 297 (126 137) 396 (132 145) 198 (133 137) 396 (141 146) 396 (144 146) 297 ]

ImmediatePredecessorsToActivity: [
[ ]
[ 1 ]
[ 1 ]
[ 3 ]
[ 4 ]
[ 3 ]
[ 6 ]
[ 1 ]
[ 8 ]
[ 4 7 9 ]
[ 3 7 9 ]
[ 7 ]
[ 3 ]
[ 2 6 ]
[ 8 ]
[ 4 7 ]
]

ActivitiesInProject: [
[ 1 2 3 4 5 6 7 8 9 10 11 12 13 14 15 16 ]
]

nActivityModes: [ 1 1 1 1 1 1 1 1 1 1 1 1 1 1 1 1 ]

ActivityDurationWithMode: [
1	
6	
17	
12	
5	
6	
7	
6	
6	
7	
5	
8	
18	
5	
15	
5	
]

StintsInProject: [
[ 1 2 3 4 5 6 7 ]
]

WorkingStintsOnDay: [
[ 1 ]
[ 1 ]
[ 1 ]
[ 1 ]
[ 1 ]
[ 1 ]
[ 1 ]
[ 1 ]
[ 1 ]
[ 1 ]
[ 1 ]
[ 1 ]
[ ]
[ ]
[ 2 ]
[ 2 ]
[ 2 ]
[ 2 ]
[ 2 ]
[ 2 ]
[ 2 ]
[ 2 ]
[ 2 ]
[ 2 ]
[ 2 ]
[ 2 ]
[ ]
[ ]
[ 3 ]
[ 3 ]
[ 3 ]
[ 3 ]
[ 3 ]
[ 3 ]
[ 3 ]
[ 3 ]
[ 3 ]
[ 3 ]
[ 3 ]
[ 3 ]
[ ]
[ ]
[ 4 ]
[ 4 ]
[ 4 ]
[ 4 ]
[ 4 ]
[ 4 ]
[ 4 ]
[ 4 ]
[ 4 ]
[ 4 ]
[ 4 ]
[ 4 ]
[ ]
[ ]
[ 5 ]
[ 5 ]
[ 5 ]
[ 5 ]
[ 5 ]
[ 5 ]
[ 5 ]
[ 5 ]
[ 5 ]
[ 5 ]
[ 5 ]
[ 5 ]
[ ]
[ ]
[ 6 ]
[ 6 ]
[ 6 ]
[ 6 ]
[ 6 ]
[ 6 ]
[ 6 ]
[ 6 ]
[ 6 ]
[ 6 ]
[ 6 ]
[ 6 ]
[ ]
[ ]
[ 7 ]
[ 7 ]
[ 7 ]
[ 7 ]
[ 7 ]
[ 7 ]
]

ProjectStart: [ 30 ]

ProjectEnd: [ 74 ]

EarliestStartDayForActivity: [ 1 30 30 49 63 49 55 30 36 64 64 64 49 55 36 64 ]

LatestStartDayForActivity: [ 1 74 74 74 74 74 74 74 74 74 74 74 74 74 74 74 ]

EquipmentTypeDemandInActivityWithMode: [
0	
0	
2	
1	
0	
1	
1	
1	
2	
0	
5	
2	
1	
1	
0	
0	

0	
1	
2	
3	
2	
1	
2	
0	
2	
0	
2	
4	
0	
2	
0	
4	

0	
3	
1	
1	
2	
2	
3	
0	
1	
4	
4	
0	
0	
0	
1	
1	

0	
0	
2	
3	
2	
2	
1	
0	
2	
2	
2	
0	
1	
0	
1	
0	

0	
0	
0	
4	
2	
1	
0	
0	
1	
0	
2	
0	
1	
1	
0	
0	

0	
3	
3	
2	
2	
2	
2	
2	
1	
2	
0	
2	
2	
1	
0	
1	

]

ExternalEquipmentRentingCost: [
3481	5111	4378	3853	1883	4589	4864	5473	5294	3111	2730	3685	4796	5790	5804	2131	
3705	4300	5422	3427	5810	5075	1060	2549	1002	1857	3424	2769	2145	5075	2657	2619	
2810	2433	3309	2812	1766	5625	1716	4434	4419	4586	3479	1064	1177	5111	3262	1555	
4316	2954	1808	3383	5130	4423	1989	3697	1752	2568	4529	4843	5304	5893	1245	1267	
5024	5780	1141	4886	4296	4966	2087	3763	1659	2960	3495	3006	1975	1780	3122	3904	
3828	4745	2153	5897	1694	4069	4504	4832	2571	2019	3166	4450	2005	1231	4477	1219	
]

EquipmentTypeTransportationCost: [
1	

1	

1	

1	

1	

1	

]

TransportationTimeForEquipmentTypeBetweenProjects: [
1	

1	

1	

1	

1	

1	

]

TotalNumberOfInitialEquipmentTypeLocation: [
(1 1) 4 
(2 1) 7 
(3 1) 6 
(4 1) 5 
(5 1) 10 
(6 1) 8 
]

DepotActivities: [ 1 ]

MaximalStintCliques: [
[ 2 1 ]
[ 2 3 ]
[ 4 3 ]
[ 4 5 ]
[ 5 6 ]
[ 6 7 ]
]
