nEmployees: 150
nSkills: 6
nProjects: 1
nDays: 90
nActivities: 11
nEquipmentTypes: 3
nStints: 7
nMaxModes: 1
nStintCliques: 6

EmployeeInStintCost: [
28364 28364 28364 28364 28364 27722 11600 
42548 42548 42548 42548 42548 41852 24974 
42380 42380 42380 42380 42380 41696 24986 
37700 37700 37700 37700 37700 37058 20936 
40284 40284 40284 40284 40284 39582 22620 
13080 13080 13080 13080 13080 12426 3270 
28972 28972 28972 28972 28972 28330 12208 
39388 39388 39388 39388 39388 38752 22714 
34356 34356 34356 34356 34356 33738 17952 
39284 39284 39284 39284 39284 38672 22970 
41276 41276 41276 41276 41276 40634 24512 
34028 34028 34028 34028 34028 33386 17264 
13200 13200 13200 13200 13200 12540 3300 
32884 32884 32884 32884 32884 32302 17020 
39684 39684 39684 39684 39684 39012 22470 
29332 29332 29332 29332 29332 28690 12568 
34684 34684 34684 34684 34684 34012 17470 
29572 29572 29572 29572 29572 28900 12358 
33308 33308 33308 33308 33308 32702 17084 
41828 41828 41828 41828 41828 41168 24794 
16600 16600 16600 16600 16600 15976 7240 
11760 11760 11760 11760 11760 11172 2940 
30772 30772 30772 30772 30772 30058 12928 
36868 36868 36868 36868 36868 36274 20824 
33156 33156 33156 33156 33156 32598 17652 
37340 37340 37340 37340 37340 36740 21206 
41276 41276 41276 41276 41276 40634 24512 
33604 33604 33604 33604 33604 32986 17200 
38428 38428 38428 38428 38428 37840 22474 
32628 32628 32628 32628 32628 32046 16764 
41396 41396 41396 41396 41396 40748 24542 
30412 30412 30412 30412 30412 29698 12568 
36740 36740 36740 36740 36740 36170 21056 
13560 13560 13560 13560 13560 12882 3390 
36748 36748 36748 36748 36748 36160 20794 
28612 28612 28612 28612 28612 27988 12118 
34868 34868 34868 34868 34868 34184 17474 
34836 34836 34836 34836 34836 34194 18072 
37020 37020 37020 37020 37020 36402 20616 
34428 34428 34428 34428 34428 33756 17214 
32524 32524 32524 32524 32524 31960 16930 
32828 32828 32828 32828 32828 32246 16964 
29812 29812 29812 29812 29812 29128 12418 
28252 28252 28252 28252 28252 27646 12028 
29212 29212 29212 29212 29212 28558 12268 
30172 30172 30172 30172 30172 29488 12778 
41180 41180 41180 41180 41180 40556 24686 
40964 40964 40964 40964 40964 40268 23390 
28972 28972 28972 28972 28972 28330 12208 
17320 17320 17320 17320 17320 16660 7420 
38700 38700 38700 38700 38700 37998 21036 
38548 38548 38548 38548 38548 37870 21244 
37708 37708 37708 37708 37708 37072 21034 
40164 40164 40164 40164 40164 39468 22590 
39508 39508 39508 39508 39508 38866 22744 
28364 28364 28364 28364 28364 27722 11600 
38460 38460 38460 38460 38460 37770 20976 
40028 40028 40028 40028 40028 39458 24344 
38060 38060 38060 38060 38060 37424 21386 
42620 42620 42620 42620 42620 41924 25046 
39988 39988 39988 39988 39988 39322 22864 
28612 28612 28612 28612 28612 27988 12118 
27404 27404 27404 27404 27404 26810 11360 
28492 28492 28492 28492 28492 27874 12088 
38340 38340 38340 38340 38340 37656 20946 
33604 33604 33604 33604 33604 32986 17200 
37940 37940 37940 37940 37940 37310 21356 
15640 15640 15640 15640 15640 15064 7000 
34804 34804 34804 34804 34804 34126 17500 
36900 36900 36900 36900 36900 36288 20586 
13320 13320 13320 13320 13320 12654 3330 
39628 39628 39628 39628 39628 38980 22774 
33308 33308 33308 33308 33308 32702 17084 
28972 28972 28972 28972 28972 28330 12208 
29692 29692 29692 29692 29692 29032 12658 
29692 29692 29692 29692 29692 29014 12388 
16480 16480 16480 16480 16480 15862 7210 
36380 36380 36380 36380 36380 35804 20606 
39164 39164 39164 39164 39164 38558 22940 
39020 39020 39020 39020 39020 38312 21266 
41996 41996 41996 41996 41996 41318 24692 
40988 40988 40988 40988 40988 40370 24584 
28012 28012 28012 28012 28012 27418 11968 
40868 40868 40868 40868 40868 40256 24554 
35524 35524 35524 35524 35524 34810 17680 
36156 36156 36156 36156 36156 35448 18402 
28004 28004 28004 28004 28004 27380 11510 
34628 34628 34628 34628 34628 33956 17414 
42548 42548 42548 42548 42548 41852 24974 
39884 39884 39884 39884 39884 39242 23120 
32068 32068 32068 32068 32068 31450 15664 
39884 39884 39884 39884 39884 39242 23120 
27404 27404 27404 27404 27404 26810 11360 
36980 36980 36980 36980 36980 36374 20756 
40004 40004 40004 40004 40004 39356 23150 
32868 32868 32868 32868 32868 32274 16824 
40940 40940 40940 40940 40940 40328 24626 
28964 28964 28964 28964 28964 28292 11750 
37980 37980 37980 37980 37980 37314 20856 
39924 39924 39924 39924 39924 39240 22530 
40196 40196 40196 40196 40196 39608 24242 
29332 29332 29332 29332 29332 28690 12568 
40460 40460 40460 40460 40460 39872 24506 
39748 39748 39748 39748 39748 39094 22804 
16960 16960 16960 16960 16960 16318 7330 
33268 33268 33268 33268 33268 32590 15964 
35108 35108 35108 35108 35108 34412 17534 
38124 38124 38124 38124 38124 37530 22080 
34116 34116 34116 34116 34116 33510 17892 
38660 38660 38660 38660 38660 37970 21176 
42788 42788 42788 42788 42788 42080 25034 
28012 28012 28012 28012 28012 27418 11968 
37100 37100 37100 37100 37100 36488 20786 
36508 36508 36508 36508 36508 35932 20734 
39884 39884 39884 39884 39884 39242 23120 
29092 29092 29092 29092 29092 28444 12238 
28612 28612 28612 28612 28612 27988 12118 
33348 33348 33348 33348 33348 32730 16944 
36900 36900 36900 36900 36900 36288 20586 
39644 39644 39644 39644 39644 39014 23060 
40868 40868 40868 40868 40868 40256 24554 
40604 40604 40604 40604 40604 39926 23300 
36500 36500 36500 36500 36500 35918 20636 
33908 33908 33908 33908 33908 33272 17234 
16720 16720 16720 16720 16720 16090 7270 
41180 41180 41180 41180 41180 40556 24686 
39684 39684 39684 39684 39684 39012 22470 
39716 39716 39716 39716 39716 39152 24122 
30652 30652 30652 30652 30652 29944 12898 
39628 39628 39628 39628 39628 38980 22774 
41036 41036 41036 41036 41036 40406 24452 
30044 30044 30044 30044 30044 29318 12020 
42188 42188 42188 42188 42188 41510 24884 
12600 12600 12600 12600 12600 11970 3150 
33868 33868 33868 33868 33868 33160 16114 
39628 39628 39628 39628 39628 38980 22774 
39268 39268 39268 39268 39268 38554 21424 
29332 29332 29332 29332 29332 28672 12298 
40044 40044 40044 40044 40044 39354 22560 
33588 33588 33588 33588 33588 32958 17004 
28612 28612 28612 28612 28612 28006 12388 
39404 39404 39404 39404 39404 38786 23000 
35916 35916 35916 35916 35916 35220 18342 
33268 33268 33268 33268 33268 32590 15964 
38788 38788 38788 38788 38788 38098 21304 
38660 38660 38660 38660 38660 37970 21176 
35028 35028 35028 35028 35028 34326 17364 
31828 31828 31828 31828 31828 31222 15604 
37700 37700 37700 37700 37700 37058 20936 
12960 12960 12960 12960 12960 12312 3240 
]

ExternalWorkerWithSkillOnStintCost: [
28872 41184 37584 31104 32400 29664 21060 
41616 42984 36072 38376 31968 36216 15228 
40824 36144 29952 29952 39528 32256 18936 
30096 41472 41472 40032 35640 28944 16164 
32472 42768 38160 34848 33840 30960 17964 
30312 41904 29880 34848 32184 30456 16740 
]

OverlappingStints: [
[ 2 ]
[ 3 ]
[ 4 ]
[ 5 ]
[ 6 ]
[ 7 ]
[ ]
]

EmployeesWithSkill: [
[ 1 2 3 4 5 6 7 8 9 10 11 12 13 14 15 16 17 18 19 20 21 22 23 24 25 26 27 28 29 30 31 32 33 34 35 36 37 38 39 40 41 42 43 44 45 46 47 48 49 50 51 52 53 54 55 56 57 58 59 60 61 62 63 64 65 66 67 68 69 70 71 72 73 74 75 76 77 78 79 80 81 82 83 84 85 86 87 88 89 90 91 92 93 94 95 96 97 98 99 100 101 102 103 104 105 106 107 108 109 110 111 112 113 114 115 116 117 118 119 120 121 122 123 124 125 126 127 128 129 130 131 132 133 134 135 136 137 138 139 140 141 142 143 144 145 146 147 148 149 150 ]
[ 1 9 11 16 27 44 56 66 75 76 82 90 94 95 106 107 114 116 117 122 132 140 141 145 ]
[ 2 88 ]
[ 2 3 5 8 10 12 13 16 19 21 23 27 29 32 34 36 37 38 39 40 43 45 51 52 53 55 64 65 69 70 71 72 73 79 80 82 85 86 88 89 90 92 93 98 100 101 102 103 106 107 108 109 110 111 117 118 121 122 126 129 134 135 136 137 138 139 142 143 144 146 147 150 ]
[ 1 2 3 7 8 10 16 17 26 28 34 40 42 59 70 75 80 84 87 91 113 115 121 129 132 139 ]
[ 1 2 4 5 6 7 8 10 11 16 18 19 21 22 23 24 26 27 31 32 35 36 38 40 44 46 47 48 51 52 53 54 55 57 59 60 61 65 68 69 71 73 75 76 77 78 80 81 82 84 85 86 87 88 89 91 94 97 98 99 102 106 107 111 113 115 120 122 129 130 131 132 133 135 136 137 139 140 145 147 148 149 150 ]
]

SkillDemandInActivityWithMode: [
0	
18	
28	
49	
18	
13	
39	
33	
33	
20	
65	

0	
2	
4	
7	
2	
1	
6	
5	
5	
3	
10	

0	
0	
0	
0	
0	
0	
0	
0	
0	
0	
0	

0	
8	
13	
23	
8	
5	
18	
15	
15	
9	
30	

0	
3	
4	
8	
3	
2	
6	
5	
5	
3	
11	

0	
9	
15	
26	
9	
6	
21	
17	
17	
10	
35	

]

EmployeeAvailability: [
1 1 1 0 1 1 1 
1 1 1 1 1 1 0 
1 1 1 1 1 0 1 
1 1 0 1 1 1 1 
1 0 1 1 1 1 1 
0 0 1 1 0 1 1 
1 1 1 1 1 1 1 
1 1 1 1 1 1 1 
0 0 1 0 1 1 1 
1 1 1 1 1 1 1 
1 1 1 1 1 0 1 
1 1 1 1 1 1 1 
0 1 1 1 0 1 1 
0 1 0 0 1 1 1 
1 1 1 0 1 0 1 
1 0 1 1 1 1 1 
1 1 1 1 1 0 0 
1 1 1 1 1 1 1 
1 1 1 1 0 1 1 
1 1 1 1 1 1 1 
1 0 1 1 1 1 1 
1 1 1 1 1 1 1 
1 0 0 1 1 1 1 
0 1 0 1 1 1 1 
1 1 1 0 1 1 1 
1 0 1 1 1 1 1 
1 1 1 1 1 1 1 
0 1 1 1 0 1 1 
1 0 0 0 1 1 1 
1 1 0 1 1 1 1 
1 0 1 1 1 1 1 
1 1 1 1 0 1 1 
1 1 1 1 1 1 1 
1 0 1 1 1 1 1 
1 1 1 1 1 1 1 
1 1 1 0 1 1 1 
1 1 1 1 1 1 1 
1 1 1 0 1 1 1 
1 1 1 1 1 1 1 
1 1 0 0 1 1 1 
1 1 1 1 1 0 1 
1 1 1 1 1 1 1 
1 1 1 1 1 1 1 
0 1 0 1 1 1 1 
0 1 1 1 1 1 0 
1 1 0 1 1 1 1 
1 1 0 1 1 1 1 
1 1 1 1 0 1 0 
1 1 0 1 1 1 1 
1 1 1 1 0 1 1 
1 1 1 0 1 1 1 
1 1 1 1 1 0 1 
1 1 1 1 1 1 1 
1 0 1 0 1 0 1 
1 1 1 1 1 1 1 
1 1 1 1 1 0 1 
1 0 1 1 1 0 1 
1 1 1 1 1 1 1 
1 1 1 0 0 1 1 
0 1 1 1 0 1 1 
1 1 1 1 1 1 1 
1 0 0 1 1 1 1 
1 1 0 1 1 0 1 
0 1 1 0 1 0 1 
1 1 1 1 1 0 1 
1 1 1 1 1 0 0 
1 1 1 1 1 1 1 
0 1 1 1 1 1 1 
0 1 1 1 0 1 1 
1 1 1 0 1 1 1 
1 1 0 1 1 0 1 
1 1 1 1 1 1 1 
1 1 0 1 0 1 0 
0 1 1 0 1 1 1 
1 1 1 1 1 1 1 
1 1 0 1 1 0 1 
1 1 1 1 1 1 1 
0 1 1 1 0 0 1 
0 1 1 1 0 1 1 
1 0 0 1 1 1 1 
1 1 1 1 1 1 1 
1 1 0 1 1 1 1 
1 1 1 1 1 0 1 
0 1 1 1 1 1 0 
0 1 1 1 1 1 1 
1 0 1 0 1 1 1 
1 1 1 1 1 1 1 
1 1 1 1 1 1 1 
0 1 1 1 1 1 1 
1 1 1 1 1 1 1 
1 1 0 1 1 1 1 
1 1 1 1 1 0 0 
0 1 1 1 1 1 1 
1 1 1 1 1 0 0 
1 1 1 1 1 1 1 
0 1 1 1 0 1 1 
0 1 1 1 1 1 1 
1 1 1 1 1 1 1 
1 1 1 1 1 1 1 
1 1 1 1 1 1 1 
1 0 1 1 0 1 1 
0 1 1 1 1 0 1 
1 0 1 1 1 1 1 
1 1 1 1 1 1 1 
1 1 1 1 0 1 1 
1 1 1 0 0 1 1 
1 1 0 1 1 1 1 
0 1 1 1 1 0 1 
1 1 1 0 1 0 1 
1 1 1 1 0 1 0 
1 1 1 1 1 1 1 
0 1 1 1 1 1 1 
1 1 1 1 1 0 1 
0 1 1 0 1 1 0 
1 0 1 0 1 0 1 
0 1 1 1 1 1 1 
1 1 1 0 0 1 1 
1 1 0 0 1 1 1 
1 0 0 1 1 1 1 
1 1 1 1 1 1 1 
1 1 1 1 1 0 1 
0 0 1 1 1 1 1 
1 1 1 1 1 1 1 
1 1 1 1 1 1 1 
1 1 0 1 1 1 1 
1 1 1 1 1 0 1 
1 0 1 0 1 1 1 
1 1 1 1 1 1 1 
1 1 1 1 0 0 1 
1 1 1 1 1 1 1 
0 1 1 1 1 1 1 
1 1 1 1 1 1 1 
1 0 0 1 0 1 1 
1 1 1 1 1 1 1 
1 1 1 1 1 1 1 
1 1 0 0 1 0 1 
1 1 1 1 1 1 0 
1 1 1 1 1 1 1 
1 1 1 1 1 0 1 
0 1 1 1 1 1 1 
1 1 0 1 1 1 1 
1 0 1 1 0 0 1 
0 1 0 1 1 1 1 
1 1 1 1 1 0 1 
1 0 1 1 0 1 1 
1 1 1 1 1 1 1 
1 1 1 1 1 1 1 
1 1 1 1 1 1 1 
1 0 1 1 0 0 1 
1 1 1 0 1 1 1 
]

EmployeeWantedInStint: [ (1 4) 1 (3 6) 1 (6 2) 1 (8 5) 1 (11 1) 1 (12 7) 1 (21 2) 1 (22 6) 1 (29 2) 1 (30 5) 1 (42 2) 1 (61 5) 1 (62 4) 1 (75 7) 1 (76 1) 1 (79 7) 1 (90 1) 1 (96 2) 1 (97 1) 1 (113 3) 1 (124 7) 1 (127 6) 1 (128 1) 1 (133 6) 1 (143 6) 1 (146 1) 1 (146 3) 1 (147 4) 1 ]

EmployeeWantedViolationCost: [ (1 4) 12000 (3 6) 6000 (6 2) 13000 (8 5) 5000 (11 1) 10000 (12 7) 12000 (21 2) 8000 (22 6) 13000 (29 2) 12000 (30 5) 13000 (42 2) 5000 (61 5) 6000 (62 4) 10000 (75 7) 8000 (76 1) 15000 (79 7) 5000 (90 1) 5000 (96 2) 10000 (97 1) 10000 (113 3) 13000 (124 7) 12000 (127 6) 14000 (128 1) 12000 (133 6) 5000 (143 6) 6000 (146 1) 13000 (146 3) 11000 (147 4) 6000 ]

EmployeesThatShouldNotWorkTogetherWithEmployee: [
[ 33 64 65 81 ]
[ 6 37 50 71 75 92 109 117 142 148 ]
[ 12 16 60 64 80 99 100 111 115 119 ]
[ 83 91 98 132 135 ]
[ 10 43 66 70 89 96 117 ]
[ 34 51 ]
[ 25 32 50 84 92 94 98 99 137 ]
[ 29 42 60 77 103 121 130 141 ]
[ ]
[ 14 22 27 35 45 51 61 81 88 93 95 115 ]
[ 13 21 26 62 86 122 148 ]
[ 20 35 57 61 71 ]
[ 101 ]
[ 73 130 ]
[ 39 61 66 111 ]
[ 24 55 87 88 96 101 106 ]
[ 44 53 97 101 145 148 149 ]
[ 36 50 58 103 109 110 125 ]
[ 57 79 89 108 135 141 ]
[ 67 93 131 ]
[ 47 ]
[ 63 116 124 129 137 138 ]
[ 27 46 93 102 119 140 ]
[ 46 104 111 123 146 ]
[ 84 118 130 144 ]
[ 35 68 69 74 84 124 139 149 ]
[ 29 46 51 64 65 73 ]
[ 45 50 57 58 90 93 104 112 144 ]
[ 91 107 120 130 ]
[ 42 67 76 96 128 ]
[ 38 51 70 137 146 ]
[ 40 42 50 58 75 113 116 125 140 ]
[ 39 47 70 82 88 91 94 104 107 145 ]
[ 92 116 129 ]
[ 42 79 148 ]
[ 42 49 99 105 147 ]
[ 59 69 108 116 135 148 ]
[ 85 103 106 149 ]
[ 80 135 ]
[ 59 118 139 147 ]
[ 106 108 123 132 ]
[ 92 ]
[ 46 53 67 69 75 106 129 133 138 ]
[ 50 57 64 106 ]
[ 76 85 104 107 147 ]
[ 113 121 123 130 ]
[ 91 127 ]
[ 51 61 83 87 96 105 122 ]
[ 50 124 149 ]
[ 136 139 ]
[ 52 60 64 69 77 84 111 128 137 ]
[ 90 138 ]
[ 95 115 ]
[ 55 79 89 ]
[ 62 67 72 91 133 145 ]
[ 65 108 130 ]
[ 75 86 138 ]
[ 65 109 112 143 ]
[ 84 111 112 125 ]
[ 70 91 93 103 126 ]
[ 76 85 100 121 144 ]
[ 65 105 131 ]
[ 93 ]
[ 84 90 97 134 140 ]
[ 90 98 105 117 120 129 ]
[ 69 113 ]
[ 80 ]
[ 72 83 111 124 ]
[ 112 114 117 122 138 ]
[ 93 96 101 109 ]
[ 88 99 109 130 146 ]
[ 73 81 ]
[ 91 97 112 124 139 142 145 149 ]
[ 80 105 147 ]
[ 101 112 142 ]
[ 137 ]
[ 79 92 130 140 ]
[ ]
[ 92 100 127 148 ]
[ 118 121 ]
[ 90 95 116 117 130 ]
[ 110 117 ]
[ 100 115 118 123 130 147 ]
[ 89 ]
[ 119 128 135 ]
[ 87 108 125 127 137 140 149 ]
[ 88 115 126 140 148 ]
[ 100 116 123 ]
[ 95 104 ]
[ 95 97 104 120 128 144 ]
[ 123 129 140 ]
[ 100 125 144 ]
[ 95 149 ]
[ 114 121 140 ]
[ 101 114 118 131 138 ]
[ 137 140 ]
[ 101 ]
[ 142 147 ]
[ 106 ]
[ 125 127 138 148 ]
[ 115 ]
[ 120 148 ]
[ 114 141 ]
[ 110 122 137 ]
[ 130 ]
[ 131 ]
[ ]
[ 118 144 ]
[ 119 139 147 ]
[ 119 130 ]
[ 115 145 ]
[ 146 ]
[ 121 128 135 ]
[ ]
[ 126 ]
[ ]
[ 118 122 133 ]
[ 129 ]
[ 140 142 ]
[ 130 ]
[ 136 ]
[ 138 ]
[ 131 ]
[ 125 140 ]
[ 132 ]
[ 149 ]
[ ]
[ 132 ]
[ ]
[ ]
[ 145 ]
[ 139 ]
[ 142 147 ]
[ 143 ]
[ 137 140 ]
[ ]
[ 147 ]
[ ]
[ 150 ]
[ ]
[ ]
[ ]
[ ]
[ ]
[ ]
[ ]
[ 150 ]
[ ]
[ ]
[ ]
]

ShouldNotWorkTogetherCost: [ (1 33) 396 (1 64) 198 (1 65) 297 (1 81) 396 (2 6) 297 (2 37) 297 (2 50) 198 (2 71) 198 (2 75) 396 (2 92) 99 (2 109) 99 (2 117) 396 (2 142) 198 (2 148) 297 (3 12) 198 (3 16) 99 (3 60) 297 (3 64) 198 (3 80) 297 (3 99) 99 (3 100) 99 (3 111) 396 (3 115) 99 (3 119) 99 (4 83) 396 (4 91) 396 (4 98) 198 (4 132) 198 (4 135) 396 (5 10) 297 (5 43) 198 (5 66) 396 (5 70) 198 (5 89) 396 (5 96) 198 (5 117) 396 (6 34) 99 (6 51) 198 (7 25) 99 (7 32) 297 (7 50) 297 (7 84) 297 (7 92) 297 (7 94) 198 (7 98) 297 (7 99) 198 (7 137) 99 (8 29) 198 (8 42) 297 (8 60) 396 (8 77) 297 (8 103) 297 (8 121) 99 (8 130) 297 (8 141) 198 (10 14) 396 (10 22) 297 (10 27) 99 (10 35) 396 (10 45) 99 (10 51) 99 (10 61) 99 (10 81) 99 (10 88) 198 (10 93) 396 (10 95) 99 (10 115) 99 (11 13) 198 (11 21) 297 (11 26) 99 (11 62) 396 (11 86) 297 (11 122) 99 (11 148) 297 (12 20) 99 (12 35) 198 (12 57) 297 (12 61) 198 (12 71) 99 (13 101) 198 (14 73) 99 (14 130) 396 (15 39) 396 (15 61) 198 (15 66) 396 (15 111) 297 (16 24) 99 (16 55) 297 (16 87) 198 (16 88) 198 (16 96) 396 (16 101) 297 (16 106) 99 (17 44) 396 (17 53) 297 (17 97) 99 (17 101) 99 (17 145) 297 (17 148) 396 (17 149) 99 (18 36) 297 (18 50) 396 (18 58) 396 (18 103) 396 (18 109) 297 (18 110) 297 (18 125) 99 (19 57) 198 (19 79) 396 (19 89) 396 (19 108) 396 (19 135) 396 (19 141) 396 (20 67) 99 (20 93) 198 (20 131) 396 (21 47) 99 (22 63) 396 (22 116) 99 (22 124) 99 (22 129) 396 (22 137) 396 (22 138) 198 (23 27) 99 (23 46) 99 (23 93) 99 (23 102) 297 (23 119) 396 (23 140) 99 (24 46) 99 (24 104) 198 (24 111) 396 (24 123) 198 (24 146) 396 (25 84) 99 (25 118) 99 (25 130) 99 (25 144) 396 (26 35) 198 (26 68) 198 (26 69) 198 (26 74) 99 (26 84) 396 (26 124) 396 (26 139) 99 (26 149) 99 (27 29) 198 (27 46) 297 (27 51) 396 (27 64) 198 (27 65) 396 (27 73) 396 (28 45) 99 (28 50) 396 (28 57) 198 (28 58) 198 (28 90) 297 (28 93) 297 (28 104) 297 (28 112) 297 (28 144) 198 (29 91) 198 (29 107) 396 (29 120) 297 (29 130) 198 (30 42) 297 (30 67) 99 (30 76) 99 (30 96) 99 (30 128) 198 (31 38) 396 (31 51) 396 (31 70) 198 (31 137) 99 (31 146) 198 (32 40) 198 (32 42) 198 (32 50) 198 (32 58) 297 (32 75) 99 (32 113) 396 (32 116) 297 (32 125) 396 (32 140) 297 (33 39) 198 (33 47) 99 (33 70) 99 (33 82) 99 (33 88) 396 (33 91) 99 (33 94) 297 (33 104) 198 (33 107) 198 (33 145) 396 (34 92) 99 (34 116) 396 (34 129) 396 (35 42) 396 (35 79) 99 (35 148) 297 (36 42) 396 (36 49) 396 (36 99) 198 (36 105) 396 (36 147) 297 (37 59) 396 (37 69) 198 (37 108) 99 (37 116) 297 (37 135) 99 (37 148) 396 (38 85) 99 (38 103) 99 (38 106) 198 (38 149) 396 (39 80) 99 (39 135) 198 (40 59) 198 (40 118) 396 (40 139) 396 (40 147) 396 (41 106) 396 (41 108) 396 (41 123) 99 (41 132) 198 (42 92) 198 (43 46) 198 (43 53) 396 (43 67) 198 (43 69) 198 (43 75) 396 (43 106) 99 (43 129) 396 (43 133) 198 (43 138) 396 (44 50) 198 (44 57) 297 (44 64) 297 (44 106) 396 (45 76) 297 (45 85) 99 (45 104) 198 (45 107) 99 (45 147) 396 (46 113) 297 (46 121) 198 (46 123) 99 (46 130) 396 (47 91) 198 (47 127) 297 (48 51) 198 (48 61) 297 (48 83) 198 (48 87) 99 (48 96) 198 (48 105) 297 (48 122) 198 (49 50) 198 (49 124) 99 (49 149) 396 (50 136) 99 (50 139) 198 (51 52) 99 (51 60) 198 (51 64) 198 (51 69) 396 (51 77) 297 (51 84) 99 (51 111) 198 (51 128) 297 (51 137) 297 (52 90) 396 (52 138) 297 (53 95) 396 (53 115) 198 (54 55) 297 (54 79) 297 (54 89) 99 (55 62) 99 (55 67) 396 (55 72) 396 (55 91) 99 (55 133) 396 (55 145) 99 (56 65) 297 (56 108) 396 (56 130) 198 (57 75) 297 (57 86) 297 (57 138) 297 (58 65) 198 (58 109) 297 (58 112) 396 (58 143) 198 (59 84) 99 (59 111) 99 (59 112) 297 (59 125) 198 (60 70) 99 (60 91) 99 (60 93) 198 (60 103) 396 (60 126) 99 (61 76) 99 (61 85) 297 (61 100) 198 (61 121) 396 (61 144) 396 (62 65) 297 (62 105) 297 (62 131) 99 (63 93) 396 (64 84) 297 (64 90) 396 (64 97) 198 (64 134) 99 (64 140) 396 (65 90) 99 (65 98) 99 (65 105) 396 (65 117) 396 (65 120) 297 (65 129) 396 (66 69) 99 (66 113) 198 (67 80) 198 (68 72) 198 (68 83) 198 (68 111) 198 (68 124) 297 (69 112) 198 (69 114) 297 (69 117) 198 (69 122) 297 (69 138) 396 (70 93) 297 (70 96) 198 (70 101) 396 (70 109) 99 (71 88) 396 (71 99) 297 (71 109) 198 (71 130) 297 (71 146) 396 (72 73) 297 (72 81) 99 (73 91) 396 (73 97) 99 (73 112) 396 (73 124) 99 (73 139) 99 (73 142) 99 (73 145) 297 (73 149) 396 (74 80) 396 (74 105) 396 (74 147) 99 (75 101) 198 (75 112) 198 (75 142) 99 (76 137) 99 (77 79) 396 (77 92) 198 (77 130) 396 (77 140) 396 (79 92) 198 (79 100) 297 (79 127) 99 (79 148) 297 (80 118) 198 (80 121) 198 (81 90) 198 (81 95) 297 (81 116) 198 (81 117) 198 (81 130) 396 (82 110) 99 (82 117) 297 (83 100) 297 (83 115) 297 (83 118) 198 (83 123) 99 (83 130) 297 (83 147) 396 (84 89) 396 (85 119) 99 (85 128) 396 (85 135) 99 (86 87) 198 (86 108) 198 (86 125) 396 (86 127) 198 (86 137) 396 (86 140) 198 (86 149) 396 (87 88) 297 (87 115) 99 (87 126) 297 (87 140) 396 (87 148) 99 (88 100) 198 (88 116) 297 (88 123) 297 (89 95) 99 (89 104) 297 (90 95) 297 (90 97) 198 (90 104) 297 (90 120) 396 (90 128) 99 (90 144) 99 (91 123) 198 (91 129) 198 (91 140) 396 (92 100) 198 (92 125) 297 (92 144) 99 (93 95) 297 (93 149) 396 (94 114) 396 (94 121) 198 (94 140) 99 (95 101) 297 (95 114) 198 (95 118) 99 (95 131) 99 (95 138) 198 (96 137) 297 (96 140) 297 (97 101) 99 (98 142) 297 (98 147) 198 (99 106) 396 (100 125) 396 (100 127) 396 (100 138) 198 (100 148) 198 (101 115) 297 (102 120) 396 (102 148) 396 (103 114) 396 (103 141) 198 (104 110) 198 (104 122) 396 (104 137) 396 (105 130) 99 (106 131) 198 (108 118) 99 (108 144) 99 (109 119) 198 (109 139) 396 (109 147) 297 (110 119) 297 (110 130) 198 (111 115) 99 (111 145) 297 (112 146) 297 (113 121) 297 (113 128) 99 (113 135) 297 (115 126) 198 (117 118) 297 (117 122) 198 (117 133) 396 (118 129) 198 (119 140) 198 (119 142) 297 (120 130) 297 (121 136) 396 (122 138) 198 (123 131) 99 (124 125) 99 (124 140) 99 (125 132) 396 (126 149) 198 (128 132) 99 (131 145) 396 (132 139) 198 (133 142) 99 (133 147) 198 (134 143) 99 (135 137) 297 (135 140) 99 (137 147) 396 (139 150) 396 (147 150) 198 ]

ImmediatePredecessorsToActivity: [
[ ]
[ 1 ]
[ 1 ]
[ 1 ]
[ 1 ]
[ 3 4 ]
[ 2 3 5 ]
[ 3 ]
[ 4 7 ]
[ 5 ]
[ 2 ]
]

ActivitiesInProject: [
[ 1 2 3 4 5 6 7 8 9 10 11 ]
]

nActivityModes: [ 1 1 1 1 1 1 1 1 1 1 1 ]

ActivitiyDurationWithMode: [
1	
11	
7	
4	
11	
16	
5	
6	
6	
10	
3	
]
StintsInProject: [
[ 1 2 3 4 5 6 7 ]
]

WorkingStintsOnDay: [
[ 1 ]
[ 1 ]
[ 1 ]
[ 1 ]
[ 1 ]
[ 1 ]
[ 1 ]
[ 1 ]
[ 1 ]
[ 1 ]
[ 1 ]
[ 1 ]
[ ]
[ ]
[ 2 ]
[ 2 ]
[ 2 ]
[ 2 ]
[ 2 ]
[ 2 ]
[ 2 ]
[ 2 ]
[ 2 ]
[ 2 ]
[ 2 ]
[ 2 ]
[ ]
[ ]
[ 3 ]
[ 3 ]
[ 3 ]
[ 3 ]
[ 3 ]
[ 3 ]
[ 3 ]
[ 3 ]
[ 3 ]
[ 3 ]
[ 3 ]
[ 3 ]
[ ]
[ ]
[ 4 ]
[ 4 ]
[ 4 ]
[ 4 ]
[ 4 ]
[ 4 ]
[ 4 ]
[ 4 ]
[ 4 ]
[ 4 ]
[ 4 ]
[ 4 ]
[ ]
[ ]
[ 5 ]
[ 5 ]
[ 5 ]
[ 5 ]
[ 5 ]
[ 5 ]
[ 5 ]
[ 5 ]
[ 5 ]
[ 5 ]
[ 5 ]
[ 5 ]
[ ]
[ ]
[ 6 ]
[ 6 ]
[ 6 ]
[ 6 ]
[ 6 ]
[ 6 ]
[ 6 ]
[ 6 ]
[ 6 ]
[ 6 ]
[ 6 ]
[ 6 ]
[ ]
[ ]
[ 7 ]
[ 7 ]
[ 7 ]
[ 7 ]
[ 7 ]
[ 7 ]
]

ProjectStart: [ 25 ]

ProjectEnd: [ 54 ]

EarliestStartDayForActivity: [ 1 25 25 25 25 34 38 34 45 38 38 ]

LatestStartDayForActivity: [ 1 54 54 54 54 54 54 54 54 54 54 ]

EquipmentTypeDemandInActivityWithMode: [
0	
0	
0	
0	
0	
0	
0	
0	
2	
1	
0	

0	
0	
2	
1	
1	
0	
0	
1	
1	
0	
2	

0	
1	
1	
1	
1	
2	
2	
1	
1	
1	
0	

]

ExternalEquipmentRentingCost: [
3021	1329	1185	1038	1155	4871	5181	1080	2212	4211	3384	
4450	3903	1686	5895	3016	5708	4011	3818	1502	5313	1272	
4271	3891	3708	4676	3755	1344	1204	5681	5273	4508	2452	
]

EquipmentTypeTransportationCost: [
1	

1	

1	

]

TransportationTimeForEquipmentTypeBetweenProjects: [
1	

1	

1	

]

TotalNumberOfInitialEquipmentTypeLocation: [
(1 1) 1 
(2 1) 2 
(3 1) 7 
]

DepotActivities: [ 1 ]

MaximalStintCliques: [
[ 2 1 ]
[ 2 3 ]
[ 4 3 ]
[ 4 5 ]
[ 5 6 ]
[ 6 7 ]
]
