nEmployees: 150
nSkills: 6
nProjects: 1
nDays: 180
nActivities: 27
nEquipmentTypes: 4
nStints: 13
nMaxModes: 1
nStintCliques: 12

EmployeeInStintCost: [
40976 40976 40976 40976 40976 40976 40976 40976 40976 40976 40976 39668 27694 
22050 22050 22050 22050 22050 22050 22050 22050 22050 22050 22050 20790 11970 
46748 46748 46748 46748 46748 46748 46748 46748 46748 46748 46748 45416 33274 
42272 42272 42272 42272 42272 42272 42272 42272 42272 42272 42272 40916 28606 
42384 42384 42384 42384 42384 42384 42384 42384 42384 42384 42384 41076 29102 
41138 41138 41138 41138 41138 41138 41138 41138 41138 41138 41138 39818 27760 
42716 42716 42716 42716 42716 42716 42716 42716 42716 42716 42716 41288 28474 
42698 42698 42698 42698 42698 42698 42698 42698 42698 42698 42698 41330 28936 
43194 43194 43194 43194 43194 43194 43194 43194 43194 43194 43194 41826 29432 
43356 43356 43356 43356 43356 43356 43356 43356 43356 43356 43356 41976 29498 
42634 42634 42634 42634 42634 42634 42634 42634 42634 42634 42634 41314 29256 
46154 46154 46154 46154 46154 46154 46154 46154 46154 46154 46154 44882 33160 
23670 23670 23670 23670 23670 23670 23670 23670 23670 23670 23670 22290 12630 
49016 49016 49016 49016 49016 49016 49016 49016 49016 49016 49016 47516 34198 
40570 40570 40570 40570 40570 40570 40570 40570 40570 40570 40570 39298 27576 
43032 43032 43032 43032 43032 43032 43032 43032 43032 43032 43032 41676 29366 
17658 17658 17658 17658 17658 17658 17658 17658 17658 17658 17658 16350 7194 
42310 42310 42310 42310 42310 42310 42310 42310 42310 42310 42310 41014 29124 
40490 40490 40490 40490 40490 40490 40490 40490 40490 40490 40490 39266 27880 
41176 41176 41176 41176 41176 41176 41176 41176 41176 41176 41176 39964 28662 
42708 42708 42708 42708 42708 42708 42708 42708 42708 42708 42708 41376 29234 
21402 21402 21402 21402 21402 21402 21402 21402 21402 21402 21402 20190 11706 
40652 40652 40652 40652 40652 40652 40652 40652 40652 40652 40652 39368 27562 
45992 45992 45992 45992 45992 45992 45992 45992 45992 45992 45992 44732 33094 
44736 44736 44736 44736 44736 44736 44736 44736 44736 44736 44736 43476 31838 
20886 20886 20886 20886 20886 20886 20886 20886 20886 20886 20886 19650 10998 
42596 42596 42596 42596 42596 42596 42596 42596 42596 42596 42596 41312 29506 
41420 41420 41420 41420 41420 41420 41420 41420 41420 41420 41420 40088 27946 
43568 43568 43568 43568 43568 43568 43568 43568 43568 43568 43568 42116 29134 
41582 41582 41582 41582 41582 41582 41582 41582 41582 41582 41582 40238 28012 
23346 23346 23346 23346 23346 23346 23346 23346 23346 23346 23346 21990 12498 
42392 42392 42392 42392 42392 42392 42392 42392 42392 42392 42392 40988 28342 
45732 45732 45732 45732 45732 45732 45732 45732 45732 45732 45732 44304 31490 
39598 39598 39598 39598 39598 39598 39598 39598 39598 39598 39598 38398 27180 
40166 40166 40166 40166 40166 40166 40166 40166 40166 40166 40166 38966 27748 
44328 44328 44328 44328 44328 44328 44328 44328 44328 44328 44328 42876 29894 
21726 21726 21726 21726 21726 21726 21726 21726 21726 21726 21726 20490 11838 
41986 41986 41986 41986 41986 41986 41986 41986 41986 41986 41986 40714 28992 
43662 43662 43662 43662 43662 43662 43662 43662 43662 43662 43662 42270 29708 
43022 43022 43022 43022 43022 43022 43022 43022 43022 43022 43022 41630 29068 
47126 47126 47126 47126 47126 47126 47126 47126 47126 47126 47126 45782 33556 
43202 43202 43202 43202 43202 43202 43202 43202 43202 43202 43202 41738 28672 
43824 43824 43824 43824 43824 43824 43824 43824 43824 43824 43824 42420 29774 
42920 42920 42920 42920 42920 42920 42920 42920 42920 42920 42920 41612 29638 
40814 40814 40814 40814 40814 40814 40814 40814 40814 40814 40814 39518 27628 
42596 42596 42596 42596 42596 42596 42596 42596 42596 42596 42596 41312 29506 
45384 45384 45384 45384 45384 45384 45384 45384 45384 45384 45384 44076 32102 
42514 42514 42514 42514 42514 42514 42514 42514 42514 42514 42514 41098 28368 
45708 45708 45708 45708 45708 45708 45708 45708 45708 45708 45708 44376 32234 
43082 43082 43082 43082 43082 43082 43082 43082 43082 43082 43082 41666 28936 
43994 43994 43994 43994 43994 43994 43994 43994 43994 43994 43994 42530 29464 
42546 42546 42546 42546 42546 42546 42546 42546 42546 42546 42546 41226 29168 
23964 23964 23964 23964 23964 23964 23964 23964 23964 23964 23964 22500 12252 
44004 44004 44004 44004 44004 44004 44004 44004 44004 44004 44004 42576 29762 
42860 42860 42860 42860 42860 42860 42860 42860 42860 42860 42860 41480 29002 
43670 43670 43670 43670 43670 43670 43670 43670 43670 43670 43670 42230 29332 
40934 40934 40934 40934 40934 40934 40934 40934 40934 40934 40934 39638 27748 
23670 23670 23670 23670 23670 23670 23670 23670 23670 23670 23670 22290 12630 
43626 43626 43626 43626 43626 43626 43626 43626 43626 43626 43626 42354 30632 
41420 41420 41420 41420 41420 41420 41420 41420 41420 41420 41420 40088 27946 
41462 41462 41462 41462 41462 41462 41462 41462 41462 41462 41462 40118 27892 
41906 41906 41906 41906 41906 41906 41906 41906 41906 41906 41906 40538 28144 
44480 44480 44480 44480 44480 44480 44480 44480 44480 44480 44480 42980 29662 
18306 18306 18306 18306 18306 18306 18306 18306 18306 18306 18306 16950 7458 
39978 39978 39978 39978 39978 39978 39978 39978 39978 39978 39978 38658 26600 
44796 44796 44796 44796 44796 44796 44796 44796 44796 44796 44796 43320 30170 
43842 43842 43842 43842 43842 43842 43842 43842 43842 43842 43842 42426 29696 
44254 44254 44254 44254 44254 44254 44254 44254 44254 44254 44254 42814 29916 
43022 43022 43022 43022 43022 43022 43022 43022 43022 43022 43022 41630 29068 
44416 44416 44416 44416 44416 44416 44416 44416 44416 44416 44416 42964 29982 
42456 42456 42456 42456 42456 42456 42456 42456 42456 42456 42456 41148 29174 
22860 22860 22860 22860 22860 22860 22860 22860 22860 22860 22860 21540 12300 
39378 39378 39378 39378 39378 39378 39378 39378 39378 39378 39378 38058 26000 
39978 39978 39978 39978 39978 39978 39978 39978 39978 39978 39978 38658 26600 
46842 46842 46842 46842 46842 46842 46842 46842 46842 46842 46842 45426 32696 
23478 23478 23478 23478 23478 23478 23478 23478 23478 23478 23478 22050 12054 
42050 42050 42050 42050 42050 42050 42050 42050 42050 42050 42050 40730 28672 
17496 17496 17496 17496 17496 17496 17496 17496 17496 17496 17496 16200 7128 
43568 43568 43568 43568 43568 43568 43568 43568 43568 43568 43568 42116 29134 
44092 44092 44092 44092 44092 44092 44092 44092 44092 44092 44092 42664 29850 
40140 40140 40140 40140 40140 40140 40140 40140 40140 40140 40140 38808 26666 
22992 22992 22992 22992 22992 22992 22992 22992 22992 22992 22992 21600 11856 
44254 44254 44254 44254 44254 44254 44254 44254 44254 44254 44254 42814 29916 
43000 43000 43000 43000 43000 43000 43000 43000 43000 43000 43000 41548 28566 
43356 43356 43356 43356 43356 43356 43356 43356 43356 43356 43356 41976 29498 
23964 23964 23964 23964 23964 23964 23964 23964 23964 23964 23964 22500 12252 
22344 22344 22344 22344 22344 22344 22344 22344 22344 22344 22344 21000 11592 
43568 43568 43568 43568 43568 43568 43568 43568 43568 43568 43568 42212 29902 
44412 44412 44412 44412 44412 44412 44412 44412 44412 44412 44412 43176 31706 
42546 42546 42546 42546 42546 42546 42546 42546 42546 42546 42546 41226 29168 
43162 43162 43162 43162 43162 43162 43162 43162 43162 43162 43162 41698 28632 
22506 22506 22506 22506 22506 22506 22506 22506 22506 22506 22506 21150 11658 
21564 21564 21564 21564 21564 21564 21564 21564 21564 21564 21564 20340 11772 
41582 41582 41582 41582 41582 41582 41582 41582 41582 41582 41582 40238 28012 
46842 46842 46842 46842 46842 46842 46842 46842 46842 46842 46842 45426 32696 
18792 18792 18792 18792 18792 18792 18792 18792 18792 18792 18792 17400 7656 
41176 41176 41176 41176 41176 41176 41176 41176 41176 41176 41176 39964 28662 
40268 40268 40268 40268 40268 40268 40268 40268 40268 40268 40268 39080 27946 
44378 44378 44378 44378 44378 44378 44378 44378 44378 44378 44378 42962 30232 
22992 22992 22992 22992 22992 22992 22992 22992 22992 22992 22992 21600 11856 
21210 21210 21210 21210 21210 21210 21210 21210 21210 21210 21210 19950 11130 
42796 42796 42796 42796 42796 42796 42796 42796 42796 42796 42796 41464 29322 
40490 40490 40490 40490 40490 40490 40490 40490 40490 40490 40490 39218 27496 
44238 44238 44238 44238 44238 44238 44238 44238 44238 44238 44238 42798 29900 
42374 42374 42374 42374 42374 42374 42374 42374 42374 42374 42374 41030 28804 
17172 17172 17172 17172 17172 17172 17172 17172 17172 17172 17172 15900 6996 
47234 47234 47234 47234 47234 47234 47234 47234 47234 47234 47234 45866 33472 
47612 47612 47612 47612 47612 47612 47612 47612 47612 47612 47612 46232 33754 
48044 48044 48044 48044 48044 48044 48044 48044 48044 48044 48044 46616 33802 
43568 43568 43568 43568 43568 43568 43568 43568 43568 43568 43568 42068 28750 
43004 43004 43004 43004 43004 43004 43004 43004 43004 43004 43004 41768 30298 
48584 48584 48584 48584 48584 48584 48584 48584 48584 48584 48584 47132 34150 
20886 20886 20886 20886 20886 20886 20886 20886 20886 20886 20886 19650 10998 
22344 22344 22344 22344 22344 22344 22344 22344 22344 22344 22344 21000 11592 
42554 42554 42554 42554 42554 42554 42554 42554 42554 42554 42554 41138 28408 
41096 41096 41096 41096 41096 41096 41096 41096 41096 41096 41096 39788 27814 
23316 23316 23316 23316 23316 23316 23316 23316 23316 23316 23316 21900 11988 
40328 40328 40328 40328 40328 40328 40328 40328 40328 40328 40328 39068 27430 
24126 24126 24126 24126 24126 24126 24126 24126 24126 24126 24126 22650 12318 
45272 45272 45272 45272 45272 45272 45272 45272 45272 45272 45272 43868 31222 
22182 22182 22182 22182 22182 22182 22182 22182 22182 22182 22182 20850 11526 
40908 40908 40908 40908 40908 40908 40908 40908 40908 40908 40908 39720 28586 
41274 41274 41274 41274 41274 41274 41274 41274 41274 41274 41274 39858 27128 
42554 42554 42554 42554 42554 42554 42554 42554 42554 42554 42554 41138 28408 
18954 18954 18954 18954 18954 18954 18954 18954 18954 18954 18954 17550 7722 
48260 48260 48260 48260 48260 48260 48260 48260 48260 48260 48260 46832 34018 
38406 38406 38406 38406 38406 38406 38406 38406 38406 38406 38406 37158 25604 
43842 43842 43842 43842 43842 43842 43842 43842 43842 43842 43842 42426 29696 
48206 48206 48206 48206 48206 48206 48206 48206 48206 48206 48206 46766 33868 
41300 41300 41300 41300 41300 41300 41300 41300 41300 41300 41300 40112 28978 
39330 39330 39330 39330 39330 39330 39330 39330 39330 39330 39330 38058 26336 
22344 22344 22344 22344 22344 22344 22344 22344 22344 22344 22344 21000 11592 
23508 23508 23508 23508 23508 23508 23508 23508 23508 23508 23508 22140 12564 
41412 41412 41412 41412 41412 41412 41412 41412 41412 41412 41412 40176 28706 
40124 40124 40124 40124 40124 40124 40124 40124 40124 40124 40124 38888 27418 
44540 44540 44540 44540 44540 44540 44540 44540 44540 44540 44540 43112 30298 
24480 24480 24480 24480 24480 24480 24480 24480 24480 24480 24480 23040 12960 
46478 46478 46478 46478 46478 46478 46478 46478 46478 46478 46478 45182 33292 
42690 42690 42690 42690 42690 42690 42690 42690 42690 42690 42690 41370 29312 
43500 43500 43500 43500 43500 43500 43500 43500 43500 43500 43500 42120 29642 
41564 41564 41564 41564 41564 41564 41564 41564 41564 41564 41564 40280 28474 
41412 41412 41412 41412 41412 41412 41412 41412 41412 41412 41412 40176 28706 
44864 44864 44864 44864 44864 44864 44864 44864 44864 44864 44864 43412 30430 
46316 46316 46316 46316 46316 46316 46316 46316 46316 46316 46316 45032 33226 
41218 41218 41218 41218 41218 41218 41218 41218 41218 41218 41218 39898 27840 
41582 41582 41582 41582 41582 41582 41582 41582 41582 41582 41582 40238 28012 
48260 48260 48260 48260 48260 48260 48260 48260 48260 48260 48260 46832 34018 
41258 41258 41258 41258 41258 41258 41258 41258 41258 41258 41258 39938 27880 
46032 46032 46032 46032 46032 46032 46032 46032 46032 46032 46032 44676 32366 
22374 22374 22374 22374 22374 22374 22374 22374 22374 22374 22374 21090 12102 
]

ExternalWorkerWithSkillOnStintCost: [
34440 40488 42336 36120 42084 43680 40404 36876 40068 44772 35280 39732 41976 
41664 41580 41748 42504 39060 39228 49224 48972 36120 46872 36204 36456 31680 
35616 35448 33684 50232 48888 40236 41076 43680 36204 33600 36372 45360 43056 
35784 42672 36204 48636 44100 44688 47712 42756 42252 43512 42756 47712 39312 
40236 46032 47544 40068 38892 40572 45864 39312 45528 34440 37464 34020 34344 
35280 47712 44688 42336 43680 39228 42252 39732 44100 42840 37464 46284 34992 
]

OverlappingStints: [
[ 2 ]
[ 3 ]
[ 4 ]
[ 5 ]
[ 6 ]
[ 7 ]
[ 8 ]
[ 9 ]
[ 10 ]
[ 11 ]
[ 12 ]
[ 13 ]
[ ]
]

EmployeesWithSkill: [
[ 1 2 3 4 5 6 7 8 9 10 11 12 13 14 15 16 17 18 19 20 21 22 23 24 25 26 27 28 29 30 31 32 33 34 35 36 37 38 39 40 41 42 43 44 45 46 47 48 49 50 51 52 53 54 55 56 57 58 59 60 61 62 63 64 65 66 67 68 69 70 71 72 73 74 75 76 77 78 79 80 81 82 83 84 85 86 87 88 89 90 91 92 93 94 95 96 97 98 99 100 101 102 103 104 105 106 107 108 109 110 111 112 113 114 115 116 117 118 119 120 121 122 123 124 125 126 127 128 129 130 131 132 133 134 135 136 137 138 139 140 141 142 143 144 145 146 147 148 149 150 ]
[ 1 3 4 5 6 7 17 33 36 38 47 53 56 60 76 80 83 102 114 116 117 121 122 128 ]
[ 1 2 3 4 5 6 7 8 10 11 12 13 14 15 16 17 18 19 20 21 22 23 24 25 26 27 28 29 30 31 32 33 34 35 36 37 38 39 41 42 43 44 45 46 47 48 49 50 51 52 53 55 56 57 58 59 60 61 62 63 64 66 67 68 69 70 71 72 73 74 75 76 77 78 79 80 81 82 83 84 85 86 87 88 89 90 91 92 94 95 96 97 98 99 101 102 103 104 105 106 107 108 109 110 111 112 114 117 118 119 120 121 122 123 124 125 126 127 128 129 130 131 132 134 135 136 137 138 139 140 141 142 143 144 145 146 147 149 150 ]
[ 2 3 6 7 8 10 12 13 14 15 18 21 23 24 25 29 33 40 42 44 46 50 51 52 53 55 56 58 60 63 65 66 67 68 69 70 71 73 74 75 78 80 84 85 87 90 91 92 93 94 95 97 99 101 104 106 108 109 110 112 115 116 119 120 121 124 129 132 133 134 135 136 137 139 143 145 146 147 148 149 150 ]
[ 6 9 11 14 18 21 28 32 37 40 45 54 55 56 57 59 60 62 63 64 66 68 70 72 74 75 76 79 80 85 86 90 92 95 99 102 106 110 112 113 114 117 119 121 127 129 132 133 137 143 144 147 149 ]
[ 1 2 3 4 5 6 7 8 9 10 11 12 13 14 15 16 17 18 19 20 22 23 24 25 26 27 28 29 30 31 32 33 34 35 36 37 38 39 40 41 42 43 44 45 46 47 48 49 50 51 52 53 54 55 56 57 58 59 60 61 62 63 64 65 66 67 68 69 70 71 72 73 74 75 76 77 78 79 80 81 82 83 84 85 86 87 88 89 91 92 93 94 95 96 98 99 100 101 102 103 104 105 106 107 108 109 110 112 113 114 115 116 117 118 119 120 121 123 124 125 126 127 128 129 131 132 133 134 135 136 137 138 140 141 142 143 144 145 146 147 148 149 150 ]
]

SkillDemandInActivityWithMode: [
0	
20	
6	
5	
17	
4	
20	
4	
7	
23	
12	
23	
23	
13	
12	
14	
8	
23	
7	
18	
20	
17	
10	
14	
9	
8	
16	

0	
3	
0	
0	
2	
0	
3	
0	
0	
3	
1	
3	
3	
2	
1	
2	
1	
3	
0	
2	
3	
2	
1	
2	
1	
1	
2	

0	
18	
5	
3	
14	
2	
18	
3	
5	
20	
10	
20	
20	
11	
10	
12	
7	
20	
5	
16	
18	
14	
8	
12	
8	
7	
14	

0	
10	
3	
2	
8	
1	
10	
1	
3	
11	
5	
11	
11	
6	
6	
7	
4	
11	
3	
9	
10	
8	
4	
7	
4	
4	
8	

0	
7	
2	
1	
5	
1	
7	
1	
2	
7	
3	
7	
7	
4	
4	
4	
2	
7	
2	
6	
6	
5	
3	
4	
3	
2	
5	

0	
18	
5	
3	
15	
3	
18	
3	
5	
20	
10	
20	
20	
11	
11	
12	
7	
20	
5	
16	
18	
15	
8	
12	
8	
7	
15	

]

EmployeeAvailability: [
1 1 1 1 1 1 1 1 1 0 1 0 1 
1 0 1 1 1 1 1 1 1 1 0 1 1 
0 1 1 1 1 1 1 1 0 0 1 1 1 
1 1 1 1 1 1 1 1 1 0 0 1 0 
1 1 1 0 1 0 1 0 1 1 1 1 1 
1 1 0 1 1 0 1 0 1 1 1 1 1 
1 1 1 0 1 1 0 1 1 1 1 1 1 
1 1 1 1 1 1 1 1 1 1 1 1 1 
1 1 1 1 1 1 1 1 1 1 1 1 1 
0 0 1 1 1 0 1 1 1 1 1 1 1 
1 1 1 1 1 0 1 1 1 0 1 1 1 
1 0 1 1 1 1 1 1 1 1 1 1 1 
1 1 1 0 1 1 1 1 1 1 1 1 1 
1 1 1 1 1 1 1 1 1 1 1 1 1 
1 1 1 1 0 1 1 1 1 1 1 1 1 
1 1 1 1 1 1 1 1 1 1 1 1 1 
1 1 0 1 1 1 1 0 1 1 1 1 1 
0 1 1 1 1 1 0 1 1 1 1 1 1 
1 1 1 0 1 1 1 1 0 1 1 1 1 
1 1 1 1 1 1 1 1 1 1 0 1 1 
1 1 0 1 1 1 1 1 1 1 1 1 1 
1 1 1 1 1 1 1 1 1 1 1 1 1 
1 1 1 1 1 1 1 1 0 1 1 1 1 
1 0 1 1 1 1 1 1 1 1 1 1 0 
1 1 1 1 1 1 1 1 1 1 1 1 1 
1 1 1 1 0 1 1 1 1 1 1 0 1 
0 1 1 1 1 1 1 1 0 1 1 1 1 
0 1 1 1 1 1 1 1 1 1 0 1 1 
1 1 1 1 0 1 1 1 1 1 1 1 1 
1 1 1 1 1 1 1 1 1 1 1 1 1 
1 1 1 1 0 1 1 1 1 1 1 0 0 
1 1 1 1 1 1 1 1 0 1 1 1 1 
0 1 1 1 1 1 1 1 1 1 1 0 1 
1 1 1 1 1 1 1 1 1 1 1 1 1 
1 0 1 1 1 1 1 0 1 1 1 1 1 
1 1 1 1 1 1 1 1 0 1 0 1 1 
1 1 1 1 1 1 1 1 1 1 1 1 1 
1 1 1 1 1 1 1 1 1 1 1 1 1 
1 1 1 1 1 0 1 0 1 1 1 1 1 
1 1 1 1 1 1 1 0 1 1 1 1 1 
1 1 1 1 1 0 1 1 1 1 1 1 1 
1 1 0 1 1 0 1 1 1 0 1 1 1 
1 1 1 1 1 0 0 1 1 1 1 0 1 
1 1 1 1 1 1 1 1 1 1 1 1 1 
0 1 1 0 1 1 1 0 1 1 1 1 1 
1 1 0 1 1 1 1 1 1 0 1 0 1 
1 1 1 0 1 1 1 1 1 1 1 1 1 
0 1 1 0 1 1 1 1 1 1 1 1 1 
1 1 1 1 0 0 1 1 1 1 1 1 1 
1 1 1 1 1 0 1 1 1 1 1 1 1 
1 0 0 1 1 1 1 1 1 0 1 1 1 
1 1 1 1 1 1 1 1 1 1 1 1 1 
1 1 1 0 1 1 1 1 1 1 1 1 1 
1 1 1 1 1 1 1 1 1 1 1 1 0 
1 0 1 1 1 1 1 1 1 1 0 1 1 
1 1 1 1 1 1 1 1 1 1 1 1 1 
1 1 1 1 1 1 1 1 1 0 1 1 1 
1 1 1 0 1 1 1 1 1 1 0 1 1 
1 1 0 1 1 1 1 1 1 1 1 1 1 
1 1 0 1 1 1 0 1 1 1 1 0 1 
1 1 1 1 1 1 1 1 1 1 1 1 1 
1 0 1 1 1 0 1 0 1 1 1 1 1 
1 1 0 1 0 1 1 1 1 1 0 1 1 
1 1 1 1 1 0 1 0 0 1 1 1 1 
1 0 1 0 1 1 1 1 1 1 1 1 0 
1 1 1 1 1 1 1 1 1 1 0 0 0 
1 1 1 1 1 1 1 1 1 1 1 1 1 
1 1 1 1 1 1 1 0 1 1 1 1 1 
1 1 1 1 1 1 1 1 1 1 1 1 1 
1 1 1 1 0 1 1 1 1 1 1 0 1 
1 1 1 1 1 1 1 1 1 0 1 0 1 
1 1 1 0 1 1 1 1 1 1 1 1 1 
1 1 1 1 1 1 1 1 1 1 1 1 1 
1 1 0 1 1 1 1 0 1 1 1 1 1 
1 1 1 1 1 1 1 1 0 1 1 1 1 
1 0 1 1 1 0 1 1 1 1 1 1 1 
1 1 0 1 1 1 1 1 1 1 1 0 1 
1 1 1 0 1 0 1 1 1 1 1 1 1 
1 1 1 1 1 1 1 1 1 1 1 1 1 
1 1 1 1 0 0 1 1 1 1 1 0 1 
1 1 1 1 1 1 1 1 1 0 1 0 1 
1 1 1 1 1 0 1 1 1 1 1 1 0 
1 1 1 1 0 1 1 1 1 0 1 1 1 
1 1 1 1 1 1 0 1 0 1 1 1 1 
1 0 1 1 1 1 1 1 1 1 0 1 1 
1 1 1 1 1 1 1 1 1 1 1 1 1 
1 1 1 0 1 1 1 1 1 1 1 1 1 
1 1 0 1 1 1 0 1 1 1 1 1 1 
1 0 1 1 1 1 1 1 1 1 1 1 1 
1 1 1 1 1 1 1 0 1 1 1 1 1 
1 1 1 1 1 1 1 0 1 1 0 0 1 
0 1 1 1 1 1 0 1 0 1 1 1 1 
1 1 1 1 0 1 1 1 1 1 1 0 1 
1 1 1 1 1 1 1 1 1 1 1 1 0 
1 0 1 1 1 1 1 1 1 0 1 1 1 
0 0 1 0 1 1 1 1 1 1 1 1 1 
1 1 1 1 1 1 0 1 0 1 1 1 0 
1 1 1 1 1 1 1 1 1 1 1 1 1 
1 1 1 0 1 1 1 1 1 1 1 1 1 
1 0 1 1 0 1 1 1 1 1 1 1 1 
1 1 1 0 1 1 1 1 1 1 1 1 1 
1 1 1 1 1 1 0 1 1 1 1 1 1 
0 1 1 1 1 1 1 1 1 1 1 1 1 
1 0 0 0 1 1 1 1 1 1 1 1 1 
1 1 1 0 1 1 1 1 1 1 1 1 0 
1 1 0 1 1 1 1 1 0 1 1 1 1 
1 1 1 1 1 1 0 1 1 1 1 1 1 
1 1 1 1 1 1 1 1 1 1 1 1 1 
1 1 1 1 1 1 1 1 1 1 1 1 1 
0 1 1 1 0 1 1 1 1 1 1 1 1 
1 1 1 1 1 1 1 1 1 1 1 1 1 
0 1 1 1 1 1 1 1 1 1 1 1 1 
1 0 1 1 1 1 1 1 0 1 1 1 1 
1 1 1 1 1 1 1 1 1 0 1 1 1 
1 1 1 1 1 1 1 1 1 1 0 1 1 
1 1 1 1 1 1 1 1 1 1 1 1 0 
1 1 1 1 1 1 1 1 1 0 1 1 1 
1 1 1 1 1 1 1 1 1 1 1 1 1 
1 1 1 1 0 1 0 1 1 1 0 1 1 
1 1 1 1 1 1 1 1 1 1 1 1 1 
1 1 1 1 1 0 1 1 1 1 0 1 1 
1 1 1 1 1 0 1 1 1 1 1 1 1 
1 1 1 1 1 1 1 1 1 1 0 1 1 
1 1 1 1 1 0 1 1 1 1 1 1 1 
1 1 1 1 1 0 1 1 1 1 1 1 1 
1 1 1 1 1 0 1 1 1 0 1 1 0 
1 1 0 1 1 1 1 1 1 1 1 1 1 
1 1 1 1 1 1 1 1 1 0 1 1 1 
0 1 0 1 1 1 1 1 1 1 1 1 1 
1 1 1 1 1 1 1 1 1 1 1 1 1 
1 0 0 1 1 1 1 1 1 1 1 1 1 
1 1 1 0 1 1 1 1 1 0 1 1 1 
1 1 0 1 1 1 1 1 1 1 1 1 1 
1 0 1 1 1 0 0 1 1 1 1 1 1 
1 1 1 1 1 1 1 1 1 1 1 1 1 
1 1 0 1 1 0 1 1 1 0 1 1 1 
1 1 1 0 1 1 0 0 1 1 1 1 1 
0 1 1 1 1 1 1 1 1 1 1 1 1 
1 1 1 1 1 0 1 1 1 1 1 1 1 
1 1 1 0 1 1 1 1 0 1 1 1 0 
1 1 1 1 1 1 0 1 1 1 1 0 1 
1 1 1 1 1 1 1 1 1 1 1 1 1 
1 1 1 0 1 1 1 1 1 0 1 1 1 
1 1 1 1 1 1 1 1 1 1 1 0 1 
1 1 1 1 1 0 1 1 1 1 1 1 1 
1 1 0 1 1 1 1 0 1 1 1 1 1 
1 1 0 0 1 1 1 1 1 1 1 1 1 
1 1 1 1 1 1 1 1 1 1 0 1 0 
1 1 1 1 1 1 1 0 1 1 1 1 1 
1 1 1 0 1 1 1 0 1 1 1 1 1 
]

EmployeeWantedInStint: [ (4 9) 1 (5 3) 1 (13 11) 1 (21 3) 1 (23 12) 1 (26 6) 1 (27 2) 1 (36 13) 1 (37 12) 1 (44 3) 1 (52 9) 1 (53 2) 1 (56 4) 1 (61 5) 1 (79 2) 1 (82 5) 1 (87 1) 1 (90 5) 1 (93 8) 1 (108 11) 1 (116 7) 1 (118 1) 1 (118 3) 1 (137 5) 1 (138 1) 1 (141 10) 1 (141 12) 1 (144 1) 1 (144 8) 1 (145 4) 1 (145 6) 1 (145 11) 1 (148 1) 1 ]

EmployeeWantedViolationCost: [ (4 9) 11000 (5 3) 10000 (13 11) 6000 (21 3) 9000 (23 12) 12000 (26 6) 12000 (27 2) 5000 (36 13) 13000 (37 12) 5000 (44 3) 10000 (52 9) 10000 (53 2) 5000 (56 4) 15000 (61 5) 9000 (79 2) 15000 (82 5) 13000 (87 1) 12000 (90 5) 12000 (93 8) 10000 (108 11) 9000 (116 7) 12000 (118 1) 6000 (118 3) 12000 (137 5) 7000 (138 1) 14000 (141 10) 8000 (141 12) 7000 (144 1) 14000 (144 8) 15000 (145 4) 11000 (145 6) 6000 (145 11) 11000 (148 1) 8000 ]

EmployeesThatShouldNotWorkTogetherWithEmployee: [
[ 11 17 46 71 85 107 108 139 ]
[ 7 12 17 71 72 81 89 110 121 ]
[ 23 47 55 63 67 112 117 131 145 ]
[ 10 29 35 44 60 76 77 84 125 143 ]
[ 14 45 97 103 138 139 140 ]
[ 60 67 76 85 92 145 ]
[ 35 38 124 128 135 142 ]
[ 17 29 36 65 66 69 141 ]
[ 104 ]
[ 13 127 131 135 149 ]
[ 17 36 38 41 60 67 ]
[ 16 35 135 ]
[ 21 52 58 67 69 75 116 ]
[ 76 ]
[ 18 25 38 86 136 ]
[ 30 52 53 84 93 120 123 ]
[ 59 103 ]
[ 86 100 112 129 139 ]
[ 33 34 84 129 132 ]
[ 32 43 62 92 102 135 149 ]
[ 36 77 78 109 ]
[ 25 71 73 78 83 100 134 ]
[ 59 76 87 94 99 103 106 116 127 ]
[ 25 36 60 120 144 147 148 ]
[ 45 48 52 55 ]
[ 34 120 ]
[ 35 87 120 121 ]
[ 87 89 105 132 138 146 ]
[ 60 68 78 92 103 ]
[ 46 103 119 123 133 146 ]
[ 39 57 82 90 113 119 120 137 ]
[ 43 59 91 107 143 ]
[ 58 72 102 132 ]
[ 73 78 79 99 109 123 129 139 146 ]
[ 62 68 69 89 107 109 150 ]
[ 77 81 ]
[ 53 122 ]
[ 39 68 77 84 147 ]
[ 117 140 ]
[ 123 144 ]
[ 75 79 ]
[ 78 91 92 138 146 ]
[ 45 92 133 ]
[ 56 105 ]
[ 76 ]
[ 54 78 111 145 147 ]
[ 48 133 ]
[ 57 80 119 125 148 ]
[ 75 94 111 122 ]
[ 58 74 109 110 135 ]
[ 75 100 130 149 ]
[ 63 70 146 147 ]
[ 54 58 68 90 91 101 109 129 139 ]
[ 63 75 88 ]
[ 79 90 108 124 132 ]
[ 74 76 83 84 92 101 102 109 111 123 ]
[ 88 137 142 146 ]
[ 101 102 111 ]
[ 67 110 121 ]
[ 110 113 115 134 143 ]
[ 82 85 88 148 ]
[ 71 81 104 113 121 ]
[ 91 119 133 147 ]
[ 67 91 111 119 126 136 ]
[ 130 ]
[ 67 75 79 106 108 ]
[ 73 81 86 106 131 147 ]
[ 85 ]
[ 78 85 103 137 ]
[ 93 94 121 123 133 ]
[ ]
[ 85 121 ]
[ 77 126 143 ]
[ 84 148 150 ]
[ 131 135 ]
[ 88 108 132 133 143 148 ]
[ ]
[ 93 ]
[ 92 125 137 ]
[ 113 ]
[ 85 93 109 118 120 138 ]
[ 112 120 125 ]
[ 120 143 ]
[ 92 122 127 ]
[ 104 110 132 134 ]
[ 110 116 ]
[ 98 108 109 144 ]
[ 90 97 99 ]
[ 120 147 ]
[ 103 131 ]
[ 105 134 ]
[ ]
[ ]
[ 97 104 ]
[ 98 114 123 143 ]
[ 99 106 119 ]
[ 123 ]
[ 111 118 140 148 ]
[ 127 ]
[ 101 105 121 132 ]
[ 111 114 118 ]
[ ]
[ 113 123 ]
[ 106 116 ]
[ 111 135 ]
[ 128 132 ]
[ ]
[ 129 ]
[ ]
[ ]
[ ]
[ 118 129 ]
[ 136 ]
[ ]
[ 119 123 127 142 ]
[ 137 ]
[ 118 119 133 140 142 ]
[ 127 129 143 ]
[ ]
[ 127 142 ]
[ 128 ]
[ ]
[ 133 136 ]
[ 146 ]
[ 134 ]
[ 148 ]
[ 130 146 ]
[ 132 ]
[ ]
[ 138 ]
[ 133 139 143 ]
[ 149 ]
[ ]
[ ]
[ ]
[ 143 ]
[ 150 ]
[ ]
[ ]
[ ]
[ ]
[ ]
[ ]
[ ]
[ ]
[ ]
[ ]
[ ]
[ ]
[ ]
]

ShouldNotWorkTogetherCost: [ (1 11) 99 (1 17) 297 (1 46) 99 (1 71) 99 (1 85) 297 (1 107) 396 (1 108) 297 (1 139) 297 (2 7) 99 (2 12) 198 (2 17) 198 (2 71) 99 (2 72) 198 (2 81) 297 (2 89) 396 (2 110) 99 (2 121) 198 (3 23) 297 (3 47) 396 (3 55) 396 (3 63) 198 (3 67) 198 (3 112) 198 (3 117) 297 (3 131) 198 (3 145) 297 (4 10) 297 (4 29) 99 (4 35) 198 (4 44) 396 (4 60) 396 (4 76) 297 (4 77) 297 (4 84) 99 (4 125) 396 (4 143) 396 (5 14) 198 (5 45) 198 (5 97) 198 (5 103) 297 (5 138) 396 (5 139) 297 (5 140) 99 (6 60) 99 (6 67) 198 (6 76) 396 (6 85) 198 (6 92) 198 (6 145) 198 (7 35) 99 (7 38) 198 (7 124) 297 (7 128) 297 (7 135) 99 (7 142) 198 (8 17) 99 (8 29) 99 (8 36) 297 (8 65) 198 (8 66) 297 (8 69) 99 (8 141) 396 (9 104) 396 (10 13) 396 (10 127) 198 (10 131) 99 (10 135) 297 (10 149) 396 (11 17) 99 (11 36) 297 (11 38) 297 (11 41) 396 (11 60) 297 (11 67) 297 (12 16) 297 (12 35) 396 (12 135) 396 (13 21) 198 (13 52) 99 (13 58) 99 (13 67) 297 (13 69) 99 (13 75) 198 (13 116) 198 (14 76) 198 (15 18) 99 (15 25) 198 (15 38) 99 (15 86) 297 (15 136) 99 (16 30) 198 (16 52) 99 (16 53) 99 (16 84) 297 (16 93) 99 (16 120) 297 (16 123) 99 (17 59) 99 (17 103) 396 (18 86) 99 (18 100) 198 (18 112) 396 (18 129) 198 (18 139) 99 (19 33) 99 (19 34) 99 (19 84) 99 (19 129) 198 (19 132) 99 (20 32) 99 (20 43) 396 (20 62) 297 (20 92) 396 (20 102) 297 (20 135) 99 (20 149) 99 (21 36) 396 (21 77) 396 (21 78) 99 (21 109) 198 (22 25) 297 (22 71) 99 (22 73) 396 (22 78) 99 (22 83) 396 (22 100) 396 (22 134) 297 (23 59) 99 (23 76) 396 (23 87) 99 (23 94) 297 (23 99) 396 (23 103) 198 (23 106) 396 (23 116) 99 (23 127) 99 (24 25) 99 (24 36) 198 (24 60) 396 (24 120) 297 (24 144) 297 (24 147) 297 (24 148) 297 (25 45) 396 (25 48) 198 (25 52) 99 (25 55) 198 (26 34) 396 (26 120) 297 (27 35) 198 (27 87) 396 (27 120) 396 (27 121) 396 (28 87) 297 (28 89) 198 (28 105) 99 (28 132) 198 (28 138) 396 (28 146) 297 (29 60) 297 (29 68) 297 (29 78) 396 (29 92) 396 (29 103) 396 (30 46) 396 (30 103) 99 (30 119) 396 (30 123) 396 (30 133) 396 (30 146) 297 (31 39) 99 (31 57) 396 (31 82) 396 (31 90) 297 (31 113) 99 (31 119) 297 (31 120) 99 (31 137) 396 (32 43) 198 (32 59) 396 (32 91) 99 (32 107) 297 (32 143) 99 (33 58) 396 (33 72) 99 (33 102) 297 (33 132) 198 (34 73) 99 (34 78) 396 (34 79) 99 (34 99) 99 (34 109) 396 (34 123) 198 (34 129) 396 (34 139) 198 (34 146) 198 (35 62) 198 (35 68) 396 (35 69) 297 (35 89) 99 (35 107) 396 (35 109) 297 (35 150) 396 (36 77) 198 (36 81) 198 (37 53) 297 (37 122) 99 (38 39) 198 (38 68) 198 (38 77) 198 (38 84) 396 (38 147) 198 (39 117) 297 (39 140) 297 (40 123) 297 (40 144) 99 (41 75) 198 (41 79) 99 (42 78) 396 (42 91) 297 (42 92) 198 (42 138) 198 (42 146) 99 (43 45) 198 (43 92) 198 (43 133) 198 (44 56) 396 (44 105) 297 (45 76) 396 (46 54) 99 (46 78) 198 (46 111) 99 (46 145) 396 (46 147) 198 (47 48) 99 (47 133) 99 (48 57) 297 (48 80) 297 (48 119) 99 (48 125) 99 (48 148) 297 (49 75) 198 (49 94) 297 (49 111) 198 (49 122) 198 (50 58) 198 (50 74) 99 (50 109) 99 (50 110) 396 (50 135) 297 (51 75) 396 (51 100) 198 (51 130) 99 (51 149) 396 (52 63) 99 (52 70) 99 (52 146) 198 (52 147) 99 (53 54) 396 (53 58) 198 (53 68) 99 (53 90) 99 (53 91) 297 (53 101) 297 (53 109) 396 (53 129) 297 (53 139) 198 (54 63) 198 (54 75) 99 (54 88) 297 (55 79) 396 (55 90) 297 (55 108) 99 (55 124) 297 (55 132) 297 (56 74) 198 (56 76) 99 (56 83) 297 (56 84) 198 (56 92) 99 (56 101) 396 (56 102) 99 (56 109) 396 (56 111) 198 (56 123) 99 (57 88) 99 (57 137) 198 (57 142) 396 (57 146) 396 (58 101) 99 (58 102) 198 (58 111) 99 (59 67) 297 (59 110) 99 (59 121) 297 (60 110) 99 (60 113) 198 (60 115) 297 (60 134) 297 (60 143) 396 (61 82) 297 (61 85) 198 (61 88) 198 (61 148) 198 (62 71) 396 (62 81) 99 (62 104) 99 (62 113) 396 (62 121) 198 (63 91) 198 (63 119) 396 (63 133) 99 (63 147) 198 (64 67) 396 (64 91) 198 (64 111) 297 (64 119) 198 (64 126) 99 (64 136) 396 (65 130) 99 (66 67) 297 (66 75) 198 (66 79) 99 (66 106) 297 (66 108) 297 (67 73) 297 (67 81) 198 (67 86) 99 (67 106) 198 (67 131) 396 (67 147) 198 (68 85) 99 (69 78) 198 (69 85) 297 (69 103) 99 (69 137) 99 (70 93) 396 (70 94) 396 (70 121) 396 (70 123) 99 (70 133) 297 (72 85) 99 (72 121) 99 (73 77) 297 (73 126) 99 (73 143) 198 (74 84) 198 (74 148) 198 (74 150) 198 (75 131) 198 (75 135) 198 (76 88) 198 (76 108) 297 (76 132) 99 (76 133) 297 (76 143) 396 (76 148) 396 (78 93) 99 (79 92) 99 (79 125) 297 (79 137) 396 (80 113) 396 (81 85) 198 (81 93) 297 (81 109) 396 (81 118) 99 (81 120) 198 (81 138) 198 (82 112) 297 (82 120) 396 (82 125) 396 (83 120) 198 (83 143) 99 (84 92) 297 (84 122) 99 (84 127) 396 (85 104) 297 (85 110) 99 (85 132) 396 (85 134) 297 (86 110) 396 (86 116) 396 (87 98) 99 (87 108) 99 (87 109) 396 (87 144) 99 (88 90) 99 (88 97) 297 (88 99) 396 (89 120) 396 (89 147) 198 (90 103) 297 (90 131) 198 (91 105) 198 (91 134) 396 (94 97) 99 (94 104) 99 (95 98) 198 (95 114) 396 (95 123) 297 (95 143) 99 (96 99) 396 (96 106) 396 (96 119) 396 (97 123) 99 (98 111) 297 (98 118) 297 (98 140) 297 (98 148) 396 (99 127) 198 (100 101) 297 (100 105) 297 (100 121) 99 (100 132) 396 (101 111) 99 (101 114) 198 (101 118) 99 (103 113) 396 (103 123) 198 (104 106) 198 (104 116) 99 (105 111) 198 (105 135) 99 (106 128) 297 (106 132) 297 (108 129) 198 (112 118) 396 (112 129) 297 (113 136) 297 (115 119) 396 (115 123) 297 (115 127) 99 (115 142) 198 (116 137) 198 (117 118) 99 (117 119) 198 (117 133) 198 (117 140) 396 (117 142) 198 (118 127) 99 (118 129) 198 (118 143) 396 (120 127) 198 (120 142) 297 (121 128) 198 (123 133) 99 (123 136) 396 (124 146) 396 (125 134) 198 (126 148) 396 (127 130) 297 (127 146) 198 (128 132) 297 (130 138) 99 (131 133) 99 (131 139) 396 (131 143) 198 (132 149) 396 (136 143) 297 (137 150) 198 ]

ImmediatePredecessorsToActivity: [
[ ]
[ 1 ]
[ 1 ]
[ 1 ]
[ 1 ]
[ 2 ]
[ 4 5 6 ]
[ 1 ]
[ 1 ]
[ 1 ]
[ 5 8 9 10 ]
[ 6 ]
[ 4 ]
[ 10 ]
[ 4 14 ]
[ 9 14 ]
[ 2 8 13 ]
[ 6 9 14 ]
[ 16 ]
[ 3 13 ]
[ 11 ]
[ 2 15 16 ]
[ 8 10 16 ]
[ 2 8 9 14 20 ]
[ 9 13 ]
[ 3 13 16 ]
[ 20 ]
]

ActivitiesInProject: [
[ 1 2 3 4 5 6 7 8 9 10 11 12 13 14 15 16 17 18 19 20 21 22 23 24 25 26 27 ]
]

nActivityModes: [ 1 1 1 1 1 1 1 1 1 1 1 1 1 1 1 1 1 1 1 1 1 1 1 1 1 1 1 ]

ActivitiyDurationWithMode: [
1	
9	
31	
43	
11	
55	
9	
49	
29	
8	
16	
8	
8	
14	
15	
13	
23	
8	
29	
10	
9	
11	
19	
13	
20	
23	
11	
]
StintsInProject: [
[ 1 2 3 4 5 6 7 8 9 10 11 12 13 ]
]

WorkingStintsOnDay: [
[ 1 ]
[ 1 ]
[ 1 ]
[ 1 ]
[ 1 ]
[ 1 ]
[ 1 ]
[ 1 ]
[ 1 ]
[ 1 ]
[ 1 ]
[ 1 ]
[ 1 ]
[ 1 ]
[ 2 ]
[ 2 ]
[ 2 ]
[ 2 ]
[ 2 ]
[ 2 ]
[ 2 ]
[ 2 ]
[ 2 ]
[ 2 ]
[ 2 ]
[ 2 ]
[ 2 ]
[ 2 ]
[ 3 ]
[ 3 ]
[ 3 ]
[ 3 ]
[ 3 ]
[ 3 ]
[ 3 ]
[ 3 ]
[ 3 ]
[ 3 ]
[ 3 ]
[ 3 ]
[ 3 ]
[ 3 ]
[ 4 ]
[ 4 ]
[ 4 ]
[ 4 ]
[ 4 ]
[ 4 ]
[ 4 ]
[ 4 ]
[ 4 ]
[ 4 ]
[ 4 ]
[ 4 ]
[ 4 ]
[ 4 ]
[ 5 ]
[ 5 ]
[ 5 ]
[ 5 ]
[ 5 ]
[ 5 ]
[ 5 ]
[ 5 ]
[ 5 ]
[ 5 ]
[ 5 ]
[ 5 ]
[ 5 ]
[ 5 ]
[ 6 ]
[ 6 ]
[ 6 ]
[ 6 ]
[ 6 ]
[ 6 ]
[ 6 ]
[ 6 ]
[ 6 ]
[ 6 ]
[ 6 ]
[ 6 ]
[ 6 ]
[ 6 ]
[ 7 ]
[ 7 ]
[ 7 ]
[ 7 ]
[ 7 ]
[ 7 ]
[ 7 ]
[ 7 ]
[ 7 ]
[ 7 ]
[ 7 ]
[ 7 ]
[ 7 ]
[ 7 ]
[ 8 ]
[ 8 ]
[ 8 ]
[ 8 ]
[ 8 ]
[ 8 ]
[ 8 ]
[ 8 ]
[ 8 ]
[ 8 ]
[ 8 ]
[ 8 ]
[ 8 ]
[ 8 ]
[ 9 ]
[ 9 ]
[ 9 ]
[ 9 ]
[ 9 ]
[ 9 ]
[ 9 ]
[ 9 ]
[ 9 ]
[ 9 ]
[ 9 ]
[ 9 ]
[ 9 ]
[ 9 ]
[ 10 ]
[ 10 ]
[ 10 ]
[ 10 ]
[ 10 ]
[ 10 ]
[ 10 ]
[ 10 ]
[ 10 ]
[ 10 ]
[ 10 ]
[ 10 ]
[ 10 ]
[ 10 ]
[ 11 ]
[ 11 ]
[ 11 ]
[ 11 ]
[ 11 ]
[ 11 ]
[ 11 ]
[ 11 ]
[ 11 ]
[ 11 ]
[ 11 ]
[ 11 ]
[ 11 ]
[ 11 ]
[ 12 ]
[ 12 ]
[ 12 ]
[ 12 ]
[ 12 ]
[ 12 ]
[ 12 ]
[ 12 ]
[ 12 ]
[ 12 ]
[ 12 ]
[ 12 ]
[ 12 ]
[ 12 ]
[ 13 ]
[ 13 ]
[ 13 ]
[ 13 ]
[ 13 ]
[ 13 ]
[ 13 ]
[ 13 ]
[ 13 ]
[ 13 ]
[ 13 ]
[ 13 ]
]

ProjectStart: [ 56 ]

ProjectEnd: [ 133 ]

EarliestStartDayForActivity: [ 1 56 56 56 56 65 120 56 56 56 105 120 99 64 99 85 107 120 98 107 121 114 105 117 107 107 117 ]

LatestStartDayForActivity: [ 1 133 133 133 133 133 133 133 133 133 133 133 133 133 133 133 133 133 133 133 133 133 133 133 133 133 133 ]

EquipmentTypeDemandInActivityWithMode: [
0	
1	
0	
0	
1	
2	
1	
1	
0	
0	
2	
1	
2	
2	
0	
2	
0	
1	
0	
1	
1	
2	
0	
3	
3	
1	
0	

0	
0	
2	
1	
2	
0	
0	
2	
2	
2	
1	
2	
1	
1	
1	
3	
2	
1	
1	
2	
1	
2	
0	
1	
1	
2	
0	

0	
2	
3	
1	
0	
1	
0	
2	
1	
2	
1	
1	
1	
0	
2	
2	
3	
0	
1	
2	
0	
3	
1	
1	
2	
1	
0	

0	
1	
0	
0	
0	
1	
1	
3	
4	
2	
1	
0	
1	
3	
1	
2	
1	
1	
4	
0	
3	
2	
2	
1	
1	
0	
1	

]

ExternalEquipmentRentingCost: [
2854	1252	3422	2178	2335	2367	5817	3962	3493	2627	1201	5707	1037	3626	3805	5434	5255	4082	2594	2782	4867	1800	1008	5215	5744	2804	5900	
3831	2068	4867	4200	5108	4624	2800	2369	4762	2769	4670	1076	3159	5318	2328	5124	5813	5659	2104	4553	3081	5411	3046	4519	1436	3098	2865	
2398	2493	3829	1004	2153	2300	2859	4755	4021	5457	5465	5228	3073	3012	5762	1824	5672	1891	5240	3298	1571	5244	3348	4272	3797	2832	1625	
2203	1817	5768	5046	3795	1188	4583	4440	3987	4571	4606	3571	3391	5424	1793	4790	4898	5733	1662	5773	5740	3422	4864	1971	4586	3007	2654	
]

EquipmentTypeTransportationCost: [
1	

1	

1	

1	

]

TransportationTimeForEquipmentTypeBetweenProjects: [
1	

1	

1	

1	

]

TotalNumberOfInitialEquipmentTypeLocation: [
(1 1) 5 
(2 1) 6 
(3 1) 5 
(4 1) 4 
]

DepotActivities: [ 1 ]

MaximalStintCliques: [
[ 2 1 ]
[ 2 3 ]
[ 4 3 ]
[ 4 5 ]
[ 5 6 ]
[ 6 7 ]
[ 7 8 ]
[ 8 9 ]
[ 9 10 ]
[ 10 11 ]
[ 11 12 ]
[ 12 13 ]
]
