nEmployees: 150
nSkills: 6
nProjects: 1
nDays: 150
nActivities: 35
nEquipmentTypes: 6
nStints: 11
nMaxModes: 1
nStintCliques: 10

EmployeeInStintCost: [
31336 31336 31336 31336 31336 31336 31336 31336 31336 31336 21706 
38184 38184 38184 38184 38184 38184 38184 38184 38184 38184 29016 
36384 36384 36384 36384 36384 36384 36384 36384 36384 36384 26754 
31200 31200 31200 31200 31200 31200 31200 31200 31200 31200 21042 
29336 29336 29336 29336 29336 29336 29336 29336 29336 29336 20168 
30856 30856 30856 30856 30856 30856 30856 30856 30856 30856 21028 
30616 30616 30616 30616 30616 30616 30616 30616 30616 30616 20920 
29640 29640 29640 29640 29640 29640 29640 29640 29640 29640 20142 
30376 30376 30376 30376 30376 30376 30376 30376 30376 30376 20812 
38776 38776 38776 38776 38776 38776 38776 38776 38776 38776 29740 
37704 37704 37704 37704 37704 37704 37704 37704 37704 37704 27348 
38712 38712 38712 38712 38712 38712 38712 38712 38712 38712 28818 
38536 38536 38536 38536 38536 38536 38536 38536 38536 38536 29632 
35184 35184 35184 35184 35184 35184 35184 35184 35184 35184 25620 
37224 37224 37224 37224 37224 37224 37224 37224 37224 37224 27132 
40696 40696 40696 40696 40696 40696 40696 40696 40696 40696 30604 
30496 30496 30496 30496 30496 30496 30496 30496 30496 30496 20866 
37224 37224 37224 37224 37224 37224 37224 37224 37224 37224 27132 
28944 28944 28944 28944 28944 28944 28944 28944 28944 28944 19710 
28832 28832 28832 28832 28832 28832 28832 28832 28832 28832 19598 
30160 30160 30160 30160 30160 30160 30160 30160 30160 30160 20332 
28944 28944 28944 28944 28944 28944 28944 28944 28944 28944 19512 
30624 30624 30624 30624 30624 30624 30624 30624 30624 30624 20268 
30240 30240 30240 30240 30240 30240 30240 30240 30240 30240 20412 
29424 29424 29424 29424 29424 29424 29424 29424 29424 29424 19728 
31968 31968 31968 31968 31968 31968 31968 31968 31968 31968 22602 
28704 28704 28704 28704 28704 28704 28704 28704 28704 28704 19404 
13800 13800 13800 13800 13800 13800 13800 13800 13800 13800 6210 
39744 39744 39744 39744 39744 39744 39744 39744 39744 39744 29718 
37160 37160 37160 37160 37160 37160 37160 37160 37160 37160 27794 
35856 35856 35856 35856 35856 35856 35856 35856 35856 35856 25896 
29880 29880 29880 29880 29880 29880 29880 29880 29880 29880 20448 
36624 36624 36624 36624 36624 36624 36624 36624 36624 36624 26862 
33760 33760 33760 33760 33760 33760 33760 33760 33760 33760 23536 
36936 36936 36936 36936 36936 36936 36936 36936 36936 36936 26382 
32560 32560 32560 32560 32560 32560 32560 32560 32560 32560 22996 
36384 36384 36384 36384 36384 36384 36384 36384 36384 36384 26160 
37272 37272 37272 37272 37272 37272 37272 37272 37272 37272 28170 
35424 35424 35424 35424 35424 35424 35424 35424 35424 35424 26322 
37392 37392 37392 37392 37392 37392 37392 37392 37392 37392 28224 
31456 31456 31456 31456 31456 31456 31456 31456 31456 31456 21760 
41176 41176 41176 41176 41176 41176 41176 41176 41176 41176 30820 
30384 30384 30384 30384 30384 30384 30384 30384 30384 30384 20358 
29320 29320 29320 29320 29320 29320 29320 29320 29320 29320 19954 
30120 30120 30120 30120 30120 30120 30120 30120 30120 30120 20556 
31576 31576 31576 31576 31576 31576 31576 31576 31576 31576 21814 
32568 32568 32568 32568 32568 32568 32568 32568 32568 32568 22872 
35424 35424 35424 35424 35424 35424 35424 35424 35424 35424 25728 
31616 31616 31616 31616 31616 31616 31616 31616 31616 31616 21194 
37160 37160 37160 37160 37160 37160 37160 37160 37160 37160 27794 
34416 34416 34416 34416 34416 34416 34416 34416 34416 34416 25248 
30760 30760 30760 30760 30760 30760 30760 30760 30760 30760 20602 
37160 37160 37160 37160 37160 37160 37160 37160 37160 37160 27794 
35736 35736 35736 35736 35736 35736 35736 35736 35736 35736 25842 
31000 31000 31000 31000 31000 31000 31000 31000 31000 31000 20710 
35424 35424 35424 35424 35424 35424 35424 35424 35424 35424 26322 
29456 29456 29456 29456 29456 29456 29456 29456 29456 29456 20222 
30144 30144 30144 30144 30144 30144 30144 30144 30144 30144 20052 
30536 30536 30536 30536 30536 30536 30536 30536 30536 30536 20708 
29440 29440 29440 29440 29440 29440 29440 29440 29440 29440 20008 
33880 33880 33880 33880 33880 33880 33880 33880 33880 33880 23590 
31360 31360 31360 31360 31360 31360 31360 31360 31360 31360 22456 
38000 38000 38000 38000 38000 38000 38000 38000 38000 38000 28172 
37992 37992 37992 37992 37992 37992 37992 37992 37992 37992 28494 
29544 29544 29544 29544 29544 29544 29544 29544 29544 29544 19980 
30600 30600 30600 30600 30600 30600 30600 30600 30600 30600 20772 
29664 29664 29664 29664 29664 29664 29664 29664 29664 29664 19836 
38360 38360 38360 38360 38360 38360 38360 38360 38360 38360 28334 
35904 35904 35904 35904 35904 35904 35904 35904 35904 35904 26538 
37720 37720 37720 37720 37720 37720 37720 37720 37720 37720 28486 
31200 31200 31200 31200 31200 31200 31200 31200 31200 31200 21042 
29176 29176 29176 29176 29176 29176 29176 29176 29176 29176 20272 
30720 30720 30720 30720 30720 30720 30720 30720 30720 30720 20628 
28592 28592 28592 28592 28592 28592 28592 28592 28592 28592 19490 
38680 38680 38680 38680 38680 38680 38680 38680 38680 38680 28918 
36744 36744 36744 36744 36744 36744 36744 36744 36744 36744 26322 
29424 29424 29424 29424 29424 29424 29424 29424 29424 29424 19926 
30000 30000 30000 30000 30000 30000 30000 30000 30000 30000 20502 
31720 31720 31720 31720 31720 31720 31720 31720 31720 31720 22618 
35256 35256 35256 35256 35256 35256 35256 35256 35256 35256 25626 
30744 30744 30744 30744 30744 30744 30744 30744 30744 30744 20520 
39192 39192 39192 39192 39192 39192 39192 39192 39192 39192 29034 
37632 37632 37632 37632 37632 37632 37632 37632 37632 37632 28332 
37224 37224 37224 37224 37224 37224 37224 37224 37224 37224 27132 
29160 29160 29160 29160 29160 29160 29160 29160 29160 29160 20124 
29656 29656 29656 29656 29656 29656 29656 29656 29656 29656 20488 
39040 39040 39040 39040 39040 39040 39040 39040 39040 39040 29080 
28944 28944 28944 28944 28944 28944 28944 28944 28944 28944 19710 
28800 28800 28800 28800 28800 28800 28800 28800 28800 28800 19962 
28440 28440 28440 28440 28440 28440 28440 28440 28440 28440 19602 
31600 31600 31600 31600 31600 31600 31600 31600 31600 31600 22564 
31576 31576 31576 31576 31576 31576 31576 31576 31576 31576 21814 
38592 38592 38592 38592 38592 38592 38592 38592 38592 38592 28764 
29216 29216 29216 29216 29216 29216 29216 29216 29216 29216 20114 
36696 36696 36696 36696 36696 36696 36696 36696 36696 36696 26274 
38832 38832 38832 38832 38832 38832 38832 38832 38832 38832 28872 
13560 13560 13560 13560 13560 13560 13560 13560 13560 13560 6102 
37400 37400 37400 37400 37400 37400 37400 37400 37400 37400 27902 
31336 31336 31336 31336 31336 31336 31336 31336 31336 31336 21244 
29640 29640 29640 29640 29640 29640 29640 29640 29640 29640 20340 
31200 31200 31200 31200 31200 31200 31200 31200 31200 31200 21042 
31456 31456 31456 31456 31456 31456 31456 31456 31456 31456 21760 
35856 35856 35856 35856 35856 35856 35856 35856 35856 35856 25896 
35184 35184 35184 35184 35184 35184 35184 35184 35184 35184 25620 
39256 39256 39256 39256 39256 39256 39256 39256 39256 39256 29956 
29520 29520 29520 29520 29520 29520 29520 29520 29520 29520 20088 
30120 30120 30120 30120 30120 30120 30120 30120 30120 30120 20556 
29904 29904 29904 29904 29904 29904 29904 29904 29904 29904 20142 
13080 13080 13080 13080 13080 13080 13080 13080 13080 13080 5886 
35904 35904 35904 35904 35904 35904 35904 35904 35904 35904 25944 
39144 39144 39144 39144 39144 39144 39144 39144 39144 39144 29448 
36336 36336 36336 36336 36336 36336 36336 36336 36336 36336 26112 
30280 30280 30280 30280 30280 30280 30280 30280 30280 30280 20386 
35256 35256 35256 35256 35256 35256 35256 35256 35256 35256 25626 
32056 32056 32056 32056 32056 32056 32056 32056 32056 32056 22030 
35664 35664 35664 35664 35664 35664 35664 35664 35664 35664 25836 
13920 13920 13920 13920 13920 13920 13920 13920 13920 13920 6264 
29664 29664 29664 29664 29664 29664 29664 29664 29664 29664 20034 
38240 38240 38240 38240 38240 38240 38240 38240 38240 38240 28280 
37040 37040 37040 37040 37040 37040 37040 37040 37040 37040 27740 
37480 37480 37480 37480 37480 37480 37480 37480 37480 37480 28378 
30056 30056 30056 30056 30056 30056 30056 30056 30056 30056 20492 
35256 35256 35256 35256 35256 35256 35256 35256 35256 35256 25626 
37704 37704 37704 37704 37704 37704 37704 37704 37704 37704 27348 
28736 28736 28736 28736 28736 28736 28736 28736 28736 28736 19898 
33640 33640 33640 33640 33640 33640 33640 33640 33640 33640 23482 
31376 31376 31376 31376 31376 31376 31376 31376 31376 31376 21086 
38544 38544 38544 38544 38544 38544 38544 38544 38544 38544 29178 
32680 32680 32680 32680 32680 32680 32680 32680 32680 32680 23050 
29184 29184 29184 29184 29184 29184 29184 29184 29184 29184 19620 
31216 31216 31216 31216 31216 31216 31216 31216 31216 31216 21190 
28840 28840 28840 28840 28840 28840 28840 28840 28840 28840 19738 
28224 28224 28224 28224 28224 28224 28224 28224 28224 28224 19188 
31456 31456 31456 31456 31456 31456 31456 31456 31456 31456 21298 
32448 32448 32448 32448 32448 32448 32448 32448 32448 32448 22818 
41416 41416 41416 41416 41416 41416 41416 41416 41416 41416 30928 
28944 28944 28944 28944 28944 28944 28944 28944 28944 28944 19710 
29192 29192 29192 29192 29192 29192 29192 29192 29192 29192 19760 
28800 28800 28800 28800 28800 28800 28800 28800 28800 28800 19764 
34776 34776 34776 34776 34776 34776 34776 34776 34776 34776 25410 
30384 30384 30384 30384 30384 30384 30384 30384 30384 30384 20160 
29040 29040 29040 29040 29040 29040 29040 29040 29040 29040 20070 
38064 38064 38064 38064 38064 38064 38064 38064 38064 38064 27510 
38840 38840 38840 38840 38840 38840 38840 38840 38840 38840 28550 
31976 31976 31976 31976 31976 31976 31976 31976 31976 31976 21356 
34584 34584 34584 34584 34584 34584 34584 34584 34584 34584 25350 
28224 28224 28224 28224 28224 28224 28224 28224 28224 28224 19386 
27864 27864 27864 27864 27864 27864 27864 27864 27864 27864 19026 
30624 30624 30624 30624 30624 30624 30624 30624 30624 30624 20268 
35016 35016 35016 35016 35016 35016 35016 35016 35016 35016 25518 
]

ExternalWorkerWithSkillOnStintCost: [
39168 30528 33696 29736 38232 29952 34056 29664 30384 31320 26460 
31536 38160 34920 33120 37800 39672 42480 42624 36936 31608 31920 
42120 37944 36576 37944 31968 33912 41400 37800 38880 42192 30600 
31680 36504 29232 40680 34920 32760 30600 32112 42048 41256 31140 
41760 33408 40968 38088 37584 30024 29304 40752 30816 39600 30060 
29520 34560 40392 30672 40248 34200 33768 36720 37152 39888 34560 
]

OverlappingStints: [
[ 2 ]
[ 3 ]
[ 4 ]
[ 5 ]
[ 6 ]
[ 7 ]
[ 8 ]
[ 9 ]
[ 10 ]
[ 11 ]
[ ]
]

EmployeesWithSkill: [
[ 1 2 3 4 5 6 7 8 9 10 11 12 13 14 15 16 17 18 19 20 21 22 23 24 25 26 27 28 29 30 31 32 33 34 35 36 37 38 39 40 41 42 43 44 45 46 47 48 49 50 51 52 53 54 55 56 57 58 59 60 61 62 63 64 65 66 67 68 69 70 71 72 73 74 75 76 77 78 79 80 81 82 83 84 85 86 87 88 89 90 91 92 93 94 95 96 97 98 99 100 101 102 103 104 105 106 107 108 109 110 111 112 113 114 115 116 117 118 119 120 121 122 123 124 125 126 127 128 129 130 131 132 133 134 135 136 137 138 139 140 141 142 143 144 145 146 147 148 149 150 ]
[ 5 6 7 8 10 11 14 16 17 20 21 26 29 32 34 35 36 39 40 41 49 52 55 57 60 61 63 64 68 69 71 72 73 74 76 77 78 80 81 82 83 85 86 89 92 95 97 99 100 102 103 106 111 113 114 115 117 122 123 126 130 131 132 134 135 136 137 141 143 145 146 149 ]
[ 1 2 3 4 5 6 7 8 9 10 11 12 14 15 16 17 18 19 20 21 22 23 25 26 27 28 29 30 31 32 33 34 35 36 37 38 39 40 41 42 43 44 45 46 47 48 49 50 51 52 53 54 55 56 57 58 59 60 61 62 63 64 65 66 67 68 69 70 71 73 74 75 76 77 78 79 82 83 84 85 87 88 90 91 92 94 95 96 97 98 99 100 101 103 104 105 106 107 108 109 110 111 112 113 114 115 116 117 118 119 120 121 122 123 124 125 126 127 128 129 130 131 132 133 134 135 136 137 138 139 140 141 142 143 144 145 146 147 148 149 150 ]
[ 1 2 3 4 9 11 12 13 16 20 21 25 28 30 31 32 33 34 35 36 37 47 49 50 53 54 55 58 60 63 66 68 69 82 83 87 89 91 92 93 95 96 100 101 103 104 105 108 110 112 113 114 115 120 121 122 126 127 130 134 136 137 140 143 145 147 ]
[ 8 9 18 23 34 42 52 76 77 81 84 92 103 116 122 124 128 134 144 145 ]
[ 1 2 4 5 6 8 9 10 11 12 13 14 15 16 17 18 19 21 22 23 24 26 27 28 29 30 31 32 33 34 35 36 37 38 39 40 42 43 44 45 47 48 49 50 51 52 54 55 56 57 58 59 60 61 62 63 64 65 67 68 69 70 71 72 73 74 75 76 79 80 81 82 83 84 85 87 88 91 93 94 95 96 98 99 100 101 102 103 104 106 107 108 109 110 111 112 114 116 117 118 119 120 121 122 123 124 125 126 127 128 129 130 131 132 134 135 136 137 138 139 141 142 143 144 145 146 148 149 150 ]
]

SkillDemandInActivityWithMode: [
0	
4	
5	
6	
21	
18	
12	
15	
8	
11	
14	
9	
19	
18	
11	
23	
7	
23	
21	
13	
12	
12	
9	
10	
16	
6	
9	
9	
11	
8	
23	
11	
9	
7	
23	

0	
1	
2	
2	
9	
8	
5	
7	
3	
5	
6	
4	
9	
8	
4	
11	
2	
10	
9	
6	
5	
5	
4	
4	
7	
2	
3	
3	
4	
3	
10	
5	
4	
3	
10	

0	
2	
4	
4	
19	
16	
10	
13	
6	
10	
12	
8	
17	
16	
9	
21	
5	
21	
19	
12	
10	
10	
8	
8	
14	
5	
7	
7	
9	
7	
21	
10	
8	
6	
21	

0	
1	
1	
2	
9	
7	
5	
6	
3	
4	
6	
3	
8	
7	
4	
10	
2	
10	
9	
5	
5	
5	
3	
4	
6	
2	
3	
3	
4	
3	
10	
4	
3	
2	
10	

0	
0	
0	
0	
2	
2	
1	
2	
0	
1	
1	
1	
2	
2	
1	
3	
0	
3	
2	
1	
1	
1	
1	
1	
2	
0	
1	
1	
1	
1	
3	
1	
1	
0	
3	

0	
2	
3	
4	
17	
14	
9	
12	
6	
9	
11	
7	
16	
14	
8	
19	
5	
19	
17	
11	
9	
9	
7	
8	
13	
5	
7	
7	
8	
6	
19	
9	
7	
5	
19	

]

EmployeeAvailability: [
1 1 0 1 1 1 1 1 1 1 1 
1 1 1 1 1 1 1 1 1 1 1 
1 1 1 1 1 1 1 1 1 1 1 
1 1 1 1 1 1 1 1 1 1 1 
1 1 1 1 1 1 1 0 1 1 1 
1 1 0 1 0 1 1 1 1 1 1 
1 1 1 1 1 1 1 1 1 1 1 
1 1 1 1 1 1 1 1 1 1 1 
0 1 1 1 1 1 1 1 1 1 0 
1 1 1 1 1 1 0 1 1 1 0 
1 0 0 1 1 1 1 1 1 1 1 
1 1 1 1 0 1 1 1 0 1 1 
1 1 1 1 1 0 1 1 0 1 1 
1 1 1 1 1 1 1 1 0 1 1 
1 1 1 1 1 1 1 1 1 1 1 
1 1 1 1 1 0 1 1 1 1 0 
1 1 1 1 1 1 1 1 1 1 1 
1 1 1 1 1 1 1 0 1 1 1 
1 1 1 1 1 1 1 1 1 1 1 
1 1 1 1 1 1 1 1 1 1 1 
1 1 1 1 1 1 0 1 1 1 1 
1 1 1 1 1 1 1 1 1 1 0 
1 0 1 1 1 1 1 1 0 1 1 
1 1 1 1 0 1 1 0 1 1 1 
1 1 1 1 1 1 0 1 1 1 0 
1 1 1 1 1 1 1 1 1 1 1 
1 1 1 1 1 1 1 1 1 1 1 
1 1 1 1 1 1 0 1 1 1 1 
1 0 1 1 1 0 1 1 1 1 1 
1 1 1 1 1 1 1 1 1 1 0 
1 1 0 1 1 1 1 0 1 1 0 
0 0 1 1 1 1 1 1 1 1 1 
1 1 1 1 1 1 1 1 1 1 0 
1 1 1 1 1 1 1 0 1 0 1 
1 1 1 1 1 1 1 1 1 0 1 
1 1 1 1 1 1 0 0 1 1 1 
1 1 1 1 1 1 0 1 1 1 1 
1 1 1 1 1 1 1 1 1 1 1 
1 1 1 1 0 1 1 0 1 1 1 
1 1 1 1 1 1 1 1 1 1 1 
1 1 0 1 1 1 1 1 0 0 1 
1 1 0 1 1 0 1 1 1 1 1 
1 0 1 0 1 1 1 1 1 0 1 
1 1 1 1 1 1 1 1 1 1 1 
1 1 1 1 1 1 1 0 1 1 1 
1 1 0 1 1 1 1 1 1 1 1 
1 1 1 1 1 1 1 1 1 1 1 
1 1 1 1 1 1 1 1 1 1 1 
1 0 1 1 1 1 1 1 1 1 1 
1 1 1 1 1 1 1 1 1 1 1 
1 1 1 1 1 1 0 1 1 1 1 
1 1 1 1 1 1 1 1 0 1 1 
1 1 1 0 1 1 0 1 1 1 1 
1 1 1 1 1 1 1 1 1 1 1 
1 1 1 1 1 1 1 1 1 1 1 
1 1 1 1 1 1 1 0 1 1 1 
1 1 1 1 0 1 0 0 1 1 1 
1 1 1 1 1 1 1 1 1 1 1 
1 1 1 0 1 1 1 1 0 1 1 
1 0 1 0 1 1 1 1 1 1 1 
1 1 0 1 1 1 1 1 1 1 1 
1 1 1 1 1 1 1 1 1 1 1 
1 1 1 0 1 1 1 1 0 1 1 
1 1 1 0 1 0 1 1 0 1 1 
1 1 0 1 1 1 1 1 1 1 1 
1 0 1 1 1 1 1 1 1 1 1 
1 0 0 1 1 1 1 1 1 1 1 
1 1 1 1 1 1 1 1 1 1 1 
1 1 1 1 1 1 1 1 1 1 1 
1 1 1 1 1 0 1 1 1 1 1 
1 1 1 1 1 1 0 1 1 1 1 
1 1 1 0 1 1 1 1 0 1 1 
1 1 0 1 1 1 1 0 1 1 1 
1 1 0 1 1 1 1 1 1 1 1 
1 1 0 1 1 1 1 1 1 1 1 
1 1 1 1 1 1 1 1 1 1 1 
1 1 1 1 1 1 1 1 0 1 1 
1 1 1 1 1 0 1 1 1 1 0 
1 0 1 1 1 1 1 1 1 0 0 
1 1 1 1 1 1 1 1 1 0 1 
1 1 1 1 0 1 1 1 1 1 1 
1 1 1 1 1 1 1 1 1 1 1 
1 1 1 1 1 0 1 1 1 1 0 
1 1 1 1 1 1 1 1 1 1 1 
1 1 1 1 1 1 1 1 1 1 1 
1 1 1 1 1 0 0 1 1 1 1 
1 1 1 1 1 1 1 1 1 0 1 
1 1 1 1 1 1 1 1 0 1 1 
1 1 1 1 1 1 1 1 1 1 1 
0 1 1 1 1 1 1 1 0 1 1 
1 1 1 1 1 1 1 1 1 1 1 
1 1 1 1 1 1 1 1 1 1 1 
1 1 1 0 1 1 1 1 1 1 1 
1 0 1 1 1 1 1 1 1 1 1 
1 1 1 1 0 1 1 0 1 0 1 
1 1 1 1 1 1 0 1 1 1 1 
1 1 0 1 1 1 1 1 1 0 1 
1 1 1 1 1 1 1 1 1 1 1 
1 1 1 1 1 1 1 1 1 1 1 
1 1 1 0 1 1 1 1 1 1 1 
1 1 1 1 1 1 1 1 1 1 1 
1 1 1 1 0 0 1 1 0 1 1 
0 0 1 1 1 1 1 1 1 1 0 
1 1 1 1 1 1 0 1 1 0 1 
1 1 1 1 1 0 1 1 1 1 1 
1 1 0 1 1 0 1 1 1 1 1 
1 1 1 1 1 1 1 1 1 0 1 
1 1 1 1 1 0 1 1 1 0 1 
0 1 1 1 1 1 1 0 1 1 1 
1 1 1 1 1 1 0 1 1 1 1 
1 1 0 1 1 1 1 1 1 0 0 
0 1 0 1 1 1 1 1 1 1 1 
0 1 0 1 1 1 1 1 1 1 0 
1 1 1 1 1 1 1 1 1 0 1 
1 1 1 1 1 1 1 1 1 1 1 
0 1 1 1 1 1 1 1 1 1 1 
1 1 1 0 1 1 1 1 1 1 1 
1 1 1 1 1 1 1 1 1 0 1 
1 1 1 1 1 0 1 1 1 0 0 
1 1 1 1 1 1 1 1 1 1 1 
1 1 1 1 1 0 1 1 1 1 1 
1 1 1 1 0 1 1 1 1 1 0 
1 1 1 1 1 1 1 1 1 1 1 
1 1 1 1 1 1 0 1 1 1 1 
1 1 1 1 0 1 1 1 1 1 0 
1 1 1 1 1 1 1 1 1 1 1 
1 1 0 1 1 0 1 1 1 1 1 
1 1 1 1 1 1 0 1 1 1 1 
1 1 1 1 0 0 1 1 1 1 1 
1 1 0 0 1 1 1 1 0 1 1 
1 1 1 1 0 1 1 1 1 1 0 
1 1 1 1 1 0 1 0 0 1 1 
0 1 1 1 1 1 1 1 1 1 1 
1 1 1 0 1 1 0 1 1 1 0 
0 1 1 0 1 1 1 1 1 1 1 
1 1 0 1 1 1 1 1 1 0 1 
0 1 1 1 1 1 1 1 1 1 1 
1 1 1 1 1 1 1 1 1 1 1 
1 1 1 1 1 1 1 1 1 1 1 
1 1 1 1 1 1 1 1 1 1 1 
1 1 1 1 1 1 1 0 0 1 1 
1 1 0 1 1 1 1 0 1 0 1 
1 1 1 1 1 1 1 1 1 1 1 
1 0 0 1 1 1 1 1 1 1 1 
1 1 1 1 1 1 1 1 1 1 1 
1 1 0 1 1 1 1 1 1 1 1 
1 0 1 1 1 1 1 0 1 1 1 
1 1 1 1 0 1 1 1 1 1 1 
1 0 0 1 1 1 1 1 1 0 1 
1 1 1 1 1 1 1 1 1 1 1 
]

EmployeeWantedInStint: [ (3 1) 1 (14 8) 1 (17 11) 1 (18 1) 1 (19 1) 1 (30 7) 1 (31 9) 1 (32 6) 1 (38 1) 1 (39 5) 1 (40 3) 1 (49 6) 1 (59 4) 1 (61 7) 1 (64 7) 1 (72 4) 1 (72 5) 1 (72 7) 1 (83 3) 1 (84 11) 1 (85 10) 1 (90 3) 1 (91 1) 1 (95 2) 1 (96 7) 1 (98 2) 1 (103 6) 1 (121 8) 1 (128 6) 1 (130 5) 1 (139 10) 1 (140 5) 1 ]

EmployeeWantedViolationCost: [ (3 1) 7000 (14 8) 11000 (17 11) 5000 (18 1) 10000 (19 1) 12000 (30 7) 5000 (31 9) 8000 (32 6) 8000 (38 1) 14000 (39 5) 9000 (40 3) 6000 (49 6) 10000 (59 4) 15000 (61 7) 5000 (64 7) 7000 (72 4) 6000 (72 5) 15000 (72 7) 5000 (83 3) 13000 (84 11) 12000 (85 10) 6000 (90 3) 13000 (91 1) 13000 (95 2) 6000 (96 7) 13000 (98 2) 8000 (103 6) 5000 (121 8) 10000 (128 6) 5000 (130 5) 7000 (139 10) 10000 (140 5) 7000 ]

EmployeesThatShouldNotWorkTogetherWithEmployee: [
[ 4 10 15 20 80 98 113 120 123 ]
[ 5 30 61 75 124 130 137 138 145 147 ]
[ 75 78 80 87 99 101 127 ]
[ 9 14 27 32 35 107 110 ]
[ 24 25 35 105 ]
[ 25 29 31 43 59 81 114 122 123 134 146 ]
[ 24 61 82 91 109 120 150 ]
[ 16 94 122 147 ]
[ 19 75 95 131 148 ]
[ 34 45 65 76 83 128 138 147 ]
[ 54 67 102 116 138 ]
[ 13 54 87 91 114 148 ]
[ 55 56 70 103 150 ]
[ 15 69 94 ]
[ 24 42 67 116 119 133 ]
[ 36 38 145 ]
[ 25 42 84 85 103 144 ]
[ 26 33 44 91 128 132 ]
[ 27 105 129 149 ]
[ 28 44 58 68 124 132 140 146 ]
[ 30 58 64 78 84 97 130 139 ]
[ 36 51 68 86 92 ]
[ 31 46 52 66 76 80 ]
[ 25 33 68 78 89 133 135 ]
[ 42 88 89 95 106 ]
[ 37 40 71 110 141 ]
[ 62 63 101 ]
[ 74 92 135 148 ]
[ 31 88 114 128 141 ]
[ 89 118 128 129 ]
[ 72 90 100 ]
[ 50 51 66 72 146 147 ]
[ 93 99 ]
[ 45 49 82 99 107 ]
[ 56 78 106 147 150 ]
[ 38 44 80 85 143 147 ]
[ 46 69 74 89 ]
[ 126 137 ]
[ 105 125 ]
[ 42 46 61 73 84 89 102 103 105 147 148 ]
[ 71 72 116 144 ]
[ 60 ]
[ 60 120 147 ]
[ 100 120 143 ]
[ 50 66 148 ]
[ 78 95 102 136 ]
[ 52 64 80 90 94 ]
[ 52 91 ]
[ 51 ]
[ 87 133 138 142 ]
[ 95 104 110 143 ]
[ 79 95 140 ]
[ 60 68 84 90 109 ]
[ 69 81 121 145 ]
[ 79 116 124 136 138 ]
[ 80 90 115 123 ]
[ 129 ]
[ 71 141 ]
[ 80 81 120 128 129 ]
[ 98 124 125 148 150 ]
[ 63 90 ]
[ 119 120 140 ]
[ 105 119 124 128 133 138 ]
[ 81 131 ]
[ 97 150 ]
[ 76 79 98 ]
[ 103 ]
[ 73 109 141 ]
[ 81 ]
[ 93 115 122 136 143 ]
[ 79 85 ]
[ 93 108 122 123 124 128 136 ]
[ 105 133 138 ]
[ 96 119 141 ]
[ 98 117 124 144 146 ]
[ 78 79 104 122 123 127 ]
[ 81 95 121 139 ]
[ 94 125 135 ]
[ 109 119 ]
[ 81 ]
[ 90 124 ]
[ ]
[ 137 139 ]
[ 87 119 120 128 143 ]
[ 91 95 111 122 123 134 147 ]
[ 115 149 ]
[ 103 132 ]
[ 109 111 118 126 134 144 ]
[ 102 103 107 119 123 ]
[ 140 149 ]
[ 95 111 145 ]
[ 115 138 ]
[ 102 113 134 142 ]
[ 119 127 130 142 ]
[ 110 ]
[ 138 ]
[ 102 147 ]
[ 104 109 127 148 ]
[ 101 133 ]
[ 113 128 137 148 ]
[ 119 ]
[ 114 117 133 ]
[ 112 ]
[ 112 126 130 138 146 ]
[ 125 ]
[ 125 134 ]
[ 124 134 144 ]
[ 128 129 ]
[ 130 145 ]
[ 121 122 ]
[ 119 ]
[ 115 138 ]
[ 128 ]
[ ]
[ 140 ]
[ 126 139 143 ]
[ 118 ]
[ 123 ]
[ 142 ]
[ 121 ]
[ 125 127 131 135 ]
[ 143 ]
[ 130 143 144 ]
[ ]
[ 133 ]
[ ]
[ ]
[ 137 146 ]
[ 143 ]
[ ]
[ ]
[ 141 ]
[ 137 ]
[ 148 ]
[ 139 ]
[ ]
[ ]
[ 141 ]
[ 143 ]
[ 147 ]
[ ]
[ ]
[ ]
[ 147 ]
[ ]
[ ]
[ ]
[ ]
[ 150 ]
[ ]
]

ShouldNotWorkTogetherCost: [ (1 4) 198 (1 10) 297 (1 15) 396 (1 20) 198 (1 80) 396 (1 98) 99 (1 113) 396 (1 120) 99 (1 123) 396 (2 5) 396 (2 30) 396 (2 61) 99 (2 75) 297 (2 124) 297 (2 130) 198 (2 137) 99 (2 138) 198 (2 145) 198 (2 147) 99 (3 75) 396 (3 78) 297 (3 80) 99 (3 87) 198 (3 99) 396 (3 101) 198 (3 127) 297 (4 9) 99 (4 14) 396 (4 27) 198 (4 32) 396 (4 35) 99 (4 107) 198 (4 110) 297 (5 24) 396 (5 25) 99 (5 35) 198 (5 105) 99 (6 25) 198 (6 29) 99 (6 31) 396 (6 43) 396 (6 59) 297 (6 81) 198 (6 114) 297 (6 122) 99 (6 123) 297 (6 134) 99 (6 146) 297 (7 24) 297 (7 61) 396 (7 82) 99 (7 91) 396 (7 109) 297 (7 120) 99 (7 150) 297 (8 16) 396 (8 94) 99 (8 122) 198 (8 147) 396 (9 19) 396 (9 75) 297 (9 95) 297 (9 131) 297 (9 148) 297 (10 34) 396 (10 45) 396 (10 65) 99 (10 76) 396 (10 83) 297 (10 128) 198 (10 138) 198 (10 147) 99 (11 54) 99 (11 67) 396 (11 102) 99 (11 116) 99 (11 138) 396 (12 13) 99 (12 54) 198 (12 87) 99 (12 91) 198 (12 114) 99 (12 148) 396 (13 55) 396 (13 56) 198 (13 70) 396 (13 103) 99 (13 150) 198 (14 15) 198 (14 69) 396 (14 94) 297 (15 24) 297 (15 42) 396 (15 67) 396 (15 116) 396 (15 119) 99 (15 133) 198 (16 36) 99 (16 38) 198 (16 145) 396 (17 25) 99 (17 42) 396 (17 84) 396 (17 85) 198 (17 103) 198 (17 144) 297 (18 26) 396 (18 33) 297 (18 44) 198 (18 91) 99 (18 128) 99 (18 132) 396 (19 27) 297 (19 105) 396 (19 129) 297 (19 149) 198 (20 28) 297 (20 44) 297 (20 58) 396 (20 68) 297 (20 124) 99 (20 132) 198 (20 140) 396 (20 146) 396 (21 30) 297 (21 58) 99 (21 64) 396 (21 78) 198 (21 84) 297 (21 97) 198 (21 130) 297 (21 139) 297 (22 36) 99 (22 51) 396 (22 68) 99 (22 86) 396 (22 92) 198 (23 31) 396 (23 46) 198 (23 52) 396 (23 66) 198 (23 76) 396 (23 80) 198 (24 25) 99 (24 33) 297 (24 68) 99 (24 78) 396 (24 89) 99 (24 133) 198 (24 135) 396 (25 42) 99 (25 88) 198 (25 89) 198 (25 95) 396 (25 106) 99 (26 37) 99 (26 40) 396 (26 71) 396 (26 110) 396 (26 141) 396 (27 62) 396 (27 63) 396 (27 101) 198 (28 74) 396 (28 92) 396 (28 135) 396 (28 148) 99 (29 31) 99 (29 88) 99 (29 114) 198 (29 128) 198 (29 141) 396 (30 89) 198 (30 118) 396 (30 128) 198 (30 129) 198 (31 72) 297 (31 90) 99 (31 100) 297 (32 50) 396 (32 51) 297 (32 66) 198 (32 72) 396 (32 146) 99 (32 147) 297 (33 93) 396 (33 99) 99 (34 45) 99 (34 49) 99 (34 82) 198 (34 99) 297 (34 107) 99 (35 56) 198 (35 78) 396 (35 106) 396 (35 147) 297 (35 150) 99 (36 38) 99 (36 44) 198 (36 80) 297 (36 85) 99 (36 143) 99 (36 147) 396 (37 46) 396 (37 69) 297 (37 74) 198 (37 89) 99 (38 126) 198 (38 137) 396 (39 105) 198 (39 125) 99 (40 42) 99 (40 46) 198 (40 61) 396 (40 73) 396 (40 84) 198 (40 89) 99 (40 102) 99 (40 103) 99 (40 105) 99 (40 147) 297 (40 148) 99 (41 71) 297 (41 72) 99 (41 116) 198 (41 144) 396 (42 60) 198 (43 60) 99 (43 120) 198 (43 147) 396 (44 100) 297 (44 120) 198 (44 143) 396 (45 50) 396 (45 66) 396 (45 148) 396 (46 78) 198 (46 95) 198 (46 102) 297 (46 136) 396 (47 52) 297 (47 64) 99 (47 80) 396 (47 90) 396 (47 94) 396 (48 52) 297 (48 91) 99 (49 51) 99 (50 87) 198 (50 133) 99 (50 138) 99 (50 142) 396 (51 95) 198 (51 104) 99 (51 110) 297 (51 143) 99 (52 79) 297 (52 95) 297 (52 140) 198 (53 60) 297 (53 68) 396 (53 84) 99 (53 90) 297 (53 109) 99 (54 69) 297 (54 81) 99 (54 121) 396 (54 145) 99 (55 79) 396 (55 116) 396 (55 124) 99 (55 136) 99 (55 138) 99 (56 80) 297 (56 90) 297 (56 115) 297 (56 123) 198 (57 129) 198 (58 71) 297 (58 141) 396 (59 80) 99 (59 81) 99 (59 120) 297 (59 128) 99 (59 129) 198 (60 98) 198 (60 124) 396 (60 125) 198 (60 148) 396 (60 150) 297 (61 63) 297 (61 90) 396 (62 119) 297 (62 120) 396 (62 140) 198 (63 105) 99 (63 119) 396 (63 124) 396 (63 128) 297 (63 133) 297 (63 138) 198 (64 81) 297 (64 131) 297 (65 97) 297 (65 150) 396 (66 76) 396 (66 79) 198 (66 98) 99 (67 103) 396 (68 73) 297 (68 109) 297 (68 141) 297 (69 81) 297 (70 93) 297 (70 115) 99 (70 122) 99 (70 136) 198 (70 143) 396 (71 79) 396 (71 85) 198 (72 93) 99 (72 108) 198 (72 122) 198 (72 123) 198 (72 124) 198 (72 128) 198 (72 136) 297 (73 105) 396 (73 133) 99 (73 138) 297 (74 96) 396 (74 119) 198 (74 141) 297 (75 98) 198 (75 117) 396 (75 124) 297 (75 144) 396 (75 146) 99 (76 78) 99 (76 79) 396 (76 104) 99 (76 122) 396 (76 123) 297 (76 127) 297 (77 81) 297 (77 95) 198 (77 121) 99 (77 139) 99 (78 94) 297 (78 125) 198 (78 135) 198 (79 109) 198 (79 119) 396 (80 81) 198 (81 90) 297 (81 124) 297 (83 137) 198 (83 139) 99 (84 87) 198 (84 119) 297 (84 120) 297 (84 128) 99 (84 143) 99 (85 91) 297 (85 95) 297 (85 111) 396 (85 122) 297 (85 123) 396 (85 134) 198 (85 147) 297 (86 115) 396 (86 149) 297 (87 103) 297 (87 132) 99 (88 109) 396 (88 111) 198 (88 118) 396 (88 126) 99 (88 134) 297 (88 144) 99 (89 102) 396 (89 103) 99 (89 107) 99 (89 119) 99 (89 123) 297 (90 140) 198 (90 149) 396 (91 95) 396 (91 111) 297 (91 145) 396 (92 115) 99 (92 138) 297 (93 102) 198 (93 113) 99 (93 134) 396 (93 142) 396 (94 119) 396 (94 127) 396 (94 130) 198 (94 142) 99 (95 110) 99 (96 138) 99 (97 102) 99 (97 147) 99 (98 104) 297 (98 109) 99 (98 127) 99 (98 148) 198 (99 101) 99 (99 133) 396 (100 113) 297 (100 128) 297 (100 137) 396 (100 148) 297 (101 119) 198 (102 114) 297 (102 117) 99 (102 133) 198 (103 112) 99 (104 112) 297 (104 126) 99 (104 130) 198 (104 138) 297 (104 146) 99 (105 125) 198 (106 125) 198 (106 134) 297 (107 124) 396 (107 134) 99 (107 144) 297 (108 128) 99 (108 129) 297 (109 130) 396 (109 145) 198 (110 121) 396 (110 122) 99 (111 119) 396 (112 115) 297 (112 138) 297 (113 128) 198 (115 140) 396 (116 126) 396 (116 139) 297 (116 143) 396 (117 118) 99 (118 123) 396 (119 142) 297 (120 121) 297 (121 125) 198 (121 127) 297 (121 131) 396 (121 135) 198 (122 143) 396 (123 130) 396 (123 143) 198 (123 144) 297 (125 133) 396 (128 137) 198 (128 146) 396 (129 143) 99 (132 141) 198 (133 137) 99 (134 148) 198 (135 139) 396 (138 141) 396 (139 143) 396 (140 147) 99 (144 147) 198 (149 150) 99 ]

ImmediatePredecessorsToActivity: [
[ ]
[ 1 ]
[ 1 ]
[ 1 ]
[ 2 4 ]
[ 4 ]
[ 4 ]
[ 2 ]
[ 6 ]
[ 1 ]
[ 7 ]
[ 7 ]
[ 11 ]
[ 3 4 ]
[ 7 14 ]
[ 14 ]
[ 3 ]
[ 2 16 ]
[ 10 14 18 ]
[ 16 ]
[ 3 ]
[ 2 14 ]
[ 6 10 ]
[ 10 14 ]
[ 14 ]
[ 1 ]
[ 1 ]
[ 27 ]
[ 2 6 10 28 ]
[ 6 10 26 28 ]
[ 16 21 30 ]
[ 4 10 28 ]
[ 3 6 7 28 ]
[ 6 26 28 ]
[ 5 11 14 23 32 ]
]

ActivitiesInProject: [
[ 1 2 3 4 5 6 7 8 9 10 11 12 13 14 15 16 17 18 19 20 21 22 23 24 25 26 27 28 29 30 31 32 33 34 35 ]
]

nActivityModes: [ 1 1 1 1 1 1 1 1 1 1 1 1 1 1 1 1 1 1 1 1 1 1 1 1 1 1 1 1 1 1 1 1 1 1 1 ]

ActivityDurationWithMode: [
1	
67	
47	
40	
10	
12	
18	
14	
29	
19	
15	
24	
11	
12	
20	
9	
34	
9	
10	
16	
18	
18	
24	
22	
13	
35	
25	
25	
20	
26	
9	
19	
23	
31	
9	
]

StintsInProject: [
[ 1 2 3 4 5 6 7 8 9 10 11 ]
]

WorkingStintsOnDay: [
[ 1 ]
[ 1 ]
[ 1 ]
[ 1 ]
[ 1 ]
[ 1 ]
[ 1 ]
[ 1 ]
[ 1 ]
[ 1 ]
[ 1 ]
[ 1 ]
[ ]
[ ]
[ 2 ]
[ 2 ]
[ 2 ]
[ 2 ]
[ 2 ]
[ 2 ]
[ 2 ]
[ 2 ]
[ 2 ]
[ 2 ]
[ 2 ]
[ 2 ]
[ ]
[ ]
[ 3 ]
[ 3 ]
[ 3 ]
[ 3 ]
[ 3 ]
[ 3 ]
[ 3 ]
[ 3 ]
[ 3 ]
[ 3 ]
[ 3 ]
[ 3 ]
[ ]
[ ]
[ 4 ]
[ 4 ]
[ 4 ]
[ 4 ]
[ 4 ]
[ 4 ]
[ 4 ]
[ 4 ]
[ 4 ]
[ 4 ]
[ 4 ]
[ 4 ]
[ ]
[ ]
[ 5 ]
[ 5 ]
[ 5 ]
[ 5 ]
[ 5 ]
[ 5 ]
[ 5 ]
[ 5 ]
[ 5 ]
[ 5 ]
[ 5 ]
[ 5 ]
[ ]
[ ]
[ 6 ]
[ 6 ]
[ 6 ]
[ 6 ]
[ 6 ]
[ 6 ]
[ 6 ]
[ 6 ]
[ 6 ]
[ 6 ]
[ 6 ]
[ 6 ]
[ ]
[ ]
[ 7 ]
[ 7 ]
[ 7 ]
[ 7 ]
[ 7 ]
[ 7 ]
[ 7 ]
[ 7 ]
[ 7 ]
[ 7 ]
[ 7 ]
[ 7 ]
[ ]
[ ]
[ 8 ]
[ 8 ]
[ 8 ]
[ 8 ]
[ 8 ]
[ 8 ]
[ 8 ]
[ 8 ]
[ 8 ]
[ 8 ]
[ 8 ]
[ 8 ]
[ ]
[ ]
[ 9 ]
[ 9 ]
[ 9 ]
[ 9 ]
[ 9 ]
[ 9 ]
[ 9 ]
[ 9 ]
[ 9 ]
[ 9 ]
[ 9 ]
[ 9 ]
[ ]
[ ]
[ 10 ]
[ 10 ]
[ 10 ]
[ 10 ]
[ 10 ]
[ 10 ]
[ 10 ]
[ 10 ]
[ 10 ]
[ 10 ]
[ 10 ]
[ 10 ]
[ ]
[ ]
[ 11 ]
[ 11 ]
[ 11 ]
[ 11 ]
[ 11 ]
[ 11 ]
[ 11 ]
[ 11 ]
[ 11 ]
[ 11 ]
]

ProjectStart: [ 17 ]

ProjectEnd: [ 119 ]

EarliestStartDayForActivity: [ 1 17 17 17 94 63 63 94 77 17 83 83 102 72 86 86 72 95 106 95 72 94 77 86 86 17 17 46 94 77 107 75 83 77 106 ]

LatestStartDayForActivity: [ 1 119 119 119 119 119 119 119 119 119 119 119 119 119 119 119 119 119 119 119 119 119 119 119 119 119 119 119 119 119 119 119 119 119 119 ]

EquipmentTypeDemandInActivityWithMode: [
0	
2	
2	
0	
1	
0	
0	
2	
3	
1	
1	
1	
1	
2	
2	
2	
2	
1	
0	
3	
3	
0	
1	
2	
2	
2	
1	
1	
2	
0	
0	
1	
0	
0	
0	

0	
1	
0	
0	
1	
0	
2	
0	
2	
2	
0	
3	
2	
1	
0	
0	
2	
1	
1	
3	
0	
1	
1	
1	
0	
1	
2	
4	
1	
1	
2	
3	
1	
1	
0	

0	
1	
1	
0	
0	
1	
0	
1	
0	
6	
2	
0	
2	
3	
1	
2	
1	
2	
0	
0	
0	
0	
0	
2	
0	
3	
1	
3	
1	
2	
0	
0	
0	
1	
0	

0	
1	
0	
0	
1	
2	
1	
2	
0	
4	
0	
0	
1	
3	
1	
2	
1	
1	
1	
0	
3	
3	
1	
0	
2	
2	
1	
0	
1	
0	
2	
2	
2	
0	
1	

0	
1	
0	
3	
1	
0	
0	
5	
2	
2	
3	
1	
1	
1	
4	
0	
1	
3	
2	
2	
0	
1	
2	
0	
1	
1	
2	
2	
0	
1	
3	
5	
0	
2	
3	

0	
3	
3	
2	
3	
0	
1	
2	
0	
0	
2	
0	
2	
0	
1	
2	
4	
0	
3	
1	
0	
1	
1	
3	
0	
2	
3	
2	
0	
0	
2	
4	
0	
3	
1	

]

ExternalEquipmentRentingCost: [
2043	2854	4448	4535	3571	1565	1435	1019	1983	1119	4189	4338	1635	4441	5265	3389	4568	4725	5471	1698	4227	4358	5038	4715	5122	2074	4779	3789	4072	4968	4433	2129	5879	1832	4092	
1766	2204	4122	5029	4951	3521	1443	2439	2777	5706	1822	3157	1747	3812	4719	2571	5581	5404	4081	2679	1392	2997	5519	3394	3951	1945	5931	4224	4193	4078	1151	5481	3584	5354	3943	
1645	3085	3181	4649	4621	4262	4601	5721	3463	5587	4680	5870	1862	1227	3974	5860	2844	4272	1499	2852	4265	3501	4417	3974	2460	1393	5056	1661	5599	1586	4106	3314	3451	2854	2384	
4199	3758	4797	2166	4156	3428	2058	1452	4997	1229	5953	2898	2310	2354	2347	4725	1831	4799	2781	3792	2939	2847	1123	1424	2683	1224	5360	4286	5247	2258	1310	4090	1781	4219	4449	
1160	1832	2852	5342	4954	3147	4753	5351	2856	5184	2980	3489	3612	5077	2436	4139	3472	3950	2504	1500	4951	4370	3635	2183	2183	2573	4702	4343	5050	4940	2661	1733	1635	1046	5291	
5392	2248	5922	5415	5239	5811	5290	4536	1857	1856	5690	2761	4444	1922	5802	2270	5041	1346	5387	5486	2807	2387	1252	3514	2085	4464	4267	5746	4615	5098	2898	4310	2935	4756	2458	
]

EquipmentTypeTransportationCost: [
1	

1	

1	

1	

1	

1	

]

TransportationTimeForEquipmentTypeBetweenProjects: [
1	

1	

1	

1	

1	

1	

]

TotalNumberOfInitialEquipmentTypeLocation: [
(1 1) 6 
(2 1) 3 
(3 1) 7 
(4 1) 7 
(5 1) 6 
(6 1) 11 
]

DepotActivities: [ 1 ]

MaximalStintCliques: [
[ 2 1 ]
[ 2 3 ]
[ 4 3 ]
[ 4 5 ]
[ 5 6 ]
[ 6 7 ]
[ 7 8 ]
[ 8 9 ]
[ 9 10 ]
[ 10 11 ]
]
