nEmployees: 30
nSkills: 2
nProjects: 1
nDays: 150
nActivities: 32
nEquipmentTypes: 5
nStints: 11
nMaxModes: 3
nStintCliques: 10

EmployeeInStintCost: [
37582 37582 37582 37582 37582 37582 37582 37582 37582 35134 22458 
42720 42720 42720 42720 42720 42720 42720 42720 42720 40440 28352 
42928 42928 42928 42928 42928 42928 42928 42928 42928 40264 26832 
38392 38392 38392 38392 38392 38392 38392 38392 38392 35728 22296 
20626 20626 20626 20626 20626 20626 20626 20626 20626 17914 8422 
33750 33750 33750 33750 33750 33750 33750 33750 33750 31206 18194 
32480 32480 32480 32480 32480 32480 32480 32480 32480 30104 17680 
31474 31474 31474 31474 31474 31474 31474 31474 31474 29170 16998 
36060 36060 36060 36060 36060 36060 36060 36060 36060 33636 21044 
38166 38166 38166 38166 38166 38166 38166 38166 38166 35430 21746 
38156 38156 38156 38156 38156 38156 38156 38156 38156 35636 22708 
33668 33668 33668 33668 33668 33668 33668 33668 33668 31052 17788 
39688 39688 39688 39688 39688 39688 39688 39688 39688 36928 23160 
41066 41066 41066 41066 41066 41066 41066 41066 41066 38570 25726 
43206 43206 43206 43206 43206 43206 43206 43206 43206 40854 28514 
41876 41876 41876 41876 41876 41876 41876 41876 41876 39260 25996 
16524 16524 16524 16524 16524 16524 16524 16524 16524 14076 5508 
38392 38392 38392 38392 38392 38392 38392 38392 38392 35824 22728 
31508 31508 31508 31508 31508 31508 31508 31508 31508 29276 17356 
40290 40290 40290 40290 40290 40290 40290 40290 40290 37986 25814 
42362 42362 42362 42362 42362 42362 42362 42362 42362 39674 26158 
19168 19168 19168 19168 19168 19168 19168 19168 19168 16672 7936 
35736 35736 35736 35736 35736 35736 35736 35736 35736 33360 20936 
36934 36934 36934 36934 36934 36934 36934 36934 36934 34582 22242 
43854 43854 43854 43854 43854 43854 43854 43854 43854 41406 28730 
17872 17872 17872 17872 17872 17872 17872 17872 17872 15568 7504 
33462 33462 33462 33462 33462 33462 33462 33462 33462 30918 17906 
32940 32940 32940 32940 32940 32940 32940 32940 32940 30516 17924 
33446 33446 33446 33446 33446 33446 33446 33446 33446 31094 18754 
17386 17386 17386 17386 17386 17386 17386 17386 17386 15154 7342 
]

ExternalWorkerWithSkillOnStintCost: [
42840 43176 42336 49308 47376 47964 44856 42924 34440 39060 34680 
49980 44856 49812 39312 39312 36960 39984 35700 40992 47628 34500 
]

OverlappingStints: [
[ 2 ]
[ 3 ]
[ 4 ]
[ 5 ]
[ 6 ]
[ 7 ]
[ 8 ]
[ 9 ]
[ 10 ]
[ 11 ]
[ ]
]

EmployeesWithSkill: [
[ 1 2 3 4 5 6 7 8 9 10 11 12 13 14 15 16 17 18 19 20 21 22 23 24 25 26 27 28 29 30 ]
[ 1 3 4 5 6 7 8 9 10 12 13 15 16 17 20 23 25 26 28 29 ]
]

SkillDemandInActivityWithMode: [
0	0	0	
4	7	3	
4	7	3	
3	6	2	
3	6	2	
2	4	2	
5	9	4	
1	3	1	
3	6	2	
3	6	2	
1	3	1	
3	6	2	
3	6	2	
1	3	1	
4	7	3	
3	6	2	
1	3	1	
2	4	2	
3	6	2	
3	6	2	
3	6	2	
3	6	2	
2	4	2	
4	7	3	
4	7	3	
1	3	1	
4	7	3	
3	6	2	
1	3	1	
1	3	1	
2	4	2	
2	4	2	

0	0	0	
2	4	2	
2	4	2	
1	3	1	
1	3	1	
0	1	0	
2	4	2	
0	1	0	
1	3	1	
1	3	1	
0	1	0	
1	3	1	
1	3	1	
0	1	0	
1	3	1	
1	3	1	
0	1	0	
0	1	0	
1	3	1	
1	3	1	
1	3	1	
1	3	1	
0	1	0	
2	4	2	
2	4	2	
0	1	0	
2	4	2	
1	3	1	
0	1	0	
0	1	0	
1	3	1	
1	3	1	

]

EmployeeAvailability: [
1 0 1 0 0 1 1 1 1 1 1 
1 1 1 1 0 1 1 1 1 1 0 
1 1 1 1 1 1 1 0 0 1 1 
1 1 1 1 1 1 0 1 1 1 1 
1 1 0 1 1 1 1 1 1 0 0 
1 0 1 1 1 1 1 1 1 1 1 
0 1 1 1 1 1 1 1 1 0 1 
1 1 1 1 1 1 1 1 1 1 1 
1 1 0 0 1 1 1 1 1 1 1 
1 1 1 1 1 1 1 1 1 1 1 
1 1 1 1 1 1 1 1 1 0 1 
1 0 1 1 1 1 1 1 0 1 1 
0 1 0 1 1 1 0 1 1 1 1 
1 0 1 1 1 0 1 1 1 1 1 
1 1 1 1 1 1 1 1 1 1 1 
1 1 1 1 1 1 1 1 1 1 1 
1 1 1 1 1 1 1 0 0 1 1 
1 1 1 1 1 1 1 0 1 1 1 
1 1 1 1 1 1 1 0 1 0 1 
1 0 1 1 1 1 1 0 1 1 1 
1 1 1 1 0 1 1 1 1 1 0 
1 1 1 1 1 1 1 1 1 0 1 
1 1 1 1 0 1 0 1 1 1 1 
1 1 1 1 1 1 1 1 1 1 1 
1 1 0 1 1 1 1 1 1 1 1 
1 1 1 1 1 1 0 0 1 1 1 
1 1 1 1 1 1 1 0 1 1 1 
1 1 1 1 1 0 1 1 1 1 0 
1 1 0 1 1 1 1 1 1 0 1 
0 1 1 0 1 1 0 1 1 1 1 
]

EmployeeWantedInStint: [ (4 3) 1 (6 1) 1 (20 2) 1 (23 7) 1 (25 9) 1 (26 1) 1 (27 1) 1 (29 4) 1 ]

EmployeeWantedViolationCost: [ (4 3) 6000 (6 1) 11000 (20 2) 7000 (23 7) 10000 (25 9) 6000 (26 1) 7000 (27 1) 5000 (29 4) 8000 ]

EmployeesThatShouldNotWorkTogetherWithEmployee: [
[ 3 25 ]
[ ]
[ 8 ]
[ 20 ]
[ 27 ]
[ 11 ]
[ 22 ]
[ 17 20 28 ]
[ 21 ]
[ ]
[ ]
[ 20 25 ]
[ 17 21 ]
[ 23 24 ]
[ ]
[ ]
[ 23 29 30 ]
[ ]
[ 26 30 ]
[ 22 25 ]
[ ]
[ ]
[ 30 ]
[ 26 ]
[ 29 ]
[ ]
[ ]
[ ]
[ ]
[ ]
]

ShouldNotWorkTogetherCost: [ (1 3) 198 (1 25) 99 (3 8) 297 (4 20) 99 (5 27) 99 (6 11) 396 (7 22) 198 (8 17) 99 (8 20) 198 (8 28) 297 (9 21) 297 (12 20) 198 (12 25) 99 (13 17) 396 (13 21) 99 (14 23) 99 (14 24) 99 (17 23) 297 (17 29) 297 (17 30) 198 (19 26) 198 (19 30) 297 (20 22) 99 (20 25) 198 (23 30) 396 (24 26) 99 (25 29) 396 ]

ImmediatePredecessorsToActivity: [
[ ]
[ 1 ]
[ 1 ]
[ 3 ]
[ 2 ]
[ 1 ]
[ 2 ]
[ 6 ]
[ 4 8 ]
[ 5 ]
[ 7 ]
[ 4 ]
[ 8 ]
[ 1 ]
[ 3 6 14 ]
[ 3 11 ]
[ 1 ]
[ 6 12 ]
[ 8 11 18 ]
[ 7 12 14 16 ]
[ 5 6 ]
[ 7 10 18 ]
[ 10 21 ]
[ 2 11 17 18 ]
[ 11 23 ]
[ 1 ]
[ 2 4 16 18 23 ]
[ 2 6 11 12 ]
[ 10 ]
[ 1 ]
[ 7 12 ]
[ 8 18 21 31 ]
]

ActivitiesInProject: [
[ 1 2 3 4 5 6 7 8 9 10 11 12 13 14 15 16 17 18 19 20 21 22 23 24 25 26 27 28 29 30 31 32 ]
]

nActivityModes: [ 3 3 3 3 3 3 3 3 3 3 3 3 3 3 3 3 3 3 3 3 3 3 3 3 3 3 3 3 3 3 3 3 ]

ActivitiyDurationWithMode: [
1	1	1	
10	7	14	
10	7	14	
13	9	18	
16	11	22	
25	17	34	
9	6	12	
46	31	62	
15	10	20	
15	10	20	
42	28	56	
17	12	23	
14	10	19	
79	53	106	
12	8	16	
14	10	19	
70	47	94	
27	18	36	
14	10	19	
12	8	16	
12	8	16	
13	9	18	
35	24	47	
11	8	15	
9	6	12	
92	62	123	
11	8	15	
14	10	19	
37	25	50	
88	59	118	
18	12	24	
19	13	26	
]
StintsInProject: [
[ 1 2 3 4 5 6 7 8 9 10 11 ]
]

WorkingStintsOnDay: [
[ 1 ]
[ 1 ]
[ 1 ]
[ 1 ]
[ 1 ]
[ 1 ]
[ 1 ]
[ 1 ]
[ 1 ]
[ 1 ]
[ 1 ]
[ 1 ]
[ 1 ]
[ 1 ]
[ 2 ]
[ 2 ]
[ 2 ]
[ 2 ]
[ 2 ]
[ 2 ]
[ 2 ]
[ 2 ]
[ 2 ]
[ 2 ]
[ 2 ]
[ 2 ]
[ 2 ]
[ 2 ]
[ 3 ]
[ 3 ]
[ 3 ]
[ 3 ]
[ 3 ]
[ 3 ]
[ 3 ]
[ 3 ]
[ 3 ]
[ 3 ]
[ 3 ]
[ 3 ]
[ 3 ]
[ 3 ]
[ 4 ]
[ 4 ]
[ 4 ]
[ 4 ]
[ 4 ]
[ 4 ]
[ 4 ]
[ 4 ]
[ 4 ]
[ 4 ]
[ 4 ]
[ 4 ]
[ 4 ]
[ 4 ]
[ 5 ]
[ 5 ]
[ 5 ]
[ 5 ]
[ 5 ]
[ 5 ]
[ 5 ]
[ 5 ]
[ 5 ]
[ 5 ]
[ 5 ]
[ 5 ]
[ 5 ]
[ 5 ]
[ 6 ]
[ 6 ]
[ 6 ]
[ 6 ]
[ 6 ]
[ 6 ]
[ 6 ]
[ 6 ]
[ 6 ]
[ 6 ]
[ 6 ]
[ 6 ]
[ 6 ]
[ 6 ]
[ 7 ]
[ 7 ]
[ 7 ]
[ 7 ]
[ 7 ]
[ 7 ]
[ 7 ]
[ 7 ]
[ 7 ]
[ 7 ]
[ 7 ]
[ 7 ]
[ 7 ]
[ 7 ]
[ 8 ]
[ 8 ]
[ 8 ]
[ 8 ]
[ 8 ]
[ 8 ]
[ 8 ]
[ 8 ]
[ 8 ]
[ 8 ]
[ 8 ]
[ 8 ]
[ 8 ]
[ 8 ]
[ 9 ]
[ 9 ]
[ 9 ]
[ 9 ]
[ 9 ]
[ 9 ]
[ 9 ]
[ 9 ]
[ 9 ]
[ 9 ]
[ 9 ]
[ 9 ]
[ 9 ]
[ 9 ]
[ 10 ]
[ 10 ]
[ 10 ]
[ 10 ]
[ 10 ]
[ 10 ]
[ 10 ]
[ 10 ]
[ 10 ]
[ 10 ]
[ 10 ]
[ 10 ]
[ 10 ]
[ 10 ]
[ 11 ]
[ 11 ]
[ 11 ]
[ 11 ]
[ 11 ]
[ 11 ]
[ 11 ]
[ 11 ]
[ 11 ]
[ 11 ]
]

ProjectStart: [ 19 ]

ProjectEnd: [ 112 ]

EarliestStartDayForActivity: [ 1 19 19 29 29 19 29 44 90 45 38 42 90 19 98 80 19 59 90 98 45 86 60 89 95 19 95 80 60 19 59 90 ]

LatestStartDayForActivity: [ 1 112 112 112 112 112 112 112 112 112 112 112 112 112 112 112 112 112 112 112 112 112 112 112 112 112 112 112 112 112 112 112 ]

EquipmentTypeDemandInActivityWithMode: [
0	0	0	
1	3	1	
0	1	0	
1	3	1	
4	7	3	
1	3	1	
1	3	1	
4	7	3	
1	3	1	
0	1	0	
0	1	0	
1	3	1	
3	6	2	
1	3	1	
3	6	2	
1	3	1	
2	4	2	
3	6	2	
0	1	0	
1	3	1	
2	4	2	
1	3	1	
2	4	2	
0	1	0	
1	3	1	
0	1	0	
0	1	0	
1	3	1	
1	3	1	
2	4	2	
1	3	1	
1	3	1	

0	0	0	
2	4	2	
4	7	3	
1	3	1	
0	1	0	
1	3	1	
3	6	2	
0	1	0	
1	3	1	
1	3	1	
1	3	1	
0	1	0	
1	3	1	
1	3	1	
0	1	0	
1	3	1	
0	1	0	
0	1	0	
0	1	0	
1	3	1	
2	4	2	
1	3	1	
0	1	0	
0	1	0	
0	1	0	
2	4	2	
0	1	0	
3	6	2	
3	6	2	
0	1	0	
1	3	1	
0	1	0	

0	0	0	
1	3	1	
2	4	2	
1	3	1	
0	1	0	
1	3	1	
2	4	2	
1	3	1	
2	4	2	
2	4	2	
1	3	1	
0	1	0	
0	1	0	
0	1	0	
1	3	1	
1	3	1	
0	1	0	
2	4	2	
2	4	2	
1	3	1	
1	3	1	
0	1	0	
1	3	1	
0	1	0	
2	4	2	
2	4	2	
1	3	1	
2	4	2	
0	1	0	
3	6	2	
2	4	2	
0	1	0	

0	0	0	
2	4	2	
0	1	0	
1	3	1	
2	4	2	
1	3	1	
2	4	2	
0	1	0	
2	4	2	
0	1	0	
1	3	1	
5	9	4	
0	1	0	
3	6	2	
3	6	2	
2	4	2	
2	4	2	
1	3	1	
0	1	0	
0	1	0	
0	1	0	
0	1	0	
0	1	0	
1	3	1	
1	3	1	
0	1	0	
3	6	2	
2	4	2	
2	4	2	
3	6	2	
4	7	3	
1	3	1	

0	0	0	
1	3	1	
2	4	2	
1	3	1	
1	3	1	
1	3	1	
1	3	1	
2	4	2	
2	4	2	
2	4	2	
1	3	1	
1	3	1	
1	3	1	
1	3	1	
0	1	0	
3	6	2	
0	1	0	
2	4	2	
0	1	0	
2	4	2	
0	1	0	
2	4	2	
3	6	2	
1	3	1	
1	3	1	
0	1	0	
1	3	1	
0	1	0	
2	4	2	
0	1	0	
3	6	2	
1	3	1	

]

ExternalEquipmentRentingCost: [
3199	2278	5659	2711	2342	2857	3192	3001	3463	2251	2407	4555	2361	4812	5220	2022	4448	4276	5172	4933	5772	4939	2092	3333	2199	1678	5574	5712	3890	5385	5190	1257	
5038	1065	4302	2967	1533	2857	1649	2327	5317	5450	3311	5707	2047	4760	2069	2549	4825	4139	2450	4886	1540	3301	3489	3460	2431	2476	3134	2185	3183	3095	1251	1312	
2931	1201	5690	5677	3854	5507	1643	3028	2783	5547	5415	5112	5423	5738	3397	1740	4644	3287	1636	1708	1920	1283	1793	1268	4002	1671	2768	3029	3126	5733	3582	5061	
1863	3626	3433	3553	2182	4883	5074	3996	2117	2724	5807	1429	2100	2620	2042	1834	4784	3054	5998	4706	1026	4954	3981	2126	1122	4479	4637	4254	1102	4520	4081	2882	
4668	5541	3458	3830	3139	4345	2182	5457	2083	1321	4715	2868	2425	2075	4674	4835	1843	4177	5108	5204	1094	2294	1886	3610	5233	1328	4302	3857	4973	5715	2894	2015	
]

EquipmentTypeTransportationCost: [
1	

1	

1	

1	

1	

]

TransportationTimeForEquipmentTypeBetweenProjects: [
1	

1	

1	

1	

1	

]

TotalNumberOfInitialEquipmentTypeLocation: [
(1 1) 8 
(2 1) 4 
(3 1) 6 
(4 1) 5 
(5 1) 7 
]

DepotActivities: [ 1 ]

MaximalStintCliques: [
[ 2 1 ]
[ 2 3 ]
[ 4 3 ]
[ 4 5 ]
[ 5 6 ]
[ 6 7 ]
[ 7 8 ]
[ 8 9 ]
[ 9 10 ]
[ 10 11 ]
]
