nEmployees: 30
nSkills: 2
nProjects: 1
nDays: 180
nActivities: 40
nEquipmentTypes: 5
nStints: 26
nMaxModes: 1
nStintCliques: 0

EmployeeInStintCost: [
10144 10144 10144 10144 10144 10144 10144 10144 10144 10144 10144 10144 10144 10144 10144 10144 10144 10144 10144 10144 10144 10144 10144 10144 10144 8848 
9996 9996 9996 9996 9996 9996 9996 9996 9996 9996 9996 9996 9996 9996 9996 9996 9996 9996 9996 9996 9996 9996 9996 9996 9996 8616 
13792 13792 13792 13792 13792 13792 13792 13792 13792 13792 13792 13792 13792 13792 13792 13792 13792 13792 13792 13792 13792 13792 13792 13792 13792 12568 
12040 12040 12040 12040 12040 12040 12040 12040 12040 12040 12040 12040 12040 12040 12040 12040 12040 12040 12040 12040 12040 12040 12040 12040 12040 10888 
12184 12184 12184 12184 12184 12184 12184 12184 12184 12184 12184 12184 12184 12184 12184 12184 12184 12184 12184 12184 12184 12184 12184 12184 12184 10984 
8672 8672 8672 8672 8672 8672 8672 8672 8672 8672 8672 8672 8672 8672 8672 8672 8672 8672 8672 8672 8672 8672 8672 8672 8672 7328 
12528 12528 12528 12528 12528 12528 12528 12528 12528 12528 12528 12528 12528 12528 12528 12528 12528 12528 12528 12528 12528 12528 12528 12528 12528 11184 
11744 11744 11744 11744 11744 11744 11744 11744 11744 11744 11744 11744 11744 11744 11744 11744 11744 11744 11744 11744 11744 11744 11744 11744 11744 10496 
13684 13684 13684 13684 13684 13684 13684 13684 13684 13684 13684 13684 13684 13684 13684 13684 13684 13684 13684 13684 13684 13684 13684 13684 13684 12496 
11888 11888 11888 11888 11888 11888 11888 11888 11888 11888 11888 11888 11888 11888 11888 11888 11888 11888 11888 11888 11888 11888 11888 11888 11888 10592 
11924 11924 11924 11924 11924 11924 11924 11924 11924 11924 11924 11924 11924 11924 11924 11924 11924 11924 11924 11924 11924 11924 11924 11924 11924 10616 
10192 10192 10192 10192 10192 10192 10192 10192 10192 10192 10192 10192 10192 10192 10192 10192 10192 10192 10192 10192 10192 10192 10192 10192 10192 8944 
13648 13648 13648 13648 13648 13648 13648 13648 13648 13648 13648 13648 13648 13648 13648 13648 13648 13648 13648 13648 13648 13648 13648 13648 13648 12472 
8972 8972 8972 8972 8972 8972 8972 8972 8972 8972 8972 8972 8972 8972 8972 8972 8972 8972 8972 8972 8972 8972 8972 8972 8972 7856 
10360 10360 10360 10360 10360 10360 10360 10360 10360 10360 10360 10360 10360 10360 10360 10360 10360 10360 10360 10360 10360 10360 10360 10360 10360 8992 
11864 11864 11864 11864 11864 11864 11864 11864 11864 11864 11864 11864 11864 11864 11864 11864 11864 11864 11864 11864 11864 11864 11864 11864 11864 10496 
14080 14080 14080 14080 14080 14080 14080 14080 14080 14080 14080 14080 14080 14080 14080 14080 14080 14080 14080 14080 14080 14080 14080 14080 14080 12760 
13972 13972 13972 13972 13972 13972 13972 13972 13972 13972 13972 13972 13972 13972 13972 13972 13972 13972 13972 13972 13972 13972 13972 13972 13972 12688 
11456 11456 11456 11456 11456 11456 11456 11456 11456 11456 11456 11456 11456 11456 11456 11456 11456 11456 11456 11456 11456 11456 11456 11456 11456 10304 
15780 15780 15780 15780 15780 15780 15780 15780 15780 15780 15780 15780 15780 15780 15780 15780 15780 15780 15780 15780 15780 15780 15780 15780 15780 14400 
9964 9964 9964 9964 9964 9964 9964 9964 9964 9964 9964 9964 9964 9964 9964 9964 9964 9964 9964 9964 9964 9964 9964 9964 9964 8728 
17460 17460 17460 17460 17460 17460 17460 17460 17460 17460 17460 17460 17460 17460 17460 17460 17460 17460 17460 17460 17460 17460 17460 17460 17460 16104 
15240 15240 15240 15240 15240 15240 15240 15240 15240 15240 15240 15240 15240 15240 15240 15240 15240 15240 15240 15240 15240 15240 15240 15240 15240 14040 
10000 10000 10000 10000 10000 10000 10000 10000 10000 10000 10000 10000 10000 10000 10000 10000 10000 10000 10000 10000 10000 10000 10000 10000 10000 8752 
12912 12912 12912 12912 12912 12912 12912 12912 12912 12912 12912 12912 12912 12912 12912 12912 12912 12912 12912 12912 12912 12912 12912 12912 12912 11712 
13572 13572 13572 13572 13572 13572 13572 13572 13572 13572 13572 13572 13572 13572 13572 13572 13572 13572 13572 13572 13572 13572 13572 13572 13572 12264 
4104 4104 4104 4104 4104 4104 4104 4104 4104 4104 4104 4104 4104 4104 4104 4104 4104 4104 4104 4104 4104 4104 4104 4104 4104 2736 
12616 12616 12616 12616 12616 12616 12616 12616 12616 12616 12616 12616 12616 12616 12616 12616 12616 12616 12616 12616 12616 12616 12616 12616 12616 11272 
10588 10588 10588 10588 10588 10588 10588 10588 10588 10588 10588 10588 10588 10588 10588 10588 10588 10588 10588 10588 10588 10588 10588 10588 10588 9208 
7864 7864 7864 7864 7864 7864 7864 7864 7864 7864 7864 7864 7864 7864 7864 7864 7864 7864 7864 7864 7864 7864 7864 7864 7864 6496 
]

ExternalWorkerWithSkillOnStintCost: [
13890 14910 16650 16800 16590 13920 15480 16080 12840 13410 17040 16110 14700 13440 16980 13440 12420 15240 13980 14640 12780 12990 13110 15810 14700 14850 
17880 17520 15480 15420 17160 14850 16260 16290 15750 17190 16200 14940 14700 14700 13920 17940 14610 15240 16680 13980 16740 17430 16290 14970 14640 13500 
]

OverlappingStints: [
[ ]
[ ]
[ ]
[ ]
[ ]
[ ]
[ ]
[ ]
[ ]
[ ]
[ ]
[ ]
[ ]
[ ]
[ ]
[ ]
[ ]
[ ]
[ ]
[ ]
[ ]
[ ]
[ ]
[ ]
[ ]
[ ]
]

EmployeesWithSkill: [
[ 1 2 3 4 5 6 7 8 9 10 11 12 13 14 15 16 17 18 19 20 21 22 23 24 25 26 27 28 29 30 ]
[ 1 2 3 4 5 6 7 8 9 10 12 13 15 16 17 18 19 20 23 24 25 26 27 28 29 30 ]
]

SkillDemandInActivityWithMode: [
0	
6	
2	
7	
7	
2	
6	
3	
3	
2	
4	
6	
3	
2	
3	
2	
3	
2	
1	
1	
6	
4	
5	
5	
2	
6	
3	
4	
5	
3	
3	
6	
4	
4	
6	
4	
5	
2	
3	
2	

0	
4	
0	
5	
5	
0	
4	
2	
2	
1	
2	
4	
2	
1	
2	
1	
2	
1	
0	
0	
4	
2	
3	
3	
0	
4	
2	
3	
3	
2	
1	
4	
3	
3	
4	
2	
3	
0	
1	
1	

]

EmployeeAvailability: [
1 1 1 1 1 1 1 1 1 1 1 1 1 1 0 1 0 1 1 1 1 1 1 1 1 0 
1 1 1 1 1 1 1 1 1 1 1 1 1 1 1 1 1 1 1 1 1 1 1 1 1 1 
1 1 1 1 1 1 1 1 1 1 1 1 1 1 1 1 1 1 1 1 1 1 1 1 1 1 
1 1 1 1 1 0 1 1 0 1 1 1 1 1 1 0 1 1 1 1 1 1 1 1 1 1 
1 1 1 1 1 0 1 1 1 1 1 1 1 1 1 1 1 1 1 1 1 1 1 1 1 1 
1 1 1 1 1 1 0 1 1 1 1 1 1 1 1 1 1 1 1 1 1 1 1 1 1 1 
0 1 1 1 1 1 1 1 1 1 1 1 1 1 1 1 1 1 1 1 1 1 1 1 1 1 
1 1 1 1 1 1 1 1 1 1 1 1 1 1 1 1 1 1 1 1 1 1 1 1 1 1 
1 1 1 1 1 1 1 1 1 1 1 1 1 1 1 1 1 1 1 1 1 1 1 1 1 1 
1 1 1 1 1 1 1 1 1 1 1 1 1 1 1 1 1 1 1 1 1 1 1 1 1 1 
1 1 1 1 1 1 1 1 1 1 1 1 1 1 1 1 1 1 1 1 1 1 1 1 1 1 
1 1 1 1 1 1 1 1 1 1 1 1 1 0 1 1 1 1 1 1 1 1 0 1 1 1 
1 1 1 1 1 1 1 1 1 1 1 1 1 1 1 0 1 1 1 1 1 1 1 1 1 1 
1 1 1 1 1 1 1 1 1 1 1 1 1 1 1 1 1 1 1 1 1 1 1 1 1 1 
1 1 1 1 1 1 1 1 1 1 1 1 1 1 1 0 1 1 1 1 0 1 1 1 1 1 
1 1 1 1 1 1 1 1 1 1 1 0 1 1 1 1 1 1 1 1 1 1 1 1 1 1 
1 1 1 1 1 1 1 1 1 1 0 1 0 1 1 1 1 1 0 1 1 1 1 1 1 1 
1 1 1 1 1 1 1 1 1 1 1 1 1 1 1 1 1 1 1 1 1 1 1 1 1 1 
1 1 1 0 1 1 1 1 1 1 1 1 1 1 1 1 1 1 1 1 0 1 1 1 1 1 
1 1 0 1 1 1 1 1 1 1 1 0 1 1 1 1 1 1 1 1 1 1 1 1 1 1 
1 1 1 1 1 1 1 1 1 0 1 1 1 1 1 1 1 1 1 1 1 1 1 1 1 1 
1 1 1 1 1 1 1 1 1 1 1 1 1 1 1 1 1 1 1 1 1 0 1 1 1 1 
1 1 1 1 1 1 1 1 1 1 1 1 1 1 1 1 1 1 1 1 1 1 1 1 1 1 
1 1 1 1 1 1 1 1 1 1 1 1 1 1 1 1 1 1 1 1 1 1 1 1 1 1 
1 1 1 1 1 1 1 1 1 1 1 1 1 1 1 1 1 1 1 1 1 1 1 1 1 1 
1 1 0 1 1 1 1 1 1 1 1 1 1 1 1 1 1 1 1 1 1 1 1 1 1 1 
1 1 1 1 1 1 1 1 1 1 1 1 1 1 1 1 1 1 1 1 1 1 0 1 1 1 
1 1 1 1 1 1 1 1 1 1 1 1 1 1 1 1 1 1 1 1 1 1 1 1 1 1 
1 1 1 1 1 1 1 1 1 1 1 1 1 1 0 1 1 1 1 1 1 1 1 1 1 1 
1 1 1 1 1 1 1 1 1 0 1 1 1 1 1 0 1 1 1 1 1 0 1 1 1 1 
]

EmployeeWantedInStint: [ (3 4) 1 (5 4) 1 (6 15) 1 (7 24) 1 (8 8) 1 (9 25) 1 (12 18) 1 (12 23) 1 (13 5) 1 (17 6) 1 (18 5) 1 (19 15) 1 (19 18) 1 (20 25) 1 (20 26) 1 ]

EmployeeWantedViolationCost: [ (3 4) 15000 (5 4) 7000 (6 15) 12000 (7 24) 10000 (8 8) 12000 (9 25) 7000 (12 18) 8000 (12 23) 13000 (13 5) 5000 (17 6) 13000 (18 5) 14000 (19 15) 15000 (19 18) 12000 (20 25) 10000 (20 26) 14000 ]

EmployeesThatShouldNotWorkTogetherWithEmployee: [
[ ]
[ 9 27 29 ]
[ 4 28 ]
[ 7 ]
[ 26 ]
[ 20 22 26 ]
[ ]
[ ]
[ 19 20 ]
[ ]
[ 15 30 ]
[ ]
[ 23 26 ]
[ 19 ]
[ 20 ]
[ 23 ]
[ ]
[ 22 24 30 ]
[ ]
[ ]
[ 29 30 ]
[ ]
[ ]
[ 30 ]
[ 30 ]
[ ]
[ 30 ]
[ ]
[ ]
[ ]
]

ShouldNotWorkTogetherCost: [ (2 9) 297 (2 27) 297 (2 29) 396 (3 4) 198 (3 28) 99 (4 7) 198 (5 26) 198 (6 20) 99 (6 22) 198 (6 26) 396 (9 19) 99 (9 20) 198 (11 15) 198 (11 30) 198 (13 23) 99 (13 26) 198 (14 19) 297 (15 20) 297 (16 23) 99 (18 22) 396 (18 24) 396 (18 30) 396 (21 29) 99 (21 30) 396 (24 30) 396 (25 30) 198 (27 30) 198 ]

ImmediatePredecessorsToActivity: [
[ ]
[ 1 ]
[ 1 ]
[ 2 ]
[ 4 ]
[ 2 ]
[ 6 ]
[ 5 ]
[ 4 ]
[ 1 ]
[ 4 ]
[ 4 10 ]
[ 4 10 ]
[ 8 ]
[ 4 ]
[ 1 ]
[ 6 12 ]
[ 9 ]
[ 1 ]
[ 4 ]
[ 3 5 6 ]
[ 3 ]
[ 8 10 15 21 ]
[ 7 11 12 ]
[ 5 ]
[ 6 8 15 16 ]
[ 8 10 11 16 ]
[ 9 19 26 27 ]
[ 7 27 ]
[ 8 ]
[ 2 9 10 ]
[ 11 14 22 26 30 ]
[ 7 8 12 13 15 16 ]
[ 12 19 21 22 27 30 ]
[ 11 26 ]
[ 12 13 16 19 30 ]
[ 6 12 15 19 30 ]
[ 11 16 ]
[ 3 19 ]
[ 3 9 ]
]

ActivitiesInProject: [
[ 1 2 3 4 5 6 7 8 9 10 11 12 13 14 15 16 17 18 19 20 21 22 23 24 25 26 27 28 29 30 31 32 33 34 35 36 37 38 39 40 ]
]

nActivityModes: [ 1 1 1 1 1 1 1 1 1 1 1 1 1 1 1 1 1 1 1 1 1 1 1 1 1 1 1 1 1 1 1 1 1 1 1 1 1 1 1 1 ]

ActivitiyDurationWithMode: [
1	
9	
45	
8	
8	
47	
9	
19	
20	
43	
15	
10	
19	
27	
20	
33	
18	
40	
58	
63	
10	
15	
12	
12	
49	
9	
20	
13	
12	
18	
25	
9	
13	
13	
10	
15	
11	
46	
22	
30	
]
StintsInProject: [
[ 1 2 3 4 5 6 7 8 9 10 11 12 13 14 15 16 17 18 19 20 21 22 23 24 25 26 ]
]

WorkingStintsOnDay: [
[ 1 ]
[ 1 ]
[ 1 ]
[ 1 ]
[ 1 ]
[ ]
[ ]
[ 2 ]
[ 2 ]
[ 2 ]
[ 2 ]
[ 2 ]
[ ]
[ ]
[ 3 ]
[ 3 ]
[ 3 ]
[ 3 ]
[ 3 ]
[ ]
[ ]
[ 4 ]
[ 4 ]
[ 4 ]
[ 4 ]
[ 4 ]
[ ]
[ ]
[ 5 ]
[ 5 ]
[ 5 ]
[ 5 ]
[ 5 ]
[ ]
[ ]
[ 6 ]
[ 6 ]
[ 6 ]
[ 6 ]
[ 6 ]
[ ]
[ ]
[ 7 ]
[ 7 ]
[ 7 ]
[ 7 ]
[ 7 ]
[ ]
[ ]
[ 8 ]
[ 8 ]
[ 8 ]
[ 8 ]
[ 8 ]
[ ]
[ ]
[ 9 ]
[ 9 ]
[ 9 ]
[ 9 ]
[ 9 ]
[ ]
[ ]
[ 10 ]
[ 10 ]
[ 10 ]
[ 10 ]
[ 10 ]
[ ]
[ ]
[ 11 ]
[ 11 ]
[ 11 ]
[ 11 ]
[ 11 ]
[ ]
[ ]
[ 12 ]
[ 12 ]
[ 12 ]
[ 12 ]
[ 12 ]
[ ]
[ ]
[ 13 ]
[ 13 ]
[ 13 ]
[ 13 ]
[ 13 ]
[ ]
[ ]
[ 14 ]
[ 14 ]
[ 14 ]
[ 14 ]
[ 14 ]
[ ]
[ ]
[ 15 ]
[ 15 ]
[ 15 ]
[ 15 ]
[ 15 ]
[ ]
[ ]
[ 16 ]
[ 16 ]
[ 16 ]
[ 16 ]
[ 16 ]
[ ]
[ ]
[ 17 ]
[ 17 ]
[ 17 ]
[ 17 ]
[ 17 ]
[ ]
[ ]
[ 18 ]
[ 18 ]
[ 18 ]
[ 18 ]
[ 18 ]
[ ]
[ ]
[ 19 ]
[ 19 ]
[ 19 ]
[ 19 ]
[ 19 ]
[ ]
[ ]
[ 20 ]
[ 20 ]
[ 20 ]
[ 20 ]
[ 20 ]
[ ]
[ ]
[ 21 ]
[ 21 ]
[ 21 ]
[ 21 ]
[ 21 ]
[ ]
[ ]
[ 22 ]
[ 22 ]
[ 22 ]
[ 22 ]
[ 22 ]
[ ]
[ ]
[ 23 ]
[ 23 ]
[ 23 ]
[ 23 ]
[ 23 ]
[ ]
[ ]
[ 24 ]
[ 24 ]
[ 24 ]
[ 24 ]
[ 24 ]
[ ]
[ ]
[ 25 ]
[ 25 ]
[ 25 ]
[ 25 ]
[ 25 ]
[ ]
[ ]
[ 26 ]
[ 26 ]
[ 26 ]
[ 26 ]
[ 26 ]
]

ProjectStart: [ 25 ]

ProjectEnd: [ 140 ]

EarliestStartDayForActivity: [ 1 25 25 38 48 38 103 60 48 25 48 86 86 87 48 25 103 76 25 48 103 88 117 116 60 103 87 116 116 87 86 124 116 117 116 111 111 72 107 88 ]

LatestStartDayForActivity: [ 1 140 140 140 140 140 140 140 140 140 140 140 140 140 140 140 140 140 140 140 140 140 140 140 140 140 140 140 140 140 140 140 140 140 140 140 140 140 140 140 ]

EquipmentTypeDemandInActivityWithMode: [
0	
1	
2	
1	
0	
1	
0	
0	
0	
1	
0	
1	
3	
1	
2	
2	
2	
1	
1	
2	
2	
0	
1	
1	
2	
2	
0	
0	
2	
1	
1	
4	
1	
0	
1	
0	
2	
0	
0	
1	

0	
1	
0	
1	
0	
1	
1	
2	
1	
3	
0	
0	
1	
0	
1	
0	
2	
0	
1	
0	
0	
0	
0	
1	
1	
1	
1	
0	
0	
0	
2	
2	
1	
2	
1	
1	
2	
1	
0	
0	

0	
2	
3	
0	
0	
1	
1	
0	
0	
0	
2	
2	
1	
0	
1	
1	
1	
2	
2	
2	
1	
1	
0	
4	
0	
0	
2	
2	
1	
1	
0	
0	
2	
1	
2	
3	
0	
0	
2	
0	

0	
0	
3	
1	
2	
0	
1	
3	
1	
2	
1	
0	
1	
1	
3	
2	
0	
1	
0	
0	
4	
1	
0	
1	
1	
1	
1	
2	
2	
1	
1	
0	
2	
3	
2	
0	
2	
2	
1	
2	

0	
0	
3	
0	
3	
0	
2	
2	
1	
3	
1	
1	
1	
1	
2	
3	
5	
1	
1	
0	
3	
1	
1	
2	
1	
2	
3	
2	
1	
0	
0	
3	
2	
3	
0	
0	
0	
2	
1	
1	

]

ExternalEquipmentRentingCost: [
1789	3548	4642	4095	2444	5683	2980	4780	3702	4189	3617	3372	2597	3539	3032	4838	2967	1529	1476	4300	1129	4137	3917	4718	3307	3536	5311	4834	2736	4304	5662	5376	4385	1462	2624	3005	1309	4313	4398	5827	
2463	2224	1631	1774	3911	4842	1958	3796	2386	3612	3668	1562	2467	2398	1746	4405	1163	3961	4519	5345	2401	1271	5125	1095	1105	2089	4286	1914	3591	1021	3336	5253	3886	1170	3266	4217	2003	2198	5820	1071	
2098	4986	4547	2704	2365	2301	5679	1924	2185	3425	5669	3613	1585	2768	4220	4133	2565	2770	2479	1390	2780	4222	5530	3595	2052	2256	3856	4940	3977	3527	4203	5288	1274	3962	4729	5787	4070	1960	1623	1519	
4310	5430	5402	5533	1995	5855	4241	4670	5540	3283	2479	4093	4867	5685	3198	1041	2581	5694	1316	3303	3668	2492	5400	4598	5917	1101	3643	3173	2094	4816	5341	5539	3045	3503	3715	1213	3084	4598	5914	2422	
5342	1072	1455	1668	4201	5532	1054	5220	3448	5029	5593	5635	3837	3146	2236	2332	5261	2408	3801	3391	2319	1775	3465	3553	3314	4052	4835	4433	5702	2341	2545	4837	5665	5288	1795	1567	1200	3583	5161	1211	
]

EquipmentTypeTransportationCost: [
1	

1	

1	

1	

1	

]

TransportationTimeForEquipmentTypeBetweenProjects: [
1	

1	

1	

1	

1	

]

TotalNumberOfInitialEquipmentTypeLocation: [
(1 1) 4 
(2 1) 2 
(3 1) 5 
(4 1) 11 
(5 1) 8 
]

DepotActivities: [ 1 ]

MaximalStintCliques: [
]
