nEmployees: 30
nSkills: 2
nProjects: 1
nDays: 90
nActivities: 22
nEquipmentTypes: 4
nStints: 7
nMaxModes: 2
nStintCliques: 6

EmployeeInStintCost: [
43438 43438 43438 43438 43438 38110 19314 
41008 41008 41008 41008 41008 36400 18864 
41528 41528 41528 41528 41528 36344 17800 
39260 39260 39260 39260 39260 34748 17380 
39098 39098 39098 39098 39098 34634 17350 
21528 21528 21528 21528 21528 16536 7800 
40846 40846 40846 40846 40846 36286 18834 
36196 36196 36196 36196 36196 31684 14316 
39650 39650 39650 39650 39650 34994 17374 
42790 42790 42790 42790 42790 37654 19194 
37492 37492 37492 37492 37492 32596 14556 
36792 36792 36792 36792 36792 31416 12536 
23982 23982 23982 23982 23982 18654 9330 
36034 36034 36034 36034 36034 31570 14286 
18728 18728 18728 18728 18728 13736 5000 
39128 39128 39128 39128 39128 34136 15928 
35394 35394 35394 35394 35394 30354 12062 
39584 39584 39584 39584 39584 34976 17440 
20880 20880 20880 20880 20880 16080 7680 
35966 35966 35966 35966 35966 31406 13954 
34422 34422 34422 34422 34422 29670 11882 
23658 23658 23658 23658 23658 18426 9270 
23334 23334 23334 23334 23334 18198 9210 
36366 36366 36366 36366 36366 31038 12242 
35394 35394 35394 35394 35394 30354 12062 
39602 39602 39602 39602 39602 34370 15742 
35642 35642 35642 35642 35642 31178 13894 
19538 19538 19538 19538 19538 14306 5150 
36104 36104 36104 36104 36104 30920 12376 
34852 34852 34852 34852 34852 29956 11916 
]

ExternalWorkerWithSkillOnStintCost: [
46788 48468 48300 37968 48132 35784 14976 
47460 49644 49812 49224 35532 38556 19152 
]

OverlappingStints: [
[ 2 ]
[ 3 ]
[ 4 ]
[ 5 ]
[ 6 ]
[ 7 ]
[ ]
]

EmployeesWithSkill: [
[ 1 2 3 4 5 6 7 8 9 10 11 12 13 14 15 16 17 18 19 20 21 22 23 24 25 26 27 28 29 30 ]
[ ]
]

SkillDemandInActivityWithMode: [
0	1	
2	4	
6	10	
4	7	
5	9	
5	9	
2	4	
4	7	
5	9	
4	7	
3	6	
2	4	
1	3	
7	12	
5	9	
2	4	
6	10	
3	6	
6	10	
6	10	
2	4	
4	7	

0	1	
0	1	
0	1	
0	1	
0	1	
0	1	
0	1	
0	1	
0	1	
0	1	
0	1	
0	1	
0	1	
0	1	
0	1	
0	1	
0	1	
0	1	
0	1	
0	1	
0	1	
0	1	

]

EmployeeAvailability: [
1 1 1 1 1 1 1 
1 1 1 0 1 0 1 
0 1 1 0 1 0 1 
1 1 1 1 0 1 1 
1 1 1 0 1 1 1 
1 1 1 0 1 1 1 
1 1 1 1 1 1 1 
1 1 1 0 1 1 1 
0 1 1 1 1 0 0 
1 1 1 1 1 1 1 
0 1 1 1 1 1 1 
1 1 1 1 0 1 1 
0 1 1 1 1 0 1 
1 1 1 0 1 0 0 
1 1 0 1 1 1 1 
1 1 1 0 1 1 1 
0 0 1 1 0 1 1 
1 1 1 0 0 1 1 
1 1 1 1 1 1 1 
1 1 0 1 1 1 1 
1 0 1 0 1 1 1 
1 0 1 1 0 1 1 
0 1 1 1 1 1 0 
1 0 0 1 1 1 1 
1 0 1 0 1 1 1 
1 1 1 0 1 0 1 
0 1 1 1 1 1 1 
1 1 1 0 0 1 1 
1 1 1 0 1 1 1 
1 1 0 0 1 0 1 
]

EmployeeWantedInStint: [ (7 7) 1 (11 1) 1 (23 6) 1 (27 7) 1 ]

EmployeeWantedViolationCost: [ (7 7) 11000 (11 1) 7000 (23 6) 7000 (27 7) 8000 ]

EmployeesThatShouldNotWorkTogetherWithEmployee: [
[ ]
[ 24 ]
[ 14 20 ]
[ 10 29 ]
[ 8 ]
[ 16 ]
[ 15 ]
[ 10 30 ]
[ 12 19 29 ]
[ ]
[ 24 ]
[ ]
[ 14 ]
[ 19 26 ]
[ ]
[ ]
[ 30 ]
[ ]
[ 24 ]
[ 23 29 ]
[ 23 ]
[ 27 ]
[ 28 ]
[ ]
[ ]
[ ]
[ ]
[ ]
[ ]
[ ]
]

ShouldNotWorkTogetherCost: [ (2 24) 99 (3 14) 99 (3 20) 396 (4 10) 99 (4 29) 99 (5 8) 297 (6 16) 396 (7 15) 396 (8 10) 198 (8 30) 396 (9 12) 297 (9 19) 99 (9 29) 396 (11 24) 198 (13 14) 297 (14 19) 396 (14 26) 297 (17 30) 99 (19 24) 297 (20 23) 297 (20 29) 396 (21 23) 99 (22 27) 396 (23 28) 396 ]

ImmediatePredecessorsToActivity: [
[ ]
[ 1 ]
[ 1 ]
[ 1 ]
[ 1 ]
[ 5 ]
[ 3 ]
[ 5 ]
[ 4 ]
[ 3 8 ]
[ 2 4 10 ]
[ 2 3 5 ]
[ 5 ]
[ 7 12 ]
[ 5 9 11 ]
[ 8 ]
[ 8 14 ]
[ 9 ]
[ 7 12 16 ]
[ 5 10 16 ]
[ 6 8 ]
[ 6 9 11 ]
]

ActivitiesInProject: [
[ 1 2 3 4 5 6 7 8 9 10 11 12 13 14 15 16 17 18 19 20 21 22 ]
]

nActivityModes: [ 2 2 2 2 2 2 2 2 2 2 2 2 2 2 2 2 2 2 2 2 2 2 ]

ActivitiyDurationWithMode: [
1	1	
24	16	
7	5	
10	7	
9	6	
9	6	
24	16	
12	8	
9	6	
12	8	
17	12	
24	16	
38	26	
6	4	
8	6	
29	20	
7	5	
16	11	
6	4	
6	4	
35	24	
9	6	
]
StintsInProject: [
[ 1 2 3 4 5 6 7 ]
]

WorkingStintsOnDay: [
[ 1 ]
[ 1 ]
[ 1 ]
[ 1 ]
[ 1 ]
[ 1 ]
[ 1 ]
[ 1 ]
[ 1 ]
[ 1 ]
[ 1 ]
[ 1 ]
[ 1 ]
[ 1 ]
[ 2 ]
[ 2 ]
[ 2 ]
[ 2 ]
[ 2 ]
[ 2 ]
[ 2 ]
[ 2 ]
[ 2 ]
[ 2 ]
[ 2 ]
[ 2 ]
[ 2 ]
[ 2 ]
[ 3 ]
[ 3 ]
[ 3 ]
[ 3 ]
[ 3 ]
[ 3 ]
[ 3 ]
[ 3 ]
[ 3 ]
[ 3 ]
[ 3 ]
[ 3 ]
[ 3 ]
[ 3 ]
[ 4 ]
[ 4 ]
[ 4 ]
[ 4 ]
[ 4 ]
[ 4 ]
[ 4 ]
[ 4 ]
[ 4 ]
[ 4 ]
[ 4 ]
[ 4 ]
[ 4 ]
[ 4 ]
[ 5 ]
[ 5 ]
[ 5 ]
[ 5 ]
[ 5 ]
[ 5 ]
[ 5 ]
[ 5 ]
[ 5 ]
[ 5 ]
[ 5 ]
[ 5 ]
[ 5 ]
[ 5 ]
[ 6 ]
[ 6 ]
[ 6 ]
[ 6 ]
[ 6 ]
[ 6 ]
[ 6 ]
[ 6 ]
[ 6 ]
[ 6 ]
[ 6 ]
[ 6 ]
[ 6 ]
[ 6 ]
[ 7 ]
[ 7 ]
[ 7 ]
[ 7 ]
[ 7 ]
[ 7 ]
]

ProjectStart: [ 6 ]

ProjectEnd: [ 68 ]

EarliestStartDayForActivity: [ 1 6 6 6 6 15 13 15 16 27 39 30 15 54 56 27 60 25 56 56 27 56 ]

LatestStartDayForActivity: [ 1 68 68 68 68 68 68 68 68 68 68 68 68 68 68 68 68 68 68 68 68 68 ]

EquipmentTypeDemandInActivityWithMode: [
0	1	
0	1	
1	3	
1	3	
0	1	
2	4	
3	6	
1	3	
0	1	
3	6	
2	4	
0	1	
0	1	
1	3	
1	3	
2	4	
1	3	
2	4	
0	1	
2	4	
0	1	
1	3	

0	1	
1	3	
0	1	
3	6	
1	3	
3	6	
0	1	
1	3	
0	1	
2	4	
2	4	
0	1	
0	1	
2	4	
0	1	
0	1	
1	3	
1	3	
0	1	
0	1	
0	1	
0	1	

0	1	
2	4	
0	1	
2	4	
1	3	
1	3	
0	1	
0	1	
0	1	
2	4	
1	3	
4	7	
1	3	
1	3	
1	3	
0	1	
0	1	
2	4	
4	7	
0	1	
4	7	
0	1	

0	1	
1	3	
1	3	
0	1	
0	1	
1	3	
2	4	
3	6	
1	3	
0	1	
1	3	
1	3	
1	3	
1	3	
0	1	
0	1	
0	1	
1	3	
0	1	
2	4	
1	3	
0	1	

]

ExternalEquipmentRentingCost: [
1381	4941	2924	3851	2279	3448	4973	2127	5388	1061	1020	1073	3565	1303	3108	5308	3707	1997	1058	2949	2474	3604	
2992	2325	5336	4268	2304	2497	1865	4170	2821	5710	1266	5115	4437	3183	2091	1997	2729	5116	5866	4460	1419	4900	
4310	3890	5690	3271	5407	2351	5846	2065	2003	5089	4424	1207	2210	1614	3761	2547	4306	3590	2932	1931	1156	1862	
5425	3725	4150	5399	3356	1160	2109	1550	5486	3790	5556	1357	3030	4249	5678	2666	3744	4858	2065	2661	1463	3731	
]

EquipmentTypeTransportationCost: [
1	

1	

1	

1	

]

TransportationTimeForEquipmentTypeBetweenProjects: [
1	

1	

1	

1	

]

TotalNumberOfInitialEquipmentTypeLocation: [
(1 1) 3 
(2 1) 4 
(3 1) 9 
(4 1) 4 
]

DepotActivities: [ 1 ]

MaximalStintCliques: [
[ 2 1 ]
[ 2 3 ]
[ 4 3 ]
[ 4 5 ]
[ 5 6 ]
[ 6 7 ]
]
