nEmployees: 30
nSkills: 2
nProjects: 1
nDays: 120
nActivities: 29
nEquipmentTypes: 4
nStints: 9
nMaxModes: 3
nStintCliques: 8

EmployeeInStintCost: [
27356 27356 27356 27356 27356 27356 27356 27356 16570 
25476 25476 25476 25476 25476 25476 25476 25476 13676 
16880 16880 16880 16880 16880 16880 16880 16880 8924 
29692 29692 29692 29692 29692 29692 29692 29692 17892 
28612 28612 28612 28612 28612 28612 28612 28612 17436 
23004 23004 23004 23004 23004 23004 23004 23004 12218 
18560 18560 18560 18560 18560 18560 18560 18560 9512 
31972 31972 31972 31972 31972 31972 31972 31972 21030 
25700 25700 25700 25700 25700 25700 25700 25700 14992 
27956 27956 27956 27956 27956 27956 27956 27956 16780 
26780 26780 26780 26780 26780 26780 26780 26780 15370 
25044 25044 25044 25044 25044 25044 25044 25044 12932 
30492 30492 30492 30492 30492 30492 30492 30492 19238 
29796 29796 29796 29796 29796 29796 29796 29796 17762 
30004 30004 30004 30004 30004 30004 30004 30004 18750 
30244 30244 30244 30244 30244 30244 30244 30244 18834 
30412 30412 30412 30412 30412 30412 30412 30412 18144 
28892 28892 28892 28892 28892 28892 28892 28892 16858 
18080 18080 18080 18080 18080 18080 18080 18080 9344 
28492 28492 28492 28492 28492 28492 28492 28492 17472 
27532 27532 27532 27532 27532 27532 27532 27532 16590 
27420 27420 27420 27420 27420 27420 27420 27420 15542 
28116 28116 28116 28116 28116 28116 28116 28116 17174 
29332 29332 29332 29332 29332 29332 29332 29332 17688 
31812 31812 31812 31812 31812 31812 31812 31812 19700 
29156 29156 29156 29156 29156 29156 29156 29156 17200 
27660 27660 27660 27660 27660 27660 27660 27660 15626 
29932 29932 29932 29932 29932 29932 29932 29932 17898 
26940 26940 26940 26940 26940 26940 26940 26940 15374 
28444 28444 28444 28444 28444 28444 28444 28444 17502 
]

ExternalWorkerWithSkillOnStintCost: [
32040 29088 42984 29880 33552 37728 31536 30816 20976 
40680 35424 41040 33408 31968 36360 35208 31032 24912 
]

OverlappingStints: [
[ 2 ]
[ 3 ]
[ 4 ]
[ 5 ]
[ 6 ]
[ 7 ]
[ 8 ]
[ 9 ]
[ ]
]

EmployeesWithSkill: [
[ 1 2 3 4 5 6 7 8 9 10 11 12 13 14 15 16 17 18 19 20 21 22 23 24 25 26 27 28 29 30 ]
[ 1 2 3 4 5 6 7 8 9 10 11 12 13 14 15 16 17 18 19 20 21 22 23 24 25 26 27 28 29 30 ]
]

SkillDemandInActivityWithMode: [
0	0	0	
5	9	4	
4	7	3	
5	9	4	
3	6	2	
4	7	3	
2	4	2	
4	7	3	
6	10	4	
3	6	2	
4	7	3	
1	3	1	
2	4	2	
3	6	2	
2	4	2	
4	7	3	
1	3	1	
4	7	3	
5	9	4	
4	7	3	
4	7	3	
6	10	4	
5	9	4	
3	6	2	
2	4	2	
2	4	2	
4	7	3	
3	6	2	
5	9	4	

0	0	0	
4	7	3	
3	6	2	
4	7	3	
2	4	2	
3	6	2	
1	3	1	
3	6	2	
5	9	4	
2	4	2	
3	6	2	
0	1	0	
1	3	1	
2	4	2	
1	3	1	
3	6	2	
0	1	0	
3	6	2	
4	7	3	
3	6	2	
3	6	2	
5	9	4	
4	7	3	
2	4	2	
1	3	1	
1	3	1	
3	6	2	
2	4	2	
4	7	3	

]

EmployeeAvailability: [
1 1 1 1 1 1 1 0 1 
1 1 1 1 1 1 1 1 1 
0 0 1 1 1 1 1 0 1 
1 1 1 1 1 0 1 1 1 
1 1 1 1 1 1 1 1 1 
1 1 1 1 1 1 1 1 1 
1 1 1 1 1 1 1 1 1 
1 1 1 1 1 0 1 1 1 
1 1 1 0 0 1 1 1 1 
1 1 1 1 1 1 1 1 1 
1 1 1 0 1 1 1 0 1 
1 1 1 1 1 1 1 1 1 
1 0 1 1 1 1 1 1 1 
0 1 1 1 1 1 1 1 1 
1 1 1 1 0 0 1 1 1 
1 1 1 1 1 1 1 0 1 
1 1 1 1 1 1 0 1 1 
1 1 1 0 1 1 0 1 1 
1 1 1 0 1 1 1 1 1 
0 1 1 1 1 1 1 1 1 
1 1 1 1 0 1 1 1 1 
1 1 1 1 1 1 0 0 1 
1 1 0 1 0 1 1 1 1 
1 1 0 0 1 1 1 1 1 
0 1 0 1 1 1 1 1 1 
1 1 0 1 1 1 0 1 1 
1 1 1 1 1 1 1 1 1 
1 0 1 1 1 1 1 1 1 
1 1 0 1 1 1 1 1 1 
1 1 0 1 1 0 1 1 1 
]

EmployeeWantedInStint: [ (6 5) 1 (8 9) 1 (10 4) 1 (12 4) 1 (17 1) 1 (19 3) 1 (23 9) 1 (24 6) 1 (27 6) 1 (30 5) 1 ]

EmployeeWantedViolationCost: [ (6 5) 8000 (8 9) 10000 (10 4) 7000 (12 4) 6000 (17 1) 8000 (19 3) 9000 (23 9) 13000 (24 6) 13000 (27 6) 13000 (30 5) 6000 ]

EmployeesThatShouldNotWorkTogetherWithEmployee: [
[ 4 24 ]
[ 6 27 ]
[ ]
[ ]
[ 17 ]
[ 27 ]
[ ]
[ 21 ]
[ 13 30 ]
[ 26 ]
[ ]
[ 14 ]
[ 17 30 ]
[ 17 ]
[ ]
[ 21 22 28 ]
[ ]
[ 19 ]
[ 30 ]
[ 22 ]
[ 28 ]
[ ]
[ ]
[ 25 29 ]
[ 27 28 ]
[ ]
[ ]
[ ]
[ ]
[ ]
]

ShouldNotWorkTogetherCost: [ (1 4) 99 (1 24) 99 (2 6) 396 (2 27) 297 (5 17) 99 (6 27) 396 (8 21) 297 (9 13) 297 (9 30) 198 (10 26) 297 (12 14) 198 (13 17) 99 (13 30) 198 (14 17) 396 (16 21) 297 (16 22) 297 (16 28) 297 (18 19) 99 (19 30) 99 (20 22) 396 (21 28) 297 (24 25) 198 (24 29) 99 (25 27) 198 (25 28) 396 ]

ImmediatePredecessorsToActivity: [
[ ]
[ 1 ]
[ 1 ]
[ 2 3 ]
[ 1 ]
[ 4 ]
[ 3 ]
[ 1 ]
[ 3 5 ]
[ 4 9 ]
[ 3 10 ]
[ 8 ]
[ 4 5 ]
[ 2 6 10 ]
[ 1 ]
[ 4 14 ]
[ 9 ]
[ 9 13 14 15 ]
[ 2 8 13 ]
[ 5 15 ]
[ 2 5 6 11 ]
[ 7 10 19 20 ]
[ 11 15 19 ]
[ 3 6 8 10 ]
[ 3 5 6 8 ]
[ 4 5 ]
[ 3 6 26 ]
[ 9 20 ]
[ 20 26 ]
]

ActivitiesInProject: [
[ 1 2 3 4 5 6 7 8 9 10 11 12 13 14 15 16 17 18 19 20 21 22 23 24 25 26 27 28 29 ]
]

nActivityModes: [ 3 3 3 3 3 3 3 3 3 3 3 3 3 3 3 3 3 3 3 3 3 3 3 3 3 3 3 3 3 ]

ActivityDurationWithMode: [
1	1	1	
10	7	14	
12	8	16	
9	6	12	
18	12	24	
10	7	14	
30	20	40	
13	9	18	
7	5	10	
15	10	20	
10	7	14	
54	36	72	
20	14	27	
16	11	22	
31	21	42	
11	8	15	
40	27	54	
11	8	15	
9	6	12	
11	8	15	
11	8	15	
7	5	10	
8	6	11	
18	12	24	
37	25	50	
33	22	44	
13	9	18	
17	12	23	
9	6	12	
]

StintsInProject: [
[ 1 2 3 4 5 6 7 8 9 ]
]

WorkingStintsOnDay: [
[ 1 ]
[ 1 ]
[ 1 ]
[ 1 ]
[ 1 ]
[ 1 ]
[ 1 ]
[ 1 ]
[ 1 ]
[ 1 ]
[ 1 ]
[ 1 ]
[ ]
[ ]
[ 2 ]
[ 2 ]
[ 2 ]
[ 2 ]
[ 2 ]
[ 2 ]
[ 2 ]
[ 2 ]
[ 2 ]
[ 2 ]
[ 2 ]
[ 2 ]
[ ]
[ ]
[ 3 ]
[ 3 ]
[ 3 ]
[ 3 ]
[ 3 ]
[ 3 ]
[ 3 ]
[ 3 ]
[ 3 ]
[ 3 ]
[ 3 ]
[ 3 ]
[ ]
[ ]
[ 4 ]
[ 4 ]
[ 4 ]
[ 4 ]
[ 4 ]
[ 4 ]
[ 4 ]
[ 4 ]
[ 4 ]
[ 4 ]
[ 4 ]
[ 4 ]
[ ]
[ ]
[ 5 ]
[ 5 ]
[ 5 ]
[ 5 ]
[ 5 ]
[ 5 ]
[ 5 ]
[ 5 ]
[ 5 ]
[ 5 ]
[ 5 ]
[ 5 ]
[ ]
[ ]
[ 6 ]
[ 6 ]
[ 6 ]
[ 6 ]
[ 6 ]
[ 6 ]
[ 6 ]
[ 6 ]
[ 6 ]
[ 6 ]
[ 6 ]
[ 6 ]
[ ]
[ ]
[ 7 ]
[ 7 ]
[ 7 ]
[ 7 ]
[ 7 ]
[ 7 ]
[ 7 ]
[ 7 ]
[ 7 ]
[ 7 ]
[ 7 ]
[ 7 ]
[ ]
[ ]
[ 8 ]
[ 8 ]
[ 8 ]
[ 8 ]
[ 8 ]
[ 8 ]
[ 8 ]
[ 8 ]
[ 8 ]
[ 8 ]
[ 8 ]
[ 8 ]
[ ]
[ ]
[ 9 ]
[ 9 ]
[ 9 ]
[ 9 ]
[ 9 ]
[ 9 ]
[ 9 ]
[ 9 ]
]

ProjectStart: [ 16 ]

ProjectEnd: [ 98 ]

EarliestStartDayForActivity: [ 1 16 16 30 16 39 30 16 36 45 62 31 39 62 16 80 45 80 63 51 74 74 74 62 51 39 78 64 78 ]

LatestStartDayForActivity: [ 1 98 98 98 98 98 98 98 98 98 98 98 98 98 98 98 98 98 98 98 98 98 98 98 98 98 98 98 98 ]

EquipmentTypeDemandInActivityWithMode: [
0	0	0	
2	4	2	
1	3	1	
0	1	0	
1	3	1	
4	7	3	
0	1	0	
1	3	1	
0	1	0	
2	4	2	
1	3	1	
2	4	2	
0	1	0	
2	4	2	
2	4	2	
0	1	0	
0	1	0	
2	4	2	
0	1	0	
0	1	0	
0	1	0	
1	3	1	
0	1	0	
2	4	2	
1	3	1	
2	4	2	
0	1	0	
4	7	3	
0	1	0	

0	0	0	
0	1	0	
2	4	2	
1	3	1	
0	1	0	
1	3	1	
0	1	0	
1	3	1	
4	7	3	
1	3	1	
0	1	0	
0	1	0	
2	4	2	
0	1	0	
1	3	1	
3	6	2	
4	7	3	
0	1	0	
4	7	3	
3	6	2	
1	3	1	
3	6	2	
1	3	1	
1	3	1	
1	3	1	
2	4	2	
1	3	1	
0	1	0	
1	3	1	

0	0	0	
1	3	1	
0	1	0	
0	1	0	
1	3	1	
2	4	2	
1	3	1	
3	6	2	
1	3	1	
1	3	1	
1	3	1	
2	4	2	
0	1	0	
1	3	1	
2	4	2	
3	6	2	
2	4	2	
2	4	2	
0	1	0	
3	6	2	
1	3	1	
0	1	0	
2	4	2	
1	3	1	
4	7	3	
1	3	1	
3	6	2	
1	3	1	
0	1	0	

0	0	0	
2	4	2	
1	3	1	
0	1	0	
0	1	0	
0	1	0	
2	4	2	
1	3	1	
0	1	0	
1	3	1	
2	4	2	
3	6	2	
0	1	0	
0	1	0	
2	4	2	
0	1	0	
1	3	1	
2	4	2	
0	1	0	
1	3	1	
2	4	2	
2	4	2	
2	4	2	
0	1	0	
0	1	0	
2	4	2	
1	3	1	
1	3	1	
0	1	0	

]

ExternalEquipmentRentingCost: [
1716	4441	3009	2290	2888	1181	4085	4750	3042	3230	3948	3115	5946	1855	1466	2271	2099	3874	1093	5087	4930	3827	1745	3253	4300	3412	3623	1733	1754	
5597	4381	3032	3059	4480	3873	4193	5192	3196	4962	2523	3097	4675	5859	5733	3207	4273	4920	1724	2921	5814	2612	1067	2329	4678	3745	3860	1353	1145	
5399	4689	2716	1595	2287	2131	4479	2275	1501	2951	5948	5588	2549	1559	1050	1986	2108	2481	1927	2219	3529	2657	5844	5778	2690	3095	4121	1909	1673	
1477	2039	5130	3558	2605	3357	1686	4906	2684	4749	1436	1758	1606	3581	5795	1648	3558	5168	1514	3386	1246	5865	3292	3269	2486	1558	5556	5002	1950	
]

EquipmentTypeTransportationCost: [
1	

1	

1	

1	

]

TransportationTimeForEquipmentTypeBetweenProjects: [
1	

1	

1	

1	

]

TotalNumberOfInitialEquipmentTypeLocation: [
(1 1) 4 
(2 1) 7 
(3 1) 5 
(4 1) 4 
]

DepotActivities: [ 1 ]

MaximalStintCliques: [
[ 2 1 ]
[ 2 3 ]
[ 4 3 ]
[ 4 5 ]
[ 5 6 ]
[ 6 7 ]
[ 7 8 ]
[ 8 9 ]
]
