nEmployees: 30
nSkills: 2
nProjects: 1
nDays: 60
nActivities: 12
nEquipmentTypes: 7
nStints: 5
nMaxModes: 2
nStintCliques: 4

EmployeeInStintCost: [
32380 32380 32380 30670 14906 
38908 38908 38908 37108 20924 
39988 39988 39988 38026 21086 
34924 34924 34924 33106 16838 
27604 27604 27604 25606 8498 
38108 38108 38108 36326 20226 
34972 34972 34972 33136 16784 
39188 39188 39188 37244 20388 
27484 27484 27484 25702 9602 
26884 26884 26884 24994 8390 
32860 32860 32860 31078 14978 
39868 39868 39868 37924 21068 
32308 32308 32308 30220 12692 
31948 31948 31948 29950 12842 
31708 31708 31708 29710 12602 
31588 31588 31588 29644 12788 
35276 35276 35276 33224 15864 
35884 35884 35884 33922 16982 
35452 35452 35452 33544 16856 
34852 34852 34852 33034 16766 
30148 30148 30148 28384 12368 
40228 40228 40228 38230 21122 
32572 32572 32572 30826 14894 
35276 35276 35276 33224 15864 
27724 27724 27724 25708 8516 
29708 29708 29708 27656 10296 
26404 26404 26404 24622 8522 
32068 32068 32068 30016 12656 
34124 34124 34124 32378 16446 
28716 28716 28716 26916 10732 
]

ExternalWorkerWithSkillOnStintCost: [
35568 38088 40464 39096 11616 
34704 35856 34992 34560 12168 
]

OverlappingStints: [
[ 2 ]
[ 3 ]
[ 4 ]
[ 5 ]
[ ]
]

EmployeesWithSkill: [
[ 1 2 3 4 5 6 7 8 9 10 11 12 13 14 15 16 17 18 19 20 21 22 23 24 25 26 27 28 29 30 ]
[ 2 3 4 6 8 11 12 13 14 16 17 18 21 22 23 24 26 27 28 29 ]
]

SkillDemandInActivityWithMode: [
0	1	
10	16	
4	7	
8	13	
7	12	
7	12	
7	12	
10	16	
7	12	
8	13	
7	12	
5	9	

0	1	
6	10	
2	4	
5	9	
4	7	
4	7	
4	7	
6	10	
4	7	
4	7	
4	7	
3	6	

]

EmployeeAvailability: [
1 1 1 1 1 
0 1 0 0 1 
1 1 1 1 0 
1 0 1 1 1 
1 1 0 0 1 
1 1 1 1 1 
1 0 1 1 1 
0 1 1 1 1 
1 0 1 0 1 
1 1 1 1 0 
0 0 1 1 1 
1 0 0 0 1 
1 1 1 1 1 
1 0 1 1 1 
1 1 1 1 1 
0 1 1 0 1 
0 1 1 0 1 
0 1 0 1 1 
1 1 1 1 1 
1 1 1 1 1 
1 0 1 0 1 
1 1 0 1 1 
1 0 0 0 1 
1 0 1 1 0 
1 1 1 1 1 
0 1 1 1 0 
1 1 1 0 1 
1 1 1 0 1 
0 0 1 0 1 
1 0 1 0 1 
]

EmployeeWantedInStint: [ ]

EmployeeWantedViolationCost: [ ]

EmployeesThatShouldNotWorkTogetherWithEmployee: [
[ 6 ]
[ 9 10 24 ]
[ 22 26 30 ]
[ 21 22 ]
[ 29 ]
[ ]
[ 11 17 ]
[ 28 ]
[ ]
[ 22 30 ]
[ ]
[ 17 24 ]
[ ]
[ 17 19 22 24 ]
[ ]
[ ]
[ ]
[ ]
[ ]
[ ]
[ ]
[ ]
[ ]
[ ]
[ ]
[ ]
[ ]
[ ]
[ ]
[ ]
]

ShouldNotWorkTogetherCost: [ (1 6) 297 (2 9) 396 (2 10) 396 (2 24) 396 (3 22) 99 (3 26) 297 (3 30) 297 (4 21) 297 (4 22) 396 (5 29) 396 (7 11) 297 (7 17) 198 (8 28) 198 (10 22) 297 (10 30) 396 (12 17) 297 (12 24) 396 (14 17) 396 (14 19) 297 (14 22) 198 (14 24) 99 ]

ImmediatePredecessorsToActivity: [
[ ]
[ 1 ]
[ 1 ]
[ 2 ]
[ 2 ]
[ 3 ]
[ 1 ]
[ 3 4 ]
[ 6 7 8 ]
[ 3 4 ]
[ 5 10 ]
[ 5 7 10 ]
]

ActivitiesInProject: [
[ 1 2 3 4 5 6 7 8 9 10 11 12 ]
]

nActivityModes: [ 2 2 2 2 2 2 2 2 2 2 2 2 ]

ActivitiyDurationWithMode: [
1	1	
4	3	
12	8	
5	4	
6	4	
6	4	
6	4	
4	3	
6	4	
5	4	
6	4	
8	6	
]
StintsInProject: [
[ 1 2 3 4 5 ]
]

WorkingStintsOnDay: [
[ 1 ]
[ 1 ]
[ 1 ]
[ 1 ]
[ 1 ]
[ 1 ]
[ 1 ]
[ 1 ]
[ 1 ]
[ 1 ]
[ 1 ]
[ 1 ]
[ ]
[ ]
[ 2 ]
[ 2 ]
[ 2 ]
[ 2 ]
[ 2 ]
[ 2 ]
[ 2 ]
[ 2 ]
[ 2 ]
[ 2 ]
[ 2 ]
[ 2 ]
[ ]
[ ]
[ 3 ]
[ 3 ]
[ 3 ]
[ 3 ]
[ 3 ]
[ 3 ]
[ 3 ]
[ 3 ]
[ 3 ]
[ 3 ]
[ 3 ]
[ 3 ]
[ ]
[ ]
[ 4 ]
[ 4 ]
[ 4 ]
[ 4 ]
[ 4 ]
[ 4 ]
[ 4 ]
[ 4 ]
[ 4 ]
[ 4 ]
[ 4 ]
[ 4 ]
[ ]
[ ]
[ 5 ]
[ 5 ]
[ 5 ]
[ 5 ]
]

ProjectStart: [ 5 ]

ProjectEnd: [ 36 ]

EarliestStartDayForActivity: [ 1 5 5 9 9 19 5 19 25 19 24 24 ]

LatestStartDayForActivity: [ 1 36 36 36 36 36 36 36 36 36 36 36 ]

EquipmentTypeDemandInActivityWithMode: [
0	1	
2	4	
1	3	
5	9	
0	1	
1	3	
3	6	
0	1	
2	4	
2	4	
3	6	
2	4	

0	1	
1	3	
1	3	
0	1	
1	3	
1	3	
4	7	
2	4	
0	1	
2	4	
1	3	
2	4	

0	1	
1	3	
1	3	
0	1	
0	1	
5	9	
1	3	
4	7	
0	1	
1	3	
1	3	
0	1	

0	1	
0	1	
0	1	
0	1	
2	4	
3	6	
2	4	
1	3	
1	3	
3	6	
0	1	
1	3	

0	1	
1	3	
0	1	
2	4	
3	6	
0	1	
1	3	
2	4	
3	6	
2	4	
3	6	
3	6	

0	1	
1	3	
1	3	
3	6	
2	4	
3	6	
0	1	
1	3	
0	1	
0	1	
3	6	
2	4	

0	1	
0	1	
2	4	
3	6	
0	1	
0	1	
0	1	
2	4	
3	6	
0	1	
3	6	
1	3	

]

ExternalEquipmentRentingCost: [
2231	3821	5513	2147	1069	1062	1071	3378	4046	1447	2962	3070	
5065	1920	2388	3832	5240	4272	3865	2498	5952	3449	5816	2889	
4596	4002	4931	2685	1104	4222	3259	5919	4394	2631	1009	1852	
4318	1510	5468	4148	2987	2275	3711	4277	3404	2476	5400	3019	
4699	4439	2782	1009	3432	2749	5337	3970	3981	1050	5444	5127	
2924	1109	5759	3114	1836	2421	4399	2897	4100	5958	4972	3357	
1104	1010	1532	2379	4939	1714	3559	1183	2260	2718	4811	4341	
]

EquipmentTypeTransportationCost: [
1	

1	

1	

1	

1	

1	

1	

]

TransportationTimeForEquipmentTypeBetweenProjects: [
1	

1	

1	

1	

1	

1	

1	

]

TotalNumberOfInitialEquipmentTypeLocation: [
(1 1) 8 
(2 1) 6 
(3 1) 7 
(4 1) 6 
(5 1) 6 
(6 1) 9 
(7 1) 8 
]

DepotActivities: [ 1 ]

MaximalStintCliques: [
[ 2 1 ]
[ 2 3 ]
[ 4 3 ]
[ 4 5 ]
]
