nEmployees: 30
nSkills: 2
nProjects: 1
nDays: 60
nActivities: 12
nEquipmentTypes: 4
nStints: 5
nMaxModes: 1
nStintCliques: 4

EmployeeInStintCost: [
15390 15390 15390 9690 1710 
36222 36222 36222 30522 9262 
17982 17982 17982 11322 1998 
38754 38754 38754 32934 11506 
15552 15552 15552 9792 1728 
41498 41498 41498 35918 14826 
47460 47460 47460 41580 20068 
18144 18144 18144 11424 2016 
39112 39112 39112 32392 9704 
38364 38364 38364 32724 11548 
49166 49166 49166 42746 20478 
37330 37330 37330 31270 9506 
45362 45362 45362 38582 15810 
39726 39726 39726 33546 11614 
49328 49328 49328 42848 20496 
40436 40436 40436 33836 11316 
40156 40156 40156 34276 12764 
39474 39474 39474 33654 12226 
40922 40922 40922 34142 11370 
41854 41854 41854 36154 14894 
46368 46368 46368 40128 18112 
40212 40212 40212 33852 11668 
44892 44892 44892 39252 18076 
42804 42804 42804 36924 15412 
47798 47798 47798 41378 19110 
39140 39140 39140 33020 11172 
38004 38004 38004 31644 9460 
43960 43960 43960 37480 15128 
37844 37844 37844 32204 11028 
43128 43128 43128 37128 15448 
]

ExternalWorkerWithSkillOnStintCost: [
38892 48552 38388 47292 12312 
38640 36288 40152 37632 10680 
]

OverlappingStints: [
[ 2 ]
[ 3 ]
[ 4 ]
[ 5 ]
[ ]
]

EmployeesWithSkill: [
[ 1 2 3 4 5 6 7 8 9 10 11 12 13 14 15 16 17 18 19 20 21 22 23 24 25 26 27 28 29 30 ]
[ ]
]

SkillDemandInActivityWithMode: [
0	
9	
9	
7	
7	
7	
5	
4	
5	
4	
2	
9	

0	
0	
0	
0	
0	
0	
0	
0	
0	
0	
0	
0	

]

EmployeeAvailability: [
1 1 0 1 1 
0 1 0 0 1 
1 1 1 1 1 
0 1 0 1 1 
0 1 1 0 1 
1 1 1 1 1 
1 1 1 0 1 
1 1 0 1 1 
1 0 0 1 1 
1 1 1 1 1 
1 1 1 1 1 
0 1 1 1 1 
1 0 1 1 1 
0 1 1 1 0 
1 0 0 1 0 
0 0 1 1 1 
1 1 1 0 0 
1 1 1 1 1 
1 1 0 1 1 
0 0 1 1 1 
0 1 0 1 1 
0 1 0 0 1 
1 1 1 1 1 
1 0 0 1 1 
1 1 1 0 1 
1 1 1 1 1 
0 0 1 1 1 
1 0 0 1 1 
1 1 0 0 1 
1 0 1 1 1 
]

EmployeeWantedInStint: [ ]

EmployeeWantedViolationCost: [ ]

EmployeesThatShouldNotWorkTogetherWithEmployee: [
[ 23 30 ]
[ 4 ]
[ 9 12 14 18 ]
[ 22 ]
[ ]
[ ]
[ 16 21 30 ]
[ ]
[ ]
[ ]
[ 28 ]
[ 26 ]
[ 21 30 ]
[ 28 ]
[ ]
[ 17 26 ]
[ ]
[ ]
[ ]
[ ]
[ ]
[ 30 ]
[ ]
[ ]
[ ]
[ ]
[ ]
[ ]
[ ]
[ ]
]

ShouldNotWorkTogetherCost: [ (1 23) 297 (1 30) 99 (2 4) 198 (3 9) 396 (3 12) 396 (3 14) 198 (3 18) 297 (4 22) 198 (7 16) 396 (7 21) 297 (7 30) 297 (11 28) 198 (12 26) 198 (13 21) 396 (13 30) 99 (14 28) 396 (16 17) 198 (16 26) 198 (22 30) 396 ]

ImmediatePredecessorsToActivity: [
[ ]
[ 1 ]
[ 1 ]
[ 1 ]
[ 3 ]
[ 3 4 ]
[ 5 ]
[ 5 ]
[ 3 4 ]
[ 6 8 ]
[ 2 9 ]
[ 4 5 ]
]

ActivitiesInProject: [
[ 1 2 3 4 5 6 7 8 9 10 11 12 ]
]

nActivityModes: [ 1 1 1 1 1 1 1 1 1 1 1 1 ]

ActivityDurationWithMode: [
1	
4	
4	
5	
5	
5	
7	
9	
8	
9	
19	
4	
]

StintsInProject: [
[ 1 2 3 4 5 ]
]

WorkingStintsOnDay: [
[ 1 ]
[ 1 ]
[ 1 ]
[ 1 ]
[ 1 ]
[ 1 ]
[ 1 ]
[ 1 ]
[ 1 ]
[ 1 ]
[ 1 ]
[ 1 ]
[ 1 ]
[ 1 ]
[ 2 ]
[ 2 ]
[ 2 ]
[ 2 ]
[ 2 ]
[ 2 ]
[ 2 ]
[ 2 ]
[ 2 ]
[ 2 ]
[ 2 ]
[ 2 ]
[ 2 ]
[ 2 ]
[ 3 ]
[ 3 ]
[ 3 ]
[ 3 ]
[ 3 ]
[ 3 ]
[ 3 ]
[ 3 ]
[ 3 ]
[ 3 ]
[ 3 ]
[ 3 ]
[ 3 ]
[ 3 ]
[ 4 ]
[ 4 ]
[ 4 ]
[ 4 ]
[ 4 ]
[ 4 ]
[ 4 ]
[ 4 ]
[ 4 ]
[ 4 ]
[ 4 ]
[ 4 ]
[ 4 ]
[ 4 ]
[ 5 ]
[ 5 ]
[ 5 ]
[ 5 ]
]

ProjectStart: [ 3 ]

ProjectEnd: [ 36 ]

EarliestStartDayForActivity: [ 1 3 3 3 7 8 12 12 8 21 16 12 ]

LatestStartDayForActivity: [ 1 36 36 36 36 36 36 36 36 36 36 36 ]

EquipmentTypeDemandInActivityWithMode: [
0	
1	
0	
1	
3	
1	
1	
1	
0	
1	
0	
1	

0	
1	
2	
0	
1	
0	
0	
2	
1	
1	
0	
0	

0	
1	
0	
1	
1	
4	
1	
2	
2	
0	
1	
0	

0	
0	
1	
0	
0	
1	
2	
1	
1	
2	
0	
1	

]

ExternalEquipmentRentingCost: [
2030	2540	1403	1082	1895	2713	1402	2014	4886	1473	2053	2956	
5072	5859	1675	4894	3078	5069	2797	4358	4792	2460	4075	2754	
5369	2299	2023	4672	5760	5294	2470	3492	4390	4987	1281	2095	
5333	1062	2680	2778	2605	3531	3615	5126	1243	5674	3600	4940	
]

EquipmentTypeTransportationCost: [
1	

1	

1	

1	

]

TransportationTimeForEquipmentTypeBetweenProjects: [
1	

1	

1	

1	

]

TotalNumberOfInitialEquipmentTypeLocation: [
(1 1) 5 
(2 1) 2 
(3 1) 8 
(4 1) 5 
]

DepotActivities: [ 1 ]

MaximalStintCliques: [
[ 2 1 ]
[ 2 3 ]
[ 4 3 ]
[ 4 5 ]
]
