nEmployees: 60
nSkills: 3
nProjects: 1
nDays: 150
nActivities: 34
nEquipmentTypes: 4
nStints: 11
nMaxModes: 1
nStintCliques: 10

EmployeeInStintCost: [
28100 28100 28100 28100 28100 28100 28100 28100 28100 28100 18810 
25532 25532 25532 25532 25532 25532 25532 25532 25532 25532 16770 
29436 29436 29436 29436 29436 29436 29436 29436 29436 29436 20080 
26780 26780 26780 26780 26780 26780 26780 26780 26780 26780 18150 
25756 25756 25756 25756 25756 25756 25756 25756 25756 25756 16994 
33052 33052 33052 33052 33052 33052 33052 33052 33052 33052 24554 
27060 27060 27060 27060 27060 27060 27060 27060 27060 27060 17968 
27356 27356 27356 27356 27356 27356 27356 27356 27356 27356 17934 
28476 28476 28476 28476 28476 28476 28476 28476 28476 28476 19648 
27756 27756 27756 27756 27756 27756 27756 27756 27756 27756 19324 
27180 27180 27180 27180 27180 27180 27180 27180 27180 27180 18022 
23660 23660 23660 23660 23660 23660 23660 23660 23660 23660 15492 
25796 25796 25796 25796 25796 25796 25796 25796 25796 25796 17232 
32764 32764 32764 32764 32764 32764 32764 32764 32764 32764 24002 
12240 12240 12240 12240 12240 12240 12240 12240 12240 12240 5508 
25260 25260 25260 25260 25260 25260 25260 25260 25260 25260 17158 
12120 12120 12120 12120 12120 12120 12120 12120 12120 12120 5454 
32548 32548 32548 32548 32548 32548 32548 32548 32548 32548 23060 
26740 26740 26740 26740 26740 26740 26740 26740 26740 26740 17120 
25876 25876 25876 25876 25876 25876 25876 25876 25876 25876 17048 
31444 31444 31444 31444 31444 31444 31444 31444 31444 31444 23408 
29052 29052 29052 29052 29052 29052 29052 29052 29052 29052 20488 
30060 30060 30060 30060 30060 30060 30060 30060 30060 30060 20836 
30868 30868 30868 30868 30868 30868 30868 30868 30868 30868 22304 
27620 27620 27620 27620 27620 27620 27620 27620 27620 27620 18528 
27620 27620 27620 27620 27620 27620 27620 27620 27620 27620 18594 
27020 27020 27020 27020 27020 27020 27020 27020 27020 27020 18258 
24172 24172 24172 24172 24172 24172 24172 24172 24172 24172 16004 
33484 33484 33484 33484 33484 33484 33484 33484 33484 33484 24326 
32932 32932 32932 32932 32932 32932 32932 32932 32932 32932 24500 
30204 30204 30204 30204 30204 30204 30204 30204 30204 30204 21244 
25860 25860 25860 25860 25860 25860 25860 25860 25860 25860 17428 
23900 23900 23900 23900 23900 23900 23900 23900 23900 23900 15600 
28868 28868 28868 28868 28868 28868 28868 28868 28868 28868 20700 
25612 25612 25612 25612 25612 25612 25612 25612 25612 25612 16652 
29340 29340 29340 29340 29340 29340 29340 29340 29340 29340 20512 
26252 26252 26252 26252 26252 26252 26252 26252 26252 26252 17094 
26252 26252 26252 26252 26252 26252 26252 26252 26252 26252 17094 
24932 24932 24932 24932 24932 24932 24932 24932 24932 24932 16500 
32628 32628 32628 32628 32628 32628 32628 32628 32628 32628 23404 
25796 25796 25796 25796 25796 25796 25796 25796 25796 25796 17232 
30612 30612 30612 30612 30612 30612 30612 30612 30612 30612 21190 
25252 25252 25252 25252 25252 25252 25252 25252 25252 25252 16490 
28356 28356 28356 28356 28356 28356 28356 28356 28356 28356 19594 
26300 26300 26300 26300 26300 26300 26300 26300 26300 26300 17934 
32188 32188 32188 32188 32188 32188 32188 32188 32188 32188 22898 
24172 24172 24172 24172 24172 24172 24172 24172 24172 24172 16004 
33412 33412 33412 33412 33412 33412 33412 33412 33412 33412 24716 
27140 27140 27140 27140 27140 27140 27140 27140 27140 27140 18378 
26220 26220 26220 26220 26220 26220 26220 26220 26220 26220 17590 
27740 27740 27740 27740 27740 27740 27740 27740 27740 27740 18648 
32524 32524 32524 32524 32524 32524 32524 32524 32524 32524 23894 
27972 27972 27972 27972 27972 27972 27972 27972 27972 27972 20002 
24532 24532 24532 24532 24532 24532 24532 24532 24532 24532 16166 
25860 25860 25860 25860 25860 25860 25860 25860 25860 25860 17428 
33244 33244 33244 33244 33244 33244 33244 33244 33244 33244 24218 
26260 26260 26260 26260 26260 26260 26260 26260 26260 26260 16904 
25380 25380 25380 25380 25380 25380 25380 25380 25380 25380 17212 
26180 26180 26180 26180 26180 26180 26180 26180 26180 26180 17880 
27972 27972 27972 27972 27972 27972 27972 27972 27972 27972 20002 
]

ExternalWorkerWithSkillOnStintCost: [
33120 40464 38808 40752 38664 36216 40320 42408 33048 32544 31560 
33912 40392 34128 40248 30672 38376 30528 36648 38592 37080 31860 
40464 38880 39168 35856 42552 41544 34272 41544 32544 28800 27780 
]

OverlappingStints: [
[ 2 ]
[ 3 ]
[ 4 ]
[ 5 ]
[ 6 ]
[ 7 ]
[ 8 ]
[ 9 ]
[ 10 ]
[ 11 ]
[ ]
]

EmployeesWithSkill: [
[ 1 2 3 4 5 6 7 8 9 10 11 12 13 14 15 16 17 18 19 20 21 22 23 24 25 26 27 28 29 30 31 32 33 34 35 36 37 38 39 40 41 42 43 44 45 46 47 48 49 50 51 52 53 54 55 56 57 58 59 60 ]
[ 1 2 3 4 7 8 9 10 11 15 16 17 18 19 20 22 23 24 25 26 27 28 29 30 31 32 33 35 36 38 39 40 42 43 44 45 46 47 48 51 52 54 55 56 57 59 ]
[ 5 11 18 19 20 23 27 39 41 44 48 49 52 54 58 ]
]

SkillDemandInActivityWithMode: [
0	
6	
5	
3	
7	
3	
5	
3	
10	
10	
10	
9	
2	
3	
7	
8	
5	
9	
10	
3	
5	
2	
9	
3	
6	
8	
2	
4	
9	
9	
3	
11	
3	
9	

0	
4	
3	
2	
4	
1	
3	
1	
7	
7	
7	
6	
0	
1	
5	
5	
3	
6	
7	
1	
3	
1	
6	
1	
4	
5	
1	
2	
6	
6	
1	
7	
1	
6	

0	
1	
1	
0	
1	
0	
1	
0	
2	
2	
2	
2	
0	
0	
1	
1	
1	
2	
2	
0	
1	
0	
2	
0	
1	
1	
0	
0	
2	
2	
0	
2	
0	
2	

]

EmployeeAvailability: [
1 1 1 1 1 1 1 0 1 1 1 
1 1 1 1 1 1 1 1 1 1 1 
1 1 1 1 1 1 1 1 1 1 1 
1 1 1 1 1 1 1 1 1 1 1 
1 1 1 1 1 0 1 1 1 1 0 
1 1 1 1 1 1 1 1 1 1 1 
1 1 1 1 1 1 1 1 1 1 1 
1 1 0 1 0 1 1 0 1 1 1 
1 1 1 0 1 1 1 1 1 1 1 
1 1 1 1 1 1 1 1 1 1 1 
0 1 0 1 1 1 1 1 1 0 1 
0 1 1 0 1 1 1 1 1 1 1 
1 1 1 1 1 0 1 0 1 1 1 
1 1 1 1 1 1 1 1 0 1 1 
1 1 0 1 1 1 1 1 1 1 1 
1 1 1 1 1 1 1 1 1 0 1 
1 0 1 1 1 1 1 1 1 1 1 
1 1 0 1 0 0 1 1 1 1 1 
1 1 1 1 1 1 1 1 1 1 1 
1 1 1 1 1 1 1 1 1 1 1 
1 1 1 1 1 1 1 1 1 0 1 
1 1 1 1 1 1 1 1 1 1 1 
0 1 0 1 1 1 1 0 1 1 1 
1 1 1 1 1 1 1 1 1 1 1 
1 1 1 1 1 1 1 1 1 1 1 
1 0 1 1 0 1 1 1 1 1 0 
1 1 1 1 0 0 1 1 1 1 0 
0 1 1 1 1 0 1 0 1 1 1 
1 1 1 1 1 1 1 1 1 1 1 
1 1 0 0 1 1 1 1 1 1 1 
1 1 1 1 1 1 1 1 1 1 1 
1 1 1 1 1 1 1 1 1 1 1 
1 1 1 1 1 1 1 1 1 1 1 
0 1 1 1 1 1 1 0 1 1 1 
1 1 1 1 1 1 1 1 1 0 0 
1 1 0 1 1 1 1 1 0 1 1 
1 1 1 1 1 1 0 0 1 1 1 
1 1 1 1 1 1 1 1 1 0 1 
0 1 1 1 1 1 1 1 1 1 1 
1 1 1 1 1 1 1 1 1 1 1 
1 1 1 1 1 1 1 1 0 1 1 
1 0 1 1 1 1 0 1 1 1 0 
0 1 1 1 1 1 1 1 1 1 1 
1 1 1 1 0 1 1 1 0 1 1 
1 0 1 1 0 1 1 1 1 0 1 
1 1 1 1 1 1 1 1 1 1 0 
1 1 1 1 1 1 1 1 1 1 1 
1 1 1 1 0 1 1 1 1 0 1 
1 1 1 0 1 1 1 1 1 1 1 
1 0 1 1 1 1 1 1 1 1 1 
1 1 1 1 1 1 1 1 1 1 1 
1 1 1 1 1 1 0 1 1 1 1 
0 1 1 1 1 1 1 1 1 1 1 
0 1 1 1 1 1 1 1 1 1 1 
1 1 0 1 0 1 1 1 1 1 1 
1 1 1 1 1 0 1 1 1 1 1 
1 1 1 1 1 1 1 1 1 1 1 
0 1 1 1 1 0 1 1 1 1 1 
1 1 1 1 1 1 1 1 1 1 1 
1 1 1 1 1 1 1 1 0 1 1 
]

EmployeeWantedInStint: [ (11 11) 1 (13 9) 1 (32 2) 1 (37 5) 1 (37 11) 1 (40 11) 1 (45 1) 1 (52 1) 1 (54 2) 1 (54 4) 1 (59 6) 1 ]

EmployeeWantedViolationCost: [ (11 11) 9000 (13 9) 7000 (32 2) 11000 (37 5) 8000 (37 11) 7000 (40 11) 9000 (45 1) 9000 (52 1) 11000 (54 2) 14000 (54 4) 10000 (59 6) 15000 ]

EmployeesThatShouldNotWorkTogetherWithEmployee: [
[ 37 41 ]
[ 15 60 ]
[ ]
[ 25 33 51 57 ]
[ 13 30 ]
[ 33 34 ]
[ 19 39 48 52 53 ]
[ 12 ]
[ 27 36 39 ]
[ ]
[ 25 34 47 53 54 ]
[ 17 41 ]
[ 22 34 ]
[ 34 57 ]
[ 40 ]
[ 20 49 52 55 ]
[ 58 60 ]
[ ]
[ 34 51 ]
[ 56 ]
[ ]
[ 51 ]
[ ]
[ 43 ]
[ 30 46 49 ]
[ 38 ]
[ 30 32 44 ]
[ 30 ]
[ ]
[ 58 ]
[ 35 ]
[ 33 ]
[ 43 ]
[ 47 ]
[ 37 ]
[ 51 ]
[ 40 ]
[ 40 ]
[ 60 ]
[ ]
[ 49 ]
[ 50 52 ]
[ ]
[ ]
[ ]
[ 50 ]
[ ]
[ ]
[ ]
[ ]
[ 55 ]
[ 55 ]
[ 57 ]
[ ]
[ ]
[ ]
[ ]
[ ]
[ ]
[ ]
]

ShouldNotWorkTogetherCost: [ (1 37) 396 (1 41) 396 (2 15) 198 (2 60) 396 (4 25) 396 (4 33) 99 (4 51) 297 (4 57) 198 (5 13) 297 (5 30) 396 (6 33) 99 (6 34) 297 (7 19) 99 (7 39) 198 (7 48) 99 (7 52) 297 (7 53) 396 (8 12) 198 (9 27) 198 (9 36) 198 (9 39) 396 (11 25) 198 (11 34) 396 (11 47) 297 (11 53) 198 (11 54) 99 (12 17) 99 (12 41) 297 (13 22) 99 (13 34) 99 (14 34) 396 (14 57) 198 (15 40) 99 (16 20) 297 (16 49) 99 (16 52) 297 (16 55) 297 (17 58) 99 (17 60) 99 (19 34) 99 (19 51) 396 (20 56) 198 (22 51) 396 (24 43) 396 (25 30) 297 (25 46) 396 (25 49) 198 (26 38) 99 (27 30) 297 (27 32) 396 (27 44) 297 (28 30) 99 (30 58) 99 (31 35) 99 (32 33) 396 (33 43) 99 (34 47) 198 (35 37) 297 (36 51) 99 (37 40) 297 (38 40) 99 (39 60) 99 (41 49) 198 (42 50) 396 (42 52) 99 (46 50) 198 (51 55) 198 (52 55) 297 (53 57) 396 ]

ImmediatePredecessorsToActivity: [
[ ]
[ 1 ]
[ 1 ]
[ 3 ]
[ 1 ]
[ 1 ]
[ 5 6 ]
[ 2 3 6 ]
[ 1 ]
[ 2 4 ]
[ 9 10 ]
[ 2 5 6 ]
[ 5 9 ]
[ 2 ]
[ 4 9 12 14 ]
[ 15 ]
[ 1 ]
[ 5 8 11 15 ]
[ 6 11 16 17 ]
[ 3 9 17 ]
[ 3 5 15 ]
[ 1 ]
[ 4 20 ]
[ 1 ]
[ 2 11 15 22 24 ]
[ 7 8 ]
[ 6 9 ]
[ 2 5 6 ]
[ 5 6 20 22 24 ]
[ 8 29 ]
[ 6 9 ]
[ 7 10 15 23 28 29 ]
[ 6 ]
[ 2 4 24 33 ]
]

ActivitiesInProject: [
[ 1 2 3 4 5 6 7 8 9 10 11 12 13 14 15 16 17 18 19 20 21 22 23 24 25 26 27 28 29 30 31 32 33 34 ]
]

nActivityModes: [ 1 1 1 1 1 1 1 1 1 1 1 1 1 1 1 1 1 1 1 1 1 1 1 1 1 1 1 1 1 1 1 1 1 1 ]

ActivitiyDurationWithMode: [
1	
14	
19	
31	
13	
33	
19	
36	
9	
9	
9	
10	
65	
35	
12	
11	
17	
10	
9	
39	
17	
60	
10	
36	
15	
11	
46	
27	
10	
10	
40	
8	
34	
10	
]
StintsInProject: [
[ 1 2 3 4 5 6 7 8 9 10 11 ]
]

WorkingStintsOnDay: [
[ 1 ]
[ 1 ]
[ 1 ]
[ 1 ]
[ 1 ]
[ 1 ]
[ 1 ]
[ 1 ]
[ 1 ]
[ 1 ]
[ 1 ]
[ 1 ]
[ ]
[ ]
[ 2 ]
[ 2 ]
[ 2 ]
[ 2 ]
[ 2 ]
[ 2 ]
[ 2 ]
[ 2 ]
[ 2 ]
[ 2 ]
[ 2 ]
[ 2 ]
[ ]
[ ]
[ 3 ]
[ 3 ]
[ 3 ]
[ 3 ]
[ 3 ]
[ 3 ]
[ 3 ]
[ 3 ]
[ 3 ]
[ 3 ]
[ 3 ]
[ 3 ]
[ ]
[ ]
[ 4 ]
[ 4 ]
[ 4 ]
[ 4 ]
[ 4 ]
[ 4 ]
[ 4 ]
[ 4 ]
[ 4 ]
[ 4 ]
[ 4 ]
[ 4 ]
[ ]
[ ]
[ 5 ]
[ 5 ]
[ 5 ]
[ 5 ]
[ 5 ]
[ 5 ]
[ 5 ]
[ 5 ]
[ 5 ]
[ 5 ]
[ 5 ]
[ 5 ]
[ ]
[ ]
[ 6 ]
[ 6 ]
[ 6 ]
[ 6 ]
[ 6 ]
[ 6 ]
[ 6 ]
[ 6 ]
[ 6 ]
[ 6 ]
[ 6 ]
[ 6 ]
[ ]
[ ]
[ 7 ]
[ 7 ]
[ 7 ]
[ 7 ]
[ 7 ]
[ 7 ]
[ 7 ]
[ 7 ]
[ 7 ]
[ 7 ]
[ 7 ]
[ 7 ]
[ ]
[ ]
[ 8 ]
[ 8 ]
[ 8 ]
[ 8 ]
[ 8 ]
[ 8 ]
[ 8 ]
[ 8 ]
[ 8 ]
[ 8 ]
[ 8 ]
[ 8 ]
[ ]
[ ]
[ 9 ]
[ 9 ]
[ 9 ]
[ 9 ]
[ 9 ]
[ 9 ]
[ 9 ]
[ 9 ]
[ 9 ]
[ 9 ]
[ 9 ]
[ 9 ]
[ ]
[ ]
[ 10 ]
[ 10 ]
[ 10 ]
[ 10 ]
[ 10 ]
[ 10 ]
[ 10 ]
[ 10 ]
[ 10 ]
[ 10 ]
[ 10 ]
[ 10 ]
[ ]
[ ]
[ 11 ]
[ 11 ]
[ 11 ]
[ 11 ]
[ 11 ]
[ 11 ]
[ 11 ]
[ 11 ]
[ 11 ]
[ 11 ]
]

ProjectStart: [ 35 ]

ProjectEnd: [ 133 ]

EarliestStartDayForActivity: [ 1 35 35 58 35 35 74 74 35 93 104 74 50 51 93 107 35 116 120 58 107 35 103 35 115 116 74 74 105 117 74 117 74 114 ]

LatestStartDayForActivity: [ 1 133 133 133 133 133 133 133 133 133 133 133 133 133 133 133 133 133 133 133 133 133 133 133 133 133 133 133 133 133 133 133 133 133 ]

EquipmentTypeDemandInActivityWithMode: [
0	
0	
1	
1	
2	
0	
2	
2	
2	
1	
1	
0	
3	
1	
1	
0	
2	
1	
0	
1	
1	
1	
2	
1	
3	
0	
0	
0	
3	
1	
3	
0	
0	
0	

0	
0	
1	
0	
2	
1	
3	
1	
1	
1	
2	
0	
2	
1	
2	
2	
1	
2	
0	
3	
1	
2	
0	
2	
2	
2	
4	
1	
1	
1	
0	
3	
1	
0	

0	
3	
2	
2	
3	
3	
1	
1	
1	
1	
2	
3	
2	
2	
1	
3	
3	
0	
2	
1	
4	
2	
1	
0	
0	
1	
0	
0	
2	
0	
0	
1	
2	
2	

0	
2	
2	
2	
0	
1	
1	
0	
0	
0	
0	
3	
2	
1	
0	
0	
3	
2	
2	
1	
0	
0	
0	
0	
1	
1	
1	
0	
3	
1	
1	
3	
4	
1	

]

ExternalEquipmentRentingCost: [
2009	1542	1879	1242	3670	1284	5361	4910	3228	3848	5723	1175	2250	1361	3389	1575	1198	5898	4748	1413	4271	4014	1629	1341	4887	1329	5968	4353	1127	4533	1372	2397	2159	5899	
3879	4076	3919	4991	3988	3635	2642	4071	3095	1572	5676	3042	5946	2171	3769	1415	2716	4100	5349	1288	3715	2834	4371	5366	3256	1977	4672	4935	3501	3514	2055	1667	4019	5973	
1122	4841	2578	1722	1581	4870	4818	3835	2497	3893	4121	1278	5227	1211	4472	3197	1594	1476	4806	1001	3138	1092	3550	4315	4950	1690	4691	2390	4422	4856	2311	3220	4105	4421	
2062	4106	5483	1330	4494	2584	5052	5616	3648	2898	4841	3703	5708	1729	3428	3697	4344	1003	4492	2401	4662	3265	3614	2112	5832	5508	1940	2259	5462	1625	4617	2751	4977	5512	
]

EquipmentTypeTransportationCost: [
1	

1	

1	

1	

]

TransportationTimeForEquipmentTypeBetweenProjects: [
1	

1	

1	

1	

]

TotalNumberOfInitialEquipmentTypeLocation: [
(1 1) 4 
(2 1) 5 
(3 1) 7 
(4 1) 4 
]

DepotActivities: [ 1 ]

MaximalStintCliques: [
[ 2 1 ]
[ 2 3 ]
[ 4 3 ]
[ 4 5 ]
[ 5 6 ]
[ 6 7 ]
[ 7 8 ]
[ 8 9 ]
[ 9 10 ]
[ 10 11 ]
]
