nEmployees: 60
nSkills: 3
nProjects: 1
nDays: 60
nActivities: 11
nEquipmentTypes: 3
nStints: 5
nMaxModes: 3
nStintCliques: 4

EmployeeInStintCost: [
30596 30596 30596 28832 10352 
32324 32324 32324 30308 10652 
12120 12120 12120 10302 1818 
36092 36092 36092 34130 14726 
32276 32276 32276 30260 10604 
32756 32756 32756 30668 10676 
30308 30308 30308 28526 9962 
31244 31244 31244 29390 10490 
38060 38060 38060 36134 16898 
29964 29964 29964 28182 9618 
36724 36724 36724 34798 15562 
31724 31724 31724 29726 10154 
12840 12840 12840 10914 1926 
29204 29204 29204 27332 8348 
36452 36452 36452 34580 15596 
13680 13680 13680 11628 2052 
31724 31724 31724 29798 10562 
31868 31868 31868 29852 10196 
30404 30404 30404 28676 10364 
32108 32108 32108 30056 10232 
36572 36572 36572 34538 14798 
35884 35884 35884 34084 15436 
38100 38100 38100 36246 17346 
35884 35884 35884 34084 15436 
30804 30804 30804 29022 10458 
38100 38100 38100 36246 17346 
32516 32516 32516 30464 10640 
12480 12480 12480 10608 1872 
30596 30596 30596 28832 10352 
31764 31764 31764 29712 9888 
35524 35524 35524 33778 15382 
38660 38660 38660 36644 16988 
19280 19280 19280 17210 7550 
30660 30660 30660 28950 10722 
29564 29564 29564 27638 8402 
33180 33180 33180 31092 11100 
30524 30524 30524 28454 8546 
31740 31740 31740 29868 10884 
32700 32700 32700 30684 11028 
14720 14720 14720 12776 3704 
13680 13680 13680 11628 2052 
30980 30980 30980 29126 10226 
13920 13920 13920 11832 2088 
15440 15440 15440 13388 3812 
28724 28724 28724 26924 8276 
32684 32684 32684 30614 10706 
29476 29476 29476 27748 9436 
17920 17920 17920 16012 7108 
38900 38900 38900 36848 17024 
32684 32684 32684 30614 10706 
13200 13200 13200 11220 1980 
37860 37860 37860 36042 17310 
31220 31220 31220 29330 10262 
28244 28244 28244 26516 8204 
31164 31164 31164 29202 9798 
30524 30524 30524 28778 10382 
38220 38220 38220 36348 17364 
30860 30860 30860 29024 10208 
36812 36812 36812 34886 15650 
35852 35852 35852 34070 15506 
]

ExternalWorkerWithSkillOnStintCost: [
42624 42264 41544 41904 11088 
31248 32760 32544 34200 12168 
41400 38448 34416 37152 12984 
]

OverlappingStints: [
[ 2 ]
[ 3 ]
[ 4 ]
[ 5 ]
[ ]
]

EmployeesWithSkill: [
[ 1 2 3 4 5 6 7 8 9 10 11 12 13 14 15 16 17 18 19 20 21 22 23 24 25 26 27 28 29 30 31 32 33 34 35 36 37 38 39 40 41 42 43 44 45 46 47 48 49 50 51 52 53 54 55 56 57 58 59 60 ]
[ 2 3 4 5 6 7 8 9 10 11 12 14 15 16 17 18 19 20 21 22 23 24 25 26 27 28 30 31 32 33 35 36 37 38 39 40 41 42 43 44 45 46 48 49 50 51 52 53 54 55 56 58 59 60 ]
[ 4 40 ]
]

SkillDemandInActivityWithMode: [
0	0	0	
12	19	8	
21	33	14	
28	43	19	
21	33	14	
17	27	12	
14	22	10	
4	7	3	
21	33	14	
12	19	8	
21	33	14	

0	0	0	
10	16	7	
18	28	12	
24	37	16	
18	28	12	
14	22	10	
12	19	8	
3	6	2	
18	28	12	
10	16	7	
18	28	12	

0	0	0	
0	1	0	
0	1	0	
1	3	1	
0	1	0	
0	1	0	
0	1	0	
0	1	0	
0	1	0	
0	1	0	
0	1	0	

]

EmployeeAvailability: [
1 1 1 1 1 
1 1 0 1 1 
1 1 1 0 0 
1 1 1 1 1 
1 1 1 1 0 
1 1 1 1 1 
1 1 1 1 1 
1 1 1 1 1 
1 1 1 1 1 
1 1 0 0 1 
1 0 1 1 1 
1 1 1 0 1 
1 0 1 1 1 
0 1 1 1 1 
0 1 1 1 1 
1 0 0 1 1 
1 1 0 0 1 
1 1 0 1 1 
1 1 0 0 1 
0 1 1 1 1 
1 0 0 0 1 
1 1 1 1 1 
1 1 1 1 1 
1 1 1 1 1 
1 0 1 1 1 
0 1 0 1 1 
1 0 1 0 1 
1 0 1 1 0 
1 1 1 1 1 
1 1 1 1 1 
1 0 1 0 1 
1 0 1 0 1 
1 1 1 0 1 
1 0 1 1 1 
0 1 1 1 1 
1 0 0 0 1 
0 0 1 1 1 
1 1 1 1 1 
0 0 1 1 1 
0 1 1 1 1 
1 1 0 0 1 
0 1 0 1 1 
1 1 1 1 1 
1 0 1 0 1 
1 1 0 0 1 
1 1 0 1 1 
1 0 0 1 1 
1 1 1 0 1 
1 1 1 1 1 
1 1 1 1 1 
0 0 1 1 1 
1 1 1 1 1 
1 1 0 1 1 
0 0 1 1 1 
1 1 0 1 1 
1 1 1 1 1 
1 0 1 1 0 
1 1 0 0 1 
1 1 1 1 1 
0 1 1 1 0 
]

EmployeeWantedInStint: [ (4 5) 1 (26 3) 1 (30 4) 1 (44 3) 1 (48 2) 1 ]

EmployeeWantedViolationCost: [ (4 5) 12000 (26 3) 14000 (30 4) 15000 (44 3) 14000 (48 2) 5000 ]

EmployeesThatShouldNotWorkTogetherWithEmployee: [
[ 42 46 58 ]
[ 6 10 24 ]
[ 35 45 51 ]
[ 17 32 34 51 ]
[ ]
[ 10 28 37 ]
[ 26 30 36 38 46 50 ]
[ 41 ]
[ 22 36 55 ]
[ 30 56 57 ]
[ 37 44 58 ]
[ 37 ]
[ 19 ]
[ 19 ]
[ 27 29 42 43 54 ]
[ 28 ]
[ 39 ]
[ 24 32 41 43 ]
[ 23 ]
[ 24 36 42 51 ]
[ 44 53 59 ]
[ 34 46 ]
[ 35 44 49 57 ]
[ 42 55 ]
[ ]
[ 36 51 52 ]
[ 29 43 ]
[ 37 ]
[ 31 40 54 ]
[ 35 38 48 ]
[ 53 ]
[ 41 58 ]
[ 36 ]
[ 36 41 47 57 ]
[ ]
[ 37 39 53 ]
[ ]
[ 59 ]
[ 44 ]
[ ]
[ ]
[ ]
[ 54 ]
[ ]
[ 48 52 ]
[ 60 ]
[ 56 58 ]
[ ]
[ ]
[ ]
[ ]
[ ]
[ ]
[ 58 ]
[ ]
[ 58 ]
[ ]
[ ]
[ ]
[ ]
]

ShouldNotWorkTogetherCost: [ (1 42) 198 (1 46) 99 (1 58) 99 (2 6) 396 (2 10) 396 (2 24) 396 (3 35) 198 (3 45) 396 (3 51) 99 (4 17) 99 (4 32) 297 (4 34) 198 (4 51) 297 (6 10) 99 (6 28) 99 (6 37) 99 (7 26) 297 (7 30) 297 (7 36) 396 (7 38) 396 (7 46) 396 (7 50) 396 (8 41) 99 (9 22) 198 (9 36) 99 (9 55) 396 (10 30) 396 (10 56) 297 (10 57) 396 (11 37) 297 (11 44) 396 (11 58) 198 (12 37) 99 (13 19) 297 (14 19) 198 (15 27) 396 (15 29) 297 (15 42) 99 (15 43) 297 (15 54) 396 (16 28) 198 (17 39) 99 (18 24) 396 (18 32) 99 (18 41) 297 (18 43) 198 (19 23) 396 (20 24) 198 (20 36) 198 (20 42) 297 (20 51) 297 (21 44) 297 (21 53) 99 (21 59) 198 (22 34) 99 (22 46) 198 (23 35) 396 (23 44) 99 (23 49) 99 (23 57) 297 (24 42) 297 (24 55) 99 (26 36) 396 (26 51) 396 (26 52) 396 (27 29) 198 (27 43) 297 (28 37) 198 (29 31) 99 (29 40) 198 (29 54) 297 (30 35) 396 (30 38) 198 (30 48) 198 (31 53) 198 (32 41) 297 (32 58) 396 (33 36) 396 (34 36) 396 (34 41) 99 (34 47) 396 (34 57) 396 (36 37) 297 (36 39) 198 (36 53) 99 (38 59) 99 (39 44) 396 (43 54) 396 (45 48) 198 (45 52) 99 (46 60) 99 (47 56) 297 (47 58) 396 (54 58) 198 (56 58) 297 ]

ImmediatePredecessorsToActivity: [
[ ]
[ 1 ]
[ 1 ]
[ 1 ]
[ 2 3 ]
[ 2 ]
[ 3 6 ]
[ 1 ]
[ 1 ]
[ 4 7 9 ]
[ 5 6 8 ]
]

ActivitiesInProject: [
[ 1 2 3 4 5 6 7 8 9 10 11 ]
]

nActivityModes: [ 3 3 3 3 3 3 3 3 3 3 3 ]

ActivitiyDurationWithMode: [
1	1	1	
7	5	10	
4	3	6	
3	2	4	
4	3	6	
5	4	7	
6	4	8	
21	14	28	
4	3	6	
7	5	10	
4	3	6	
]
StintsInProject: [
[ 1 2 3 4 5 ]
]

WorkingStintsOnDay: [
[ 1 ]
[ 1 ]
[ 1 ]
[ 1 ]
[ 1 ]
[ 1 ]
[ 1 ]
[ 1 ]
[ 1 ]
[ 1 ]
[ 1 ]
[ 1 ]
[ ]
[ ]
[ 2 ]
[ 2 ]
[ 2 ]
[ 2 ]
[ 2 ]
[ 2 ]
[ 2 ]
[ 2 ]
[ 2 ]
[ 2 ]
[ 2 ]
[ 2 ]
[ ]
[ ]
[ 3 ]
[ 3 ]
[ 3 ]
[ 3 ]
[ 3 ]
[ 3 ]
[ 3 ]
[ 3 ]
[ 3 ]
[ 3 ]
[ 3 ]
[ 3 ]
[ ]
[ ]
[ 4 ]
[ 4 ]
[ 4 ]
[ 4 ]
[ 4 ]
[ 4 ]
[ 4 ]
[ 4 ]
[ 4 ]
[ 4 ]
[ 4 ]
[ 4 ]
[ ]
[ ]
[ 5 ]
[ 5 ]
[ 5 ]
[ 5 ]
]

ProjectStart: [ 10 ]

ProjectEnd: [ 40 ]

EarliestStartDayForActivity: [ 1 10 10 10 19 19 24 10 10 32 35 ]

LatestStartDayForActivity: [ 1 40 40 40 40 40 40 40 40 40 40 ]

EquipmentTypeDemandInActivityWithMode: [
0	0	0	
0	1	0	
1	3	1	
1	3	1	
0	1	0	
0	1	0	
0	1	0	
0	1	0	
0	1	0	
0	1	0	
1	3	1	

0	0	0	
1	3	1	
0	1	0	
1	3	1	
1	3	1	
2	4	2	
0	1	0	
2	4	2	
0	1	0	
3	6	2	
0	1	0	

0	0	0	
1	3	1	
0	1	0	
1	3	1	
1	3	1	
0	1	0	
2	4	2	
0	1	0	
5	9	4	
2	4	2	
0	1	0	

]

ExternalEquipmentRentingCost: [
1109	5706	1558	2523	5229	5783	3321	3455	5361	1587	2819	
5383	1366	4827	3331	3807	4567	1441	5996	1709	3213	1040	
2427	4676	1973	4490	4732	5951	2991	1861	2369	2656	3580	
]

EquipmentTypeTransportationCost: [
1	

1	

1	

]

TransportationTimeForEquipmentTypeBetweenProjects: [
1	

1	

1	

]

TotalNumberOfInitialEquipmentTypeLocation: [
(1 1) 2 
(2 1) 2 
(3 1) 6 
]

DepotActivities: [ 1 ]

MaximalStintCliques: [
[ 2 1 ]
[ 2 3 ]
[ 4 3 ]
[ 4 5 ]
]
