nEmployees: 60
nSkills: 3
nProjects: 1
nDays: 150
nActivities: 27
nEquipmentTypes: 5
nStints: 11
nMaxModes: 1
nStintCliques: 10

EmployeeInStintCost: [
26372 26372 26372 26372 26372 26372 26372 26372 26372 26372 17278 
25692 25692 25692 25692 25692 25692 25692 25692 25692 25692 16994 
27156 27156 27156 27156 27156 27156 27156 27156 27156 27156 18656 
33484 33484 33484 33484 33484 33484 33484 33484 33484 33484 25380 
28004 28004 28004 28004 28004 28004 28004 28004 28004 28004 19108 
30372 30372 30372 30372 30372 30372 30372 30372 30372 30372 21278 
33012 33012 33012 33012 33012 33012 33012 33012 33012 33012 24446 
12960 12960 12960 12960 12960 12960 12960 12960 12960 12960 5832 
27036 27036 27036 27036 27036 27036 27036 27036 27036 27036 18602 
27036 27036 27036 27036 27036 27036 27036 27036 27036 27036 18602 
25332 25332 25332 25332 25332 25332 25332 25332 25332 25332 16832 
27212 27212 27212 27212 27212 27212 27212 27212 27212 27212 17656 
28812 28812 28812 28812 28812 28812 28812 28812 28812 28812 20576 
27284 27284 27284 27284 27284 27284 27284 27284 27284 27284 18652 
27036 27036 27036 27036 27036 27036 27036 27036 27036 27036 18602 
27524 27524 27524 27524 27524 27524 27524 27524 27524 27524 18760 
28964 28964 28964 28964 28964 28964 28964 28964 28964 28964 19540 
33492 33492 33492 33492 33492 33492 33492 33492 33492 33492 24662 
28724 28724 28724 28724 28724 28724 28724 28724 28724 28724 19300 
28932 28932 28932 28932 28932 28932 28932 28932 28932 28932 20630 
32532 32532 32532 32532 32532 32532 32532 32532 32532 32532 24230 
29172 29172 29172 29172 29172 29172 29172 29172 29172 29172 20738 
25420 25420 25420 25420 25420 25420 25420 25420 25420 25420 16722 
26940 26940 26940 26940 26940 26940 26940 26940 26940 26940 17714 
32972 32972 32972 32972 32972 32972 32972 32972 32972 32972 24142 
33780 33780 33780 33780 33780 33780 33780 33780 33780 33780 24488 
34524 34524 34524 34524 34524 34524 34524 34524 34524 34524 26156 
26612 26612 26612 26612 26612 26612 26612 26612 26612 26612 17386 
29620 29620 29620 29620 29620 29620 29620 29620 29620 29620 19932 
32580 32580 32580 32580 32580 32580 32580 32580 32580 32580 23948 
31740 31740 31740 31740 31740 31740 31740 31740 31740 31740 23570 
30748 30748 30748 30748 30748 30748 30748 30748 30748 30748 22512 
32892 32892 32892 32892 32892 32892 32892 32892 32892 32892 24392 
34044 34044 34044 34044 34044 34044 34044 34044 34044 34044 25082 
26804 26804 26804 26804 26804 26804 26804 26804 26804 26804 18436 
24700 24700 24700 24700 24700 24700 24700 24700 24700 24700 16398 
26556 26556 26556 26556 26556 26556 26556 26556 26556 26556 18386 
33212 33212 33212 33212 33212 33212 33212 33212 33212 33212 24250 
31708 31708 31708 31708 31708 31708 31708 31708 31708 31708 22944 
25740 25740 25740 25740 25740 25740 25740 25740 25740 25740 17174 
32548 32548 32548 32548 32548 32548 32548 32548 32548 32548 23322 
27044 27044 27044 27044 27044 27044 27044 27044 27044 27044 18544 
33932 33932 33932 33932 33932 33932 33932 33932 33932 33932 24574 
33300 33300 33300 33300 33300 33300 33300 33300 33300 33300 24272 
26252 26252 26252 26252 26252 26252 26252 26252 26252 26252 17224 
25188 25188 25188 25188 25188 25188 25188 25188 25188 25188 16886 
34684 34684 34684 34684 34684 34684 34684 34684 34684 34684 25920 
33924 33924 33924 33924 33924 33924 33924 33924 33924 33924 25886 
27820 27820 27820 27820 27820 27820 27820 27820 27820 27820 19122 
34884 34884 34884 34884 34884 34884 34884 34884 34884 34884 26318 
25652 25652 25652 25652 25652 25652 25652 25652 25652 25652 16954 
25140 25140 25140 25140 25140 25140 25140 25140 25140 25140 16904 
25212 25212 25212 25212 25212 25212 25212 25212 25212 25212 16778 
24612 24612 24612 24612 24612 24612 24612 24612 24612 24612 16508 
25060 25060 25060 25060 25060 25060 25060 25060 25060 25060 16560 
26012 26012 26012 26012 26012 26012 26012 26012 26012 26012 17116 
32892 32892 32892 32892 32892 32892 32892 32892 32892 32892 24392 
28780 28780 28780 28780 28780 28780 28780 28780 28780 28780 19554 
24972 24972 24972 24972 24972 24972 24972 24972 24972 24972 16670 
34412 34412 34412 34412 34412 34412 34412 34412 34412 34412 24790 
]

ExternalWorkerWithSkillOnStintCost: [
41256 43056 31896 36432 39096 36072 38448 33912 35208 35208 30480 
39384 35640 36648 31248 33696 42624 37584 32976 32904 30960 31380 
34776 29520 33840 30168 35640 31392 33552 31824 29016 41616 29280 
]

OverlappingStints: [
[ 2 ]
[ 3 ]
[ 4 ]
[ 5 ]
[ 6 ]
[ 7 ]
[ 8 ]
[ 9 ]
[ 10 ]
[ 11 ]
[ ]
]

EmployeesWithSkill: [
[ 1 2 3 4 5 6 7 8 9 10 11 12 13 14 15 16 17 18 19 20 21 22 23 24 25 26 27 28 29 30 31 32 33 34 35 36 37 38 39 40 41 42 43 44 45 46 47 48 49 50 51 52 53 54 55 56 57 58 59 60 ]
[ 1 2 3 6 8 9 10 11 12 14 15 17 18 19 20 21 22 23 26 27 28 29 30 31 32 34 36 37 39 40 42 43 44 45 46 47 50 51 52 53 55 56 60 ]
[ 8 9 12 16 17 22 23 26 29 34 39 42 43 44 45 51 53 59 60 ]
]

SkillDemandInActivityWithMode: [
0	
9	
11	
3	
6	
8	
8	
2	
2	
8	
8	
4	
7	
10	
12	
3	
4	
2	
7	
9	
11	
9	
5	
3	
4	
12	
2	

0	
5	
7	
1	
3	
5	
5	
1	
0	
5	
5	
2	
4	
6	
8	
1	
2	
1	
4	
5	
7	
5	
3	
1	
2	
8	
1	

0	
2	
3	
0	
1	
2	
2	
0	
0	
2	
2	
1	
2	
2	
3	
0	
1	
0	
2	
2	
3	
2	
1	
0	
1	
3	
0	

]

EmployeeAvailability: [
1 0 1 1 1 1 1 1 1 1 1 
0 1 0 1 1 1 1 1 1 1 1 
1 1 1 1 1 1 1 1 1 1 1 
1 1 1 1 1 0 0 1 1 0 1 
0 1 1 1 1 1 1 0 1 1 1 
1 1 1 1 1 1 1 1 1 1 1 
1 1 1 1 1 1 1 1 1 1 1 
1 1 1 0 1 1 1 1 1 1 1 
1 1 1 1 1 1 1 1 1 1 1 
1 1 1 0 1 1 1 1 1 1 1 
1 1 0 1 1 1 1 1 1 1 1 
1 1 1 0 1 1 1 1 1 0 1 
1 1 1 1 1 1 1 1 1 1 1 
1 1 1 1 1 1 1 1 1 1 1 
1 1 1 1 1 1 1 1 1 1 1 
1 1 1 0 1 1 1 1 0 1 1 
1 1 0 0 1 1 0 1 1 1 1 
1 1 1 1 1 1 1 1 1 1 1 
1 1 1 1 1 1 1 1 1 1 1 
1 1 1 1 1 1 1 0 1 1 1 
0 1 0 1 0 1 1 1 1 1 1 
1 1 0 1 1 1 1 1 1 1 1 
1 1 1 1 1 0 1 1 1 1 0 
1 0 1 1 0 1 0 1 1 1 1 
1 1 1 1 1 1 0 1 1 1 1 
1 1 1 1 1 1 1 1 1 1 1 
1 1 0 1 0 1 1 0 1 1 1 
1 1 1 0 0 1 0 1 1 1 1 
1 1 1 1 1 1 1 1 1 0 1 
1 0 1 1 1 1 0 1 1 1 1 
1 1 1 1 1 1 1 1 1 1 1 
1 1 1 1 1 1 1 1 1 1 1 
1 1 0 1 1 1 1 1 0 1 0 
1 1 1 1 1 0 1 1 1 1 1 
1 1 1 0 1 1 1 1 1 1 1 
1 1 1 1 1 1 1 1 1 1 1 
1 1 1 1 0 1 1 1 0 1 1 
1 1 0 1 1 1 1 1 1 1 1 
1 1 1 0 0 1 1 1 1 1 1 
1 1 1 1 1 1 1 1 1 1 1 
1 0 0 1 1 1 0 1 1 1 1 
0 1 1 1 1 1 1 1 1 0 1 
1 1 1 1 1 0 1 1 1 1 1 
1 1 1 1 1 1 1 1 1 1 1 
1 1 1 1 0 0 1 1 1 1 1 
1 1 1 1 1 1 0 1 1 1 0 
1 1 1 1 1 1 1 1 1 1 1 
1 0 1 1 1 0 1 1 1 1 1 
1 1 1 1 1 1 1 1 1 1 1 
1 1 1 1 1 1 1 1 1 0 1 
1 1 1 0 0 1 1 1 1 1 0 
1 1 1 1 1 1 1 1 1 0 0 
1 0 1 1 1 1 1 1 1 1 0 
0 1 1 1 1 1 1 1 1 1 1 
1 1 1 1 1 1 1 1 1 1 1 
1 1 1 1 1 1 1 1 0 1 1 
1 1 1 1 1 0 1 0 1 0 1 
1 1 0 1 1 1 1 1 1 1 1 
1 1 1 0 1 1 1 1 1 1 1 
1 1 0 1 1 1 1 1 0 1 0 
]

EmployeeWantedInStint: [ (19 11) 1 (27 8) 1 (29 11) 1 (50 10) 1 (54 2) 1 (56 6) 1 (60 10) 1 ]

EmployeeWantedViolationCost: [ (19 11) 9000 (27 8) 8000 (29 11) 14000 (50 10) 11000 (54 2) 15000 (56 6) 15000 (60 10) 10000 ]

EmployeesThatShouldNotWorkTogetherWithEmployee: [
[ 9 26 41 ]
[ ]
[ 9 43 ]
[ 9 43 ]
[ 36 ]
[ 9 27 43 ]
[ 19 30 ]
[ 12 42 52 57 ]
[ 21 35 41 ]
[ 18 19 25 26 ]
[ 12 35 52 ]
[ 14 ]
[ 34 39 40 ]
[ ]
[ ]
[ 44 ]
[ 18 ]
[ 54 ]
[ 46 ]
[ 31 ]
[ 47 ]
[ 32 55 ]
[ 27 31 ]
[ 25 58 ]
[ 31 33 39 43 46 50 ]
[ 32 33 54 ]
[ 50 51 ]
[ ]
[ ]
[ 41 42 49 52 ]
[ ]
[ 34 48 50 54 ]
[ 37 ]
[ ]
[ ]
[ 43 54 ]
[ 60 ]
[ ]
[ 52 56 ]
[ 41 ]
[ ]
[ 47 ]
[ 50 51 ]
[ 53 ]
[ 53 57 ]
[ ]
[ ]
[ ]
[ ]
[ 58 ]
[ 60 ]
[ 58 ]
[ 58 ]
[ ]
[ ]
[ ]
[ ]
[ ]
[ ]
[ ]
]

ShouldNotWorkTogetherCost: [ (1 9) 396 (1 26) 396 (1 41) 198 (3 9) 198 (3 43) 396 (4 9) 99 (4 43) 297 (5 36) 99 (6 9) 99 (6 27) 99 (6 43) 198 (7 19) 297 (7 30) 198 (8 12) 396 (8 42) 99 (8 52) 99 (8 57) 198 (9 21) 99 (9 35) 99 (9 41) 297 (10 18) 396 (10 19) 198 (10 25) 198 (10 26) 396 (11 12) 396 (11 35) 396 (11 52) 297 (12 14) 198 (13 34) 396 (13 39) 396 (13 40) 396 (16 44) 297 (17 18) 396 (18 54) 99 (19 46) 198 (20 31) 198 (21 47) 396 (22 32) 198 (22 55) 198 (23 27) 396 (23 31) 297 (24 25) 198 (24 58) 198 (25 31) 198 (25 33) 99 (25 39) 297 (25 43) 396 (25 46) 396 (25 50) 396 (26 32) 198 (26 33) 198 (26 54) 99 (27 50) 99 (27 51) 99 (30 41) 99 (30 42) 198 (30 49) 99 (30 52) 198 (32 34) 297 (32 48) 99 (32 50) 297 (32 54) 297 (33 37) 198 (36 43) 198 (36 54) 99 (37 60) 297 (39 52) 198 (39 56) 396 (40 41) 198 (42 47) 99 (43 50) 198 (43 51) 396 (44 53) 396 (45 53) 99 (45 57) 297 (50 58) 99 (51 60) 198 (52 58) 198 (53 58) 396 ]

ImmediatePredecessorsToActivity: [
[ ]
[ 1 ]
[ 1 ]
[ 1 ]
[ 1 ]
[ 2 4 5 ]
[ 5 ]
[ 3 ]
[ 1 ]
[ 3 5 ]
[ 5 ]
[ 2 3 5 ]
[ 2 5 ]
[ 8 12 13 ]
[ 10 13 ]
[ 13 ]
[ 15 ]
[ 1 ]
[ 15 ]
[ 4 18 19 ]
[ 4 12 15 18 ]
[ 6 11 15 18 ]
[ 3 ]
[ 13 23 ]
[ 2 7 10 11 ]
[ 4 8 15 ]
[ 1 ]
]

ActivitiesInProject: [
[ 1 2 3 4 5 6 7 8 9 10 11 12 13 14 15 16 17 18 19 20 21 22 23 24 25 26 27 ]
]

nActivityModes: [ 1 1 1 1 1 1 1 1 1 1 1 1 1 1 1 1 1 1 1 1 1 1 1 1 1 1 1 ]

ActivitiyDurationWithMode: [
1	
10	
8	
41	
15	
11	
11	
44	
66	
11	
11	
25	
12	
9	
7	
33	
22	
42	
12	
10	
8	
10	
17	
30	
24	
7	
53	
]
StintsInProject: [
[ 1 2 3 4 5 6 7 8 9 10 11 ]
]

WorkingStintsOnDay: [
[ 1 ]
[ 1 ]
[ 1 ]
[ 1 ]
[ 1 ]
[ 1 ]
[ 1 ]
[ 1 ]
[ 1 ]
[ 1 ]
[ 1 ]
[ 1 ]
[ ]
[ ]
[ 2 ]
[ 2 ]
[ 2 ]
[ 2 ]
[ 2 ]
[ 2 ]
[ 2 ]
[ 2 ]
[ 2 ]
[ 2 ]
[ 2 ]
[ 2 ]
[ ]
[ ]
[ 3 ]
[ 3 ]
[ 3 ]
[ 3 ]
[ 3 ]
[ 3 ]
[ 3 ]
[ 3 ]
[ 3 ]
[ 3 ]
[ 3 ]
[ 3 ]
[ ]
[ ]
[ 4 ]
[ 4 ]
[ 4 ]
[ 4 ]
[ 4 ]
[ 4 ]
[ 4 ]
[ 4 ]
[ 4 ]
[ 4 ]
[ 4 ]
[ 4 ]
[ ]
[ ]
[ 5 ]
[ 5 ]
[ 5 ]
[ 5 ]
[ 5 ]
[ 5 ]
[ 5 ]
[ 5 ]
[ 5 ]
[ 5 ]
[ 5 ]
[ 5 ]
[ ]
[ ]
[ 6 ]
[ 6 ]
[ 6 ]
[ 6 ]
[ 6 ]
[ 6 ]
[ 6 ]
[ 6 ]
[ 6 ]
[ 6 ]
[ 6 ]
[ 6 ]
[ ]
[ ]
[ 7 ]
[ 7 ]
[ 7 ]
[ 7 ]
[ 7 ]
[ 7 ]
[ 7 ]
[ 7 ]
[ 7 ]
[ 7 ]
[ 7 ]
[ 7 ]
[ ]
[ ]
[ 8 ]
[ 8 ]
[ 8 ]
[ 8 ]
[ 8 ]
[ 8 ]
[ 8 ]
[ 8 ]
[ 8 ]
[ 8 ]
[ 8 ]
[ 8 ]
[ ]
[ ]
[ 9 ]
[ 9 ]
[ 9 ]
[ 9 ]
[ 9 ]
[ 9 ]
[ 9 ]
[ 9 ]
[ 9 ]
[ 9 ]
[ 9 ]
[ 9 ]
[ ]
[ ]
[ 10 ]
[ 10 ]
[ 10 ]
[ 10 ]
[ 10 ]
[ 10 ]
[ 10 ]
[ 10 ]
[ 10 ]
[ 10 ]
[ 10 ]
[ 10 ]
[ ]
[ ]
[ 11 ]
[ 11 ]
[ 11 ]
[ 11 ]
[ 11 ]
[ 11 ]
[ 11 ]
[ 11 ]
[ 11 ]
[ 11 ]
]

ProjectStart: [ 25 ]

ProjectEnd: [ 102 ]

EarliestStartDayForActivity: [ 1 25 25 25 25 74 44 35 25 44 44 44 44 87 58 58 65 25 65 79 75 87 35 58 55 87 25 ]

LatestStartDayForActivity: [ 1 102 102 102 102 102 102 102 102 102 102 102 102 102 102 102 102 102 102 102 102 102 102 102 102 102 102 ]

EquipmentTypeDemandInActivityWithMode: [
0	
0	
2	
2	
1	
1	
0	
0	
5	
0	
2	
1	
1	
2	
1	
0	
0	
1	
1	
0	
2	
0	
0	
1	
1	
0	
1	

0	
2	
0	
0	
1	
2	
4	
0	
1	
1	
1	
1	
0	
1	
2	
1	
2	
2	
0	
1	
1	
2	
2	
1	
2	
0	
2	

0	
1	
1	
0	
1	
0	
0	
2	
1	
2	
0	
1	
0	
2	
0	
1	
2	
1	
1	
2	
1	
5	
1	
0	
3	
0	
0	

0	
0	
0	
0	
1	
0	
2	
3	
1	
2	
3	
0	
0	
0	
0	
1	
2	
2	
1	
1	
2	
0	
1	
1	
0	
0	
2	

0	
2	
3	
2	
1	
1	
1	
2	
0	
1	
1	
1	
1	
1	
1	
0	
2	
3	
1	
2	
0	
0	
2	
2	
2	
0	
2	

]

ExternalEquipmentRentingCost: [
4599	5870	3486	3328	3515	1393	5169	3371	2588	5702	3808	5819	1011	3360	5021	5042	4535	2851	4920	5840	5466	3128	3542	3681	1483	1117	3537	
1845	5031	2795	2445	1863	3212	4023	2524	5083	4723	4203	2623	2036	1628	1192	2695	1727	3275	5568	5761	2608	4527	5863	4485	3628	3635	5933	
5170	4420	4037	3809	3961	3427	3114	3893	1431	4090	1710	5693	4367	5470	3494	4890	2872	4865	4516	3032	2274	1924	3178	4304	5176	3460	2123	
3995	1242	5178	1610	4202	3647	4403	4105	3985	5395	5719	3400	5450	2142	1738	1869	1692	4005	3811	2467	4035	1598	3982	4191	3334	2946	1516	
2164	4425	2984	2371	2304	4958	1776	1393	1064	3632	5700	1700	1106	2054	2869	5240	1708	1255	3165	2485	3669	3194	3146	1367	1793	1011	2344	
]

EquipmentTypeTransportationCost: [
1	

1	

1	

1	

1	

]

TransportationTimeForEquipmentTypeBetweenProjects: [
1	

1	

1	

1	

1	

]

TotalNumberOfInitialEquipmentTypeLocation: [
(1 1) 6 
(2 1) 6 
(3 1) 4 
(4 1) 8 
(5 1) 6 
]

DepotActivities: [ 1 ]

MaximalStintCliques: [
[ 2 1 ]
[ 2 3 ]
[ 4 3 ]
[ 4 5 ]
[ 5 6 ]
[ 6 7 ]
[ 7 8 ]
[ 8 9 ]
[ 9 10 ]
[ 10 11 ]
]
