nEmployees: 60
nSkills: 3
nProjects: 1
nDays: 120
nActivities: 19
nEquipmentTypes: 7
nStints: 9
nMaxModes: 3
nStintCliques: 8

EmployeeInStintCost: [
33692 33692 33692 33692 33692 33692 33692 33692 19996 
42836 42836 42836 42836 42836 42836 42836 42836 28984 
30676 30676 30676 30676 30676 30676 30676 30676 17682 
37748 37748 37748 37748 37748 37748 37748 37748 24676 
33196 33196 33196 33196 33196 33196 33196 33196 18954 
39068 39068 39068 39068 39068 39068 39068 39068 25138 
38676 38676 38676 38676 38676 38676 38676 38676 24668 
33708 33708 33708 33708 33708 33708 33708 33708 20324 
42596 42596 42596 42596 42596 42596 42596 42596 28900 
33708 33708 33708 33708 33708 33708 33708 33708 20324 
31276 31276 31276 31276 31276 31276 31276 31276 17892 
39036 39036 39036 39036 39036 39036 39036 39036 24794 
42140 42140 42140 42140 42140 42140 42140 42140 27820 
41268 41268 41268 41268 41268 41268 41268 41268 27104 
33932 33932 33932 33932 33932 33932 33932 33932 20080 
38132 38132 38132 38132 38132 38132 38132 38132 23890 
34292 34292 34292 34292 34292 34292 34292 34292 20206 
35540 35540 35540 35540 35540 35540 35540 35540 20908 
36332 36332 36332 36332 36332 36332 36332 36332 23260 
41540 41540 41540 41540 41540 41540 41540 41540 27610 
18560 18560 18560 18560 18560 18560 18560 18560 10058 
33468 33468 33468 33468 33468 33468 33468 33468 20240 
17160 17160 17160 17160 17160 17160 17160 17160 8892 
31276 31276 31276 31276 31276 31276 31276 31276 17892 
34172 34172 34172 34172 34172 34172 34172 34172 20164 
35780 35780 35780 35780 35780 35780 35780 35780 20992 
43436 43436 43436 43436 43436 43436 43436 43436 29194 
40388 40388 40388 40388 40388 40388 40388 40388 25600 
33588 33588 33588 33588 33588 33588 33588 33588 20282 
37652 37652 37652 37652 37652 37652 37652 37652 23722 
37356 37356 37356 37356 37356 37356 37356 37356 24206 
32972 32972 32972 32972 32972 32972 32972 32972 19744 
32284 32284 32284 32284 32284 32284 32284 32284 17964 
42108 42108 42108 42108 42108 42108 42108 42108 27398 
13320 13320 13320 13320 13320 13320 13320 13320 4662 
39188 39188 39188 39188 39188 39188 39188 39188 25180 
33316 33316 33316 33316 33316 33316 33316 33316 18996 
18080 18080 18080 18080 18080 18080 18080 18080 9890 
33556 33556 33556 33556 33556 33556 33556 33556 18690 
34428 34428 34428 34428 34428 34428 34428 34428 20576 
35132 35132 35132 35132 35132 35132 35132 35132 20500 
40188 40188 40188 40188 40188 40188 40188 40188 26726 
34292 34292 34292 34292 34292 34292 34292 34292 20206 
35988 35988 35988 35988 35988 35988 35988 35988 21122 
43316 43316 43316 43316 43316 43316 43316 43316 29152 
17520 17520 17520 17520 17520 17520 17520 17520 9018 
38252 38252 38252 38252 38252 38252 38252 38252 23932 
37116 37116 37116 37116 37116 37116 37116 37116 24122 
39332 39332 39332 39332 39332 39332 39332 39332 24310 
34412 34412 34412 34412 34412 34412 34412 34412 20248 
39236 39236 39236 39236 39236 39236 39236 39236 25072 
37628 37628 37628 37628 37628 37628 37628 37628 24634 
38636 38636 38636 38636 38636 38636 38636 38636 24862 
39188 39188 39188 39188 39188 39188 39188 39188 25180 
32476 32476 32476 32476 32476 32476 32476 32476 18312 
16440 16440 16440 16440 16440 16440 16440 16440 8640 
41900 41900 41900 41900 41900 41900 41900 41900 27736 
32476 32476 32476 32476 32476 32476 32476 32476 18702 
39188 39188 39188 39188 39188 39188 39188 39188 25180 
32972 32972 32972 32972 32972 32972 32972 32972 19744 
]

ExternalWorkerWithSkillOnStintCost: [
35496 35352 30384 38016 37944 30816 31464 29664 24048 
31608 28800 31392 42984 32112 32328 30024 38520 21792 
31968 42624 34704 40176 30096 35208 33984 40536 28368 
]

OverlappingStints: [
[ 2 ]
[ 3 ]
[ 4 ]
[ 5 ]
[ 6 ]
[ 7 ]
[ 8 ]
[ 9 ]
[ ]
]

EmployeesWithSkill: [
[ 1 2 3 4 5 6 7 8 9 10 11 12 13 14 15 16 17 18 19 20 21 22 23 24 25 26 27 28 29 30 31 32 33 34 35 36 37 38 39 40 41 42 43 44 45 46 47 48 49 50 51 52 53 54 55 56 57 58 59 60 ]
[ 1 7 8 9 13 16 17 18 22 23 24 28 30 32 33 34 35 36 38 39 40 43 44 45 46 47 49 53 60 ]
[ 1 6 7 11 12 15 16 17 18 21 23 26 33 34 35 36 37 38 39 40 41 42 44 49 50 51 53 55 57 ]
]

SkillDemandInActivityWithMode: [
0	0	0	
5	9	4	
14	22	10	
11	18	8	
10	16	7	
4	7	3	
10	16	7	
10	16	7	
14	22	10	
4	7	3	
7	12	5	
6	10	4	
3	6	2	
11	18	8	
11	18	8	
9	15	6	
12	19	8	
9	15	6	
14	22	10	

0	0	0	
2	4	2	
6	10	4	
4	7	3	
4	7	3	
1	3	1	
4	7	3	
4	7	3	
6	10	4	
1	3	1	
3	6	2	
2	4	2	
1	3	1	
4	7	3	
4	7	3	
4	7	3	
5	9	4	
4	7	3	
6	10	4	

0	0	0	
2	4	2	
6	10	4	
4	7	3	
4	7	3	
1	3	1	
4	7	3	
4	7	3	
6	10	4	
1	3	1	
3	6	2	
2	4	2	
1	3	1	
4	7	3	
4	7	3	
4	7	3	
5	9	4	
4	7	3	
6	10	4	

]

EmployeeAvailability: [
1 0 1 1 0 1 1 1 1 
1 1 1 1 1 0 1 0 1 
0 1 1 1 1 0 1 1 1 
1 1 0 0 1 1 1 1 1 
1 1 1 1 1 1 1 0 0 
1 1 1 1 1 0 1 1 1 
1 1 1 1 1 1 1 1 0 
1 1 0 1 0 1 1 1 1 
1 1 1 1 0 0 1 1 1 
0 0 1 0 1 1 1 1 1 
1 1 1 1 1 1 1 1 0 
1 0 1 1 1 1 0 1 1 
1 1 1 1 1 1 1 1 1 
1 0 1 1 1 1 1 1 1 
1 1 1 1 1 1 1 1 1 
1 1 1 1 1 1 0 1 1 
0 1 1 1 1 1 1 0 1 
1 1 1 1 1 1 1 1 1 
1 1 1 1 1 1 0 1 0 
0 1 1 1 1 1 0 1 1 
1 1 1 1 1 1 0 1 1 
1 1 1 1 0 1 1 0 1 
1 0 1 1 1 1 1 1 0 
1 1 1 1 1 1 1 1 1 
0 1 1 1 1 0 1 1 1 
1 1 1 1 1 1 1 1 1 
1 1 1 1 1 1 1 1 1 
1 0 1 1 1 1 1 1 1 
1 1 1 1 1 1 1 1 1 
1 0 1 0 1 1 0 1 1 
1 1 1 1 1 1 1 1 1 
1 0 1 1 1 1 1 1 1 
1 1 0 1 1 1 1 1 1 
1 1 1 1 1 1 1 1 1 
1 1 1 0 1 0 1 1 0 
1 1 1 1 1 1 0 1 1 
1 1 1 1 1 1 1 0 1 
1 1 0 1 1 1 1 1 1 
1 1 0 1 1 1 1 1 1 
1 1 1 1 1 1 1 1 1 
1 1 1 1 1 1 1 1 1 
1 1 1 0 1 1 0 1 1 
1 1 1 0 1 1 1 1 1 
1 1 1 1 1 1 1 0 1 
1 0 1 1 0 1 1 1 1 
1 1 0 1 1 0 1 1 1 
0 1 1 1 1 1 1 1 1 
1 1 0 1 1 1 0 1 1 
0 1 1 1 1 1 1 1 1 
1 1 1 1 1 1 1 1 1 
1 1 1 1 1 1 1 1 0 
1 1 0 1 0 1 1 1 1 
1 1 1 1 0 1 1 1 1 
1 1 1 1 1 1 1 1 1 
1 1 1 1 1 1 1 1 1 
1 0 0 1 1 1 1 1 1 
1 1 1 0 0 1 1 1 1 
1 1 1 1 1 1 1 1 1 
1 0 1 1 1 1 1 1 1 
1 1 1 1 1 1 1 1 1 
]

EmployeeWantedInStint: [ (11 2) 1 (13 4) 1 (34 2) 1 (35 2) 1 (38 2) 1 (38 7) 1 (45 4) 1 (46 9) 1 (53 7) 1 ]

EmployeeWantedViolationCost: [ (11 2) 8000 (13 4) 15000 (34 2) 5000 (35 2) 10000 (38 2) 5000 (38 7) 14000 (45 4) 5000 (46 9) 6000 (53 7) 10000 ]

EmployeesThatShouldNotWorkTogetherWithEmployee: [
[ 9 17 43 ]
[ 14 19 ]
[ 13 16 42 51 ]
[ 47 ]
[ 43 ]
[ 50 ]
[ 50 ]
[ 13 ]
[ 50 ]
[ 28 38 44 57 ]
[ 41 49 ]
[ 39 44 45 ]
[ 24 ]
[ 51 ]
[ 16 ]
[ ]
[ 23 33 55 ]
[ ]
[ 21 ]
[ 23 ]
[ ]
[ 27 36 54 57 ]
[ 25 37 55 ]
[ 55 ]
[ 40 49 ]
[ 48 ]
[ 40 52 57 ]
[ 50 ]
[ 34 38 47 ]
[ 50 ]
[ ]
[ ]
[ ]
[ 50 56 ]
[ ]
[ 52 ]
[ 53 ]
[ 54 ]
[ 43 49 52 55 ]
[ ]
[ ]
[ ]
[ 47 49 54 60 ]
[ ]
[ 51 ]
[ 60 ]
[ 58 ]
[ ]
[ 51 ]
[ 55 ]
[ ]
[ ]
[ ]
[ 60 ]
[ ]
[ 60 ]
[ 60 ]
[ ]
[ ]
[ ]
]

ShouldNotWorkTogetherCost: [ (1 9) 198 (1 17) 99 (1 43) 198 (2 14) 396 (2 19) 297 (3 13) 396 (3 16) 297 (3 42) 297 (3 51) 99 (4 47) 396 (5 43) 99 (6 50) 297 (7 50) 99 (8 13) 297 (9 50) 297 (10 28) 297 (10 38) 198 (10 44) 297 (10 57) 99 (11 41) 297 (11 49) 396 (12 39) 198 (12 44) 396 (12 45) 99 (13 24) 99 (14 51) 297 (15 16) 99 (17 23) 198 (17 33) 297 (17 55) 396 (19 21) 297 (20 23) 396 (22 27) 396 (22 36) 99 (22 54) 396 (22 57) 396 (23 25) 297 (23 37) 198 (23 55) 198 (24 55) 99 (25 40) 198 (25 49) 198 (26 48) 396 (27 40) 99 (27 52) 198 (27 57) 99 (28 50) 99 (29 34) 198 (29 38) 396 (29 47) 396 (30 50) 198 (34 50) 99 (34 56) 198 (36 52) 198 (37 53) 297 (38 54) 396 (39 43) 198 (39 49) 198 (39 52) 198 (39 55) 396 (43 47) 198 (43 49) 297 (43 54) 99 (43 60) 99 (45 51) 198 (46 60) 396 (47 58) 99 (49 51) 99 (50 55) 198 (54 60) 99 (56 60) 198 (57 60) 99 ]

ImmediatePredecessorsToActivity: [
[ ]
[ 1 ]
[ 2 ]
[ 3 ]
[ 2 ]
[ 2 ]
[ 3 ]
[ 3 ]
[ 2 4 ]
[ 1 ]
[ 3 ]
[ 5 ]
[ 1 ]
[ 4 10 ]
[ 10 ]
[ 4 15 ]
[ 4 5 7 11 13 ]
[ 4 7 ]
[ 10 ]
]

ActivitiesInProject: [
[ 1 2 3 4 5 6 7 8 9 10 11 12 13 14 15 16 17 18 19 ]
]

nActivityModes: [ 3 3 3 3 3 3 3 3 3 3 3 3 3 3 3 3 3 3 3 ]

ActivitiyDurationWithMode: [
1	1	1	
19	13	26	
6	4	8	
8	6	11	
9	6	12	
23	16	31	
9	6	12	
9	6	12	
6	4	8	
24	16	32	
12	8	16	
14	10	19	
32	22	43	
8	6	11	
8	6	11	
9	6	12	
7	5	10	
9	6	12	
6	4	8	
]
StintsInProject: [
[ 1 2 3 4 5 6 7 8 9 ]
]

WorkingStintsOnDay: [
[ 1 ]
[ 1 ]
[ 1 ]
[ 1 ]
[ 1 ]
[ 1 ]
[ 1 ]
[ 1 ]
[ 1 ]
[ 1 ]
[ 1 ]
[ 1 ]
[ ]
[ ]
[ 2 ]
[ 2 ]
[ 2 ]
[ 2 ]
[ 2 ]
[ 2 ]
[ 2 ]
[ 2 ]
[ 2 ]
[ 2 ]
[ 2 ]
[ 2 ]
[ ]
[ ]
[ 3 ]
[ 3 ]
[ 3 ]
[ 3 ]
[ 3 ]
[ 3 ]
[ 3 ]
[ 3 ]
[ 3 ]
[ 3 ]
[ 3 ]
[ 3 ]
[ ]
[ ]
[ 4 ]
[ 4 ]
[ 4 ]
[ 4 ]
[ 4 ]
[ 4 ]
[ 4 ]
[ 4 ]
[ 4 ]
[ 4 ]
[ 4 ]
[ 4 ]
[ ]
[ ]
[ 5 ]
[ 5 ]
[ 5 ]
[ 5 ]
[ 5 ]
[ 5 ]
[ 5 ]
[ 5 ]
[ 5 ]
[ 5 ]
[ 5 ]
[ 5 ]
[ ]
[ ]
[ 6 ]
[ 6 ]
[ 6 ]
[ 6 ]
[ 6 ]
[ 6 ]
[ 6 ]
[ 6 ]
[ 6 ]
[ 6 ]
[ 6 ]
[ 6 ]
[ ]
[ ]
[ 7 ]
[ 7 ]
[ 7 ]
[ 7 ]
[ 7 ]
[ 7 ]
[ 7 ]
[ 7 ]
[ 7 ]
[ 7 ]
[ 7 ]
[ 7 ]
[ ]
[ ]
[ 8 ]
[ 8 ]
[ 8 ]
[ 8 ]
[ 8 ]
[ 8 ]
[ 8 ]
[ 8 ]
[ 8 ]
[ 8 ]
[ 8 ]
[ 8 ]
[ ]
[ ]
[ 9 ]
[ 9 ]
[ 9 ]
[ 9 ]
[ 9 ]
[ 9 ]
[ 9 ]
[ 9 ]
]

ProjectStart: [ 23 ]

ProjectEnd: [ 76 ]

EarliestStartDayForActivity: [ 1 23 46 52 46 46 52 52 62 23 52 55 23 62 51 62 66 63 51 ]

LatestStartDayForActivity: [ 1 76 76 76 76 76 76 76 76 76 76 76 76 76 76 76 76 76 76 ]

EquipmentTypeDemandInActivityWithMode: [
0	0	0	
0	1	0	
1	3	1	
1	3	1	
5	9	4	
0	1	0	
1	3	1	
1	3	1	
2	4	2	
1	3	1	
3	6	2	
1	3	1	
1	3	1	
2	4	2	
2	4	2	
1	3	1	
1	3	1	
1	3	1	
3	6	2	

0	0	0	
0	1	0	
1	3	1	
2	4	2	
0	1	0	
0	1	0	
1	3	1	
1	3	1	
1	3	1	
2	4	2	
0	1	0	
5	9	4	
1	3	1	
2	4	2	
0	1	0	
1	3	1	
2	4	2	
0	1	0	
2	4	2	

0	0	0	
2	4	2	
2	4	2	
1	3	1	
1	3	1	
1	3	1	
0	1	0	
2	4	2	
2	4	2	
0	1	0	
1	3	1	
2	4	2	
3	6	2	
0	1	0	
4	7	3	
1	3	1	
2	4	2	
2	4	2	
1	3	1	

0	0	0	
3	6	2	
1	3	1	
2	4	2	
3	6	2	
3	6	2	
0	1	0	
1	3	1	
1	3	1	
1	3	1	
0	1	0	
0	1	0	
0	1	0	
2	4	2	
2	4	2	
2	4	2	
2	4	2	
3	6	2	
1	3	1	

0	0	0	
0	1	0	
0	1	0	
0	1	0	
2	4	2	
1	3	1	
1	3	1	
1	3	1	
0	1	0	
5	9	4	
0	1	0	
1	3	1	
2	4	2	
1	3	1	
2	4	2	
2	4	2	
1	3	1	
1	3	1	
3	6	2	

0	0	0	
1	3	1	
2	4	2	
2	4	2	
1	3	1	
2	4	2	
1	3	1	
2	4	2	
0	1	0	
0	1	0	
2	4	2	
2	4	2	
3	6	2	
0	1	0	
1	3	1	
0	1	0	
0	1	0	
1	3	1	
2	4	2	

0	0	0	
2	4	2	
0	1	0	
1	3	1	
0	1	0	
1	3	1	
3	6	2	
3	6	2	
1	3	1	
1	3	1	
1	3	1	
3	6	2	
3	6	2	
2	4	2	
1	3	1	
2	4	2	
2	4	2	
4	7	3	
3	6	2	

]

ExternalEquipmentRentingCost: [
5749	5030	1221	2571	1845	3920	1490	2648	5804	4237	5130	5528	1024	2096	1432	5128	1489	1188	4757	
3766	4213	5054	1966	4866	2985	4492	5162	3027	2521	5800	3848	2202	5553	3980	3919	3070	1678	3962	
1085	5983	1935	1242	3584	3695	3577	4827	3190	4683	3422	2801	3061	3955	1092	3760	1762	1760	1987	
3800	2085	5036	5900	4235	2270	2274	2897	3515	2684	5954	4117	4281	2452	5286	2437	4933	2124	5853	
2144	5636	4403	4013	3308	1428	2666	3285	2280	1236	1294	3885	3017	1094	3173	1211	5738	4586	4109	
3482	3710	5335	4353	2456	3098	4346	1513	4163	2366	1400	2126	2366	3205	4039	3474	5624	1320	3651	
4735	3823	4035	2685	2755	2291	2914	2120	2016	5651	2949	4935	5118	4111	2304	4671	5683	2442	4426	
]

EquipmentTypeTransportationCost: [
1	

1	

1	

1	

1	

1	

1	

]

TransportationTimeForEquipmentTypeBetweenProjects: [
1	

1	

1	

1	

1	

1	

1	

]

TotalNumberOfInitialEquipmentTypeLocation: [
(1 1) 8 
(2 1) 9 
(3 1) 7 
(4 1) 6 
(5 1) 8 
(6 1) 5 
(7 1) 7 
]

DepotActivities: [ 1 ]

MaximalStintCliques: [
[ 2 1 ]
[ 2 3 ]
[ 4 3 ]
[ 4 5 ]
[ 5 6 ]
[ 6 7 ]
[ 7 8 ]
[ 8 9 ]
]
