nEmployees: 60
nSkills: 3
nProjects: 1
nDays: 90
nActivities: 11
nEquipmentTypes: 6
nStints: 13
nMaxModes: 1
nStintCliques: 0

EmployeeInStintCost: [
17068 17068 17068 17068 17068 17068 17068 17068 17068 17068 17068 17068 16420 
3636 3636 3636 3636 3636 3636 3636 3636 3636 3636 3636 3636 3030 
7636 7636 7636 7636 7636 7636 7636 7636 7636 7636 7636 7636 7030 
11972 11972 11972 11972 11972 11972 11972 11972 11972 11972 11972 11972 11324 
13324 13324 13324 13324 13324 13324 13324 13324 13324 13324 13324 13324 12628 
11136 11136 11136 11136 11136 11136 11136 11136 11136 11136 11136 11136 10458 
4068 4068 4068 4068 4068 4068 4068 4068 4068 4068 4068 4068 3390 
10452 10452 10452 10452 10452 10452 10452 10452 10452 10452 10452 10452 9840 
14164 14164 14164 14164 14164 14164 14164 14164 14164 14164 14164 14164 13492 
11756 11756 11756 11756 11756 11756 11756 11756 11756 11756 11756 11756 11144 
13548 13548 13548 13548 13548 13548 13548 13548 13548 13548 13548 13548 12936 
11664 11664 11664 11664 11664 11664 11664 11664 11664 11664 11664 11664 11070 
11856 11856 11856 11856 11856 11856 11856 11856 11856 11856 11856 11856 11262 
13840 13840 13840 13840 13840 13840 13840 13840 13840 13840 13840 13840 13222 
3636 3636 3636 3636 3636 3636 3636 3636 3636 3636 3636 3636 3030 
11352 11352 11352 11352 11352 11352 11352 11352 11352 11352 11352 11352 10638 
16620 16620 16620 16620 16620 16620 16620 16620 16620 16620 16620 16620 16032 
7744 7744 7744 7744 7744 7744 7744 7744 7744 7744 7744 7744 7120 
14020 14020 14020 14020 14020 14020 14020 14020 14020 14020 14020 14020 13372 
17032 17032 17032 17032 17032 17032 17032 17032 17032 17032 17032 17032 16390 
11828 11828 11828 11828 11828 11828 11828 11828 11828 11828 11828 11828 11204 
11208 11208 11208 11208 11208 11208 11208 11208 11208 11208 11208 11208 10518 
17068 17068 17068 17068 17068 17068 17068 17068 17068 17068 17068 17068 16420 
13928 13928 13928 13928 13928 13928 13928 13928 13928 13928 13928 13928 13298 
13948 13948 13948 13948 13948 13948 13948 13948 13948 13948 13948 13948 13312 
10524 10524 10524 10524 10524 10524 10524 10524 10524 10524 10524 10524 9900 
14128 14128 14128 14128 14128 14128 14128 14128 14128 14128 14128 14128 13462 
13360 13360 13360 13360 13360 13360 13360 13360 13360 13360 13360 13360 12658 
7636 7636 7636 7636 7636 7636 7636 7636 7636 7636 7636 7636 7030 
10524 10524 10524 10524 10524 10524 10524 10524 10524 10524 10524 10524 9900 
8284 8284 8284 8284 8284 8284 8284 8284 8284 8284 8284 8284 7570 
7708 7708 7708 7708 7708 7708 7708 7708 7708 7708 7708 7708 7090 
10776 10776 10776 10776 10776 10776 10776 10776 10776 10776 10776 10776 10110 
11972 11972 11972 11972 11972 11972 11972 11972 11972 11972 11972 11972 11324 
12576 12576 12576 12576 12576 12576 12576 12576 12576 12576 12576 12576 11862 
13964 13964 13964 13964 13964 13964 13964 13964 13964 13964 13964 13964 13328 
11684 11684 11684 11684 11684 11684 11684 11684 11684 11684 11684 11684 11084 
11856 11856 11856 11856 11856 11856 11856 11856 11856 11856 11856 11856 11262 
10620 10620 10620 10620 10620 10620 10620 10620 10620 10620 10620 10620 9924 
17032 17032 17032 17032 17032 17032 17032 17032 17032 17032 17032 17032 16390 
14324 14324 14324 14324 14324 14324 14324 14324 14324 14324 14324 14324 13628 
13964 13964 13964 13964 13964 13964 13964 13964 13964 13964 13964 13964 13328 
3672 3672 3672 3672 3672 3672 3672 3672 3672 3672 3672 3672 3060 
11772 11772 11772 11772 11772 11772 11772 11772 11772 11772 11772 11772 11160 
10692 10692 10692 10692 10692 10692 10692 10692 10692 10692 10692 10692 9984 
11648 11648 11648 11648 11648 11648 11648 11648 11648 11648 11648 11648 11054 
13908 13908 13908 13908 13908 13908 13908 13908 13908 13908 13908 13908 13236 
11684 11684 11684 11684 11684 11684 11684 11684 11684 11684 11684 11684 11084 
7888 7888 7888 7888 7888 7888 7888 7888 7888 7888 7888 7888 7240 
12152 12152 12152 12152 12152 12152 12152 12152 12152 12152 12152 12152 11474 
8192 8192 8192 8192 8192 8192 8192 8192 8192 8192 8192 8192 7520 
10704 10704 10704 10704 10704 10704 10704 10704 10704 10704 10704 10704 10098 
16692 16692 16692 16692 16692 16692 16692 16692 16692 16692 16692 16692 16092 
16836 16836 16836 16836 16836 16836 16836 16836 16836 16836 16836 16836 16212 
12384 12384 12384 12384 12384 12384 12384 12384 12384 12384 12384 12384 11670 
16960 16960 16960 16960 16960 16960 16960 16960 16960 16960 16960 16960 16330 
11828 11828 11828 11828 11828 11828 11828 11828 11828 11828 11828 11828 11204 
13548 13548 13548 13548 13548 13548 13548 13548 13548 13548 13548 13548 12936 
12784 12784 12784 12784 12784 12784 12784 12784 12784 12784 12784 12784 12178 
10848 10848 10848 10848 10848 10848 10848 10848 10848 10848 10848 10848 10170 
]

ExternalWorkerWithSkillOnStintCost: [
17730 15720 17400 12810 14280 13320 12120 15450 17430 16050 12270 16050 13710 
12540 13800 15060 15750 13440 17520 14160 16620 15240 16080 14700 12090 12300 
13230 15690 14550 14490 17250 12390 13740 15930 16710 14100 14040 13560 17280 
]

OverlappingStints: [
[ ]
[ ]
[ ]
[ ]
[ ]
[ ]
[ ]
[ ]
[ ]
[ ]
[ ]
[ ]
[ ]
]

EmployeesWithSkill: [
[ 1 2 3 4 5 6 7 8 9 10 11 12 13 14 15 16 17 18 19 20 21 22 23 24 25 26 27 28 29 30 31 32 33 34 35 36 37 38 39 40 41 42 43 44 45 46 47 48 49 50 51 52 53 54 55 56 57 58 59 60 ]
[ 1 2 3 4 5 6 7 8 9 10 11 12 13 14 15 16 18 19 20 21 22 23 24 25 26 27 28 29 30 31 32 33 34 35 36 38 39 40 41 42 43 44 45 46 47 48 49 50 51 52 53 54 55 56 57 58 59 60 ]
[ 1 2 4 7 8 9 10 13 14 16 17 19 20 21 22 23 26 27 28 29 30 31 32 33 35 36 37 38 39 40 42 43 45 46 48 49 50 51 52 53 54 55 56 57 58 59 60 ]
]

SkillDemandInActivityWithMode: [
0	
11	
34	
26	
34	
15	
10	
26	
21	
34	
34	

0	
9	
32	
24	
32	
14	
8	
24	
19	
32	
32	

0	
8	
26	
20	
26	
11	
7	
20	
16	
26	
26	

]

EmployeeAvailability: [
1 1 1 1 1 1 1 1 1 1 1 1 1 
1 1 1 1 1 1 1 1 1 1 1 1 1 
1 1 1 1 1 1 1 1 1 1 1 1 1 
1 1 1 0 1 1 1 1 1 1 1 1 1 
1 1 1 1 1 1 1 1 1 1 1 1 1 
1 1 1 1 1 1 1 1 1 1 1 1 1 
0 1 1 1 1 1 1 1 1 1 1 1 1 
1 1 1 1 1 1 0 1 1 1 1 1 1 
1 1 1 1 0 1 1 1 1 1 1 1 1 
0 1 1 1 1 1 1 1 1 1 1 1 1 
1 1 0 1 1 1 1 1 1 1 1 1 1 
0 1 1 1 1 1 1 1 1 1 0 1 1 
1 1 1 1 1 1 1 1 0 1 1 1 1 
1 1 1 1 1 1 1 1 1 1 1 1 1 
1 1 1 0 1 0 1 1 1 1 1 1 1 
1 1 1 1 1 1 1 1 1 1 1 1 0 
1 1 1 1 1 1 1 1 1 1 1 1 1 
1 1 1 1 1 1 1 1 1 1 1 0 1 
1 1 1 1 1 1 1 1 1 1 1 1 0 
1 1 1 1 1 1 1 1 1 1 1 1 1 
1 1 1 1 0 1 1 1 1 0 1 1 1 
1 1 1 1 1 1 1 1 1 1 1 1 1 
1 1 1 1 1 1 1 1 1 1 1 1 1 
1 1 1 1 1 1 0 1 1 1 1 1 1 
1 1 1 1 1 1 1 1 1 1 1 1 0 
0 1 1 1 1 1 1 1 1 1 1 1 1 
1 1 1 1 1 1 1 1 1 1 1 1 1 
1 1 1 1 1 1 1 1 1 1 1 1 1 
1 1 1 0 1 0 1 1 1 1 0 1 1 
1 1 1 1 1 1 1 1 1 1 1 1 1 
1 1 1 1 1 0 0 1 1 1 1 1 0 
1 1 1 1 1 1 1 1 0 1 1 1 0 
1 1 1 1 1 1 1 1 1 0 1 1 1 
1 0 1 1 0 1 1 1 1 1 1 1 1 
1 1 1 1 1 1 1 1 1 1 1 1 1 
1 1 1 1 1 1 1 1 1 1 0 1 1 
1 1 1 1 1 1 1 1 1 1 1 0 1 
1 1 1 1 1 1 1 1 1 1 1 1 1 
1 1 1 1 1 1 1 1 1 1 1 1 0 
1 1 1 1 1 1 1 1 1 1 1 1 0 
1 1 1 1 1 1 1 1 1 1 1 1 1 
1 1 1 1 1 1 1 1 1 1 1 1 1 
1 1 1 1 1 1 1 1 1 1 1 1 1 
1 1 1 1 1 1 1 1 1 1 1 1 1 
1 1 0 1 1 1 1 1 1 1 1 1 0 
1 0 1 1 1 1 1 1 1 1 1 0 1 
1 1 1 1 1 1 1 1 1 1 1 1 1 
1 1 1 1 1 1 1 1 1 1 1 1 1 
1 1 1 1 1 1 1 1 1 1 1 1 1 
1 1 1 1 1 1 1 1 1 1 0 1 1 
1 1 1 1 1 0 1 1 1 1 1 1 1 
1 1 1 1 1 1 1 1 1 1 1 1 1 
1 1 1 1 1 1 1 1 1 0 1 1 1 
1 1 1 1 1 1 1 1 1 1 1 1 1 
1 1 1 1 1 1 1 1 1 1 1 1 1 
1 1 1 1 1 1 1 1 1 1 1 1 1 
0 1 1 1 1 1 1 1 1 1 1 1 1 
1 1 1 1 1 1 0 1 1 1 1 1 1 
1 1 0 1 1 0 0 1 1 1 1 1 1 
1 1 1 1 1 1 1 0 1 1 1 1 0 
]

EmployeeWantedInStint: [ (8 5) 1 (12 11) 1 (22 8) 1 (22 10) 1 (26 11) 1 (27 3) 1 (34 5) 1 (36 12) 1 (39 3) 1 (40 5) 1 (45 4) 1 (45 13) 1 (46 2) 1 (60 3) 1 ]

EmployeeWantedViolationCost: [ (8 5) 10000 (12 11) 11000 (22 8) 10000 (22 10) 15000 (26 11) 12000 (27 3) 10000 (34 5) 6000 (36 12) 6000 (39 3) 14000 (40 5) 10000 (45 4) 9000 (45 13) 11000 (46 2) 12000 (60 3) 13000 ]

EmployeesThatShouldNotWorkTogetherWithEmployee: [
[ 6 45 58 ]
[ ]
[ 14 18 30 33 ]
[ 35 43 ]
[ 15 ]
[ 38 ]
[ 29 ]
[ 9 53 55 ]
[ 48 ]
[ 33 40 46 ]
[ 35 47 ]
[ 32 48 ]
[ ]
[ 22 42 52 ]
[ 21 40 56 ]
[ 23 24 38 56 ]
[ 21 26 44 ]
[ 55 ]
[ 37 49 58 ]
[ 26 ]
[ ]
[ 58 ]
[ 31 56 ]
[ 30 45 ]
[ ]
[ 30 48 ]
[ 59 ]
[ 41 53 ]
[ ]
[ ]
[ ]
[ ]
[ 55 ]
[ 52 ]
[ 47 48 53 ]
[ 37 ]
[ 39 ]
[ ]
[ 47 57 ]
[ ]
[ ]
[ ]
[ ]
[ 54 ]
[ ]
[ ]
[ ]
[ ]
[ 55 ]
[ 55 ]
[ ]
[ ]
[ ]
[ ]
[ 58 ]
[ 58 ]
[ ]
[ 59 ]
[ ]
[ ]
]

ShouldNotWorkTogetherCost: [ (1 6) 297 (1 45) 297 (1 58) 198 (3 14) 396 (3 18) 198 (3 30) 396 (3 33) 198 (4 35) 297 (4 43) 396 (5 15) 198 (6 38) 396 (7 29) 297 (8 9) 396 (8 53) 297 (8 55) 99 (9 48) 297 (10 33) 297 (10 40) 198 (10 46) 396 (11 35) 396 (11 47) 297 (12 32) 198 (12 48) 396 (14 22) 99 (14 42) 99 (14 52) 198 (15 21) 99 (15 40) 396 (15 56) 396 (16 23) 198 (16 24) 198 (16 38) 396 (16 56) 396 (17 21) 198 (17 26) 297 (17 44) 396 (18 55) 396 (19 37) 396 (19 49) 99 (19 58) 99 (20 26) 99 (22 58) 99 (23 31) 396 (23 56) 297 (24 30) 198 (24 45) 297 (26 30) 297 (26 48) 396 (27 59) 99 (28 41) 99 (28 53) 99 (33 55) 396 (34 52) 198 (35 47) 99 (35 48) 297 (35 53) 396 (36 37) 198 (37 39) 396 (39 47) 396 (39 57) 297 (44 54) 198 (49 55) 396 (50 55) 396 (55 58) 297 (56 58) 198 (58 59) 198 ]

ImmediatePredecessorsToActivity: [
[ ]
[ 1 ]
[ 1 ]
[ 1 ]
[ 2 3 ]
[ 5 ]
[ 2 3 4 ]
[ 5 ]
[ 1 ]
[ 8 ]
[ 4 8 ]
]

ActivitiesInProject: [
[ 1 2 3 4 5 6 7 8 9 10 11 ]
]

nActivityModes: [ 1 1 1 1 1 1 1 1 1 1 1 ]

ActivityDurationWithMode: [
1	
10	
3	
4	
3	
7	
11	
4	
5	
3	
3	
]

StintsInProject: [
[ 1 2 3 4 5 6 7 8 9 10 11 12 13 ]
]

WorkingStintsOnDay: [
[ 1 ]
[ 1 ]
[ 1 ]
[ 1 ]
[ 1 ]
[ ]
[ ]
[ 2 ]
[ 2 ]
[ 2 ]
[ 2 ]
[ 2 ]
[ ]
[ ]
[ 3 ]
[ 3 ]
[ 3 ]
[ 3 ]
[ 3 ]
[ ]
[ ]
[ 4 ]
[ 4 ]
[ 4 ]
[ 4 ]
[ 4 ]
[ ]
[ ]
[ 5 ]
[ 5 ]
[ 5 ]
[ 5 ]
[ 5 ]
[ ]
[ ]
[ 6 ]
[ 6 ]
[ 6 ]
[ 6 ]
[ 6 ]
[ ]
[ ]
[ 7 ]
[ 7 ]
[ 7 ]
[ 7 ]
[ 7 ]
[ ]
[ ]
[ 8 ]
[ 8 ]
[ 8 ]
[ 8 ]
[ 8 ]
[ ]
[ ]
[ 9 ]
[ 9 ]
[ 9 ]
[ 9 ]
[ 9 ]
[ ]
[ ]
[ 10 ]
[ 10 ]
[ 10 ]
[ 10 ]
[ 10 ]
[ ]
[ ]
[ 11 ]
[ 11 ]
[ 11 ]
[ 11 ]
[ 11 ]
[ ]
[ ]
[ 12 ]
[ 12 ]
[ 12 ]
[ 12 ]
[ 12 ]
[ ]
[ ]
[ 13 ]
[ 13 ]
[ 13 ]
[ 13 ]
[ 13 ]
[ ]
]

ProjectStart: [ 29 ]

ProjectEnd: [ 59 ]

EarliestStartDayForActivity: [ 1 29 29 29 41 46 41 46 29 52 52 ]

LatestStartDayForActivity: [ 1 59 59 59 59 59 59 59 59 59 59 ]

EquipmentTypeDemandInActivityWithMode: [
0	
1	
1	
2	
1	
3	
0	
1	
0	
3	
1	

0	
0	
1	
2	
2	
1	
1	
1	
2	
1	
1	

0	
3	
1	
0	
0	
2	
1	
4	
0	
2	
1	

0	
1	
1	
2	
0	
2	
0	
3	
1	
0	
1	

0	
1	
0	
0	
0	
0	
2	
2	
1	
0	
1	

0	
0	
3	
0	
1	
0	
0	
2	
2	
1	
1	

]

ExternalEquipmentRentingCost: [
3217	4981	4527	3744	3093	2582	3611	1863	1394	5229	3734	
1919	5117	2825	1371	5079	5004	4825	2691	1121	1840	1352	
3698	1832	3898	1671	4112	2855	5411	5943	4787	1000	1570	
5210	3855	5656	1106	2584	3871	3461	4376	2499	1292	5152	
3060	2327	1064	1463	4076	4869	5666	4345	5816	4128	2215	
3902	3376	5189	1560	3408	3850	1492	3520	3756	2888	1894	
]

EquipmentTypeTransportationCost: [
1	

1	

1	

1	

1	

1	

]

TransportationTimeForEquipmentTypeBetweenProjects: [
1	

1	

1	

1	

1	

1	

]

TotalNumberOfInitialEquipmentTypeLocation: [
(1 1) 12 
(2 1) 6 
(3 1) 6 
(4 1) 11 
(5 1) 2 
(6 1) 3 
]

DepotActivities: [ 1 ]

MaximalStintCliques: [
]
