nEmployees: 90
nSkills: 4
nProjects: 1
nDays: 150
nActivities: 37
nEquipmentTypes: 4
nStints: 22
nMaxModes: 3
nStintCliques: 0

EmployeeInStintCost: [
14965 14965 14965 14965 14965 14965 14965 14965 14965 14965 14965 14965 14965 14965 14965 14965 14965 14965 14965 14965 14965 9795 
5196 5196 5196 5196 5196 5196 5196 5196 5196 5196 5196 5196 5196 5196 5196 5196 5196 5196 5196 5196 5196 2292 
15773 15773 15773 15773 15773 15773 15773 15773 15773 15773 15773 15773 15773 15773 15773 15773 15773 15773 15773 15773 15773 10795 
15809 15809 15809 15809 15809 15809 15809 15809 15809 15809 15809 15809 15809 15809 15809 15809 15809 15809 15809 15809 15809 10807 
12853 12853 12853 12853 12853 12853 12853 12853 12853 12853 12853 12853 12853 12853 12853 12853 12853 12853 12853 12853 12853 7827 
16169 16169 16169 16169 16169 16169 16169 16169 16169 16169 16169 16169 16169 16169 16169 16169 16169 16169 16169 16169 16169 10927 
13249 13249 13249 13249 13249 13249 13249 13249 13249 13249 13249 13249 13249 13249 13249 13249 13249 13249 13249 13249 13249 7959 
4908 4908 4908 4908 4908 4908 4908 4908 4908 4908 4908 4908 4908 4908 4908 4908 4908 4908 4908 4908 4908 2196 
15093 15093 15093 15093 15093 15093 15093 15093 15093 15093 15093 15093 15093 15093 15093 15093 15093 15093 15093 15093 15093 9875 
22457 22457 22457 22457 22457 22457 22457 22457 22457 22457 22457 22457 22457 22457 22457 22457 22457 22457 22457 22457 22457 17167 
21845 21845 21845 21845 21845 21845 21845 21845 21845 21845 21845 21845 21845 21845 21845 21845 21845 21845 21845 21845 21845 16963 
13017 13017 13017 13017 13017 13017 13017 13017 13017 13017 13017 13017 13017 13017 13017 13017 13017 13017 13017 13017 13017 7727 
3888 3888 3888 3888 3888 3888 3888 3888 3888 3888 3888 3888 3888 3888 3888 3888 3888 3888 3888 3888 3888 1296 
12549 12549 12549 12549 12549 12549 12549 12549 12549 12549 12549 12549 12549 12549 12549 12549 12549 12549 12549 12549 12549 7571 
16701 16701 16701 16701 16701 16701 16701 16701 16701 16701 16701 16701 16701 16701 16701 16701 16701 16701 16701 16701 16701 11627 
15037 15037 15037 15037 15037 15037 15037 15037 15037 15037 15037 15037 15037 15037 15037 15037 15037 15037 15037 15037 15037 9819 
12441 12441 12441 12441 12441 12441 12441 12441 12441 12441 12441 12441 12441 12441 12441 12441 12441 12441 12441 12441 12441 7535 
14677 14677 14677 14677 14677 14677 14677 14677 14677 14677 14677 14677 14677 14677 14677 14677 14677 14677 14677 14677 14677 9699 
11617 11617 11617 11617 11617 11617 11617 11617 11617 11617 11617 11617 11617 11617 11617 11617 11617 11617 11617 11617 11617 6327 
22385 22385 22385 22385 22385 22385 22385 22385 22385 22385 22385 22385 22385 22385 22385 22385 22385 22385 22385 22385 22385 17143 
14841 14841 14841 14841 14841 14841 14841 14841 14841 14841 14841 14841 14841 14841 14841 14841 14841 14841 14841 14841 14841 9791 
16133 16133 16133 16133 16133 16133 16133 16133 16133 16133 16133 16133 16133 16133 16133 16133 16133 16133 16133 16133 16133 10915 
9096 9096 9096 9096 9096 9096 9096 9096 9096 9096 9096 9096 9096 9096 9096 9096 9096 9096 9096 9096 9096 6552 
9384 9384 9384 9384 9384 9384 9384 9384 9384 9384 9384 9384 9384 9384 9384 9384 9384 9384 9384 9384 9384 6648 
17061 17061 17061 17061 17061 17061 17061 17061 17061 17061 17061 17061 17061 17061 17061 17061 17061 17061 17061 17061 17061 11747 
14997 14997 14997 14997 14997 14997 14997 14997 14997 14997 14997 14997 14997 14997 14997 14997 14997 14997 14997 14997 14997 10019 
4212 4212 4212 4212 4212 4212 4212 4212 4212 4212 4212 4212 4212 4212 4212 4212 4212 4212 4212 4212 4212 1404 
23829 23829 23829 23829 23829 23829 23829 23829 23829 23829 23829 23829 23829 23829 23829 23829 23829 23829 23829 23829 23829 18947 
17785 17785 17785 17785 17785 17785 17785 17785 17785 17785 17785 17785 17785 17785 17785 17785 17785 17785 17785 17785 17785 12543 
23641 23641 23641 23641 23641 23641 23641 23641 23641 23641 23641 23641 23641 23641 23641 23641 23641 23641 23641 23641 23641 18687 
14925 14925 14925 14925 14925 14925 14925 14925 14925 14925 14925 14925 14925 14925 14925 14925 14925 14925 14925 14925 14925 9995 
10933 10933 10933 10933 10933 10933 10933 10933 10933 10933 10933 10933 10933 10933 10933 10933 10933 10933 10933 10933 10933 6099 
11889 11889 11889 11889 11889 11889 11889 11889 11889 11889 11889 11889 11889 11889 11889 11889 11889 11889 11889 11889 11889 6983 
3600 3600 3600 3600 3600 3600 3600 3600 3600 3600 3600 3600 3600 3600 3600 3600 3600 3600 3600 3600 3600 1200 
24525 24525 24525 24525 24525 24525 24525 24525 24525 24525 24525 24525 24525 24525 24525 24525 24525 24525 24525 24525 24525 19403 
24477 24477 24477 24477 24477 24477 24477 24477 24477 24477 24477 24477 24477 24477 24477 24477 24477 24477 24477 24477 24477 19163 
14389 14389 14389 14389 14389 14389 14389 14389 14389 14389 14389 14389 14389 14389 14389 14389 14389 14389 14389 14389 14389 9603 
12357 12357 12357 12357 12357 12357 12357 12357 12357 12357 12357 12357 12357 12357 12357 12357 12357 12357 12357 12357 12357 7139 
22349 22349 22349 22349 22349 22349 22349 22349 22349 22349 22349 22349 22349 22349 22349 22349 22349 22349 22349 22349 22349 17131 
17353 17353 17353 17353 17353 17353 17353 17353 17353 17353 17353 17353 17353 17353 17353 17353 17353 17353 17353 17353 17353 12399 
12033 12033 12033 12033 12033 12033 12033 12033 12033 12033 12033 12033 12033 12033 12033 12033 12033 12033 12033 12033 12033 7031 
3564 3564 3564 3564 3564 3564 3564 3564 3564 3564 3564 3564 3564 3564 3564 3564 3564 3564 3564 3564 3564 1188 
12441 12441 12441 12441 12441 12441 12441 12441 12441 12441 12441 12441 12441 12441 12441 12441 12441 12441 12441 12441 12441 7535 
21881 21881 21881 21881 21881 21881 21881 21881 21881 21881 21881 21881 21881 21881 21881 21881 21881 21881 21881 21881 21881 16975 
11889 11889 11889 11889 11889 11889 11889 11889 11889 11889 11889 11889 11889 11889 11889 11889 11889 11889 11889 11889 11889 6983 
17061 17061 17061 17061 17061 17061 17061 17061 17061 17061 17061 17061 17061 17061 17061 17061 17061 17061 17061 17061 17061 11747 
4140 4140 4140 4140 4140 4140 4140 4140 4140 4140 4140 4140 4140 4140 4140 4140 4140 4140 4140 4140 4140 1380 
15953 15953 15953 15953 15953 15953 15953 15953 15953 15953 15953 15953 15953 15953 15953 15953 15953 15953 15953 15953 15953 10855 
14997 14997 14997 14997 14997 14997 14997 14997 14997 14997 14997 14997 14997 14997 14997 14997 14997 14997 14997 14997 14997 10019 
4620 4620 4620 4620 4620 4620 4620 4620 4620 4620 4620 4620 4620 4620 4620 4620 4620 4620 4620 4620 4620 2100 
24741 24741 24741 24741 24741 24741 24741 24741 24741 24741 24741 24741 24741 24741 24741 24741 24741 24741 24741 24741 24741 19475 
3672 3672 3672 3672 3672 3672 3672 3672 3672 3672 3672 3672 3672 3672 3672 3672 3672 3672 3672 3672 3672 1224 
12997 12997 12997 12997 12997 12997 12997 12997 12997 12997 12997 12997 12997 12997 12997 12997 12997 12997 12997 12997 12997 7875 
11257 11257 11257 11257 11257 11257 11257 11257 11257 11257 11257 11257 11257 11257 11257 11257 11257 11257 11257 11257 11257 6303 
9636 9636 9636 9636 9636 9636 9636 9636 9636 9636 9636 9636 9636 9636 9636 9636 9636 9636 9636 9636 9636 6732 
21917 21917 21917 21917 21917 21917 21917 21917 21917 21917 21917 21917 21917 21917 21917 21917 21917 21917 21917 21917 21917 16987 
13089 13089 13089 13089 13089 13089 13089 13089 13089 13089 13089 13089 13089 13089 13089 13089 13089 13089 13089 13089 13089 7751 
4728 4728 4728 4728 4728 4728 4728 4728 4728 4728 4728 4728 4728 4728 4728 4728 4728 4728 4728 4728 4728 2136 
14781 14781 14781 14781 14781 14781 14781 14781 14781 14781 14781 14781 14781 14781 14781 14781 14781 14781 14781 14781 14781 9947 
15033 15033 15033 15033 15033 15033 15033 15033 15033 15033 15033 15033 15033 15033 15033 15033 15033 15033 15033 15033 15033 10031 
9420 9420 9420 9420 9420 9420 9420 9420 9420 9420 9420 9420 9420 9420 9420 9420 9420 9420 9420 9420 9420 6660 
24489 24489 24489 24489 24489 24489 24489 24489 24489 24489 24489 24489 24489 24489 24489 24489 24489 24489 24489 24489 24489 19391 
14461 14461 14461 14461 14461 14461 14461 14461 14461 14461 14461 14461 14461 14461 14461 14461 14461 14461 14461 14461 14461 9627 
5088 5088 5088 5088 5088 5088 5088 5088 5088 5088 5088 5088 5088 5088 5088 5088 5088 5088 5088 5088 5088 2256 
15093 15093 15093 15093 15093 15093 15093 15093 15093 15093 15093 15093 15093 15093 15093 15093 15093 15093 15093 15093 15093 9875 
11509 11509 11509 11509 11509 11509 11509 11509 11509 11509 11509 11509 11509 11509 11509 11509 11509 11509 11509 11509 11509 6291 
3780 3780 3780 3780 3780 3780 3780 3780 3780 3780 3780 3780 3780 3780 3780 3780 3780 3780 3780 3780 3780 1260 
14425 14425 14425 14425 14425 14425 14425 14425 14425 14425 14425 14425 14425 14425 14425 14425 14425 14425 14425 14425 14425 9615 
21793 21793 21793 21793 21793 21793 21793 21793 21793 21793 21793 21793 21793 21793 21793 21793 21793 21793 21793 21793 21793 16599 
19533 19533 19533 19533 19533 19533 19533 19533 19533 19533 19533 19533 19533 19533 19533 19533 19533 19533 19533 19533 19533 14603 
15033 15033 15033 15033 15033 15033 15033 15033 15033 15033 15033 15033 15033 15033 15033 15033 15033 15033 15033 15033 15033 10031 
24145 24145 24145 24145 24145 24145 24145 24145 24145 24145 24145 24145 24145 24145 24145 24145 24145 24145 24145 24145 24145 18855 
14961 14961 14961 14961 14961 14961 14961 14961 14961 14961 14961 14961 14961 14961 14961 14961 14961 14961 14961 14961 14961 10007 
10969 10969 10969 10969 10969 10969 10969 10969 10969 10969 10969 10969 10969 10969 10969 10969 10969 10969 10969 10969 10969 6111 
16269 16269 16269 16269 16269 16269 16269 16269 16269 16269 16269 16269 16269 16269 16269 16269 16269 16269 16269 16269 16269 11483 
19929 19929 19929 19929 19929 19929 19929 19929 19929 19929 19929 19929 19929 19929 19929 19929 19929 19929 19929 19929 19929 14735 
24237 24237 24237 24237 24237 24237 24237 24237 24237 24237 24237 24237 24237 24237 24237 24237 24237 24237 24237 24237 24237 19307 
16773 16773 16773 16773 16773 16773 16773 16773 16773 16773 16773 16773 16773 16773 16773 16773 16773 16773 16773 16773 16773 11651 
15557 15557 15557 15557 15557 15557 15557 15557 15557 15557 15557 15557 15557 15557 15557 15557 15557 15557 15557 15557 15557 10723 
11329 11329 11329 11329 11329 11329 11329 11329 11329 11329 11329 11329 11329 11329 11329 11329 11329 11329 11329 11329 11329 6231 
19929 19929 19929 19929 19929 19929 19929 19929 19929 19929 19929 19929 19929 19929 19929 19929 19929 19929 19929 19929 19929 14735 
11889 11889 11889 11889 11889 11889 11889 11889 11889 11889 11889 11889 11889 11889 11889 11889 11889 11889 11889 11889 11889 6983 
13321 13321 13321 13321 13321 13321 13321 13321 13321 13321 13321 13321 13321 13321 13321 13321 13321 13321 13321 13321 13321 7983 
15069 15069 15069 15069 15069 15069 15069 15069 15069 15069 15069 15069 15069 15069 15069 15069 15069 15069 15069 15069 15069 10043 
14913 14913 14913 14913 14913 14913 14913 14913 14913 14913 14913 14913 14913 14913 14913 14913 14913 14913 14913 14913 14913 9815 
9420 9420 9420 9420 9420 9420 9420 9420 9420 9420 9420 9420 9420 9420 9420 9420 9420 9420 9420 9420 9420 6660 
9060 9060 9060 9060 9060 9060 9060 9060 9060 9060 9060 9060 9060 9060 9060 9060 9060 9060 9060 9060 9060 6540 
20217 20217 20217 20217 20217 20217 20217 20217 20217 20217 20217 20217 20217 20217 20217 20217 20217 20217 20217 20217 20217 14831 
24021 24021 24021 24021 24021 24021 24021 24021 24021 24021 24021 24021 24021 24021 24021 24021 24021 24021 24021 24021 24021 19235 
14841 14841 14841 14841 14841 14841 14841 14841 14841 14841 14841 14841 14841 14841 14841 14841 14841 14841 14841 14841 14841 9791 
]

ExternalWorkerWithSkillOnStintCost: [
16860 13980 13650 16140 13410 12330 16230 13350 14940 15960 13800 15540 12150 12870 14790 17970 14280 17370 13800 17340 12180 10368 
14880 16140 15090 13680 15600 12960 13740 15390 14070 16770 15000 16860 12000 16560 12180 14280 14820 15570 12840 15330 17640 8118 
13410 15180 17310 12390 16380 17850 13620 15510 17520 14310 13590 12450 14970 14040 12150 15660 14130 16770 15900 13500 15420 8154 
12720 13170 17610 17550 14580 15990 12870 12570 12690 16710 15330 16500 14130 13200 14580 14430 16890 12120 12660 14130 13380 7866 
]

OverlappingStints: [
[ ]
[ ]
[ ]
[ ]
[ ]
[ ]
[ ]
[ ]
[ ]
[ ]
[ ]
[ ]
[ ]
[ ]
[ ]
[ ]
[ ]
[ ]
[ ]
[ ]
[ ]
[ ]
]

EmployeesWithSkill: [
[ 1 2 3 4 5 6 7 8 9 10 11 12 13 14 15 16 17 18 19 20 21 22 23 24 25 26 27 28 29 30 31 32 33 34 35 36 37 38 39 40 41 42 43 44 45 46 47 48 49 50 51 52 53 54 55 56 57 58 59 60 61 62 63 64 65 66 67 68 69 70 71 72 73 74 75 76 77 78 79 80 81 82 83 84 85 86 87 88 89 90 ]
[ 2 5 7 8 10 11 12 13 14 15 17 18 21 22 23 24 25 26 28 33 35 36 37 38 43 45 46 48 49 50 51 52 53 55 56 57 58 59 62 64 65 66 68 69 71 72 74 76 77 78 79 82 83 85 87 88 90 ]
[ 2 3 4 6 7 8 9 10 11 15 17 18 19 20 23 25 26 27 31 33 34 35 36 38 39 42 43 46 48 49 52 53 55 57 58 60 62 64 67 69 71 73 77 78 79 82 83 84 85 86 87 88 89 90 ]
[ 2 3 4 6 8 9 10 12 13 14 15 16 18 19 20 21 22 24 25 26 27 28 29 30 32 33 35 39 40 41 42 43 44 45 46 47 48 49 51 52 53 54 55 56 57 58 59 60 61 62 65 66 67 71 72 73 76 78 80 81 82 83 84 85 87 88 ]
]

SkillDemandInActivityWithMode: [
0	0	0	
6	10	4	
12	19	8	
5	9	4	
6	10	4	
11	18	8	
6	10	4	
11	18	8	
10	16	7	
9	15	6	
7	12	5	
7	12	5	
7	12	5	
9	15	6	
18	28	12	
16	25	11	
3	6	2	
6	10	4	
3	6	2	
5	9	4	
16	25	11	
13	21	9	
5	9	4	
16	25	11	
7	12	5	
14	22	10	
4	7	3	
16	25	11	
20	31	14	
11	18	8	
20	31	14	
20	31	14	
16	25	11	
11	18	8	
20	31	14	
17	27	12	
16	25	11	

0	0	0	
3	6	2	
7	12	5	
2	4	2	
3	6	2	
6	10	4	
3	6	2	
6	10	4	
5	9	4	
5	9	4	
4	7	3	
4	7	3	
4	7	3	
5	9	4	
10	16	7	
9	15	6	
1	3	1	
3	6	2	
1	3	1	
2	4	2	
9	15	6	
8	13	6	
2	4	2	
9	15	6	
4	7	3	
8	13	6	
2	4	2	
9	15	6	
12	19	8	
6	10	4	
12	19	8	
12	19	8	
9	15	6	
6	10	4	
12	19	8	
10	16	7	
9	15	6	

0	0	0	
3	6	2	
7	12	5	
2	4	2	
3	6	2	
6	10	4	
3	6	2	
6	10	4	
5	9	4	
5	9	4	
4	7	3	
3	6	2	
4	7	3	
4	7	3	
10	16	7	
9	15	6	
1	3	1	
3	6	2	
1	3	1	
2	4	2	
9	15	6	
7	12	5	
2	4	2	
9	15	6	
3	6	2	
8	13	6	
2	4	2	
9	15	6	
11	18	8	
6	10	4	
11	18	8	
11	18	8	
9	15	6	
6	10	4	
11	18	8	
10	16	7	
9	15	6	

0	0	0	
4	7	3	
8	13	6	
3	6	2	
4	7	3	
7	12	5	
4	7	3	
7	12	5	
6	10	4	
6	10	4	
4	7	3	
4	7	3	
4	7	3	
5	9	4	
12	19	8	
11	18	8	
1	3	1	
3	6	2	
1	3	1	
2	4	2	
11	18	8	
9	15	6	
3	6	2	
11	18	8	
4	7	3	
10	16	7	
2	4	2	
11	18	8	
13	21	9	
7	12	5	
13	21	9	
13	21	9	
11	18	8	
7	12	5	
13	21	9	
12	19	8	
11	18	8	

]

EmployeeAvailability: [
1 1 1 1 1 0 1 1 1 1 1 1 1 1 1 1 1 1 1 1 1 1 
1 1 1 1 1 1 1 1 1 1 1 1 1 1 1 1 1 1 1 1 1 1 
1 1 1 1 1 1 1 1 1 1 1 1 1 1 1 1 1 1 1 1 1 1 
1 1 1 1 1 1 1 1 1 1 1 1 1 1 1 1 1 1 1 1 1 1 
1 1 1 1 0 1 1 1 1 1 1 1 1 1 1 1 1 1 1 1 1 1 
1 1 1 1 1 1 1 1 1 1 1 1 1 1 1 1 1 1 1 1 1 1 
1 1 1 1 1 1 1 1 1 1 1 1 1 1 1 1 0 1 1 1 1 1 
1 1 1 1 1 1 1 1 1 1 1 1 1 1 1 1 1 1 1 0 1 1 
1 1 1 1 1 1 1 1 1 1 1 1 1 1 1 1 1 1 1 0 1 1 
1 1 1 1 1 1 1 1 1 0 1 1 1 1 0 1 1 1 1 1 1 1 
1 1 1 1 1 1 1 1 1 1 1 1 1 1 1 1 1 1 0 1 1 1 
1 1 1 1 1 1 1 1 1 1 1 1 1 1 1 1 1 1 1 1 1 1 
1 1 1 1 1 1 1 1 0 1 1 1 1 1 1 1 1 1 1 1 1 1 
1 1 1 1 1 1 1 1 1 1 1 1 0 1 1 1 1 1 1 1 1 1 
1 1 1 1 1 1 1 1 1 1 1 1 1 1 1 1 0 1 1 1 1 1 
1 1 1 1 1 1 1 1 1 1 1 1 1 1 1 1 1 1 1 1 1 1 
1 1 1 1 1 1 1 1 1 1 1 1 1 1 1 1 1 1 1 1 1 1 
1 1 0 1 1 1 1 1 1 1 1 1 1 1 1 1 1 1 1 1 0 1 
0 0 1 1 1 1 1 0 1 1 1 1 1 1 1 1 1 1 1 1 1 1 
1 0 1 1 1 1 1 1 0 1 1 1 1 1 1 1 1 1 1 1 1 1 
1 1 1 1 1 1 1 1 1 1 1 1 1 1 1 1 1 1 1 1 1 1 
1 1 1 1 1 1 1 1 1 1 1 1 1 1 1 1 1 1 1 1 1 1 
1 1 1 1 1 1 1 1 0 1 1 0 1 1 1 1 1 1 1 1 1 1 
1 1 1 1 0 1 1 1 1 1 1 1 0 1 1 1 1 1 1 1 1 1 
0 1 1 1 0 1 1 1 0 1 1 1 1 1 1 1 1 1 1 1 1 1 
1 1 1 1 1 1 1 1 1 1 1 1 1 1 1 1 1 1 1 1 1 1 
1 1 1 1 1 1 1 1 1 1 1 1 1 1 1 1 1 1 1 1 1 1 
1 1 1 1 1 1 1 1 1 1 1 1 1 1 1 1 1 1 1 1 1 1 
1 1 1 0 1 1 1 1 1 0 1 1 1 1 1 1 1 1 1 1 1 1 
1 1 1 1 1 1 1 1 0 1 1 1 1 1 1 1 1 1 1 1 1 1 
1 1 1 1 1 1 1 1 1 1 1 1 1 1 1 1 1 1 1 1 1 1 
1 1 1 1 1 1 1 1 1 1 1 1 1 1 1 1 1 1 1 1 1 1 
1 1 1 1 1 1 1 1 1 1 1 1 1 1 1 1 1 1 1 1 1 1 
1 1 1 1 1 1 1 1 1 1 1 0 1 0 1 1 1 1 1 1 1 1 
1 1 1 1 1 1 1 1 1 1 1 1 1 1 1 1 1 1 1 1 1 1 
0 1 1 1 1 1 1 1 1 1 1 1 1 1 1 1 1 1 1 1 1 1 
1 1 1 1 1 1 1 1 1 1 1 1 1 0 1 1 1 1 1 1 1 1 
1 1 1 1 1 1 1 1 1 1 1 1 1 1 1 0 1 1 1 0 1 1 
0 1 0 1 1 1 1 1 1 1 1 1 1 1 1 1 1 1 1 1 1 0 
1 1 1 0 1 1 1 1 1 1 1 1 1 1 1 0 1 1 1 1 1 1 
1 1 1 1 1 1 1 1 1 1 1 1 1 1 1 1 1 1 1 1 1 1 
1 1 1 1 1 1 1 1 1 1 1 1 1 1 1 1 1 1 1 1 1 0 
1 1 1 0 1 1 1 0 1 1 1 1 1 1 1 1 1 1 1 1 1 1 
1 1 1 1 1 1 1 1 1 1 1 1 1 1 1 1 1 1 1 1 1 1 
0 1 1 1 1 1 1 1 1 1 1 1 1 1 1 1 1 1 1 1 1 1 
1 1 0 1 1 1 1 1 1 1 1 1 1 1 1 1 1 1 1 1 1 1 
1 1 1 1 1 0 1 1 1 1 1 1 1 1 1 1 1 1 1 1 1 1 
1 0 1 1 1 1 1 1 1 1 1 1 1 1 1 1 1 1 1 1 1 1 
1 0 1 1 1 1 1 1 1 1 1 1 1 1 1 1 1 1 1 1 1 1 
1 1 1 1 1 1 1 1 1 1 1 1 1 1 1 1 1 1 1 1 1 1 
1 1 1 1 1 1 1 1 1 1 1 1 1 1 1 1 1 0 1 1 1 1 
1 1 1 1 0 1 1 1 1 1 1 1 1 1 1 1 1 1 1 1 1 1 
1 1 1 1 1 1 0 1 1 1 1 1 1 1 1 1 1 1 1 0 1 1 
1 1 1 1 0 1 1 1 1 1 1 1 1 1 1 1 1 1 1 1 1 1 
1 1 1 1 0 1 1 1 1 1 1 1 1 1 1 1 1 1 1 1 1 1 
1 1 1 1 1 1 1 1 1 1 1 1 1 1 1 1 1 1 1 1 1 1 
1 1 0 1 1 1 0 1 1 1 1 1 1 1 1 1 1 1 1 0 1 1 
1 1 1 1 0 1 1 1 1 1 1 1 1 1 1 1 1 1 1 1 1 1 
1 1 1 1 1 1 1 1 1 1 1 1 1 0 1 1 1 1 1 1 1 1 
1 1 1 1 1 1 1 1 1 1 1 1 1 1 1 1 1 1 1 1 1 1 
1 1 1 1 1 1 1 0 1 1 1 1 1 1 1 1 1 1 1 1 0 1 
1 1 1 1 1 1 1 1 1 1 1 1 1 1 1 1 1 1 1 1 1 1 
1 1 1 1 1 1 1 1 1 0 1 1 1 1 1 0 0 1 1 1 1 1 
1 1 1 1 1 1 1 1 1 1 1 1 1 1 1 1 1 1 1 1 1 1 
1 1 1 1 1 0 1 1 1 1 1 1 1 0 1 1 1 0 1 1 1 1 
1 1 1 1 1 0 1 1 1 1 1 1 1 1 1 1 1 1 1 1 1 1 
1 1 1 1 1 1 1 1 1 1 1 1 1 1 1 1 1 1 1 1 1 1 
1 1 1 1 1 1 1 1 1 1 1 1 1 1 1 1 0 1 0 1 1 1 
1 1 1 1 1 1 1 1 1 1 1 1 1 1 1 1 1 1 1 1 1 1 
0 1 1 1 1 1 1 1 1 1 0 1 1 1 1 1 1 1 1 1 1 1 
1 1 0 1 1 1 1 1 1 1 1 0 1 1 1 0 1 1 1 1 1 1 
1 1 1 1 1 1 1 1 1 1 1 1 1 1 1 1 1 1 1 1 1 1 
1 1 1 0 1 1 1 1 0 1 1 1 1 1 1 1 1 1 1 1 1 1 
1 1 1 1 1 1 0 1 1 1 1 1 1 1 1 1 1 1 1 0 1 1 
1 1 1 1 1 1 1 1 1 1 1 1 1 1 1 1 1 1 1 1 1 1 
1 1 1 1 1 1 1 1 1 1 1 1 1 1 1 1 0 1 1 1 1 1 
1 1 0 1 1 1 1 1 1 1 1 1 1 1 1 1 1 1 1 1 1 1 
1 1 1 0 1 1 1 1 1 1 1 1 1 1 1 1 1 1 1 1 1 1 
1 1 1 1 1 1 1 1 1 1 1 1 1 1 1 1 1 0 1 1 1 1 
1 1 1 1 1 1 1 1 1 1 1 1 1 1 1 1 1 1 1 1 1 1 
1 1 1 1 1 1 0 1 1 1 1 1 1 1 1 1 1 1 1 1 1 1 
1 1 1 1 1 1 1 1 1 1 1 1 1 1 1 1 1 1 1 1 0 1 
1 1 1 1 1 1 1 1 1 1 1 1 1 1 1 1 1 1 1 1 1 1 
1 1 1 1 1 1 1 1 1 1 1 1 1 1 0 1 1 1 1 1 1 1 
1 1 1 1 1 1 1 0 1 1 1 1 1 1 1 1 1 1 1 1 1 1 
1 1 1 1 1 1 1 1 1 0 1 1 1 1 1 1 1 0 1 1 1 1 
1 0 1 1 1 1 1 1 1 1 1 1 1 1 1 1 1 1 1 1 1 1 
1 1 1 1 1 1 1 1 1 0 0 0 1 1 1 1 1 1 1 1 1 1 
0 1 1 1 0 1 1 1 1 1 1 1 1 1 1 1 1 1 1 1 1 1 
1 1 1 1 1 1 1 1 1 1 1 1 1 1 1 1 1 1 1 1 1 1 
]

EmployeeWantedInStint: [ (3 19) 1 (4 1) 1 (4 19) 1 (10 12) 1 (18 10) 1 (22 9) 1 (22 13) 1 (24 7) 1 (30 16) 1 (32 1) 1 (32 21) 1 (34 16) 1 (39 6) 1 (40 11) 1 (40 12) 1 (44 7) 1 (48 1) 1 (51 18) 1 (57 7) 1 (58 18) 1 (64 18) 1 (66 22) 1 (69 9) 1 (70 14) 1 (77 4) 1 (77 10) 1 (78 5) 1 (83 12) 1 (84 19) 1 (86 13) 1 (88 20) 1 (90 18) 1 ]

EmployeeWantedViolationCost: [ (3 19) 9000 (4 1) 9000 (4 19) 13000 (10 12) 12000 (18 10) 9000 (22 9) 6000 (22 13) 10000 (24 7) 5000 (30 16) 6000 (32 1) 5000 (32 21) 9000 (34 16) 10000 (39 6) 9000 (40 11) 14000 (40 12) 8000 (44 7) 12000 (48 1) 15000 (51 18) 5000 (57 7) 6000 (58 18) 7000 (64 18) 15000 (66 22) 8000 (69 9) 14000 (70 14) 11000 (77 4) 13000 (77 10) 12000 (78 5) 6000 (83 12) 14000 (84 19) 7000 (86 13) 11000 (88 20) 11000 (90 18) 9000 ]

EmployeesThatShouldNotWorkTogetherWithEmployee: [
[ 15 16 51 56 ]
[ 4 ]
[ 24 50 60 ]
[ 7 ]
[ 15 60 ]
[ 8 17 40 41 ]
[ 26 30 53 55 ]
[ 18 60 63 90 ]
[ 34 35 54 57 71 ]
[ 80 89 ]
[ 48 74 82 ]
[ 26 34 89 ]
[ 21 40 49 65 68 ]
[ 32 64 70 85 ]
[ 16 20 23 64 ]
[ 17 30 36 42 70 75 82 ]
[ 38 46 87 ]
[ 45 85 ]
[ 71 85 ]
[ 85 ]
[ 84 ]
[ 26 37 42 46 47 50 69 78 ]
[ 26 83 ]
[ 40 62 71 ]
[ 56 74 ]
[ 62 76 ]
[ 29 30 38 45 46 84 ]
[ 29 37 82 ]
[ 36 44 64 ]
[ 33 73 ]
[ 37 39 64 69 72 79 81 87 ]
[ 53 ]
[ 72 ]
[ 37 77 ]
[ 75 85 ]
[ 51 76 ]
[ 48 74 80 82 84 ]
[ 47 54 68 ]
[ 56 63 78 ]
[ 45 48 74 ]
[ ]
[ 64 ]
[ ]
[ 65 86 87 90 ]
[ 55 ]
[ 47 49 ]
[ 51 64 ]
[ 61 ]
[ 73 ]
[ 56 62 63 84 89 ]
[ 86 ]
[ ]
[ ]
[ 87 ]
[ 70 ]
[ ]
[ 63 ]
[ 73 ]
[ 63 76 ]
[ 70 85 ]
[ ]
[ 71 ]
[ 69 ]
[ 79 ]
[ ]
[ 76 ]
[ ]
[ 73 87 ]
[ ]
[ 84 ]
[ 73 78 81 85 ]
[ 87 ]
[ 81 86 ]
[ ]
[ 88 ]
[ 83 ]
[ ]
[ ]
[ 84 ]
[ 87 89 ]
[ ]
[ ]
[ ]
[ ]
[ ]
[ ]
[ ]
[ 90 ]
[ ]
[ ]
]

ShouldNotWorkTogetherCost: [ (1 15) 396 (1 16) 297 (1 51) 198 (1 56) 99 (2 4) 198 (3 24) 198 (3 50) 198 (3 60) 198 (4 7) 99 (5 15) 198 (5 60) 99 (6 8) 198 (6 17) 396 (6 40) 198 (6 41) 297 (7 26) 198 (7 30) 99 (7 53) 198 (7 55) 396 (8 18) 198 (8 60) 297 (8 63) 198 (8 90) 99 (9 34) 99 (9 35) 198 (9 54) 297 (9 57) 198 (9 71) 198 (10 80) 99 (10 89) 99 (11 48) 198 (11 74) 99 (11 82) 99 (12 26) 297 (12 34) 297 (12 89) 99 (13 21) 99 (13 40) 198 (13 49) 297 (13 65) 99 (13 68) 297 (14 32) 99 (14 64) 99 (14 70) 297 (14 85) 297 (15 16) 297 (15 20) 198 (15 23) 198 (15 64) 396 (16 17) 99 (16 30) 396 (16 36) 396 (16 42) 396 (16 70) 297 (16 75) 198 (16 82) 198 (17 38) 297 (17 46) 297 (17 87) 297 (18 45) 99 (18 85) 297 (19 71) 99 (19 85) 396 (20 85) 396 (21 84) 198 (22 26) 396 (22 37) 198 (22 42) 297 (22 46) 396 (22 47) 297 (22 50) 396 (22 69) 99 (22 78) 396 (23 26) 297 (23 83) 198 (24 40) 99 (24 62) 396 (24 71) 198 (25 56) 198 (25 74) 99 (26 62) 99 (26 76) 396 (27 29) 297 (27 30) 297 (27 38) 396 (27 45) 396 (27 46) 396 (27 84) 297 (28 29) 396 (28 37) 297 (28 82) 99 (29 36) 297 (29 44) 396 (29 64) 396 (30 33) 297 (30 73) 297 (31 37) 297 (31 39) 99 (31 64) 198 (31 69) 99 (31 72) 198 (31 79) 99 (31 81) 198 (31 87) 198 (32 53) 99 (33 72) 198 (34 37) 198 (34 77) 99 (35 75) 297 (35 85) 396 (36 51) 198 (36 76) 297 (37 48) 198 (37 74) 396 (37 80) 198 (37 82) 297 (37 84) 297 (38 47) 99 (38 54) 396 (38 68) 396 (39 56) 396 (39 63) 396 (39 78) 99 (40 45) 396 (40 48) 99 (40 74) 99 (42 64) 198 (44 65) 99 (44 86) 198 (44 87) 396 (44 90) 99 (45 55) 198 (46 47) 297 (46 49) 198 (47 51) 297 (47 64) 99 (48 61) 198 (49 73) 198 (50 56) 396 (50 62) 396 (50 63) 396 (50 84) 198 (50 89) 297 (51 86) 396 (54 87) 396 (55 70) 297 (57 63) 198 (58 73) 297 (59 63) 396 (59 76) 99 (60 70) 396 (60 85) 99 (62 71) 198 (63 69) 396 (64 79) 99 (66 76) 99 (68 73) 99 (68 87) 198 (70 84) 99 (71 73) 198 (71 78) 396 (71 81) 99 (71 85) 297 (72 87) 297 (73 81) 297 (73 86) 396 (75 88) 198 (76 83) 396 (79 84) 396 (80 87) 297 (80 89) 198 (88 90) 396 ]

ImmediatePredecessorsToActivity: [
[ ]
[ 1 ]
[ 1 ]
[ 1 ]
[ 2 3 ]
[ 2 3 ]
[ 1 ]
[ 6 ]
[ 4 8 ]
[ 6 ]
[ 4 5 ]
[ 1 ]
[ 5 12 ]
[ 7 ]
[ 8 10 12 ]
[ 5 ]
[ 1 ]
[ 4 ]
[ 1 ]
[ 3 ]
[ 8 14 16 18 ]
[ 2 18 ]
[ 1 ]
[ 6 ]
[ 24 ]
[ 5 12 ]
[ 1 ]
[ 5 24 ]
[ 6 7 18 23 ]
[ 2 24 ]
[ 14 18 ]
[ 18 23 27 28 ]
[ 7 8 18 20 ]
[ 5 14 24 ]
[ 14 19 23 24 ]
[ 12 16 18 28 ]
[ 3 7 16 18 23 30 ]
]

ActivitiesInProject: [
[ 1 2 3 4 5 6 7 8 9 10 11 12 13 14 15 16 17 18 19 20 21 22 23 24 25 26 27 28 29 30 31 32 33 34 35 36 37 ]
]

nActivityModes: [ 3 3 3 3 3 3 3 3 3 3 3 3 3 3 3 3 3 3 3 3 3 3 3 3 3 3 3 3 3 3 3 3 3 3 3 3 3 ]

ActivitiyDurationWithMode: [
1	1	1	
26	18	35	
13	9	18	
34	23	46	
26	18	35	
15	10	20	
26	18	35	
15	10	20	
17	12	23	
18	12	24	
23	16	31	
24	16	32	
23	16	31	
19	13	26	
9	6	12	
10	7	14	
72	48	96	
29	20	39	
66	44	88	
38	26	51	
10	7	14	
12	8	16	
36	24	48	
10	7	14	
24	16	32	
11	8	15	
42	28	56	
10	7	14	
8	6	11	
14	10	19	
8	6	11	
8	6	11	
10	7	14	
15	10	20	
8	6	11	
9	6	12	
10	7	14	
]
StintsInProject: [
[ 1 2 3 4 5 6 7 8 9 10 11 12 13 14 15 16 17 18 19 20 21 22 ]
]

WorkingStintsOnDay: [
[ 1 ]
[ 1 ]
[ 1 ]
[ 1 ]
[ 1 ]
[ ]
[ ]
[ 2 ]
[ 2 ]
[ 2 ]
[ 2 ]
[ 2 ]
[ ]
[ ]
[ 3 ]
[ 3 ]
[ 3 ]
[ 3 ]
[ 3 ]
[ ]
[ ]
[ 4 ]
[ 4 ]
[ 4 ]
[ 4 ]
[ 4 ]
[ ]
[ ]
[ 5 ]
[ 5 ]
[ 5 ]
[ 5 ]
[ 5 ]
[ ]
[ ]
[ 6 ]
[ 6 ]
[ 6 ]
[ 6 ]
[ 6 ]
[ ]
[ ]
[ 7 ]
[ 7 ]
[ 7 ]
[ 7 ]
[ 7 ]
[ ]
[ ]
[ 8 ]
[ 8 ]
[ 8 ]
[ 8 ]
[ 8 ]
[ ]
[ ]
[ 9 ]
[ 9 ]
[ 9 ]
[ 9 ]
[ 9 ]
[ ]
[ ]
[ 10 ]
[ 10 ]
[ 10 ]
[ 10 ]
[ 10 ]
[ ]
[ ]
[ 11 ]
[ 11 ]
[ 11 ]
[ 11 ]
[ 11 ]
[ ]
[ ]
[ 12 ]
[ 12 ]
[ 12 ]
[ 12 ]
[ 12 ]
[ ]
[ ]
[ 13 ]
[ 13 ]
[ 13 ]
[ 13 ]
[ 13 ]
[ ]
[ ]
[ 14 ]
[ 14 ]
[ 14 ]
[ 14 ]
[ 14 ]
[ ]
[ ]
[ 15 ]
[ 15 ]
[ 15 ]
[ 15 ]
[ 15 ]
[ ]
[ ]
[ 16 ]
[ 16 ]
[ 16 ]
[ 16 ]
[ 16 ]
[ ]
[ ]
[ 17 ]
[ 17 ]
[ 17 ]
[ 17 ]
[ 17 ]
[ ]
[ ]
[ 18 ]
[ 18 ]
[ 18 ]
[ 18 ]
[ 18 ]
[ ]
[ ]
[ 19 ]
[ 19 ]
[ 19 ]
[ 19 ]
[ 19 ]
[ ]
[ ]
[ 20 ]
[ 20 ]
[ 20 ]
[ 20 ]
[ 20 ]
[ ]
[ ]
[ 21 ]
[ 21 ]
[ 21 ]
[ 21 ]
[ 21 ]
[ ]
[ ]
[ 22 ]
[ 22 ]
[ 22 ]
]

ProjectStart: [ 39 ]

ProjectEnd: [ 146 ]

EarliestStartDayForActivity: [ 1 39 39 39 75 75 39 96 117 96 111 39 111 75 122 111 39 87 39 58 128 128 39 96 110 111 39 111 128 110 128 128 128 111 131 128 130 ]

LatestStartDayForActivity: [ 1 146 146 146 146 146 146 146 146 146 146 146 146 146 146 146 146 146 146 146 146 146 146 146 146 146 146 146 146 146 146 146 146 146 146 146 146 ]

EquipmentTypeDemandInActivityWithMode: [
0	0	0	
1	3	1	
1	3	1	
1	3	1	
2	4	2	
1	3	1	
2	4	2	
0	1	0	
1	3	1	
1	3	1	
0	1	0	
2	4	2	
3	6	2	
0	1	0	
2	4	2	
0	1	0	
0	1	0	
1	3	1	
1	3	1	
2	4	2	
2	4	2	
3	6	2	
0	1	0	
0	1	0	
0	1	0	
1	3	1	
2	4	2	
1	3	1	
2	4	2	
1	3	1	
2	4	2	
3	6	2	
1	3	1	
1	3	1	
0	1	0	
0	1	0	
3	6	2	

0	0	0	
0	1	0	
1	3	1	
0	1	0	
1	3	1	
1	3	1	
0	1	0	
1	3	1	
2	4	2	
0	1	0	
0	1	0	
0	1	0	
2	4	2	
2	4	2	
2	4	2	
0	1	0	
0	1	0	
1	3	1	
2	4	2	
1	3	1	
0	1	0	
1	3	1	
1	3	1	
1	3	1	
0	1	0	
0	1	0	
2	4	2	
2	4	2	
3	6	2	
1	3	1	
4	7	3	
3	6	2	
2	4	2	
0	1	0	
0	1	0	
0	1	0	
1	3	1	

0	0	0	
0	1	0	
2	4	2	
1	3	1	
2	4	2	
0	1	0	
3	6	2	
1	3	1	
3	6	2	
2	4	2	
2	4	2	
1	3	1	
2	4	2	
2	4	2	
2	4	2	
1	3	1	
1	3	1	
1	3	1	
1	3	1	
0	1	0	
0	1	0	
1	3	1	
3	6	2	
1	3	1	
1	3	1	
1	3	1	
1	3	1	
2	4	2	
0	1	0	
1	3	1	
0	1	0	
2	4	2	
1	3	1	
1	3	1	
2	4	2	
0	1	0	
1	3	1	

0	0	0	
1	3	1	
0	1	0	
1	3	1	
0	1	0	
2	4	2	
0	1	0	
0	1	0	
1	3	1	
1	3	1	
0	1	0	
0	1	0	
2	4	2	
0	1	0	
0	1	0	
0	1	0	
0	1	0	
3	6	2	
1	3	1	
0	1	0	
2	4	2	
2	4	2	
1	3	1	
1	3	1	
0	1	0	
0	1	0	
2	4	2	
3	6	2	
1	3	1	
0	1	0	
1	3	1	
0	1	0	
2	4	2	
0	1	0	
1	3	1	
2	4	2	
2	4	2	

]

ExternalEquipmentRentingCost: [
5538	3460	3084	4158	4804	5221	5865	2196	2054	4082	1724	5310	4712	1070	3856	4246	5671	3360	2899	5062	2049	4128	2751	5791	1042	2624	5776	2323	3633	5679	3239	4353	2968	1113	3336	1590	5455	
4865	4993	1680	2651	3533	1778	4328	3383	3078	4996	3069	4501	4636	3576	1776	1843	5194	5245	5124	2757	3651	5870	3948	1348	3945	3819	1272	1999	3757	4749	2120	1172	4839	5823	3401	4964	4964	
5665	2694	3348	5112	1885	4624	2843	2207	2003	4360	1731	2623	2294	5270	3021	4693	3422	1697	1023	3596	4670	2370	1573	5151	3942	5298	4594	4495	1364	1183	3933	1148	3512	1555	1242	1805	1434	
5168	1865	1086	1424	3048	3303	4949	4368	1706	1666	3231	4812	2282	1104	1945	5769	2173	4928	2212	2841	1006	3576	2791	5369	5048	2480	5890	4727	5556	5800	2696	3888	3372	3986	3898	5356	5905	
]

EquipmentTypeTransportationCost: [
1	

1	

1	

1	

]

TransportationTimeForEquipmentTypeBetweenProjects: [
1	

1	

1	

1	

]

TotalNumberOfInitialEquipmentTypeLocation: [
(1 1) 7 
(2 1) 4 
(3 1) 4 
(4 1) 5 
]

DepotActivities: [ 1 ]

MaximalStintCliques: [
]
