nEmployees: 90
nSkills: 4
nProjects: 1
nDays: 120
nActivities: 30
nEquipmentTypes: 4
nStints: 9
nMaxModes: 3
nStintCliques: 8

EmployeeInStintCost: [
33288 33288 33288 33288 33288 33288 33288 33288 19048 
31064 31064 31064 31064 31064 31064 31064 31064 17760 
30336 30336 30336 30336 30336 30336 30336 30336 17188 
30232 30232 30232 30232 30232 30232 30232 30232 16538 
37384 37384 37384 37384 37384 37384 37384 37384 23378 
34920 34920 34920 34920 34920 34920 34920 34920 20680 
35536 35536 35536 35536 35536 35536 35536 35536 21296 
30536 30536 30536 30536 30536 30536 30536 30536 16530 
32616 32616 32616 32616 32616 32616 32616 32616 18142 
33848 33848 33848 33848 33848 33848 33848 33848 19920 
30464 30464 30464 30464 30464 30464 30464 30464 17004 
30976 30976 30976 30976 30976 30976 30976 30976 17438 
29744 29744 29744 29744 29744 29744 29744 29744 16362 
33368 33368 33368 33368 33368 33368 33368 33368 19674 
34328 34328 34328 34328 34328 34328 34328 34328 20088 
34680 34680 34680 34680 34680 34680 34680 34680 20596 
32744 32744 32744 32744 32744 32744 32744 32744 18582 
33512 33512 33512 33512 33512 33512 33512 33512 19350 
32888 32888 32888 32888 32888 32888 32888 32888 19584 
30112 30112 30112 30112 30112 30112 30112 30112 16496 
29624 29624 29624 29624 29624 29624 29624 29624 16320 
33128 33128 33128 33128 33128 33128 33128 33128 19590 
33368 33368 33368 33368 33368 33368 33368 33368 19752 
28784 28784 28784 28784 28784 28784 28784 28784 16026 
34568 34568 34568 34568 34568 34568 34568 34568 20172 
34568 34568 34568 34568 34568 34568 34568 34568 20172 
31064 31064 31064 31064 31064 31064 31064 31064 17058 
31312 31312 31312 31312 31312 31312 31312 31312 16916 
34328 34328 34328 34328 34328 34328 34328 34328 20088 
30104 30104 30104 30104 30104 30104 30104 30104 16878 
32552 32552 32552 32552 32552 32552 32552 32552 19014 
29984 29984 29984 29984 29984 29984 29984 29984 16680 
28976 28976 28976 28976 28976 28976 28976 28976 15984 
34032 34032 34032 34032 34032 34032 34032 34032 20806 
30256 30256 30256 30256 30256 30256 30256 30256 17186 
35712 35712 35712 35712 35712 35712 35712 35712 21394 
30736 30736 30736 30736 30736 30736 30736 30736 17354 
29952 29952 29952 29952 29952 29952 29952 29952 16960 
31176 31176 31176 31176 31176 31176 31176 31176 17482 
29512 29512 29512 29512 29512 29512 29512 29512 16286 
33856 33856 33856 33856 33856 33856 33856 33856 20708 
31784 31784 31784 31784 31784 31784 31784 31784 18246 
32624 32624 32624 32624 32624 32624 32624 32624 18306 
29144 29144 29144 29144 29144 29144 29144 29144 16152 
30464 30464 30464 30464 30464 30464 30464 30464 17004 
32864 32864 32864 32864 32864 32864 32864 32864 18624 
13080 13080 13080 13080 13080 13080 13080 13080 4578 
30696 30696 30696 30696 30696 30696 30696 30696 17314 
37024 37024 37024 37024 37024 37024 37024 37024 23252 
31184 31184 31184 31184 31184 31184 31184 31184 18036 
34096 34096 34096 34096 34096 34096 34096 34096 20792 
31184 31184 31184 31184 31184 31184 31184 31184 18036 
30832 30832 30832 30832 30832 30832 30832 30832 16748 
31304 31304 31304 31304 31304 31304 31304 31304 18078 
33248 33248 33248 33248 33248 33248 33248 33248 19710 
31536 31536 31536 31536 31536 31536 31536 31536 17608 
33168 33168 33168 33168 33168 33168 33168 33168 19006 
35896 35896 35896 35896 35896 35896 35896 35896 21422 
31712 31712 31712 31712 31712 31712 31712 31712 18720 
32256 32256 32256 32256 32256 32256 32256 32256 17860 
33272 33272 33272 33272 33272 33272 33272 33272 19266 
32864 32864 32864 32864 32864 32864 32864 32864 18624 
32648 32648 32648 32648 32648 32648 32648 32648 19422 
30104 30104 30104 30104 30104 30104 30104 30104 16722 
30496 30496 30496 30496 30496 30496 30496 30496 17270 
30464 30464 30464 30464 30464 30464 30464 30464 16614 
33008 33008 33008 33008 33008 33008 33008 33008 19548 
30344 30344 30344 30344 30344 30344 30344 30344 17508 
33912 33912 33912 33912 33912 33912 33912 33912 20764 
37384 37384 37384 37384 37384 37384 37384 37384 23378 
30944 30944 30944 30944 30944 30944 30944 30944 17718 
35520 35520 35520 35520 35520 35520 35520 35520 20890 
32024 32024 32024 32024 32024 32024 32024 32024 18096 
32168 32168 32168 32168 32168 32168 32168 32168 19332 
33168 33168 33168 33168 33168 33168 33168 33168 19006 
28672 28672 28672 28672 28672 28672 28672 28672 15992 
30472 30472 30472 30472 30472 30472 30472 30472 16622 
30584 30584 30584 30584 30584 30584 30584 30584 16890 
30224 30224 30224 30224 30224 30224 30224 30224 16530 
29384 29384 29384 29384 29384 29384 29384 29384 16626 
32688 32688 32688 32688 32688 32688 32688 32688 18838 
31184 31184 31184 31184 31184 31184 31184 31184 17256 
31592 31592 31592 31592 31592 31592 31592 31592 18678 
30944 30944 30944 30944 30944 30944 30944 30944 16782 
31304 31304 31304 31304 31304 31304 31304 31304 18078 
28976 28976 28976 28976 28976 28976 28976 28976 15984 
35776 35776 35776 35776 35776 35776 35776 35776 21380 
31592 31592 31592 31592 31592 31592 31592 31592 18678 
33000 33000 33000 33000 33000 33000 33000 33000 20008 
36424 36424 36424 36424 36424 36424 36424 36424 23042 
]

ExternalWorkerWithSkillOnStintCost: [
34488 37728 29304 35856 42696 30384 30024 36432 26016 
39528 35280 35640 32184 33768 40824 43056 30384 23568 
37296 40392 34704 35712 29736 40320 29736 32040 23712 
33192 34488 30888 29592 31248 29952 32400 35568 25872 
]

OverlappingStints: [
[ 2 ]
[ 3 ]
[ 4 ]
[ 5 ]
[ 6 ]
[ 7 ]
[ 8 ]
[ 9 ]
[ ]
]

EmployeesWithSkill: [
[ 1 2 3 4 5 6 7 8 9 10 11 12 13 14 15 16 17 18 19 20 21 22 23 24 25 26 27 28 29 30 31 32 33 34 35 36 37 38 39 40 41 42 43 44 45 46 47 48 49 50 51 52 53 54 55 56 57 58 59 60 61 62 63 64 65 66 67 68 69 70 71 72 73 74 75 76 77 78 79 80 81 82 83 84 85 86 87 88 89 90 ]
[ 2 3 5 6 7 9 11 12 13 15 16 17 18 19 20 21 23 25 26 27 28 29 30 31 32 33 34 36 37 38 39 40 41 42 43 45 46 47 48 49 51 52 53 54 55 56 58 60 61 62 64 65 66 69 70 71 72 73 75 76 77 78 79 81 82 83 84 85 86 87 88 ]
[ 1 3 5 6 7 8 9 11 13 16 17 18 19 20 21 22 23 24 25 26 27 28 30 31 32 33 35 36 37 38 40 43 46 47 48 49 51 52 53 55 56 57 58 59 60 61 62 63 65 66 67 69 71 72 74 75 77 78 79 80 82 83 85 86 87 88 89 90 ]
[ 3 14 27 31 37 44 48 51 61 62 65 68 69 72 73 82 84 85 87 ]
]

SkillDemandInActivityWithMode: [
0	0	0	
16	25	11	
7	12	5	
9	15	6	
9	15	6	
14	22	10	
10	16	7	
4	7	3	
10	16	7	
4	7	3	
15	24	10	
14	22	10	
15	24	10	
14	22	10	
6	10	4	
6	10	4	
6	10	4	
12	19	8	
6	10	4	
14	22	10	
18	28	12	
10	16	7	
14	22	10	
6	10	4	
6	10	4	
15	24	10	
10	16	7	
15	24	10	
7	12	5	
10	16	7	

0	0	0	
11	18	8	
4	7	3	
6	10	4	
6	10	4	
10	16	7	
7	12	5	
3	6	2	
7	12	5	
2	4	2	
11	18	8	
10	16	7	
11	18	8	
10	16	7	
4	7	3	
4	7	3	
4	7	3	
9	15	6	
4	7	3	
10	16	7	
13	21	9	
7	12	5	
10	16	7	
4	7	3	
4	7	3	
11	18	8	
7	12	5	
11	18	8	
5	9	4	
7	12	5	

0	0	0	
11	18	8	
4	7	3	
6	10	4	
6	10	4	
10	16	7	
7	12	5	
3	6	2	
7	12	5	
2	4	2	
11	18	8	
10	16	7	
11	18	8	
10	16	7	
4	7	3	
4	7	3	
4	7	3	
9	15	6	
4	7	3	
10	16	7	
12	19	8	
7	12	5	
10	16	7	
4	7	3	
4	7	3	
11	18	8	
7	12	5	
11	18	8	
5	9	4	
7	12	5	

0	0	0	
3	6	2	
1	3	1	
1	3	1	
1	3	1	
2	4	2	
2	4	2	
0	1	0	
2	4	2	
0	1	0	
3	6	2	
2	4	2	
3	6	2	
2	4	2	
1	3	1	
1	3	1	
1	3	1	
2	4	2	
1	3	1	
2	4	2	
3	6	2	
2	4	2	
2	4	2	
1	3	1	
1	3	1	
3	6	2	
2	4	2	
3	6	2	
1	3	1	
2	4	2	

]

EmployeeAvailability: [
1 1 0 1 0 1 1 1 1 
1 1 1 1 0 1 1 0 1 
1 1 1 1 1 1 1 0 1 
1 1 1 0 1 1 1 1 1 
1 1 1 0 1 1 0 1 1 
1 1 0 0 1 1 1 1 1 
1 1 1 0 1 0 1 0 1 
1 1 1 1 1 1 1 1 1 
1 1 1 1 1 1 1 0 1 
1 1 1 1 0 0 1 1 1 
1 1 1 1 1 1 1 1 1 
1 1 1 0 1 0 1 1 1 
0 1 1 1 1 1 1 1 1 
1 1 1 1 0 0 1 1 1 
1 1 1 0 1 0 1 1 1 
1 1 1 1 1 1 1 1 1 
1 1 1 1 0 1 1 1 1 
1 1 1 1 1 0 1 1 0 
1 1 1 1 0 1 1 1 1 
1 1 1 1 1 1 1 1 1 
1 0 1 0 1 1 0 1 1 
0 1 1 1 1 1 1 1 1 
1 1 1 1 1 1 0 1 1 
1 1 1 1 1 1 1 1 1 
1 1 1 1 1 1 1 1 1 
1 1 1 1 1 1 1 0 1 
1 1 1 1 1 1 1 0 1 
1 1 1 0 1 1 1 0 1 
1 1 1 1 0 0 1 1 1 
1 1 0 1 0 1 1 1 1 
1 1 1 1 1 0 1 1 1 
1 1 1 1 1 1 1 1 1 
1 1 1 1 1 1 1 1 1 
1 1 1 1 1 1 0 1 1 
1 1 1 1 1 1 1 1 1 
1 0 0 1 1 0 1 1 1 
1 1 1 1 1 1 1 1 1 
1 1 1 1 1 0 1 1 1 
1 1 1 1 1 1 1 1 1 
1 1 1 0 1 1 1 0 1 
1 1 1 0 1 1 1 1 1 
1 1 0 1 1 1 1 0 1 
1 1 1 1 1 1 1 0 1 
0 0 1 1 1 1 1 1 1 
1 1 1 1 1 0 1 1 1 
1 1 1 1 1 0 1 1 0 
1 1 1 1 1 0 1 1 1 
1 1 0 1 1 0 1 1 1 
1 1 1 0 1 1 1 1 0 
0 1 1 1 1 1 1 0 1 
1 1 1 1 1 1 1 1 1 
1 1 1 1 1 0 0 1 0 
0 0 1 1 1 1 1 0 1 
1 1 1 1 1 1 0 0 1 
1 1 1 1 1 1 1 1 1 
1 1 0 1 1 1 1 1 1 
1 1 1 1 1 1 1 0 1 
1 1 1 1 1 1 1 1 1 
1 1 1 1 1 1 1 1 1 
1 0 1 1 1 1 1 1 1 
1 1 1 0 1 0 1 1 1 
1 1 1 1 1 1 1 1 1 
1 1 1 1 1 1 1 1 1 
0 1 1 1 1 1 1 1 1 
1 1 1 1 1 1 1 1 1 
1 1 1 1 1 1 1 1 1 
1 1 0 1 1 0 0 1 1 
1 0 1 1 1 1 0 1 1 
1 1 0 1 1 1 1 1 0 
1 0 1 1 1 1 1 1 1 
1 1 1 0 1 1 0 1 0 
1 1 1 1 0 1 1 1 1 
1 0 1 0 1 1 1 1 1 
1 1 1 1 0 1 1 1 1 
0 1 1 1 1 1 0 1 1 
0 1 0 1 1 1 1 0 1 
1 0 1 1 1 1 0 1 1 
1 0 1 1 0 1 1 1 1 
0 1 1 0 1 1 1 1 1 
1 1 1 1 1 1 1 1 1 
1 1 1 1 1 1 1 1 1 
1 1 1 1 1 1 1 1 1 
1 1 1 1 1 0 0 1 0 
0 0 1 1 1 1 1 0 1 
1 1 1 1 1 1 1 0 0 
1 1 1 0 1 1 1 1 1 
0 0 1 1 1 1 1 1 1 
1 1 1 1 1 1 1 1 1 
1 1 1 1 1 1 1 1 1 
1 1 0 1 0 1 0 1 1 
]

EmployeeWantedInStint: [ (2 3) 1 (8 2) 1 (10 1) 1 (13 9) 1 (19 9) 1 (23 5) 1 (23 7) 1 (29 5) 1 (36 1) 1 (37 2) 1 (42 7) 1 (52 7) 1 (54 2) 1 (60 3) 1 (60 7) 1 (90 1) 1 ]

EmployeeWantedViolationCost: [ (2 3) 12000 (8 2) 5000 (10 1) 15000 (13 9) 7000 (19 9) 15000 (23 5) 10000 (23 7) 14000 (29 5) 7000 (36 1) 15000 (37 2) 12000 (42 7) 6000 (52 7) 15000 (54 2) 9000 (60 3) 7000 (60 7) 15000 (90 1) 13000 ]

EmployeesThatShouldNotWorkTogetherWithEmployee: [
[ 46 69 78 ]
[ 3 24 31 38 39 43 44 61 ]
[ 40 42 79 ]
[ 12 54 61 71 76 81 ]
[ ]
[ 22 67 83 ]
[ 22 24 54 57 66 ]
[ 36 51 75 ]
[ 12 22 47 57 62 74 ]
[ 56 88 ]
[ 16 18 40 41 42 ]
[ 16 64 ]
[ 63 74 81 ]
[ ]
[ 21 24 41 61 ]
[ 59 84 87 ]
[ 19 24 43 47 50 54 ]
[ ]
[ 29 39 58 59 63 ]
[ 27 51 ]
[ 39 75 ]
[ 71 ]
[ 34 ]
[ 48 86 90 ]
[ 77 ]
[ 34 57 71 ]
[ 61 89 ]
[ 36 ]
[ 40 60 63 78 ]
[ 43 53 ]
[ 35 69 79 ]
[ 43 53 ]
[ 35 40 ]
[ 52 53 ]
[ 55 86 90 ]
[ ]
[ 88 ]
[ 44 46 56 67 86 ]
[ 46 64 81 83 ]
[ 67 ]
[ ]
[ 59 71 86 ]
[ ]
[ 48 64 ]
[ 72 ]
[ 60 89 ]
[ ]
[ ]
[ 61 69 ]
[ ]
[ 64 76 79 ]
[ 68 72 73 82 ]
[ 56 74 ]
[ 90 ]
[ 84 ]
[ 57 58 88 89 ]
[ 66 80 ]
[ 60 66 73 ]
[ ]
[ 80 82 ]
[ ]
[ ]
[ 66 ]
[ ]
[ 87 ]
[ 81 85 ]
[ 76 77 ]
[ ]
[ 84 ]
[ 79 ]
[ ]
[ 78 80 ]
[ 74 ]
[ 86 90 ]
[ 81 ]
[ 81 82 ]
[ ]
[ 81 85 ]
[ ]
[ 83 ]
[ ]
[ 86 ]
[ ]
[ 87 ]
[ 87 ]
[ 90 ]
[ ]
[ ]
[ 90 ]
[ ]
]

ShouldNotWorkTogetherCost: [ (1 46) 99 (1 69) 396 (1 78) 198 (2 3) 297 (2 24) 396 (2 31) 99 (2 38) 396 (2 39) 198 (2 43) 297 (2 44) 396 (2 61) 198 (3 40) 198 (3 42) 297 (3 79) 396 (4 12) 99 (4 54) 297 (4 61) 198 (4 71) 99 (4 76) 198 (4 81) 396 (6 22) 297 (6 67) 297 (6 83) 99 (7 22) 198 (7 24) 198 (7 54) 198 (7 57) 99 (7 66) 396 (8 36) 99 (8 51) 99 (8 75) 99 (9 12) 198 (9 22) 396 (9 47) 297 (9 57) 297 (9 62) 297 (9 74) 99 (10 56) 297 (10 88) 99 (11 16) 297 (11 18) 396 (11 40) 396 (11 41) 198 (11 42) 198 (12 16) 198 (12 64) 198 (13 63) 396 (13 74) 198 (13 81) 198 (15 21) 396 (15 24) 99 (15 41) 297 (15 61) 198 (16 59) 297 (16 84) 396 (16 87) 198 (17 19) 198 (17 24) 396 (17 43) 297 (17 47) 396 (17 50) 99 (17 54) 297 (19 29) 396 (19 39) 297 (19 58) 198 (19 59) 99 (19 63) 297 (20 27) 99 (20 51) 198 (21 39) 396 (21 75) 99 (22 71) 198 (23 34) 198 (24 48) 297 (24 86) 198 (24 90) 297 (25 77) 396 (26 34) 396 (26 57) 396 (26 71) 396 (27 61) 198 (27 89) 297 (28 36) 396 (29 40) 198 (29 60) 198 (29 63) 198 (29 78) 396 (30 43) 198 (30 53) 297 (31 35) 99 (31 69) 198 (31 79) 99 (32 43) 396 (32 53) 99 (33 35) 99 (33 40) 198 (34 52) 396 (34 53) 99 (35 55) 99 (35 86) 396 (35 90) 99 (37 88) 198 (38 44) 99 (38 46) 396 (38 56) 198 (38 67) 396 (38 86) 297 (39 46) 297 (39 64) 396 (39 81) 198 (39 83) 396 (40 67) 396 (42 59) 396 (42 71) 198 (42 86) 198 (44 48) 297 (44 64) 99 (45 72) 198 (46 60) 297 (46 89) 297 (49 61) 198 (49 69) 99 (51 64) 396 (51 76) 198 (51 79) 297 (52 68) 396 (52 72) 396 (52 73) 297 (52 82) 396 (53 56) 99 (53 74) 297 (54 90) 297 (55 84) 396 (56 57) 297 (56 58) 297 (56 88) 198 (56 89) 297 (57 66) 99 (57 80) 297 (58 60) 396 (58 66) 297 (58 73) 198 (60 80) 297 (60 82) 198 (63 66) 198 (65 87) 198 (66 81) 297 (66 85) 297 (67 76) 297 (67 77) 99 (69 84) 99 (70 79) 99 (72 78) 99 (72 80) 198 (73 74) 99 (74 86) 99 (74 90) 297 (75 81) 297 (76 81) 297 (76 82) 396 (78 81) 99 (78 85) 99 (80 83) 297 (82 86) 198 (84 87) 99 (85 87) 99 (86 90) 99 (89 90) 198 ]

ImmediatePredecessorsToActivity: [
[ ]
[ 1 ]
[ 1 ]
[ 3 ]
[ 2 ]
[ 1 ]
[ 2 4 6 ]
[ 2 ]
[ 1 ]
[ 4 ]
[ 7 8 ]
[ 7 8 ]
[ 7 8 ]
[ 2 9 ]
[ 3 ]
[ 1 ]
[ 6 14 ]
[ 11 12 16 17 ]
[ 16 ]
[ 11 13 14 16 ]
[ 13 14 18 ]
[ 4 11 13 16 17 ]
[ 6 13 15 ]
[ 4 9 19 ]
[ 3 9 17 19 ]
[ 4 6 9 ]
[ 13 26 ]
[ 11 23 24 ]
[ 4 19 ]
[ 5 13 15 16 17 26 ]
]

ActivitiesInProject: [
[ 1 2 3 4 5 6 7 8 9 10 11 12 13 14 15 16 17 18 19 20 21 22 23 24 25 26 27 28 29 30 ]
]

nActivityModes: [ 3 3 3 3 3 3 3 3 3 3 3 3 3 3 3 3 3 3 3 3 3 3 3 3 3 3 3 3 3 3 ]

ActivityDurationWithMode: [
1	1	1	
8	6	11	
20	14	27	
14	10	19	
14	10	19	
9	6	12	
12	8	16	
30	20	40	
12	8	16	
36	24	48	
8	6	11	
9	6	12	
8	6	11	
9	6	12	
20	14	27	
22	15	30	
22	15	30	
10	7	14	
21	14	28	
9	6	12	
7	5	10	
12	8	16	
9	6	12	
21	14	28	
21	14	28	
8	6	11	
12	8	16	
8	6	11	
18	12	24	
12	8	16	
]

StintsInProject: [
[ 1 2 3 4 5 6 7 8 9 ]
]

WorkingStintsOnDay: [
[ 1 ]
[ 1 ]
[ 1 ]
[ 1 ]
[ 1 ]
[ 1 ]
[ 1 ]
[ 1 ]
[ 1 ]
[ 1 ]
[ 1 ]
[ 1 ]
[ ]
[ ]
[ 2 ]
[ 2 ]
[ 2 ]
[ 2 ]
[ 2 ]
[ 2 ]
[ 2 ]
[ 2 ]
[ 2 ]
[ 2 ]
[ 2 ]
[ 2 ]
[ ]
[ ]
[ 3 ]
[ 3 ]
[ 3 ]
[ 3 ]
[ 3 ]
[ 3 ]
[ 3 ]
[ 3 ]
[ 3 ]
[ 3 ]
[ 3 ]
[ 3 ]
[ ]
[ ]
[ 4 ]
[ 4 ]
[ 4 ]
[ 4 ]
[ 4 ]
[ 4 ]
[ 4 ]
[ 4 ]
[ 4 ]
[ 4 ]
[ 4 ]
[ 4 ]
[ ]
[ ]
[ 5 ]
[ 5 ]
[ 5 ]
[ 5 ]
[ 5 ]
[ 5 ]
[ 5 ]
[ 5 ]
[ 5 ]
[ 5 ]
[ 5 ]
[ 5 ]
[ ]
[ ]
[ 6 ]
[ 6 ]
[ 6 ]
[ 6 ]
[ 6 ]
[ 6 ]
[ 6 ]
[ 6 ]
[ 6 ]
[ 6 ]
[ 6 ]
[ 6 ]
[ ]
[ ]
[ 7 ]
[ 7 ]
[ 7 ]
[ 7 ]
[ 7 ]
[ 7 ]
[ 7 ]
[ 7 ]
[ 7 ]
[ 7 ]
[ 7 ]
[ 7 ]
[ ]
[ ]
[ 8 ]
[ 8 ]
[ 8 ]
[ 8 ]
[ 8 ]
[ 8 ]
[ 8 ]
[ 8 ]
[ 8 ]
[ 8 ]
[ 8 ]
[ 8 ]
[ ]
[ ]
[ 9 ]
[ 9 ]
[ 9 ]
[ 9 ]
[ 9 ]
[ 9 ]
[ 9 ]
[ 9 ]
]

ProjectStart: [ 25 ]

ProjectEnd: [ 110 ]

EarliestStartDayForActivity: [ 1 25 25 49 35 25 65 35 25 65 79 79 79 39 49 25 50 90 51 89 102 89 89 76 76 65 89 101 76 89 ]

LatestStartDayForActivity: [ 1 110 110 110 110 110 110 110 110 110 110 110 110 110 110 110 110 110 110 110 110 110 110 110 110 110 110 110 110 110 ]

EquipmentTypeDemandInActivityWithMode: [
0	0	0	
0	1	0	
2	4	2	
0	1	0	
1	3	1	
1	3	1	
2	4	2	
1	3	1	
0	1	0	
0	1	0	
3	6	2	
1	3	1	
1	3	1	
0	1	0	
2	4	2	
2	4	2	
1	3	1	
1	3	1	
0	1	0	
2	4	2	
2	4	2	
1	3	1	
2	4	2	
1	3	1	
1	3	1	
2	4	2	
2	4	2	
0	1	0	
1	3	1	
2	4	2	

0	0	0	
0	1	0	
1	3	1	
2	4	2	
2	4	2	
2	4	2	
0	1	0	
1	3	1	
1	3	1	
1	3	1	
2	4	2	
2	4	2	
0	1	0	
1	3	1	
2	4	2	
1	3	1	
3	6	2	
2	4	2	
2	4	2	
1	3	1	
2	4	2	
1	3	1	
1	3	1	
1	3	1	
3	6	2	
1	3	1	
0	1	0	
0	1	0	
1	3	1	
1	3	1	

0	0	0	
0	1	0	
1	3	1	
0	1	0	
0	1	0	
0	1	0	
1	3	1	
1	3	1	
0	1	0	
1	3	1	
2	4	2	
1	3	1	
2	4	2	
2	4	2	
1	3	1	
3	6	2	
1	3	1	
2	4	2	
1	3	1	
0	1	0	
2	4	2	
2	4	2	
1	3	1	
0	1	0	
1	3	1	
1	3	1	
1	3	1	
2	4	2	
0	1	0	
2	4	2	

0	0	0	
3	6	2	
2	4	2	
3	6	2	
0	1	0	
1	3	1	
2	4	2	
1	3	1	
1	3	1	
2	4	2	
2	4	2	
2	4	2	
0	1	0	
1	3	1	
3	6	2	
1	3	1	
0	1	0	
2	4	2	
2	4	2	
0	1	0	
1	3	1	
0	1	0	
3	6	2	
4	7	3	
1	3	1	
3	6	2	
1	3	1	
1	3	1	
0	1	0	
0	1	0	

]

ExternalEquipmentRentingCost: [
5461	4569	4041	3955	1516	3014	1988	5306	4542	2895	1178	3802	3144	4202	4092	4225	1388	4972	5282	5960	1934	5187	1293	5914	2847	5354	3729	1834	1190	3235	
4559	2889	3428	1793	3888	1769	5656	1610	2450	5631	1127	2672	3543	3011	3733	1778	3956	2844	5523	2994	2041	3647	5547	5356	2870	5849	4886	1193	2987	4167	
1847	1109	4051	2971	3790	4937	5678	3776	3679	3442	3872	2487	2946	1402	5395	2633	2237	1248	5163	2956	1068	3216	5666	5821	5918	5922	4022	4123	2927	2722	
5434	1301	5953	4150	4504	5096	2099	5772	4293	5472	2197	1997	1993	1372	2070	4151	2059	1130	4905	5085	5074	2339	5742	2865	3507	2461	5236	2365	5811	3650	
]

EquipmentTypeTransportationCost: [
1	

1	

1	

1	

]

TransportationTimeForEquipmentTypeBetweenProjects: [
1	

1	

1	

1	

]

TotalNumberOfInitialEquipmentTypeLocation: [
(1 1) 5 
(2 1) 3 
(3 1) 5 
(4 1) 7 
]

DepotActivities: [ 1 ]

MaximalStintCliques: [
[ 2 1 ]
[ 2 3 ]
[ 4 3 ]
[ 4 5 ]
[ 5 6 ]
[ 6 7 ]
[ 7 8 ]
[ 8 9 ]
]
