nEmployees: 90
nSkills: 4
nProjects: 1
nDays: 150
nActivities: 46
nEquipmentTypes: 3
nStints: 11
nMaxModes: 1
nStintCliques: 10

EmployeeInStintCost: [
45040 45040 45040 45040 45040 45040 45040 45040 45040 42520 29696 
37516 37516 37516 37516 37516 37516 37516 37516 37516 34852 21524 
23870 23870 23870 23870 23870 23870 23870 23870 23870 21110 11450 
37616 37616 37616 37616 37616 37616 37616 37616 37616 35000 21840 
38612 38612 38612 38612 38612 38612 38612 38612 38612 35756 21756 
44716 44716 44716 44716 44716 44716 44716 44716 44716 42244 29588 
37260 37260 37260 37260 37260 37260 37260 37260 37260 34692 21700 
41176 41176 41176 41176 41176 41176 41176 41176 41176 38752 26264 
17496 17496 17496 17496 17496 17496 17496 17496 17496 14904 5832 
32310 32310 32310 32310 32310 32310 32310 32310 32310 29910 17506 
34740 34740 34740 34740 34740 34740 34740 34740 34740 31980 18316 
45688 45688 45688 45688 45688 45688 45688 45688 45688 43072 29912 
36508 36508 36508 36508 36508 36508 36508 36508 36508 33940 20948 
35064 35064 35064 35064 35064 35064 35064 35064 35064 32256 18424 
32384 32384 32384 32384 32384 32384 32384 32384 32384 30056 17904 
35860 35860 35860 35860 35860 35860 35860 35860 35860 33388 20732 
19556 19556 19556 19556 19556 19556 19556 19556 19556 17204 8972 
37422 37422 37422 37422 37422 37422 37422 37422 37422 34830 21754 
42472 42472 42472 42472 42472 42472 42472 42472 42472 39856 26696 
34918 34918 34918 34918 34918 34918 34918 34918 34918 32518 20114 
34562 34562 34562 34562 34562 34562 34562 34562 34562 32306 20406 
19952 19952 19952 19952 19952 19952 19952 19952 19952 17168 7424 
35058 35058 35058 35058 35058 35058 35058 35058 35058 32226 18310 
43258 43258 43258 43258 43258 43258 43258 43258 43258 41002 29102 
36668 36668 36668 36668 36668 36668 36668 36668 36668 34100 21108 
36538 36538 36538 36538 36538 36538 36538 36538 36538 33898 20654 
19790 19790 19790 19790 19790 19790 19790 19790 19790 17030 7370 
33408 33408 33408 33408 33408 33408 33408 33408 33408 30792 17632 
34004 34004 34004 34004 34004 34004 34004 34004 34004 31436 18444 
38070 38070 38070 38070 38070 38070 38070 38070 38070 35382 21970 
19790 19790 19790 19790 19790 19790 19790 19790 19790 17030 7370 
38612 38612 38612 38612 38612 38612 38612 38612 38612 35756 21756 
34578 34578 34578 34578 34578 34578 34578 34578 34578 31842 18262 
34734 34734 34734 34734 34734 34734 34734 34734 34734 31950 18202 
32760 32760 32760 32760 32760 32760 32760 32760 32760 30240 17416 
33892 33892 33892 33892 33892 33892 33892 33892 33892 31132 17468 
33680 33680 33680 33680 33680 33680 33680 33680 33680 31160 18336 
35860 35860 35860 35860 35860 35860 35860 35860 35860 33388 20732 
39204 39204 39204 39204 39204 39204 39204 39204 39204 36348 22348 
34918 34918 34918 34918 34918 34918 34918 34918 34918 32518 20114 
45526 45526 45526 45526 45526 45526 45526 45526 45526 42934 29858 
37024 37024 37024 37024 37024 37024 37024 37024 37024 34312 20816 
18468 18468 18468 18468 18468 18468 18468 18468 18468 15732 6156 
16848 16848 16848 16848 16848 16848 16848 16848 16848 14352 5616 
34092 34092 34092 34092 34092 34092 34092 34092 34092 31428 18100 
37314 37314 37314 37314 37314 37314 37314 37314 37314 34866 22294 
34432 34432 34432 34432 34432 34432 34432 34432 34432 32104 19952 
43606 43606 43606 43606 43606 43606 43606 43606 43606 40822 27074 
34380 34380 34380 34380 34380 34380 34380 34380 34380 31620 17956 
34918 34918 34918 34918 34918 34918 34918 34918 34918 32518 20114 
36288 36288 36288 36288 36288 36288 36288 36288 36288 33864 21376 
31494 31494 31494 31494 31494 31494 31494 31494 31494 29190 17122 
20366 20366 20366 20366 20366 20366 20366 20366 20366 17894 9242 
22574 22574 22574 22574 22574 22574 22574 22574 22574 20006 11018 
41500 41500 41500 41500 41500 41500 41500 41500 41500 39028 26372 
19790 19790 19790 19790 19790 19790 19790 19790 19790 17030 7370 
17360 17360 17360 17360 17360 17360 17360 17360 17360 14960 6560 
33282 33282 33282 33282 33282 33282 33282 33282 33282 30738 17830 
45056 45056 45056 45056 45056 45056 45056 45056 45056 42248 28416 
41324 41324 41324 41324 41324 41324 41324 41324 41324 38660 25332 
35698 35698 35698 35698 35698 35698 35698 35698 35698 33250 20678 
33732 33732 33732 33732 33732 33732 33732 33732 33732 31068 17740 
34254 34254 34254 34254 34254 34254 34254 34254 34254 31566 18154 
31980 31980 31980 31980 31980 31980 31980 31980 31980 29604 17284 
38232 38232 38232 38232 38232 38232 38232 38232 38232 35520 22024 
37516 37516 37516 37516 37516 37516 37516 37516 37516 34852 21524 
36700 36700 36700 36700 36700 36700 36700 36700 36700 34036 20708 
45526 45526 45526 45526 45526 45526 45526 45526 45526 42934 29858 
37354 37354 37354 37354 37354 37354 37354 37354 37354 34714 21470 
46336 46336 46336 46336 46336 46336 46336 46336 46336 43624 30128 
37292 37292 37292 37292 37292 37292 37292 37292 37292 34724 21732 
44570 44570 44570 44570 44570 44570 44570 44570 44570 41834 28254 
34328 34328 34328 34328 34328 34328 34328 34328 34328 31712 18552 
17820 17820 17820 17820 17820 17820 17820 17820 17820 15180 5940 
36868 36868 36868 36868 36868 36868 36868 36868 36868 34300 21308 
35890 35890 35890 35890 35890 35890 35890 35890 35890 33346 20438 
32142 32142 32142 32142 32142 32142 32142 32142 32142 29742 17338 
18306 18306 18306 18306 18306 18306 18306 18306 18306 15594 6102 
21014 21014 21014 21014 21014 21014 21014 21014 21014 18446 9458 
35566 35566 35566 35566 35566 35566 35566 35566 35566 33070 20330 
42464 42464 42464 42464 42464 42464 42464 42464 42464 40040 27552 
36450 36450 36450 36450 36450 36450 36450 36450 36450 34002 21430 
35964 35964 35964 35964 35964 35964 35964 35964 35964 33588 21268 
33408 33408 33408 33408 33408 33408 33408 33408 33408 30792 17632 
41486 41486 41486 41486 41486 41486 41486 41486 41486 38798 25386 
34896 34896 34896 34896 34896 34896 34896 34896 34896 32088 18256 
37186 37186 37186 37186 37186 37186 37186 37186 37186 34450 20870 
32110 32110 32110 32110 32110 32110 32110 32110 32110 29614 16874 
32870 32870 32870 32870 32870 32870 32870 32870 32870 30470 18066 
17982 17982 17982 17982 17982 17982 17982 17982 17982 15318 5994 
]

ExternalWorkerWithSkillOnStintCost: [
39144 45780 40152 48720 46284 44520 34608 46536 49728 49812 32220 
38388 49896 43932 38976 44604 37800 40152 40992 38808 42672 26160 
43764 38976 37128 38640 43932 37464 47796 44016 35532 48972 24840 
45780 42168 49644 35784 38052 33600 46620 49728 35280 38388 27840 
]

OverlappingStints: [
[ 2 ]
[ 3 ]
[ 4 ]
[ 5 ]
[ 6 ]
[ 7 ]
[ 8 ]
[ 9 ]
[ 10 ]
[ 11 ]
[ ]
]

EmployeesWithSkill: [
[ 1 2 3 4 5 6 7 8 9 10 11 12 13 14 15 16 17 18 19 20 21 22 23 24 25 26 27 28 29 30 31 32 33 34 35 36 37 38 39 40 41 42 43 44 45 46 47 48 49 50 51 52 53 54 55 56 57 58 59 60 61 62 63 64 65 66 67 68 69 70 71 72 73 74 75 76 77 78 79 80 81 82 83 84 85 86 87 88 89 90 ]
[ 1 2 3 5 6 7 8 11 12 14 15 16 17 18 19 22 23 25 27 28 29 30 31 32 33 35 36 37 38 39 40 42 43 44 45 48 50 51 53 54 56 58 59 62 64 65 66 67 68 69 70 71 72 73 74 76 77 78 79 81 82 83 84 86 87 88 ]
[ 2 4 5 8 11 13 14 16 20 29 30 31 32 33 34 35 37 38 39 40 45 49 59 61 62 63 65 66 68 69 72 75 76 77 78 81 83 84 86 88 90 ]
[ 12 13 23 25 36 38 80 90 ]
]

SkillDemandInActivityWithMode: [
0	
2	
2	
2	
9	
7	
8	
8	
7	
4	
1	
6	
6	
7	
7	
7	
3	
3	
8	
5	
3	
4	
6	
3	
9	
7	
2	
3	
9	
4	
3	
6	
5	
4	
2	
3	
5	
8	
5	
9	
4	
3	
8	
7	
4	
8	

0	
1	
1	
0	
6	
4	
5	
5	
4	
2	
0	
4	
3	
4	
4	
4	
1	
1	
5	
3	
1	
2	
4	
1	
6	
4	
1	
1	
6	
2	
1	
3	
3	
2	
1	
2	
3	
5	
3	
6	
2	
1	
5	
4	
2	
5	

0	
0	
0	
0	
3	
3	
3	
3	
2	
1	
0	
2	
2	
2	
3	
2	
0	
0	
3	
2	
1	
1	
2	
1	
3	
2	
0	
0	
3	
1	
1	
2	
1	
1	
0	
1	
2	
3	
1	
3	
1	
1	
3	
3	
1	
3	

0	
0	
0	
0	
0	
0	
0	
0	
0	
0	
0	
0	
0	
0	
0	
0	
0	
0	
0	
0	
0	
0	
0	
0	
0	
0	
0	
0	
0	
0	
0	
0	
0	
0	
0	
0	
0	
0	
0	
0	
0	
0	
0	
0	
0	
0	

]

EmployeeAvailability: [
1 1 1 1 1 1 1 1 1 0 1 
1 1 1 1 1 1 0 0 1 1 0 
1 1 0 1 1 1 0 0 1 1 1 
1 1 1 1 1 1 1 1 1 1 1 
1 1 1 1 0 1 0 0 1 1 1 
1 1 1 1 1 0 0 1 0 1 1 
0 1 1 1 1 1 1 1 1 1 1 
1 1 1 1 1 0 1 1 0 1 1 
0 1 1 1 1 1 1 1 1 1 1 
0 1 1 0 1 1 1 1 1 1 1 
0 1 1 1 1 1 0 1 1 1 1 
1 0 1 1 0 1 1 1 1 1 0 
1 1 1 1 1 1 1 1 0 1 1 
1 1 1 1 0 1 1 0 1 0 1 
1 1 1 1 1 1 1 1 0 1 1 
1 1 1 1 1 1 1 1 1 1 1 
0 1 1 1 1 1 1 0 1 1 1 
1 1 1 1 1 0 1 1 1 1 1 
1 1 1 1 1 1 1 1 1 1 1 
1 1 1 1 1 1 1 1 1 1 1 
1 1 1 1 1 1 1 1 1 1 1 
0 0 1 1 1 1 1 1 1 1 1 
1 1 1 1 1 1 1 1 0 1 1 
1 0 1 1 1 1 1 0 1 1 1 
1 1 1 0 0 1 1 1 1 1 1 
1 1 0 1 1 0 0 1 1 1 1 
1 1 1 0 1 1 1 1 1 1 1 
1 0 0 1 1 1 1 1 1 1 1 
1 1 1 0 1 1 1 1 1 1 1 
1 1 1 1 1 0 1 1 1 1 1 
1 1 1 1 1 0 1 1 0 1 1 
0 1 1 1 0 1 1 1 1 1 1 
1 1 1 1 1 1 1 1 1 1 1 
1 1 1 1 1 1 1 1 1 1 1 
1 1 1 1 1 0 1 1 1 1 1 
1 1 1 1 1 1 1 1 0 1 1 
1 1 1 1 1 1 1 1 1 1 1 
1 1 1 1 1 1 1 1 1 1 1 
1 1 1 1 1 1 1 1 1 1 1 
1 1 1 1 1 1 1 1 0 0 1 
1 1 1 1 1 1 1 1 1 1 1 
0 1 1 1 1 1 1 1 1 1 1 
1 1 1 1 1 1 1 0 1 1 1 
1 1 0 0 1 1 1 1 1 0 1 
1 1 1 1 1 1 1 0 1 1 1 
1 1 1 0 1 1 1 0 1 1 1 
1 1 0 1 1 1 1 0 1 1 1 
1 1 0 1 1 1 1 1 0 1 1 
1 1 1 1 1 1 1 1 1 1 1 
1 1 1 1 1 1 1 1 1 1 1 
1 1 1 1 1 1 1 1 1 1 1 
1 1 1 1 1 1 1 1 1 1 1 
1 1 1 1 1 1 1 1 1 1 1 
1 1 1 1 1 1 1 1 1 1 1 
1 1 1 1 1 1 1 0 0 1 1 
1 1 1 1 1 0 1 1 0 1 1 
0 1 1 1 1 1 1 1 1 0 1 
1 1 1 1 1 1 0 1 0 0 1 
1 1 1 1 0 1 1 1 1 1 0 
1 1 0 1 1 1 1 1 0 1 1 
1 1 1 1 1 1 1 0 1 1 1 
1 1 1 1 1 1 0 1 1 1 1 
0 1 1 1 1 1 1 1 1 1 1 
1 1 1 1 1 0 1 1 1 0 0 
1 0 0 1 0 1 1 1 1 1 1 
1 1 0 1 1 1 1 1 1 0 1 
1 1 1 1 1 1 1 1 1 0 1 
1 1 1 1 1 1 1 1 1 1 1 
1 0 1 1 1 1 1 1 1 1 1 
1 1 1 1 1 0 1 1 1 0 1 
1 1 1 0 1 0 1 1 1 1 1 
1 1 1 1 0 1 1 1 0 1 1 
1 1 1 1 1 1 1 1 1 1 1 
1 1 1 1 1 0 1 1 0 1 1 
0 0 1 1 1 1 1 0 1 1 1 
1 0 1 1 1 0 0 1 1 1 1 
1 0 1 1 1 0 1 1 0 1 1 
1 1 1 1 1 1 1 1 1 1 1 
0 1 1 1 1 0 0 1 1 1 1 
1 1 1 1 1 1 1 1 1 1 1 
1 1 1 0 1 1 1 1 1 1 1 
1 1 1 1 1 1 1 1 1 1 1 
1 1 1 1 1 1 1 1 1 1 1 
0 1 1 1 1 0 1 1 1 1 0 
0 1 1 1 0 1 0 1 1 1 1 
1 0 1 1 1 1 1 1 1 1 1 
1 1 1 1 1 1 1 1 0 1 1 
1 1 1 1 1 1 1 1 0 1 1 
1 1 1 1 0 1 1 1 1 0 0 
1 1 1 1 1 1 1 1 1 0 0 
]

EmployeeWantedInStint: [ (3 1) 1 (5 10) 1 (13 8) 1 (14 9) 1 (21 5) 1 (25 7) 1 (27 9) 1 (28 1) 1 (41 2) 1 (51 4) 1 (51 5) 1 (53 9) 1 (55 4) 1 (58 1) 1 (67 2) 1 (68 1) 1 (68 10) 1 (72 3) 1 (74 3) 1 (75 4) 1 (79 8) 1 (87 6) 1 (89 2) 1 ]

EmployeeWantedViolationCost: [ (3 1) 7000 (5 10) 12000 (13 8) 7000 (14 9) 8000 (21 5) 5000 (25 7) 8000 (27 9) 11000 (28 1) 10000 (41 2) 13000 (51 4) 7000 (51 5) 13000 (53 9) 10000 (55 4) 6000 (58 1) 9000 (67 2) 8000 (68 1) 8000 (68 10) 12000 (72 3) 7000 (74 3) 13000 (75 4) 9000 (79 8) 13000 (87 6) 13000 (89 2) 13000 ]

EmployeesThatShouldNotWorkTogetherWithEmployee: [
[ 4 8 18 24 25 30 ]
[ 9 19 23 25 85 ]
[ 25 41 46 52 ]
[ 14 29 46 57 85 ]
[ 14 47 48 78 90 ]
[ 25 36 ]
[ 9 31 33 49 50 75 77 ]
[ 9 19 24 53 58 69 82 ]
[ 15 26 45 ]
[ 49 62 77 ]
[ 30 44 56 64 65 ]
[ 65 73 79 89 ]
[ 41 ]
[ ]
[ 19 20 27 46 56 ]
[ 29 48 68 ]
[ 41 61 82 ]
[ 76 78 86 ]
[ 45 ]
[ 21 25 27 35 62 63 66 71 87 ]
[ 25 41 46 ]
[ ]
[ ]
[ ]
[ 32 41 57 65 73 79 89 ]
[ 37 43 47 89 ]
[ 37 52 76 83 ]
[ ]
[ 31 52 60 85 ]
[ 42 ]
[ 39 41 ]
[ ]
[ 65 66 73 ]
[ ]
[ 76 78 ]
[ 56 68 ]
[ 58 70 ]
[ 50 57 65 83 ]
[ 63 67 ]
[ 53 57 61 70 83 85 ]
[ 42 45 46 71 79 82 ]
[ 47 70 ]
[ 89 ]
[ 55 58 68 75 ]
[ 59 82 ]
[ 48 56 67 79 ]
[ 89 ]
[ ]
[ 88 ]
[ 58 ]
[ 86 90 ]
[ 87 ]
[ 59 61 65 83 89 ]
[ 70 72 88 ]
[ 63 78 79 ]
[ 61 ]
[ 58 ]
[ 67 ]
[ 76 ]
[ 64 80 ]
[ 70 ]
[ ]
[ 82 85 86 ]
[ 66 ]
[ 77 ]
[ ]
[ ]
[ ]
[ 87 ]
[ 72 73 ]
[ 81 ]
[ 88 ]
[ 83 ]
[ ]
[ ]
[ 86 88 ]
[ ]
[ ]
[ 86 ]
[ ]
[ 82 ]
[ ]
[ ]
[ ]
[ ]
[ ]
[ 90 ]
[ ]
[ ]
[ ]
]

ShouldNotWorkTogetherCost: [ (1 4) 396 (1 8) 297 (1 18) 396 (1 24) 198 (1 25) 99 (1 30) 297 (2 9) 198 (2 19) 297 (2 23) 99 (2 25) 396 (2 85) 198 (3 25) 297 (3 41) 99 (3 46) 198 (3 52) 99 (4 14) 396 (4 29) 396 (4 46) 396 (4 57) 99 (4 85) 99 (5 14) 297 (5 47) 297 (5 48) 297 (5 78) 297 (5 90) 99 (6 25) 99 (6 36) 396 (7 9) 297 (7 31) 396 (7 33) 396 (7 49) 198 (7 50) 396 (7 75) 99 (7 77) 99 (8 9) 396 (8 19) 297 (8 24) 198 (8 53) 297 (8 58) 396 (8 69) 99 (8 82) 99 (9 15) 198 (9 26) 396 (9 45) 99 (10 49) 99 (10 62) 297 (10 77) 99 (11 30) 297 (11 44) 198 (11 56) 198 (11 64) 99 (11 65) 396 (12 65) 99 (12 73) 297 (12 79) 198 (12 89) 198 (13 41) 99 (15 19) 396 (15 20) 297 (15 27) 198 (15 46) 297 (15 56) 297 (16 29) 297 (16 48) 297 (16 68) 396 (17 41) 198 (17 61) 297 (17 82) 297 (18 76) 198 (18 78) 297 (18 86) 99 (19 45) 99 (20 21) 297 (20 25) 396 (20 27) 198 (20 35) 396 (20 62) 297 (20 63) 198 (20 66) 396 (20 71) 198 (20 87) 198 (21 25) 396 (21 41) 396 (21 46) 99 (25 32) 297 (25 41) 396 (25 57) 198 (25 65) 396 (25 73) 99 (25 79) 297 (25 89) 198 (26 37) 99 (26 43) 297 (26 47) 297 (26 89) 99 (27 37) 198 (27 52) 297 (27 76) 99 (27 83) 297 (29 31) 198 (29 52) 198 (29 60) 198 (29 85) 198 (30 42) 396 (31 39) 99 (31 41) 99 (33 65) 198 (33 66) 297 (33 73) 297 (35 76) 396 (35 78) 297 (36 56) 198 (36 68) 198 (37 58) 99 (37 70) 297 (38 50) 297 (38 57) 396 (38 65) 198 (38 83) 396 (39 63) 99 (39 67) 297 (40 53) 297 (40 57) 99 (40 61) 198 (40 70) 297 (40 83) 198 (40 85) 198 (41 42) 396 (41 45) 198 (41 46) 297 (41 71) 198 (41 79) 99 (41 82) 99 (42 47) 198 (42 70) 396 (43 89) 396 (44 55) 99 (44 58) 297 (44 68) 198 (44 75) 198 (45 59) 198 (45 82) 99 (46 48) 198 (46 56) 297 (46 67) 297 (46 79) 198 (47 89) 99 (49 88) 99 (50 58) 198 (51 86) 99 (51 90) 396 (52 87) 396 (53 59) 297 (53 61) 99 (53 65) 396 (53 83) 99 (53 89) 396 (54 70) 198 (54 72) 198 (54 88) 99 (55 63) 99 (55 78) 297 (55 79) 297 (56 61) 198 (57 58) 99 (58 67) 198 (59 76) 297 (60 64) 99 (60 80) 198 (61 70) 198 (63 82) 198 (63 85) 396 (63 86) 297 (64 66) 396 (65 77) 396 (69 87) 198 (70 72) 198 (70 73) 198 (71 81) 99 (72 88) 198 (73 83) 99 (76 86) 99 (76 88) 99 (79 86) 396 (81 82) 99 (87 90) 198 ]

ImmediatePredecessorsToActivity: [
[ ]
[ 1 ]
[ 1 ]
[ 1 ]
[ 1 ]
[ 1 ]
[ 1 ]
[ 4 7 ]
[ 3 5 6 8 ]
[ 2 3 ]
[ 1 ]
[ 7 ]
[ 2 4 ]
[ 11 ]
[ 8 ]
[ 4 5 6 7 11 ]
[ 3 7 ]
[ 6 ]
[ 6 12 ]
[ 2 ]
[ 5 12 ]
[ 18 19 ]
[ 21 ]
[ 18 ]
[ 4 21 24 ]
[ 4 10 18 20 ]
[ 3 5 19 ]
[ 7 18 19 ]
[ 19 ]
[ 1 ]
[ 6 7 21 30 ]
[ 21 22 29 ]
[ 2 7 21 30 ]
[ 12 33 ]
[ 30 ]
[ 2 3 19 21 35 ]
[ 4 5 12 18 20 33 ]
[ 6 7 23 24 29 ]
[ 19 35 ]
[ 3 5 18 20 23 39 ]
[ 4 23 30 ]
[ 5 29 30 ]
[ 8 10 35 42 ]
[ 22 23 33 ]
[ 2 18 29 ]
[ 3 6 8 21 29 35 ]
]

ActivitiesInProject: [
[ 1 2 3 4 5 6 7 8 9 10 11 12 13 14 15 16 17 18 19 20 21 22 23 24 25 26 27 28 29 30 31 32 33 34 35 36 37 38 39 40 41 42 43 44 45 46 ]
]

nActivityModes: [ 1 1 1 1 1 1 1 1 1 1 1 1 1 1 1 1 1 1 1 1 1 1 1 1 1 1 1 1 1 1 1 1 1 1 1 1 1 1 1 1 1 1 1 1 1 1 ]

ActivityDurationWithMode: [
1	
73	
66	
101	
13	
16	
14	
14	
18	
30	
115	
19	
20	
18	
16	
17	
52	
54	
14	
23	
45	
34	
19	
43	
13	
17	
66	
50	
13	
29	
48	
21	
25	
28	
65	
39	
22	
15	
26	
13	
31	
48	
15	
16	
35	
14	
]

StintsInProject: [
[ 1 2 3 4 5 6 7 8 9 10 11 ]
]

WorkingStintsOnDay: [
[ 1 ]
[ 1 ]
[ 1 ]
[ 1 ]
[ 1 ]
[ 1 ]
[ 1 ]
[ 1 ]
[ 1 ]
[ 1 ]
[ 1 ]
[ 1 ]
[ 1 ]
[ 1 ]
[ 2 ]
[ 2 ]
[ 2 ]
[ 2 ]
[ 2 ]
[ 2 ]
[ 2 ]
[ 2 ]
[ 2 ]
[ 2 ]
[ 2 ]
[ 2 ]
[ 2 ]
[ 2 ]
[ 3 ]
[ 3 ]
[ 3 ]
[ 3 ]
[ 3 ]
[ 3 ]
[ 3 ]
[ 3 ]
[ 3 ]
[ 3 ]
[ 3 ]
[ 3 ]
[ 3 ]
[ 3 ]
[ 4 ]
[ 4 ]
[ 4 ]
[ 4 ]
[ 4 ]
[ 4 ]
[ 4 ]
[ 4 ]
[ 4 ]
[ 4 ]
[ 4 ]
[ 4 ]
[ 4 ]
[ 4 ]
[ 5 ]
[ 5 ]
[ 5 ]
[ 5 ]
[ 5 ]
[ 5 ]
[ 5 ]
[ 5 ]
[ 5 ]
[ 5 ]
[ 5 ]
[ 5 ]
[ 5 ]
[ 5 ]
[ 6 ]
[ 6 ]
[ 6 ]
[ 6 ]
[ 6 ]
[ 6 ]
[ 6 ]
[ 6 ]
[ 6 ]
[ 6 ]
[ 6 ]
[ 6 ]
[ 6 ]
[ 6 ]
[ 7 ]
[ 7 ]
[ 7 ]
[ 7 ]
[ 7 ]
[ 7 ]
[ 7 ]
[ 7 ]
[ 7 ]
[ 7 ]
[ 7 ]
[ 7 ]
[ 7 ]
[ 7 ]
[ 8 ]
[ 8 ]
[ 8 ]
[ 8 ]
[ 8 ]
[ 8 ]
[ 8 ]
[ 8 ]
[ 8 ]
[ 8 ]
[ 8 ]
[ 8 ]
[ 8 ]
[ 8 ]
[ 9 ]
[ 9 ]
[ 9 ]
[ 9 ]
[ 9 ]
[ 9 ]
[ 9 ]
[ 9 ]
[ 9 ]
[ 9 ]
[ 9 ]
[ 9 ]
[ 9 ]
[ 9 ]
[ 10 ]
[ 10 ]
[ 10 ]
[ 10 ]
[ 10 ]
[ 10 ]
[ 10 ]
[ 10 ]
[ 10 ]
[ 10 ]
[ 10 ]
[ 10 ]
[ 10 ]
[ 10 ]
[ 11 ]
[ 11 ]
[ 11 ]
[ 11 ]
[ 11 ]
[ 11 ]
[ 11 ]
[ 11 ]
[ 11 ]
[ 11 ]
]

ProjectStart: [ 12 ]

ProjectEnd: [ 146 ]

EarliestStartDayForActivity: [ 1 12 12 12 12 12 12 113 127 85 12 26 113 127 127 127 78 28 45 85 45 82 90 82 125 115 78 82 59 12 90 116 90 115 41 106 115 125 106 132 113 72 127 116 85 127 ]

LatestStartDayForActivity: [ 1 146 146 146 146 146 146 146 146 146 146 146 146 146 146 146 146 146 146 146 146 146 146 146 146 146 146 146 146 146 146 146 146 146 146 146 146 146 146 146 146 146 146 146 146 146 ]

EquipmentTypeDemandInActivityWithMode: [
0	
0	
2	
3	
2	
1	
2	
0	
1	
3	
1	
1	
3	
1	
1	
3	
1	
0	
2	
3	
2	
1	
0	
0	
1	
1	
2	
1	
4	
1	
1	
0	
1	
0	
1	
0	
0	
1	
3	
2	
1	
2	
1	
2	
0	
0	

0	
1	
3	
2	
1	
0	
1	
1	
1	
0	
1	
0	
1	
0	
0	
2	
0	
1	
1	
2	
1	
0	
1	
1	
1	
2	
0	
0	
3	
0	
1	
1	
1	
4	
1	
2	
1	
1	
1	
0	
1	
2	
0	
3	
1	
2	

0	
0	
1	
1	
1	
1	
0	
1	
1	
0	
3	
1	
2	
2	
1	
1	
0	
1	
1	
1	
0	
0	
2	
1	
2	
0	
0	
1	
0	
0	
0	
0	
0	
1	
0	
1	
0	
0	
1	
1	
0	
1	
1	
1	
1	
1	

]

ExternalEquipmentRentingCost: [
4965	3041	3571	3531	3371	5163	1120	3678	2718	3821	2374	2736	2840	2405	3849	5743	1545	5570	2002	4459	5850	3928	2018	3615	2791	1710	4530	3037	2389	4988	4093	2305	1122	4364	5101	2089	1780	2386	1333	5434	3662	1645	2319	4644	4243	5237	
5799	1962	1006	2490	5883	1966	2184	5814	2011	4375	1877	5307	5978	1871	1435	1602	4310	5243	4439	3457	2292	2776	1967	1809	4943	5198	4357	1207	2097	3598	4208	5688	3188	1773	5229	1834	3457	2526	4002	3737	4630	4365	1340	2430	2127	4230	
3800	1024	5081	4197	5303	3245	5022	5036	3452	2731	3716	3342	2221	1812	3784	1565	3916	5382	4231	1458	5421	2008	5747	1075	5576	2520	4813	1502	3810	1513	1100	2431	5832	3722	3427	2247	5812	2224	3598	4954	1335	1573	1131	1793	5821	5946	
]

EquipmentTypeTransportationCost: [
1	

1	

1	

]

TransportationTimeForEquipmentTypeBetweenProjects: [
1	

1	

1	

]

TotalNumberOfInitialEquipmentTypeLocation: [
(1 1) 4 
(2 1) 4 
(3 1) 2 
]

DepotActivities: [ 1 ]

MaximalStintCliques: [
[ 2 1 ]
[ 2 3 ]
[ 4 3 ]
[ 4 5 ]
[ 5 6 ]
[ 6 7 ]
[ 7 8 ]
[ 8 9 ]
[ 9 10 ]
[ 10 11 ]
]
