nEmployees: 90
nSkills: 4
nProjects: 1
nDays: 150
nActivities: 29
nEquipmentTypes: 3
nStints: 11
nMaxModes: 2
nStintCliques: 10

EmployeeInStintCost: [
32352 32352 32352 32352 32352 32352 32352 32352 32352 32352 22552 
36208 36208 36208 36208 36208 36208 36208 36208 36208 36208 26738 
35384 35384 35384 35384 35384 35384 35384 35384 35384 35384 25716 
35008 35008 35008 35008 35008 35008 35008 35008 35008 35008 24614 
30360 30360 30360 30360 30360 30360 30360 30360 30360 30360 21022 
38200 38200 38200 38200 38200 38200 38200 38200 38200 38200 28136 
35808 35808 35808 35808 35808 35808 35808 35808 35808 35808 25414 
35304 35304 35304 35304 35304 35304 35304 35304 35304 35304 26164 
36584 36584 36584 36584 36584 36584 36584 36584 36584 36584 26256 
40736 40736 40736 40736 40736 40736 40736 40736 40736 40736 30672 
36568 36568 36568 36568 36568 36568 36568 36568 36568 36568 26900 
13680 13680 13680 13680 13680 13680 13680 13680 13680 13680 6156 
32832 32832 32832 32832 32832 32832 32832 32832 32832 32832 22768 
33912 33912 33912 33912 33912 33912 33912 33912 33912 33912 23254 
32752 32752 32752 32752 32752 32752 32752 32752 32752 32752 23216 
38488 38488 38488 38488 38488 38488 38488 38488 38488 38488 27764 
32400 32400 32400 32400 32400 32400 32400 32400 32400 32400 21940 
37800 37800 37800 37800 37800 37800 37800 37800 37800 37800 27604 
37168 37168 37168 37168 37168 37168 37168 37168 37168 37168 27170 
36312 36312 36312 36312 36312 36312 36312 36312 36312 36312 26644 
30960 30960 30960 30960 30960 30960 30960 30960 30960 30960 21292 
36448 36448 36448 36448 36448 36448 36448 36448 36448 36448 26846 
36360 36360 36360 36360 36360 36360 36360 36360 36360 36360 26956 
41576 41576 41576 41576 41576 41576 41576 41576 41576 41576 31050 
12360 12360 12360 12360 12360 12360 12360 12360 12360 12360 5562 
37184 37184 37184 37184 37184 37184 37184 37184 37184 37184 26526 
38128 38128 38128 38128 38128 38128 38128 38128 38128 38128 27602 
36592 36592 36592 36592 36592 36592 36592 36592 36592 36592 26462 
36144 36144 36144 36144 36144 36144 36144 36144 36144 36144 26542 
40592 40592 40592 40592 40592 40592 40592 40592 40592 40592 30990 
34968 34968 34968 34968 34968 34968 34968 34968 34968 34968 25036 
30840 30840 30840 30840 30840 30840 30840 30840 30840 30840 21238 
31776 31776 31776 31776 31776 31776 31776 31776 31776 31776 22108 
33192 33192 33192 33192 33192 33192 33192 33192 33192 33192 22930 
33096 33096 33096 33096 33096 33096 33096 33096 33096 33096 22702 
37752 37752 37752 37752 37752 37752 37752 37752 37752 37752 27292 
38320 38320 38320 38320 38320 38320 38320 38320 38320 38320 28190 
37440 37440 37440 37440 37440 37440 37440 37440 37440 37440 27442 
33208 33208 33208 33208 33208 33208 33208 33208 33208 33208 23804 
34168 34168 34168 34168 34168 34168 34168 34168 34168 34168 24236 
36312 36312 36312 36312 36312 36312 36312 36312 36312 36312 25984 
35624 35624 35624 35624 35624 35624 35624 35624 35624 35624 25824 
40328 40328 40328 40328 40328 40328 40328 40328 40328 40328 29868 
37440 37440 37440 37440 37440 37440 37440 37440 37440 37440 27442 
41192 41192 41192 41192 41192 41192 41192 41192 41192 41192 31260 
33952 33952 33952 33952 33952 33952 33952 33952 33952 33952 23756 
13920 13920 13920 13920 13920 13920 13920 13920 13920 13920 6264 
32160 32160 32160 32160 32160 32160 32160 32160 32160 32160 21832 
42056 42056 42056 42056 42056 42056 42056 42056 42056 42056 31266 
37872 37872 37872 37872 37872 37872 37872 37872 37872 37872 27346 
35512 35512 35512 35512 35512 35512 35512 35512 35512 35512 25976 
36792 36792 36792 36792 36792 36792 36792 36792 36792 36792 26530 
35984 35984 35984 35984 35984 35984 35984 35984 35984 35984 25986 
36928 36928 36928 36928 36928 36928 36928 36928 36928 36928 27062 
39896 39896 39896 39896 39896 39896 39896 39896 39896 39896 30294 
38400 38400 38400 38400 38400 38400 38400 38400 38400 38400 27874 
33792 33792 33792 33792 33792 33792 33792 33792 33792 33792 23200 
36288 36288 36288 36288 36288 36288 36288 36288 36288 36288 25630 
36584 36584 36584 36584 36584 36584 36584 36584 36584 36584 26256 
36192 36192 36192 36192 36192 36192 36192 36192 36192 36192 26260 
13440 13440 13440 13440 13440 13440 13440 13440 13440 13440 6048 
38800 38800 38800 38800 38800 38800 38800 38800 38800 38800 28406 
34048 34048 34048 34048 34048 34048 34048 34048 34048 34048 24182 
34048 34048 34048 34048 34048 34048 34048 34048 34048 34048 24182 
32136 32136 32136 32136 32136 32136 32136 32136 32136 32136 22270 
34672 34672 34672 34672 34672 34672 34672 34672 34672 34672 24080 
41456 41456 41456 41456 41456 41456 41456 41456 41456 41456 30996 
35088 35088 35088 35088 35088 35088 35088 35088 35088 35088 25090 
33832 33832 33832 33832 33832 33832 33832 33832 33832 33832 23702 
32136 32136 32136 32136 32136 32136 32136 32136 32136 32136 22270 
36464 36464 36464 36464 36464 36464 36464 36464 36464 36464 26202 
33792 33792 33792 33792 33792 33792 33792 33792 33792 33792 23200 
35712 35712 35712 35712 35712 35712 35712 35712 35712 35712 25714 
12960 12960 12960 12960 12960 12960 12960 12960 12960 12960 5832 
36360 36360 36360 36360 36360 36360 36360 36360 36360 36360 26956 
36352 36352 36352 36352 36352 36352 36352 36352 36352 36352 26354 
36352 36352 36352 36352 36352 36352 36352 36352 36352 36352 26354 
31200 31200 31200 31200 31200 31200 31200 31200 31200 31200 21400 
37528 37528 37528 37528 37528 37528 37528 37528 37528 37528 27332 
32376 32376 32376 32376 32376 32376 32376 32376 32376 32376 22378 
34968 34968 34968 34968 34968 34968 34968 34968 34968 34968 25036 
40616 40616 40616 40616 40616 40616 40616 40616 40616 40616 30618 
35864 35864 35864 35864 35864 35864 35864 35864 35864 35864 25932 
35992 35992 35992 35992 35992 35992 35992 35992 35992 35992 26192 
35328 35328 35328 35328 35328 35328 35328 35328 35328 35328 25198 
30600 30600 30600 30600 30600 30600 30600 30600 30600 30600 21130 
40736 40736 40736 40736 40736 40736 40736 40736 40736 40736 30672 
36712 36712 36712 36712 36712 36712 36712 36712 36712 36712 26516 
31200 31200 31200 31200 31200 31200 31200 31200 31200 31200 21400 
39608 39608 39608 39608 39608 39608 39608 39608 39608 39608 29544 
]

ExternalWorkerWithSkillOnStintCost: [
30096 42336 34632 35352 36072 38160 41040 35784 42624 39600 27540 
30528 32040 38880 37944 37224 29592 29592 37224 32256 31752 27300 
29664 33768 33192 40320 29880 32904 37944 35856 41616 38376 25500 
41832 29520 34776 38304 40968 42264 41040 30960 28800 29808 35520 
]

OverlappingStints: [
[ 2 ]
[ 3 ]
[ 4 ]
[ 5 ]
[ 6 ]
[ 7 ]
[ 8 ]
[ 9 ]
[ 10 ]
[ 11 ]
[ ]
]

EmployeesWithSkill: [
[ 1 2 3 4 5 6 7 8 9 10 11 12 13 14 15 16 17 18 19 20 21 22 23 24 25 26 27 28 29 30 31 32 33 34 35 36 37 38 39 40 41 42 43 44 45 46 47 48 49 50 51 52 53 54 55 56 57 58 59 60 61 62 63 64 65 66 67 68 69 70 71 72 73 74 75 76 77 78 79 80 81 82 83 84 85 86 87 88 89 90 ]
[ 1 2 3 4 5 6 7 8 9 10 11 12 13 14 15 16 17 18 19 20 21 22 23 24 25 26 27 28 29 30 31 32 33 34 35 36 37 38 39 40 41 42 43 44 45 46 47 48 49 50 51 52 53 54 55 56 57 58 59 60 61 62 63 64 65 66 67 68 69 70 71 72 74 75 76 77 79 80 81 82 83 84 85 86 87 88 89 90 ]
[ 1 2 3 4 5 7 9 10 11 12 13 14 15 16 17 18 20 21 22 23 24 25 26 27 28 29 30 32 33 35 36 37 38 39 40 41 42 43 45 46 47 49 50 51 52 53 54 55 56 57 58 60 61 62 63 64 65 66 67 68 69 70 71 72 73 74 75 76 77 78 79 80 81 82 83 85 86 87 88 89 90 ]
[ 7 15 16 29 34 38 42 46 49 50 52 65 70 73 78 79 82 ]
]

SkillDemandInActivityWithMode: [
0	1	
18	28	
5	9	
3	6	
13	21	
12	19	
7	12	
14	22	
13	21	
9	15	
14	22	
14	22	
5	9	
16	25	
3	6	
10	16	
13	21	
4	7	
16	25	
5	9	
14	22	
5	9	
3	6	
7	12	
11	18	
14	22	
3	6	
5	9	
16	25	

0	1	
17	27	
4	7	
2	4	
12	19	
11	18	
6	10	
13	21	
12	19	
8	13	
13	21	
13	21	
4	7	
15	24	
1	3	
9	15	
12	19	
3	6	
15	24	
4	7	
13	21	
4	7	
2	4	
6	10	
10	16	
13	21	
2	4	
4	7	
15	24	

0	1	
16	25	
3	6	
2	4	
11	18	
10	16	
5	9	
12	19	
11	18	
7	12	
12	19	
12	19	
3	6	
13	21	
1	3	
8	13	
11	18	
2	4	
13	21	
4	7	
12	19	
3	6	
2	4	
5	9	
9	15	
12	19	
1	3	
4	7	
13	21	

0	1	
3	6	
0	1	
0	1	
2	4	
2	4	
1	3	
2	4	
2	4	
1	3	
2	4	
2	4	
0	1	
3	6	
0	1	
1	3	
2	4	
0	1	
2	4	
0	1	
2	4	
0	1	
0	1	
1	3	
1	3	
2	4	
0	1	
0	1	
2	4	

]

EmployeeAvailability: [
1 1 1 1 1 0 1 1 1 1 0 
1 1 1 0 1 1 1 1 1 1 0 
1 1 1 1 1 1 0 1 1 1 1 
1 1 0 1 1 1 1 1 1 0 1 
1 1 1 1 1 1 1 1 1 1 0 
1 1 1 1 1 1 1 1 1 1 1 
1 1 1 1 1 1 1 1 1 1 1 
1 1 1 0 1 1 1 1 0 0 1 
1 1 1 1 1 1 1 0 1 1 1 
1 1 1 1 1 1 1 1 1 0 1 
1 1 1 1 1 0 1 1 1 0 1 
1 1 1 1 1 1 1 1 1 1 0 
1 1 1 0 1 1 1 1 1 1 1 
1 1 1 1 1 1 1 1 1 1 1 
1 1 1 1 1 1 1 1 1 1 1 
1 1 1 1 1 1 1 1 1 1 0 
1 1 1 1 1 1 1 0 1 1 1 
1 1 1 1 1 1 1 1 1 0 1 
1 1 1 1 1 1 1 1 1 1 1 
1 1 1 1 1 1 1 1 1 1 0 
1 1 1 1 1 1 1 1 1 1 1 
1 1 1 1 1 1 1 1 1 1 1 
1 1 1 1 1 1 0 1 1 1 1 
1 1 0 1 0 1 1 1 0 1 1 
1 1 1 1 1 0 1 1 1 1 0 
1 1 1 1 1 0 1 1 0 1 1 
1 1 1 1 1 1 0 1 1 1 1 
1 1 0 1 0 1 1 1 1 1 1 
1 1 1 1 1 1 0 1 1 1 1 
1 1 0 1 1 1 0 1 1 1 0 
1 1 1 1 1 1 0 1 1 1 1 
0 1 1 1 1 1 1 1 1 1 1 
1 1 1 1 1 1 1 1 1 1 1 
1 1 0 1 1 1 1 1 1 1 1 
1 1 0 1 1 1 1 1 1 0 0 
1 1 1 1 1 1 1 1 1 1 1 
1 1 1 1 1 1 0 1 0 0 1 
1 1 0 1 1 0 1 1 1 1 1 
1 1 1 1 1 1 1 1 1 1 1 
1 1 1 1 1 1 1 1 1 1 1 
1 1 0 1 0 1 1 1 1 1 1 
1 1 1 1 1 0 1 1 1 1 1 
1 1 1 0 1 1 1 1 1 1 0 
1 1 1 1 1 1 1 1 1 1 1 
1 1 0 1 1 1 1 0 1 1 1 
1 1 1 1 1 0 1 1 1 1 1 
1 1 1 0 1 1 0 1 1 1 1 
1 1 1 1 1 1 1 1 1 1 1 
1 1 1 0 1 1 1 1 1 1 1 
0 1 1 1 1 1 1 1 1 1 1 
1 1 1 1 1 1 1 1 1 1 1 
0 1 1 1 0 1 0 1 1 1 1 
1 1 1 0 1 1 1 1 1 1 1 
1 1 1 1 1 1 1 1 0 1 1 
1 1 1 0 1 1 1 1 1 1 1 
1 1 0 1 1 1 1 1 1 1 1 
1 1 1 1 1 1 1 1 1 1 1 
1 0 1 0 1 1 1 1 0 1 1 
1 1 0 1 1 0 1 1 1 1 1 
1 1 1 0 1 1 1 1 1 0 1 
1 1 1 1 1 1 1 1 1 0 1 
1 1 1 1 1 1 1 1 1 1 1 
1 1 1 1 1 1 1 1 1 1 1 
1 1 1 1 1 1 1 1 1 1 1 
0 1 1 1 1 1 1 1 1 1 0 
1 1 1 1 1 1 1 1 1 1 1 
1 1 1 1 1 0 1 1 1 1 0 
1 1 1 1 1 1 1 1 1 1 1 
0 1 1 1 1 1 1 1 1 1 1 
1 1 0 1 1 1 0 1 1 0 1 
1 1 1 1 1 1 1 1 1 1 1 
1 1 1 1 1 1 1 1 1 1 1 
1 1 1 0 0 1 1 1 1 1 0 
1 0 1 1 1 1 1 1 1 1 1 
1 1 1 1 1 1 1 1 1 1 1 
1 1 0 1 1 0 1 1 1 1 1 
1 1 1 1 1 1 1 1 1 1 1 
1 0 1 1 1 1 1 1 1 0 1 
1 1 1 1 1 0 0 1 1 0 1 
1 1 1 1 1 1 1 1 1 0 0 
1 1 1 1 1 1 1 1 1 1 1 
1 1 1 1 1 1 1 1 1 0 1 
0 1 1 1 1 1 1 1 1 1 1 
1 1 0 1 1 1 1 1 1 1 0 
1 1 1 0 1 1 1 1 1 1 1 
1 1 1 1 1 1 0 1 0 1 1 
1 1 1 1 1 1 0 0 1 1 1 
0 1 1 1 1 1 0 1 1 1 0 
1 1 1 1 1 1 1 1 1 1 1 
1 1 1 1 1 1 1 1 0 1 1 
]

EmployeeWantedInStint: [ (3 10) 1 (11 2) 1 (13 11) 1 (14 8) 1 (15 6) 1 (22 2) 1 (22 10) 1 (30 9) 1 (31 5) 1 (32 2) 1 (35 6) 1 (39 3) 1 (41 5) 1 (50 9) 1 (56 9) 1 (68 9) 1 (73 1) 1 (73 9) 1 (73 10) 1 (78 10) 1 (83 1) 1 (84 2) 1 (89 2) 1 ]

EmployeeWantedViolationCost: [ (3 10) 15000 (11 2) 6000 (13 11) 14000 (14 8) 11000 (15 6) 9000 (22 2) 9000 (22 10) 14000 (30 9) 10000 (31 5) 7000 (32 2) 9000 (35 6) 6000 (39 3) 6000 (41 5) 9000 (50 9) 7000 (56 9) 15000 (68 9) 9000 (73 1) 5000 (73 9) 15000 (73 10) 5000 (78 10) 15000 (83 1) 9000 (84 2) 8000 (89 2) 7000 ]

EmployeesThatShouldNotWorkTogetherWithEmployee: [
[ 3 10 23 52 55 78 90 ]
[ 20 55 60 69 ]
[ 8 13 58 67 84 ]
[ 17 37 47 54 67 75 ]
[ 6 48 80 ]
[ 28 53 68 ]
[ 18 24 41 42 51 ]
[ 55 59 89 ]
[ 11 29 38 54 58 64 88 ]
[ 46 48 58 ]
[ 53 82 ]
[ 35 37 88 90 ]
[ 47 59 67 ]
[ 60 66 ]
[ 19 50 59 84 86 ]
[ 57 73 88 ]
[ 36 58 84 90 ]
[ 33 36 41 47 67 ]
[ 62 77 ]
[ 21 55 61 82 ]
[ 60 66 87 ]
[ 84 ]
[ 27 40 72 79 86 ]
[ ]
[ 57 ]
[ 61 73 85 ]
[ 76 78 90 ]
[ 45 56 74 84 ]
[ 51 57 ]
[ ]
[ 78 ]
[ 65 ]
[ 44 ]
[ ]
[ 48 66 83 ]
[ 66 75 ]
[ 51 57 ]
[ 42 53 67 ]
[ 43 ]
[ 85 ]
[ 51 73 82 ]
[ 46 59 68 72 79 ]
[ 90 ]
[ 70 ]
[ 82 ]
[ ]
[ 63 68 ]
[ 51 59 ]
[ 50 83 88 ]
[ 56 70 ]
[ 53 ]
[ ]
[ 62 69 72 ]
[ 86 ]
[ ]
[ 60 82 ]
[ ]
[ 63 80 ]
[ 86 ]
[ ]
[ 64 73 90 ]
[ 67 74 76 ]
[ 71 ]
[ 85 ]
[ 68 76 81 ]
[ 83 ]
[ ]
[ 87 ]
[ ]
[ ]
[ 80 ]
[ ]
[ ]
[ 90 ]
[ ]
[ 78 ]
[ ]
[ ]
[ 85 88 ]
[ ]
[ ]
[ ]
[ ]
[ 85 ]
[ ]
[ ]
[ ]
[ ]
[ ]
[ ]
]

ShouldNotWorkTogetherCost: [ (1 3) 396 (1 10) 297 (1 23) 198 (1 52) 99 (1 55) 99 (1 78) 99 (1 90) 396 (2 20) 99 (2 55) 99 (2 60) 99 (2 69) 396 (3 8) 99 (3 13) 99 (3 58) 297 (3 67) 99 (3 84) 297 (4 17) 297 (4 37) 198 (4 47) 297 (4 54) 396 (4 67) 99 (4 75) 396 (5 6) 198 (5 48) 396 (5 80) 396 (6 28) 297 (6 53) 198 (6 68) 396 (7 18) 198 (7 24) 198 (7 41) 297 (7 42) 198 (7 51) 198 (8 55) 198 (8 59) 198 (8 89) 297 (9 11) 198 (9 29) 396 (9 38) 198 (9 54) 396 (9 58) 297 (9 64) 99 (9 88) 297 (10 46) 198 (10 48) 198 (10 58) 198 (11 53) 297 (11 82) 99 (12 35) 396 (12 37) 99 (12 88) 198 (12 90) 297 (13 47) 396 (13 59) 297 (13 67) 396 (14 60) 99 (14 66) 99 (15 19) 297 (15 50) 297 (15 59) 396 (15 84) 198 (15 86) 396 (16 57) 99 (16 73) 297 (16 88) 198 (17 36) 99 (17 58) 99 (17 84) 198 (17 90) 198 (18 33) 297 (18 36) 297 (18 41) 297 (18 47) 198 (18 67) 99 (19 62) 99 (19 77) 297 (20 21) 99 (20 55) 297 (20 61) 99 (20 82) 198 (21 60) 396 (21 66) 99 (21 87) 99 (22 84) 198 (23 27) 99 (23 40) 396 (23 72) 99 (23 79) 99 (23 86) 99 (25 57) 297 (26 61) 198 (26 73) 198 (26 85) 99 (27 76) 99 (27 78) 198 (27 90) 396 (28 45) 297 (28 56) 99 (28 74) 198 (28 84) 99 (29 51) 99 (29 57) 297 (31 78) 297 (32 65) 396 (33 44) 198 (35 48) 198 (35 66) 396 (35 83) 396 (36 66) 396 (36 75) 99 (37 51) 297 (37 57) 297 (38 42) 297 (38 53) 297 (38 67) 297 (39 43) 297 (40 85) 99 (41 51) 396 (41 73) 396 (41 82) 198 (42 46) 99 (42 59) 396 (42 68) 396 (42 72) 99 (42 79) 297 (43 90) 297 (44 70) 396 (45 82) 99 (47 63) 396 (47 68) 198 (48 51) 396 (48 59) 297 (49 50) 198 (49 83) 198 (49 88) 297 (50 56) 99 (50 70) 99 (51 53) 396 (53 62) 198 (53 69) 297 (53 72) 297 (54 86) 297 (56 60) 297 (56 82) 297 (58 63) 99 (58 80) 198 (59 86) 396 (61 64) 198 (61 73) 396 (61 90) 198 (62 67) 99 (62 74) 99 (62 76) 99 (63 71) 297 (64 85) 396 (65 68) 198 (65 76) 396 (65 81) 198 (66 83) 297 (68 87) 198 (71 80) 99 (74 90) 297 (76 78) 99 (79 85) 99 (79 88) 198 (84 85) 99 ]

ImmediatePredecessorsToActivity: [
[ ]
[ 1 ]
[ 1 ]
[ 2 ]
[ 2 ]
[ 4 ]
[ 3 4 ]
[ 3 ]
[ 4 ]
[ 1 ]
[ 4 ]
[ 3 ]
[ 8 12 ]
[ 2 3 6 ]
[ 1 ]
[ 3 4 ]
[ 2 6 ]
[ 2 10 ]
[ 6 8 11 12 16 ]
[ 1 ]
[ 5 6 9 12 18 ]
[ 10 20 ]
[ 1 ]
[ 4 20 23 ]
[ 5 8 11 18 20 ]
[ 9 18 ]
[ 2 ]
[ 8 20 ]
[ 8 9 18 22 ]
]

ActivitiesInProject: [
[ 1 2 3 4 5 6 7 8 9 10 11 12 13 14 15 16 17 18 19 20 21 22 23 24 25 26 27 28 29 ]
]

nActivityModes: [ 2 2 2 2 2 2 2 2 2 2 2 2 2 2 2 2 2 2 2 2 2 2 2 2 2 2 2 2 2 ]

ActivitiyDurationWithMode: [
1	1	
7	5	
30	20	
42	28	
10	7	
11	8	
20	14	
9	6	
10	7	
15	10	
9	6	
9	6	
29	20	
8	6	
61	41	
13	9	
10	7	
38	26	
8	6	
26	18	
9	6	
30	20	
45	30	
19	13	
12	8	
9	6	
60	40	
27	18	
8	6	
]
StintsInProject: [
[ 1 2 3 4 5 6 7 8 9 10 11 ]
]

WorkingStintsOnDay: [
[ 1 ]
[ 1 ]
[ 1 ]
[ 1 ]
[ 1 ]
[ 1 ]
[ 1 ]
[ 1 ]
[ 1 ]
[ 1 ]
[ 1 ]
[ 1 ]
[ ]
[ ]
[ 2 ]
[ 2 ]
[ 2 ]
[ 2 ]
[ 2 ]
[ 2 ]
[ 2 ]
[ 2 ]
[ 2 ]
[ 2 ]
[ 2 ]
[ 2 ]
[ ]
[ ]
[ 3 ]
[ 3 ]
[ 3 ]
[ 3 ]
[ 3 ]
[ 3 ]
[ 3 ]
[ 3 ]
[ 3 ]
[ 3 ]
[ 3 ]
[ 3 ]
[ ]
[ ]
[ 4 ]
[ 4 ]
[ 4 ]
[ 4 ]
[ 4 ]
[ 4 ]
[ 4 ]
[ 4 ]
[ 4 ]
[ 4 ]
[ 4 ]
[ 4 ]
[ ]
[ ]
[ 5 ]
[ 5 ]
[ 5 ]
[ 5 ]
[ 5 ]
[ 5 ]
[ 5 ]
[ 5 ]
[ 5 ]
[ 5 ]
[ 5 ]
[ 5 ]
[ ]
[ ]
[ 6 ]
[ 6 ]
[ 6 ]
[ 6 ]
[ 6 ]
[ 6 ]
[ 6 ]
[ 6 ]
[ 6 ]
[ 6 ]
[ 6 ]
[ 6 ]
[ ]
[ ]
[ 7 ]
[ 7 ]
[ 7 ]
[ 7 ]
[ 7 ]
[ 7 ]
[ 7 ]
[ 7 ]
[ 7 ]
[ 7 ]
[ 7 ]
[ 7 ]
[ ]
[ ]
[ 8 ]
[ 8 ]
[ 8 ]
[ 8 ]
[ 8 ]
[ 8 ]
[ 8 ]
[ 8 ]
[ 8 ]
[ 8 ]
[ 8 ]
[ 8 ]
[ ]
[ ]
[ 9 ]
[ 9 ]
[ 9 ]
[ 9 ]
[ 9 ]
[ 9 ]
[ 9 ]
[ 9 ]
[ 9 ]
[ 9 ]
[ 9 ]
[ 9 ]
[ ]
[ ]
[ 10 ]
[ 10 ]
[ 10 ]
[ 10 ]
[ 10 ]
[ 10 ]
[ 10 ]
[ 10 ]
[ 10 ]
[ 10 ]
[ 10 ]
[ 10 ]
[ ]
[ ]
[ 11 ]
[ 11 ]
[ 11 ]
[ 11 ]
[ 11 ]
[ 11 ]
[ 11 ]
[ 11 ]
[ 11 ]
[ 11 ]
]

ProjectStart: [ 42 ]

ProjectEnd: [ 126 ]

EarliestStartDayForActivity: [ 1 42 42 50 50 100 100 77 100 42 100 77 88 111 42 100 111 60 115 42 111 73 42 100 109 110 50 88 110 ]

LatestStartDayForActivity: [ 1 126 126 126 126 126 126 126 126 126 126 126 126 126 126 126 126 126 126 126 126 126 126 126 126 126 126 126 126 ]

EquipmentTypeDemandInActivityWithMode: [
0	1	
1	3	
0	1	
0	1	
1	3	
0	1	
0	1	
0	1	
0	1	
3	6	
0	1	
1	3	
0	1	
1	3	
1	3	
0	1	
0	1	
2	4	
3	6	
0	1	
0	1	
0	1	
1	3	
2	4	
0	1	
0	1	
2	4	
1	3	
1	3	

0	1	
1	3	
1	3	
2	4	
2	4	
2	4	
0	1	
2	4	
0	1	
1	3	
1	3	
2	4	
0	1	
3	6	
2	4	
0	1	
1	3	
0	1	
0	1	
0	1	
0	1	
1	3	
1	3	
0	1	
2	4	
1	3	
0	1	
1	3	
0	1	

0	1	
0	1	
3	6	
1	3	
0	1	
0	1	
0	1	
3	6	
2	4	
1	3	
3	6	
0	1	
0	1	
1	3	
2	4	
3	6	
2	4	
1	3	
1	3	
3	6	
0	1	
1	3	
3	6	
2	4	
0	1	
3	6	
2	4	
2	4	
1	3	

]

ExternalEquipmentRentingCost: [
5774	5421	5711	2582	2448	2214	1272	5430	1809	2400	3204	4662	5296	3912	2074	2613	5518	3543	5008	5700	3828	5058	4811	4979	4853	2250	4665	4532	1807	
4256	3781	1406	3445	5813	4181	5809	1907	3414	5368	2068	5272	5141	1348	1291	5859	4430	1435	2716	5473	3067	5394	3979	1983	5216	5169	1941	3888	3029	
4708	1747	1535	1670	5831	4980	3766	4944	2708	3567	1104	2565	2571	3942	2169	3737	4233	1012	2110	3435	5100	2244	4999	3125	4260	4522	2678	3252	2645	
]

EquipmentTypeTransportationCost: [
1	

1	

1	

]

TransportationTimeForEquipmentTypeBetweenProjects: [
1	

1	

1	

]

TotalNumberOfInitialEquipmentTypeLocation: [
(1 1) 2 
(2 1) 3 
(3 1) 5 
]

DepotActivities: [ 1 ]

MaximalStintCliques: [
[ 2 1 ]
[ 2 3 ]
[ 4 3 ]
[ 4 5 ]
[ 5 6 ]
[ 6 7 ]
[ 7 8 ]
[ 8 9 ]
[ 9 10 ]
[ 10 11 ]
]
