nEmployees: 90
nSkills: 4
nProjects: 1
nDays: 120
nActivities: 38
nEquipmentTypes: 7
nStints: 18
nMaxModes: 2
nStintCliques: 0

EmployeeInStintCost: [
11758 11758 11758 11758 11758 11758 11758 11758 11758 11758 11758 11758 11758 11758 11758 11758 11758 4142 
10962 10962 10962 10962 10962 10962 10962 10962 10962 10962 10962 10962 10962 10962 10962 10962 10962 3238 
5492 5492 5492 5492 5492 5492 5492 5492 5492 5492 5492 5492 5492 5492 5492 5492 5492 1280 
9614 9614 9614 9614 9614 9614 9614 9614 9614 9614 9614 9614 9614 9614 9614 9614 9614 2286 
11578 11578 11578 11578 11578 11578 11578 11578 11578 11578 11578 11578 11578 11578 11578 11578 11578 4142 
9804 9804 9804 9804 9804 9804 9804 9804 9804 9804 9804 9804 9804 9804 9804 9804 9804 5520 
14222 14222 14222 14222 14222 14222 14222 14222 14222 14222 14222 14222 14222 14222 14222 14222 14222 6822 
11006 11006 11006 11006 11006 11006 11006 11006 11006 11006 11006 11006 11006 11006 11006 11006 11006 3390 
21314 21314 21314 21314 21314 21314 21314 21314 21314 21314 21314 21314 21314 21314 21314 21314 21314 13518 
10718 10718 10718 10718 10718 10718 10718 10718 10718 10718 10718 10718 10718 10718 10718 10718 10718 3390 
20882 20882 20882 20882 20882 20882 20882 20882 20882 20882 20882 20882 20882 20882 20882 20882 20882 13518 
5456 5456 5456 5456 5456 5456 5456 5456 5456 5456 5456 5456 5456 5456 5456 5456 5456 1280 
16398 16398 16398 16398 16398 16398 16398 16398 16398 16398 16398 16398 16398 16398 16398 16398 16398 8998 
9378 9378 9378 9378 9378 9378 9378 9378 9378 9378 9378 9378 9378 9378 9378 9378 9378 2158 
11926 11926 11926 11926 11926 11926 11926 11926 11926 11926 11926 11926 11926 11926 11926 11926 11926 4526 
13850 13850 13850 13850 13850 13850 13850 13850 13850 13850 13850 13850 13850 13850 13850 13850 13850 6486 
11938 11938 11938 11938 11938 11938 11938 11938 11938 11938 11938 11938 11938 11938 11938 11938 11938 4142 
10826 10826 10826 10826 10826 10826 10826 10826 10826 10826 10826 10826 10826 10826 10826 10826 10826 3390 
12274 12274 12274 12274 12274 12274 12274 12274 12274 12274 12274 12274 12274 12274 12274 12274 12274 4766 
11962 11962 11962 11962 11962 11962 11962 11962 11962 11962 11962 11962 11962 11962 11962 11962 11962 4526 
10710 10710 10710 10710 10710 10710 10710 10710 10710 10710 10710 10710 10710 10710 10710 10710 10710 3238 
10046 10046 10046 10046 10046 10046 10046 10046 10046 10046 10046 10046 10046 10046 10046 10046 10046 2286 
12574 12574 12574 12574 12574 12574 12574 12574 12574 12574 12574 12574 12574 12574 12574 12574 12574 5174 
11650 11650 11650 11650 11650 11650 11650 11650 11650 11650 11650 11650 11650 11650 11650 11650 11650 4142 
10754 10754 10754 10754 10754 10754 10754 10754 10754 10754 10754 10754 10754 10754 10754 10754 10754 3390 
11290 11290 11290 11290 11290 11290 11290 11290 11290 11290 11290 11290 11290 11290 11290 11290 11290 4142 
10854 10854 10854 10854 10854 10854 10854 10854 10854 10854 10854 10854 10854 10854 10854 10854 10854 3238 
14102 14102 14102 14102 14102 14102 14102 14102 14102 14102 14102 14102 14102 14102 14102 14102 14102 6486 
13706 13706 13706 13706 13706 13706 13706 13706 13706 13706 13706 13706 13706 13706 13706 13706 13706 6486 
16218 16218 16218 16218 16218 16218 16218 16218 16218 16218 16218 16218 16218 16218 16218 16218 16218 8998 
11710 11710 11710 11710 11710 11710 11710 11710 11710 11710 11710 11710 11710 11710 11710 11710 11710 4526 
5312 5312 5312 5312 5312 5312 5312 5312 5312 5312 5312 5312 5312 5312 5312 5312 5312 1280 
16586 16586 16586 16586 16586 16586 16586 16586 16586 16586 16586 16586 16586 16586 16586 16586 16586 9150 
20794 20794 20794 20794 20794 20794 20794 20794 20794 20794 20794 20794 20794 20794 20794 20794 20794 13070 
11746 11746 11746 11746 11746 11746 11746 11746 11746 11746 11746 11746 11746 11746 11746 11746 11746 4526 
4176 4176 4176 4176 4176 4176 4176 4176 4176 4176 4176 4176 4176 4176 4176 4176 4176 0 
5240 5240 5240 5240 5240 5240 5240 5240 5240 5240 5240 5240 5240 5240 5240 5240 5240 1280 
5348 5348 5348 5348 5348 5348 5348 5348 5348 5348 5348 5348 5348 5348 5348 5348 5348 1280 
11178 11178 11178 11178 11178 11178 11178 11178 11178 11178 11178 11178 11178 11178 11178 11178 11178 3454 
9830 9830 9830 9830 9830 9830 9830 9830 9830 9830 9830 9830 9830 9830 9830 9830 9830 2286 
11962 11962 11962 11962 11962 11962 11962 11962 11962 11962 11962 11962 11962 11962 11962 11962 11962 4526 
16902 16902 16902 16902 16902 16902 16902 16902 16902 16902 16902 16902 16902 16902 16902 16902 16902 8998 
10082 10082 10082 10082 10082 10082 10082 10082 10082 10082 10082 10082 10082 10082 10082 10082 10082 2286 
10206 10206 10206 10206 10206 10206 10206 10206 10206 10206 10206 10206 10206 10206 10206 10206 10206 3238 
20830 20830 20830 20830 20830 20830 20830 20830 20830 20830 20830 20830 20830 20830 20830 20830 20830 13070 
10530 10530 10530 10530 10530 10530 10530 10530 10530 10530 10530 10530 10530 10530 10530 10530 10530 3238 
4988 4988 4988 4988 4988 4988 4988 4988 4988 4988 4988 4988 4988 4988 4988 4988 4988 1280 
21026 21026 21026 21026 21026 21026 21026 21026 21026 21026 21026 21026 21026 21026 21026 21026 21026 13518 
12058 12058 12058 12058 12058 12058 12058 12058 12058 12058 12058 12058 12058 12058 12058 12058 12058 4766 
9198 9198 9198 9198 9198 9198 9198 9198 9198 9198 9198 9198 9198 9198 9198 9198 9198 2158 
16874 16874 16874 16874 16874 16874 16874 16874 16874 16874 16874 16874 16874 16874 16874 16874 16874 9150 
12214 12214 12214 12214 12214 12214 12214 12214 12214 12214 12214 12214 12214 12214 12214 12214 12214 4526 
10710 10710 10710 10710 10710 10710 10710 10710 10710 10710 10710 10710 10710 10710 10710 10710 10710 3238 
9630 9630 9630 9630 9630 9630 9630 9630 9630 9630 9630 9630 9630 9630 9630 9630 9630 2158 
20846 20846 20846 20846 20846 20846 20846 20846 20846 20846 20846 20846 20846 20846 20846 20846 20846 13518 
12646 12646 12646 12646 12646 12646 12646 12646 12646 12646 12646 12646 12646 12646 12646 12646 12646 5174 
14438 14438 14438 14438 14438 14438 14438 14438 14438 14438 14438 14438 14438 14438 14438 14438 14438 6822 
9702 9702 9702 9702 9702 9702 9702 9702 9702 9702 9702 9702 9702 9702 9702 9702 9702 2158 
21386 21386 21386 21386 21386 21386 21386 21386 21386 21386 21386 21386 21386 21386 21386 21386 21386 13518 
10782 10782 10782 10782 10782 10782 10782 10782 10782 10782 10782 10782 10782 10782 10782 10782 10782 3454 
12970 12970 12970 12970 12970 12970 12970 12970 12970 12970 12970 12970 12970 12970 12970 12970 12970 5174 
14222 14222 14222 14222 14222 14222 14222 14222 14222 14222 14222 14222 14222 14222 14222 14222 14222 6822 
14282 14282 14282 14282 14282 14282 14282 14282 14282 14282 14282 14282 14282 14282 14282 14282 14282 6486 
12410 12410 12410 12410 12410 12410 12410 12410 12410 12410 12410 12410 12410 12410 12410 12410 12410 4614 
9882 9882 9882 9882 9882 9882 9882 9882 9882 9882 9882 9882 9882 9882 9882 9882 9882 2158 
11794 11794 11794 11794 11794 11794 11794 11794 11794 11794 11794 11794 11794 11794 11794 11794 11794 4142 
9234 9234 9234 9234 9234 9234 9234 9234 9234 9234 9234 9234 9234 9234 9234 9234 9234 2158 
12086 12086 12086 12086 12086 12086 12086 12086 12086 12086 12086 12086 12086 12086 12086 12086 12086 4614 
20686 20686 20686 20686 20686 20686 20686 20686 20686 20686 20686 20686 20686 20686 20686 20686 20686 13070 
10922 10922 10922 10922 10922 10922 10922 10922 10922 10922 10922 10922 10922 10922 10922 10922 10922 3702 
10646 10646 10646 10646 10646 10646 10646 10646 10646 10646 10646 10646 10646 10646 10646 10646 10646 3390 
12266 12266 12266 12266 12266 12266 12266 12266 12266 12266 12266 12266 12266 12266 12266 12266 12266 4614 
21170 21170 21170 21170 21170 21170 21170 21170 21170 21170 21170 21170 21170 21170 21170 21170 21170 13518 
11326 11326 11326 11326 11326 11326 11326 11326 11326 11326 11326 11326 11326 11326 11326 11326 11326 4142 
4068 4068 4068 4068 4068 4068 4068 4068 4068 4068 4068 4068 4068 4068 4068 4068 4068 0 
21314 21314 21314 21314 21314 21314 21314 21314 21314 21314 21314 21314 21314 21314 21314 21314 21314 13518 
13706 13706 13706 13706 13706 13706 13706 13706 13706 13706 13706 13706 13706 13706 13706 13706 13706 6486 
11986 11986 11986 11986 11986 11986 11986 11986 11986 11986 11986 11986 11986 11986 11986 11986 11986 4766 
12430 12430 12430 12430 12430 12430 12430 12430 12430 12430 12430 12430 12430 12430 12430 12430 12430 5174 
12178 12178 12178 12178 12178 12178 12178 12178 12178 12178 12178 12178 12178 12178 12178 12178 12178 4526 
11138 11138 11138 11138 11138 11138 11138 11138 11138 11138 11138 11138 11138 11138 11138 11138 11138 3702 
12310 12310 12310 12310 12310 12310 12310 12310 12310 12310 12310 12310 12310 12310 12310 12310 12310 4766 
20594 20594 20594 20594 20594 20594 20594 20594 20594 20594 20594 20594 20594 20594 20594 20594 20594 13518 
16910 16910 16910 16910 16910 16910 16910 16910 16910 16910 16910 16910 16910 16910 16910 16910 16910 9150 
9444 9444 9444 9444 9444 9444 9444 9444 9444 9444 9444 9444 9444 9444 9444 9444 9444 5520 
12682 12682 12682 12682 12682 12682 12682 12682 12682 12682 12682 12682 12682 12682 12682 12682 12682 5174 
5132 5132 5132 5132 5132 5132 5132 5132 5132 5132 5132 5132 5132 5132 5132 5132 5132 1280 
14618 14618 14618 14618 14618 14618 14618 14618 14618 14618 14618 14618 14618 14618 14618 14618 14618 6822 
10530 10530 10530 10530 10530 10530 10530 10530 10530 10530 10530 10530 10530 10530 10530 10530 10530 3454 
10574 10574 10574 10574 10574 10574 10574 10574 10574 10574 10574 10574 10574 10574 10574 10574 10574 3390 
]

ExternalWorkerWithSkillOnStintCost: [
17370 16770 15870 13920 13770 13110 12540 17670 14580 14040 17370 17700 13110 17520 13830 16200 15780 2880 
15900 17310 14880 13500 12300 12840 16170 17730 17100 16500 15000 12510 16860 15720 15510 15780 14430 2904 
15780 13080 14820 14670 17430 14910 15120 17700 16260 17190 16140 16470 14940 13560 15720 12540 17160 2430 
15420 15480 13290 17010 16860 12780 12570 14940 13020 13110 13050 16500 14280 15990 15660 15810 13230 3138 
]

OverlappingStints: [
[ ]
[ ]
[ ]
[ ]
[ ]
[ ]
[ ]
[ ]
[ ]
[ ]
[ ]
[ ]
[ ]
[ ]
[ ]
[ ]
[ ]
[ ]
]

EmployeesWithSkill: [
[ 1 2 3 4 5 6 7 8 9 10 11 12 13 14 15 16 17 18 19 20 21 22 23 24 25 26 27 28 29 30 31 32 33 34 35 36 37 38 39 40 41 42 43 44 45 46 47 48 49 50 51 52 53 54 55 56 57 58 59 60 61 62 63 64 65 66 67 68 69 70 71 72 73 74 75 76 77 78 79 80 81 82 83 84 85 86 87 88 89 90 ]
[ 3 6 13 14 17 18 19 20 21 22 32 33 38 39 42 46 51 52 59 61 62 67 69 73 77 86 88 90 ]
[ 2 4 5 9 10 11 13 15 21 22 23 24 25 28 30 32 33 34 35 38 40 41 42 43 45 46 52 53 54 56 57 58 59 62 63 64 65 66 72 73 75 76 77 79 81 83 84 85 86 88 90 ]
[ 1 2 3 4 5 6 7 8 9 10 11 12 13 14 15 16 17 18 19 20 21 22 23 24 25 26 27 28 29 30 31 32 33 34 35 36 37 38 39 40 41 42 43 44 45 46 47 48 49 50 51 52 53 54 55 56 57 58 59 60 61 62 63 64 65 66 67 68 69 70 71 72 73 74 75 76 77 78 79 80 81 82 83 84 85 86 87 88 89 90 ]
]

SkillDemandInActivityWithMode: [
0	1	
7	12	
17	27	
12	19	
9	15	
7	12	
9	15	
14	22	
6	10	
12	19	
6	10	
19	30	
3	6	
10	16	
13	21	
8	13	
16	25	
19	30	
16	25	
6	10	
16	25	
17	27	
9	15	
8	13	
19	30	
19	30	
19	30	
11	18	
3	6	
10	16	
16	25	
4	7	
11	18	
10	16	
10	16	
13	21	
15	24	
15	24	

0	1	
2	4	
5	9	
3	6	
2	4	
1	3	
2	4	
4	7	
1	3	
3	6	
1	3	
5	9	
0	1	
2	4	
3	6	
2	4	
4	7	
5	9	
4	7	
1	3	
4	7	
5	9	
2	4	
2	4	
5	9	
5	9	
5	9	
3	6	
0	1	
2	4	
4	7	
1	3	
3	6	
2	4	
2	4	
3	6	
4	7	
4	7	

0	1	
3	6	
9	15	
6	10	
4	7	
3	6	
5	9	
7	12	
3	6	
6	10	
3	6	
10	16	
1	3	
5	9	
7	12	
4	7	
8	13	
10	16	
8	13	
3	6	
8	13	
9	15	
4	7	
4	7	
10	16	
10	16	
10	16	
5	9	
1	3	
5	9	
8	13	
1	3	
6	10	
5	9	
5	9	
7	12	
8	13	
8	13	

0	1	
6	10	
16	25	
11	18	
8	13	
6	10	
8	13	
13	21	
5	9	
11	18	
5	9	
18	28	
2	4	
9	15	
12	19	
7	12	
15	24	
18	28	
15	24	
5	9	
15	24	
16	25	
8	13	
7	12	
18	28	
18	28	
18	28	
10	16	
2	4	
9	15	
15	24	
3	6	
10	16	
9	15	
9	15	
12	19	
14	22	
14	22	

]

EmployeeAvailability: [
1 1 1 0 1 1 1 1 1 1 1 1 1 1 1 0 1 1 
1 1 1 1 1 1 1 1 0 1 1 1 1 1 1 1 0 1 
1 0 1 1 1 1 1 1 1 1 1 1 1 1 1 1 0 1 
1 1 0 1 1 1 1 1 1 1 0 1 1 1 1 1 1 1 
1 1 1 1 1 1 0 1 1 1 1 1 1 1 1 1 1 1 
1 1 1 1 1 1 1 0 1 1 1 1 1 1 1 1 1 1 
1 1 1 1 1 1 1 1 1 1 1 1 1 1 1 1 0 1 
1 1 1 1 1 1 1 1 1 1 1 1 1 1 1 0 0 1 
1 1 1 0 1 1 1 1 1 1 1 1 1 1 0 1 1 1 
1 1 1 1 1 1 1 0 1 1 1 1 1 1 1 1 1 1 
1 1 1 1 1 1 1 1 1 1 1 1 0 1 1 1 1 1 
1 1 1 1 1 1 1 1 1 1 1 1 1 1 1 0 1 1 
1 1 1 1 0 0 1 1 1 1 1 1 1 1 1 1 1 1 
1 1 0 1 1 1 1 1 0 1 1 1 1 1 1 1 1 1 
1 0 1 1 1 1 1 1 1 1 1 1 1 1 1 1 1 1 
1 1 1 1 1 1 1 1 1 1 1 1 1 1 1 0 1 1 
1 1 1 0 1 1 1 1 1 1 1 1 1 1 1 1 1 1 
1 0 1 1 1 1 1 1 1 1 1 1 1 1 1 1 1 1 
1 1 1 1 1 1 1 1 1 1 1 1 1 1 1 1 1 1 
1 1 1 1 0 1 1 1 1 1 1 1 1 1 1 1 1 1 
1 1 1 1 1 0 1 1 1 0 1 1 1 1 1 1 1 1 
1 1 1 1 1 1 1 1 1 1 1 1 1 1 1 1 1 1 
1 1 1 1 1 1 1 1 1 1 1 1 1 1 1 1 1 1 
1 0 1 1 1 1 1 1 1 1 1 1 1 1 1 1 1 1 
1 1 1 1 1 1 1 1 1 1 1 1 1 1 1 1 1 1 
1 1 1 1 1 1 1 1 1 1 1 1 1 1 1 1 1 1 
1 1 1 0 1 1 1 1 1 1 1 1 1 1 1 1 1 1 
1 1 1 1 0 1 1 0 1 1 1 0 1 1 1 1 1 1 
1 1 1 1 1 1 1 1 1 1 1 1 1 1 1 0 1 1 
0 1 1 1 1 1 1 1 1 1 1 1 1 0 1 1 1 1 
0 1 0 1 1 1 1 1 1 1 1 1 1 1 1 0 1 1 
1 1 1 1 0 1 1 1 1 1 1 1 1 1 1 1 1 1 
1 1 1 1 1 1 1 1 1 1 0 1 1 1 1 0 1 1 
1 1 1 1 1 1 1 1 1 0 1 0 1 1 1 1 1 0 
0 1 1 0 1 1 1 0 1 1 1 1 1 1 1 1 1 1 
1 1 1 1 1 0 1 1 1 0 1 1 1 1 1 1 1 1 
1 1 1 1 1 1 1 1 1 1 1 1 1 1 1 1 1 1 
1 0 1 1 1 1 1 1 1 1 1 1 1 1 1 1 1 1 
1 0 1 1 1 1 1 1 1 1 1 1 0 1 1 1 1 1 
1 1 1 1 1 1 1 1 1 1 1 1 1 1 1 1 1 1 
1 1 1 0 1 1 1 1 1 1 1 1 1 1 1 1 1 1 
1 1 1 1 1 1 1 1 0 1 1 1 0 1 1 1 0 1 
1 1 1 1 1 1 1 1 1 1 1 1 1 1 1 1 1 1 
1 1 1 1 1 1 1 0 1 1 1 1 1 1 1 0 1 1 
1 1 1 1 1 1 1 1 1 1 1 1 1 1 1 1 1 1 
1 1 1 1 1 1 1 1 1 1 1 1 1 1 1 1 1 1 
1 1 1 1 1 1 1 1 1 1 1 1 1 1 1 1 1 1 
1 1 1 1 1 1 1 1 1 0 1 1 1 1 1 1 1 1 
1 1 1 1 1 1 1 1 0 1 1 1 0 1 1 1 1 1 
1 1 1 1 1 1 1 1 1 1 1 1 1 1 1 1 1 1 
1 1 1 1 1 1 1 1 0 1 1 1 1 1 1 1 1 1 
1 1 1 1 1 1 1 1 1 1 1 1 1 1 1 1 1 1 
1 1 1 1 1 1 1 1 1 1 1 1 1 1 1 1 1 1 
1 1 1 1 1 1 0 1 1 0 1 1 1 1 1 1 1 1 
1 1 1 1 1 1 1 1 1 1 1 1 1 1 0 1 1 1 
1 1 1 1 1 1 1 1 1 1 1 1 1 1 0 1 1 1 
1 1 1 1 1 1 0 1 1 1 1 0 1 1 1 1 1 1 
1 1 1 1 1 1 1 1 1 1 1 1 1 1 1 1 1 1 
1 1 1 1 1 1 1 1 0 1 1 1 1 0 1 1 1 1 
1 1 1 1 1 1 1 1 1 1 1 1 1 1 1 1 1 1 
1 0 1 1 1 1 1 1 1 1 1 1 1 1 1 1 1 1 
1 1 1 1 1 0 0 1 1 1 1 1 1 1 1 1 1 1 
1 1 1 1 1 1 1 1 0 1 1 1 1 1 1 1 1 1 
1 1 1 1 1 0 1 1 1 1 1 1 1 1 1 0 1 1 
1 1 1 1 1 1 1 1 1 1 1 1 1 1 1 1 1 1 
1 1 1 1 1 1 1 1 1 1 1 1 1 1 1 1 1 1 
1 1 1 1 1 1 1 1 1 1 1 1 1 1 1 1 1 1 
1 1 1 1 1 1 1 1 0 1 1 1 1 1 1 1 0 1 
1 1 1 1 1 1 1 1 1 0 1 1 1 1 1 1 1 1 
1 1 1 0 1 1 1 1 1 1 1 1 0 1 1 1 1 1 
1 1 1 1 1 1 1 1 0 0 1 1 1 1 0 1 1 1 
1 1 1 1 1 1 1 1 1 1 1 1 1 1 1 1 1 1 
1 1 1 0 1 1 1 1 1 1 1 1 1 1 1 1 1 1 
0 1 1 1 1 1 1 1 1 1 1 1 1 1 1 0 1 1 
0 1 1 1 1 1 1 1 1 1 1 1 1 0 1 1 1 1 
1 1 1 1 1 1 1 1 1 1 1 1 1 1 1 1 1 1 
1 0 1 1 1 1 1 1 1 1 1 1 1 0 1 1 1 1 
1 1 1 1 1 1 1 1 1 1 1 1 1 1 1 1 1 1 
1 1 1 1 1 1 1 1 1 0 1 1 1 1 1 1 1 1 
1 1 1 1 1 1 1 1 1 1 1 1 1 1 1 1 1 1 
1 1 1 1 1 1 1 1 1 1 1 1 1 1 1 1 1 1 
1 1 0 1 1 1 1 1 1 1 1 0 1 1 1 0 1 1 
1 1 1 1 1 0 1 1 1 1 1 1 1 1 1 0 1 1 
1 1 1 1 1 1 1 1 1 1 1 1 1 1 1 1 1 1 
1 1 1 1 1 1 1 1 1 1 0 1 1 1 1 1 1 1 
1 1 1 1 1 1 1 1 1 1 1 1 1 1 1 1 1 1 
1 1 1 1 1 1 1 1 1 1 1 1 0 1 1 1 1 1 
1 1 1 1 1 1 1 1 1 0 1 1 1 1 1 1 1 1 
1 1 1 1 1 1 1 1 1 1 1 1 1 1 1 1 1 1 
1 1 1 1 1 1 1 1 1 1 1 1 1 1 1 1 1 1 
]

EmployeeWantedInStint: [ (3 11) 1 (5 14) 1 (7 18) 1 (8 16) 1 (14 6) 1 (15 15) 1 (17 18) 1 (19 7) 1 (23 2) 1 (23 14) 1 (29 6) 1 (35 3) 1 (35 8) 1 (35 14) 1 (37 17) 1 (44 12) 1 (44 16) 1 (47 6) 1 (49 11) 1 (54 17) 1 (62 9) 1 (65 3) 1 (67 16) 1 (69 10) 1 (70 9) 1 (71 5) 1 (71 9) 1 (74 13) 1 (75 14) 1 (78 2) 1 (78 9) 1 (80 13) 1 (82 7) 1 (84 18) 1 (86 10) 1 (87 16) 1 (89 7) 1 (89 15) 1 ]

EmployeeWantedViolationCost: [ (3 11) 15000 (5 14) 8000 (7 18) 8000 (8 16) 13000 (14 6) 7000 (15 15) 14000 (17 18) 5000 (19 7) 13000 (23 2) 10000 (23 14) 10000 (29 6) 8000 (35 3) 5000 (35 8) 11000 (35 14) 7000 (37 17) 9000 (44 12) 15000 (44 16) 10000 (47 6) 10000 (49 11) 13000 (54 17) 9000 (62 9) 12000 (65 3) 13000 (67 16) 13000 (69 10) 5000 (70 9) 10000 (71 5) 14000 (71 9) 10000 (74 13) 13000 (75 14) 13000 (78 2) 8000 (78 9) 7000 (80 13) 5000 (82 7) 10000 (84 18) 5000 (86 10) 8000 (87 16) 6000 (89 7) 7000 (89 15) 14000 ]

EmployeesThatShouldNotWorkTogetherWithEmployee: [
[ 20 29 35 60 ]
[ 7 8 28 38 57 68 75 89 ]
[ 17 19 63 68 84 86 ]
[ ]
[ 77 81 ]
[ 11 56 ]
[ 22 29 58 65 ]
[ 21 57 76 80 85 90 ]
[ 54 ]
[ 13 27 ]
[ 26 61 84 ]
[ 32 74 ]
[ 61 ]
[ 33 39 ]
[ 25 33 41 46 85 ]
[ 73 83 ]
[ ]
[ 75 82 83 ]
[ 27 61 ]
[ 60 ]
[ 45 53 71 75 90 ]
[ 66 ]
[ 63 76 ]
[ 40 42 51 76 ]
[ 29 32 37 43 48 61 ]
[ 56 76 82 ]
[ 62 ]
[ 54 79 ]
[ 35 48 71 74 80 ]
[ 38 58 60 63 76 83 ]
[ 35 39 50 54 59 ]
[ ]
[ 35 72 ]
[ 54 83 ]
[ 57 62 74 ]
[ ]
[ 45 48 58 87 ]
[ 39 44 64 81 83 ]
[ ]
[ 50 53 61 68 ]
[ 46 48 71 83 86 ]
[ 50 58 82 ]
[ 70 84 89 ]
[ 52 56 70 75 ]
[ 48 50 ]
[ 54 55 75 ]
[ 52 63 69 76 ]
[ 59 71 75 80 85 ]
[ 70 ]
[ 65 66 78 87 ]
[ 75 78 83 86 ]
[ ]
[ 62 64 ]
[ 71 ]
[ 90 ]
[ 80 87 ]
[ 68 85 ]
[ 70 85 ]
[ 80 87 ]
[ ]
[ ]
[ 72 ]
[ 90 ]
[ 69 72 ]
[ ]
[ 74 83 ]
[ ]
[ 81 ]
[ ]
[ ]
[ 89 ]
[ 88 ]
[ 80 ]
[ ]
[ 84 ]
[ 89 ]
[ ]
[ 80 86 ]
[ ]
[ ]
[ 86 ]
[ 83 ]
[ ]
[ ]
[ ]
[ 88 ]
[ ]
[ 90 ]
[ ]
[ ]
]

ShouldNotWorkTogetherCost: [ (1 20) 297 (1 29) 297 (1 35) 396 (1 60) 396 (2 7) 99 (2 8) 198 (2 28) 198 (2 38) 99 (2 57) 198 (2 68) 396 (2 75) 297 (2 89) 99 (3 17) 99 (3 19) 99 (3 63) 198 (3 68) 396 (3 84) 99 (3 86) 99 (5 77) 396 (5 81) 297 (6 11) 198 (6 56) 99 (7 22) 297 (7 29) 396 (7 58) 297 (7 65) 297 (8 21) 198 (8 57) 198 (8 76) 99 (8 80) 396 (8 85) 99 (8 90) 396 (9 54) 396 (10 13) 99 (10 27) 297 (11 26) 99 (11 61) 297 (11 84) 99 (12 32) 297 (12 74) 99 (13 61) 198 (14 33) 396 (14 39) 198 (15 25) 297 (15 33) 99 (15 41) 297 (15 46) 396 (15 85) 297 (16 73) 99 (16 83) 297 (18 75) 396 (18 82) 297 (18 83) 297 (19 27) 198 (19 61) 198 (20 60) 297 (21 45) 99 (21 53) 99 (21 71) 99 (21 75) 99 (21 90) 297 (22 66) 198 (23 63) 297 (23 76) 396 (24 40) 198 (24 42) 396 (24 51) 99 (24 76) 396 (25 29) 99 (25 32) 297 (25 37) 297 (25 43) 297 (25 48) 99 (25 61) 396 (26 56) 396 (26 76) 297 (26 82) 99 (27 62) 99 (28 54) 99 (28 79) 297 (29 35) 198 (29 48) 198 (29 71) 396 (29 74) 396 (29 80) 396 (30 38) 396 (30 58) 297 (30 60) 198 (30 63) 99 (30 76) 198 (30 83) 99 (31 35) 99 (31 39) 297 (31 50) 396 (31 54) 99 (31 59) 198 (33 35) 99 (33 72) 198 (34 54) 297 (34 83) 396 (35 57) 99 (35 62) 297 (35 74) 396 (37 45) 99 (37 48) 99 (37 58) 99 (37 87) 198 (38 39) 198 (38 44) 297 (38 64) 198 (38 81) 198 (38 83) 99 (40 50) 198 (40 53) 297 (40 61) 99 (40 68) 396 (41 46) 99 (41 48) 297 (41 71) 198 (41 83) 99 (41 86) 297 (42 50) 297 (42 58) 99 (42 82) 198 (43 70) 99 (43 84) 99 (43 89) 396 (44 52) 396 (44 56) 297 (44 70) 198 (44 75) 396 (45 48) 198 (45 50) 297 (46 54) 99 (46 55) 99 (46 75) 297 (47 52) 297 (47 63) 99 (47 69) 297 (47 76) 198 (48 59) 198 (48 71) 396 (48 75) 99 (48 80) 198 (48 85) 99 (49 70) 396 (50 65) 297 (50 66) 198 (50 78) 99 (50 87) 198 (51 75) 396 (51 78) 99 (51 83) 396 (51 86) 297 (53 62) 396 (53 64) 99 (54 71) 198 (55 90) 297 (56 80) 198 (56 87) 99 (57 68) 396 (57 85) 396 (58 70) 99 (58 85) 99 (59 80) 396 (59 87) 297 (62 72) 396 (63 90) 396 (64 69) 198 (64 72) 396 (66 74) 99 (66 83) 99 (68 81) 99 (71 89) 99 (72 88) 99 (73 80) 297 (75 84) 198 (76 89) 99 (78 80) 198 (78 86) 396 (81 86) 396 (82 83) 297 (86 88) 99 (88 90) 396 ]

ImmediatePredecessorsToActivity: [
[ ]
[ 1 ]
[ 1 ]
[ 1 ]
[ 4 ]
[ 5 ]
[ 1 ]
[ 5 ]
[ 7 ]
[ 8 ]
[ 8 ]
[ 1 ]
[ 1 ]
[ 3 4 6 7 10 ]
[ 6 7 ]
[ 5 10 12 ]
[ 5 ]
[ 3 8 ]
[ 3 4 8 17 ]
[ 17 ]
[ 9 12 18 19 ]
[ 5 9 10 ]
[ 2 7 10 ]
[ 3 8 12 ]
[ 2 5 ]
[ 9 18 25 ]
[ 3 11 15 22 ]
[ 5 7 12 18 ]
[ 1 ]
[ 2 5 10 12 26 ]
[ 7 10 12 26 ]
[ 2 5 12 ]
[ 1 ]
[ 3 5 26 ]
[ 19 33 ]
[ 10 25 ]
[ 10 17 28 33 ]
[ 21 25 ]
]

ActivitiesInProject: [
[ 1 2 3 4 5 6 7 8 9 10 11 12 13 14 15 16 17 18 19 20 21 22 23 24 25 26 27 28 29 30 31 32 33 34 35 36 37 38 ]
]

nActivityModes: [ 2 2 2 2 2 2 2 2 2 2 2 2 2 2 2 2 2 2 2 2 2 2 2 2 2 2 2 2 2 2 2 2 2 2 2 2 2 2 ]

ActivitiyDurationWithMode: [
1	1	
22	15	
9	6	
13	9	
18	12	
25	17	
17	12	
11	8	
26	18	
13	9	
26	18	
8	6	
73	49	
16	11	
12	8	
21	14	
10	7	
8	6	
10	7	
28	19	
10	7	
9	6	
18	12	
21	14	
8	6	
8	6	
8	6	
15	10	
69	46	
16	11	
10	7	
45	30	
14	10	
16	11	
16	11	
12	8	
10	7	
10	7	
]
StintsInProject: [
[ 1 2 3 4 5 6 7 8 9 10 11 12 13 14 15 16 17 18 ]
]

WorkingStintsOnDay: [
[ 1 ]
[ 1 ]
[ 1 ]
[ 1 ]
[ 1 ]
[ ]
[ ]
[ 2 ]
[ 2 ]
[ 2 ]
[ 2 ]
[ 2 ]
[ ]
[ ]
[ 3 ]
[ 3 ]
[ 3 ]
[ 3 ]
[ 3 ]
[ ]
[ ]
[ 4 ]
[ 4 ]
[ 4 ]
[ 4 ]
[ 4 ]
[ ]
[ ]
[ 5 ]
[ 5 ]
[ 5 ]
[ 5 ]
[ 5 ]
[ ]
[ ]
[ 6 ]
[ 6 ]
[ 6 ]
[ 6 ]
[ 6 ]
[ ]
[ ]
[ 7 ]
[ 7 ]
[ 7 ]
[ 7 ]
[ 7 ]
[ ]
[ ]
[ 8 ]
[ 8 ]
[ 8 ]
[ 8 ]
[ 8 ]
[ ]
[ ]
[ 9 ]
[ 9 ]
[ 9 ]
[ 9 ]
[ 9 ]
[ ]
[ ]
[ 10 ]
[ 10 ]
[ 10 ]
[ 10 ]
[ 10 ]
[ ]
[ ]
[ 11 ]
[ 11 ]
[ 11 ]
[ 11 ]
[ 11 ]
[ ]
[ ]
[ 12 ]
[ 12 ]
[ 12 ]
[ 12 ]
[ 12 ]
[ ]
[ ]
[ 13 ]
[ 13 ]
[ 13 ]
[ 13 ]
[ 13 ]
[ ]
[ ]
[ 14 ]
[ 14 ]
[ 14 ]
[ 14 ]
[ 14 ]
[ ]
[ ]
[ 15 ]
[ 15 ]
[ 15 ]
[ 15 ]
[ 15 ]
[ ]
[ ]
[ 16 ]
[ 16 ]
[ 16 ]
[ 16 ]
[ 16 ]
[ ]
[ ]
[ 17 ]
[ 17 ]
[ 17 ]
[ 17 ]
[ 17 ]
[ ]
[ ]
[ 18 ]
]

ProjectStart: [ 4 ]

ProjectEnd: [ 113 ]

EarliestStartDayForActivity: [ 1 4 4 4 23 47 4 47 27 62 62 4 4 82 82 81 47 62 62 61 76 81 81 62 47 74 100 74 4 86 86 47 4 86 76 81 95 90 ]

LatestStartDayForActivity: [ 1 113 113 113 113 113 113 113 113 113 113 113 113 113 113 113 113 113 113 113 113 113 113 113 113 113 113 113 113 113 113 113 113 113 113 113 113 113 ]

EquipmentTypeDemandInActivityWithMode: [
0	1	
0	1	
1	3	
2	4	
1	3	
0	1	
3	6	
2	4	
2	4	
2	4	
3	6	
3	6	
3	6	
4	7	
2	4	
1	3	
1	3	
1	3	
2	4	
4	7	
1	3	
1	3	
2	4	
1	3	
2	4	
2	4	
0	1	
1	3	
1	3	
1	3	
1	3	
2	4	
0	1	
3	6	
1	3	
2	4	
3	6	
3	6	

0	1	
1	3	
3	6	
0	1	
1	3	
1	3	
0	1	
2	4	
0	1	
3	6	
3	6	
0	1	
1	3	
1	3	
1	3	
1	3	
1	3	
1	3	
1	3	
1	3	
1	3	
0	1	
1	3	
2	4	
0	1	
2	4	
0	1	
0	1	
0	1	
2	4	
2	4	
0	1	
2	4	
2	4	
1	3	
0	1	
3	6	
1	3	

0	1	
1	3	
2	4	
0	1	
1	3	
3	6	
3	6	
0	1	
0	1	
4	7	
0	1	
1	3	
0	1	
1	3	
0	1	
1	3	
1	3	
2	4	
1	3	
1	3	
2	4	
0	1	
2	4	
1	3	
1	3	
0	1	
1	3	
2	4	
0	1	
0	1	
0	1	
2	4	
2	4	
2	4	
2	4	
1	3	
3	6	
0	1	

0	1	
1	3	
1	3	
0	1	
3	6	
1	3	
0	1	
0	1	
1	3	
1	3	
0	1	
2	4	
1	3	
1	3	
3	6	
1	3	
1	3	
1	3	
2	4	
3	6	
2	4	
1	3	
0	1	
1	3	
2	4	
1	3	
0	1	
1	3	
1	3	
1	3	
2	4	
1	3	
1	3	
0	1	
2	4	
0	1	
0	1	
3	6	

0	1	
0	1	
2	4	
0	1	
0	1	
0	1	
1	3	
4	7	
0	1	
1	3	
2	4	
0	1	
1	3	
0	1	
4	7	
1	3	
0	1	
0	1	
1	3	
1	3	
3	6	
1	3	
0	1	
0	1	
1	3	
3	6	
1	3	
0	1	
2	4	
0	1	
2	4	
0	1	
1	3	
0	1	
2	4	
0	1	
3	6	
0	1	

0	1	
1	3	
1	3	
4	7	
1	3	
0	1	
0	1	
2	4	
0	1	
1	3	
1	3	
0	1	
2	4	
2	4	
1	3	
1	3	
2	4	
1	3	
3	6	
0	1	
3	6	
0	1	
2	4	
1	3	
2	4	
1	3	
0	1	
1	3	
2	4	
0	1	
4	7	
1	3	
1	3	
2	4	
2	4	
0	1	
3	6	
2	4	

0	1	
5	9	
1	3	
1	3	
2	4	
1	3	
2	4	
1	3	
1	3	
1	3	
1	3	
5	9	
4	7	
3	6	
2	4	
2	4	
1	3	
2	4	
2	4	
2	4	
2	4	
2	4	
1	3	
1	3	
0	1	
1	3	
0	1	
1	3	
0	1	
1	3	
0	1	
1	3	
1	3	
1	3	
1	3	
0	1	
0	1	
0	1	

]

ExternalEquipmentRentingCost: [
2662	1302	3794	3431	3463	3551	2647	5606	4304	2350	2001	1602	5356	2634	2650	2668	1459	2399	3806	4249	4449	1515	4453	1394	1019	5014	3611	3554	3246	4831	5460	4393	3014	2655	3193	2730	2634	4540	
2016	5987	3124	5693	2190	2151	3487	5228	3136	2698	2409	1734	1436	2030	1449	4123	5362	2766	2794	2755	2101	4769	4958	3611	1456	1062	4012	3592	5617	4851	4856	1112	2980	5607	2569	1139	1101	2862	
1056	4866	1276	3474	4719	4676	1086	5204	3394	4473	5127	4543	2899	2350	5112	4899	1544	5962	4222	5367	1903	4532	3668	3428	1308	1146	2792	5091	2802	3298	4798	5028	5274	1786	3286	2448	5145	5062	
3664	3087	4001	2858	1584	5210	5485	3674	1709	2164	5184	3664	2046	2256	3404	1588	1535	4975	1667	5242	1079	5794	4632	3139	1766	3506	5774	2829	3763	1421	2347	3919	3871	2554	2280	1864	3477	2319	
5357	1807	3531	3465	4458	2385	5321	2820	4370	3829	2001	4106	5270	1644	5269	5094	3743	1071	1569	3850	1401	3404	3232	5512	2553	5034	3220	4312	4361	4432	5263	4051	1767	3946	5766	4369	2313	3500	
2275	2581	3455	2529	4942	5137	4679	2939	4181	1294	5991	1182	1165	5650	2065	4900	2884	3916	5256	5968	3560	1027	3379	3231	3488	2764	1916	3065	5413	2800	3528	3505	3697	5271	5831	1532	4997	2699	
5568	2327	5205	1282	4919	2881	3142	1473	5249	3012	5406	3410	5624	3918	5288	5862	4395	3219	2867	2236	5882	1914	4317	5832	4775	4032	5222	5334	1471	5143	3330	3268	5709	3692	3171	1228	5936	2303	
]

EquipmentTypeTransportationCost: [
1	

1	

1	

1	

1	

1	

1	

]

TransportationTimeForEquipmentTypeBetweenProjects: [
1	

1	

1	

1	

1	

1	

1	

]

TotalNumberOfInitialEquipmentTypeLocation: [
(1 1) 9 
(2 1) 8 
(3 1) 6 
(4 1) 5 
(5 1) 10 
(6 1) 5 
(7 1) 7 
]

DepotActivities: [ 1 ]

MaximalStintCliques: [
]
