nEmployees: 90
nSkills: 4
nProjects: 1
nDays: 150
nActivities: 30
nEquipmentTypes: 6
nStints: 22
nMaxModes: 1
nStintCliques: 0

EmployeeInStintCost: [
21662 21662 21662 21662 21662 21662 21662 21662 21662 21662 21662 21662 21662 21662 21662 21662 21662 21662 21662 21662 21662 16146 
25402 25402 25402 25402 25402 25402 25402 25402 25402 25402 25402 25402 25402 25402 25402 25402 25402 25402 25402 25402 25402 20006 
18414 18414 18414 18414 18414 18414 18414 18414 18414 18414 18414 18414 18414 18414 18414 18414 18414 18414 18414 18414 18414 13042 
4104 4104 4104 4104 4104 4104 4104 4104 4104 4104 4104 4104 4104 4104 4104 4104 4104 4104 4104 4104 4104 1368 
21930 21930 21930 21930 21930 21930 21930 21930 21930 21930 21930 21930 21930 21930 21930 21930 21930 21930 21930 21930 21930 16486 
25942 25942 25942 25942 25942 25942 25942 25942 25942 25942 25942 25942 25942 25942 25942 25942 25942 25942 25942 25942 25942 20186 
13714 13714 13714 13714 13714 13714 13714 13714 13714 13714 13714 13714 13714 13714 13714 13714 13714 13714 13714 13714 13714 8270 
22354 22354 22354 22354 22354 22354 22354 22354 22354 22354 22354 22354 22354 22354 22354 22354 22354 22354 22354 22354 22354 16766 
20590 20590 20590 20590 20590 20590 20590 20590 20590 20590 20590 20590 20590 20590 20590 20590 20590 20590 20590 20590 20590 15170 
22038 22038 22038 22038 22038 22038 22038 22038 22038 22038 22038 22038 22038 22038 22038 22038 22038 22038 22038 22038 22038 16522 
23586 23586 23586 23586 23586 23586 23586 23586 23586 23586 23586 23586 23586 23586 23586 23586 23586 23586 23586 23586 23586 17950 
13646 13646 13646 13646 13646 13646 13646 13646 13646 13646 13646 13646 13646 13646 13646 13646 13646 13646 13646 13646 13646 8178 
16370 16370 16370 16370 16370 16370 16370 16370 16370 16370 16370 16370 16370 16370 16370 16370 16370 16370 16370 16370 16370 10878 
21842 21842 21842 21842 21842 21842 21842 21842 21842 21842 21842 21842 21842 21842 21842 21842 21842 21842 21842 21842 21842 16206 
18226 18226 18226 18226 18226 18226 18226 18226 18226 18226 18226 18226 18226 18226 18226 18226 18226 18226 18226 18226 18226 12734 
23406 23406 23406 23406 23406 23406 23406 23406 23406 23406 23406 23406 23406 23406 23406 23406 23406 23406 23406 23406 23406 17890 
13978 13978 13978 13978 13978 13978 13978 13978 13978 13978 13978 13978 13978 13978 13978 13978 13978 13978 13978 13978 13978 8582 
3780 3780 3780 3780 3780 3780 3780 3780 3780 3780 3780 3780 3780 3780 3780 3780 3780 3780 3780 3780 3780 1260 
3816 3816 3816 3816 3816 3816 3816 3816 3816 3816 3816 3816 3816 3816 3816 3816 3816 3816 3816 3816 3816 1272 
23058 23058 23058 23058 23058 23058 23058 23058 23058 23058 23058 23058 23058 23058 23058 23058 23058 23058 23058 23058 23058 17566 
13646 13646 13646 13646 13646 13646 13646 13646 13646 13646 13646 13646 13646 13646 13646 13646 13646 13646 13646 13646 13646 8178 
21878 21878 21878 21878 21878 21878 21878 21878 21878 21878 21878 21878 21878 21878 21878 21878 21878 21878 21878 21878 21878 16218 
14218 14218 14218 14218 14218 14218 14218 14218 14218 14218 14218 14218 14218 14218 14218 14218 14218 14218 14218 14218 14218 8438 
18190 18190 18190 18190 18190 18190 18190 18190 18190 18190 18190 18190 18190 18190 18190 18190 18190 18190 18190 18190 18190 12722 
13562 13562 13562 13562 13562 13562 13562 13562 13562 13562 13562 13562 13562 13562 13562 13562 13562 13562 13562 13562 13562 7974 
14230 14230 14230 14230 14230 14230 14230 14230 14230 14230 14230 14230 14230 14230 14230 14230 14230 14230 14230 14230 14230 8666 
22854 22854 22854 22854 22854 22854 22854 22854 22854 22854 22854 22854 22854 22854 22854 22854 22854 22854 22854 22854 22854 17530 
23454 23454 23454 23454 23454 23454 23454 23454 23454 23454 23454 23454 23454 23454 23454 23454 23454 23454 23454 23454 23454 17698 
18082 18082 18082 18082 18082 18082 18082 18082 18082 18082 18082 18082 18082 18082 18082 18082 18082 18082 18082 18082 18082 12686 
25834 25834 25834 25834 25834 25834 25834 25834 25834 25834 25834 25834 25834 25834 25834 25834 25834 25834 25834 25834 25834 20150 
22890 22890 22890 22890 22890 22890 22890 22890 22890 22890 22890 22890 22890 22890 22890 22890 22890 22890 22890 22890 22890 17542 
14410 14410 14410 14410 14410 14410 14410 14410 14410 14410 14410 14410 14410 14410 14410 14410 14410 14410 14410 14410 14410 8726 
23730 23730 23730 23730 23730 23730 23730 23730 23730 23730 23730 23730 23730 23730 23730 23730 23730 23730 23730 23730 23730 17998 
14482 14482 14482 14482 14482 14482 14482 14482 14482 14482 14482 14482 14482 14482 14482 14482 14482 14482 14482 14482 14482 8750 
13390 13390 13390 13390 13390 13390 13390 13390 13390 13390 13390 13390 13390 13390 13390 13390 13390 13390 13390 13390 13390 7826 
20698 20698 20698 20698 20698 20698 20698 20698 20698 20698 20698 20698 20698 20698 20698 20698 20698 20698 20698 20698 20698 15206 
23058 23058 23058 23058 23058 23058 23058 23058 23058 23058 23058 23058 23058 23058 23058 23058 23058 23058 23058 23058 23058 17566 
14338 14338 14338 14338 14338 14338 14338 14338 14338 14338 14338 14338 14338 14338 14338 14338 14338 14338 14338 14338 14338 8702 
23070 23070 23070 23070 23070 23070 23070 23070 23070 23070 23070 23070 23070 23070 23070 23070 23070 23070 23070 23070 23070 17602 
23034 23034 23034 23034 23034 23034 23034 23034 23034 23034 23034 23034 23034 23034 23034 23034 23034 23034 23034 23034 23034 17590 
13498 13498 13498 13498 13498 13498 13498 13498 13498 13498 13498 13498 13498 13498 13498 13498 13498 13498 13498 13498 13498 7862 
13318 13318 13318 13318 13318 13318 13318 13318 13318 13318 13318 13318 13318 13318 13318 13318 13318 13318 13318 13318 13318 7802 
23262 23262 23262 23262 23262 23262 23262 23262 23262 23262 23262 23262 23262 23262 23262 23262 23262 23262 23262 23262 23262 17842 
25582 25582 25582 25582 25582 25582 25582 25582 25582 25582 25582 25582 25582 25582 25582 25582 25582 25582 25582 25582 25582 20066 
23310 23310 23310 23310 23310 23310 23310 23310 23310 23310 23310 23310 23310 23310 23310 23310 23310 23310 23310 23310 23310 17650 
16766 16766 16766 16766 16766 16766 16766 16766 16766 16766 16766 16766 16766 16766 16766 16766 16766 16766 16766 16766 16766 11010 
23562 23562 23562 23562 23562 23562 23562 23562 23562 23562 23562 23562 23562 23562 23562 23562 23562 23562 23562 23562 23562 17734 
20518 20518 20518 20518 20518 20518 20518 20518 20518 20518 20518 20518 20518 20518 20518 20518 20518 20518 20518 20518 20518 15146 
20878 20878 20878 20878 20878 20878 20878 20878 20878 20878 20878 20878 20878 20878 20878 20878 20878 20878 20878 20878 20878 15266 
18354 18354 18354 18354 18354 18354 18354 18354 18354 18354 18354 18354 18354 18354 18354 18354 18354 18354 18354 18354 18354 12958 
13970 13970 13970 13970 13970 13970 13970 13970 13970 13970 13970 13970 13970 13970 13970 13970 13970 13970 13970 13970 13970 8286 
3672 3672 3672 3672 3672 3672 3672 3672 3672 3672 3672 3672 3672 3672 3672 3672 3672 3672 3672 3672 3672 1224 
18846 18846 18846 18846 18846 18846 18846 18846 18846 18846 18846 18846 18846 18846 18846 18846 18846 18846 18846 18846 18846 13186 
13970 13970 13970 13970 13970 13970 13970 13970 13970 13970 13970 13970 13970 13970 13970 13970 13970 13970 13970 13970 13970 8286 
19410 19410 19410 19410 19410 19410 19410 19410 19410 19410 19410 19410 19410 19410 19410 19410 19410 19410 19410 19410 19410 13966 
21482 21482 21482 21482 21482 21482 21482 21482 21482 21482 21482 21482 21482 21482 21482 21482 21482 21482 21482 21482 21482 16086 
21518 21518 21518 21518 21518 21518 21518 21518 21518 21518 21518 21518 21518 21518 21518 21518 21518 21518 21518 21518 21518 16098 
22182 22182 22182 22182 22182 22182 22182 22182 22182 22182 22182 22182 22182 22182 22182 22182 22182 22182 22182 22182 22182 16570 
19230 19230 19230 19230 19230 19230 19230 19230 19230 19230 19230 19230 19230 19230 19230 19230 19230 19230 19230 19230 19230 13906 
22842 22842 22842 22842 22842 22842 22842 22842 22842 22842 22842 22842 22842 22842 22842 22842 22842 22842 22842 22842 22842 17494 
12994 12994 12994 12994 12994 12994 12994 12994 12994 12994 12994 12994 12994 12994 12994 12994 12994 12994 12994 12994 12994 7694 
22218 22218 22218 22218 22218 22218 22218 22218 22218 22218 22218 22218 22218 22218 22218 22218 22218 22218 22218 22218 22218 16822 
22606 22606 22606 22606 22606 22606 22606 22606 22606 22606 22606 22606 22606 22606 22606 22606 22606 22606 22606 22606 22606 16850 
23238 23238 23238 23238 23238 23238 23238 23238 23238 23238 23238 23238 23238 23238 23238 23238 23238 23238 23238 23238 23238 17626 
22210 22210 22210 22210 22210 22210 22210 22210 22210 22210 22210 22210 22210 22210 22210 22210 22210 22210 22210 22210 22210 16718 
18010 18010 18010 18010 18010 18010 18010 18010 18010 18010 18010 18010 18010 18010 18010 18010 18010 18010 18010 18010 18010 12662 
22770 22770 22770 22770 22770 22770 22770 22770 22770 22770 22770 22770 22770 22770 22770 22770 22770 22770 22770 22770 22770 17470 
13642 13642 13642 13642 13642 13642 13642 13642 13642 13642 13642 13642 13642 13642 13642 13642 13642 13642 13642 13642 13642 8246 
4284 4284 4284 4284 4284 4284 4284 4284 4284 4284 4284 4284 4284 4284 4284 4284 4284 4284 4284 4284 4284 1428 
23370 23370 23370 23370 23370 23370 23370 23370 23370 23370 23370 23370 23370 23370 23370 23370 23370 23370 23370 23370 23370 17878 
18642 18642 18642 18642 18642 18642 18642 18642 18642 18642 18642 18642 18642 18642 18642 18642 18642 18642 18642 18642 18642 13054 
21914 21914 21914 21914 21914 21914 21914 21914 21914 21914 21914 21914 21914 21914 21914 21914 21914 21914 21914 21914 21914 16230 
14146 14146 14146 14146 14146 14146 14146 14146 14146 14146 14146 14146 14146 14146 14146 14146 14146 14146 14146 14146 14146 8414 
18118 18118 18118 18118 18118 18118 18118 18118 18118 18118 18118 18118 18118 18118 18118 18118 18118 18118 18118 18118 18118 12698 
13718 13718 13718 13718 13718 13718 13718 13718 13718 13718 13718 13718 13718 13718 13718 13718 13718 13718 13718 13718 13718 8202 
21590 21590 21590 21590 21590 21590 21590 21590 21590 21590 21590 21590 21590 21590 21590 21590 21590 21590 21590 21590 21590 16122 
18642 18642 18642 18642 18642 18642 18642 18642 18642 18642 18642 18642 18642 18642 18642 18642 18642 18642 18642 18642 18642 13054 
21662 21662 21662 21662 21662 21662 21662 21662 21662 21662 21662 21662 21662 21662 21662 21662 21662 21662 21662 21662 21662 16146 
14230 14230 14230 14230 14230 14230 14230 14230 14230 14230 14230 14230 14230 14230 14230 14230 14230 14230 14230 14230 14230 8666 
22254 22254 22254 22254 22254 22254 22254 22254 22254 22254 22254 22254 22254 22254 22254 22254 22254 22254 22254 22254 22254 16594 
18154 18154 18154 18154 18154 18154 18154 18154 18154 18154 18154 18154 18154 18154 18154 18154 18154 18154 18154 18154 18154 12710 
22534 22534 22534 22534 22534 22534 22534 22534 22534 22534 22534 22534 22534 22534 22534 22534 22534 22534 22534 22534 22534 16826 
18846 18846 18846 18846 18846 18846 18846 18846 18846 18846 18846 18846 18846 18846 18846 18846 18846 18846 18846 18846 18846 13186 
23358 23358 23358 23358 23358 23358 23358 23358 23358 23358 23358 23358 23358 23358 23358 23358 23358 23358 23358 23358 23358 17698 
3744 3744 3744 3744 3744 3744 3744 3744 3744 3744 3744 3744 3744 3744 3744 3744 3744 3744 3744 3744 3744 1248 
22642 22642 22642 22642 22642 22642 22642 22642 22642 22642 22642 22642 22642 22642 22642 22642 22642 22642 22642 22642 22642 16862 
22210 22210 22210 22210 22210 22210 22210 22210 22210 22210 22210 22210 22210 22210 22210 22210 22210 22210 22210 22210 22210 16718 
20914 20914 20914 20914 20914 20914 20914 20914 20914 20914 20914 20914 20914 20914 20914 20914 20914 20914 20914 20914 20914 15278 
21966 21966 21966 21966 21966 21966 21966 21966 21966 21966 21966 21966 21966 21966 21966 21966 21966 21966 21966 21966 21966 16498 
13570 13570 13570 13570 13570 13570 13570 13570 13570 13570 13570 13570 13570 13570 13570 13570 13570 13570 13570 13570 13570 8222 
]

ExternalWorkerWithSkillOnStintCost: [
15660 14250 14610 16710 12000 15510 16890 12060 17550 12420 16530 17610 12000 15180 16500 13830 12030 12180 13650 14460 17130 9630 
17160 13020 14280 15360 17970 15570 12630 17970 13860 17070 17370 14160 15630 13410 16350 17250 17850 16200 16770 15240 15000 9648 
17550 15990 15870 16020 13200 13140 16080 14010 15750 17820 12990 17970 17460 13890 12300 17460 15540 16770 13140 13950 13680 8748 
14730 17460 12600 15990 15360 13950 16350 16800 12750 12360 17040 17730 14460 13140 13350 14070 13830 16560 13170 14280 15210 9756 
]

OverlappingStints: [
[ ]
[ ]
[ ]
[ ]
[ ]
[ ]
[ ]
[ ]
[ ]
[ ]
[ ]
[ ]
[ ]
[ ]
[ ]
[ ]
[ ]
[ ]
[ ]
[ ]
[ ]
[ ]
]

EmployeesWithSkill: [
[ 1 2 3 4 5 6 7 8 9 10 11 12 13 14 15 16 17 18 19 20 21 22 23 24 25 26 27 28 29 30 31 32 33 34 35 36 37 38 39 40 41 42 43 44 45 46 47 48 49 50 51 52 53 54 55 56 57 58 59 60 61 62 63 64 65 66 67 68 69 70 71 72 73 74 75 76 77 78 79 80 81 82 83 84 85 86 87 88 89 90 ]
[ 3 6 8 9 11 19 20 21 22 23 28 29 31 32 33 34 35 36 37 38 40 41 42 44 47 49 50 52 53 56 59 62 64 67 69 72 73 74 75 76 77 79 80 86 87 88 90 ]
[ 2 3 4 5 6 7 9 10 11 13 14 15 16 17 18 19 20 21 22 23 24 25 26 27 28 29 30 31 32 33 34 35 36 37 39 42 43 44 45 46 47 48 49 50 51 52 54 55 56 57 58 59 60 62 63 64 65 67 68 69 70 71 72 73 74 77 78 79 80 81 82 83 84 85 86 87 88 89 ]
[ 1 4 7 9 10 11 15 17 23 27 28 30 34 37 45 46 47 50 53 57 61 63 64 66 71 73 75 85 87 89 ]
]

SkillDemandInActivityWithMode: [
0	
23	
15	
9	
5	
20	
26	
11	
12	
9	
20	
6	
20	
10	
20	
12	
4	
23	
16	
23	
16	
12	
20	
15	
8	
18	
13	
4	
22	
20	

0	
11	
7	
4	
2	
10	
13	
5	
6	
4	
10	
3	
10	
4	
10	
6	
2	
11	
8	
11	
8	
5	
10	
7	
4	
8	
6	
2	
11	
10	

0	
19	
12	
7	
4	
16	
22	
8	
10	
7	
16	
4	
16	
7	
16	
10	
3	
19	
13	
19	
13	
9	
16	
12	
6	
14	
11	
3	
19	
16	

0	
7	
4	
2	
1	
6	
8	
3	
4	
2	
6	
1	
6	
3	
6	
4	
1	
7	
5	
7	
5	
3	
6	
4	
2	
5	
4	
1	
7	
6	

]

EmployeeAvailability: [
1 1 1 1 0 1 1 1 1 1 1 1 1 1 1 1 1 1 1 1 1 1 
1 1 1 1 1 1 1 1 1 1 1 1 1 1 1 1 1 1 1 1 1 1 
1 1 1 1 1 1 1 0 1 1 1 0 1 1 1 1 1 1 1 1 1 1 
1 1 1 1 1 1 1 1 1 1 1 1 1 0 1 1 0 0 1 1 1 1 
1 1 1 1 1 1 1 1 1 1 1 1 1 1 1 1 1 1 1 1 1 1 
0 1 1 1 0 1 1 1 1 1 1 1 1 1 1 1 1 1 1 1 1 1 
1 1 1 1 1 0 1 1 1 1 1 1 1 1 1 1 1 1 1 0 1 1 
1 1 1 1 1 1 1 1 1 1 1 1 1 1 1 1 1 1 1 1 1 1 
1 1 1 1 0 1 1 1 1 1 1 1 1 0 1 1 1 1 1 1 1 1 
1 1 1 1 1 1 1 1 1 1 1 0 1 1 1 1 1 1 1 1 1 1 
1 1 1 1 1 1 1 1 1 1 1 0 0 1 1 1 1 1 1 0 1 1 
1 1 1 1 1 1 1 1 1 1 1 1 1 1 1 1 1 1 1 1 1 1 
1 1 1 1 0 1 1 1 1 1 1 1 1 1 1 1 1 1 1 1 1 1 
1 1 1 1 1 1 1 1 1 1 1 1 1 1 1 1 1 1 1 1 1 1 
1 1 1 1 1 1 1 1 1 1 1 1 1 1 1 1 1 1 1 1 1 1 
1 1 1 1 1 0 1 1 1 1 1 1 1 1 1 1 1 1 1 1 1 1 
1 1 1 1 1 0 1 1 1 1 1 1 1 1 1 1 1 0 1 1 1 1 
1 1 1 1 1 0 1 1 1 1 1 1 1 1 1 1 1 1 1 1 1 1 
1 1 1 1 1 1 1 1 1 1 1 1 1 1 1 1 1 1 1 0 1 0 
1 1 1 1 1 1 1 1 1 1 1 1 1 1 0 1 1 1 1 1 1 1 
1 1 1 1 1 0 1 1 1 1 1 1 1 1 1 1 1 1 1 0 1 1 
1 1 1 1 1 0 1 1 1 1 1 1 1 1 0 1 1 1 1 1 1 1 
1 1 1 1 1 1 0 1 1 1 1 1 1 1 1 1 1 1 1 1 1 1 
1 1 1 1 1 1 1 1 1 0 1 1 1 1 1 1 1 1 1 1 1 1 
1 1 1 1 1 1 1 1 1 1 1 1 1 1 1 1 1 1 1 1 1 1 
1 1 1 1 0 1 1 1 1 1 1 1 1 1 0 1 1 1 1 1 1 1 
1 1 1 1 0 1 1 1 1 1 1 1 1 1 1 1 1 1 0 1 1 1 
1 1 1 0 1 1 1 1 1 1 1 1 1 1 1 1 1 1 1 1 1 1 
1 1 1 1 1 1 1 1 1 1 1 1 1 1 1 1 1 1 1 1 1 1 
1 1 1 1 1 1 1 1 1 1 1 1 1 1 1 1 1 1 1 1 1 1 
0 1 1 1 1 1 1 1 1 1 1 1 1 1 1 1 1 1 1 1 1 1 
1 1 1 1 1 0 1 1 1 1 1 0 1 1 0 1 1 1 1 1 1 1 
1 1 1 1 1 1 1 1 1 1 1 1 1 0 1 1 1 1 1 0 0 1 
1 1 1 1 1 1 1 1 1 1 1 1 1 1 1 1 1 1 1 1 1 1 
1 1 1 1 1 1 1 1 1 1 1 1 1 1 1 0 1 1 1 1 1 1 
1 1 1 1 1 1 1 1 1 1 1 1 1 0 1 1 1 1 1 1 1 1 
0 1 1 1 1 1 1 1 1 1 1 1 1 1 1 1 0 1 1 1 0 1 
1 1 1 1 1 1 1 1 1 0 1 1 1 1 1 1 1 1 1 1 1 1 
1 1 1 1 1 0 1 1 1 1 1 0 1 1 1 1 1 1 1 1 1 1 
1 1 1 1 1 1 1 1 1 1 1 1 1 1 1 1 0 1 1 1 1 1 
1 1 1 1 1 1 1 1 1 1 1 1 1 1 1 1 1 1 1 1 0 1 
1 0 1 1 1 1 1 1 1 1 1 1 1 1 1 1 1 1 0 1 1 1 
0 1 1 1 1 1 1 1 1 1 1 1 1 0 1 0 1 1 1 1 1 1 
1 1 1 1 1 0 0 1 1 1 1 1 1 1 1 1 1 1 1 1 1 0 
1 1 0 1 1 0 1 1 1 1 0 1 1 1 1 1 1 1 1 1 1 1 
1 1 1 1 1 1 1 1 1 1 1 1 1 1 1 1 1 1 1 1 1 1 
1 1 1 1 1 1 1 1 1 1 1 1 1 1 1 1 1 0 1 1 1 1 
0 1 1 1 1 1 1 1 1 1 1 1 1 1 1 1 1 1 1 1 1 1 
1 1 1 1 1 1 1 1 1 1 1 1 0 1 1 1 0 1 1 1 1 1 
1 1 1 1 1 1 1 0 1 1 1 1 1 1 1 1 1 1 1 1 1 1 
1 1 1 1 1 1 1 1 1 1 1 1 1 1 1 1 1 1 1 1 1 1 
1 1 1 1 1 1 1 1 1 1 1 1 1 0 1 1 1 1 1 1 1 1 
1 1 1 1 1 1 1 1 1 1 1 1 1 1 1 1 1 1 1 1 1 1 
1 1 1 1 1 1 0 1 1 1 1 1 1 0 1 1 1 1 1 1 1 1 
1 1 1 1 1 1 1 1 1 1 1 1 1 1 1 1 1 1 1 1 1 1 
1 1 1 1 1 1 1 1 1 1 1 1 1 1 1 1 1 1 1 1 1 1 
1 1 1 1 1 1 1 1 1 1 1 1 1 1 1 1 1 1 1 1 1 1 
1 1 1 1 0 1 1 1 1 1 1 1 1 1 1 1 1 1 1 1 1 1 
1 1 1 1 1 1 1 1 1 1 1 1 1 1 1 1 1 1 1 1 1 1 
0 1 1 1 1 1 1 1 1 1 0 1 1 1 1 1 1 1 1 1 1 1 
1 1 1 1 1 0 1 1 1 1 1 1 1 1 1 1 1 1 1 1 1 1 
1 1 1 1 1 1 1 1 1 1 1 1 1 1 1 1 1 1 1 1 1 1 
1 1 1 1 1 1 1 0 1 1 1 1 1 1 1 1 1 1 1 1 1 1 
1 1 1 1 1 1 1 1 1 0 1 1 1 1 1 0 1 1 1 1 1 1 
1 1 1 1 1 1 1 1 1 1 1 1 1 1 1 1 1 1 0 1 1 1 
1 1 1 1 1 1 1 1 1 1 1 1 1 1 1 1 1 1 1 1 1 1 
1 1 1 1 1 1 1 1 1 1 1 1 1 1 1 1 1 1 1 1 1 1 
1 1 1 1 1 1 1 1 1 1 1 1 1 1 1 1 1 1 1 1 1 1 
1 1 1 1 1 1 1 1 1 1 1 1 1 1 1 1 1 1 1 1 1 1 
1 1 1 1 1 1 1 1 1 1 1 0 1 1 1 1 1 1 1 1 1 1 
1 1 1 1 1 1 1 1 0 1 1 1 1 0 1 1 1 1 1 1 1 1 
1 1 1 1 1 1 1 1 1 1 1 1 1 1 1 1 1 1 1 1 1 1 
1 1 0 1 1 1 1 1 1 1 1 1 1 1 1 1 1 1 1 1 1 1 
1 1 1 1 1 1 1 1 1 1 1 1 1 1 1 1 1 1 1 1 1 1 
1 0 1 1 1 1 1 1 1 1 1 1 1 1 1 1 0 1 1 1 1 1 
0 1 1 1 1 1 1 1 1 1 1 1 1 1 1 1 1 1 1 1 1 1 
1 1 1 1 1 1 1 1 1 1 1 1 1 0 1 1 1 1 1 0 1 1 
1 1 1 0 0 1 1 1 1 1 1 1 1 1 1 1 1 1 1 1 1 1 
1 0 1 0 1 1 1 1 1 1 1 1 1 1 1 1 1 1 1 1 1 1 
0 1 1 1 1 1 1 1 1 1 1 1 1 1 1 1 1 1 0 1 1 1 
1 1 1 1 1 1 1 1 1 1 1 1 1 1 0 1 1 1 1 1 1 1 
1 1 1 1 1 1 1 1 1 1 1 1 1 1 1 1 1 1 1 1 1 1 
1 1 1 1 1 1 1 1 1 1 1 1 1 1 1 1 1 1 1 1 1 1 
1 1 1 1 1 1 1 1 1 1 1 1 1 1 1 1 1 1 1 1 1 1 
1 1 1 1 1 1 1 1 1 1 1 1 1 1 1 0 1 1 1 1 1 1 
1 1 1 1 1 1 1 1 1 1 1 1 1 1 1 1 1 1 1 1 1 1 
1 1 1 0 1 1 1 1 1 1 1 1 1 1 1 0 1 1 1 1 1 1 
1 1 1 1 0 1 1 1 1 1 1 1 1 1 1 1 1 1 0 1 1 1 
1 1 1 1 1 0 1 1 1 1 1 1 1 1 1 1 0 1 1 1 1 1 
1 1 1 1 1 1 1 1 1 1 1 1 1 1 1 1 1 1 1 1 1 1 
]

EmployeeWantedInStint: [ (1 10) 1 (1 14) 1 (6 11) 1 (9 14) 1 (11 5) 1 (14 15) 1 (15 11) 1 (28 8) 1 (32 6) 1 (32 17) 1 (36 7) 1 (46 7) 1 (48 17) 1 (49 13) 1 (51 21) 1 (53 9) 1 (54 3) 1 (54 4) 1 (55 22) 1 (56 6) 1 (56 18) 1 (57 13) 1 (61 1) 1 (61 16) 1 (62 16) 1 (65 4) 1 (65 16) 1 (66 8) 1 (72 12) 1 (74 22) 1 (76 17) 1 (77 18) 1 (79 13) 1 (80 14) 1 (81 4) 1 (86 2) 1 (86 14) 1 (89 2) 1 ]

EmployeeWantedViolationCost: [ (1 10) 9000 (1 14) 15000 (6 11) 11000 (9 14) 7000 (11 5) 10000 (14 15) 6000 (15 11) 11000 (28 8) 7000 (32 6) 9000 (32 17) 10000 (36 7) 9000 (46 7) 11000 (48 17) 10000 (49 13) 5000 (51 21) 15000 (53 9) 11000 (54 3) 14000 (54 4) 5000 (55 22) 13000 (56 6) 11000 (56 18) 11000 (57 13) 15000 (61 1) 11000 (61 16) 10000 (62 16) 7000 (65 4) 13000 (65 16) 12000 (66 8) 8000 (72 12) 9000 (74 22) 5000 (76 17) 9000 (77 18) 6000 (79 13) 14000 (80 14) 9000 (81 4) 12000 (86 2) 7000 (86 14) 7000 (89 2) 10000 ]

EmployeesThatShouldNotWorkTogetherWithEmployee: [
[ 22 62 68 72 88 ]
[ 10 15 17 24 36 65 72 76 ]
[ 50 53 60 ]
[ 29 42 51 82 ]
[ 14 28 39 89 ]
[ 24 38 47 48 74 ]
[ 15 46 47 60 65 74 ]
[ 14 30 73 74 ]
[ 11 46 47 ]
[ 21 29 32 54 61 ]
[ 22 38 48 62 63 85 ]
[ 24 31 45 ]
[ 56 57 ]
[ 83 ]
[ 36 89 ]
[ 36 39 47 74 ]
[ 43 47 63 83 ]
[ 33 40 55 88 ]
[ 25 63 70 ]
[ 69 ]
[ 30 58 88 ]
[ ]
[ 30 69 73 ]
[ 40 ]
[ 42 62 77 ]
[ 48 62 65 69 ]
[ 73 ]
[ 56 ]
[ 71 88 ]
[ 42 75 ]
[ 49 60 80 82 87 ]
[ 45 ]
[ 53 75 ]
[ 52 ]
[ 46 ]
[ 88 ]
[ 59 66 78 ]
[ 57 59 ]
[ 62 ]
[ 56 72 ]
[ 68 ]
[ 56 61 87 ]
[ 52 ]
[ 78 88 ]
[ 66 69 ]
[ 49 54 60 68 ]
[ 55 79 86 ]
[ 60 74 82 ]
[ 73 87 ]
[ 55 63 ]
[ 89 ]
[ 73 ]
[ ]
[ 56 84 ]
[ 70 73 ]
[ ]
[ 67 76 79 ]
[ 69 ]
[ ]
[ ]
[ 86 89 ]
[ 63 68 ]
[ 68 77 78 86 90 ]
[ 78 ]
[ ]
[ ]
[ ]
[ ]
[ 86 ]
[ 78 ]
[ ]
[ ]
[ ]
[ 84 85 87 ]
[ ]
[ 80 ]
[ 82 84 ]
[ 79 ]
[ ]
[ 87 ]
[ ]
[ 88 ]
[ ]
[ ]
[ ]
[ ]
[ ]
[ 89 ]
[ ]
[ ]
]

ShouldNotWorkTogetherCost: [ (1 22) 396 (1 62) 198 (1 68) 396 (1 72) 198 (1 88) 297 (2 10) 297 (2 15) 396 (2 17) 297 (2 24) 297 (2 36) 198 (2 65) 99 (2 72) 396 (2 76) 297 (3 50) 396 (3 53) 297 (3 60) 99 (4 29) 198 (4 42) 198 (4 51) 99 (4 82) 198 (5 14) 99 (5 28) 198 (5 39) 396 (5 89) 396 (6 24) 99 (6 38) 396 (6 47) 297 (6 48) 297 (6 74) 99 (7 15) 396 (7 46) 297 (7 47) 198 (7 60) 99 (7 65) 99 (7 74) 297 (8 14) 297 (8 30) 198 (8 73) 396 (8 74) 297 (9 11) 198 (9 46) 396 (9 47) 297 (10 21) 396 (10 29) 396 (10 32) 297 (10 54) 396 (10 61) 297 (11 22) 297 (11 38) 99 (11 48) 297 (11 62) 396 (11 63) 198 (11 85) 297 (12 24) 198 (12 31) 198 (12 45) 396 (13 56) 297 (13 57) 198 (14 83) 198 (15 36) 297 (15 89) 297 (16 36) 396 (16 39) 297 (16 47) 396 (16 74) 198 (17 43) 99 (17 47) 297 (17 63) 297 (17 83) 396 (18 33) 198 (18 40) 396 (18 55) 297 (18 88) 99 (19 25) 396 (19 63) 297 (19 70) 396 (20 69) 297 (21 30) 99 (21 58) 198 (21 88) 396 (23 30) 198 (23 69) 99 (23 73) 297 (24 40) 396 (25 42) 99 (25 62) 198 (25 77) 198 (26 48) 198 (26 62) 396 (26 65) 297 (26 69) 99 (27 73) 198 (28 56) 297 (29 71) 297 (29 88) 198 (30 42) 396 (30 75) 297 (31 49) 297 (31 60) 396 (31 80) 297 (31 82) 297 (31 87) 297 (32 45) 297 (33 53) 297 (33 75) 99 (34 52) 396 (35 46) 198 (36 88) 396 (37 59) 198 (37 66) 198 (37 78) 396 (38 57) 396 (38 59) 198 (39 62) 99 (40 56) 99 (40 72) 198 (41 68) 396 (42 56) 198 (42 61) 99 (42 87) 198 (43 52) 198 (44 78) 297 (44 88) 99 (45 66) 198 (45 69) 198 (46 49) 99 (46 54) 297 (46 60) 297 (46 68) 297 (47 55) 396 (47 79) 99 (47 86) 99 (48 60) 297 (48 74) 297 (48 82) 198 (49 73) 396 (49 87) 396 (50 55) 198 (50 63) 297 (51 89) 99 (52 73) 297 (54 56) 297 (54 84) 198 (55 70) 198 (55 73) 396 (57 67) 99 (57 76) 396 (57 79) 396 (58 69) 396 (61 86) 99 (61 89) 99 (62 63) 198 (62 68) 198 (63 68) 99 (63 77) 297 (63 78) 198 (63 86) 99 (63 90) 396 (64 78) 297 (69 86) 297 (70 78) 99 (74 84) 198 (74 85) 396 (74 87) 99 (76 80) 198 (77 82) 396 (77 84) 297 (78 79) 198 (80 87) 297 (82 88) 297 (88 89) 297 ]

ImmediatePredecessorsToActivity: [
[ ]
[ 1 ]
[ 2 ]
[ 1 ]
[ 1 ]
[ 1 ]
[ 1 ]
[ 7 ]
[ 3 7 ]
[ 1 ]
[ 5 6 9 ]
[ 6 9 ]
[ 3 ]
[ 8 11 13 ]
[ 11 13 ]
[ 4 11 ]
[ 4 6 10 ]
[ 2 14 15 ]
[ 5 6 9 ]
[ 6 7 ]
[ 5 13 ]
[ 3 4 5 ]
[ 8 11 21 22 ]
[ 2 16 19 ]
[ 10 21 ]
[ 2 ]
[ 4 13 19 ]
[ 26 ]
[ 6 22 ]
[ 8 15 26 27 29 ]
]

ActivitiesInProject: [
[ 1 2 3 4 5 6 7 8 9 10 11 12 13 14 15 16 17 18 19 20 21 22 23 24 25 26 27 28 29 30 ]
]

nActivityModes: [ 1 1 1 1 1 1 1 1 1 1 1 1 1 1 1 1 1 1 1 1 1 1 1 1 1 1 1 1 1 1 ]

ActivitiyDurationWithMode: [
1	
7	
11	
19	
31	
8	
6	
15	
13	
19	
8	
27	
8	
17	
8	
13	
39	
7	
10	
7	
10	
14	
8	
11	
20	
9	
12	
39	
7	
8	
]
StintsInProject: [
[ 1 2 3 4 5 6 7 8 9 10 11 12 13 14 15 16 17 18 19 20 21 22 ]
]

WorkingStintsOnDay: [
[ 1 ]
[ 1 ]
[ 1 ]
[ 1 ]
[ 1 ]
[ ]
[ ]
[ 2 ]
[ 2 ]
[ 2 ]
[ 2 ]
[ 2 ]
[ ]
[ ]
[ 3 ]
[ 3 ]
[ 3 ]
[ 3 ]
[ 3 ]
[ ]
[ ]
[ 4 ]
[ 4 ]
[ 4 ]
[ 4 ]
[ 4 ]
[ ]
[ ]
[ 5 ]
[ 5 ]
[ 5 ]
[ 5 ]
[ 5 ]
[ ]
[ ]
[ 6 ]
[ 6 ]
[ 6 ]
[ 6 ]
[ 6 ]
[ ]
[ ]
[ 7 ]
[ 7 ]
[ 7 ]
[ 7 ]
[ 7 ]
[ ]
[ ]
[ 8 ]
[ 8 ]
[ 8 ]
[ 8 ]
[ 8 ]
[ ]
[ ]
[ 9 ]
[ 9 ]
[ 9 ]
[ 9 ]
[ 9 ]
[ ]
[ ]
[ 10 ]
[ 10 ]
[ 10 ]
[ 10 ]
[ 10 ]
[ ]
[ ]
[ 11 ]
[ 11 ]
[ 11 ]
[ 11 ]
[ 11 ]
[ ]
[ ]
[ 12 ]
[ 12 ]
[ 12 ]
[ 12 ]
[ 12 ]
[ ]
[ ]
[ 13 ]
[ 13 ]
[ 13 ]
[ 13 ]
[ 13 ]
[ ]
[ ]
[ 14 ]
[ 14 ]
[ 14 ]
[ 14 ]
[ 14 ]
[ ]
[ ]
[ 15 ]
[ 15 ]
[ 15 ]
[ 15 ]
[ 15 ]
[ ]
[ ]
[ 16 ]
[ 16 ]
[ 16 ]
[ 16 ]
[ 16 ]
[ ]
[ ]
[ 17 ]
[ 17 ]
[ 17 ]
[ 17 ]
[ 17 ]
[ ]
[ ]
[ 18 ]
[ 18 ]
[ 18 ]
[ 18 ]
[ 18 ]
[ ]
[ ]
[ 19 ]
[ 19 ]
[ 19 ]
[ 19 ]
[ 19 ]
[ ]
[ ]
[ 20 ]
[ 20 ]
[ 20 ]
[ 20 ]
[ 20 ]
[ ]
[ ]
[ 21 ]
[ 21 ]
[ 21 ]
[ 21 ]
[ 21 ]
[ ]
[ ]
[ 22 ]
[ 22 ]
[ 22 ]
]

ProjectStart: [ 2 ]

ProjectEnd: [ 89 ]

EarliestStartDayForActivity: [ 1 2 11 2 2 2 2 10 26 2 45 45 26 55 55 55 27 80 45 12 45 45 65 74 59 11 59 24 65 75 ]

LatestStartDayForActivity: [ 1 89 89 89 89 89 89 89 89 89 89 89 89 89 89 89 89 89 89 89 89 89 89 89 89 89 89 89 89 89 ]

EquipmentTypeDemandInActivityWithMode: [
0	
4	
0	
2	
0	
3	
0	
2	
1	
1	
3	
3	
3	
1	
1	
1	
1	
1	
2	
1	
0	
0	
0	
1	
4	
2	
1	
0	
1	
3	

0	
1	
2	
2	
3	
1	
1	
1	
1	
3	
0	
1	
2	
4	
0	
2	
2	
0	
2	
1	
3	
3	
2	
1	
2	
1	
0	
1	
0	
2	

0	
1	
2	
0	
2	
1	
0	
1	
1	
0	
3	
0	
0	
0	
0	
1	
0	
2	
1	
1	
1	
1	
2	
1	
1	
0	
0	
1	
2	
2	

0	
0	
4	
0	
0	
0	
0	
0	
1	
4	
2	
1	
0	
1	
2	
0	
2	
2	
0	
1	
0	
2	
0	
2	
1	
1	
2	
3	
1	
0	

0	
3	
5	
0	
1	
1	
0	
1	
3	
0	
0	
2	
1	
0	
2	
1	
1	
0	
1	
2	
2	
0	
0	
1	
1	
0	
0	
1	
1	
1	

0	
2	
1	
1	
2	
0	
1	
2	
2	
0	
1	
2	
1	
2	
2	
1	
2	
2	
3	
0	
2	
2	
1	
1	
2	
1	
3	
0	
1	
0	

]

ExternalEquipmentRentingCost: [
1530	3813	3353	1983	5379	3334	2333	3544	3248	4230	1853	2536	2661	3467	2886	2051	2911	1632	5297	3945	2556	2561	3976	2916	2003	3886	3488	3248	1431	5606	
5756	1050	1718	4669	2169	2231	1130	2021	4915	3568	4331	4506	5095	5148	3479	2847	3561	1600	3675	2833	4678	4732	3984	2130	1706	4349	4133	2792	1552	4223	
1804	2575	4153	3674	1109	2753	5666	5514	5037	1939	5759	1877	3797	1466	5499	3212	2510	4792	4232	5820	2421	2813	3386	4130	4553	5544	2120	1615	4414	2871	
5504	4367	5343	2271	2540	5962	2905	5966	1693	3739	2400	2999	5348	5822	4980	2283	5133	2455	3515	2409	5337	4212	3989	4270	2711	4216	3500	5772	3171	4931	
3489	1565	3181	4775	4427	5937	1086	3127	1215	2696	2879	1822	4034	2421	5077	2519	3192	3635	1118	4192	1954	3498	3382	3102	4493	5345	5374	1599	1108	5758	
3348	1501	2670	5170	5464	4761	3391	2723	3591	3082	5474	2886	2283	5476	1159	5800	5606	3438	5156	3193	2945	1500	3381	3149	2304	4996	2067	3184	3717	2185	
]

EquipmentTypeTransportationCost: [
1	

1	

1	

1	

1	

1	

]

TransportationTimeForEquipmentTypeBetweenProjects: [
1	

1	

1	

1	

1	

1	

]

TotalNumberOfInitialEquipmentTypeLocation: [
(1 1) 7 
(2 1) 7 
(3 1) 8 
(4 1) 9 
(5 1) 5 
(6 1) 4 
]

DepotActivities: [ 1 ]

MaximalStintCliques: [
]
