nEmployees: 90
nSkills: 4
nProjects: 1
nDays: 90
nActivities: 15
nEquipmentTypes: 5
nStints: 13
nMaxModes: 2
nStintCliques: 0

EmployeeInStintCost: [
13350 13350 13350 13350 13350 13350 13350 13350 13350 13350 13350 13350 12702 
11862 11862 11862 11862 11862 11862 11862 11862 11862 11862 11862 11862 11286 
17090 17090 17090 17090 17090 17090 17090 17090 17090 17090 17090 17090 16400 
13390 13390 13390 13390 13390 13390 13390 13390 13390 13390 13390 13390 12814 
19710 19710 19710 19710 19710 19710 19710 19710 19710 19710 19710 19710 19146 
21218 21218 21218 21218 21218 21218 21218 21218 21218 21218 21218 21218 20552 
20894 20894 20894 20894 20894 20894 20894 20894 20894 20894 20894 20894 20282 
16730 16730 16730 16730 16730 16730 16730 16730 16730 16730 16730 16730 16100 
7652 7652 7652 7652 7652 7652 7652 7652 7652 7652 7652 7652 7070 
4068 4068 4068 4068 4068 4068 4068 4068 4068 4068 4068 4068 3390 
8228 8228 8228 8228 8228 8228 8228 8228 8228 8228 8228 8228 7550 
12062 12062 12062 12062 12062 12062 12062 12062 12062 12062 12062 12062 11462 
11282 11282 11282 11282 11282 11282 11282 11282 11282 11282 11282 11282 10724 
13278 13278 13278 13278 13278 13278 13278 13278 13278 13278 13278 13278 12642 
12246 12246 12246 12246 12246 12246 12246 12246 12246 12246 12246 12246 11586 
11970 11970 11970 11970 11970 11970 11970 11970 11970 11970 11970 11970 11376 
12098 12098 12098 12098 12098 12098 12098 12098 12098 12098 12098 12098 11492 
13442 13442 13442 13442 13442 13442 13442 13442 13442 13442 13442 13442 12848 
16214 16214 16214 16214 16214 16214 16214 16214 16214 16214 16214 16214 15578 
16406 16406 16406 16406 16406 16406 16406 16406 16406 16406 16406 16406 15830 
12918 12918 12918 12918 12918 12918 12918 12918 12918 12918 12918 12918 12342 
15926 15926 15926 15926 15926 15926 15926 15926 15926 15926 15926 15926 15338 
13298 13298 13298 13298 13298 13298 13298 13298 13298 13298 13298 13298 12620 
13314 13314 13314 13314 13314 13314 13314 13314 13314 13314 13314 13314 12672 
3384 3384 3384 3384 3384 3384 3384 3384 3384 3384 3384 3384 2820 
7688 7688 7688 7688 7688 7688 7688 7688 7688 7688 7688 7688 7100 
16514 16514 16514 16514 16514 16514 16514 16514 16514 16514 16514 16514 15920 
13098 13098 13098 13098 13098 13098 13098 13098 13098 13098 13098 13098 12492 
13498 13498 13498 13498 13498 13498 13498 13498 13498 13498 13498 13498 12904 
18930 18930 18930 18930 18930 18930 18930 18930 18930 18930 18930 18930 18288 
20966 20966 20966 20966 20966 20966 20966 20966 20966 20966 20966 20966 20342 
16214 16214 16214 16214 16214 16214 16214 16214 16214 16214 16214 16214 15578 
12842 12842 12842 12842 12842 12842 12842 12842 12842 12842 12842 12842 12176 
15854 15854 15854 15854 15854 15854 15854 15854 15854 15854 15854 15854 15278 
16406 16406 16406 16406 16406 16406 16406 16406 16406 16406 16406 16406 15830 
16370 16370 16370 16370 16370 16370 16370 16370 16370 16370 16370 16370 15800 
13082 13082 13082 13082 13082 13082 13082 13082 13082 13082 13082 13082 12440 
11894 11894 11894 11894 11894 11894 11894 11894 11894 11894 11894 11894 11234 
7796 7796 7796 7796 7796 7796 7796 7796 7796 7796 7796 7796 7190 
12602 12602 12602 12602 12602 12602 12602 12602 12602 12602 12602 12602 11912 
13278 13278 13278 13278 13278 13278 13278 13278 13278 13278 13278 13278 12642 
12578 12578 12578 12578 12578 12578 12578 12578 12578 12578 12578 12578 11900 
13370 13370 13370 13370 13370 13370 13370 13370 13370 13370 13370 13370 12680 
11750 11750 11750 11750 11750 11750 11750 11750 11750 11750 11750 11750 11114 
12626 12626 12626 12626 12626 12626 12626 12626 12626 12626 12626 12626 11996 
20142 20142 20142 20142 20142 20142 20142 20142 20142 20142 20142 20142 19506 
20966 20966 20966 20966 20966 20966 20966 20966 20966 20966 20966 20966 20342 
12330 12330 12330 12330 12330 12330 12330 12330 12330 12330 12330 12330 11676 
12098 12098 12098 12098 12098 12098 12098 12098 12098 12098 12098 12098 11492 
13550 13550 13550 13550 13550 13550 13550 13550 13550 13550 13550 13550 12938 
11958 11958 11958 11958 11958 11958 11958 11958 11958 11958 11958 11958 11346 
19146 19146 19146 19146 19146 19146 19146 19146 19146 19146 19146 19146 18468 
12038 12038 12038 12038 12038 12038 12038 12038 12038 12038 12038 12038 11354 
16298 16298 16298 16298 16298 16298 16298 16298 16298 16298 16298 16298 15740 
16442 16442 16442 16442 16442 16442 16442 16442 16442 16442 16442 16442 15860 
13050 13050 13050 13050 13050 13050 13050 13050 13050 13050 13050 13050 12384 
11994 11994 11994 11994 11994 11994 11994 11994 11994 11994 11994 11994 11376 
13354 13354 13354 13354 13354 13354 13354 13354 13354 13354 13354 13354 12784 
16910 16910 16910 16910 16910 16910 16910 16910 16910 16910 16910 16910 16250 
12390 12390 12390 12390 12390 12390 12390 12390 12390 12390 12390 12390 11706 
18462 18462 18462 18462 18462 18462 18462 18462 18462 18462 18462 18462 17898 
21886 21886 21886 21886 21886 21886 21886 21886 21886 21886 21886 21886 21262 
12834 12834 12834 12834 12834 12834 12834 12834 12834 12834 12834 12834 12204 
11850 11850 11850 11850 11850 11850 11850 11850 11850 11850 11850 11850 11256 
13422 13422 13422 13422 13422 13422 13422 13422 13422 13422 13422 13422 12762 
12938 12938 12938 12938 12938 12938 12938 12938 12938 12938 12938 12938 12320 
12182 12182 12182 12182 12182 12182 12182 12182 12182 12182 12182 12182 11570 
7688 7688 7688 7688 7688 7688 7688 7688 7688 7688 7688 7688 7100 
15990 15990 15990 15990 15990 15990 15990 15990 15990 15990 15990 15990 15354 
15990 15990 15990 15990 15990 15990 15990 15990 15990 15990 15990 15990 15354 
8012 8012 8012 8012 8012 8012 8012 8012 8012 8012 8012 8012 7370 
4104 4104 4104 4104 4104 4104 4104 4104 4104 4104 4104 4104 3420 
11922 11922 11922 11922 11922 11922 11922 11922 11922 11922 11922 11922 11316 
12326 12326 12326 12326 12326 12326 12326 12326 12326 12326 12326 12326 11690 
20070 20070 20070 20070 20070 20070 20070 20070 20070 20070 20070 20070 19446 
11570 11570 11570 11570 11570 11570 11570 11570 11570 11570 11570 11570 10964 
14074 14074 14074 14074 14074 14074 14074 14074 14074 14074 14074 14074 13384 
20822 20822 20822 20822 20822 20822 20822 20822 20822 20822 20822 20822 20222 
18966 18966 18966 18966 18966 18966 18966 18966 18966 18966 18966 18966 18318 
15882 15882 15882 15882 15882 15882 15882 15882 15882 15882 15882 15882 15264 
11850 11850 11850 11850 11850 11850 11850 11850 11850 11850 11850 11850 11256 
12102 12102 12102 12102 12102 12102 12102 12102 12102 12102 12102 12102 11466 
21110 21110 21110 21110 21110 21110 21110 21110 21110 21110 21110 21110 20462 
12210 12210 12210 12210 12210 12210 12210 12210 12210 12210 12210 12210 11556 
15630 15630 15630 15630 15630 15630 15630 15630 15630 15630 15630 15630 15054 
12474 12474 12474 12474 12474 12474 12474 12474 12474 12474 12474 12474 11904 
13586 13586 13586 13586 13586 13586 13586 13586 13586 13586 13586 13586 12968 
13786 13786 13786 13786 13786 13786 13786 13786 13786 13786 13786 13786 13144 
12798 12798 12798 12798 12798 12798 12798 12798 12798 12798 12798 12798 12174 
3708 3708 3708 3708 3708 3708 3708 3708 3708 3708 3708 3708 3090 
]

ExternalWorkerWithSkillOnStintCost: [
17550 15930 17640 17250 13830 15450 15750 17250 12720 16320 16950 13320 13410 
14970 16260 13050 14730 12450 17880 12030 12780 14250 12120 12000 17760 12900 
15090 14970 13110 14520 15330 15300 16500 13170 16410 15300 14700 17250 17700 
12030 14250 14190 14280 13290 14400 16770 17280 15150 15630 12480 15930 17340 
]

OverlappingStints: [
[ ]
[ ]
[ ]
[ ]
[ ]
[ ]
[ ]
[ ]
[ ]
[ ]
[ ]
[ ]
[ ]
]

EmployeesWithSkill: [
[ 1 2 3 4 5 6 7 8 9 10 11 12 13 14 15 16 17 18 19 20 21 22 23 24 25 26 27 28 29 30 31 32 33 34 35 36 37 38 39 40 41 42 43 44 45 46 47 48 49 50 51 52 53 54 55 56 57 58 59 60 61 62 63 64 65 66 67 68 69 70 71 72 73 74 75 76 77 78 79 80 81 82 83 84 85 86 87 88 89 90 ]
[ 42 ]
[ 3 ]
[ 1 2 4 7 8 9 11 15 19 21 24 26 27 30 32 35 37 38 39 40 41 43 47 52 53 60 62 63 65 67 69 70 72 75 77 80 82 83 87 88 ]
]

SkillDemandInActivityWithMode: [
0	1	
30	46	
37	57	
15	24	
10	16	
8	13	
7	12	
15	24	
29	45	
49	75	
7	12	
25	39	
29	45	
14	22	
29	45	

0	1	
0	1	
0	1	
0	1	
0	1	
0	1	
0	1	
0	1	
0	1	
0	1	
0	1	
0	1	
0	1	
0	1	
0	1	

0	1	
0	1	
0	1	
0	1	
0	1	
0	1	
0	1	
0	1	
0	1	
0	1	
0	1	
0	1	
0	1	
0	1	
0	1	

0	1	
13	21	
16	25	
6	10	
4	7	
3	6	
2	4	
6	10	
13	21	
21	33	
2	4	
10	16	
12	19	
5	9	
12	19	

]

EmployeeAvailability: [
1 1 1 1 1 1 0 1 1 1 1 1 1 
1 0 1 1 0 1 1 1 1 1 1 0 1 
1 1 1 1 1 1 1 0 1 1 1 1 1 
1 1 1 1 1 1 1 1 1 1 1 1 1 
1 1 1 0 1 1 1 1 0 1 1 1 1 
1 1 1 1 1 1 1 1 1 1 1 1 1 
1 1 1 1 1 1 1 1 1 1 1 1 1 
1 1 1 1 1 0 1 1 1 1 1 0 1 
1 1 0 1 0 1 1 1 1 1 1 1 1 
1 1 1 1 0 1 1 1 1 1 1 1 0 
1 1 1 1 0 1 1 1 1 1 1 1 1 
1 1 1 1 1 1 1 1 1 1 1 1 1 
1 1 1 1 1 1 1 1 1 0 1 1 1 
1 1 1 1 1 0 1 1 1 1 1 1 1 
1 1 1 1 1 1 1 1 1 1 1 1 1 
1 1 1 1 1 0 1 1 1 0 1 1 1 
1 1 1 1 1 1 1 0 1 1 1 1 1 
1 1 1 1 1 1 1 1 1 1 1 1 1 
1 1 1 1 1 1 1 1 1 1 1 1 1 
1 1 1 1 1 1 1 1 1 1 1 1 1 
0 1 1 1 1 1 1 1 1 1 1 1 1 
1 1 1 1 1 1 1 1 1 1 1 1 1 
1 1 1 1 1 1 1 1 1 1 0 1 1 
1 1 1 1 1 1 1 1 0 1 1 1 1 
1 1 0 1 1 1 1 0 1 1 1 1 1 
1 1 1 1 0 0 1 1 1 1 1 1 1 
1 1 1 1 1 1 0 1 1 1 1 1 1 
1 1 1 0 1 0 0 1 1 1 1 1 1 
1 1 1 1 1 1 1 1 1 1 1 1 1 
1 1 1 0 1 1 1 1 1 0 1 1 1 
1 1 1 1 1 1 1 1 1 1 1 1 1 
0 1 1 1 1 1 1 1 1 1 1 1 1 
1 1 1 1 1 1 1 1 1 1 1 1 1 
1 0 1 1 1 1 1 1 1 1 0 1 1 
1 1 1 1 1 0 1 1 1 1 1 0 1 
1 1 1 1 1 1 1 1 1 0 1 1 1 
1 1 1 0 1 1 1 1 1 1 1 1 1 
1 1 1 0 0 1 1 1 1 1 1 1 1 
1 1 1 1 1 1 0 1 1 1 1 0 0 
1 1 1 1 0 1 1 1 1 1 1 1 1 
1 1 1 1 1 1 1 1 1 1 1 1 1 
1 1 1 1 1 1 1 1 1 1 1 1 1 
1 1 1 1 1 1 1 1 1 1 1 1 1 
1 1 1 1 0 1 1 1 0 1 1 1 0 
1 1 1 1 1 1 1 0 1 1 1 1 1 
0 1 1 1 1 1 1 1 1 1 1 1 1 
1 1 1 0 1 1 1 1 1 1 1 1 1 
1 1 1 1 1 1 1 1 1 1 1 1 1 
1 1 1 1 1 1 1 1 1 1 1 1 1 
1 1 1 1 1 1 1 1 1 1 1 1 1 
1 1 0 1 1 1 1 1 1 0 1 1 1 
1 1 0 1 1 0 1 1 1 1 1 1 1 
1 1 1 1 1 1 1 1 1 1 1 1 1 
1 1 1 1 0 1 0 1 1 1 1 1 1 
1 1 1 1 1 1 1 1 0 1 1 1 1 
1 0 1 1 1 1 1 1 1 1 1 1 1 
0 1 1 1 1 1 1 1 1 1 1 1 1 
1 1 1 1 0 1 1 1 1 1 1 1 1 
1 1 1 1 1 1 1 1 1 1 1 1 1 
1 1 1 1 1 1 1 1 1 1 1 1 1 
1 1 1 1 1 1 1 0 1 1 1 1 0 
1 1 1 1 1 1 0 1 1 1 1 1 1 
1 1 1 1 1 0 1 1 1 1 1 1 1 
1 1 1 1 0 1 1 1 1 1 1 1 1 
1 1 1 1 1 0 1 1 1 1 1 1 1 
1 1 1 1 1 1 1 1 0 1 1 1 1 
1 1 1 1 1 1 1 1 0 1 1 1 1 
1 1 1 0 1 1 1 1 1 1 1 1 1 
1 1 1 1 1 1 1 1 1 1 1 1 1 
1 1 1 1 1 1 1 1 1 1 1 1 1 
1 1 1 1 1 1 1 1 1 1 1 1 0 
1 1 1 1 1 1 1 1 1 1 1 1 1 
1 1 0 1 1 1 1 1 1 1 1 1 1 
1 1 1 1 1 1 1 1 1 1 1 1 1 
1 1 1 1 0 1 0 1 1 1 1 1 1 
1 1 1 1 1 1 1 1 1 1 1 1 1 
1 1 1 1 1 0 1 1 1 1 1 1 0 
1 1 1 1 1 1 1 1 1 1 0 1 1 
1 1 1 1 0 1 1 1 1 0 1 1 1 
1 1 1 1 1 1 0 1 1 1 1 1 1 
1 1 1 1 0 1 1 1 1 1 1 1 1 
1 1 1 1 1 1 1 1 1 1 1 1 1 
1 1 1 1 1 1 1 1 1 1 1 1 1 
0 1 1 1 1 1 1 1 1 1 1 1 1 
1 1 1 1 1 1 1 1 1 1 1 1 1 
1 1 1 1 0 1 1 1 1 1 0 1 1 
1 1 1 1 1 1 0 1 1 1 1 1 1 
1 0 1 1 1 1 1 1 1 1 1 1 1 
1 1 0 1 1 1 1 1 1 1 1 1 0 
1 1 1 1 1 1 1 1 1 1 1 1 1 
]

EmployeeWantedInStint: [ (2 2) 1 (2 4) 1 (3 11) 1 (8 3) 1 (10 2) 1 (17 9) 1 (19 13) 1 (24 13) 1 (64 5) 1 (70 9) 1 (71 13) 1 (73 6) 1 (79 7) 1 (82 11) 1 (86 10) 1 (87 2) 1 (89 9) 1 (89 12) 1 (90 1) 1 ]

EmployeeWantedViolationCost: [ (2 2) 6000 (2 4) 9000 (3 11) 11000 (8 3) 13000 (10 2) 13000 (17 9) 14000 (19 13) 10000 (24 13) 7000 (64 5) 8000 (70 9) 15000 (71 13) 15000 (73 6) 7000 (79 7) 6000 (82 11) 15000 (86 10) 11000 (87 2) 7000 (89 9) 11000 (89 12) 13000 (90 1) 6000 ]

EmployeesThatShouldNotWorkTogetherWithEmployee: [
[ 59 69 ]
[ 11 12 21 26 45 47 86 ]
[ 54 58 ]
[ 10 12 15 63 ]
[ 32 38 54 84 ]
[ 30 43 86 ]
[ 38 41 63 76 83 ]
[ 21 56 80 ]
[ 31 88 ]
[ 27 42 ]
[ 12 14 22 ]
[ 18 23 55 62 65 67 72 ]
[ 83 ]
[ 55 63 84 89 ]
[ 35 64 ]
[ 24 28 41 46 50 ]
[ 22 36 55 ]
[ 33 50 54 56 64 ]
[ 55 ]
[ 76 84 ]
[ 33 ]
[ 37 ]
[ 30 ]
[ 28 46 ]
[ 38 64 67 68 77 ]
[ 37 60 64 86 ]
[ 55 70 86 ]
[ 69 ]
[ 53 70 ]
[ 51 52 53 ]
[ 38 76 80 ]
[ 42 50 58 59 63 65 69 88 ]
[ 45 ]
[ 36 88 ]
[ 36 40 46 76 88 ]
[ 80 ]
[ 56 73 ]
[ 40 45 87 ]
[ 69 ]
[ ]
[ 64 ]
[ 54 75 77 89 ]
[ 52 75 80 84 ]
[ 64 70 73 ]
[ 56 68 69 76 ]
[ 48 58 63 75 ]
[ ]
[ ]
[ ]
[ 61 63 65 ]
[ ]
[ 53 54 86 87 ]
[ 69 70 77 88 ]
[ ]
[ 71 83 ]
[ 68 78 88 ]
[ 61 65 ]
[ 78 82 ]
[ 69 77 ]
[ 71 84 87 ]
[ ]
[ 66 87 ]
[ 76 81 89 ]
[ 68 75 ]
[ 71 86 ]
[ ]
[ 74 79 ]
[ 80 ]
[ 72 ]
[ 76 ]
[ 72 ]
[ ]
[ ]
[ ]
[ 77 ]
[ ]
[ 86 ]
[ 89 ]
[ 83 ]
[ ]
[ 82 ]
[ ]
[ ]
[ ]
[ ]
[ ]
[ ]
[ ]
[ ]
[ ]
]

ShouldNotWorkTogetherCost: [ (1 59) 198 (1 69) 396 (2 11) 198 (2 12) 198 (2 21) 99 (2 26) 99 (2 45) 198 (2 47) 297 (2 86) 396 (3 54) 198 (3 58) 198 (4 10) 396 (4 12) 396 (4 15) 198 (4 63) 99 (5 32) 297 (5 38) 198 (5 54) 198 (5 84) 99 (6 30) 99 (6 43) 198 (6 86) 198 (7 38) 297 (7 41) 198 (7 63) 198 (7 76) 198 (7 83) 297 (8 21) 396 (8 56) 396 (8 80) 99 (9 31) 99 (9 88) 297 (10 27) 198 (10 42) 297 (11 12) 99 (11 14) 99 (11 22) 297 (12 18) 99 (12 23) 99 (12 55) 198 (12 62) 297 (12 65) 297 (12 67) 396 (12 72) 396 (13 83) 396 (14 55) 99 (14 63) 297 (14 84) 99 (14 89) 396 (15 35) 99 (15 64) 396 (16 24) 99 (16 28) 396 (16 41) 198 (16 46) 297 (16 50) 99 (17 22) 297 (17 36) 297 (17 55) 99 (18 33) 99 (18 50) 297 (18 54) 198 (18 56) 396 (18 64) 297 (19 55) 297 (20 76) 396 (20 84) 297 (21 33) 297 (22 37) 297 (23 30) 99 (24 28) 99 (24 46) 396 (25 38) 396 (25 64) 396 (25 67) 99 (25 68) 297 (25 77) 297 (26 37) 396 (26 60) 198 (26 64) 396 (26 86) 99 (27 55) 297 (27 70) 297 (27 86) 99 (28 69) 198 (29 53) 396 (29 70) 297 (30 51) 396 (30 52) 198 (30 53) 198 (31 38) 396 (31 76) 198 (31 80) 396 (32 42) 198 (32 50) 198 (32 58) 99 (32 59) 99 (32 63) 99 (32 65) 396 (32 69) 198 (32 88) 99 (33 45) 297 (34 36) 198 (34 88) 297 (35 36) 396 (35 40) 99 (35 46) 297 (35 76) 396 (35 88) 99 (36 80) 198 (37 56) 297 (37 73) 297 (38 40) 198 (38 45) 396 (38 87) 396 (39 69) 99 (41 64) 396 (42 54) 297 (42 75) 198 (42 77) 297 (42 89) 99 (43 52) 297 (43 75) 297 (43 80) 396 (43 84) 297 (44 64) 198 (44 70) 297 (44 73) 99 (45 56) 198 (45 68) 396 (45 69) 396 (45 76) 99 (46 48) 99 (46 58) 198 (46 63) 99 (46 75) 99 (50 61) 396 (50 63) 396 (50 65) 99 (52 53) 297 (52 54) 99 (52 86) 99 (52 87) 99 (53 69) 297 (53 70) 396 (53 77) 297 (53 88) 99 (55 71) 297 (55 83) 297 (56 68) 396 (56 78) 99 (56 88) 198 (57 61) 297 (57 65) 396 (58 78) 198 (58 82) 396 (59 69) 396 (59 77) 99 (60 71) 198 (60 84) 297 (60 87) 99 (62 66) 198 (62 87) 198 (63 76) 198 (63 81) 396 (63 89) 198 (64 68) 99 (64 75) 297 (65 71) 297 (65 86) 198 (67 74) 99 (67 79) 396 (68 80) 198 (69 72) 297 (70 76) 297 (71 72) 396 (75 77) 99 (77 86) 198 (78 89) 198 (79 83) 297 (81 82) 198 ]

ImmediatePredecessorsToActivity: [
[ ]
[ 1 ]
[ 1 ]
[ 3 ]
[ 1 ]
[ 1 ]
[ 1 ]
[ 1 ]
[ 2 4 7 ]
[ 1 ]
[ 1 ]
[ 3 6 10 ]
[ 2 8 ]
[ 4 10 ]
[ 5 10 13 ]
]

ActivitiesInProject: [
[ 1 2 3 4 5 6 7 8 9 10 11 12 13 14 15 ]
]

nActivityModes: [ 2 2 2 2 2 2 2 2 2 2 2 2 2 2 2 ]

ActivityDurationWithMode: [
1	1	
5	4	
4	3	
10	7	
16	11	
20	14	
24	16	
10	7	
5	4	
3	2	
24	16	
6	4	
5	4	
11	8	
5	4	
]

StintsInProject: [
[ 1 2 3 4 5 6 7 8 9 10 11 12 13 ]
]

WorkingStintsOnDay: [
[ 1 ]
[ 1 ]
[ 1 ]
[ 1 ]
[ 1 ]
[ ]
[ ]
[ 2 ]
[ 2 ]
[ 2 ]
[ 2 ]
[ 2 ]
[ ]
[ ]
[ 3 ]
[ 3 ]
[ 3 ]
[ 3 ]
[ 3 ]
[ ]
[ ]
[ 4 ]
[ 4 ]
[ 4 ]
[ 4 ]
[ 4 ]
[ ]
[ ]
[ 5 ]
[ 5 ]
[ 5 ]
[ 5 ]
[ 5 ]
[ ]
[ ]
[ 6 ]
[ 6 ]
[ 6 ]
[ 6 ]
[ 6 ]
[ ]
[ ]
[ 7 ]
[ 7 ]
[ 7 ]
[ 7 ]
[ 7 ]
[ ]
[ ]
[ 8 ]
[ 8 ]
[ 8 ]
[ 8 ]
[ 8 ]
[ ]
[ ]
[ 9 ]
[ 9 ]
[ 9 ]
[ 9 ]
[ 9 ]
[ ]
[ ]
[ 10 ]
[ 10 ]
[ 10 ]
[ 10 ]
[ 10 ]
[ ]
[ ]
[ 11 ]
[ 11 ]
[ 11 ]
[ 11 ]
[ 11 ]
[ ]
[ ]
[ 12 ]
[ 12 ]
[ 12 ]
[ 12 ]
[ 12 ]
[ ]
[ ]
[ 13 ]
[ 13 ]
[ 13 ]
[ 13 ]
[ 13 ]
[ ]
]

ProjectStart: [ 7 ]

ProjectEnd: [ 47 ]

EarliestStartDayForActivity: [ 1 7 7 12 7 7 7 7 40 7 7 34 20 26 30 ]

LatestStartDayForActivity: [ 1 47 47 47 47 47 47 47 47 47 47 47 47 47 47 ]

EquipmentTypeDemandInActivityWithMode: [
0	1	
5	9	
2	4	
0	1	
1	3	
0	1	
1	3	
0	1	
0	1	
1	3	
0	1	
0	1	
0	1	
1	3	
0	1	

0	1	
0	1	
2	4	
0	1	
1	3	
2	4	
4	7	
0	1	
1	3	
4	7	
1	3	
2	4	
2	4	
3	6	
2	4	

0	1	
0	1	
0	1	
0	1	
1	3	
1	3	
2	4	
1	3	
2	4	
1	3	
2	4	
3	6	
3	6	
0	1	
0	1	

0	1	
2	4	
1	3	
0	1	
1	3	
1	3	
0	1	
0	1	
3	6	
1	3	
2	4	
1	3	
1	3	
2	4	
0	1	

0	1	
1	3	
0	1	
0	1	
1	3	
1	3	
2	4	
0	1	
0	1	
0	1	
1	3	
1	3	
1	3	
1	3	
1	3	

]

ExternalEquipmentRentingCost: [
3061	1261	1571	1071	2232	3497	3388	5124	4627	5541	2749	3380	2684	1216	5997	
2107	3311	5151	4817	5311	2812	4163	3673	2254	2522	4522	1199	4592	3629	4347	
2543	1309	5487	5099	1811	1308	2697	2242	5645	4460	2330	5875	5116	3065	4825	
5208	3057	5763	5711	5128	5532	2670	1928	2426	5751	1851	3839	2282	5116	3536	
1637	1847	1086	3223	5083	1356	5295	4052	2841	1729	1755	1522	3781	2239	3609	
]

EquipmentTypeTransportationCost: [
1	

1	

1	

1	

1	

]

TransportationTimeForEquipmentTypeBetweenProjects: [
1	

1	

1	

1	

1	

]

TotalNumberOfInitialEquipmentTypeLocation: [
(1 1) 5 
(2 1) 9 
(3 1) 8 
(4 1) 7 
(5 1) 1 
]

DepotActivities: [ 1 ]

MaximalStintCliques: [
]
