nEmployees: 90
nSkills: 4
nProjects: 1
nDays: 60
nActivities: 15
nEquipmentTypes: 6
nStints: 5
nMaxModes: 1
nStintCliques: 4

EmployeeInStintCost: [
43572 43572 43572 37092 15160 
41554 41554 41554 34414 11558 
38312 38312 38312 32432 11340 
36874 36874 36874 30454 8606 
42028 42028 42028 35308 13040 
40418 40418 40418 33758 11574 
39618 39618 39618 33678 12502 
40586 40586 40586 33686 11166 
44382 44382 44382 37602 15250 
36550 36550 36550 30250 8570 
39090 39090 39090 32430 10246 
46050 46050 46050 39150 16630 
44268 44268 44268 38028 16432 
48232 48232 48232 41392 18956 
37252 37252 37252 31252 9992 
45078 45078 45078 38298 15946 
38148 38148 38148 32148 10888 
47422 47422 47422 40882 18866 
40906 40906 40906 34006 11486 
40168 40168 40168 33088 10316 
38642 38642 38642 32462 10950 
45240 45240 45240 38400 15964 
45888 45888 45888 39048 16612 
42190 42190 42190 35410 13058 
38494 38494 38494 31474 8786 
49604 49604 49604 42644 20040 
41724 41724 41724 35004 12736 
41392 41392 41392 34312 11540 
38476 38476 38476 32476 11216 
37986 37986 37986 32046 10870 
41542 41542 41542 35002 12986 
22108 22108 22108 15268 5692 
44106 44106 44106 37926 16414 
39446 39446 39446 33146 11466 
40254 40254 40254 33474 11122 
44268 44268 44268 37788 15856 
40570 40570 40570 34390 12878 
39682 39682 39682 32782 10262 
39290 39290 39290 32870 11022 
41228 41228 41228 34268 11664 
47584 47584 47584 40984 18884 
43086 43086 43086 36786 15106 
40418 40418 40418 33758 11574 
42838 42838 42838 35818 13130 
39662 39662 39662 32882 10530 
40894 40894 40894 34594 12914 
39610 39610 39610 33190 11342 
48956 48956 48956 42236 19968 
21136 21136 21136 14656 5584 
40168 40168 40168 33088 10316 
37522 37522 37522 30862 8678 
48556 48556 48556 41596 18992 
39900 39900 39900 32940 10336 
19678 19678 19678 13738 5422 
38438 38438 38438 31658 9306 
39282 39282 39282 32862 11014 
38800 38800 38800 32680 11252 
42438 42438 42438 36378 15034 
21136 21136 21136 14656 5584 
22756 22756 22756 15676 5764 
42762 42762 42762 36582 15070 
42830 42830 42830 36530 14850 
17658 17658 17658 11118 1962 
40570 40570 40570 34390 12878 
40958 40958 40958 33698 10674 
39738 39738 39738 32838 10318 
48718 48718 48718 41698 19010 
49528 49528 49528 42208 19100 
38766 38766 38766 32226 10210 
43802 43802 43802 37142 14958 
46126 46126 46126 40066 18722 
40408 40408 40408 34288 12860 
38310 38310 38310 32250 10906 
45584 45584 45584 38264 15156 
37036 37036 37036 30556 8624 
42696 42696 42696 35616 12844 
39776 39776 39776 33176 11076 
37308 37308 37308 31308 10048 
39414 39414 39414 32634 10282 
37036 37036 37036 30556 8624 
22432 22432 22432 15472 5728 
18144 18144 18144 11424 2016 
44058 44058 44058 37398 15214 
37394 37394 37394 31454 10278 
39938 39938 39938 33278 11094 
39986 39986 39986 33086 10566 
42028 42028 42028 35308 13040 
37466 37466 37466 31046 9198 
47984 47984 47984 41624 19860 
40580 40580 40580 33860 11592 
]

ExternalWorkerWithSkillOnStintCost: [
35952 43512 39060 48468 13080 
34524 43344 43680 36540 10296 
35364 39228 40824 49308 10848 
41244 42084 35700 37044 11304 
]

OverlappingStints: [
[ 2 ]
[ 3 ]
[ 4 ]
[ 5 ]
[ ]
]

EmployeesWithSkill: [
[ 1 2 3 4 5 6 7 8 9 10 11 12 13 14 15 16 17 18 19 20 21 22 23 24 25 26 27 28 29 30 31 32 33 34 35 36 37 38 39 40 41 42 43 44 45 46 47 48 49 50 51 52 53 54 55 56 57 58 59 60 61 62 63 64 65 66 67 68 69 70 71 72 73 74 75 76 77 78 79 80 81 82 83 84 85 86 87 88 89 90 ]
[ 1 2 3 4 9 10 13 14 15 16 17 20 21 22 23 24 25 28 29 30 31 32 33 34 35 36 37 39 40 41 42 43 45 46 47 48 49 50 52 53 54 55 58 60 61 62 63 64 65 66 67 68 69 70 71 74 76 78 79 80 83 85 86 87 88 89 90 ]
[ 1 2 4 6 8 9 10 11 12 13 14 15 18 19 20 22 23 24 25 28 29 31 32 33 34 35 36 38 39 40 41 42 43 44 46 47 48 50 51 55 56 57 58 59 60 61 62 63 65 67 68 70 71 72 74 75 76 77 78 79 80 82 83 84 85 86 87 88 89 90 ]
[ 2 4 6 8 13 14 17 18 19 21 22 23 25 26 28 35 36 37 39 40 44 46 49 50 52 53 54 55 61 62 63 64 65 67 68 69 70 74 80 81 83 88 ]
]

SkillDemandInActivityWithMode: [
0	
11	
26	
12	
18	
21	
21	
4	
10	
21	
5	
8	
7	
18	
18	

0	
7	
19	
8	
12	
15	
15	
2	
6	
15	
3	
5	
4	
12	
12	

0	
8	
20	
9	
13	
16	
16	
2	
7	
16	
3	
5	
4	
13	
13	

0	
4	
12	
5	
8	
9	
9	
1	
4	
9	
2	
3	
2	
8	
8	

]

EmployeeAvailability: [
1 1 1 1 1 
1 1 1 1 1 
0 1 0 1 1 
1 1 1 1 1 
0 1 0 1 1 
1 0 1 1 1 
0 1 1 1 0 
1 0 0 1 0 
1 1 0 1 1 
1 1 1 0 1 
1 1 0 1 0 
0 0 1 0 1 
1 1 1 1 1 
0 1 0 1 1 
0 0 0 1 1 
1 1 0 0 1 
1 1 1 1 1 
1 0 1 1 1 
1 0 1 0 1 
1 1 0 1 1 
1 1 1 1 1 
0 0 1 1 1 
0 1 1 1 1 
1 1 0 0 1 
1 1 1 1 1 
1 1 1 1 0 
0 0 0 1 1 
1 1 1 0 1 
1 1 0 0 1 
1 1 1 1 1 
1 1 0 1 1 
0 1 1 1 1 
1 1 1 1 1 
1 0 1 1 1 
0 1 1 1 1 
1 1 1 1 1 
1 0 1 0 1 
0 0 1 1 1 
1 1 1 1 1 
1 0 1 1 1 
1 1 1 1 1 
1 0 1 0 1 
0 1 1 1 1 
1 1 1 1 1 
1 0 1 1 1 
1 0 0 1 1 
1 0 1 1 0 
0 1 1 0 1 
1 1 1 1 1 
0 1 0 0 1 
1 1 1 0 1 
0 1 0 1 1 
1 1 0 0 1 
1 1 1 1 1 
1 0 1 1 1 
1 0 0 1 1 
1 1 1 1 1 
1 0 1 0 1 
0 1 1 1 1 
1 1 1 0 1 
0 1 0 0 1 
0 1 1 1 0 
1 1 1 1 0 
0 0 0 1 1 
0 1 1 1 1 
1 1 0 1 1 
1 1 0 1 1 
1 0 0 1 1 
1 1 0 1 1 
1 0 1 0 1 
1 1 1 1 1 
0 1 1 1 1 
1 1 1 1 1 
0 1 1 0 1 
0 1 1 0 1 
1 1 0 1 1 
0 1 1 1 1 
0 1 0 1 1 
1 1 1 1 1 
0 0 1 1 1 
0 0 1 0 1 
1 1 1 0 1 
1 0 0 1 1 
1 0 1 1 1 
0 1 0 0 1 
1 1 1 1 1 
1 1 0 0 1 
1 1 1 1 1 
0 1 0 1 1 
1 1 0 1 1 
]

EmployeeWantedInStint: [ (6 1) 1 (9 1) 1 (10 5) 1 (20 1) 1 (30 1) 1 (62 3) 1 (63 4) 1 (86 5) 1 (90 5) 1 ]

EmployeeWantedViolationCost: [ (6 1) 8000 (9 1) 14000 (10 5) 12000 (20 1) 13000 (30 1) 15000 (62 3) 13000 (63 4) 7000 (86 5) 15000 (90 5) 10000 ]

EmployeesThatShouldNotWorkTogetherWithEmployee: [
[ 20 24 39 59 ]
[ 10 40 63 74 ]
[ 25 26 32 39 51 ]
[ 15 51 ]
[ 6 12 56 57 ]
[ 56 68 90 ]
[ ]
[ 34 59 71 ]
[ 36 42 65 82 ]
[ 77 84 88 ]
[ 63 88 89 ]
[ 22 33 44 54 57 77 ]
[ 26 46 54 55 ]
[ 69 ]
[ 38 59 67 70 75 ]
[ 44 48 84 86 ]
[ 19 50 57 74 ]
[ 50 60 67 79 ]
[ 46 54 72 ]
[ 38 52 57 62 ]
[ 45 48 55 62 ]
[ 26 35 47 48 49 ]
[ 30 33 36 41 53 ]
[ 45 72 76 84 ]
[ 45 70 73 74 ]
[ 36 54 73 85 ]
[ 31 39 ]
[ 41 53 59 61 ]
[ 35 65 67 75 ]
[ 41 53 ]
[ 59 73 83 ]
[ 34 45 58 90 ]
[ 43 ]
[ 51 67 69 ]
[ 45 90 ]
[ 69 ]
[ 51 87 ]
[ 55 65 ]
[ 52 64 80 ]
[ 77 80 ]
[ 82 ]
[ 44 61 ]
[ 65 74 86 ]
[ 67 ]
[ 49 57 63 ]
[ 55 72 ]
[ 61 68 ]
[ ]
[ 58 63 81 87 ]
[ 53 85 ]
[ 69 ]
[ 56 58 65 69 74 ]
[ 77 87 ]
[ 55 70 ]
[ 65 ]
[ 59 80 ]
[ 69 70 ]
[ ]
[ 70 84 ]
[ ]
[ 63 ]
[ 69 ]
[ ]
[ 65 ]
[ 88 ]
[ 82 86 ]
[ 68 ]
[ 70 82 ]
[ ]
[ 75 79 ]
[ 72 ]
[ ]
[ ]
[ ]
[ ]
[ ]
[ 90 ]
[ 87 ]
[ 88 ]
[ ]
[ 88 ]
[ 84 ]
[ ]
[ ]
[ ]
[ ]
[ ]
[ ]
[ ]
[ ]
]

ShouldNotWorkTogetherCost: [ (1 20) 99 (1 24) 99 (1 39) 297 (1 59) 198 (2 10) 99 (2 40) 198 (2 63) 396 (2 74) 198 (3 25) 297 (3 26) 99 (3 32) 99 (3 39) 297 (3 51) 396 (4 15) 99 (4 51) 99 (5 6) 297 (5 12) 198 (5 56) 297 (5 57) 99 (6 56) 396 (6 68) 99 (6 90) 297 (8 34) 198 (8 59) 396 (8 71) 99 (9 36) 198 (9 42) 198 (9 65) 396 (9 82) 396 (10 77) 99 (10 84) 396 (10 88) 297 (11 63) 396 (11 88) 297 (11 89) 396 (12 22) 396 (12 33) 297 (12 44) 297 (12 54) 297 (12 57) 396 (12 77) 396 (13 26) 99 (13 46) 198 (13 54) 297 (13 55) 297 (14 69) 297 (15 38) 99 (15 59) 396 (15 67) 297 (15 70) 99 (15 75) 198 (16 44) 297 (16 48) 99 (16 84) 198 (16 86) 198 (17 19) 297 (17 50) 396 (17 57) 99 (17 74) 396 (18 50) 198 (18 60) 99 (18 67) 198 (18 79) 198 (19 46) 99 (19 54) 198 (19 72) 297 (20 38) 396 (20 52) 297 (20 57) 396 (20 62) 396 (21 45) 297 (21 48) 396 (21 55) 99 (21 62) 198 (22 26) 396 (22 35) 396 (22 47) 198 (22 48) 297 (22 49) 99 (23 30) 396 (23 33) 99 (23 36) 297 (23 41) 297 (23 53) 198 (24 45) 396 (24 72) 396 (24 76) 297 (24 84) 198 (25 45) 198 (25 70) 396 (25 73) 396 (25 74) 396 (26 36) 198 (26 54) 198 (26 73) 396 (26 85) 99 (27 31) 297 (27 39) 99 (28 41) 297 (28 53) 198 (28 59) 198 (28 61) 396 (29 35) 99 (29 65) 99 (29 67) 198 (29 75) 297 (30 41) 396 (30 53) 396 (31 59) 198 (31 73) 396 (31 83) 297 (32 34) 297 (32 45) 99 (32 58) 99 (32 90) 198 (33 43) 396 (34 51) 99 (34 67) 198 (34 69) 396 (35 45) 396 (35 90) 297 (36 69) 396 (37 51) 297 (37 87) 396 (38 55) 99 (38 65) 99 (39 52) 396 (39 64) 297 (39 80) 99 (40 77) 297 (40 80) 297 (41 82) 396 (42 44) 198 (42 61) 99 (43 65) 297 (43 74) 297 (43 86) 297 (44 67) 198 (45 49) 396 (45 57) 297 (45 63) 198 (46 55) 99 (46 72) 297 (47 61) 99 (47 68) 297 (49 58) 198 (49 63) 396 (49 81) 99 (49 87) 396 (50 53) 297 (50 85) 297 (51 69) 396 (52 56) 297 (52 58) 396 (52 65) 198 (52 69) 99 (52 74) 297 (53 77) 396 (53 87) 99 (54 55) 99 (54 70) 396 (55 65) 99 (56 59) 396 (56 80) 396 (57 69) 99 (57 70) 198 (59 70) 396 (59 84) 99 (61 63) 396 (62 69) 99 (64 65) 198 (65 88) 297 (66 82) 297 (66 86) 297 (67 68) 297 (68 70) 198 (68 82) 99 (70 75) 99 (70 79) 396 (71 72) 99 (77 90) 297 (78 87) 297 (79 88) 99 (81 88) 396 (82 84) 198 ]

ImmediatePredecessorsToActivity: [
[ ]
[ 1 ]
[ 1 ]
[ 1 ]
[ 4 ]
[ 5 ]
[ 4 ]
[ 1 ]
[ 1 ]
[ 5 7 8 9 ]
[ 3 ]
[ 7 9 ]
[ 1 ]
[ 2 3 7 ]
[ 3 ]
]

ActivitiesInProject: [
[ 1 2 3 4 5 6 7 8 9 10 11 12 13 14 15 ]
]

nActivityModes: [ 1 1 1 1 1 1 1 1 1 1 1 1 1 1 1 ]

ActivitiyDurationWithMode: [
1	
10	
4	
9	
6	
5	
5	
34	
11	
5	
24	
14	
17	
6	
6	
]
StintsInProject: [
[ 1 2 3 4 5 ]
]

WorkingStintsOnDay: [
[ 1 ]
[ 1 ]
[ 1 ]
[ 1 ]
[ 1 ]
[ 1 ]
[ 1 ]
[ 1 ]
[ 1 ]
[ 1 ]
[ 1 ]
[ 1 ]
[ 1 ]
[ 1 ]
[ 2 ]
[ 2 ]
[ 2 ]
[ 2 ]
[ 2 ]
[ 2 ]
[ 2 ]
[ 2 ]
[ 2 ]
[ 2 ]
[ 2 ]
[ 2 ]
[ 2 ]
[ 2 ]
[ 3 ]
[ 3 ]
[ 3 ]
[ 3 ]
[ 3 ]
[ 3 ]
[ 3 ]
[ 3 ]
[ 3 ]
[ 3 ]
[ 3 ]
[ 3 ]
[ 3 ]
[ 3 ]
[ 4 ]
[ 4 ]
[ 4 ]
[ 4 ]
[ 4 ]
[ 4 ]
[ 4 ]
[ 4 ]
[ 4 ]
[ 4 ]
[ 4 ]
[ 4 ]
[ 4 ]
[ 4 ]
[ 5 ]
[ 5 ]
[ 5 ]
[ 5 ]
]

ProjectStart: [ 18 ]

ProjectEnd: [ 59 ]

EarliestStartDayForActivity: [ 1 18 18 18 27 33 27 18 18 52 22 32 18 32 22 ]

LatestStartDayForActivity: [ 1 59 59 59 59 59 59 59 59 59 59 59 59 59 59 ]

EquipmentTypeDemandInActivityWithMode: [
0	
1	
1	
1	
1	
1	
2	
1	
0	
0	
0	
1	
2	
0	
5	

0	
3	
3	
2	
0	
4	
3	
1	
1	
2	
0	
1	
2	
2	
1	

0	
1	
0	
0	
5	
4	
1	
3	
1	
0	
1	
1	
0	
2	
1	

0	
2	
2	
2	
1	
4	
3	
3	
1	
2	
0	
1	
2	
0	
1	

0	
0	
1	
2	
0	
1	
1	
1	
1	
1	
1	
3	
1	
1	
1	

0	
1	
2	
3	
2	
1	
0	
0	
0	
1	
0	
3	
1	
3	
0	

]

ExternalEquipmentRentingCost: [
3140	2267	1790	2354	3758	5845	1078	4235	4154	4718	2519	2619	4490	5450	1496	
1844	4221	2578	3390	1670	1343	5212	2285	4828	4449	2094	1607	1719	5495	1469	
3428	1738	4936	1227	1139	4406	5705	3120	2025	3667	5136	1523	5917	3363	2207	
5089	3568	3373	4185	5845	2013	1489	3944	4920	1377	5940	3701	4291	1755	3646	
5242	5775	4156	4538	2090	4448	5219	4614	1679	5970	4090	1146	1133	3478	1430	
3105	2489	4115	4570	3725	4802	4626	4728	1725	2899	3030	2272	3850	4617	1426	
]

EquipmentTypeTransportationCost: [
1	

1	

1	

1	

1	

1	

]

TransportationTimeForEquipmentTypeBetweenProjects: [
1	

1	

1	

1	

1	

1	

]

TotalNumberOfInitialEquipmentTypeLocation: [
(1 1) 6 
(2 1) 7 
(3 1) 7 
(4 1) 8 
(5 1) 6 
(6 1) 6 
]

DepotActivities: [ 1 ]

MaximalStintCliques: [
[ 2 1 ]
[ 2 3 ]
[ 4 3 ]
[ 4 5 ]
]
