nEmployees: 90
nSkills: 4
nProjects: 1
nDays: 60
nActivities: 13
nEquipmentTypes: 5
nStints: 5
nMaxModes: 3
nStintCliques: 4

EmployeeInStintCost: [
37388 37388 37388 30728 10994 
32712 32712 32712 26652 7758 
18792 18792 18792 11832 2088 
36578 36578 36578 30218 10904 
36420 36420 36420 30000 10602 
41992 41992 41992 35932 17038 
35622 35622 35622 29382 10236 
35136 35136 35136 29076 10182 
37382 37382 37382 30422 10268 
42240 42240 42240 35940 16710 
35288 35288 35288 28268 8030 
41908 41908 41908 35248 15514 
40438 40438 40438 34198 15052 
35628 35628 35628 28488 8082 
45078 45078 45078 38118 17964 
44436 44436 44436 38256 19194 
16362 16362 16362 10302 1818 
41668 41668 41668 35728 17002 
37616 37616 37616 31076 11510 
34980 34980 34980 28080 8010 
33522 33522 33522 27162 7848 
36482 36482 36482 30362 11384 
46702 46702 46702 40222 20740 
37064 37064 37064 30524 10958 
44916 44916 44916 38016 17946 
36038 36038 36038 29078 8924 
41286 41286 41286 35046 15900 
46426 46426 46426 39346 19024 
43024 43024 43024 37204 18646 
32874 32874 32874 26754 7776 
35600 35600 35600 29300 10070 
36258 36258 36258 29898 10584 
43296 43296 43296 36996 17766 
46380 46380 46380 39480 19410 
39012 39012 39012 32112 12042 
39336 39336 39336 32316 12078 
42382 42382 42382 35422 15268 
38036 38036 38036 31136 11066 
43296 43296 43296 36996 17766 
34386 34386 34386 28266 9288 
45732 45732 45732 39072 19338 
35672 35672 35672 29852 11294 
36362 36362 36362 29282 8960 
32712 32712 32712 26652 7758 
45084 45084 45084 38664 19266 
36098 36098 36098 28778 8120 
36806 36806 36806 30566 11420 
38526 38526 38526 31806 11988 
35844 35844 35844 29184 9450 
44098 44098 44098 37258 17272 
36330 36330 36330 29490 9504 
38202 38202 38202 31122 10800 
37706 37706 37706 30626 10304 
36644 36644 36644 30464 11402 
47026 47026 47026 40426 20776 
41260 41260 41260 34840 15442 
40944 40944 40944 35124 16566 
36902 36902 36902 30422 10940 
38850 38850 38850 32010 12024 
39012 39012 39012 32112 12042 
18630 18630 18630 11730 2070 
45406 45406 45406 39406 20596 
34154 34154 34154 27554 7904 
41610 41610 41610 35250 15936 
45454 45454 45454 38734 18916 
36200 36200 36200 29180 8942 
44106 44106 44106 37506 17856 
35126 35126 35126 28166 8012 
43996 43996 43996 37816 18754 
33446 33446 33446 27446 8636 
32534 32534 32534 26534 7724 
42240 42240 42240 35940 16710 
39174 39174 39174 32214 12060 
40638 40638 40638 34638 15828 
41772 41772 41772 35352 15954 
16038 16038 16038 10098 1782 
43212 43212 43212 36552 16818 
47350 47350 47350 40630 20812 
42640 42640 42640 36340 17110 
44040 44040 44040 36780 16206 
41992 41992 41992 35932 17038 
36906 36906 36906 30786 11808 
36906 36906 36906 30786 11808 
43782 43782 43782 37302 17820 
35612 35612 35612 28472 8066 
34974 34974 34974 28974 10164 
37068 37068 37068 30888 11826 
39790 39790 39790 33790 14980 
33830 33830 33830 27350 7868 
37392 37392 37392 30612 10710 
]

ExternalWorkerWithSkillOnStintCost: [
42084 34020 34860 49476 12216 
41832 49056 45612 45948 10248 
49224 41328 36708 45108 12192 
39648 43176 34356 41412 13032 
]

OverlappingStints: [
[ 2 ]
[ 3 ]
[ 4 ]
[ 5 ]
[ ]
]

EmployeesWithSkill: [
[ 1 2 3 4 5 6 7 8 9 10 11 12 13 14 15 16 17 18 19 20 21 22 23 24 25 26 27 28 29 30 31 32 33 34 35 36 37 38 39 40 41 42 43 44 45 46 47 48 49 50 51 52 53 54 55 56 57 58 59 60 61 62 63 64 65 66 67 68 69 70 71 72 73 74 75 76 77 78 79 80 81 82 83 84 85 86 87 88 89 90 ]
[ 11 12 15 28 32 34 38 40 46 54 56 65 72 79 80 85 ]
[ 1 2 3 4 5 6 7 8 9 10 11 12 13 14 15 16 17 18 19 20 21 22 23 24 25 26 27 28 30 31 32 33 34 35 36 37 38 39 40 41 43 44 45 46 48 49 50 51 52 53 54 55 56 57 58 59 60 61 62 63 64 65 66 67 68 69 70 71 72 73 74 75 76 77 78 80 81 82 83 84 85 86 87 88 89 90 ]
[ 1 2 3 4 5 6 7 8 9 10 11 12 13 14 15 16 17 18 19 20 21 22 23 24 25 26 27 28 29 30 32 33 34 35 36 37 38 39 40 41 42 43 44 45 46 47 48 49 50 51 52 53 54 55 56 58 59 60 61 62 63 64 65 66 67 68 69 70 71 72 73 74 75 76 77 78 79 80 81 82 83 84 85 86 87 88 89 90 ]
]

SkillDemandInActivityWithMode: [
0	0	0	
7	12	5	
28	43	19	
28	43	19	
28	43	19	
4	7	3	
8	13	6	
4	7	3	
16	25	11	
16	25	11	
10	16	7	
28	43	19	
19	30	13	

0	0	0	
1	3	1	
5	9	4	
5	9	4	
5	9	4	
0	1	0	
1	3	1	
0	1	0	
2	4	2	
2	4	2	
1	3	1	
4	7	3	
3	6	2	

0	0	0	
5	9	4	
26	40	18	
26	40	18	
25	39	17	
3	6	2	
6	10	4	
3	6	2	
14	22	10	
14	22	10	
9	15	6	
25	39	17	
17	27	12	

0	0	0	
5	9	4	
26	40	18	
26	40	18	
26	40	18	
3	6	2	
7	12	5	
3	6	2	
15	24	10	
15	24	10	
9	15	6	
26	40	18	
17	27	12	

]

EmployeeAvailability: [
0 1 0 1 1 
0 1 1 1 1 
1 1 1 1 1 
1 1 0 0 1 
1 0 1 0 1 
1 0 1 0 1 
1 1 1 1 1 
1 0 1 1 0 
1 0 1 1 1 
1 0 0 1 1 
1 0 0 1 1 
1 1 1 1 1 
1 1 0 1 1 
0 1 1 0 1 
0 1 1 0 1 
1 1 1 0 1 
1 0 1 0 1 
1 1 1 1 1 
1 1 1 0 1 
1 1 1 1 1 
0 0 1 1 1 
0 1 1 1 1 
1 0 0 1 1 
1 1 1 1 1 
1 0 1 1 1 
0 1 0 1 1 
1 0 1 0 0 
1 1 1 1 1 
1 1 1 1 1 
1 1 0 0 1 
1 1 0 0 1 
1 0 1 0 1 
0 1 1 0 0 
1 0 0 0 1 
1 0 1 1 1 
1 0 0 0 1 
1 0 0 1 1 
0 1 1 1 1 
1 1 0 0 1 
1 1 1 1 1 
0 1 1 0 1 
1 0 1 1 1 
1 0 0 1 1 
0 1 1 1 1 
1 0 0 1 1 
1 0 0 0 1 
1 1 1 1 1 
0 1 0 1 1 
0 1 0 0 1 
1 1 1 1 1 
1 1 1 0 1 
0 1 1 1 1 
1 1 1 0 1 
0 1 1 1 1 
1 0 1 1 1 
1 1 1 1 1 
1 1 1 0 1 
1 0 0 0 1 
1 1 1 0 1 
1 1 0 0 1 
1 1 0 0 1 
1 1 0 0 1 
1 1 1 1 1 
1 0 1 1 1 
1 1 1 1 1 
1 1 1 1 0 
0 1 0 0 1 
1 1 1 1 1 
1 1 0 1 1 
1 1 1 1 1 
0 1 1 1 1 
1 1 1 1 1 
1 0 0 1 1 
1 0 1 0 0 
1 1 1 1 1 
1 1 0 1 1 
1 0 1 1 1 
1 0 1 1 1 
1 0 1 1 1 
1 0 0 1 1 
0 1 1 0 1 
1 1 0 0 1 
1 0 1 1 1 
1 1 1 1 1 
1 0 1 0 0 
0 0 1 0 1 
1 0 1 1 1 
1 1 0 1 1 
1 1 1 1 1 
1 1 1 0 0 
]

EmployeeWantedInStint: [ (24 1) 1 (24 2) 1 (31 4) 1 (34 2) 1 (52 3) 1 (60 5) 1 (78 3) 1 (88 1) 1 (90 3) 1 ]

EmployeeWantedViolationCost: [ (24 1) 12000 (24 2) 9000 (31 4) 7000 (34 2) 8000 (52 3) 14000 (60 5) 13000 (78 3) 10000 (88 1) 5000 (90 3) 15000 ]

EmployeesThatShouldNotWorkTogetherWithEmployee: [
[ 5 7 11 20 44 67 86 ]
[ 4 17 81 ]
[ 8 26 87 89 90 ]
[ 19 24 48 66 77 78 ]
[ 77 ]
[ 16 21 24 33 70 87 ]
[ 32 71 ]
[ 19 27 29 87 ]
[ 20 22 33 58 ]
[ 11 26 36 37 72 ]
[ 21 26 50 ]
[ 43 51 ]
[ 19 51 62 87 ]
[ 17 23 74 ]
[ 83 ]
[ 71 76 81 ]
[ 59 61 77 ]
[ 19 23 71 83 ]
[ 20 26 38 85 ]
[ 62 76 85 ]
[ 26 32 64 69 87 90 ]
[ 33 ]
[ 24 34 39 ]
[ 84 90 ]
[ 39 50 58 82 ]
[ ]
[ 71 88 ]
[ 46 76 ]
[ 52 61 74 ]
[ 43 46 59 ]
[ 67 74 ]
[ 34 66 81 86 90 ]
[ 43 61 79 80 81 ]
[ 41 56 61 71 ]
[ 74 79 90 ]
[ 39 72 73 76 82 84 ]
[ 87 ]
[ 49 ]
[ 69 ]
[ 63 69 84 86 ]
[ ]
[ 44 49 58 ]
[ 48 57 67 70 ]
[ 61 65 67 ]
[ 59 ]
[ 55 89 ]
[ 69 ]
[ 52 ]
[ 63 ]
[ 70 ]
[ 60 ]
[ 53 71 80 84 ]
[ 81 ]
[ 64 ]
[ 68 ]
[ 70 ]
[ ]
[ 70 ]
[ ]
[ 68 72 87 ]
[ ]
[ 69 78 ]
[ 76 86 ]
[ 84 ]
[ ]
[ 88 ]
[ 88 ]
[ 70 89 ]
[ ]
[ ]
[ ]
[ 81 ]
[ ]
[ 88 ]
[ 76 ]
[ 78 ]
[ 87 ]
[ ]
[ ]
[ 83 ]
[ ]
[ ]
[ ]
[ ]
[ ]
[ ]
[ 90 ]
[ 90 ]
[ ]
[ ]
]

ShouldNotWorkTogetherCost: [ (1 5) 99 (1 7) 396 (1 11) 396 (1 20) 198 (1 44) 396 (1 67) 396 (1 86) 99 (2 4) 198 (2 17) 297 (2 81) 396 (3 8) 396 (3 26) 198 (3 87) 198 (3 89) 297 (3 90) 99 (4 19) 99 (4 24) 297 (4 48) 396 (4 66) 297 (4 77) 297 (4 78) 297 (5 77) 396 (6 16) 198 (6 21) 198 (6 24) 297 (6 33) 396 (6 70) 396 (6 87) 198 (7 32) 297 (7 71) 99 (8 19) 396 (8 27) 198 (8 29) 396 (8 87) 396 (9 20) 198 (9 22) 99 (9 33) 297 (9 58) 396 (10 11) 99 (10 26) 396 (10 36) 297 (10 37) 198 (10 72) 396 (11 21) 297 (11 26) 297 (11 50) 198 (12 43) 198 (12 51) 297 (13 19) 99 (13 51) 297 (13 62) 297 (13 87) 99 (14 17) 99 (14 23) 198 (14 74) 99 (15 83) 297 (16 71) 396 (16 76) 396 (16 81) 297 (17 59) 99 (17 61) 198 (17 77) 297 (18 19) 198 (18 23) 198 (18 71) 297 (18 83) 99 (19 20) 99 (19 26) 396 (19 38) 297 (19 85) 198 (20 62) 396 (20 76) 198 (20 85) 99 (21 26) 198 (21 32) 396 (21 64) 396 (21 69) 99 (21 87) 99 (21 90) 297 (22 33) 396 (23 24) 198 (23 34) 396 (23 39) 99 (24 84) 99 (24 90) 396 (25 39) 198 (25 50) 99 (25 58) 99 (25 82) 99 (27 71) 198 (27 88) 396 (28 46) 297 (28 76) 396 (29 52) 297 (29 61) 396 (29 74) 297 (30 43) 297 (30 46) 99 (30 59) 396 (31 67) 198 (31 74) 396 (32 34) 198 (32 66) 198 (32 81) 297 (32 86) 198 (32 90) 297 (33 43) 198 (33 61) 99 (33 79) 297 (33 80) 99 (33 81) 198 (34 41) 99 (34 56) 198 (34 61) 396 (34 71) 297 (35 74) 99 (35 79) 297 (35 90) 396 (36 39) 396 (36 72) 396 (36 73) 99 (36 76) 396 (36 82) 198 (36 84) 396 (37 87) 99 (38 49) 99 (39 69) 99 (40 63) 99 (40 69) 297 (40 84) 396 (40 86) 198 (42 44) 198 (42 49) 396 (42 58) 297 (43 48) 297 (43 57) 396 (43 67) 297 (43 70) 99 (44 61) 99 (44 65) 198 (44 67) 99 (45 59) 396 (46 55) 396 (46 89) 198 (47 69) 99 (48 52) 99 (49 63) 396 (50 70) 297 (51 60) 99 (52 53) 297 (52 71) 198 (52 80) 297 (52 84) 396 (53 81) 297 (54 64) 396 (55 68) 198 (56 70) 198 (58 70) 396 (60 68) 297 (60 72) 99 (60 87) 198 (62 69) 198 (62 78) 99 (63 76) 99 (63 86) 198 (64 84) 99 (66 88) 396 (67 88) 99 (68 70) 297 (68 89) 396 (72 81) 99 (74 88) 297 (75 76) 198 (76 78) 297 (77 87) 297 (80 83) 198 (87 90) 297 (88 90) 396 ]

ImmediatePredecessorsToActivity: [
[ ]
[ 1 ]
[ 1 ]
[ 1 ]
[ 3 ]
[ 1 ]
[ 2 5 ]
[ 1 ]
[ 4 ]
[ 2 4 8 ]
[ 5 9 ]
[ 1 ]
[ 5 ]
]

ActivitiesInProject: [
[ 1 2 3 4 5 6 7 8 9 10 11 12 13 ]
]

nActivityModes: [ 3 3 3 3 3 3 3 3 3 3 3 3 3 ]

ActivitiyDurationWithMode: [
1	1	1	
18	12	24	
4	3	6	
4	3	6	
4	3	6	
29	20	39	
15	10	20	
28	19	38	
7	5	10	
7	5	10	
11	8	15	
4	3	6	
6	4	8	
]
StintsInProject: [
[ 1 2 3 4 5 ]
]

WorkingStintsOnDay: [
[ 1 ]
[ 1 ]
[ 1 ]
[ 1 ]
[ 1 ]
[ 1 ]
[ 1 ]
[ 1 ]
[ 1 ]
[ 1 ]
[ 1 ]
[ 1 ]
[ 1 ]
[ 1 ]
[ 2 ]
[ 2 ]
[ 2 ]
[ 2 ]
[ 2 ]
[ 2 ]
[ 2 ]
[ 2 ]
[ 2 ]
[ 2 ]
[ 2 ]
[ 2 ]
[ 2 ]
[ 2 ]
[ 3 ]
[ 3 ]
[ 3 ]
[ 3 ]
[ 3 ]
[ 3 ]
[ 3 ]
[ 3 ]
[ 3 ]
[ 3 ]
[ 3 ]
[ 3 ]
[ 3 ]
[ 3 ]
[ 4 ]
[ 4 ]
[ 4 ]
[ 4 ]
[ 4 ]
[ 4 ]
[ 4 ]
[ 4 ]
[ 4 ]
[ 4 ]
[ 4 ]
[ 4 ]
[ 4 ]
[ 4 ]
[ 5 ]
[ 5 ]
[ 5 ]
[ 5 ]
]

ProjectStart: [ 12 ]

ProjectEnd: [ 48 ]

EarliestStartDayForActivity: [ 1 12 12 12 16 12 30 12 16 40 23 12 20 ]

LatestStartDayForActivity: [ 1 48 48 48 48 48 48 48 48 48 48 48 48 ]

EquipmentTypeDemandInActivityWithMode: [
0	0	0	
0	1	0	
3	6	2	
0	1	0	
1	3	1	
0	1	0	
1	3	1	
0	1	0	
1	3	1	
1	3	1	
1	3	1	
1	3	1	
2	4	2	

0	0	0	
1	3	1	
0	1	0	
2	4	2	
1	3	1	
1	3	1	
0	1	0	
1	3	1	
0	1	0	
0	1	0	
0	1	0	
4	7	3	
2	4	2	

0	0	0	
1	3	1	
2	4	2	
1	3	1	
0	1	0	
1	3	1	
1	3	1	
0	1	0	
0	1	0	
1	3	1	
1	3	1	
1	3	1	
1	3	1	

0	0	0	
1	3	1	
3	6	2	
2	4	2	
1	3	1	
1	3	1	
3	6	2	
0	1	0	
1	3	1	
2	4	2	
0	1	0	
2	4	2	
1	3	1	

0	0	0	
0	1	0	
1	3	1	
2	4	2	
2	4	2	
2	4	2	
1	3	1	
1	3	1	
1	3	1	
1	3	1	
0	1	0	
0	1	0	
3	6	2	

]

ExternalEquipmentRentingCost: [
5174	2055	1564	4232	5012	2959	2113	3735	5563	3857	2104	4870	2848	
5471	3133	4356	5899	3016	2200	2149	1236	1241	5254	1453	4130	2611	
5534	5756	1986	1000	5406	2185	3757	3806	1575	3354	1024	2765	3350	
2054	5133	1692	1749	4934	5612	1538	2434	4408	1251	4050	5421	1228	
5083	4046	5917	5978	5587	1139	2874	5562	5468	5820	4082	4910	4537	
]

EquipmentTypeTransportationCost: [
1	

1	

1	

1	

1	

]

TransportationTimeForEquipmentTypeBetweenProjects: [
1	

1	

1	

1	

1	

]

TotalNumberOfInitialEquipmentTypeLocation: [
(1 1) 7 
(2 1) 5 
(3 1) 2 
(4 1) 7 
(5 1) 9 
]

DepotActivities: [ 1 ]

MaximalStintCliques: [
[ 2 1 ]
[ 2 3 ]
[ 4 3 ]
[ 4 5 ]
]
