nEmployees: 120
nSkills: 6
nProjects: 10
nDays: 60
nActivities: 128
nEquipmentTypes: 7
nStints: 54
nMaxModes: 1
nStintCliques: 9

EmployeeInStintCost: [
17496 17496 17496 11016 1944 18188 18188 18188 18188 18188 18188 18188 18188 14816 35018 35018 35018 28538 9356 38284 38284 38284 31804 14072 32508 32508 32508 30564 10268 30376 30376 30376 28432 12416 40628 40628 40628 34148 17136 42224 42224 42224 35744 16992 12960 12960 12960 11016 1944 17496 17496 17496 11016 1944 
49522 49522 49522 42742 20170 17168 17168 17168 17168 17168 17168 17168 17168 13706 42252 42252 42252 35472 15870 34702 34702 34702 27922 9770 41116 41116 41116 39082 18366 30144 30144 30144 28110 11674 31374 31374 31374 24594 7162 33602 33602 33602 26822 7650 38560 38560 38560 36526 18970 43712 43712 43712 36932 18510 
42158 42158 42158 35978 14246 3708 3708 3708 3708 3708 3708 3708 3708 1854 35352 35352 35352 29172 10410 30546 30546 30546 24366 7054 34652 34652 34652 32798 12922 13520 13520 13520 11666 3014 32658 32658 32658 26478 9886 34454 34454 34454 28274 9942 31616 31616 31616 29762 13046 36348 36348 36348 30168 12586 
39136 39136 39136 31936 8776 19900 19900 19900 19900 19900 19900 19900 19900 16312 37922 37922 37922 30722 10532 41444 41444 41444 34244 15504 34732 34732 34732 32572 11268 33112 33112 33112 30952 13928 43828 43828 43828 36628 18608 45352 45352 45352 38152 18392 27880 27880 27880 25720 7576 33326 33326 33326 26126 7116 
44148 44148 44148 37788 15804 12692 12692 12692 12692 12692 12692 12692 12692 9356 37022 37022 37022 30662 11648 17172 17172 17172 10812 1908 36212 36212 36212 34304 14176 25104 25104 25104 23196 7348 31744 31744 31744 25384 8540 33252 33252 33252 26892 8308 33480 33480 33480 31572 14604 38338 38338 38338 31978 14144 
44422 44422 44422 38242 16510 13112 13112 13112 13112 13112 13112 13112 13112 9830 37448 37448 37448 31268 12506 22006 22006 22006 15826 7174 36764 36764 36764 34910 15034 25224 25224 25224 23370 7774 30394 30394 30394 24214 7622 32366 32366 32366 26186 7854 33880 33880 33880 32026 15310 38612 38612 38612 32432 14850 
50224 50224 50224 42544 18712 15964 15964 15964 15964 15964 15964 15964 15964 12232 42994 42994 42994 35314 14452 35388 35388 35388 27708 8296 41244 41244 41244 38940 16964 30208 30208 30208 27904 10208 33460 33460 33460 25780 7088 20736 20736 20736 13056 2304 38632 38632 38632 36328 17512 44414 44414 44414 36734 17052 
44796 44796 44796 38196 15876 12836 12836 12836 12836 12836 12836 12836 12836 9428 37670 37670 37670 31070 11720 17820 17820 17820 11220 1980 36692 36692 36692 34712 14248 25584 25584 25584 23604 7420 32392 32392 32392 25792 8612 33900 33900 33900 27300 8380 33960 33960 33960 31980 14676 38986 38986 38986 32386 14216 
44148 44148 44148 37788 15804 12692 12692 12692 12692 12692 12692 12692 12692 9356 37022 37022 37022 30662 11648 17172 17172 17172 10812 1908 36212 36212 36212 34304 14176 25104 25104 25104 23196 7348 31744 31744 31744 25384 8540 33252 33252 33252 26892 8308 33480 33480 33480 31572 14604 38338 38338 38338 31978 14144 
49930 49930 49930 42670 19426 16352 16352 16352 16352 16352 16352 16352 16352 12746 42908 42908 42908 35648 15374 35182 35182 35182 27922 9098 41460 41460 41460 39282 17894 29960 29960 29960 27782 10674 19602 19602 19602 12342 2178 34762 34762 34762 27502 7658 38632 38632 38632 36454 18226 44120 44120 44120 36860 17766 
37264 37264 37264 31024 9208 16188 16188 16188 16188 16188 16188 16188 16188 12888 32274 32274 32274 26034 7188 35660 35660 35660 29420 12024 17280 17280 17280 15408 6672 28072 28072 28072 26200 10520 38060 38060 38060 31820 15144 39560 39560 39560 33320 14904 26680 26680 26680 24808 8008 31454 31454 31454 25214 7548 
45210 45210 45210 37950 14706 7156 7156 7156 7156 7156 7156 7156 7156 4978 38212 38212 38212 30952 10678 33118 33118 33118 25858 7034 36772 36772 36772 34594 13206 18320 18320 18320 16142 5978 35454 35454 35454 28194 10090 37082 37082 37082 29822 9978 33912 33912 33912 31734 13506 39400 39400 39400 32140 13046 
41606 41606 41606 34226 10814 16080 16080 16080 16080 16080 16080 16080 16080 12438 19926 19926 19926 12546 2214 37746 37746 37746 30366 11374 19520 19520 19520 17306 6974 29608 29608 29608 27394 10118 40194 40194 40194 32814 14542 41582 41582 41582 34202 14190 30224 30224 30224 28010 9614 35796 35796 35796 28416 9154 
45768 45768 45768 38808 15984 13052 13052 13052 13052 13052 13052 13052 13052 9536 38642 38642 38642 31682 11828 18792 18792 18792 11832 2088 37412 37412 37412 35324 14356 26304 26304 26304 24216 7528 33364 33364 33364 26404 8720 34872 34872 34872 27912 8488 34680 34680 34680 32592 14784 39958 39958 39958 32998 14324 
21548 21548 21548 14708 5132 17796 17796 17796 17796 17796 17796 17796 17796 14316 35518 35518 35518 28678 8992 38664 38664 38664 31824 13588 32876 32876 32876 30824 10024 30488 30488 30488 28436 11916 40992 40992 40992 34152 16636 42604 42604 42604 35764 16508 16760 16760 16760 14708 5132 21548 21548 21548 14708 5132 
20738 20738 20738 14198 5042 17616 17616 17616 17616 17616 17616 17616 17616 14226 34708 34708 34708 28168 8902 37854 37854 37854 31314 13498 32276 32276 32276 30314 9934 29888 29888 29888 27926 11826 40182 40182 40182 33642 16546 41794 41794 41794 35254 16418 16160 16160 16160 14198 5042 20738 20738 20738 14198 5042 
45238 45238 45238 37858 14446 5588 5588 5588 5588 5588 5588 5588 5588 3374 38512 38512 38512 31132 10690 34018 34018 34018 26638 7646 36964 36964 36964 34750 13194 14760 14760 14760 12546 2214 36066 36066 36066 28686 10414 37910 37910 37910 30530 10518 33856 33856 33856 31642 13246 39428 39428 39428 32048 12786 
38074 38074 38074 31534 9298 16368 16368 16368 16368 16368 16368 16368 16368 12978 33084 33084 33084 26544 7278 36470 36470 36470 29930 12114 17880 17880 17880 15918 6762 28672 28672 28672 26710 10610 38870 38870 38870 32330 15234 40370 40370 40370 33830 14994 27280 27280 27280 25318 8098 32264 32264 32264 25724 7638 
45718 45718 45718 39058 16654 13400 13400 13400 13400 13400 13400 13400 13400 9974 38744 38744 38744 32084 12650 23302 23302 23302 16642 7318 37724 37724 37724 35726 15178 26184 26184 26184 24186 7918 31690 31690 31690 25030 7766 33662 33662 33662 27002 7998 34840 34840 34840 32842 15454 39908 39908 39908 33248 14994 
46174 46174 46174 39994 18262 15064 15064 15064 15064 15064 15064 15064 15064 11782 38944 38944 38944 32764 14002 31338 31338 31338 25158 7846 38244 38244 38244 36390 16514 27208 27208 27208 25354 9758 29410 29410 29410 23230 6638 16686 16686 16686 10506 1854 35632 35632 35632 33778 17062 40364 40364 40364 34184 16602 
44426 44426 44426 37406 14498 4212 4212 4212 4212 4212 4212 4212 4212 2106 37620 37620 37620 30600 10662 32814 32814 32814 25794 7306 36332 36332 36332 34226 13174 15200 15200 15200 13094 3266 34926 34926 34926 27906 10138 36722 36722 36722 29702 10194 33296 33296 33296 31190 13298 38616 38616 38616 31596 12838 
42872 42872 42872 35912 13088 12716 12716 12716 12716 12716 12716 12716 12716 9200 36266 36266 36266 29306 9452 33964 33964 33964 27004 8600 34988 34988 34988 32900 11932 25568 25568 25568 23480 6792 36164 36164 36164 29204 11520 37912 37912 37912 30952 11528 31784 31784 31784 29696 11888 37062 37062 37062 30102 11428 
47902 47902 47902 41722 19990 16808 16808 16808 16808 16808 16808 16808 16808 13526 40632 40632 40632 34452 15690 33082 33082 33082 26902 9590 39916 39916 39916 38062 18186 28944 28944 28944 27090 11494 29754 29754 29754 23574 6982 31982 31982 31982 25802 7470 37360 37360 37360 35506 18790 42092 42092 42092 35912 18330 
47176 47176 47176 39976 16816 13724 13724 13724 13724 13724 13724 13724 13724 10136 40202 40202 40202 33002 12812 24760 24760 24760 17560 7480 38804 38804 38804 36644 15340 27264 27264 27264 25104 8080 33148 33148 33148 25948 7928 35120 35120 35120 27920 8160 35920 35920 35920 33760 15616 41366 41366 41366 34166 15156 
44238 44238 44238 37338 14598 6940 6940 6940 6940 6940 6940 6940 6940 4870 37240 37240 37240 30340 10570 32146 32146 32146 25246 6926 36052 36052 36052 33982 13098 17600 17600 17600 15530 5870 34482 34482 34482 27582 9982 36110 36110 36110 29210 9870 33192 33192 33192 31122 13398 38428 38428 38428 31528 12938 
42160 42160 42160 35920 14104 4904 4904 4904 4904 4904 4904 4904 4904 3032 35434 35434 35434 29194 10348 30940 30940 30940 24700 7304 34684 34684 34684 32812 12852 12480 12480 12480 10608 1872 32988 32988 32988 26748 10072 34832 34832 34832 28592 10176 31576 31576 31576 29704 12904 36350 36350 36350 30110 12444 
42968 42968 42968 36488 14336 3888 3888 3888 3888 3888 3888 3888 3888 1944 36162 36162 36162 29682 10500 31356 31356 31356 24876 7144 35252 35252 35252 33308 13012 14120 14120 14120 12176 3104 33468 33468 33468 26988 9976 35264 35264 35264 28784 10032 32216 32216 32216 30272 13136 37158 37158 37158 30678 12676 
17496 17496 17496 11016 1944 18188 18188 18188 18188 18188 18188 18188 18188 14816 35018 35018 35018 28538 9356 38284 38284 38284 31804 14072 32508 32508 32508 30564 10268 30376 30376 30376 28432 12416 40628 40628 40628 34148 17136 42224 42224 42224 35744 16992 12960 12960 12960 11016 1944 17496 17496 17496 11016 1944 
49602 49602 49602 43062 20826 17880 17880 17880 17880 17880 17880 17880 17880 14490 42252 42252 42252 35712 16446 34878 34878 34878 28338 10522 41268 41268 41268 39306 18926 30536 30536 30536 28574 12474 31718 31718 31718 25178 8082 33826 33826 33826 27286 8450 38808 38808 38808 36846 19626 43792 43792 43792 37252 19166 
49360 49360 49360 42640 20152 17132 17132 17132 17132 17132 17132 17132 17132 13688 42090 42090 42090 35370 15852 34540 34540 34540 27820 9752 40996 40996 40996 38980 18348 30024 30024 30024 28008 11656 31212 31212 31212 24492 7144 33440 33440 33440 26720 7632 38440 38440 38440 36424 18952 43550 43550 43550 36830 18492 
48954 48954 48954 42654 20754 17736 17736 17736 17736 17736 17736 17736 17736 14418 41604 41604 41604 35304 16374 34230 34230 34230 27930 10450 40788 40788 40788 38898 18854 30056 30056 30056 28166 12402 31070 31070 31070 24770 8010 33178 33178 33178 26878 8378 38328 38328 38328 36438 19554 43144 43144 43144 36844 19094 
48080 48080 48080 40880 17720 14652 14652 14652 14652 14652 14652 14652 14652 11064 41034 41034 41034 33834 13644 33316 33316 33316 26116 7376 39636 39636 39636 37476 16172 28192 28192 28192 26032 9008 32268 32268 32268 25068 7048 34312 34312 34312 27112 7352 36824 36824 36824 34664 16520 42270 42270 42270 35070 16060 
47794 47794 47794 41014 18442 15424 15424 15424 15424 15424 15424 15424 15424 11962 40564 40564 40564 33784 14182 32958 32958 32958 26178 8026 39444 39444 39444 37410 16694 28408 28408 28408 26374 9938 31030 31030 31030 24250 6818 18306 18306 18306 11526 2034 36832 36832 36832 34798 17242 41984 41984 41984 35204 16782 
43104 43104 43104 36624 14472 6688 6688 6688 6688 6688 6688 6688 6688 4744 36106 36106 36106 29626 10444 31012 31012 31012 24532 6800 35212 35212 35212 33268 12972 16760 16760 16760 14816 5744 33348 33348 33348 26868 9856 34976 34976 34976 28496 9744 32352 32352 32352 30408 13272 37294 37294 37294 30814 12812 
36868 36868 36868 30508 8524 19396 19396 19396 19396 19396 19396 19396 19396 16060 35654 35654 35654 29294 10280 39176 39176 39176 32816 15252 33052 33052 33052 31144 11016 31432 31432 31432 29524 13676 41560 41560 41560 35200 18356 43084 43084 43084 36724 18140 26200 26200 26200 24292 7324 31058 31058 31058 24698 6864 
42618 42618 42618 36318 14418 6580 6580 6580 6580 6580 6580 6580 6580 4690 35620 35620 35620 29320 10390 30526 30526 30526 24226 6746 34852 34852 34852 32962 12918 16400 16400 16400 14510 5690 32862 32862 32862 26562 9802 34490 34490 34490 28190 9690 31992 31992 31992 30102 13218 36808 36808 36808 30508 12758 
44104 44104 44104 37144 14320 5336 5336 5336 5336 5336 5336 5336 5336 3248 37378 37378 37378 30418 10564 32884 32884 32884 25924 7520 36124 36124 36124 34036 13068 13920 13920 13920 11832 2088 34932 34932 34932 27972 10288 36776 36776 36776 29816 10392 33016 33016 33016 30928 13120 38294 38294 38294 31334 12660 
42836 42836 42836 36716 15068 12084 12084 12084 12084 12084 12084 12084 12084 8820 35702 35702 35702 29582 10904 19884 19884 19884 13764 5196 35052 35052 35052 33216 13424 24160 24160 24160 22324 6812 31768 31768 31768 25648 9140 33252 33252 33252 27132 8884 32336 32336 32336 30500 13868 37026 37026 37026 30906 13408 
47740 47740 47740 41620 19972 16772 16772 16772 16772 16772 16772 16772 16772 13508 40470 40470 40470 34350 15672 32920 32920 32920 26800 9572 39796 39796 39796 37960 18168 28824 28824 28824 26988 11476 29592 29592 29592 23472 6964 31820 31820 31820 25700 7452 37240 37240 37240 35404 18772 41930 41930 41930 35810 18312 
43160 43160 43160 36920 15104 12156 12156 12156 12156 12156 12156 12156 12156 8856 36026 36026 36026 29786 10940 20208 20208 20208 13968 5232 35292 35292 35292 33420 13460 24400 24400 24400 22528 6848 32092 32092 32092 25852 9176 33576 33576 33576 27336 8920 32576 32576 32576 30704 13904 37350 37350 37350 31110 13444 
47176 47176 47176 40936 19120 15740 15740 15740 15740 15740 15740 15740 15740 12440 40154 40154 40154 33914 15068 32428 32428 32428 26188 8792 39420 39420 39420 37548 17588 27920 27920 27920 26048 10368 16848 16848 16848 10608 1872 32008 32008 32008 25768 7352 36592 36592 36592 34720 17920 41366 41366 41366 35126 17460 
46204 46204 46204 39364 16708 13508 13508 13508 13508 13508 13508 13508 13508 10028 39230 39230 39230 32390 12704 23788 23788 23788 16948 7372 38084 38084 38084 36032 15232 26544 26544 26544 24492 7972 32176 32176 32176 25336 7820 34148 34148 34148 27308 8052 35200 35200 35200 33148 15508 40394 40394 40394 33554 15048 
43358 43358 43358 36218 13142 12824 12824 12824 12824 12824 12824 12824 12824 9254 36752 36752 36752 29612 9506 34450 34450 34450 27310 8654 35348 35348 35348 33206 11986 25928 25928 25928 23786 6846 36650 36650 36650 29510 11574 38398 38398 38398 31258 11582 32144 32144 32144 30002 11942 37548 37548 37548 30408 11482 
49252 49252 49252 41932 18604 15748 15748 15748 15748 15748 15748 15748 15748 12124 42022 42022 42022 34702 14344 34416 34416 34416 27096 8188 40524 40524 40524 38328 16856 29488 29488 29488 27292 10100 32488 32488 32488 25168 6980 19764 19764 19764 12444 2196 37912 37912 37912 35716 17404 43442 43442 43442 36122 16944 
49740 49740 49740 42660 19668 16540 16540 16540 16540 16540 16540 16540 16540 12988 42814 42814 42814 35734 15712 35120 35120 35120 28040 9468 41492 41492 41492 39368 18232 29880 29880 29880 27756 10900 22196 22196 22196 15116 5204 34892 34892 34892 27812 8220 38568 38568 38568 36444 18468 43930 43930 43930 36850 18008 
44148 44148 44148 37788 15804 12692 12692 12692 12692 12692 12692 12692 12692 9356 37022 37022 37022 30662 11648 17172 17172 17172 10812 1908 36212 36212 36212 34304 14176 25104 25104 25104 23196 7348 31744 31744 31744 25384 8540 33252 33252 33252 26892 8308 33480 33480 33480 31572 14604 38338 38338 38338 31978 14144 
43130 43130 43130 36590 14354 3924 3924 3924 3924 3924 3924 3924 3924 1962 36324 36324 36324 29784 10518 31518 31518 31518 24978 7162 35372 35372 35372 33410 13030 14240 14240 14240 12278 3122 33630 33630 33630 27090 9994 35426 35426 35426 28886 10050 32336 32336 32336 30374 13154 37320 37320 37320 30780 12694 
40140 40140 40140 33060 10068 16844 16844 16844 16844 16844 16844 16844 16844 13292 23876 23876 23876 16796 6884 37896 37896 37896 30816 12244 14160 14160 14160 12036 2124 29944 29944 29944 27820 10964 40336 40336 40336 33256 15404 41716 41716 41716 34636 15044 28968 28968 28968 26844 8868 34330 34330 34330 27250 8408 
38358 38358 38358 31938 9870 16448 16448 16448 16448 16448 16448 16448 16448 13094 22094 22094 22094 15674 6686 36114 36114 36114 29694 12046 12840 12840 12840 10914 1926 28624 28624 28624 26698 10766 38554 38554 38554 32134 15206 39934 39934 39934 33514 14846 27648 27648 27648 25722 8670 32548 32548 32548 26128 8210 
21710 21710 21710 14810 5150 17832 17832 17832 17832 17832 17832 17832 17832 14334 35680 35680 35680 28780 9010 38826 38826 38826 31926 13606 32996 32996 32996 30926 10042 30608 30608 30608 28538 11934 41154 41154 41154 34254 16654 42766 42766 42766 35866 16526 16880 16880 16880 14810 5150 21710 21710 21710 14810 5150 
46136 46136 46136 39656 17504 14220 14220 14220 14220 14220 14220 14220 14220 10848 39090 39090 39090 32610 13428 31372 31372 31372 24892 7160 38196 38196 38196 36252 15956 26752 26752 26752 24808 8792 30324 30324 30324 23844 6832 32368 32368 32368 25888 7136 35384 35384 35384 33440 16304 40326 40326 40326 33846 15844 
48792 48792 48792 42552 20736 17700 17700 17700 17700 17700 17700 17700 17700 14400 41442 41442 41442 35202 16356 34068 34068 34068 27828 10432 40668 40668 40668 38796 18836 29936 29936 29936 28064 12384 30908 30908 30908 24668 7992 33016 33016 33016 26776 8360 38208 38208 38208 36336 19536 42982 42982 42982 36742 19076 
39416 39416 39416 32456 9632 19428 19428 19428 19428 19428 19428 19428 19428 15912 36578 36578 36578 29618 9764 40252 40252 40252 33292 14888 33436 33436 33436 31348 10380 32336 32336 32336 30248 13560 42700 42700 42700 35740 18056 44056 44056 44056 37096 17672 28328 28328 28328 26240 8432 33606 33606 33606 26646 7972 
21872 21872 21872 14912 5168 17868 17868 17868 17868 17868 17868 17868 17868 14352 35842 35842 35842 28882 9028 38988 38988 38988 32028 13624 33116 33116 33116 31028 10060 30728 30728 30728 28640 11952 41316 41316 41316 34356 16672 42928 42928 42928 35968 16544 17000 17000 17000 14912 5168 21872 21872 21872 14912 5168 
38358 38358 38358 31938 9870 16448 16448 16448 16448 16448 16448 16448 16448 13094 22094 22094 22094 15674 6686 36114 36114 36114 29694 12046 12840 12840 12840 10914 1926 28624 28624 28624 26698 10766 38554 38554 38554 32134 15206 39934 39934 39934 33514 14846 27648 27648 27648 25722 8670 32548 32548 32548 26128 8210 
46528 46528 46528 40528 19048 15596 15596 15596 15596 15596 15596 15596 15596 12368 39506 39506 39506 33506 14996 31780 31780 31780 25780 8720 38940 38940 38940 37140 17516 27440 27440 27440 25640 10296 16200 16200 16200 10200 1800 31360 31360 31360 25360 7280 36112 36112 36112 34312 17848 40718 40718 40718 34718 17388 
46336 46336 46336 40096 18280 15100 15100 15100 15100 15100 15100 15100 15100 11800 39106 39106 39106 32866 14020 31500 31500 31500 25260 7864 38364 38364 38364 36492 16532 27328 27328 27328 25456 9776 29572 29572 29572 23332 6656 16848 16848 16848 10608 1872 35752 35752 35752 33880 17080 40526 40526 40526 34286 16620 
38034 38034 38034 31734 9834 16376 16376 16376 16376 16376 16376 16376 16376 13058 21770 21770 21770 15470 6650 35790 35790 35790 29490 12010 12600 12600 12600 10710 1890 28384 28384 28384 26494 10730 38230 38230 38230 31930 15170 39610 39610 39610 33310 14810 27408 27408 27408 25518 8634 32224 32224 32224 25924 8174 
45556 45556 45556 38956 16636 13364 13364 13364 13364 13364 13364 13364 13364 9956 38582 38582 38582 31982 12632 23140 23140 23140 16540 7300 37604 37604 37604 35624 15160 26064 26064 26064 24084 7900 31528 31528 31528 24928 7748 33500 33500 33500 26900 7980 34720 34720 34720 32740 15436 39746 39746 39746 33146 14976 
44914 44914 44914 37654 14410 5516 5516 5516 5516 5516 5516 5516 5516 3338 38188 38188 38188 30928 10654 33694 33694 33694 26434 7610 36724 36724 36724 34546 13158 14520 14520 14520 12342 2178 35742 35742 35742 28482 10378 37586 37586 37586 30326 10482 33616 33616 33616 31438 13210 39104 39104 39104 31844 12750 
21548 21548 21548 14708 5132 17796 17796 17796 17796 17796 17796 17796 17796 14316 35518 35518 35518 28678 8992 38664 38664 38664 31824 13588 32876 32876 32876 30824 10024 30488 30488 30488 28436 11916 40992 40992 40992 34152 16636 42604 42604 42604 35764 16508 16760 16760 16760 14708 5132 21548 21548 21548 14708 5132 
38444 38444 38444 31844 9524 19212 19212 19212 19212 19212 19212 19212 19212 15804 35606 35606 35606 29006 9656 39280 39280 39280 32680 14780 32716 32716 32716 30736 10272 31616 31616 31616 29636 13452 41728 41728 41728 35128 17948 43084 43084 43084 36484 17564 27608 27608 27608 25628 8324 32634 32634 32634 26034 7864 
39784 39784 39784 32344 8848 20044 20044 20044 20044 20044 20044 20044 20044 16384 38570 38570 38570 31130 10604 42092 42092 42092 34652 15576 35212 35212 35212 32980 11340 33592 33592 33592 31360 14000 44476 44476 44476 37036 18680 46000 46000 46000 38560 18464 28360 28360 28360 26128 7648 33974 33974 33974 26534 7188 
50388 50388 50388 43068 19740 16684 16684 16684 16684 16684 16684 16684 16684 13060 43462 43462 43462 36142 15784 35768 35768 35768 28448 9540 41972 41972 41972 39776 18304 30360 30360 30360 28164 10972 22844 22844 22844 15524 5276 35540 35540 35540 28220 8292 39048 39048 39048 36852 18540 44578 44578 44578 37258 18080 
48890 48890 48890 41390 17810 14832 14832 14832 14832 14832 14832 14832 14832 11154 41844 41844 41844 34344 13734 34126 34126 34126 26626 7466 40236 40236 40236 37986 16262 28792 28792 28792 26542 9098 33078 33078 33078 25578 7138 35122 35122 35122 27622 7442 37424 37424 37424 35174 16610 43080 43080 43080 35580 16150 
43294 43294 43294 36634 14230 5156 5156 5156 5156 5156 5156 5156 5156 3158 36568 36568 36568 29908 10474 32074 32074 32074 25414 7430 35524 35524 35524 33526 12978 13320 13320 13320 11322 1998 34122 34122 34122 27462 10198 35966 35966 35966 29306 10302 32416 32416 32416 30418 13030 37484 37484 37484 30824 12570 
18630 18630 18630 11730 2070 18440 18440 18440 18440 18440 18440 18440 18440 14942 36152 36152 36152 29252 9482 39418 39418 39418 32518 14198 33348 33348 33348 31278 10394 31216 31216 31216 29146 12542 41762 41762 41762 34862 17262 43358 43358 43358 36458 17118 13800 13800 13800 11730 2070 18630 18630 18630 11730 2070 
38974 38974 38974 31834 8758 19864 19864 19864 19864 19864 19864 19864 19864 16294 37760 37760 37760 30620 10514 41282 41282 41282 34142 15486 34612 34612 34612 32470 11250 32992 32992 32992 30850 13910 43666 43666 43666 36526 18590 45190 45190 45190 38050 18374 27760 27760 27760 25618 7558 33164 33164 33164 26024 7098 
36940 36940 36940 30820 9172 16116 16116 16116 16116 16116 16116 16116 16116 12852 31950 31950 31950 25830 7152 35336 35336 35336 29216 11988 17040 17040 17040 15204 6636 27832 27832 27832 25996 10484 37736 37736 37736 31616 15108 39236 39236 39236 33116 14868 26440 26440 26440 24604 7972 31130 31130 31130 25010 7512 
39654 39654 39654 32754 10014 16736 16736 16736 16736 16736 16736 16736 16736 13238 23390 23390 23390 16490 6830 37410 37410 37410 30510 12190 13800 13800 13800 11730 2070 29584 29584 29584 27514 10910 39850 39850 39850 32950 15350 41230 41230 41230 34330 14990 28608 28608 28608 26538 8814 33844 33844 33844 26944 8354 
37148 37148 37148 31028 9380 18924 18924 18924 18924 18924 18924 18924 18924 15660 34310 34310 34310 28190 9512 37984 37984 37984 31864 14636 31756 31756 31756 29920 10128 30656 30656 30656 28820 13308 40432 40432 40432 34312 17804 41788 41788 41788 35668 17420 26648 26648 26648 24812 8180 31338 31338 31338 25218 7720 
49252 49252 49252 41932 18604 15748 15748 15748 15748 15748 15748 15748 15748 12124 42022 42022 42022 34702 14344 34416 34416 34416 27096 8188 40524 40524 40524 38328 16856 29488 29488 29488 27292 10100 32488 32488 32488 25168 6980 19764 19764 19764 12444 2196 37912 37912 37912 35716 17404 43442 43442 43442 36122 16944 
42970 42970 42970 36430 14194 5084 5084 5084 5084 5084 5084 5084 5084 3122 36244 36244 36244 29704 10438 31750 31750 31750 25210 7394 35284 35284 35284 33322 12942 13080 13080 13080 11118 1962 33798 33798 33798 27258 10162 35642 35642 35642 29102 10266 32176 32176 32176 30214 12994 37160 37160 37160 30620 12534 
47416 47416 47416 41416 19936 16700 16700 16700 16700 16700 16700 16700 16700 13472 40146 40146 40146 34146 15636 32596 32596 32596 26596 9536 39556 39556 39556 37756 18132 28584 28584 28584 26784 11440 29268 29268 29268 23268 6928 31496 31496 31496 25496 7416 37000 37000 37000 35200 18736 41606 41606 41606 35606 18276 
50332 50332 50332 43252 20260 17348 17348 17348 17348 17348 17348 17348 17348 13796 43062 43062 43062 35982 15960 35512 35512 35512 28432 9860 41716 41716 41716 39592 18456 30744 30744 30744 28620 11764 32184 32184 32184 25104 7252 34412 34412 34412 27332 7740 39160 39160 39160 37036 19060 44522 44522 44522 37442 18600 
40712 40712 40712 33272 9776 19716 19716 19716 19716 19716 19716 19716 19716 16056 37874 37874 37874 30434 9908 41548 41548 41548 34108 15032 34396 34396 34396 32164 10524 33296 33296 33296 31064 13704 43996 43996 43996 36556 18200 45352 45352 45352 37912 17816 29288 29288 29288 27056 8576 34902 34902 34902 27462 8116 
37030 37030 37030 30610 8542 19432 19432 19432 19432 19432 19432 19432 19432 16078 35816 35816 35816 29396 10298 39338 39338 39338 32918 15270 33172 33172 33172 31246 11034 31552 31552 31552 29626 13694 41722 41722 41722 35302 18374 43246 43246 43246 36826 18158 26320 26320 26320 24394 7342 31220 31220 31220 24800 6882 
42062 42062 42062 35402 12998 12536 12536 12536 12536 12536 12536 12536 12536 9110 35456 35456 35456 28796 9362 33154 33154 33154 26494 8510 34388 34388 34388 32390 11842 24968 24968 24968 22970 6702 35354 35354 35354 28694 11430 37102 37102 37102 30442 11438 31184 31184 31184 29186 11798 36252 36252 36252 29592 11338 
48634 48634 48634 41854 19282 16064 16064 16064 16064 16064 16064 16064 16064 12602 41612 41612 41612 34832 15230 33886 33886 33886 27106 8954 40500 40500 40500 38466 17750 29000 29000 29000 26966 10530 18306 18306 18306 11526 2034 33466 33466 33466 26686 7514 37672 37672 37672 35638 18082 42824 42824 42824 36044 17622 
17982 17982 17982 11322 1998 18296 18296 18296 18296 18296 18296 18296 18296 14870 35504 35504 35504 28844 9410 38770 38770 38770 32110 14126 32868 32868 32868 30870 10322 30736 30736 30736 28738 12470 41114 41114 41114 34454 17190 42710 42710 42710 36050 17046 13320 13320 13320 11322 1998 17982 17982 17982 11322 1998 
43752 43752 43752 37032 14544 6832 6832 6832 6832 6832 6832 6832 6832 4816 36754 36754 36754 30034 10516 31660 31660 31660 24940 6872 35692 35692 35692 33676 13044 17240 17240 17240 15224 5816 33996 33996 33996 27276 9928 35624 35624 35624 28904 9816 32832 32832 32832 30816 13344 37942 37942 37942 31222 12884 
42808 42808 42808 36328 14176 5048 5048 5048 5048 5048 5048 5048 5048 3104 36082 36082 36082 29602 10420 31588 31588 31588 25108 7376 35164 35164 35164 33220 12924 12960 12960 12960 11016 1944 33636 33636 33636 27156 10144 35480 35480 35480 29000 10248 32056 32056 32056 30112 12976 36998 36998 36998 30518 12516 
46852 46852 46852 39772 16780 13652 13652 13652 13652 13652 13652 13652 13652 10100 39878 39878 39878 32798 12776 24436 24436 24436 17356 7444 38564 38564 38564 36440 15304 27024 27024 27024 24900 8044 32824 32824 32824 25744 7892 34796 34796 34796 27716 8124 35680 35680 35680 33556 15580 41042 41042 41042 33962 15120 
36382 36382 36382 30202 8470 19288 19288 19288 19288 19288 19288 19288 19288 16006 35168 35168 35168 28988 10226 38690 38690 38690 32510 15198 32692 32692 32692 30838 10962 31072 31072 31072 29218 13622 41074 41074 41074 34894 18302 42598 42598 42598 36418 18086 25840 25840 25840 23986 7270 30572 30572 30572 24392 6810 
18144 18144 18144 11424 2016 18332 18332 18332 18332 18332 18332 18332 18332 14888 35666 35666 35666 28946 9428 38932 38932 38932 32212 14144 32988 32988 32988 30972 10340 30856 30856 30856 28840 12488 41276 41276 41276 34556 17208 42872 42872 42872 36152 17064 13440 13440 13440 11424 2016 18144 18144 18144 11424 2016 
42322 42322 42322 36022 14122 4940 4940 4940 4940 4940 4940 4940 4940 3050 35596 35596 35596 29296 10366 31102 31102 31102 24802 7322 34804 34804 34804 32914 12870 12600 12600 12600 10710 1890 33150 33150 33150 26850 10090 34994 34994 34994 28694 10194 31696 31696 31696 29806 12922 36512 36512 36512 30212 12462 
23330 23330 23330 15830 5330 18192 18192 18192 18192 18192 18192 18192 18192 14514 37300 37300 37300 29800 9190 40446 40446 40446 32946 13786 34196 34196 34196 31946 10222 31808 31808 31808 29558 12114 42774 42774 42774 35274 16834 44386 44386 44386 36886 16706 18080 18080 18080 15830 5330 23330 23330 23330 15830 5330 
49282 49282 49282 42262 19354 16208 16208 16208 16208 16208 16208 16208 16208 12674 42260 42260 42260 35240 15302 34534 34534 34534 27514 9026 40980 40980 40980 38874 17822 29480 29480 29480 27374 10602 18954 18954 18954 11934 2106 34114 34114 34114 27094 7586 38152 38152 38152 36046 18154 43472 43472 43472 36452 17694 
44264 44264 44264 37304 14480 4176 4176 4176 4176 4176 4176 4176 4176 2088 37458 37458 37458 30498 10644 32652 32652 32652 25692 7288 36212 36212 36212 34124 13156 15080 15080 15080 12992 3248 34764 34764 34764 27804 10120 36560 36560 36560 29600 10176 33176 33176 33176 31088 13280 38454 38454 38454 31494 12820 
47470 47470 47470 40810 18406 15352 15352 15352 15352 15352 15352 15352 15352 11926 40240 40240 40240 33580 14146 32634 32634 32634 25974 7990 39204 39204 39204 37206 16658 28168 28168 28168 26170 9902 30706 30706 30706 24046 6782 17982 17982 17982 11322 1998 36592 36592 36592 34594 17206 41660 41660 41660 35000 16746 
39168 39168 39168 32448 9960 16628 16628 16628 16628 16628 16628 16628 16628 13184 22904 22904 22904 16184 6776 36924 36924 36924 30204 12136 13440 13440 13440 11424 2016 29224 29224 29224 27208 10856 39364 39364 39364 32644 15296 40744 40744 40744 34024 14936 28248 28248 28248 26232 8760 33358 33358 33358 26638 8300 
48550 48550 48550 42130 20062 16952 16952 16952 16952 16952 16952 16952 16952 13598 41280 41280 41280 34860 15762 33730 33730 33730 27310 9662 40396 40396 40396 38470 18258 29424 29424 29424 27498 11566 30402 30402 30402 23982 7054 32630 32630 32630 26210 7542 37840 37840 37840 35914 18862 42740 42740 42740 36320 18402 
39654 39654 39654 32754 10014 16736 16736 16736 16736 16736 16736 16736 16736 13238 23390 23390 23390 16490 6830 37410 37410 37410 30510 12190 13800 13800 13800 11730 2070 29584 29584 29584 27514 10910 39850 39850 39850 32950 15350 41230 41230 41230 34330 14990 28608 28608 28608 26538 8814 33844 33844 33844 26944 8354 
37386 37386 37386 31326 9762 16232 16232 16232 16232 16232 16232 16232 16232 12986 21122 21122 21122 15062 6578 35142 35142 35142 29082 11938 12120 12120 12120 10302 1818 27904 27904 27904 26086 10658 37582 37582 37582 31522 15098 38962 38962 38962 32902 14738 26928 26928 26928 25110 8562 31576 31576 31576 25516 8102 
19118 19118 19118 13178 4862 17256 17256 17256 17256 17256 17256 17256 17256 14046 33088 33088 33088 27148 8722 36234 36234 36234 30294 13318 31076 31076 31076 29294 9754 28688 28688 28688 26906 11646 38562 38562 38562 32622 16366 40174 40174 40174 34234 16238 14960 14960 14960 13178 4862 19118 19118 19118 13178 4862 
46400 46400 46400 38960 15464 12876 12876 12876 12876 12876 12876 12876 12876 9216 39266 39266 39266 31826 11300 23448 23448 23448 16008 5592 37692 37692 37692 35460 13820 26800 26800 26800 24568 7208 35332 35332 35332 27892 9536 36816 36816 36816 29376 9280 34976 34976 34976 32744 14264 40590 40590 40590 33150 13804 
45768 45768 45768 38808 15984 13052 13052 13052 13052 13052 13052 13052 13052 9536 38642 38642 38642 31682 11828 18792 18792 18792 11832 2088 37412 37412 37412 35324 14356 26304 26304 26304 24216 7528 33364 33364 33364 26404 8720 34872 34872 34872 27912 8488 34680 34680 34680 32592 14784 39958 39958 39958 32998 14324 
49282 49282 49282 42262 19354 16208 16208 16208 16208 16208 16208 16208 16208 12674 42260 42260 42260 35240 15302 34534 34534 34534 27514 9026 40980 40980 40980 38874 17822 29480 29480 29480 27374 10602 18954 18954 18954 11934 2106 34114 34114 34114 27094 7586 38152 38152 38152 36046 18154 43472 43472 43472 36452 17694 
47956 47956 47956 41116 18460 15460 15460 15460 15460 15460 15460 15460 15460 11980 40726 40726 40726 33886 14200 33120 33120 33120 26280 8044 39564 39564 39564 37512 16712 28528 28528 28528 26476 9956 31192 31192 31192 24352 6836 18468 18468 18468 11628 2052 36952 36952 36952 34900 17260 42146 42146 42146 35306 16800 
36220 36220 36220 30100 8452 19252 19252 19252 19252 19252 19252 19252 19252 15988 35006 35006 35006 28886 10208 38528 38528 38528 32408 15180 32572 32572 32572 30736 10944 30952 30952 30952 29116 13604 40912 40912 40912 34792 18284 42436 42436 42436 36316 18068 25720 25720 25720 23884 7252 30410 30410 30410 24290 6792 
44330 44330 44330 36830 13250 13040 13040 13040 13040 13040 13040 13040 13040 9362 37724 37724 37724 30224 9614 35422 35422 35422 27922 8762 36068 36068 36068 33818 12094 26648 26648 26648 24398 6954 37622 37622 37622 30122 11682 39370 39370 39370 31870 11690 32864 32864 32864 30614 12050 38520 38520 38520 31020 11590 
51384 51384 51384 44184 21024 18276 18276 18276 18276 18276 18276 18276 18276 14688 44034 44034 44034 36834 16644 36660 36660 36660 29460 10720 42588 42588 42588 40428 19124 31856 31856 31856 29696 12672 33500 33500 33500 26300 8280 35608 35608 35608 28408 8648 40128 40128 40128 37968 19824 45574 45574 45574 38374 19364 
47986 47986 47986 41446 19210 15920 15920 15920 15920 15920 15920 15920 15920 12530 40964 40964 40964 34424 15158 33238 33238 33238 26698 8882 40020 40020 40020 38058 17678 28520 28520 28520 26558 10458 17658 17658 17658 11118 1962 32818 32818 32818 26278 7442 37192 37192 37192 35230 18010 42176 42176 42176 35636 17550 
44264 44264 44264 37304 14480 4176 4176 4176 4176 4176 4176 4176 4176 2088 37458 37458 37458 30498 10644 32652 32652 32652 25692 7288 36212 36212 36212 34124 13156 15080 15080 15080 12992 3248 34764 34764 34764 27804 10120 36560 36560 36560 29600 10176 33176 33176 33176 31088 13280 38454 38454 38454 31494 12820 
49120 49120 49120 42160 19336 16172 16172 16172 16172 16172 16172 16172 16172 12656 42098 42098 42098 35138 15284 34372 34372 34372 27412 9008 40860 40860 40860 38772 17804 29360 29360 29360 27272 10584 18792 18792 18792 11832 2088 33952 33952 33952 26992 7568 38032 38032 38032 35944 18136 43310 43310 43310 36350 17676 
40064 40064 40064 32864 9704 19572 19572 19572 19572 19572 19572 19572 19572 15984 37226 37226 37226 30026 9836 40900 40900 40900 33700 14960 33916 33916 33916 31756 10452 32816 32816 32816 30656 13632 43348 43348 43348 36148 18128 44704 44704 44704 37504 17744 28808 28808 28808 26648 8504 34254 34254 34254 27054 8044 
17658 17658 17658 11118 1962 18224 18224 18224 18224 18224 18224 18224 18224 14834 35180 35180 35180 28640 9374 38446 38446 38446 31906 14090 32628 32628 32628 30666 10286 30496 30496 30496 28534 12434 40790 40790 40790 34250 17154 42386 42386 42386 35846 17010 13080 13080 13080 11118 1962 17658 17658 17658 11118 1962 
39946 39946 39946 32446 8866 20080 20080 20080 20080 20080 20080 20080 20080 16402 38732 38732 38732 31232 10622 42254 42254 42254 34754 15594 35332 35332 35332 33082 11358 33712 33712 33712 31462 14018 44638 44638 44638 37138 18698 46162 46162 46162 38662 18482 28480 28480 28480 26230 7666 34136 34136 34136 26636 7206 
50874 50874 50874 43374 19794 16792 16792 16792 16792 16792 16792 16792 16792 13114 43948 43948 43948 36448 15838 36254 36254 36254 28754 9594 42332 42332 42332 40082 18358 30720 30720 30720 28470 11026 23330 23330 23330 15830 5330 36026 36026 36026 28526 8346 39408 39408 39408 37158 18594 45064 45064 45064 37564 18134 
41090 41090 41090 34790 12890 12320 12320 12320 12320 12320 12320 12320 12320 9002 34484 34484 34484 28184 9254 32182 32182 32182 25882 8402 33668 33668 33668 31778 11734 24248 24248 24248 22358 6594 34382 34382 34382 28082 11322 36130 36130 36130 29830 11330 30464 30464 30464 28574 11690 35280 35280 35280 28980 11230 
50170 50170 50170 43150 20242 17312 17312 17312 17312 17312 17312 17312 17312 13778 42900 42900 42900 35880 15942 35350 35350 35350 28330 9842 41596 41596 41596 39490 18438 30624 30624 30624 28518 11746 32022 32022 32022 25002 7234 34250 34250 34250 27230 7722 39040 39040 39040 36934 19042 44360 44360 44360 37340 18582 
47470 47470 47470 40810 18406 15352 15352 15352 15352 15352 15352 15352 15352 11926 40240 40240 40240 33580 14146 32634 32634 32634 25974 7990 39204 39204 39204 37206 16658 28168 28168 28168 26170 9902 30706 30706 30706 24046 6782 17982 17982 17982 11322 1998 36592 36592 36592 34594 17206 41660 41660 41660 35000 16746 
51708 51708 51708 44388 21060 18348 18348 18348 18348 18348 18348 18348 18348 14724 44358 44358 44358 37038 16680 36984 36984 36984 29664 10756 42828 42828 42828 40632 19160 32096 32096 32096 29900 12708 33824 33824 33824 26504 8316 35932 35932 35932 28612 8684 40368 40368 40368 38172 19860 45898 45898 45898 38578 19400 
39416 39416 39416 32456 9632 19428 19428 19428 19428 19428 19428 19428 19428 15912 36578 36578 36578 29618 9764 40252 40252 40252 33292 14888 33436 33436 33436 31348 10380 32336 32336 32336 30248 13560 42700 42700 42700 35740 18056 44056 44056 44056 37096 17672 28328 28328 28328 26240 8432 33606 33606 33606 26646 7972 
48118 48118 48118 41218 18478 15496 15496 15496 15496 15496 15496 15496 15496 11998 40888 40888 40888 33988 14218 33282 33282 33282 26382 8062 39684 39684 39684 37614 16730 28648 28648 28648 26578 9974 31354 31354 31354 24454 6854 18630 18630 18630 11730 2070 37072 37072 37072 35002 17278 42308 42308 42308 35408 16818 
43358 43358 43358 36218 13142 12824 12824 12824 12824 12824 12824 12824 12824 9254 36752 36752 36752 29612 9506 34450 34450 34450 27310 8654 35348 35348 35348 33206 11986 25928 25928 25928 23786 6846 36650 36650 36650 29510 11574 38398 38398 38398 31258 11582 32144 32144 32144 30002 11942 37548 37548 37548 30408 11482 
38768 38768 38768 32048 9560 19284 19284 19284 19284 19284 19284 19284 19284 15840 35930 35930 35930 29210 9692 39604 39604 39604 32884 14816 32956 32956 32956 30940 10308 31856 31856 31856 29840 13488 42052 42052 42052 35332 17984 43408 43408 43408 36688 17600 27848 27848 27848 25832 8360 32958 32958 32958 26238 7900 
44562 44562 44562 37542 14634 7012 7012 7012 7012 7012 7012 7012 7012 4906 37564 37564 37564 30544 10606 32470 32470 32470 25450 6962 36292 36292 36292 34186 13134 17840 17840 17840 15734 5906 34806 34806 34806 27786 10018 36434 36434 36434 29414 9906 33432 33432 33432 31326 13434 38752 38752 38752 31732 12974 
40626 40626 40626 33366 10122 16952 16952 16952 16952 16952 16952 16952 16952 13346 24362 24362 24362 17102 6938 38382 38382 38382 31122 12298 14520 14520 14520 12342 2178 30304 30304 30304 28126 11018 40822 40822 40822 33562 15458 42202 42202 42202 34942 15098 29328 29328 29328 27150 8922 34816 34816 34816 27556 8462 
49930 49930 49930 42670 19426 16352 16352 16352 16352 16352 16352 16352 16352 12746 42908 42908 42908 35648 15374 35182 35182 35182 27922 9098 41460 41460 41460 39282 17894 29960 29960 29960 27782 10674 19602 19602 19602 12342 2178 34762 34762 34762 27502 7658 38632 38632 38632 36454 18226 44120 44120 44120 36860 17766 
]

ExternalWorkerWithSkillOnStintCost: [
41244 36456 43428 40572 12288 16170 15480 16380 15600 17070 15180 14640 16620 14184 36708 50148 36372 35532 11208 49560 47880 49140 50148 10704 33696 38736 41040 29808 12384 33696 42552 33120 39672 14208 37128 35700 40320 44856 12048 44100 33852 39144 36372 11112 30960 40176 42192 38016 10800 39228 36876 34944 44772 12336 
49644 39312 44520 49308 11184 17880 16770 17940 17910 16110 14790 12690 16890 9720 47292 46704 37632 50316 10560 37548 48804 39228 41412 12288 30816 28800 33120 30672 14208 32184 41688 37728 35784 11280 42672 48216 42924 44016 11520 36372 35364 47964 41496 13464 40608 30240 29304 36576 13176 37548 44856 38556 36456 12360 
41328 48048 42084 46620 10368 15180 16290 12060 12420 13020 14130 17970 15690 12576 38052 38052 34272 35952 13848 38220 39144 35028 36792 12888 37944 41256 38592 34488 11448 35136 32688 33480 32112 13464 49476 34104 44940 42672 14280 45444 43428 46452 38304 13896 28944 39816 33336 34056 11832 37044 38304 39480 41664 10056 
46620 43764 43512 49560 13608 16830 15840 12420 16470 15240 15510 15060 17430 12024 47964 39228 49476 42756 12696 37212 35364 47460 42084 10608 41184 33048 29880 41112 13920 34848 33840 34056 33696 13872 36792 44520 34776 34272 10872 38724 38556 39816 39228 13368 30744 34056 35280 32400 10032 39228 36624 39480 41244 12624 
43092 37212 37128 48132 11064 13680 16560 12120 17730 16290 15480 13170 17130 13296 46788 36708 37212 36624 10632 43008 43260 47376 40320 14136 41544 36936 30960 28944 13104 40392 37656 39528 30672 14376 34272 46620 49140 45528 11568 47964 43428 41328 38808 13392 37080 36648 32184 37512 12600 39480 42672 36456 46788 11520 
37632 38136 45192 43428 10128 14370 14220 16620 13350 15030 14910 17310 16350 10200 36792 42504 36372 44268 11976 44688 35196 47544 33684 13728 31896 39816 34632 29664 12816 41472 40824 30528 35208 11112 44436 35952 35784 34356 13824 36120 43764 44940 44856 12528 29808 40680 38088 42336 14160 39732 43596 47964 40152 13560 
]

OverlappingStints: [
[ 2 6 7 8 9 15 16 20 21 25 26 30 31 35 36 40 41 45 46 50 51 ]
[ 3 8 9 10 11 15 16 17 20 21 22 25 26 27 30 31 32 35 36 37 40 41 42 45 46 47 50 51 52 ]
[ 4 10 11 12 13 16 17 18 21 22 23 26 27 28 31 32 33 36 37 38 41 42 43 46 47 48 51 52 53 ]
[ 5 12 13 14 17 18 19 22 23 24 27 28 29 32 33 34 37 38 39 42 43 44 47 48 49 52 53 54 ]
[ 14 18 19 23 24 28 29 33 34 38 39 43 44 48 49 53 54 ]
[ 15 20 25 30 35 40 45 50 ]
[ 15 20 25 30 35 40 45 50 ]
[ 15 16 20 21 25 26 30 31 35 36 40 41 45 46 50 51 ]
[ 15 16 20 21 26 31 35 36 40 41 46 50 51 ]
[ 16 17 21 22 26 27 31 32 36 37 41 42 46 47 51 52 ]
[ 16 17 21 22 27 32 36 37 41 42 47 51 52 ]
[ 17 18 22 23 27 28 32 33 37 38 42 43 47 48 52 53 ]
[ 17 18 22 23 28 33 37 38 42 43 48 52 53 ]
[ 18 19 23 24 28 29 33 34 38 39 43 44 48 49 53 54 ]
[ 16 20 21 25 26 30 31 35 36 40 41 45 46 50 51 ]
[ 17 20 21 22 25 26 27 30 31 32 35 36 37 40 41 42 45 46 47 50 51 52 ]
[ 18 21 22 23 26 27 28 31 32 33 36 37 38 41 42 43 46 47 48 51 52 53 ]
[ 19 22 23 24 27 28 29 32 33 34 37 38 39 42 43 44 47 48 49 52 53 54 ]
[ 23 24 28 29 33 34 38 39 43 44 48 49 53 54 ]
[ 21 25 26 30 31 35 36 40 41 45 46 50 51 ]
[ 22 25 26 27 30 31 32 35 36 37 40 41 42 45 46 47 50 51 52 ]
[ 23 26 27 28 31 32 33 36 37 38 41 42 43 46 47 48 51 52 53 ]
[ 24 27 28 29 32 33 34 37 38 39 42 43 44 47 48 49 52 53 54 ]
[ 28 29 33 34 38 39 43 44 48 49 53 54 ]
[ 26 30 31 35 36 40 41 45 46 50 51 ]
[ 27 30 31 32 35 36 37 40 41 42 45 46 47 50 51 52 ]
[ 28 31 32 33 36 37 38 41 42 43 46 47 48 51 52 53 ]
[ 29 32 33 34 37 38 39 42 43 44 47 48 49 52 53 54 ]
[ 33 34 38 39 43 44 48 49 53 54 ]
[ 31 35 36 40 41 45 46 50 51 ]
[ 32 35 36 37 40 41 42 45 46 47 50 51 52 ]
[ 33 36 37 38 41 42 43 46 47 48 51 52 53 ]
[ 34 37 38 39 42 43 44 47 48 49 52 53 54 ]
[ 38 39 43 44 48 49 53 54 ]
[ 36 40 41 45 46 50 51 ]
[ 37 40 41 42 45 46 47 50 51 52 ]
[ 38 41 42 43 46 47 48 51 52 53 ]
[ 39 42 43 44 47 48 49 52 53 54 ]
[ 43 44 48 49 53 54 ]
[ 41 45 46 50 51 ]
[ 42 45 46 47 50 51 52 ]
[ 43 46 47 48 51 52 53 ]
[ 44 47 48 49 52 53 54 ]
[ 48 49 53 54 ]
[ 46 50 51 ]
[ 47 50 51 52 ]
[ 48 51 52 53 ]
[ 49 52 53 54 ]
[ 53 54 ]
[ 51 ]
[ 52 ]
[ 53 ]
[ 54 ]
[ ]
]

EmployeesWithSkill: [
[ 1 2 3 4 5 6 7 8 9 10 11 12 13 14 15 16 17 18 19 20 21 22 23 24 25 26 27 28 29 30 31 32 33 34 35 36 37 38 39 40 41 42 43 44 45 46 47 48 49 50 51 52 53 54 55 56 57 58 59 60 61 62 63 64 65 66 67 68 69 70 71 72 73 74 75 76 77 78 79 80 81 82 83 84 85 86 87 88 89 90 91 92 93 94 95 96 97 98 99 100 101 102 103 104 105 106 107 108 109 110 111 112 113 114 115 116 117 118 119 120 ]
[ 2 5 6 7 9 11 12 13 15 16 17 18 19 21 22 24 27 28 29 30 33 34 37 38 39 43 48 50 51 52 53 59 63 64 65 68 70 72 73 74 75 76 77 78 79 80 82 83 86 87 88 90 95 96 99 101 102 103 104 105 106 107 108 109 111 115 116 119 120 ]
[ 1 3 4 5 7 8 9 10 11 12 13 14 15 16 17 18 19 20 21 22 23 24 25 26 27 28 30 31 32 33 34 35 36 37 39 40 41 42 43 44 45 46 47 48 49 50 51 52 53 54 55 56 57 58 59 60 61 62 63 64 65 66 67 68 69 70 71 72 73 75 76 77 78 79 80 81 82 83 84 85 86 87 88 89 91 92 93 94 96 97 98 99 100 101 102 103 104 105 106 107 108 109 110 111 112 113 114 115 116 117 118 119 120 ]
[ 3 4 7 8 10 14 17 18 24 27 28 29 30 32 33 34 35 36 41 42 44 45 49 50 51 59 61 63 64 65 67 68 72 73 75 78 81 83 85 86 87 89 93 96 97 99 100 101 102 104 106 108 109 110 113 115 117 119 ]
[ 7 13 14 15 19 20 21 23 26 27 28 33 35 43 44 45 47 48 49 51 60 61 64 67 68 71 72 75 76 79 80 81 82 83 85 92 93 96 99 101 102 104 105 107 109 110 111 113 115 117 119 120 ]
[ 1 2 3 4 5 6 7 8 9 10 11 12 13 14 15 16 17 18 20 22 23 24 25 26 27 28 29 30 31 32 33 34 35 36 37 38 39 40 41 42 43 44 45 46 47 48 49 50 51 52 53 54 55 56 57 58 59 60 61 62 63 64 65 66 67 68 69 70 71 72 73 74 75 76 77 78 79 80 81 82 83 84 85 86 87 88 89 90 91 92 93 94 95 96 97 98 100 101 102 103 104 105 106 107 108 109 110 111 112 113 114 115 116 117 118 119 120 ]
]

SkillDemandInActivityWithMode: [
0	
2	
5	
4	
4	
3	
5	
8	
8	
7	
7	
7	
7	
4	
8	
6	
0	
17	
4	
10	
17	
17	
17	
17	
4	
5	
0	
26	
29	
10	
57	
57	
57	
29	
21	
18	
57	
0	
8	
20	
17	
7	
20	
20	
9	
8	
25	
17	
24	
0	
12	
24	
24	
18	
18	
18	
18	
18	
12	
0	
6	
30	
30	
20	
24	
17	
30	
11	
15	
5	
24	
30	
20	
0	
212	
282	
50	
282	
106	
282	
141	
0	
41	
48	
48	
36	
48	
48	
57	
57	
41	
57	
57	
11	
19	
48	
32	
0	
4	
5	
4	
2	
2	
6	
5	
3	
6	
5	
3	
5	
6	
0	
4	
1	
5	
4	
2	
3	
5	
3	
2	
4	
4	
3	
5	
1	
3	
5	

0	
1	
6	
4	
4	
3	
6	
10	
10	
9	
9	
9	
9	
5	
10	
7	
0	
56	
11	
33	
55	
55	
55	
55	
12	
16	
0	
14	
16	
5	
33	
33	
33	
16	
12	
10	
33	
0	
21	
56	
47	
17	
56	
56	
23	
21	
71	
47	
71	
0	
14	
28	
28	
20	
20	
20	
20	
20	
13	
0	
1	
11	
11	
7	
9	
6	
11	
4	
5	
1	
8	
11	
7	
0	
9	
12	
2	
12	
4	
12	
6	
0	
1	
1	
1	
0	
1	
1	
1	
1	
1	
1	
1	
0	
0	
1	
0	
0	
5	
7	
6	
2	
2	
9	
7	
3	
8	
7	
4	
7	
8	
0	
8	
1	
11	
8	
3	
7	
11	
5	
3	
8	
8	
7	
11	
1	
7	
11	

0	
2	
10	
7	
6	
4	
9	
16	
16	
13	
13	
13	
13	
8	
16	
11	
0	
51	
10	
30	
51	
51	
51	
51	
11	
15	
0	
17	
20	
6	
40	
40	
40	
20	
14	
12	
39	
0	
35	
92	
76	
28	
92	
92	
38	
35	
115	
76	
115	
0	
15	
30	
30	
22	
22	
22	
22	
22	
14	
0	
0	
4	
4	
2	
3	
2	
4	
1	
2	
0	
3	
4	
2	
0	
80	
106	
18	
106	
40	
106	
53	
0	
12	
14	
14	
10	
14	
14	
17	
17	
12	
17	
17	
3	
5	
14	
9	
0	
5	
7	
6	
2	
2	
8	
7	
3	
8	
7	
4	
7	
8	
0	
17	
3	
25	
17	
7	
15	
25	
11	
8	
17	
17	
15	
25	
3	
15	
24	

0	
3	
15	
11	
10	
7	
13	
24	
24	
20	
20	
20	
20	
12	
24	
17	
0	
13	
2	
7	
13	
13	
12	
12	
2	
3	
0	
21	
24	
8	
48	
48	
48	
24	
17	
14	
47	
0	
2	
7	
5	
2	
7	
7	
2	
2	
8	
5	
8	
0	
3	
6	
6	
5	
5	
5	
5	
5	
3	
0	
1	
8	
8	
5	
6	
4	
8	
3	
4	
1	
6	
8	
5	
0	
98	
130	
23	
130	
48	
130	
65	
0	
0	
0	
0	
0	
0	
0	
0	
0	
0	
0	
0	
0	
0	
0	
0	
0	
1	
1	
1	
0	
0	
1	
1	
0	
1	
1	
0	
1	
1	
0	
4	
0	
6	
4	
1	
3	
6	
2	
2	
4	
4	
3	
6	
0	
3	
6	

0	
3	
13	
9	
9	
6	
12	
21	
21	
18	
18	
18	
18	
10	
21	
15	
0	
14	
2	
8	
14	
14	
14	
14	
3	
4	
0	
5	
5	
1	
11	
11	
11	
5	
4	
3	
11	
0	
5	
13	
10	
4	
12	
12	
5	
4	
16	
10	
16	
0	
45	
90	
90	
67	
67	
67	
67	
67	
44	
0	
0	
4	
4	
2	
3	
2	
4	
1	
2	
0	
3	
4	
2	
0	
56	
74	
13	
74	
28	
74	
37	
0	
0	
1	
1	
0	
1	
1	
1	
1	
0	
1	
1	
0	
0	
0	
0	
0	
0	
0	
0	
0	
0	
0	
0	
0	
0	
0	
0	
0	
0	
0	
0	
0	
0	
0	
0	
0	
0	
0	
0	
0	
0	
0	
0	
0	
0	
0	

0	
3	
13	
9	
8	
6	
11	
21	
21	
17	
17	
17	
17	
10	
21	
15	
0	
73	
14	
43	
73	
73	
73	
72	
16	
21	
0	
21	
24	
8	
48	
48	
48	
24	
17	
14	
48	
0	
14	
38	
32	
12	
38	
38	
16	
14	
48	
32	
48	
0	
23	
47	
47	
35	
35	
35	
35	
35	
23	
0	
4	
23	
23	
15	
18	
13	
23	
8	
11	
3	
18	
23	
15	
0	
5	
7	
1	
7	
2	
7	
3	
0	
48	
57	
57	
42	
57	
57	
68	
68	
48	
68	
68	
12	
22	
56	
37	
0	
12	
16	
14	
5	
5	
19	
16	
8	
19	
16	
10	
16	
19	
0	
2	
0	
3	
2	
0	
2	
3	
1	
1	
2	
2	
2	
3	
0	
1	
3	

]

EmployeeAvailability: [
1 1 1 1 0 1 1 1 1 1 1 1 1 0 1 1 1 1 0 1 1 1 1 0 1 1 1 1 0 1 1 1 1 0 1 1 1 1 0 1 1 1 1 0 1 1 1 1 0 1 1 1 1 0 
1 1 1 1 1 1 1 1 1 1 1 1 1 1 1 1 1 1 1 1 1 1 1 1 1 1 1 1 1 1 1 1 1 1 1 1 1 1 1 1 1 1 1 1 1 1 1 1 1 1 1 1 1 1 
1 1 1 1 1 1 1 1 1 1 1 1 1 1 1 1 1 1 1 1 1 1 1 1 1 1 1 1 1 1 1 1 1 1 1 1 1 1 1 1 1 1 1 1 1 1 1 1 1 1 1 1 1 1 
0 0 1 1 1 1 0 1 0 1 1 1 1 1 0 0 1 1 1 0 0 1 1 1 0 0 1 1 1 0 0 1 1 1 0 0 1 1 1 0 0 1 1 1 0 0 1 1 1 0 0 1 1 1 
0 1 0 0 1 1 1 1 1 0 1 0 1 1 0 1 0 0 1 0 1 0 0 1 1 1 0 0 1 1 1 0 0 1 0 1 0 0 1 0 1 0 0 1 1 1 0 0 1 0 1 0 0 1 
1 1 1 1 1 1 1 1 1 1 1 1 1 1 1 1 1 1 1 1 1 1 1 1 1 1 1 1 1 1 1 1 1 1 1 1 1 1 1 1 1 1 1 1 1 1 1 1 1 1 1 1 1 1 
0 0 1 1 0 0 1 1 1 1 1 1 1 0 0 0 1 1 0 0 0 1 1 0 0 1 1 1 0 0 1 1 1 0 0 0 1 1 0 0 0 1 1 0 0 1 1 1 0 0 0 1 1 0 
1 1 1 0 1 1 1 1 1 1 1 1 0 1 1 1 1 0 1 1 1 1 0 1 1 1 1 0 1 1 1 1 0 1 1 1 1 0 1 1 1 1 0 1 1 1 1 0 1 1 1 1 0 1 
1 0 1 0 1 1 1 1 0 1 1 0 1 1 1 0 1 0 1 1 0 1 0 1 1 0 1 0 1 1 0 1 0 1 1 0 1 0 1 1 0 1 0 1 1 0 1 0 1 1 0 1 0 1 
1 1 1 1 1 1 1 1 1 1 1 1 1 1 1 1 1 1 1 1 1 1 1 1 1 1 1 1 1 1 1 1 1 1 1 1 1 1 1 1 1 1 1 1 1 1 1 1 1 1 1 1 1 1 
1 0 0 1 1 1 1 1 1 1 1 1 1 1 1 0 0 1 1 1 0 0 1 1 1 0 0 1 1 1 0 0 1 1 1 0 0 1 1 1 0 0 1 1 1 0 0 1 1 1 0 0 1 1 
1 0 1 0 1 1 1 1 0 1 1 0 1 1 1 0 1 0 1 1 0 1 0 1 1 0 1 0 1 1 0 1 0 1 1 0 1 0 1 1 0 1 0 1 1 0 1 0 1 1 0 1 0 1 
1 0 0 1 1 1 1 1 0 0 1 1 1 1 1 0 0 1 1 1 0 0 1 1 1 0 0 1 1 1 0 0 1 1 1 0 0 1 1 1 0 0 1 1 1 0 0 1 1 1 0 0 1 1 
1 0 1 1 1 1 1 0 1 1 1 1 1 1 1 0 1 1 1 1 0 1 1 1 1 0 1 1 1 1 0 1 1 1 1 0 1 1 1 1 0 1 1 1 1 0 1 1 1 1 0 1 1 1 
1 0 1 1 1 1 1 0 0 1 1 1 1 1 1 0 1 1 1 1 0 1 1 1 1 0 1 1 1 1 0 1 1 1 1 0 1 1 1 1 0 1 1 1 1 0 1 1 1 1 0 1 1 1 
1 1 0 1 1 1 1 1 1 1 0 1 1 1 1 1 0 1 1 1 1 0 1 1 1 1 0 1 1 1 1 0 1 1 1 1 0 1 1 1 1 0 1 1 1 1 0 1 1 1 1 0 1 1 
1 1 1 1 1 1 1 1 1 1 1 1 1 1 1 1 1 1 1 1 1 1 1 1 1 1 1 1 1 1 1 1 1 1 1 1 1 1 1 1 1 1 1 1 1 1 1 1 1 1 1 1 1 1 
1 1 1 0 1 1 1 1 1 1 1 0 1 1 1 1 1 0 1 1 1 1 0 1 1 1 1 0 1 1 1 1 0 1 1 1 1 0 1 1 1 1 0 1 1 1 1 0 1 1 1 1 0 1 
1 1 1 1 1 1 1 1 1 1 1 1 1 1 1 1 1 1 1 1 1 1 1 1 1 1 1 1 1 1 1 1 1 1 1 1 1 1 1 1 1 1 1 1 1 1 1 1 1 1 1 1 1 1 
0 1 0 1 1 0 1 1 1 1 0 1 1 1 0 1 0 1 1 0 1 0 1 1 0 1 0 1 1 0 1 0 1 1 0 1 0 1 1 0 1 0 1 1 0 1 0 1 1 0 1 0 1 1 
1 1 1 1 1 1 1 1 1 1 1 1 1 1 1 1 1 1 1 1 1 1 1 1 1 1 1 1 1 1 1 1 1 1 1 1 1 1 1 1 1 1 1 1 1 1 1 1 1 1 1 1 1 1 
1 1 1 1 1 1 1 1 1 1 1 1 1 1 1 1 1 1 1 1 1 1 1 1 1 1 1 1 1 1 1 1 1 1 1 1 1 1 1 1 1 1 1 1 1 1 1 1 1 1 1 1 1 1 
1 1 1 0 1 1 1 1 1 1 1 1 0 1 1 1 1 0 1 1 1 1 0 1 1 1 1 0 1 1 1 1 0 1 1 1 1 0 1 1 1 1 0 1 1 1 1 0 1 1 1 1 0 1 
1 0 1 1 0 1 1 0 1 1 1 1 1 0 1 0 1 1 0 1 0 1 1 0 1 0 1 1 0 1 0 1 1 0 1 0 1 1 0 1 0 1 1 0 1 0 1 1 0 1 0 1 1 0 
1 0 0 0 1 1 1 0 1 0 1 1 1 1 1 0 0 0 1 1 0 0 0 1 1 0 0 1 1 1 0 0 1 1 1 0 0 0 1 1 0 0 0 1 1 0 0 1 1 1 0 0 0 1 
1 0 1 0 1 1 1 1 0 1 1 1 0 1 1 0 1 0 1 1 0 1 0 1 1 0 1 0 1 1 0 1 0 1 1 0 1 0 1 1 0 1 0 1 1 0 1 0 1 1 0 1 0 1 
1 0 1 1 1 1 1 1 0 1 1 1 1 1 1 0 1 1 1 1 0 1 1 1 1 0 1 1 1 1 0 1 1 1 1 0 1 1 1 1 0 1 1 1 1 0 1 1 1 1 0 1 1 1 
0 1 1 1 1 0 1 1 1 1 1 1 1 1 0 1 1 1 1 0 1 1 1 1 0 1 1 1 1 0 1 1 1 1 0 1 1 1 1 0 1 1 1 1 0 1 1 1 1 0 1 1 1 1 
1 0 0 1 1 1 1 0 1 1 0 1 1 1 1 0 0 1 1 1 0 0 1 1 1 0 0 1 1 1 0 0 1 1 1 0 0 1 1 1 0 0 1 1 1 0 0 1 1 1 0 0 1 1 
1 0 1 1 1 1 1 1 1 1 1 1 1 1 1 0 1 1 1 1 0 1 1 1 1 1 1 1 1 1 1 1 1 1 1 0 1 1 1 1 0 1 1 1 1 1 1 1 1 1 0 1 1 1 
1 1 0 1 1 1 1 1 1 1 1 1 1 1 1 1 0 1 1 1 1 0 1 1 1 1 1 1 1 1 1 1 1 1 1 1 0 1 1 1 1 0 1 1 1 1 1 1 1 1 1 0 1 1 
1 1 1 1 1 1 1 1 1 1 1 1 1 1 1 1 1 1 1 1 1 1 1 1 1 1 1 1 1 1 1 1 1 1 1 1 1 1 1 1 1 1 1 1 1 1 1 1 1 1 1 1 1 1 
1 1 1 1 1 1 1 1 1 1 1 1 1 1 1 1 1 1 1 1 1 1 1 1 1 1 1 1 1 1 1 1 1 1 1 1 1 1 1 1 1 1 1 1 1 1 1 1 1 1 1 1 1 1 
1 0 1 1 1 1 1 1 0 1 1 1 1 1 1 0 1 1 1 1 0 1 1 1 1 0 1 1 1 1 0 1 1 1 1 0 1 1 1 1 0 1 1 1 1 0 1 1 1 1 0 1 1 1 
0 1 1 0 1 0 1 1 1 1 1 1 0 1 0 1 1 0 1 0 1 1 0 1 0 1 1 0 1 0 1 1 0 1 0 1 1 0 1 0 1 1 0 1 0 1 1 0 1 0 1 1 0 1 
1 1 1 0 1 1 1 1 1 1 1 0 1 1 1 1 1 0 1 1 1 1 0 1 1 1 1 0 1 1 1 1 0 1 1 1 1 0 1 1 1 1 0 1 1 1 1 0 1 1 1 1 0 1 
0 1 1 1 1 0 0 1 1 1 1 1 1 1 0 1 1 1 1 0 1 1 1 1 0 1 1 1 1 0 1 1 1 1 0 1 1 1 1 0 1 1 1 1 0 1 1 1 1 0 1 1 1 1 
0 0 0 1 1 1 1 0 1 1 0 1 1 1 0 0 0 1 1 0 0 0 1 1 1 0 0 1 1 1 0 0 1 1 0 0 0 1 1 0 0 0 1 1 1 0 0 1 1 0 0 0 1 1 
1 1 1 1 1 1 1 1 1 1 1 1 1 1 1 1 1 1 1 1 1 1 1 1 1 1 1 1 1 1 1 1 1 1 1 1 1 1 1 1 1 1 1 1 1 1 1 1 1 1 1 1 1 1 
1 1 1 1 1 1 1 1 1 1 1 1 1 1 1 1 1 1 1 1 1 1 1 1 1 1 1 1 1 1 1 1 1 1 1 1 1 1 1 1 1 1 1 1 1 1 1 1 1 1 1 1 1 1 
1 1 1 0 1 1 1 1 1 1 1 1 0 1 1 1 1 0 1 1 1 1 0 1 1 1 1 0 1 1 1 1 0 1 1 1 1 0 1 1 1 1 0 1 1 1 1 0 1 1 1 1 0 1 
1 1 1 0 0 1 1 1 1 1 1 1 0 0 1 1 1 0 0 1 1 1 0 0 1 1 1 0 0 1 1 1 0 0 1 1 1 0 0 1 1 1 0 0 1 1 1 0 0 1 1 1 0 0 
1 1 1 1 1 1 1 1 1 1 1 1 1 1 1 1 1 1 1 1 1 1 1 1 1 1 1 1 1 1 1 1 1 1 1 1 1 1 1 1 1 1 1 1 1 1 1 1 1 1 1 1 1 1 
1 1 1 1 1 1 1 1 1 1 1 1 1 1 1 1 1 1 1 1 1 1 1 1 1 1 1 1 1 1 1 1 1 1 1 1 1 1 1 1 1 1 1 1 1 1 1 1 1 1 1 1 1 1 
1 1 0 0 1 1 1 1 1 1 0 0 1 1 1 1 0 0 1 1 1 0 0 1 1 1 0 0 1 1 1 0 0 1 1 1 0 0 1 1 1 0 0 1 1 1 0 0 1 1 1 0 0 1 
1 1 0 1 1 1 1 1 1 1 1 1 1 1 1 1 0 1 1 1 1 0 1 1 1 1 1 1 1 1 1 1 1 1 1 1 0 1 1 1 1 0 1 1 1 1 1 1 1 1 1 0 1 1 
0 1 1 0 1 1 0 1 1 1 1 1 0 1 0 1 1 0 1 0 1 1 0 1 0 1 1 0 1 0 1 1 0 1 0 1 1 0 1 0 1 1 0 1 0 1 1 0 1 0 1 1 0 1 
1 1 1 1 1 1 1 1 1 1 1 1 1 1 1 1 1 1 1 1 1 1 1 1 1 1 1 1 1 1 1 1 1 1 1 1 1 1 1 1 1 1 1 1 1 1 1 1 1 1 1 1 1 1 
1 0 0 1 1 1 1 1 0 0 1 1 1 1 1 0 0 1 1 1 0 0 1 1 1 0 0 1 1 1 0 0 1 1 1 0 0 1 1 1 0 0 1 1 1 0 0 1 1 1 0 0 1 1 
1 0 1 1 1 1 1 1 1 1 1 1 1 1 1 0 1 1 1 1 0 1 1 1 1 0 1 1 1 1 0 1 1 1 1 0 1 1 1 1 0 1 1 1 1 0 1 1 1 1 0 1 1 1 
1 1 1 1 0 1 1 1 1 1 1 1 1 0 1 1 1 1 0 1 1 1 1 0 1 1 1 1 0 1 1 1 1 0 1 1 1 1 0 1 1 1 1 0 1 1 1 1 0 1 1 1 1 0 
1 1 1 1 1 1 1 1 1 1 1 1 1 1 1 1 1 1 1 1 1 1 1 1 1 1 1 1 1 1 1 1 1 1 1 1 1 1 1 1 1 1 1 1 1 1 1 1 1 1 1 1 1 1 
1 1 1 1 1 1 1 1 1 1 1 1 1 1 1 1 1 1 1 1 1 1 1 1 1 1 1 1 1 1 1 1 1 1 1 1 1 1 1 1 1 1 1 1 1 1 1 1 1 1 1 1 1 1 
1 1 1 1 1 1 1 1 1 1 1 1 1 1 1 1 1 1 1 1 1 1 1 1 1 1 1 1 1 1 1 1 1 1 1 1 1 1 1 1 1 1 1 1 1 1 1 1 1 1 1 1 1 1 
1 1 1 1 1 1 1 1 1 1 1 1 1 1 1 1 1 1 1 1 1 1 1 1 1 1 1 1 1 1 1 1 1 1 1 1 1 1 1 1 1 1 1 1 1 1 1 1 1 1 1 1 1 1 
1 1 1 1 1 1 1 1 1 1 1 1 1 1 1 1 1 1 1 1 1 1 1 1 1 1 1 1 1 1 1 1 1 1 1 1 1 1 1 1 1 1 1 1 1 1 1 1 1 1 1 1 1 1 
1 0 0 0 1 1 1 0 1 1 1 0 1 1 1 0 0 0 1 1 0 0 0 1 1 0 1 0 1 1 0 1 0 1 1 0 0 0 1 1 0 0 0 1 1 0 1 0 1 1 0 0 0 1 
0 1 1 0 1 1 0 1 1 1 1 1 0 1 0 1 1 0 1 0 1 1 0 1 0 1 1 0 1 0 1 1 0 1 0 1 1 0 1 0 1 1 0 1 0 1 1 0 1 0 1 1 0 1 
0 1 1 1 1 0 1 1 1 1 1 1 1 1 0 1 1 1 1 0 1 1 1 1 0 1 1 1 1 0 1 1 1 1 0 1 1 1 1 0 1 1 1 1 0 1 1 1 1 0 1 1 1 1 
0 0 1 1 1 0 1 0 1 1 1 1 1 1 0 0 1 1 1 0 0 1 1 1 0 0 1 1 1 0 0 1 1 1 0 0 1 1 1 0 0 1 1 1 0 0 1 1 1 0 0 1 1 1 
1 1 1 1 1 1 1 1 1 1 1 1 1 1 1 1 1 1 1 1 1 1 1 1 1 1 1 1 1 1 1 1 1 1 1 1 1 1 1 1 1 1 1 1 1 1 1 1 1 1 1 1 1 1 
1 1 0 1 1 1 1 1 1 1 0 1 1 1 1 1 0 1 1 1 1 0 1 1 1 1 0 1 1 1 1 0 1 1 1 1 0 1 1 1 1 0 1 1 1 1 0 1 1 1 1 0 1 1 
0 1 1 0 1 0 1 1 1 1 1 0 1 1 0 1 1 0 1 0 1 1 0 1 0 1 1 0 1 0 1 1 0 1 0 1 1 0 1 0 1 1 0 1 0 1 1 0 1 0 1 1 0 1 
1 1 0 1 1 1 1 1 1 0 0 1 1 1 1 1 0 1 1 1 1 0 1 1 1 1 0 1 1 1 1 0 1 1 1 1 0 1 1 1 1 0 1 1 1 1 0 1 1 1 1 0 1 1 
1 0 1 1 1 1 1 0 1 1 1 1 1 1 1 0 1 1 1 1 0 1 1 1 1 0 1 1 1 1 0 1 1 1 1 0 1 1 1 1 0 1 1 1 1 0 1 1 1 1 0 1 1 1 
1 1 1 1 1 1 1 1 1 1 1 1 1 1 1 1 1 1 1 1 1 1 1 1 1 1 1 1 1 1 1 1 1 1 1 1 1 1 1 1 1 1 1 1 1 1 1 1 1 1 1 1 1 1 
0 1 0 0 1 1 0 1 1 0 1 1 0 1 0 1 0 0 1 0 1 0 0 1 0 1 0 0 1 0 1 0 0 1 0 1 0 0 1 0 1 0 0 1 0 1 0 0 1 0 1 0 0 1 
0 0 1 0 1 1 0 0 1 1 1 0 1 1 0 0 1 0 1 0 0 1 0 1 0 0 1 0 1 0 0 1 0 1 0 0 1 0 1 0 0 1 0 1 0 0 1 0 1 0 0 1 0 1 
1 1 1 1 1 1 1 1 1 1 1 1 1 1 1 1 1 1 1 1 1 1 1 1 1 1 1 1 1 1 1 1 1 1 1 1 1 1 1 1 1 1 1 1 1 1 1 1 1 1 1 1 1 1 
0 1 0 1 1 1 0 1 1 1 0 1 1 1 0 1 0 1 1 0 1 0 1 1 0 1 0 1 1 0 1 0 1 1 0 1 0 1 1 0 1 0 1 1 0 1 0 1 1 0 1 0 1 1 
1 1 1 1 1 1 1 1 1 1 1 1 1 1 1 1 1 1 1 1 1 1 1 1 1 1 1 1 1 1 1 1 1 1 1 1 1 1 1 1 1 1 1 1 1 1 1 1 1 1 1 1 1 1 
1 1 0 0 1 1 1 1 1 1 1 1 0 1 1 1 0 0 1 1 1 0 0 1 1 1 0 0 1 1 1 0 0 1 1 1 0 0 1 1 1 0 0 1 1 1 0 0 1 1 1 0 0 1 
0 1 1 1 0 0 1 1 1 1 1 1 1 0 0 1 1 1 0 0 1 1 1 0 0 1 1 1 0 0 1 1 1 0 0 1 1 1 0 0 1 1 1 0 0 1 1 1 0 0 1 1 1 0 
1 0 1 0 0 1 1 1 0 1 1 0 1 0 1 0 1 0 0 1 0 1 0 0 1 0 1 0 0 1 0 1 0 0 1 0 1 0 0 1 0 1 0 0 1 0 1 0 0 1 0 1 0 0 
1 1 0 1 1 1 1 1 1 0 1 1 1 1 1 1 0 1 1 1 1 0 1 1 1 1 0 1 1 1 1 0 1 1 1 1 0 1 1 1 1 0 1 1 1 1 0 1 1 1 1 0 1 1 
1 0 0 0 1 1 1 0 1 1 0 1 0 1 1 0 0 0 1 1 0 0 0 1 1 0 0 0 1 1 0 0 0 1 1 0 0 0 1 1 0 0 0 1 1 0 0 0 1 1 0 0 0 1 
1 1 1 1 1 1 1 1 1 1 1 1 1 1 1 1 1 1 1 1 1 1 1 1 1 1 1 1 1 1 1 1 1 1 1 1 1 1 1 1 1 1 1 1 1 1 1 1 1 1 1 1 1 1 
1 1 0 1 1 1 1 1 1 0 1 1 1 1 1 1 0 1 1 1 1 0 1 1 1 1 0 1 1 1 1 0 1 1 1 1 0 1 1 1 1 0 1 1 1 1 0 1 1 1 1 0 1 1 
0 1 0 1 1 0 1 1 1 1 0 1 1 1 0 1 0 1 1 0 1 0 1 1 0 1 0 1 1 0 1 0 1 1 0 1 0 1 1 0 1 0 1 1 0 1 0 1 1 0 1 0 1 1 
1 0 0 1 1 1 1 1 1 0 1 1 1 1 1 0 0 1 1 1 0 0 1 1 1 0 0 1 1 1 0 0 1 1 1 0 0 1 1 1 0 0 1 1 1 0 0 1 1 1 0 0 1 1 
1 1 0 0 1 1 1 1 1 0 1 1 1 1 1 1 0 0 1 1 1 0 0 1 1 1 0 1 1 1 1 0 1 1 1 1 0 0 1 1 1 0 0 1 1 1 0 1 1 1 1 0 0 1 
0 0 1 1 1 1 0 0 1 1 1 1 1 1 0 0 1 1 1 0 0 1 1 1 0 0 1 1 1 0 0 1 1 1 0 0 1 1 1 0 0 1 1 1 0 0 1 1 1 0 0 1 1 1 
1 1 1 1 1 1 1 1 1 1 1 1 1 1 1 1 1 1 1 1 1 1 1 1 1 1 1 1 1 1 1 1 1 1 1 1 1 1 1 1 1 1 1 1 1 1 1 1 1 1 1 1 1 1 
1 0 1 0 1 1 1 0 1 1 1 1 0 1 1 0 1 0 1 1 0 1 0 1 1 0 1 0 1 1 0 1 0 1 1 0 1 0 1 1 0 1 0 1 1 0 1 0 1 1 0 1 0 1 
1 0 0 1 1 1 1 1 1 1 0 1 1 1 1 0 0 1 1 1 0 0 1 1 1 0 0 1 1 1 0 0 1 1 1 0 0 1 1 1 0 0 1 1 1 0 0 1 1 1 0 0 1 1 
0 0 1 0 1 0 1 1 1 1 1 1 0 1 0 0 1 0 1 0 0 1 0 1 0 1 1 0 1 0 1 1 0 1 0 0 1 0 1 0 0 1 0 1 0 1 1 0 1 0 0 1 0 1 
1 1 1 1 1 1 1 1 1 1 1 1 1 1 1 1 1 1 1 1 1 1 1 1 1 1 1 1 1 1 1 1 1 1 1 1 1 1 1 1 1 1 1 1 1 1 1 1 1 1 1 1 1 1 
1 1 1 1 1 1 1 1 1 1 1 1 1 1 1 1 1 1 1 1 1 1 1 1 1 1 1 1 1 1 1 1 1 1 1 1 1 1 1 1 1 1 1 1 1 1 1 1 1 1 1 1 1 1 
1 1 1 0 1 1 1 1 1 1 1 1 0 1 1 1 1 0 1 1 1 1 0 1 1 1 1 0 1 1 1 1 0 1 1 1 1 0 1 1 1 1 0 1 1 1 1 0 1 1 1 1 0 1 
0 1 1 1 1 0 1 1 1 1 1 1 1 1 0 1 1 1 1 0 1 1 1 1 0 1 1 1 1 0 1 1 1 1 0 1 1 1 1 0 1 1 1 1 0 1 1 1 1 0 1 1 1 1 
1 0 1 1 1 1 1 0 1 1 1 1 1 1 1 0 1 1 1 1 0 1 1 1 1 0 1 1 1 1 0 1 1 1 1 0 1 1 1 1 0 1 1 1 1 0 1 1 1 1 0 1 1 1 
1 0 0 1 1 1 1 0 1 1 0 1 1 1 1 0 0 1 1 1 0 0 1 1 1 0 0 1 1 1 0 0 1 1 1 0 0 1 1 1 0 0 1 1 1 0 0 1 1 1 0 0 1 1 
0 1 1 1 0 0 1 1 1 1 1 1 1 0 0 1 1 1 0 0 1 1 1 0 0 1 1 1 0 0 1 1 1 0 0 1 1 1 0 0 1 1 1 0 0 1 1 1 0 0 1 1 1 0 
1 0 0 1 0 1 1 1 0 0 1 1 1 0 1 0 0 1 0 1 0 0 1 0 1 0 0 1 0 1 0 0 1 0 1 0 0 1 0 1 0 0 1 0 1 0 0 1 0 1 0 0 1 0 
1 0 0 0 1 1 1 0 1 1 1 1 1 1 1 0 0 0 1 1 0 0 0 1 1 0 1 1 1 1 0 1 1 1 1 0 0 0 1 1 0 0 0 1 1 0 1 1 1 1 0 0 0 1 
1 0 1 0 1 1 1 1 0 1 1 1 0 1 1 0 1 0 1 1 0 1 0 1 1 0 1 0 1 1 0 1 0 1 1 0 1 0 1 1 0 1 0 1 1 0 1 0 1 1 0 1 0 1 
1 0 1 1 1 1 1 1 0 1 1 1 1 1 1 0 1 1 1 1 0 1 1 1 1 0 1 1 1 1 0 1 1 1 1 0 1 1 1 1 0 1 1 1 1 0 1 1 1 1 0 1 1 1 
1 1 1 1 1 1 1 1 1 1 1 1 1 1 1 1 1 1 1 1 1 1 1 1 1 1 1 1 1 1 1 1 1 1 1 1 1 1 1 1 1 1 1 1 1 1 1 1 1 1 1 1 1 1 
1 0 0 1 1 1 1 1 1 1 0 1 1 1 1 0 0 1 1 1 0 0 1 1 1 1 0 1 1 1 1 0 1 1 1 0 0 1 1 1 0 0 1 1 1 1 0 1 1 1 0 0 1 1 
1 1 1 0 1 1 1 1 1 1 1 1 0 1 1 1 1 0 1 1 1 1 0 1 1 1 1 0 1 1 1 1 0 1 1 1 1 0 1 1 1 1 0 1 1 1 1 0 1 1 1 1 0 1 
1 1 1 1 1 1 1 1 1 1 1 1 1 1 1 1 1 1 1 1 1 1 1 1 1 1 1 1 1 1 1 1 1 1 1 1 1 1 1 1 1 1 1 1 1 1 1 1 1 1 1 1 1 1 
0 1 0 1 1 0 1 1 1 1 0 1 1 1 0 1 0 1 1 0 1 0 1 1 0 1 0 1 1 0 1 0 1 1 0 1 0 1 1 0 1 0 1 1 0 1 0 1 1 0 1 0 1 1 
1 1 1 1 1 1 1 1 1 1 1 1 1 1 1 1 1 1 1 1 1 1 1 1 1 1 1 1 1 1 1 1 1 1 1 1 1 1 1 1 1 1 1 1 1 1 1 1 1 1 1 1 1 1 
0 1 0 1 1 0 1 1 1 0 1 1 1 1 0 1 0 1 1 0 1 0 1 1 0 1 0 1 1 0 1 0 1 1 0 1 0 1 1 0 1 0 1 1 0 1 0 1 1 0 1 0 1 1 
0 1 1 1 1 1 0 1 1 1 1 1 1 1 0 1 1 1 1 0 1 1 1 1 0 1 1 1 1 0 1 1 1 1 0 1 1 1 1 0 1 1 1 1 0 1 1 1 1 0 1 1 1 1 
1 1 1 1 1 1 1 1 1 1 1 1 1 1 1 1 1 1 1 1 1 1 1 1 1 1 1 1 1 1 1 1 1 1 1 1 1 1 1 1 1 1 1 1 1 1 1 1 1 1 1 1 1 1 
0 0 1 0 1 0 1 0 1 1 1 1 1 1 0 0 1 0 1 0 0 1 0 1 0 0 1 0 1 0 0 1 0 1 0 0 1 0 1 0 0 1 0 1 0 0 1 0 1 0 0 1 0 1 
1 1 1 1 1 1 1 1 1 1 1 1 1 1 1 1 1 1 1 1 1 1 1 1 1 1 1 1 1 1 1 1 1 1 1 1 1 1 1 1 1 1 1 1 1 1 1 1 1 1 1 1 1 1 
1 1 1 1 1 1 1 1 1 1 1 1 1 1 1 1 1 1 1 1 1 1 1 1 1 1 1 1 1 1 1 1 1 1 1 1 1 1 1 1 1 1 1 1 1 1 1 1 1 1 1 1 1 1 
0 1 1 1 1 0 1 1 1 1 1 1 1 1 0 1 1 1 1 0 1 1 1 1 0 1 1 1 1 0 1 1 1 1 0 1 1 1 1 0 1 1 1 1 0 1 1 1 1 0 1 1 1 1 
1 1 1 1 1 1 1 1 1 1 1 1 1 1 1 1 1 1 1 1 1 1 1 1 1 1 1 1 1 1 1 1 1 1 1 1 1 1 1 1 1 1 1 1 1 1 1 1 1 1 1 1 1 1 
0 1 1 0 1 0 1 1 1 1 1 0 1 1 0 1 1 0 1 0 1 1 0 1 0 1 1 0 1 0 1 1 0 1 0 1 1 0 1 0 1 1 0 1 0 1 1 0 1 0 1 1 0 1 
0 1 1 1 1 0 0 1 1 1 1 1 1 1 0 1 1 1 1 0 1 1 1 1 0 1 1 1 1 0 1 1 1 1 0 1 1 1 1 0 1 1 1 1 0 1 1 1 1 0 1 1 1 1 
1 1 1 0 1 1 1 1 1 1 1 0 1 1 1 1 1 0 1 1 1 1 0 1 1 1 1 0 1 1 1 1 0 1 1 1 1 0 1 1 1 1 0 1 1 1 1 0 1 1 1 1 0 1 
1 1 0 1 0 1 1 1 1 1 1 1 1 0 1 1 0 1 0 1 1 0 1 0 1 1 1 1 0 1 1 1 1 0 1 1 0 1 0 1 1 0 1 0 1 1 1 1 0 1 1 0 1 0 
1 1 1 0 1 1 1 1 1 1 1 1 1 1 1 1 1 0 1 1 1 1 0 1 1 1 1 1 1 1 1 1 1 1 1 1 1 0 1 1 1 1 0 1 1 1 1 1 1 1 1 1 0 1 
0 1 1 1 1 0 1 1 1 1 1 1 1 1 0 1 1 1 1 0 1 1 1 1 0 1 1 1 1 0 1 1 1 1 0 1 1 1 1 0 1 1 1 1 0 1 1 1 1 0 1 1 1 1 
0 0 1 0 1 1 0 1 0 1 1 1 0 1 0 0 1 0 1 0 0 1 0 1 0 0 1 0 1 0 0 1 0 1 0 0 1 0 1 0 0 1 0 1 0 0 1 0 1 0 0 1 0 1 
1 1 1 1 1 1 1 1 1 1 1 1 1 1 1 1 1 1 1 1 1 1 1 1 1 1 1 1 1 1 1 1 1 1 1 1 1 1 1 1 1 1 1 1 1 1 1 1 1 1 1 1 1 1 
1 0 0 1 1 1 1 1 0 1 0 1 1 1 1 0 0 1 1 1 0 0 1 1 1 0 0 1 1 1 0 0 1 1 1 0 0 1 1 1 0 0 1 1 1 0 0 1 1 1 0 0 1 1 
]

EmployeeWantedInStint: [ (2 27) 1 (4 37) 1 (6 32) 1 (7 38) 1 (8 27) 1 (10 26) 1 (11 20) 1 (12 7) 1 (13 4) 1 (13 8) 1 (13 43) 1 (14 3) 1 (15 54) 1 (19 48) 1 (21 50) 1 (21 54) 1 (23 18) 1 (24 33) 1 (25 16) 1 (25 17) 1 (25 21) 1 (26 5) 1 (29 25) 1 (29 40) 1 (30 2) 1 (30 5) 1 (30 12) 1 (30 14) 1 (31 23) 1 (32 5) 1 (32 43) 1 (33 38) 1 (34 11) 1 (34 27) 1 (35 47) 1 (36 11) 1 (37 19) 1 (38 1) 1 (40 1) 1 (40 4) 1 (40 14) 1 (41 34) 1 (42 53) 1 (44 7) 1 (44 22) 1 (45 41) 1 (46 45) 1 (49 31) 1 (50 3) 1 (50 4) 1 (51 8) 1 (52 5) 1 (52 49) 1 (53 32) 1 (54 32) 1 (55 33) 1 (55 47) 1 (56 35) 1 (59 27) 1 (59 45) 1 (61 20) 1 (62 13) 1 (62 16) 1 (64 39) 1 (65 33) 1 (66 16) 1 (66 33) 1 (67 44) 1 (68 20) 1 (69 17) 1 (70 24) 1 (70 37) 1 (73 14) 1 (73 51) 1 (73 54) 1 (74 14) 1 (74 30) 1 (75 19) 1 (77 10) 1 (77 12) 1 (77 37) 1 (80 5) 1 (81 39) 1 (82 21) 1 (83 23) 1 (84 3) 1 (84 22) 1 (85 18) 1 (89 36) 1 (90 27) 1 (91 1) 1 (91 11) 1 (92 16) 1 (93 4) 1 (93 5) 1 (93 44) 1 (93 48) 1 (94 16) 1 (95 12) 1 (95 26) 1 (95 52) 1 (96 33) 1 (98 31) 1 (99 39) 1 (99 42) 1 (100 21) 1 (100 38) 1 (100 53) 1 (101 7) 1 (104 18) 1 (104 38) 1 (105 11) 1 (105 42) 1 (108 2) 1 (109 9) 1 (110 24) 1 (111 44) 1 (115 2) 1 (115 49) 1 (117 20) 1 (117 26) 1 (119 53) 1 ]

EmployeeWantedViolationCost: [ (2 27) 9000 (4 37) 14000 (6 32) 6000 (7 38) 7000 (8 27) 12000 (10 26) 10000 (11 20) 9000 (12 7) 7000 (13 4) 14000 (13 8) 7000 (13 43) 14000 (14 3) 10000 (15 54) 6000 (19 48) 7000 (21 50) 12000 (21 54) 8000 (23 18) 12000 (24 33) 15000 (25 16) 13000 (25 17) 6000 (25 21) 10000 (26 5) 9000 (29 25) 12000 (29 40) 7000 (30 2) 13000 (30 5) 11000 (30 12) 7000 (30 14) 10000 (31 23) 7000 (32 5) 11000 (32 43) 7000 (33 38) 14000 (34 11) 5000 (34 27) 12000 (35 47) 5000 (36 11) 7000 (37 19) 8000 (38 1) 9000 (40 1) 11000 (40 4) 9000 (40 14) 10000 (41 34) 9000 (42 53) 11000 (44 7) 5000 (44 22) 9000 (45 41) 11000 (46 45) 5000 (49 31) 10000 (50 3) 7000 (50 4) 11000 (51 8) 8000 (52 5) 15000 (52 49) 10000 (53 32) 12000 (54 32) 8000 (55 33) 9000 (55 47) 5000 (56 35) 7000 (59 27) 10000 (59 45) 15000 (61 20) 5000 (62 13) 15000 (62 16) 14000 (64 39) 15000 (65 33) 9000 (66 16) 7000 (66 33) 12000 (67 44) 10000 (68 20) 15000 (69 17) 14000 (70 24) 8000 (70 37) 14000 (73 14) 13000 (73 51) 7000 (73 54) 9000 (74 14) 6000 (74 30) 8000 (75 19) 7000 (77 10) 10000 (77 12) 5000 (77 37) 12000 (80 5) 12000 (81 39) 15000 (82 21) 8000 (83 23) 15000 (84 3) 8000 (84 22) 10000 (85 18) 9000 (89 36) 7000 (90 27) 10000 (91 1) 14000 (91 11) 10000 (92 16) 11000 (93 4) 15000 (93 5) 15000 (93 44) 10000 (93 48) 7000 (94 16) 10000 (95 12) 7000 (95 26) 15000 (95 52) 10000 (96 33) 5000 (98 31) 13000 (99 39) 5000 (99 42) 12000 (100 21) 5000 (100 38) 5000 (100 53) 13000 (101 7) 9000 (104 18) 11000 (104 38) 6000 (105 11) 11000 (105 42) 13000 (108 2) 12000 (109 9) 10000 (110 24) 15000 (111 44) 13000 (115 2) 8000 (115 49) 13000 (117 20) 11000 (117 26) 10000 (119 53) 15000 ]

EmployeesThatShouldNotWorkTogetherWithEmployee: [
[ 11 48 73 92 ]
[ 40 78 100 ]
[ 8 10 65 73 83 92 111 118 ]
[ 31 89 100 ]
[ 17 23 33 38 39 76 94 ]
[ 29 38 59 66 68 70 ]
[ 21 33 44 ]
[ 59 62 68 72 79 97 ]
[ 35 38 62 70 79 87 ]
[ 72 118 ]
[ 16 64 ]
[ 32 46 62 92 103 ]
[ 43 59 112 ]
[ 17 31 75 79 102 ]
[ 27 36 47 58 77 ]
[ 18 22 48 61 63 105 107 110 115 ]
[ 76 82 85 ]
[ 59 64 76 100 118 ]
[ 39 42 64 77 80 89 ]
[ 43 117 ]
[ 24 37 43 53 108 ]
[ 50 92 104 112 ]
[ 66 77 82 104 ]
[ 60 64 65 75 94 98 110 ]
[ 47 52 83 87 96 113 119 ]
[ 39 68 87 119 ]
[ 58 62 118 ]
[ 80 104 ]
[ 51 74 80 82 119 ]
[ 80 95 ]
[ 107 114 ]
[ 77 85 89 99 ]
[ 56 ]
[ 99 105 111 120 ]
[ 47 56 118 ]
[ 63 71 99 119 ]
[ ]
[ 73 94 95 ]
[ 52 84 ]
[ 59 72 76 77 79 87 ]
[ 110 115 119 ]
[ 43 51 55 63 78 91 104 112 117 ]
[ 86 105 ]
[ 80 ]
[ 50 56 57 81 83 101 ]
[ 63 81 88 114 ]
[ 65 ]
[ 53 93 95 98 110 ]
[ 103 110 112 ]
[ 58 65 72 116 ]
[ 107 ]
[ 77 103 115 118 ]
[ 79 ]
[ 86 ]
[ 94 ]
[ 81 98 104 116 ]
[ 108 117 ]
[ 75 108 111 ]
[ 71 112 ]
[ 88 ]
[ 73 79 82 103 118 119 ]
[ 69 72 ]
[ 70 71 86 ]
[ 77 108 ]
[ 67 112 ]
[ ]
[ 70 89 ]
[ 108 ]
[ 71 115 ]
[ 112 113 ]
[ 81 90 94 119 ]
[ 102 110 115 118 120 ]
[ 86 110 111 113 ]
[ 86 93 103 110 117 ]
[ 77 94 ]
[ 84 91 119 ]
[ 83 97 ]
[ 93 97 105 ]
[ 117 ]
[ 93 ]
[ 84 107 ]
[ 104 ]
[ 114 ]
[ 90 98 103 ]
[ 91 ]
[ 98 103 ]
[ ]
[ 97 ]
[ 95 ]
[ 97 ]
[ 112 118 ]
[ 98 113 118 ]
[ 108 117 ]
[ 97 ]
[ 103 114 ]
[ 100 103 109 117 119 ]
[ 100 ]
[ ]
[ 108 117 ]
[ 102 ]
[ 119 ]
[ 113 116 ]
[ 105 ]
[ 108 ]
[ 110 ]
[ ]
[ ]
[ 114 ]
[ 116 ]
[ ]
[ 116 ]
[ ]
[ ]
[ 119 ]
[ ]
[ ]
[ 118 ]
[ ]
[ ]
[ ]
]

ShouldNotWorkTogetherCost: [ (1 11) 396 (1 48) 99 (1 73) 198 (1 92) 99 (2 40) 297 (2 78) 99 (2 100) 198 (3 8) 297 (3 10) 396 (3 65) 396 (3 73) 99 (3 83) 198 (3 92) 297 (3 111) 99 (3 118) 297 (4 31) 99 (4 89) 297 (4 100) 396 (5 17) 198 (5 23) 297 (5 33) 99 (5 38) 99 (5 39) 297 (5 76) 198 (5 94) 396 (6 29) 198 (6 38) 297 (6 59) 198 (6 66) 99 (6 68) 99 (6 70) 99 (7 21) 396 (7 33) 396 (7 44) 99 (8 59) 198 (8 62) 99 (8 68) 297 (8 72) 396 (8 79) 198 (8 97) 297 (9 35) 297 (9 38) 198 (9 62) 396 (9 70) 198 (9 79) 99 (9 87) 396 (10 72) 99 (10 118) 99 (11 16) 99 (11 64) 297 (12 32) 297 (12 46) 396 (12 62) 99 (12 92) 99 (12 103) 198 (13 43) 297 (13 59) 198 (13 112) 297 (14 17) 198 (14 31) 99 (14 75) 396 (14 79) 297 (14 102) 396 (15 27) 198 (15 36) 198 (15 47) 297 (15 58) 297 (15 77) 297 (16 18) 198 (16 22) 396 (16 48) 198 (16 61) 198 (16 63) 297 (16 105) 198 (16 107) 396 (16 110) 297 (16 115) 99 (17 76) 99 (17 82) 297 (17 85) 99 (18 59) 297 (18 64) 99 (18 76) 297 (18 100) 396 (18 118) 99 (19 39) 297 (19 42) 99 (19 64) 198 (19 77) 99 (19 80) 198 (19 89) 99 (20 43) 99 (20 117) 198 (21 24) 99 (21 37) 99 (21 43) 297 (21 53) 297 (21 108) 396 (22 50) 99 (22 92) 396 (22 104) 297 (22 112) 99 (23 66) 99 (23 77) 297 (23 82) 297 (23 104) 99 (24 60) 297 (24 64) 198 (24 65) 198 (24 75) 198 (24 94) 198 (24 98) 99 (24 110) 198 (25 47) 396 (25 52) 396 (25 83) 198 (25 87) 99 (25 96) 396 (25 113) 396 (25 119) 99 (26 39) 198 (26 68) 396 (26 87) 198 (26 119) 99 (27 58) 297 (27 62) 198 (27 118) 297 (28 80) 396 (28 104) 198 (29 51) 198 (29 74) 297 (29 80) 396 (29 82) 396 (29 119) 297 (30 80) 297 (30 95) 396 (31 107) 99 (31 114) 99 (32 77) 198 (32 85) 99 (32 89) 99 (32 99) 198 (33 56) 198 (34 99) 198 (34 105) 396 (34 111) 396 (34 120) 396 (35 47) 99 (35 56) 396 (35 118) 396 (36 63) 99 (36 71) 198 (36 99) 198 (36 119) 297 (38 73) 297 (38 94) 297 (38 95) 297 (39 52) 99 (39 84) 198 (40 59) 198 (40 72) 198 (40 76) 198 (40 77) 198 (40 79) 396 (40 87) 198 (41 110) 99 (41 115) 297 (41 119) 99 (42 43) 297 (42 51) 99 (42 55) 297 (42 63) 396 (42 78) 297 (42 91) 198 (42 104) 396 (42 112) 99 (42 117) 198 (43 86) 297 (43 105) 99 (44 80) 198 (45 50) 99 (45 56) 396 (45 57) 297 (45 81) 198 (45 83) 396 (45 101) 198 (46 63) 297 (46 81) 198 (46 88) 99 (46 114) 198 (47 65) 99 (48 53) 297 (48 93) 198 (48 95) 99 (48 98) 198 (48 110) 396 (49 103) 297 (49 110) 396 (49 112) 99 (50 58) 99 (50 65) 297 (50 72) 297 (50 116) 198 (51 107) 198 (52 77) 198 (52 103) 297 (52 115) 99 (52 118) 198 (53 79) 99 (54 86) 297 (55 94) 198 (56 81) 396 (56 98) 396 (56 104) 396 (56 116) 99 (57 108) 297 (57 117) 198 (58 75) 99 (58 108) 297 (58 111) 396 (59 71) 396 (59 112) 297 (60 88) 396 (61 73) 396 (61 79) 99 (61 82) 99 (61 103) 198 (61 118) 198 (61 119) 396 (62 69) 198 (62 72) 198 (63 70) 99 (63 71) 198 (63 86) 396 (64 77) 297 (64 108) 99 (65 67) 297 (65 112) 198 (67 70) 396 (67 89) 396 (68 108) 297 (69 71) 198 (69 115) 99 (70 112) 297 (70 113) 297 (71 81) 297 (71 90) 99 (71 94) 198 (71 119) 99 (72 102) 396 (72 110) 99 (72 115) 297 (72 118) 99 (72 120) 198 (73 86) 198 (73 110) 396 (73 111) 198 (73 113) 297 (74 86) 297 (74 93) 297 (74 103) 198 (74 110) 396 (74 117) 396 (75 77) 198 (75 94) 99 (76 84) 396 (76 91) 99 (76 119) 198 (77 83) 198 (77 97) 297 (78 93) 297 (78 97) 297 (78 105) 198 (79 117) 297 (80 93) 198 (81 84) 297 (81 107) 99 (82 104) 198 (83 114) 99 (84 90) 198 (84 98) 99 (84 103) 396 (85 91) 198 (86 98) 396 (86 103) 198 (88 97) 396 (89 95) 396 (90 97) 99 (91 112) 297 (91 118) 297 (92 98) 99 (92 113) 396 (92 118) 99 (93 108) 297 (93 117) 99 (94 97) 297 (95 103) 396 (95 114) 99 (96 100) 198 (96 103) 396 (96 109) 297 (96 117) 198 (96 119) 99 (97 100) 297 (99 108) 198 (99 117) 396 (100 102) 297 (101 119) 396 (102 113) 297 (102 116) 198 (103 105) 198 (104 108) 297 (105 110) 99 (108 114) 198 (109 116) 396 (111 116) 396 (114 119) 297 (117 118) 297 ]

ImmediatePredecessorsToActivity: [
[ ]
[ 1 ]
[ 1 ]
[ 1 ]
[ 4 ]
[ 4 ]
[ 6 ]
[ 3 7 ]
[ 4 7 ]
[ 2 4 ]
[ 2 3 ]
[ 5 ]
[ 3 5 ]
[ 6 13 ]
[ 2 7 13 ]
[ 5 ]
[ ]
[ 17 ]
[ 18 ]
[ 18 ]
[ 17 ]
[ 21 ]
[ 17 ]
[ 18 22 ]
[ 18 ]
[ 22 23 ]
[ ]
[ 27 ]
[ 27 ]
[ 27 ]
[ 27 ]
[ 27 ]
[ 31 32 ]
[ 27 ]
[ 32 ]
[ 29 31 34 ]
[ 32 36 ]
[ ]
[ 38 ]
[ 39 ]
[ 38 ]
[ 38 ]
[ 38 ]
[ 40 ]
[ 38 ]
[ 39 ]
[ 39 ]
[ 40 46 ]
[ 41 44 ]
[ ]
[ 50 ]
[ 50 ]
[ 50 ]
[ 50 ]
[ 51 54 ]
[ 50 ]
[ 50 ]
[ 55 56 ]
[ 52 56 ]
[ ]
[ 60 ]
[ 60 ]
[ 61 ]
[ 60 ]
[ 61 ]
[ 60 ]
[ 63 64 ]
[ 64 ]
[ 60 ]
[ 60 ]
[ 66 69 ]
[ 63 ]
[ 61 64 ]
[ ]
[ 74 ]
[ 74 ]
[ 76 ]
[ 74 ]
[ 76 78 ]
[ 76 ]
[ 80 ]
[ ]
[ 82 ]
[ 82 ]
[ 82 ]
[ 82 ]
[ 83 84 ]
[ 87 ]
[ 84 86 ]
[ 87 89 ]
[ 83 90 ]
[ 88 ]
[ 91 ]
[ 83 ]
[ 83 84 ]
[ 89 92 93 ]
[ 86 87 92 ]
[ ]
[ 98 ]
[ 99 ]
[ 98 ]
[ 99 ]
[ 98 ]
[ 101 ]
[ 101 ]
[ 98 ]
[ 100 101 ]
[ 98 ]
[ 99 107 ]
[ 100 105 106 108 ]
[ 102 104 105 108 ]
[ ]
[ 112 ]
[ 112 ]
[ 113 114 ]
[ 113 ]
[ 112 ]
[ 117 ]
[ 113 ]
[ 112 ]
[ 112 ]
[ 114 116 119 ]
[ 114 116 117 ]
[ 118 ]
[ 121 ]
[ 112 ]
[ 117 124 126 ]
[ 114 120 ]
]

ActivitiesInProject: [
[ 1 2 3 4 5 6 7 8 9 10 11 12 13 14 15 16 ]
[ 17 18 19 20 21 22 23 24 25 26 ]
[ 27 28 29 30 31 32 33 34 35 36 37 ]
[ 38 39 40 41 42 43 44 45 46 47 48 49 ]
[ 50 51 52 53 54 55 56 57 58 59 ]
[ 60 61 62 63 64 65 66 67 68 69 70 71 72 73 ]
[ 74 75 76 77 78 79 80 81 ]
[ 82 83 84 85 86 87 88 89 90 91 92 93 94 95 96 97 ]
[ 98 99 100 101 102 103 104 105 106 107 108 109 110 111 ]
[ 112 113 114 115 116 117 118 119 120 121 122 123 124 125 126 127 128 ]
]

nActivityModes: [ 1 1 1 1 1 1 1 1 1 1 1 1 1 1 1 1 1 1 1 1 1 1 1 1 1 1 1 1 1 1 1 1 1 1 1 1 1 1 1 1 1 1 1 1 1 1 1 1 1 1 1 1 1 1 1 1 1 1 1 1 1 1 1 1 1 1 1 1 1 1 1 1 1 1 1 1 1 1 1 1 1 1 1 1 1 1 1 1 1 1 1 1 1 1 1 1 1 1 1 1 1 1 1 1 1 1 1 1 1 1 1 1 1 1 1 1 1 1 1 1 1 1 1 1 1 1 1 1 ]

ActivityDurationWithMode: [
1	
36	
8	
11	
12	
17	
9	
5	
5	
6	
6	
6	
6	
10	
5	
7	
1	
3	
15	
5	
3	
3	
3	
3	
13	
10	
1	
9	
8	
24	
4	
4	
4	
8	
11	
13	
4	
1	
13	
5	
6	
16	
5	
5	
12	
13	
4	
6	
4	
1	
6	
3	
3	
4	
4	
4	
4	
4	
6	
1	
23	
4	
4	
6	
5	
7	
4	
11	
8	
24	
5	
4	
6	
1	
4	
3	
17	
3	
8	
3	
6	
1	
7	
6	
6	
8	
6	
6	
5	
5	
7	
5	
5	
28	
15	
6	
9	
1	
8	
6	
7	
18	
17	
5	
6	
12	
5	
6	
9	
6	
5	
1	
7	
39	
5	
7	
17	
8	
5	
11	
15	
7	
7	
8	
5	
36	
8	
5	
]

StintsInProject: [
[ 1 2 3 4 5 ]
[ 6 7 8 9 10 11 12 13 14 ]
[ 15 16 17 18 19 ]
[ 20 21 22 23 24 ]
[ 25 26 27 28 29 ]
[ 30 31 32 33 34 ]
[ 35 36 37 38 39 ]
[ 40 41 42 43 44 ]
[ 45 46 47 48 49 ]
[ 50 51 52 53 54 ]
]

WorkingStintsOnDay: [
[ 1 6 15 20 25 30 35 40 45 50 ]
[ 1 6 15 20 25 30 35 40 45 50 ]
[ 1 6 15 20 25 30 35 40 45 50 ]
[ 1 6 15 20 25 30 35 40 45 50 ]
[ 1 6 15 20 25 30 35 40 45 50 ]
[ 1 15 20 25 30 35 40 45 50 ]
[ 1 15 20 25 30 35 40 45 50 ]
[ 1 7 15 20 25 30 35 40 45 50 ]
[ 1 7 15 20 25 30 35 40 45 50 ]
[ 1 7 15 20 25 30 35 40 45 50 ]
[ 1 7 15 20 25 30 35 40 45 50 ]
[ 1 7 15 20 25 30 35 40 45 50 ]
[ 1 15 20 35 40 50 ]
[ 1 15 20 35 40 50 ]
[ 2 8 16 21 26 31 36 41 46 51 ]
[ 2 8 16 21 26 31 36 41 46 51 ]
[ 2 8 16 21 26 31 36 41 46 51 ]
[ 2 8 16 21 26 31 36 41 46 51 ]
[ 2 8 16 21 26 31 36 41 46 51 ]
[ 2 16 21 26 31 36 41 46 51 ]
[ 2 16 21 26 31 36 41 46 51 ]
[ 2 9 16 21 26 31 36 41 46 51 ]
[ 2 9 16 21 26 31 36 41 46 51 ]
[ 2 9 16 21 26 31 36 41 46 51 ]
[ 2 9 16 21 26 31 36 41 46 51 ]
[ 2 9 16 21 26 31 36 41 46 51 ]
[ 2 16 21 36 41 51 ]
[ 2 16 21 36 41 51 ]
[ 3 10 17 22 27 32 37 42 47 52 ]
[ 3 10 17 22 27 32 37 42 47 52 ]
[ 3 10 17 22 27 32 37 42 47 52 ]
[ 3 10 17 22 27 32 37 42 47 52 ]
[ 3 10 17 22 27 32 37 42 47 52 ]
[ 3 17 22 27 32 37 42 47 52 ]
[ 3 17 22 27 32 37 42 47 52 ]
[ 3 11 17 22 27 32 37 42 47 52 ]
[ 3 11 17 22 27 32 37 42 47 52 ]
[ 3 11 17 22 27 32 37 42 47 52 ]
[ 3 11 17 22 27 32 37 42 47 52 ]
[ 3 11 17 22 27 32 37 42 47 52 ]
[ 3 17 22 37 42 52 ]
[ 3 17 22 37 42 52 ]
[ 4 12 18 23 28 33 38 43 48 53 ]
[ 4 12 18 23 28 33 38 43 48 53 ]
[ 4 12 18 23 28 33 38 43 48 53 ]
[ 4 12 18 23 28 33 38 43 48 53 ]
[ 4 12 18 23 28 33 38 43 48 53 ]
[ 4 18 23 28 33 38 43 48 53 ]
[ 4 18 23 28 33 38 43 48 53 ]
[ 4 13 18 23 28 33 38 43 48 53 ]
[ 4 13 18 23 28 33 38 43 48 53 ]
[ 4 13 18 23 28 33 38 43 48 53 ]
[ 4 13 18 23 28 33 38 43 48 53 ]
[ 4 13 18 23 28 33 38 43 48 53 ]
[ 4 18 23 38 43 53 ]
[ 4 18 23 38 43 53 ]
[ 5 14 19 24 29 34 39 44 49 54 ]
[ 5 14 19 24 29 34 39 44 49 54 ]
[ 5 14 19 24 29 34 39 44 49 54 ]
[ 5 14 19 24 29 34 39 44 49 54 ]
]

ProjectStart: [ 12 14 19 3 19 1 10 2 10 1 ]

ProjectEnd: [ 57 40 47 36 44 38 31 47 48 48 ]

EarliestStartDayForActivity: [ 1 12 12 12 23 23 40 49 49 48 48 35 35 41 49 35 1 14 18 18 14 18 14 23 18 23 1 19 19 19 19 19 23 19 23 27 40 1 3 16 3 3 3 21 3 16 16 29 26 1 19 19 19 19 25 19 19 31 23 1 1 2 26 1 26 1 32 7 1 1 9 32 26 1 10 10 13 10 13 13 16 1 2 2 2 2 9 15 10 15 20 21 27 9 9 32 26 1 10 20 10 20 10 19 19 10 26 10 33 26 40 1 1 1 40 8 2 19 8 2 1 40 40 27 16 2 38 40 ]

LatestStartDayForActivity: [ 1 57 57 57 57 57 57 57 57 57 57 57 57 57 57 57 1 40 40 40 40 40 40 40 40 40 1 47 47 47 47 47 47 47 47 47 47 1 36 36 36 36 36 36 36 36 36 36 36 1 44 44 44 44 44 44 44 44 44 1 38 38 38 38 38 38 38 38 38 38 38 38 38 1 31 31 31 31 31 31 31 1 47 47 47 47 47 47 47 47 47 47 47 47 47 47 47 1 48 48 48 48 48 48 48 48 48 48 48 48 48 1 48 48 48 48 48 48 48 48 48 48 48 48 48 48 48 48 ]

EquipmentTypeDemandInActivityWithMode: [
0	
0	
1	
1	
1	
0	
0	
1	
0	
0	
1	
0	
3	
0	
0	
1	
0	
0	
0	
2	
0	
0	
1	
1	
1	
1	
0	
0	
0	
0	
0	
1	
1	
0	
0	
0	
0	
0	
0	
0	
0	
1	
1	
0	
1	
1	
1	
0	
0	
0	
0	
0	
0	
1	
1	
1	
0	
1	
1	
0	
0	
1	
0	
2	
1	
1	
0	
2	
0	
1	
0	
0	
0	
0	
0	
0	
2	
0	
1	
0	
0	
0	
0	
1	
0	
1	
1	
1	
1	
1	
0	
0	
0	
1	
0	
0	
0	
0	
0	
0	
0	
0	
0	
1	
1	
0	
1	
1	
0	
1	
0	
0	
1	
1	
2	
0	
0	
0	
0	
1	
1	
0	
2	
0	
0	
0	
0	
1	

0	
0	
1	
0	
0	
0	
1	
0	
0	
0	
0	
0	
0	
0	
1	
0	
0	
1	
0	
0	
0	
1	
1	
0	
0	
1	
0	
1	
1	
0	
1	
1	
0	
0	
0	
0	
0	
0	
0	
0	
1	
0	
1	
1	
0	
0	
0	
0	
0	
0	
0	
1	
0	
0	
1	
1	
0	
1	
1	
0	
1	
0	
1	
1	
1	
0	
0	
0	
1	
0	
1	
0	
1	
0	
0	
1	
0	
0	
0	
0	
1	
0	
0	
1	
0	
1	
0	
0	
2	
1	
1	
0	
1	
1	
0	
0	
0	
0	
0	
0	
0	
0	
0	
0	
0	
0	
0	
1	
1	
0	
0	
0	
0	
0	
1	
0	
1	
0	
0	
1	
0	
0	
1	
0	
0	
0	
0	
1	

0	
0	
1	
0	
1	
1	
0	
1	
1	
1	
1	
2	
1	
0	
0	
1	
0	
0	
0	
0	
1	
1	
0	
1	
0	
1	
0	
3	
1	
1	
0	
1	
0	
0	
0	
1	
0	
0	
0	
1	
0	
0	
2	
1	
2	
0	
0	
1	
0	
0	
2	
1	
0	
1	
1	
1	
1	
0	
0	
0	
1	
0	
0	
0	
1	
1	
0	
0	
1	
1	
0	
2	
0	
0	
0	
1	
0	
1	
0	
0	
0	
0	
0	
1	
0	
0	
0	
1	
0	
1	
0	
1	
0	
0	
1	
0	
0	
0	
0	
0	
0	
0	
0	
0	
0	
0	
0	
0	
0	
1	
0	
0	
1	
0	
1	
0	
1	
1	
1	
0	
0	
2	
0	
0	
0	
0	
2	
0	

0	
0	
0	
0	
1	
0	
1	
1	
0	
0	
0	
1	
0	
0	
1	
0	
0	
1	
0	
0	
1	
0	
0	
0	
0	
0	
0	
0	
0	
2	
0	
0	
1	
0	
0	
1	
0	
0	
1	
1	
0	
1	
0	
0	
0	
0	
0	
1	
0	
0	
0	
0	
1	
1	
0	
0	
1	
0	
0	
0	
0	
0	
0	
0	
1	
0	
0	
0	
1	
0	
0	
0	
0	
0	
0	
0	
0	
0	
0	
0	
0	
0	
1	
0	
0	
0	
1	
0	
0	
0	
1	
0	
1	
0	
0	
0	
0	
0	
0	
0	
0	
1	
0	
0	
0	
0	
0	
1	
0	
0	
1	
0	
1	
0	
0	
0	
0	
0	
0	
0	
0	
0	
0	
0	
0	
0	
1	
0	

0	
0	
0	
0	
1	
0	
2	
0	
0	
1	
0	
1	
1	
0	
1	
0	
0	
0	
0	
0	
3	
0	
2	
1	
0	
1	
0	
1	
2	
0	
0	
0	
1	
0	
0	
1	
0	
0	
0	
1	
1	
0	
0	
1	
0	
1	
0	
0	
0	
0	
1	
0	
0	
0	
1	
0	
1	
0	
0	
0	
1	
0	
0	
1	
0	
1	
1	
0	
1	
0	
0	
1	
0	
0	
0	
2	
0	
0	
0	
0	
1	
0	
2	
0	
0	
0	
0	
1	
2	
1	
0	
0	
0	
1	
0	
0	
0	
0	
0	
0	
0	
0	
1	
1	
2	
0	
0	
0	
1	
0	
0	
0	
0	
0	
1	
0	
0	
0	
0	
0	
0	
1	
0	
2	
0	
0	
0	
0	

0	
0	
1	
0	
1	
0	
0	
0	
2	
0	
0	
0	
0	
0	
0	
1	
0	
1	
1	
1	
1	
1	
1	
0	
0	
0	
0	
0	
0	
0	
0	
1	
0	
0	
1	
0	
2	
0	
2	
0	
1	
0	
1	
0	
0	
1	
1	
1	
0	
0	
1	
0	
0	
0	
0	
1	
0	
0	
0	
0	
0	
0	
0	
1	
0	
0	
0	
0	
0	
0	
0	
1	
0	
0	
0	
1	
0	
2	
0	
0	
2	
0	
1	
0	
0	
0	
1	
1	
0	
0	
0	
0	
0	
1	
1	
0	
1	
0	
1	
0	
0	
1	
0	
0	
0	
0	
1	
0	
0	
0	
0	
0	
0	
1	
0	
0	
1	
1	
1	
0	
0	
0	
0	
1	
0	
0	
1	
0	

0	
0	
1	
1	
0	
0	
1	
0	
0	
0	
0	
1	
2	
2	
1	
1	
0	
0	
0	
0	
0	
0	
0	
0	
1	
1	
0	
0	
0	
2	
1	
0	
1	
0	
0	
1	
2	
0	
0	
0	
0	
0	
0	
0	
1	
0	
0	
0	
0	
0	
0	
0	
0	
0	
2	
1	
0	
0	
1	
0	
0	
0	
1	
0	
1	
0	
0	
1	
2	
1	
0	
1	
0	
0	
0	
0	
0	
1	
1	
0	
1	
0	
1	
1	
0	
0	
0	
1	
0	
1	
0	
0	
0	
0	
0	
0	
0	
0	
0	
0	
0	
1	
0	
0	
1	
0	
0	
0	
0	
1	
1	
0	
1	
0	
0	
1	
1	
0	
1	
0	
0	
0	
0	
0	
0	
0	
0	
1	

]

ExternalEquipmentRentingCost: [
1271	5191	2780	1366	3869	3209	3370	3004	1981	2763	1695	2338	2740	2681	4859	4475	4867	5382	5910	3447	2017	3942	3098	5450	3216	5343	5917	2915	2400	5322	2765	3318	2010	5759	3258	5412	2224	2757	5944	2641	2759	3546	2928	1135	3365	5182	1321	3124	2675	2130	4242	1934	4398	1275	4655	5348	4547	3536	5904	5138	1408	3220	3742	3563	5402	5213	2273	5345	3369	5378	1190	1861	5547	1028	4164	3348	1311	1218	2191	2688	2029	3913	5275	1659	1310	3958	2444	1677	3449	4643	3997	4157	2052	3029	4139	5491	1805	4354	1561	4502	4805	2707	1451	3721	1519	5632	3220	2288	1201	2577	4947	2568	2905	5199	3746	5493	5973	2197	5541	2202	4467	3721	1258	2763	3671	2168	5200	2019	
1111	4819	3140	1165	4307	5055	5140	1786	5494	2057	5961	3320	1428	1760	3435	3872	3409	5163	2962	3716	2163	2962	1694	3591	2409	4776	3032	3735	2607	3019	4435	4915	2238	1149	4780	1860	1703	3250	2917	3133	4401	1742	5558	1676	1855	2650	2611	2954	5680	2265	5810	1326	1717	1985	1480	2532	1334	4776	3348	1352	4699	3754	4993	1447	3534	2637	3018	5941	4968	3383	2620	3626	4982	1809	3983	1694	2754	4521	2963	3990	4155	1228	5895	5250	5920	3362	1881	5248	5795	2961	5936	5114	5871	4214	5237	3982	2700	1258	1396	1074	4162	2986	1128	3057	4278	3205	3004	5435	3194	2025	3342	3912	5722	5844	2387	3649	3605	5311	1798	2659	2832	1074	4303	5119	3918	3514	5345	4778	
4251	4068	4769	1266	4401	3220	1376	4810	1092	5823	3833	2833	5632	4854	4822	5243	3834	1901	5400	1274	4495	2135	4812	4870	5253	2679	3384	3647	4193	5177	1711	1814	1828	3971	2292	3766	4591	2227	3595	2509	1192	4074	3837	1655	5043	2226	1918	4176	3013	1205	1336	1261	2147	2945	1488	3402	1841	4336	5034	4203	2335	4108	3539	3509	1432	4328	2253	3230	4216	4653	1530	1596	1389	4675	5414	3898	2072	3398	5844	2899	5006	3793	2025	2671	3468	1466	1794	1689	5176	3649	4201	5205	2251	2840	2465	3444	3168	5309	4553	3435	1589	5706	5222	1103	5070	5381	1521	4588	4579	4469	1439	4103	2891	4637	5752	3990	3578	5234	4304	4910	5724	4512	3179	1815	3805	5004	5836	4267	
4760	3530	3646	4798	5907	2030	5911	5664	1392	1326	4169	2438	1172	5510	3712	1121	3222	2472	5910	5738	4846	3727	5545	3346	4831	1007	1742	4582	3895	4195	2091	3037	2121	1964	2381	1411	1314	1601	5507	4247	4628	1814	5926	2516	4539	3123	4780	3970	4878	3646	2002	1845	2771	5951	2681	3470	5519	2602	3270	1246	1799	4256	3215	5630	2881	2958	3000	3831	5692	1676	5658	4772	4080	4957	2751	2051	5394	1486	4945	5049	4349	3025	5530	5051	4626	5617	4500	2843	1542	1715	5638	1334	4997	3172	3296	5085	1392	5719	2791	5126	1724	3560	2539	4854	1087	1074	2295	2013	3227	3778	4305	2033	2850	2615	5612	1704	2123	2764	5233	3721	1621	2194	3155	2646	5947	1182	3320	1766	
4793	2930	4021	5053	4349	1679	2045	3331	2476	4055	5727	1526	2501	3999	1609	2198	2704	3374	5767	4313	3216	4957	2188	5728	3640	3421	2437	4950	3386	2140	1770	1182	4035	2039	3355	5791	2351	3612	1005	5215	4529	5973	5043	1093	2758	5632	1236	5452	3747	4641	2865	3633	2898	4272	1602	2818	3127	4877	4773	3017	2419	4244	3611	3967	4528	1358	2567	1907	2953	1788	4714	5892	2707	4849	4017	2561	3622	2583	1548	2232	3211	2134	1535	2915	4954	5508	5807	1644	1589	4642	4642	2084	5561	5040	4559	5970	5959	1569	5430	5237	3103	5956	3122	3375	3385	4228	3458	5529	1751	5210	5082	4967	4995	3596	5028	3024	3713	5027	5360	2007	1339	3291	4287	5759	2601	5707	3858	5609	
2603	4287	2359	2711	2653	2346	4763	1876	5890	5811	4323	3657	3847	2582	3478	4878	2586	2442	3059	4904	3930	2062	5401	2554	3555	5911	3128	1467	1430	3466	4000	2786	3748	1261	3817	4409	4670	1857	4095	4757	5379	2808	3172	4877	2032	3139	3262	3053	2441	1961	4086	1920	4828	1745	5629	2227	1967	4700	1086	2768	1483	1016	2150	1725	2118	3797	4238	4926	1017	4715	1777	4359	1887	5191	5933	3423	5420	1846	4426	3599	4394	5153	4234	2409	5723	3139	2249	2610	5253	3536	3607	3620	2339	5581	1492	4398	5421	1204	1754	1516	1647	5470	1113	1182	4459	1445	4005	4457	1567	4708	1717	1802	5442	4084	2045	2290	1563	5599	2887	3699	4812	1289	5583	2525	3817	4178	4491	1476	
3225	4518	3551	1725	1720	5251	2172	4549	1099	4323	3376	1639	4710	2987	3534	2648	4063	2102	4307	3633	5501	1388	1945	1098	5969	4131	4356	2561	3047	1370	3376	3063	4973	1140	3728	5265	2203	3797	4979	5747	1456	1307	2568	3471	1046	1175	4814	3494	4585	1229	5300	5946	3487	3359	4024	3324	1332	2856	2440	5703	2322	5161	3767	3446	2707	1941	3908	2937	5773	4370	3413	3071	2449	1267	4828	1617	4115	5578	5140	1676	3766	4181	2269	2160	4230	2541	1564	3114	1818	2368	1415	4343	4338	3681	4502	4240	4325	1661	1577	1434	3209	1531	3480	2776	5533	5852	1759	4426	1988	3541	5980	3250	5057	3735	3332	3079	1923	4580	5948	2505	2457	4935	5712	2825	5395	2904	5632	1902	
]

EquipmentTypeTransportationCost: [
1	4063	3530	4223	3414	4086	4500	4409	1000	1000	
4063	1	3727	3162	3905	2319	3855	3717	4092	4123	
3530	3727	1	3938	2883	3745	4302	4177	3535	3539	
4223	3162	3938	1	4046	3213	3554	3367	4272	4297	
3414	3905	2883	4046	1	3897	4407	4222	3435	3418	
4086	2319	3745	3213	3897	1	3799	3720	4083	4069	
4500	3855	4302	3554	4407	3799	1	3165	4561	4563	
4409	3717	4177	3367	4222	3720	3165	1	4406	4472	
1000	4092	3535	4272	3435	4083	4561	4406	1	1000	
1000	4123	3539	4297	3418	4069	4563	4472	1000	1	

1	4836	4106	5085	3996	4816	5358	5218	1000	1000	
4836	1	4394	3710	4588	2619	4538	4318	4839	4736	
4106	4394	1	4613	3324	4481	5155	4973	4118	4125	
5085	3710	4613	1	4783	3781	4161	3998	5036	4973	
3996	4588	3324	4783	1	4511	5173	5063	3980	3996	
4816	2619	4481	3781	4511	1	4447	4365	4753	4759	
5358	4538	5155	4161	5173	4447	1	3643	5382	5360	
5218	4318	4973	3998	5063	4365	3643	1	5243	5358	
1000	4839	4118	5036	3980	4753	5382	5243	1	1000	
1000	4736	4125	4973	3996	4759	5360	5358	1000	1	

1	4820	4259	5093	4080	4910	5459	5400	1000	1000	
4820	1	4427	3745	4664	2660	4579	4448	4876	4919	
4259	4427	1	4684	3401	4493	5172	5002	4336	4221	
5093	3745	4684	1	4875	3828	4288	4051	5088	5083	
4080	4664	3401	4875	1	4643	5270	5214	4059	4083	
4910	2660	4493	3828	4643	1	4600	4540	4893	4863	
5459	4579	5172	4288	5270	4600	1	3705	5520	5435	
5400	4448	5002	4051	5214	4540	3705	1	5333	5398	
1000	4876	4336	5088	4059	4893	5520	5333	1	1000	
1000	4919	4221	5083	4083	4863	5435	5398	1000	1	

1	4437	3727	4423	3629	4268	4720	4731	1000	1000	
4437	1	3950	3325	4108	2379	3974	3838	4281	4326	
3727	3950	1	4106	2974	3893	4400	4336	3737	3731	
4423	3325	4106	1	4340	3348	3696	3566	4514	4494	
3629	4108	2974	4340	1	4088	4506	4540	3642	3611	
4268	2379	3893	3348	4088	1	4118	3891	4253	4259	
4720	3974	4400	3696	4506	4118	1	3328	4732	4688	
4731	3838	4336	3566	4540	3891	3328	1	4787	4735	
1000	4281	3737	4514	3642	4253	4732	4787	1	1000	
1000	4326	3731	4494	3611	4259	4688	4735	1000	1	

1	4393	3755	4529	3606	4344	4882	4733	1000	1000	
4393	1	3978	3336	4147	2420	4045	3948	4364	4337	
3755	3978	1	4159	3010	3951	4555	4487	3748	3844	
4529	3336	4159	1	4278	3408	3844	3568	4511	4531	
3606	4147	3010	4278	1	4111	4696	4544	3680	3650	
4344	2420	3951	3408	4111	1	4063	3948	4323	4337	
4882	4045	4555	3844	4696	4063	1	3325	4831	4878	
4733	3948	4487	3568	4544	3948	3325	1	4747	4752	
1000	4364	3748	4511	3680	4323	4831	4747	1	1000	
1000	4337	3844	4531	3650	4337	4878	4752	1000	1	

1	4283	3731	4456	3576	4240	4724	4735	1000	1000	
4283	1	3923	3303	4053	2409	3940	3898	4307	4358	
3731	3923	1	4069	2994	3917	4522	4332	3727	3760	
4456	3303	4069	1	4238	3403	3662	3514	4378	4429	
3576	4053	2994	4238	1	3981	4555	4489	3585	3506	
4240	2409	3917	3403	3981	1	4050	3904	4278	4308	
4724	3940	4522	3662	4555	4050	1	3197	4760	4767	
4735	3898	4332	3514	4489	3904	3197	1	4641	4686	
1000	4307	3727	4378	3585	4278	4760	4641	1	1000	
1000	4358	3760	4429	3506	4308	4767	4686	1000	1	

1	5244	4460	5354	4213	5272	5682	5643	1000	1000	
5244	1	4718	4027	4892	2777	4775	4633	5135	5218	
4460	4718	1	4969	3503	4770	5480	5389	4342	4441	
5354	4027	4969	1	5205	4105	4490	4187	5456	5389	
4213	4892	3503	5205	1	4940	5565	5494	4233	4332	
5272	2777	4770	4105	4940	1	4935	4700	5109	5188	
5682	4775	5480	4490	5565	4935	1	3889	5711	5693	
5643	4633	5389	4187	5494	4700	3889	1	5747	5731	
1000	5135	4342	5456	4233	5109	5711	5747	1	1000	
1000	5218	4441	5389	4332	5188	5693	5731	1000	1	

]

TransportationTimeForEquipmentTypeBetweenProjects: [
1	3	1	5	1	3	6	5	1	1	
3	1	3	1	3	1	3	3	3	3	
1	3	1	3	1	3	5	5	1	1	
5	1	3	1	3	1	1	1	5	5	
1	3	1	3	1	3	5	5	1	1	
3	1	3	1	3	1	3	3	3	3	
6	3	5	1	5	3	1	1	6	6	
5	3	5	1	5	3	1	1	5	5	
1	3	1	5	1	3	6	5	1	1	
1	3	1	5	1	3	6	5	1	1	

1	3	1	5	1	3	7	5	1	1	
3	1	3	1	3	1	3	3	3	3	
1	3	1	3	1	3	5	5	1	1	
5	1	3	1	3	1	1	1	5	5	
1	3	1	3	1	3	5	5	1	1	
3	1	3	1	3	1	3	3	3	3	
7	3	5	1	5	3	1	1	7	7	
5	3	5	1	5	3	1	1	5	5	
1	3	1	5	1	3	7	5	1	1	
1	3	1	5	1	3	7	5	1	1	

1	4	1	6	1	4	9	6	1	1	
4	1	4	1	4	1	4	4	4	4	
1	4	1	4	1	4	6	6	1	1	
6	1	4	1	4	1	1	1	6	6	
1	4	1	4	1	4	6	6	1	1	
4	1	4	1	4	1	4	4	4	4	
9	4	6	1	6	4	1	1	9	9	
6	4	6	1	6	4	1	1	6	6	
1	4	1	6	1	4	9	6	1	1	
1	4	1	6	1	4	9	6	1	1	

1	3	1	5	1	3	6	5	1	1	
3	1	3	1	3	1	3	3	3	3	
1	3	1	3	1	3	5	5	1	1	
5	1	3	1	3	1	1	1	5	5	
1	3	1	3	1	3	5	5	1	1	
3	1	3	1	3	1	3	3	3	3	
6	3	5	1	5	3	1	1	6	6	
5	3	5	1	5	3	1	1	5	5	
1	3	1	5	1	3	6	5	1	1	
1	3	1	5	1	3	6	5	1	1	

1	3	1	5	1	3	7	5	1	1	
3	1	3	1	3	1	3	3	3	3	
1	3	1	3	1	3	5	5	1	1	
5	1	3	1	3	1	1	1	5	5	
1	3	1	3	1	3	5	5	1	1	
3	1	3	1	3	1	3	3	3	3	
7	3	5	1	5	3	1	1	7	7	
5	3	5	1	5	3	1	1	5	5	
1	3	1	5	1	3	7	5	1	1	
1	3	1	5	1	3	7	5	1	1	

1	3	1	5	1	3	7	5	1	1	
3	1	3	1	3	1	3	3	3	3	
1	3	1	3	1	3	5	5	1	1	
5	1	3	1	3	1	1	1	5	5	
1	3	1	3	1	3	5	5	1	1	
3	1	3	1	3	1	3	3	3	3	
7	3	5	1	5	3	1	1	7	7	
5	3	5	1	5	3	1	1	5	5	
1	3	1	5	1	3	7	5	1	1	
1	3	1	5	1	3	7	5	1	1	

1	4	1	6	1	4	9	6	1	1	
4	1	4	1	4	1	4	4	4	4	
1	4	1	4	1	4	6	6	1	1	
6	1	4	1	4	1	1	1	6	6	
1	4	1	4	1	4	6	6	1	1	
4	1	4	1	4	1	4	4	4	4	
9	4	6	1	6	4	1	1	9	9	
6	4	6	1	6	4	1	1	6	6	
1	4	1	6	1	4	9	6	1	1	
1	4	1	6	1	4	9	6	1	1	

]

TotalNumberOfInitialEquipmentTypeLocation: [
(1 1) 2 (1 17) 1 (1 50) 2 (1 74) 1 (1 82) 3 (1 98) 1 
(2 17) 1 (2 38) 1 (2 60) 1 (2 98) 1 (2 112) 2 
(3 1) 1 (3 27) 1 (3 50) 1 (3 60) 1 (3 82) 1 (3 112) 3 
(4 17) 1 (4 60) 1 (4 82) 1 (4 112) 1 
(5 17) 1 (5 27) 1 (5 38) 1 (5 60) 1 (5 82) 3 (5 98) 2 
(6 17) 1 (6 27) 2 (6 38) 1 (6 50) 1 (6 82) 1 (6 112) 1 
(7 27) 1 (7 38) 1 (7 50) 1 (7 60) 1 (7 74) 1 (7 98) 1 
]

DepotActivities: [ 1 17 27 38 50 60 74 82 98 112 ]

MaximalStintCliques: [
[ 2 16 21 36 41 51 26 31 46 1 35 40 15 50 20 9 ]
[ 2 16 21 36 41 51 26 31 46 1 35 40 15 50 20 8 25 45 30 ]
[ 2 16 21 36 41 51 26 31 46 3 37 10 42 47 17 27 52 22 32 ]
[ 2 16 21 36 41 51 11 3 37 42 47 17 27 52 22 32 ]
[ 4 18 23 28 33 38 43 48 53 34 5 39 44 14 49 19 29 54 24 ]
[ 4 18 23 28 33 38 43 48 53 3 37 42 17 52 22 12 27 47 32 ]
[ 4 18 23 28 33 38 43 48 53 3 37 42 17 52 22 13 ]
[ 6 1 35 40 45 15 25 50 20 30 ]
[ 7 1 35 40 45 15 25 50 20 30 ]
]
