nEmployees: 30
nSkills: 2
nProjects: 10
nDays: 90
nActivities: 195
nEquipmentTypes: 4
nStints: 88
nMaxModes: 3
nStintCliques: 13

EmployeeInStintCost: [
28860 28860 28860 28860 28860 28224 14142 42042 42042 42042 42042 42042 36954 20810 34684 34684 34684 34684 34684 34048 17854 14520 14520 14520 14520 14520 13884 4980 32640 32640 32640 32640 32640 32004 16644 40316 40316 40316 40316 40316 35228 16404 42400 42400 42400 42400 42400 41764 25000 17844 17844 17844 17844 17844 17844 17844 17844 17844 17844 17844 17844 17208 3816 3816 3816 3816 3816 3816 3816 3816 3816 3816 3816 3816 3180 15830 15830 15830 15830 15830 15830 15830 15830 15830 15830 15830 15830 15194 
25340 25340 25340 25340 25340 24686 10352 35528 35528 35528 35528 35528 30296 13900 15720 15720 15720 15720 15720 15066 5910 31484 31484 31484 31484 31484 30830 15800 13080 13080 13080 13080 13080 12426 3270 36922 36922 36922 36922 36922 31690 12614 35760 35760 35760 35760 35760 35106 18090 11504 11504 11504 11504 11504 11504 11504 11504 11504 11504 11504 11504 10850 16262 16262 16262 16262 16262 16262 16262 16262 16262 16262 16262 16262 15608 12058 12058 12058 12058 12058 12058 12058 12058 12058 12058 12058 12058 11404 
29692 29692 29692 29692 29692 29122 15964 30132 30132 30132 30132 30132 25572 10352 32204 32204 32204 32204 32204 31634 16364 36412 36412 36412 36412 36412 35842 21988 30960 30960 30960 30960 30960 30390 15954 40686 40686 40686 40686 40686 36126 18226 15040 15040 15040 15040 15040 14470 6490 14360 14360 14360 14360 14360 14360 14360 14360 14360 14360 14360 14360 13790 22358 22358 22358 22358 22358 22358 22358 22358 22358 22358 22358 22358 21788 17586 17586 17586 17586 17586 17586 17586 17586 17586 17586 17586 17586 17016 
24332 24332 24332 24332 24332 23732 10154 33758 33758 33758 33758 33758 28958 13318 12000 12000 12000 12000 12000 11400 3000 30788 30788 30788 30788 30788 30188 15914 14640 14640 14640 14640 14640 14040 5640 35536 35536 35536 35536 35536 30736 12416 34296 34296 34296 34296 34296 33696 17436 11268 11268 11268 11268 11268 11268 11268 11268 11268 11268 11268 11268 10668 16314 16314 16314 16314 16314 16314 16314 16314 16314 16314 16314 16314 15714 11806 11806 11806 11806 11806 11806 11806 11806 11806 11806 11806 11806 11206 
28908 28908 28908 28908 28908 28272 14190 42298 42298 42298 42298 42298 37210 21066 34884 34884 34884 34884 34884 34248 18054 18440 18440 18440 18440 18440 17804 8900 32888 32888 32888 32888 32888 32252 16892 40364 40364 40364 40364 40364 35276 16452 42592 42592 42592 42592 42592 41956 25192 18252 18252 18252 18252 18252 18252 18252 18252 18252 18252 18252 18252 17616 8456 8456 8456 8456 8456 8456 8456 8456 8456 8456 8456 8456 7820 15878 15878 15878 15878 15878 15878 15878 15878 15878 15878 15878 15878 15242 
26900 26900 26900 26900 26900 26342 13352 39760 39760 39760 39760 39760 35296 20244 32884 32884 32884 32884 32884 32326 17224 16600 16600 16600 16600 16600 16042 8230 30896 30896 30896 30896 30896 30338 16070 37810 37810 37810 37810 37810 33346 15614 40584 40584 40584 40584 40584 40026 24354 17376 17376 17376 17376 17376 17376 17376 17376 17376 17376 17376 17376 16818 8468 8468 8468 8468 8468 8468 8468 8468 8468 8468 8468 8468 7910 14962 14962 14962 14962 14962 14962 14962 14962 14962 14962 14962 14962 14404 
28620 28620 28620 28620 28620 27996 14082 41718 41718 41718 41718 41718 36726 20750 34444 34444 34444 34444 34444 33820 17794 14280 14280 14280 14280 14280 13656 4920 32400 32400 32400 32400 32400 31776 16584 39992 39992 39992 39992 39992 35000 16344 42160 42160 42160 42160 42160 41536 24940 17772 17772 17772 17772 17772 17772 17772 17772 17772 17772 17772 17772 17148 3744 3744 3744 3744 3744 3744 3744 3744 3744 3744 3744 3744 3120 15758 15758 15758 15758 15758 15758 15758 15758 15758 15758 15758 15758 15134 
29268 29268 29268 29268 29268 28614 14280 42784 42784 42784 42784 42784 37552 21156 35244 35244 35244 35244 35244 34590 18144 18800 18800 18800 18800 18800 18146 8990 33248 33248 33248 33248 33248 32594 16982 40850 40850 40850 40850 40850 35618 16542 42952 42952 42952 42952 42952 42298 25282 18360 18360 18360 18360 18360 18360 18360 18360 18360 18360 18360 18360 17706 8564 8564 8564 8564 8564 8564 8564 8564 8564 8564 8564 8564 7910 15986 15986 15986 15986 15986 15986 15986 15986 15986 15986 15986 15986 15332 
26652 26652 26652 26652 26652 26082 12924 39212 39212 39212 39212 39212 34652 19432 32356 32356 32356 32356 32356 31786 16516 15120 15120 15120 15120 15120 14550 6570 30288 30288 30288 30288 30288 29718 15282 37646 37646 37646 37646 37646 33086 15186 40056 40056 40056 40056 40056 39486 23646 16360 16360 16360 16360 16360 16360 16360 16360 16360 16360 16360 16360 15790 8940 8940 8940 8940 8940 8940 8940 8940 8940 8940 8940 8940 8370 14546 14546 14546 14546 14546 14546 14546 14546 14546 14546 14546 14546 13976 
29340 29340 29340 29340 29340 28680 14262 42690 42690 42690 42690 42690 37410 20930 35164 35164 35164 35164 35164 34504 17974 15000 15000 15000 15000 15000 14340 5100 33120 33120 33120 33120 33120 32460 16764 40964 40964 40964 40964 40964 35684 16524 42880 42880 42880 42880 42880 42220 25120 17988 17988 17988 17988 17988 17988 17988 17988 17988 17988 17988 17988 17328 3960 3960 3960 3960 3960 3960 3960 3960 3960 3960 3960 3960 3300 15974 15974 15974 15974 15974 15974 15974 15974 15974 15974 15974 15974 15314 
25892 25892 25892 25892 25892 25334 12344 37928 37928 37928 37928 37928 33464 18412 31308 31308 31308 31308 31308 30750 15648 24884 24884 24884 24884 24884 24326 10640 29192 29192 29192 29192 29192 28634 14366 36802 36802 36802 36802 36802 32338 14606 38920 38920 38920 38920 38920 38362 22690 15216 15216 15216 15216 15216 15216 15216 15216 15216 15216 15216 15216 14658 10998 10998 10998 10998 10998 10998 10998 10998 10998 10998 10998 10998 10440 13954 13954 13954 13954 13954 13954 13954 13954 13954 13954 13954 13954 13396 
27940 27940 27940 27940 27940 27334 13672 40880 40880 40880 40880 40880 36032 20308 33740 33740 33740 33740 33740 33134 17360 12120 12120 12120 12120 12120 11514 3030 31688 31688 31688 31688 31688 31082 16142 39186 39186 39186 39186 39186 34338 15934 41448 41448 41448 41448 41448 40842 24498 17304 17304 17304 17304 17304 17304 17304 17304 17304 17304 17304 17304 16698 5436 5436 5436 5436 5436 5436 5436 5436 5436 5436 5436 5436 4830 15330 15330 15330 15330 15330 15330 15330 15330 15330 15330 15330 15330 14724 
30356 30356 30356 30356 30356 29774 16448 30376 30376 30376 30376 30376 25720 10332 32796 32796 32796 32796 32796 32214 16776 36996 36996 36996 36996 36996 36414 22392 31512 31512 31512 31512 31512 30930 16326 41434 41434 41434 41434 41434 36778 18710 11640 11640 11640 11640 11640 11058 2910 14512 14512 14512 14512 14512 14512 14512 14512 14512 14512 14512 14512 13930 22782 22782 22782 22782 22782 22782 22782 22782 22782 22782 22782 22782 22200 18082 18082 18082 18082 18082 18082 18082 18082 18082 18082 18082 18082 17500 
28732 28732 28732 28732 28732 28066 13564 32940 32940 32940 32940 32940 27612 11048 30980 30980 30980 30980 30980 30314 13700 34796 34796 34796 34796 34796 34130 18932 29472 29472 29472 29472 29472 28806 13026 40398 40398 40398 40398 40398 35070 15826 33312 33312 33312 33312 33312 32646 15462 10744 10744 10744 10744 10744 10744 10744 10744 10744 10744 10744 10744 10078 19414 19414 19414 19414 19414 19414 19414 19414 19414 19414 19414 19414 18748 15282 15282 15282 15282 15282 15282 15282 15282 15282 15282 15282 15282 14616 
17520 17520 17520 17520 17520 16854 7530 38284 38284 38284 38284 38284 32956 16392 30676 30676 30676 30676 30676 30010 13396 29756 29756 29756 29756 29756 29090 13892 28864 28864 28864 28864 28864 28198 12418 22182 22182 22182 22182 22182 16854 7530 38248 38248 38248 38248 38248 37582 20398 14176 14176 14176 14176 14176 14176 14176 14176 14176 14176 14176 14176 13510 14318 14318 14318 14318 14318 14318 14318 14318 14318 14318 14318 14318 13652 8196 8196 8196 8196 8196 8196 8196 8196 8196 8196 8196 8196 7530 
26500 26500 26500 26500 26500 25858 11692 39084 39084 39084 39084 39084 33948 17720 31844 31844 31844 31844 31844 31202 14924 27444 27444 27444 27444 27444 26802 11940 29728 29728 29728 29728 29728 29086 13642 37998 37998 37998 37998 37998 32862 13954 39472 39472 39472 39472 39472 38830 21982 14672 14672 14672 14672 14672 14672 14672 14672 14672 14672 14672 14672 14030 12398 12398 12398 12398 12398 12398 12398 12398 12398 12398 12398 12398 11756 13386 13386 13386 13386 13386 13386 13386 13386 13386 13386 13386 13386 12744 
30836 30836 30836 30836 30836 30230 16568 31024 31024 31024 31024 31024 26176 10452 33276 33276 33276 33276 33276 32670 16896 37476 37476 37476 37476 37476 36870 22512 31992 31992 31992 31992 31992 31386 16446 42082 42082 42082 42082 42082 37234 18830 12120 12120 12120 12120 12120 11514 3030 14656 14656 14656 14656 14656 14656 14656 14656 14656 14656 14656 14656 14050 22926 22926 22926 22926 22926 22926 22926 22926 22926 22926 22926 22926 22320 18226 18226 18226 18226 18226 18226 18226 18226 18226 18226 18226 18226 17620 
26580 26580 26580 26580 26580 25980 12402 32654 32654 32654 32654 32654 27854 12214 28988 28988 28988 28988 28988 28388 12698 32156 32156 32156 32156 32156 31556 17282 27232 27232 27232 27232 27232 26632 11776 37784 37784 37784 37784 37784 32984 14664 33480 33480 33480 33480 33480 32880 16620 3600 3600 3600 3600 3600 3600 3600 3600 3600 3600 3600 3600 3000 17698 17698 17698 17698 17698 17698 17698 17698 17698 17698 17698 17698 17098 14054 14054 14054 14054 14054 14054 14054 14054 14054 14054 14054 14054 13454 
25772 25772 25772 25772 25772 25100 10514 35702 35702 35702 35702 35702 30326 13678 13440 13440 13440 13440 13440 12768 3360 32228 32228 32228 32228 32228 31556 16274 16080 16080 16080 16080 16080 15408 6000 37480 37480 37480 37480 37480 32104 12776 35736 35736 35736 35736 35736 35064 17796 11700 11700 11700 11700 11700 11700 11700 11700 11700 11700 11700 11700 11028 16746 16746 16746 16746 16746 16746 16746 16746 16746 16746 16746 16746 16074 12238 12238 12238 12238 12238 12238 12238 12238 12238 12238 12238 12238 11566 
16320 16320 16320 16320 16320 15714 7230 36664 36664 36664 36664 36664 31816 16092 29476 29476 29476 29476 29476 28870 13096 28556 28556 28556 28556 28556 27950 13592 27664 27664 27664 27664 27664 27058 12118 20562 20562 20562 20562 20562 15714 7230 37048 37048 37048 37048 37048 36442 20098 13816 13816 13816 13816 13816 13816 13816 13816 13816 13816 13816 13816 13210 13958 13958 13958 13958 13958 13958 13958 13958 13958 13958 13958 13958 13352 7836 7836 7836 7836 7836 7836 7836 7836 7836 7836 7836 7836 7230 
27220 27220 27220 27220 27220 26650 13492 39908 39908 39908 39908 39908 35348 20128 33020 33020 33020 33020 33020 32450 17180 11400 11400 11400 11400 11400 10830 2850 30968 30968 30968 30968 30968 30398 15962 38214 38214 38214 38214 38214 33654 15754 40728 40728 40728 40728 40728 40158 24318 17088 17088 17088 17088 17088 17088 17088 17088 17088 17088 17088 17088 16518 5220 5220 5220 5220 5220 5220 5220 5220 5220 5220 5220 5220 4650 15114 15114 15114 15114 15114 15114 15114 15114 15114 15114 15114 15114 14544 
29700 29700 29700 29700 29700 29022 14352 43176 43176 43176 43176 43176 37752 21020 35524 35524 35524 35524 35524 34846 18064 15360 15360 15360 15360 15360 14682 5190 33480 33480 33480 33480 33480 32802 16854 41450 41450 41450 41450 41450 36026 16614 43240 43240 43240 43240 43240 42562 25210 18096 18096 18096 18096 18096 18096 18096 18096 18096 18096 18096 18096 17418 4068 4068 4068 4068 4068 4068 4068 4068 4068 4068 4068 4068 3390 16082 16082 16082 16082 16082 16082 16082 16082 16082 16082 16082 16082 15404 
17160 17160 17160 17160 17160 16512 7440 37798 37798 37798 37798 37798 32614 16302 30316 30316 30316 30316 30316 29668 13306 29396 29396 29396 29396 29396 28748 13802 28504 28504 28504 28504 28504 27856 12328 21696 21696 21696 21696 21696 16512 7440 37888 37888 37888 37888 37888 37240 20308 14068 14068 14068 14068 14068 14068 14068 14068 14068 14068 14068 14068 13420 14210 14210 14210 14210 14210 14210 14210 14210 14210 14210 14210 14210 13562 8088 8088 8088 8088 8088 8088 8088 8088 8088 8088 8088 8088 7440 
25420 25420 25420 25420 25420 24832 11422 37626 37626 37626 37626 37626 32922 17450 30764 30764 30764 30764 30764 30176 14654 26364 26364 26364 26364 26364 25776 11670 28648 28648 28648 28648 28648 28060 13372 36540 36540 36540 36540 36540 31836 13684 38392 38392 38392 38392 38392 37804 21712 14348 14348 14348 14348 14348 14348 14348 14348 14348 14348 14348 14348 13760 12074 12074 12074 12074 12074 12074 12074 12074 12074 12074 12074 12074 11486 13062 13062 13062 13062 13062 13062 13062 13062 13062 13062 13062 13062 12474 
26852 26852 26852 26852 26852 26246 12584 39224 39224 39224 39224 39224 34376 18652 32268 32268 32268 32268 32268 31662 15888 25844 25844 25844 25844 25844 25238 10880 30152 30152 30152 30152 30152 29546 14606 38098 38098 38098 38098 38098 33250 14846 39880 39880 39880 39880 39880 39274 22930 15504 15504 15504 15504 15504 15504 15504 15504 15504 15504 15504 15504 14898 11286 11286 11286 11286 11286 11286 11286 11286 11286 11286 11286 11286 10680 14242 14242 14242 14242 14242 14242 14242 14242 14242 14242 14242 14242 13636 
30892 30892 30892 30892 30892 30262 16264 31752 31752 31752 31752 31752 26712 10652 33404 33404 33404 33404 33404 32774 16664 37612 37612 37612 37612 37612 36982 22288 32160 32160 32160 32160 32160 31530 16254 42306 42306 42306 42306 42306 37266 18526 16240 16240 16240 16240 16240 15610 6790 14720 14720 14720 14720 14720 14720 14720 14720 14720 14720 14720 14720 14090 22718 22718 22718 22718 22718 22718 22718 22718 22718 22718 22718 22718 22088 17946 17946 17946 17946 17946 17946 17946 17946 17946 17946 17946 17946 17316 
28020 28020 28020 28020 28020 27366 13032 41536 41536 41536 41536 41536 36304 19908 33988 33988 33988 33988 33988 33334 16888 19040 19040 19040 19040 19040 18386 9230 32000 32000 32000 32000 32000 31346 15734 39602 39602 39602 39602 39602 34370 15294 41696 41696 41696 41696 41696 41042 24026 17152 17152 17152 17152 17152 17152 17152 17152 17152 17152 17152 17152 16498 10622 10622 10622 10622 10622 10622 10622 10622 10622 10622 10622 10622 9968 14738 14738 14738 14738 14738 14738 14738 14738 14738 14738 14738 14738 14084 
16320 16320 16320 16320 16320 15714 7230 36664 36664 36664 36664 36664 31816 16092 29476 29476 29476 29476 29476 28870 13096 28556 28556 28556 28556 28556 27950 13592 27664 27664 27664 27664 27664 27058 12118 20562 20562 20562 20562 20562 15714 7230 37048 37048 37048 37048 37048 36442 20098 13816 13816 13816 13816 13816 13816 13816 13816 13816 13816 13816 13816 13210 13958 13958 13958 13958 13958 13958 13958 13958 13958 13958 13958 13958 13352 7836 7836 7836 7836 7836 7836 7836 7836 7836 7836 7836 7836 7230 
16560 16560 16560 16560 16560 15942 7290 36988 36988 36988 36988 36988 32044 16152 29716 29716 29716 29716 29716 29098 13156 28796 28796 28796 28796 28796 28178 13652 27904 27904 27904 27904 27904 27286 12178 20886 20886 20886 20886 20886 15942 7290 37288 37288 37288 37288 37288 36670 20158 13888 13888 13888 13888 13888 13888 13888 13888 13888 13888 13888 13888 13270 14030 14030 14030 14030 14030 14030 14030 14030 14030 14030 14030 14030 13412 7908 7908 7908 7908 7908 7908 7908 7908 7908 7908 7908 7908 7290 
29140 29140 29140 29140 29140 28474 13972 42500 42500 42500 42500 42500 37172 20608 34940 34940 34940 34940 34940 34274 17660 13320 13320 13320 13320 13320 12654 3330 32888 32888 32888 32888 32888 32222 16442 40806 40806 40806 40806 40806 35478 16234 42648 42648 42648 42648 42648 41982 24798 17664 17664 17664 17664 17664 17664 17664 17664 17664 17664 17664 17664 16998 5796 5796 5796 5796 5796 5796 5796 5796 5796 5796 5796 5796 5130 15690 15690 15690 15690 15690 15690 15690 15690 15690 15690 15690 15690 15024 
]

ExternalWorkerWithSkillOnStintCost: [
40536 38880 40824 30816 40896 31752 16128 45696 48216 45696 37884 33684 42336 20340 29592 33912 34632 37440 34056 30744 19512 40248 40320 41040 42840 37872 32616 15840 40680 36432 32904 34272 30456 41616 18360 44184 43932 48384 47040 42084 43596 15300 30240 30744 31104 39096 31320 35640 20448 16020 14220 15690 13380 13410 14160 12360 17550 12780 14970 16320 12690 16740 16350 15870 12120 16050 13650 15450 15270 13140 16410 13410 15210 15270 12810 13950 14520 12570 16050 15360 13980 16860 17880 17070 14880 15180 12450 15870 
31104 30744 41040 38592 30600 39312 15660 41328 43344 41496 42168 48972 41832 18432 29736 39240 31464 34920 41112 32688 17208 32400 33480 40104 33120 31608 29376 17136 41472 40464 29232 43056 40536 37656 21240 37884 48972 38976 38724 36624 42336 17424 29016 33840 37080 29880 39024 39888 20664 16770 13860 15030 17220 13530 17430 13890 13530 13170 16530 15660 17850 12600 15450 13560 13650 16380 16230 14730 16500 17400 15960 13800 17460 17220 16680 12120 13050 17910 16050 12210 16950 14250 12720 15090 12360 12090 16740 12750 
]

OverlappingStints: [
[ 2 8 9 15 16 22 23 29 30 36 37 43 44 50 51 52 63 64 65 76 77 78 ]
[ 3 8 9 10 15 16 17 22 23 24 29 30 31 36 37 38 43 44 45 52 53 54 65 66 67 78 79 80 ]
[ 4 9 10 11 16 17 18 23 24 25 30 31 32 37 38 39 44 45 46 54 55 56 67 68 69 80 81 82 ]
[ 5 10 11 12 17 18 19 24 25 26 31 32 33 38 39 40 45 46 47 56 57 58 69 70 71 82 83 84 ]
[ 6 11 12 13 18 19 20 25 26 27 32 33 34 39 40 41 46 47 48 58 59 60 71 72 73 84 85 86 ]
[ 7 12 13 14 19 20 21 26 27 28 33 34 35 40 41 42 47 48 49 60 61 62 73 74 75 86 87 88 ]
[ 13 14 20 21 27 28 34 35 41 42 48 49 62 75 88 ]
[ 9 15 16 22 23 29 30 36 37 43 44 50 51 52 53 63 64 65 66 76 77 78 79 ]
[ 10 15 16 17 22 23 24 29 30 31 36 37 38 43 44 45 52 53 54 55 65 66 67 68 78 79 80 81 ]
[ 11 16 17 18 23 24 25 30 31 32 37 38 39 44 45 46 54 55 56 57 67 68 69 70 80 81 82 83 ]
[ 12 17 18 19 24 25 26 31 32 33 38 39 40 45 46 47 56 57 58 59 69 70 71 72 82 83 84 85 ]
[ 13 18 19 20 25 26 27 32 33 34 39 40 41 46 47 48 58 59 60 61 71 72 73 74 84 85 86 87 ]
[ 14 19 20 21 26 27 28 33 34 35 40 41 42 47 48 49 60 61 62 73 74 75 86 87 88 ]
[ 20 21 27 28 34 35 41 42 48 49 62 75 88 ]
[ 16 22 23 29 30 36 37 43 44 50 51 52 63 64 65 76 77 78 ]
[ 17 22 23 24 29 30 31 36 37 38 43 44 45 52 53 54 65 66 67 78 79 80 ]
[ 18 23 24 25 30 31 32 37 38 39 44 45 46 54 55 56 67 68 69 80 81 82 ]
[ 19 24 25 26 31 32 33 38 39 40 45 46 47 56 57 58 69 70 71 82 83 84 ]
[ 20 25 26 27 32 33 34 39 40 41 46 47 48 58 59 60 71 72 73 84 85 86 ]
[ 21 26 27 28 33 34 35 40 41 42 47 48 49 60 61 62 73 74 75 86 87 88 ]
[ 27 28 34 35 41 42 48 49 62 75 88 ]
[ 23 29 30 36 37 43 44 50 51 52 63 64 65 76 77 78 ]
[ 24 29 30 31 36 37 38 43 44 45 52 53 54 65 66 67 78 79 80 ]
[ 25 30 31 32 37 38 39 44 45 46 54 55 56 67 68 69 80 81 82 ]
[ 26 31 32 33 38 39 40 45 46 47 56 57 58 69 70 71 82 83 84 ]
[ 27 32 33 34 39 40 41 46 47 48 58 59 60 71 72 73 84 85 86 ]
[ 28 33 34 35 40 41 42 47 48 49 60 61 62 73 74 75 86 87 88 ]
[ 34 35 41 42 48 49 62 75 88 ]
[ 30 36 37 43 44 50 51 52 63 64 65 76 77 78 ]
[ 31 36 37 38 43 44 45 52 53 54 65 66 67 78 79 80 ]
[ 32 37 38 39 44 45 46 54 55 56 67 68 69 80 81 82 ]
[ 33 38 39 40 45 46 47 56 57 58 69 70 71 82 83 84 ]
[ 34 39 40 41 46 47 48 58 59 60 71 72 73 84 85 86 ]
[ 35 40 41 42 47 48 49 60 61 62 73 74 75 86 87 88 ]
[ 41 42 48 49 62 75 88 ]
[ 37 43 44 50 51 52 53 63 64 65 66 76 77 78 79 ]
[ 38 43 44 45 52 53 54 55 65 66 67 68 78 79 80 81 ]
[ 39 44 45 46 54 55 56 57 67 68 69 70 80 81 82 83 ]
[ 40 45 46 47 56 57 58 59 69 70 71 72 82 83 84 85 ]
[ 41 46 47 48 58 59 60 61 71 72 73 74 84 85 86 87 ]
[ 42 47 48 49 60 61 62 73 74 75 86 87 88 ]
[ 48 49 62 75 88 ]
[ 44 50 51 52 63 64 65 76 77 78 ]
[ 45 52 53 54 65 66 67 78 79 80 ]
[ 46 54 55 56 67 68 69 80 81 82 ]
[ 47 56 57 58 69 70 71 82 83 84 ]
[ 48 58 59 60 71 72 73 84 85 86 ]
[ 49 60 61 62 73 74 75 86 87 88 ]
[ 62 75 88 ]
[ 63 76 ]
[ 64 77 ]
[ 65 78 ]
[ 66 79 ]
[ 67 80 ]
[ 68 81 ]
[ 69 82 ]
[ 70 83 ]
[ 71 84 ]
[ 72 85 ]
[ 73 86 ]
[ 74 87 ]
[ 75 88 ]
[ 76 ]
[ 77 ]
[ 78 ]
[ 79 ]
[ 80 ]
[ 81 ]
[ 82 ]
[ 83 ]
[ 84 ]
[ 85 ]
[ 86 ]
[ 87 ]
[ 88 ]
[ ]
[ ]
[ ]
[ ]
[ ]
[ ]
[ ]
[ ]
[ ]
[ ]
[ ]
[ ]
[ ]
]

EmployeesWithSkill: [
[ 1 2 3 4 5 6 7 8 9 10 11 12 13 14 15 16 17 18 19 20 21 22 23 24 25 26 27 28 29 30 ]
[ 14 27 ]
]

SkillDemandInActivityWithMode: [
0	0	0	
2	4	2	
2	4	2	
2	4	2	
2	4	2	
2	4	2	
1	3	1	
1	3	1	
1	3	1	
2	4	2	
1	3	1	
2	4	2	
2	4	2	
0	0	0	
6	10	4	
6	10	4	
5	9	4	
2	4	2	
6	10	4	
6	10	4	
3	6	2	
3	6	2	
4	7	3	
1	3	1	
7	12	5	
6	10	4	
2	4	2	
5	9	4	
2	4	2	
5	9	4	
4	7	3	
4	7	3	
6	10	4	
1	3	1	
5	9	4	
4	7	3	
3	6	2	
0	0	0	
5	9	4	
3	6	2	
5	9	4	
4	7	3	
2	4	2	
5	9	4	
5	9	4	
5	9	4	
4	7	3	
2	4	2	
5	9	4	
5	9	4	
5	9	4	
3	6	2	
2	4	2	
4	7	3	
2	4	2	
5	9	4	
1	3	1	
2	4	2	
0	0	0	
4	7	3	
7	12	5	
10	16	7	
14	22	10	
3	6	2	
6	10	4	
5	9	4	
7	12	5	
3	6	2	
11	18	8	
10	16	7	
4	7	3	
11	18	8	
6	10	4	
6	10	4	
4	7	3	
5	9	4	
0	0	0	
8	13	6	
5	9	4	
6	10	4	
3	6	2	
6	10	4	
2	4	2	
6	10	4	
4	7	3	
4	7	3	
2	4	2	
6	10	4	
2	4	2	
8	13	6	
3	6	2	
7	12	5	
6	10	4	
2	4	2	
0	0	0	
25	39	17	
17	27	12	
19	30	13	
21	33	14	
6	10	4	
18	28	12	
5	9	4	
18	28	12	
10	16	7	
15	24	10	
16	25	11	
18	28	12	
9	15	6	
18	28	12	
6	10	4	
5	9	4	
8	13	6	
24	37	16	
8	13	6	
24	37	16	
0	0	0	
2	4	2	
2	4	2	
2	4	2	
1	3	1	
2	4	2	
1	3	1	
2	4	2	
1	3	1	
1	3	1	
1	3	1	
2	4	2	
1	3	1	
1	3	1	
1	3	1	
2	4	2	
1	3	1	
1	3	1	
1	3	1	
2	4	2	
0	0	0	
2	4	2	
1	3	1	
2	4	2	
2	4	2	
1	3	1	
1	3	1	
1	3	1	
2	4	2	
2	4	2	
2	4	2	
1	3	1	
1	3	1	
2	4	2	
2	4	2	
1	3	1	
2	4	2	
1	3	1	
2	4	2	
1	3	1	
1	3	1	
2	4	2	
2	4	2	
0	0	0	
1	3	1	
1	3	1	
1	3	1	
1	3	1	
1	3	1	
1	3	1	
1	3	1	
1	3	1	
1	3	1	
1	3	1	
1	3	1	
1	3	1	
1	3	1	
1	3	1	
1	3	1	
1	3	1	
1	3	1	
1	3	1	
1	3	1	
1	3	1	
1	3	1	
1	3	1	
1	3	1	
1	3	1	
0	0	0	
28	43	19	
28	43	19	
37	57	25	
37	57	25	
11	18	8	
8	13	6	
28	43	19	
28	43	19	
19	30	13	
37	57	25	
27	42	18	

0	0	0	
2	4	2	
3	6	2	
2	4	2	
2	4	2	
3	6	2	
1	3	1	
0	1	0	
1	3	1	
2	4	2	
1	3	1	
2	4	2	
2	4	2	
0	0	0	
0	1	0	
0	1	0	
0	1	0	
0	1	0	
0	1	0	
0	1	0	
0	1	0	
0	1	0	
0	1	0	
0	1	0	
0	1	0	
0	1	0	
0	1	0	
0	1	0	
0	1	0	
0	1	0	
0	1	0	
0	1	0	
0	1	0	
0	1	0	
0	1	0	
0	1	0	
0	1	0	
0	0	0	
0	1	0	
0	1	0	
0	1	0	
0	1	0	
0	1	0	
0	1	0	
0	1	0	
0	1	0	
0	1	0	
0	1	0	
0	1	0	
0	1	0	
0	1	0	
0	1	0	
0	1	0	
0	1	0	
0	1	0	
0	1	0	
0	1	0	
0	1	0	
0	0	0	
0	1	0	
0	1	0	
0	1	0	
0	1	0	
0	1	0	
0	1	0	
0	1	0	
0	1	0	
0	1	0	
0	1	0	
0	1	0	
0	1	0	
0	1	0	
0	1	0	
0	1	0	
0	1	0	
0	1	0	
0	0	0	
0	1	0	
0	1	0	
0	1	0	
0	1	0	
0	1	0	
0	1	0	
0	1	0	
0	1	0	
0	1	0	
0	1	0	
0	1	0	
0	1	0	
0	1	0	
0	1	0	
0	1	0	
0	1	0	
0	1	0	
0	0	0	
0	1	0	
0	1	0	
0	1	0	
0	1	0	
0	1	0	
0	1	0	
0	1	0	
0	1	0	
0	1	0	
0	1	0	
0	1	0	
0	1	0	
0	1	0	
0	1	0	
0	1	0	
0	1	0	
0	1	0	
0	1	0	
0	1	0	
0	1	0	
0	0	0	
0	1	0	
0	1	0	
0	1	0	
0	1	0	
0	1	0	
0	1	0	
0	1	0	
0	1	0	
0	1	0	
0	1	0	
0	1	0	
0	1	0	
0	1	0	
0	1	0	
0	1	0	
0	1	0	
0	1	0	
0	1	0	
0	1	0	
0	0	0	
0	1	0	
0	1	0	
0	1	0	
0	1	0	
0	1	0	
0	1	0	
0	1	0	
0	1	0	
0	1	0	
0	1	0	
0	1	0	
0	1	0	
0	1	0	
0	1	0	
0	1	0	
0	1	0	
0	1	0	
0	1	0	
0	1	0	
0	1	0	
0	1	0	
0	1	0	
0	0	0	
0	1	0	
1	3	1	
1	3	1	
0	1	0	
1	3	1	
0	1	0	
0	1	0	
1	3	1	
0	1	0	
1	3	1	
0	1	0	
0	1	0	
0	1	0	
0	1	0	
0	1	0	
0	1	0	
0	1	0	
0	1	0	
0	1	0	
0	1	0	
1	3	1	
0	1	0	
0	1	0	
1	3	1	
0	0	0	
2	4	2	
2	4	2	
3	6	2	
3	6	2	
0	1	0	
0	1	0	
2	4	2	
2	4	2	
1	3	1	
2	4	2	
2	4	2	

]

EmployeeAvailability: [
1 1 0 1 0 0 1 1 1 0 1 0 0 1 1 1 0 1 0 0 1 1 1 0 1 0 0 1 1 1 0 1 0 0 1 1 1 0 1 0 0 1 1 1 0 1 0 0 1 1 1 1 1 0 1 1 1 0 1 1 1 1 1 1 1 1 0 1 1 1 0 1 1 1 1 1 1 1 1 0 1 1 1 0 1 1 1 1 
1 1 1 1 1 1 1 1 1 1 1 1 1 1 1 1 1 1 1 1 1 1 1 1 1 1 1 1 1 1 1 1 1 1 1 1 1 1 1 1 1 1 1 1 1 1 1 1 1 1 1 1 1 1 1 1 1 1 1 1 1 1 1 1 1 1 1 1 1 1 1 1 1 1 1 1 1 1 1 1 1 1 1 1 1 1 1 1 
1 1 1 1 1 0 1 1 1 1 1 1 0 1 1 1 1 1 1 0 1 1 1 1 1 1 0 1 1 1 1 1 1 0 1 1 1 1 1 1 0 1 1 1 1 1 1 0 1 1 1 1 1 1 1 1 1 1 1 1 0 1 1 1 1 1 1 1 1 1 1 1 1 0 1 1 1 1 1 1 1 1 1 1 1 1 0 1 
1 1 1 1 1 1 1 1 1 1 1 1 1 1 1 1 1 1 1 1 1 1 1 1 1 1 1 1 1 1 1 1 1 1 1 1 1 1 1 1 1 1 1 1 1 1 1 1 1 1 1 1 1 1 1 1 1 1 1 1 1 1 1 1 1 1 1 1 1 1 1 1 1 1 1 1 1 1 1 1 1 1 1 1 1 1 1 1 
1 1 1 1 0 1 1 1 1 1 1 0 1 1 1 1 1 1 0 1 1 1 1 1 1 0 1 1 1 1 1 1 0 1 1 1 1 1 1 0 1 1 1 1 1 1 0 1 1 1 1 1 1 1 1 1 1 1 0 1 1 1 1 1 1 1 1 1 1 1 1 0 1 1 1 1 1 1 1 1 1 1 1 1 0 1 1 1 
1 1 1 1 0 1 1 1 0 0 1 0 1 1 1 1 1 1 0 1 1 1 1 1 1 0 1 1 1 1 1 1 0 1 1 1 0 0 1 0 1 1 1 1 1 1 0 1 1 1 1 1 1 1 1 1 1 1 0 1 1 1 1 1 1 1 1 1 1 1 1 0 1 1 1 1 1 1 1 1 1 1 1 1 0 1 1 1 
1 1 1 1 0 0 1 1 1 1 1 0 0 1 1 1 1 1 0 0 1 1 1 1 1 0 0 1 1 1 1 1 0 0 1 1 1 1 1 0 0 1 1 1 1 1 0 0 1 1 1 1 1 1 1 1 1 0 1 0 1 1 1 1 1 1 1 1 1 1 0 1 0 1 1 1 1 1 1 1 1 1 1 0 1 0 1 1 
1 1 1 1 1 0 1 1 1 1 1 1 0 1 1 1 1 1 1 0 1 1 1 1 1 1 0 1 1 1 1 1 1 0 1 1 1 1 1 1 0 1 1 1 1 1 1 0 1 1 1 1 1 1 1 1 1 1 1 1 1 1 1 1 1 1 1 1 1 1 1 1 1 1 1 1 1 1 1 1 1 1 1 1 1 1 1 1 
1 1 0 1 1 1 1 1 1 0 1 1 1 1 1 1 0 1 1 1 1 1 1 0 1 1 1 1 1 1 0 1 1 1 1 1 1 0 1 1 1 1 1 1 0 1 1 1 1 1 1 1 1 1 1 1 1 1 1 1 1 1 1 1 1 1 1 1 1 1 1 1 1 1 1 1 1 1 1 1 1 1 1 1 1 1 1 1 
0 1 1 1 1 1 1 0 1 1 1 1 1 1 0 1 1 1 1 1 1 0 1 1 1 1 1 1 0 1 1 1 1 1 1 0 1 1 1 1 1 1 0 1 1 1 1 1 1 1 0 1 1 1 1 1 1 1 1 1 1 1 1 0 1 1 1 1 1 1 1 1 1 1 1 1 0 1 1 1 1 1 1 1 1 1 1 1 
1 1 1 1 1 1 1 1 1 1 1 0 1 1 1 1 1 1 1 1 1 1 1 1 1 1 1 1 1 1 1 1 1 1 1 1 1 1 1 0 1 1 1 1 1 1 1 1 1 1 1 1 1 1 1 1 1 1 1 1 1 1 1 1 1 1 1 1 1 1 1 1 1 1 1 1 1 1 1 1 1 1 1 1 1 1 1 1 
1 1 1 1 1 1 1 1 1 1 1 1 1 1 1 1 1 1 1 1 1 1 1 1 1 1 1 1 1 1 1 1 1 1 1 1 1 1 1 1 1 1 1 1 1 1 1 1 1 1 1 1 1 1 1 1 1 1 1 1 1 1 1 1 1 1 1 1 1 1 1 1 1 1 1 1 1 1 1 1 1 1 1 1 1 1 1 1 
0 0 1 1 1 1 1 0 0 1 1 1 1 1 0 0 1 1 1 1 1 0 0 1 1 1 1 1 0 0 1 1 1 1 1 0 0 1 1 1 1 1 0 0 1 1 1 1 1 0 1 0 1 1 1 1 1 1 1 1 1 1 0 1 0 1 1 1 1 1 1 1 1 1 1 0 1 0 1 1 1 1 1 1 1 1 1 1 
1 1 1 1 1 1 1 1 1 1 1 1 1 1 1 1 1 1 1 1 1 1 1 1 1 1 1 1 1 1 1 1 1 1 1 1 1 1 1 1 1 1 1 1 1 1 1 1 1 1 1 1 1 1 1 1 1 1 1 1 1 1 1 1 1 1 1 1 1 1 1 1 1 1 1 1 1 1 1 1 1 1 1 1 1 1 1 1 
1 0 0 1 1 1 1 1 0 0 1 1 1 1 1 0 0 1 1 1 1 1 0 0 1 1 1 1 1 0 0 1 1 1 1 1 0 0 1 1 1 1 1 0 0 1 1 1 1 1 1 0 1 0 1 1 1 1 1 1 1 1 1 1 0 1 0 1 1 1 1 1 1 1 1 1 1 0 1 0 1 1 1 1 1 1 1 1 
0 1 1 1 1 1 1 0 0 1 1 1 1 1 0 1 1 1 1 1 1 0 1 1 1 1 1 1 0 1 1 1 1 1 1 0 0 1 1 1 1 1 0 1 1 1 1 1 1 1 0 1 1 1 1 1 1 1 1 1 1 1 1 0 1 1 1 1 1 1 1 1 1 1 1 1 0 1 1 1 1 1 1 1 1 1 1 1 
1 1 0 1 0 0 1 1 1 0 1 0 0 1 1 1 0 1 0 0 1 1 1 0 1 0 0 1 1 1 0 1 0 0 1 1 1 0 1 0 0 1 1 1 0 1 0 0 1 1 1 1 1 1 0 1 1 0 1 1 0 1 1 1 1 1 1 0 1 1 0 1 1 0 1 1 1 1 1 1 0 1 1 0 1 1 0 1 
1 1 1 1 1 0 1 1 1 1 1 1 0 1 1 1 1 1 1 0 1 1 1 1 1 1 0 1 1 1 1 1 1 0 1 1 1 1 1 1 0 1 1 1 1 1 1 0 1 1 1 1 1 1 1 1 1 1 1 1 0 1 1 1 1 1 1 1 1 1 1 1 1 0 1 1 1 1 1 1 1 1 1 1 1 1 0 1 
1 0 1 1 0 1 0 1 0 1 1 0 1 0 1 0 1 1 0 1 0 1 0 1 1 0 1 0 1 0 1 1 0 1 0 1 0 1 1 0 1 0 1 0 1 1 0 1 0 1 1 1 0 1 1 1 1 1 1 1 1 0 1 1 1 0 1 1 1 1 1 1 1 1 0 1 1 1 0 1 1 1 1 1 1 1 1 0 
1 1 1 1 1 1 1 1 1 1 1 1 1 1 1 1 1 1 1 1 1 1 1 1 1 1 1 1 1 1 1 1 1 1 1 1 1 1 1 1 1 1 1 1 1 1 1 1 1 1 1 1 1 1 1 1 1 1 1 1 1 1 1 1 1 1 1 1 1 1 1 1 1 1 1 1 1 1 1 1 1 1 1 1 1 1 1 1 
1 1 1 1 0 1 0 1 1 1 1 0 1 0 1 1 1 1 0 1 0 1 1 1 1 0 1 0 1 1 1 1 0 1 0 1 1 1 1 0 1 0 1 1 1 1 0 1 0 1 1 1 1 1 1 1 1 1 1 1 1 0 1 1 1 1 1 1 1 1 1 1 1 1 0 1 1 1 1 1 1 1 1 1 1 1 1 0 
0 1 1 1 0 1 1 0 1 1 1 0 1 1 0 1 1 1 0 1 1 0 1 1 1 0 1 1 0 1 1 1 0 1 1 0 1 1 1 0 1 1 0 1 1 1 0 1 1 0 1 1 1 1 1 1 1 1 0 1 1 1 0 1 1 1 1 1 1 1 1 0 1 1 1 0 1 1 1 1 1 1 1 1 0 1 1 1 
1 1 1 0 1 1 1 1 1 1 0 1 1 1 1 1 1 0 1 1 1 1 1 1 0 1 1 1 1 1 1 0 1 1 1 1 1 1 0 1 1 1 1 1 1 0 1 1 1 1 1 1 1 1 1 0 1 1 1 1 1 1 1 1 1 1 1 1 0 1 1 1 1 1 1 1 1 1 1 1 1 0 1 1 1 1 1 1 
1 1 1 0 1 1 1 1 1 1 0 1 1 1 1 1 1 0 1 1 1 1 1 1 0 1 1 1 1 1 1 0 1 1 1 1 1 1 0 1 1 1 1 1 1 0 1 1 1 1 1 1 1 1 1 0 1 1 1 1 1 1 1 1 1 1 1 1 0 1 1 1 1 1 1 1 1 1 1 1 1 0 1 1 1 1 1 1 
0 1 1 1 0 1 1 0 0 1 1 0 1 1 0 1 1 1 0 1 1 0 1 1 1 0 1 1 0 1 1 1 0 1 1 0 0 1 1 0 1 1 0 1 1 1 0 1 1 0 1 1 1 1 1 1 1 0 1 1 1 1 0 1 1 1 1 1 1 1 0 1 1 1 1 0 1 1 1 1 1 1 1 0 1 1 1 1 
1 1 1 1 1 1 1 1 1 1 1 1 1 1 1 1 1 1 1 1 1 1 1 1 1 1 1 1 1 1 1 1 1 1 1 1 1 1 1 1 1 1 1 1 1 1 1 1 1 1 1 1 1 1 1 1 1 1 1 1 1 1 1 1 1 1 1 1 1 1 1 1 1 1 1 1 1 1 1 1 1 1 1 1 1 1 1 1 
0 1 1 1 0 1 1 0 1 1 1 0 1 1 0 1 1 1 0 1 1 0 1 1 1 0 1 1 0 1 1 1 0 1 1 0 1 1 1 0 1 1 0 1 1 1 0 1 1 1 0 1 1 1 1 1 1 1 0 1 1 1 1 0 1 1 1 1 1 1 1 0 1 1 1 1 0 1 1 1 1 1 1 1 0 1 1 1 
1 1 1 0 1 1 1 1 1 1 0 1 1 1 1 1 1 0 1 1 1 1 1 1 0 1 1 1 1 1 1 0 1 1 1 1 1 1 0 1 1 1 1 1 1 0 1 1 1 1 1 1 1 1 1 1 1 1 1 1 1 1 1 1 1 1 1 1 1 1 1 1 1 1 1 1 1 1 1 1 1 1 1 1 1 1 1 1 
1 1 1 1 1 1 1 1 1 1 1 1 1 1 1 1 1 1 1 1 1 1 1 1 1 1 1 1 1 1 1 1 1 1 1 1 1 1 1 1 1 1 1 1 1 1 1 1 1 1 1 1 1 1 1 1 1 1 1 1 1 1 1 1 1 1 1 1 1 1 1 1 1 1 1 1 1 1 1 1 1 1 1 1 1 1 1 1 
1 1 1 1 0 1 1 1 1 1 1 0 1 1 1 1 1 1 0 1 1 1 1 1 1 0 1 1 1 1 1 1 0 1 1 1 1 1 1 0 1 1 1 1 1 1 0 1 1 1 1 1 1 1 1 1 1 0 0 1 1 1 1 1 1 1 1 1 1 1 0 0 1 1 1 1 1 1 1 1 1 1 1 0 0 1 1 1 
]

EmployeeWantedInStint: [ (3 26) 1 (4 20) 1 (4 43) 1 (4 68) 1 (4 88) 1 (5 79) 1 (6 75) 1 (7 7) 1 (7 34) 1 (7 39) 1 (8 43) 1 (8 82) 1 (9 41) 1 (9 78) 1 (10 27) 1 (11 35) 1 (12 59) 1 (13 7) 1 (14 23) 1 (14 61) 1 (14 80) 1 (15 12) 1 (15 27) 1 (15 70) 1 (15 85) 1 (18 61) 1 (19 78) 1 (20 43) 1 (20 74) 1 (23 21) 1 (24 42) 1 (25 40) 1 (26 72) 1 (27 3) 1 (27 75) 1 (29 23) 1 (29 43) 1 (30 38) 1 (30 82) 1 ]

EmployeeWantedViolationCost: [ (3 26) 11000 (4 20) 14000 (4 43) 7000 (4 68) 6000 (4 88) 14000 (5 79) 9000 (6 75) 7000 (7 7) 14000 (7 34) 7000 (7 39) 13000 (8 43) 5000 (8 82) 15000 (9 41) 14000 (9 78) 14000 (10 27) 10000 (11 35) 14000 (12 59) 9000 (13 7) 14000 (14 23) 15000 (14 61) 11000 (14 80) 6000 (15 12) 15000 (15 27) 6000 (15 70) 8000 (15 85) 15000 (18 61) 14000 (19 78) 5000 (20 43) 7000 (20 74) 6000 (23 21) 6000 (24 42) 6000 (25 40) 5000 (26 72) 9000 (27 3) 7000 (27 75) 13000 (29 23) 12000 (29 43) 6000 (30 38) 14000 (30 82) 5000 ]

EmployeesThatShouldNotWorkTogetherWithEmployee: [
[ ]
[ 16 ]
[ ]
[ 19 ]
[ ]
[ 27 ]
[ 9 14 ]
[ 25 26 ]
[ 10 12 21 29 30 ]
[ 13 ]
[ 22 ]
[ 18 ]
[ 14 22 ]
[ ]
[ 26 ]
[ 24 ]
[ ]
[ 29 ]
[ ]
[ ]
[ 23 ]
[ ]
[ ]
[ ]
[ ]
[ ]
[ ]
[ ]
[ ]
[ ]
]

ShouldNotWorkTogetherCost: [ (2 16) 198 (4 19) 396 (6 27) 396 (7 9) 297 (7 14) 396 (8 25) 198 (8 26) 198 (9 10) 396 (9 12) 99 (9 21) 396 (9 29) 99 (9 30) 99 (10 13) 198 (11 22) 198 (12 18) 297 (13 14) 198 (13 22) 198 (15 26) 198 (16 24) 99 (18 29) 396 (21 23) 396 ]

ImmediatePredecessorsToActivity: [
[ ]
[ 1 ]
[ 2 ]
[ 1 ]
[ 2 ]
[ 3 4 5 ]
[ 6 ]
[ 3 5 ]
[ 3 ]
[ 4 9 ]
[ 2 8 9 ]
[ 5 10 ]
[ 2 6 8 10 ]
[ ]
[ 14 ]
[ 14 ]
[ 14 ]
[ 15 ]
[ 16 ]
[ 16 ]
[ 14 ]
[ 14 ]
[ 14 ]
[ 14 ]
[ 16 18 24 ]
[ 15 17 20 22 ]
[ 17 18 ]
[ 23 25 ]
[ 14 ]
[ 15 19 21 ]
[ 17 20 25 29 30 ]
[ 15 19 20 23 ]
[ 17 18 19 20 21 22 ]
[ 17 21 23 ]
[ 16 23 24 ]
[ 25 26 ]
[ 15 24 ]
[ ]
[ 38 ]
[ 38 ]
[ 40 ]
[ 38 ]
[ 41 ]
[ 41 42 ]
[ 38 ]
[ 40 42 ]
[ 38 ]
[ 40 45 47 ]
[ 40 ]
[ 44 49 ]
[ 39 47 ]
[ 42 48 ]
[ 44 45 ]
[ 48 50 ]
[ 43 45 50 51 ]
[ 39 52 53 ]
[ 38 ]
[ 48 ]
[ ]
[ 59 ]
[ 59 ]
[ 59 ]
[ 59 ]
[ 59 ]
[ 59 ]
[ 59 ]
[ 65 66 ]
[ 62 66 ]
[ 62 64 65 66 ]
[ 61 ]
[ 60 61 63 ]
[ 67 ]
[ 60 62 65 70 ]
[ 60 63 65 66 70 72 ]
[ 65 70 ]
[ 67 70 ]
[ ]
[ 77 ]
[ 77 ]
[ 79 ]
[ 77 ]
[ 78 ]
[ 77 ]
[ 81 82 83 ]
[ 79 ]
[ 77 ]
[ 79 ]
[ 78 87 ]
[ 79 ]
[ 81 85 89 ]
[ 77 ]
[ 86 87 90 ]
[ 91 ]
[ 79 86 ]
[ ]
[ 95 ]
[ 95 ]
[ 97 ]
[ 96 ]
[ 98 ]
[ 96 100 ]
[ 95 ]
[ 98 ]
[ 96 97 100 ]
[ 96 102 ]
[ 101 103 ]
[ 97 ]
[ 96 97 100 ]
[ 99 103 ]
[ 97 109 ]
[ 97 99 ]
[ 96 98 102 ]
[ 109 ]
[ 102 ]
[ 95 ]
[ ]
[ 116 ]
[ 116 ]
[ 116 ]
[ 117 118 ]
[ 119 ]
[ 117 ]
[ 117 118 ]
[ 116 ]
[ 120 ]
[ 118 121 ]
[ 119 ]
[ 121 ]
[ 120 126 127 ]
[ 116 ]
[ 127 128 ]
[ 122 124 127 ]
[ 116 ]
[ 120 128 133 ]
[ 117 126 130 132 ]
[ ]
[ 136 ]
[ 136 ]
[ 138 ]
[ 138 ]
[ 136 ]
[ 136 ]
[ 136 ]
[ 140 ]
[ 142 ]
[ 137 141 143 ]
[ 138 ]
[ 136 ]
[ 143 147 ]
[ 139 ]
[ 140 ]
[ 141 143 144 150 ]
[ 145 ]
[ 143 150 ]
[ 139 145 ]
[ 136 ]
[ 137 138 145 148 ]
[ 136 ]
[ ]
[ 159 ]
[ 159 ]
[ 159 ]
[ 159 ]
[ 160 ]
[ 160 ]
[ 163 164 ]
[ 165 166 ]
[ 167 ]
[ 161 162 163 ]
[ 162 164 ]
[ 160 167 169 ]
[ 160 163 ]
[ 167 169 ]
[ 163 167 ]
[ 161 162 167 ]
[ 169 ]
[ 166 168 175 ]
[ 161 166 170 ]
[ 165 ]
[ 170 171 174 175 179 ]
[ 165 171 175 ]
[ 164 175 ]
[ 170 174 176 179 ]
[ ]
[ 184 ]
[ 184 ]
[ 186 ]
[ 184 ]
[ 184 ]
[ 187 188 ]
[ 186 ]
[ 186 189 ]
[ 185 192 ]
[ 193 ]
[ 189 ]
]

ActivitiesInProject: [
[ 1 2 3 4 5 6 7 8 9 10 11 12 13 ]
[ 14 15 16 17 18 19 20 21 22 23 24 25 26 27 28 29 30 31 32 33 34 35 36 37 ]
[ 38 39 40 41 42 43 44 45 46 47 48 49 50 51 52 53 54 55 56 57 58 ]
[ 59 60 61 62 63 64 65 66 67 68 69 70 71 72 73 74 75 76 ]
[ 77 78 79 80 81 82 83 84 85 86 87 88 89 90 91 92 93 94 ]
[ 95 96 97 98 99 100 101 102 103 104 105 106 107 108 109 110 111 112 113 114 115 ]
[ 116 117 118 119 120 121 122 123 124 125 126 127 128 129 130 131 132 133 134 135 ]
[ 136 137 138 139 140 141 142 143 144 145 146 147 148 149 150 151 152 153 154 155 156 157 158 ]
[ 159 160 161 162 163 164 165 166 167 168 169 170 171 172 173 174 175 176 177 178 179 180 181 182 183 ]
[ 184 185 186 187 188 189 190 191 192 193 194 195 ]
]

nActivityModes: [ 3 3 3 3 3 3 3 3 3 3 3 3 3 3 3 3 3 3 3 3 3 3 3 3 3 3 3 3 3 3 3 3 3 3 3 3 3 3 3 3 3 3 3 3 3 3 3 3 3 3 3 3 3 3 3 3 3 3 3 3 3 3 3 3 3 3 3 3 3 3 3 3 3 3 3 3 3 3 3 3 3 3 3 3 3 3 3 3 3 3 3 3 3 3 3 3 3 3 3 3 3 3 3 3 3 3 3 3 3 3 3 3 3 3 3 3 3 3 3 3 3 3 3 3 3 3 3 3 3 3 3 3 3 3 3 3 3 3 3 3 3 3 3 3 3 3 3 3 3 3 3 3 3 3 3 3 3 3 3 3 3 3 3 3 3 3 3 3 3 3 3 3 3 3 3 3 3 3 3 3 3 3 3 3 3 3 3 3 3 3 3 3 3 3 3 ]

ActivityDurationWithMode: [
1	1	1	
5	4	7	
4	3	6	
6	4	8	
5	4	7	
4	3	6	
11	8	15	
12	8	16	
8	6	11	
4	3	6	
6	4	8	
5	4	7	
4	3	6	
1	1	1	
9	6	12	
9	6	12	
11	8	15	
28	19	38	
9	6	12	
8	6	11	
17	12	23	
19	13	26	
13	9	18	
46	31	62	
7	5	10	
9	6	12	
24	16	32	
10	7	14	
41	28	55	
10	7	14	
14	10	19	
14	10	19	
9	6	12	
51	34	68	
11	8	15	
12	8	16	
21	14	28	
1	1	1	
6	4	8	
12	8	16	
6	4	8	
8	6	11	
16	11	22	
6	4	8	
6	4	8	
6	4	8	
7	5	10	
15	10	20	
6	4	8	
6	4	8	
6	4	8	
11	8	15	
18	12	24	
7	5	10	
14	10	19	
6	4	8	
42	28	56	
17	12	23	
1	1	1	
19	13	26	
11	8	15	
7	5	10	
5	4	7	
30	20	40	
12	8	16	
15	10	20	
10	7	14	
23	16	31	
6	4	8	
7	5	10	
18	12	24	
6	4	8	
11	8	15	
11	8	15	
18	12	24	
15	10	20	
1	1	1	
5	4	7	
8	6	11	
7	5	10	
12	8	16	
6	4	8	
32	22	43	
7	5	10	
9	6	12	
11	8	15	
24	16	32	
6	4	8	
24	16	32	
5	4	7	
12	8	16	
5	4	7	
6	4	8	
21	14	28	
1	1	1	
6	4	8	
9	6	12	
8	6	11	
7	5	10	
24	16	32	
8	6	11	
33	22	44	
8	6	11	
15	10	20	
10	7	14	
9	6	12	
8	6	11	
17	12	23	
8	6	11	
25	17	34	
34	23	46	
20	14	27	
6	4	8	
18	12	24	
6	4	8	
1	1	1	
6	4	8	
7	5	10	
6	4	8	
12	8	16	
6	4	8	
17	12	23	
6	4	8	
10	7	14	
11	8	15	
8	6	11	
7	5	10	
16	11	22	
24	16	32	
37	25	50	
7	5	10	
12	8	16	
18	12	24	
9	6	12	
6	4	8	
1	1	1	
8	6	11	
15	10	20	
9	6	12	
8	6	11	
36	24	48	
26	18	35	
33	22	44	
9	6	12	
5	4	7	
6	4	8	
25	17	34	
38	26	51	
6	4	8	
9	6	12	
22	15	30	
8	6	11	
12	8	16	
8	6	11	
14	10	19	
35	24	47	
8	6	11	
5	4	7	
1	1	1	
8	6	11	
5	4	7	
6	4	8	
8	6	11	
5	4	7	
8	6	11	
9	6	12	
7	5	10	
8	6	11	
7	5	10	
10	7	14	
8	6	11	
38	26	51	
18	12	24	
12	8	16	
8	6	11	
17	12	23	
8	6	11	
7	5	10	
27	18	36	
5	4	7	
9	6	12	
9	6	12	
5	4	7	
1	1	1	
4	3	6	
4	3	6	
3	2	4	
3	2	4	
10	7	14	
15	10	20	
4	3	6	
4	3	6	
6	4	8	
3	2	4	
4	3	6	
]

StintsInProject: [
[ 1 2 3 4 5 6 7 ]
[ 8 9 10 11 12 13 14 ]
[ 15 16 17 18 19 20 21 ]
[ 22 23 24 25 26 27 28 ]
[ 29 30 31 32 33 34 35 ]
[ 36 37 38 39 40 41 42 ]
[ 43 44 45 46 47 48 49 ]
[ 50 51 52 53 54 55 56 57 58 59 60 61 62 ]
[ 63 64 65 66 67 68 69 70 71 72 73 74 75 ]
[ 76 77 78 79 80 81 82 83 84 85 86 87 88 ]
]

WorkingStintsOnDay: [
[ 1 8 15 22 29 36 43 50 63 76 ]
[ 1 8 15 22 29 36 43 50 63 76 ]
[ 1 8 15 22 29 36 43 50 63 76 ]
[ 1 8 15 22 29 36 43 50 63 76 ]
[ 1 8 15 22 29 36 43 50 63 76 ]
[ 1 8 15 22 29 36 43 ]
[ 1 8 15 22 29 36 43 ]
[ 1 8 15 22 29 36 43 51 64 77 ]
[ 1 8 15 22 29 36 43 51 64 77 ]
[ 1 8 15 22 29 36 43 51 64 77 ]
[ 1 8 15 22 29 36 43 51 64 77 ]
[ 1 8 15 22 29 36 43 51 64 77 ]
[ 8 36 ]
[ 8 36 ]
[ 2 9 16 23 30 37 44 52 65 78 ]
[ 2 9 16 23 30 37 44 52 65 78 ]
[ 2 9 16 23 30 37 44 52 65 78 ]
[ 2 9 16 23 30 37 44 52 65 78 ]
[ 2 9 16 23 30 37 44 52 65 78 ]
[ 2 9 16 23 30 37 44 ]
[ 2 9 16 23 30 37 44 ]
[ 2 9 16 23 30 37 44 53 66 79 ]
[ 2 9 16 23 30 37 44 53 66 79 ]
[ 2 9 16 23 30 37 44 53 66 79 ]
[ 2 9 16 23 30 37 44 53 66 79 ]
[ 2 9 16 23 30 37 44 53 66 79 ]
[ 9 37 ]
[ 9 37 ]
[ 3 10 17 24 31 38 45 54 67 80 ]
[ 3 10 17 24 31 38 45 54 67 80 ]
[ 3 10 17 24 31 38 45 54 67 80 ]
[ 3 10 17 24 31 38 45 54 67 80 ]
[ 3 10 17 24 31 38 45 54 67 80 ]
[ 3 10 17 24 31 38 45 ]
[ 3 10 17 24 31 38 45 ]
[ 3 10 17 24 31 38 45 55 68 81 ]
[ 3 10 17 24 31 38 45 55 68 81 ]
[ 3 10 17 24 31 38 45 55 68 81 ]
[ 3 10 17 24 31 38 45 55 68 81 ]
[ 3 10 17 24 31 38 45 55 68 81 ]
[ 10 38 ]
[ 10 38 ]
[ 4 11 18 25 32 39 46 56 69 82 ]
[ 4 11 18 25 32 39 46 56 69 82 ]
[ 4 11 18 25 32 39 46 56 69 82 ]
[ 4 11 18 25 32 39 46 56 69 82 ]
[ 4 11 18 25 32 39 46 56 69 82 ]
[ 4 11 18 25 32 39 46 ]
[ 4 11 18 25 32 39 46 ]
[ 4 11 18 25 32 39 46 57 70 83 ]
[ 4 11 18 25 32 39 46 57 70 83 ]
[ 4 11 18 25 32 39 46 57 70 83 ]
[ 4 11 18 25 32 39 46 57 70 83 ]
[ 4 11 18 25 32 39 46 57 70 83 ]
[ 11 39 ]
[ 11 39 ]
[ 5 12 19 26 33 40 47 58 71 84 ]
[ 5 12 19 26 33 40 47 58 71 84 ]
[ 5 12 19 26 33 40 47 58 71 84 ]
[ 5 12 19 26 33 40 47 58 71 84 ]
[ 5 12 19 26 33 40 47 58 71 84 ]
[ 5 12 19 26 33 40 47 ]
[ 5 12 19 26 33 40 47 ]
[ 5 12 19 26 33 40 47 59 72 85 ]
[ 5 12 19 26 33 40 47 59 72 85 ]
[ 5 12 19 26 33 40 47 59 72 85 ]
[ 5 12 19 26 33 40 47 59 72 85 ]
[ 5 12 19 26 33 40 47 59 72 85 ]
[ 12 40 ]
[ 12 40 ]
[ 6 13 20 27 34 41 48 60 73 86 ]
[ 6 13 20 27 34 41 48 60 73 86 ]
[ 6 13 20 27 34 41 48 60 73 86 ]
[ 6 13 20 27 34 41 48 60 73 86 ]
[ 6 13 20 27 34 41 48 60 73 86 ]
[ 6 13 20 27 34 41 48 ]
[ 6 13 20 27 34 41 48 ]
[ 6 13 20 27 34 41 48 61 74 87 ]
[ 6 13 20 27 34 41 48 61 74 87 ]
[ 6 13 20 27 34 41 48 61 74 87 ]
[ 6 13 20 27 34 41 48 61 74 87 ]
[ 6 13 20 27 34 41 48 61 74 87 ]
[ 13 41 ]
[ 13 41 ]
[ 7 14 21 28 35 42 49 62 75 88 ]
[ 7 14 21 28 35 42 49 62 75 88 ]
[ 7 14 21 28 35 42 49 62 75 88 ]
[ 7 14 21 28 35 42 49 62 75 88 ]
[ 7 14 21 28 35 42 49 62 75 88 ]
[ 7 14 21 28 35 42 49 ]
]

ProjectStart: [ 22 18 25 18 18 8 7 20 16 16 ]

ProjectEnd: [ 58 87 84 69 67 67 64 86 86 49 ]

EarliestStartDayForActivity: [ 1 22 27 22 27 34 38 34 33 41 48 47 48 1 18 18 18 27 27 27 18 18 18 18 64 37 55 71 18 36 71 36 55 35 64 71 64 1 25 25 39 25 47 47 25 39 25 39 39 53 34 58 53 61 65 75 25 58 1 18 18 18 18 18 18 18 35 35 52 31 39 47 39 53 38 47 1 18 18 26 18 23 18 54 26 18 26 54 26 54 18 61 32 31 1 8 8 17 14 25 49 8 25 49 41 57 17 49 33 41 21 41 41 41 8 1 7 7 7 16 13 13 16 7 30 21 13 21 31 7 39 34 7 39 50 1 20 20 41 41 20 20 20 53 58 72 41 20 76 54 53 72 65 67 65 20 74 20 1 16 16 16 16 26 26 33 46 55 26 33 55 26 55 55 55 37 67 47 38 75 67 67 75 1 16 16 20 16 16 25 20 30 34 44 30 ]

LatestStartDayForActivity: [ 1 58 58 58 58 58 58 58 58 58 58 58 58 1 87 87 87 87 87 87 87 87 87 87 87 87 87 87 87 87 87 87 87 87 87 87 87 1 84 84 84 84 84 84 84 84 84 84 84 84 84 84 84 84 84 84 84 84 1 69 69 69 69 69 69 69 69 69 69 69 69 69 69 69 69 69 1 67 67 67 67 67 67 67 67 67 67 67 67 67 67 67 67 67 1 67 67 67 67 67 67 67 67 67 67 67 67 67 67 67 67 67 67 67 67 1 64 64 64 64 64 64 64 64 64 64 64 64 64 64 64 64 64 64 64 1 86 86 86 86 86 86 86 86 86 86 86 86 86 86 86 86 86 86 86 86 86 86 1 86 86 86 86 86 86 86 86 86 86 86 86 86 86 86 86 86 86 86 86 86 86 86 86 1 49 49 49 49 49 49 49 49 49 49 49 ]

EquipmentTypeDemandInActivityWithMode: [
0	0	0	
2	4	2	
0	1	0	
1	3	1	
0	1	0	
0	1	0	
1	3	1	
0	1	0	
1	3	1	
0	1	0	
0	1	0	
1	3	1	
1	3	1	
0	0	0	
0	1	0	
0	1	0	
0	1	0	
0	1	0	
1	3	1	
0	1	0	
0	1	0	
1	3	1	
0	1	0	
0	1	0	
0	1	0	
0	1	0	
0	1	0	
0	1	0	
0	1	0	
1	3	1	
0	1	0	
0	1	0	
1	3	1	
0	1	0	
0	1	0	
1	3	1	
0	1	0	
0	0	0	
0	1	0	
0	1	0	
0	1	0	
0	1	0	
0	1	0	
0	1	0	
1	3	1	
0	1	0	
0	1	0	
0	1	0	
1	3	1	
0	1	0	
0	1	0	
1	3	1	
1	3	1	
0	1	0	
1	3	1	
0	1	0	
0	1	0	
0	1	0	
0	0	0	
0	1	0	
0	1	0	
1	3	1	
0	1	0	
0	1	0	
0	1	0	
0	1	0	
1	3	1	
0	1	0	
1	3	1	
0	1	0	
1	3	1	
1	3	1	
0	1	0	
0	1	0	
1	3	1	
0	1	0	
0	0	0	
0	1	0	
0	1	0	
0	1	0	
0	1	0	
0	1	0	
0	1	0	
1	3	1	
0	1	0	
1	3	1	
0	1	0	
0	1	0	
0	1	0	
0	1	0	
0	1	0	
0	1	0	
0	1	0	
0	1	0	
0	0	0	
0	1	0	
1	3	1	
1	3	1	
0	1	0	
0	1	0	
0	1	0	
1	3	1	
0	1	0	
0	1	0	
0	1	0	
0	1	0	
0	1	0	
0	1	0	
0	1	0	
0	1	0	
1	3	1	
0	1	0	
0	1	0	
1	3	1	
0	1	0	
0	0	0	
0	1	0	
1	3	1	
0	1	0	
1	3	1	
0	1	0	
1	3	1	
1	3	1	
0	1	0	
0	1	0	
0	1	0	
0	1	0	
0	1	0	
0	1	0	
0	1	0	
1	3	1	
0	1	0	
0	1	0	
0	1	0	
0	1	0	
0	0	0	
1	3	1	
0	1	0	
0	1	0	
0	1	0	
0	1	0	
0	1	0	
1	3	1	
0	1	0	
0	1	0	
0	1	0	
2	4	2	
0	1	0	
1	3	1	
0	1	0	
0	1	0	
0	1	0	
1	3	1	
0	1	0	
1	3	1	
0	1	0	
1	3	1	
0	1	0	
0	0	0	
0	1	0	
1	3	1	
0	1	0	
0	1	0	
0	1	0	
1	3	1	
0	1	0	
1	3	1	
0	1	0	
0	1	0	
0	1	0	
0	1	0	
0	1	0	
0	1	0	
0	1	0	
1	3	1	
0	1	0	
0	1	0	
0	1	0	
0	1	0	
0	1	0	
0	1	0	
1	3	1	
0	1	0	
0	0	0	
0	1	0	
0	1	0	
0	1	0	
0	1	0	
0	1	0	
1	3	1	
0	1	0	
0	1	0	
0	1	0	
1	3	1	
0	1	0	

0	0	0	
0	1	0	
0	1	0	
1	3	1	
0	1	0	
1	3	1	
0	1	0	
1	3	1	
0	1	0	
1	3	1	
1	3	1	
0	1	0	
1	3	1	
0	0	0	
1	3	1	
2	4	2	
0	1	0	
1	3	1	
1	3	1	
0	1	0	
0	1	0	
1	3	1	
0	1	0	
0	1	0	
0	1	0	
0	1	0	
0	1	0	
0	1	0	
0	1	0	
0	1	0	
0	1	0	
0	1	0	
0	1	0	
0	1	0	
0	1	0	
1	3	1	
0	1	0	
0	0	0	
0	1	0	
2	4	2	
0	1	0	
0	1	0	
0	1	0	
0	1	0	
0	1	0	
0	1	0	
1	3	1	
0	1	0	
0	1	0	
1	3	1	
0	1	0	
1	3	1	
0	1	0	
0	1	0	
0	1	0	
0	1	0	
0	1	0	
0	1	0	
0	0	0	
1	3	1	
0	1	0	
0	1	0	
0	1	0	
1	3	1	
1	3	1	
0	1	0	
0	1	0	
0	1	0	
1	3	1	
0	1	0	
2	4	2	
0	1	0	
1	3	1	
0	1	0	
0	1	0	
0	1	0	
0	0	0	
0	1	0	
0	1	0	
0	1	0	
0	1	0	
0	1	0	
1	3	1	
0	1	0	
0	1	0	
0	1	0	
1	3	1	
0	1	0	
0	1	0	
0	1	0	
1	3	1	
0	1	0	
0	1	0	
0	1	0	
0	0	0	
0	1	0	
1	3	1	
2	4	2	
0	1	0	
0	1	0	
2	4	2	
2	4	2	
1	3	1	
0	1	0	
0	1	0	
1	3	1	
1	3	1	
2	4	2	
1	3	1	
1	3	1	
0	1	0	
1	3	1	
0	1	0	
0	1	0	
0	1	0	
0	0	0	
1	3	1	
0	1	0	
0	1	0	
0	1	0	
1	3	1	
0	1	0	
0	1	0	
1	3	1	
0	1	0	
1	3	1	
0	1	0	
0	1	0	
0	1	0	
0	1	0	
1	3	1	
1	3	1	
0	1	0	
0	1	0	
1	3	1	
0	0	0	
1	3	1	
0	1	0	
0	1	0	
0	1	0	
1	3	1	
1	3	1	
0	1	0	
0	1	0	
1	3	1	
1	3	1	
0	1	0	
1	3	1	
0	1	0	
0	1	0	
1	3	1	
0	1	0	
1	3	1	
0	1	0	
0	1	0	
1	3	1	
0	1	0	
1	3	1	
0	0	0	
2	4	2	
1	3	1	
0	1	0	
2	4	2	
0	1	0	
0	1	0	
0	1	0	
0	1	0	
2	4	2	
1	3	1	
1	3	1	
1	3	1	
0	1	0	
0	1	0	
1	3	1	
1	3	1	
0	1	0	
1	3	1	
0	1	0	
0	1	0	
0	1	0	
0	1	0	
1	3	1	
1	3	1	
0	0	0	
0	1	0	
0	1	0	
0	1	0	
0	1	0	
0	1	0	
0	1	0	
0	1	0	
0	1	0	
0	1	0	
0	1	0	
0	1	0	

0	0	0	
0	1	0	
0	1	0	
0	1	0	
1	3	1	
0	1	0	
1	3	1	
1	3	1	
0	1	0	
0	1	0	
0	1	0	
1	3	1	
0	1	0	
0	0	0	
0	1	0	
0	1	0	
1	3	1	
0	1	0	
1	3	1	
0	1	0	
1	3	1	
1	3	1	
0	1	0	
1	3	1	
0	1	0	
1	3	1	
1	3	1	
0	1	0	
0	1	0	
0	1	0	
0	1	0	
0	1	0	
1	3	1	
0	1	0	
0	1	0	
0	1	0	
1	3	1	
0	0	0	
0	1	0	
1	3	1	
3	6	2	
0	1	0	
0	1	0	
1	3	1	
0	1	0	
0	1	0	
0	1	0	
1	3	1	
0	1	0	
0	1	0	
2	4	2	
1	3	1	
0	1	0	
0	1	0	
0	1	0	
1	3	1	
0	1	0	
0	1	0	
0	0	0	
1	3	1	
1	3	1	
0	1	0	
0	1	0	
0	1	0	
0	1	0	
1	3	1	
1	3	1	
1	3	1	
1	3	1	
0	1	0	
0	1	0	
0	1	0	
0	1	0	
0	1	0	
0	1	0	
0	1	0	
0	0	0	
1	3	1	
0	1	0	
0	1	0	
0	1	0	
0	1	0	
1	3	1	
1	3	1	
0	1	0	
0	1	0	
1	3	1	
0	1	0	
0	1	0	
1	3	1	
0	1	0	
0	1	0	
1	3	1	
1	3	1	
0	0	0	
0	1	0	
0	1	0	
0	1	0	
1	3	1	
0	1	0	
0	1	0	
0	1	0	
0	1	0	
1	3	1	
0	1	0	
0	1	0	
0	1	0	
1	3	1	
0	1	0	
1	3	1	
1	3	1	
0	1	0	
0	1	0	
1	3	1	
0	1	0	
0	0	0	
1	3	1	
0	1	0	
1	3	1	
0	1	0	
0	1	0	
1	3	1	
1	3	1	
0	1	0	
1	3	1	
0	1	0	
0	1	0	
0	1	0	
0	1	0	
0	1	0	
1	3	1	
0	1	0	
0	1	0	
1	3	1	
0	1	0	
0	0	0	
0	1	0	
1	3	1	
0	1	0	
0	1	0	
0	1	0	
0	1	0	
0	1	0	
0	1	0	
0	1	0	
1	3	1	
0	1	0	
0	1	0	
0	1	0	
0	1	0	
0	1	0	
1	3	1	
0	1	0	
0	1	0	
0	1	0	
0	1	0	
0	1	0	
0	1	0	
0	0	0	
0	1	0	
0	1	0	
0	1	0	
1	3	1	
0	1	0	
1	3	1	
0	1	0	
0	1	0	
0	1	0	
1	3	1	
0	1	0	
1	3	1	
1	3	1	
0	1	0	
1	3	1	
0	1	0	
0	1	0	
0	1	0	
0	1	0	
0	1	0	
0	1	0	
1	3	1	
0	1	0	
0	1	0	
0	0	0	
0	1	0	
0	1	0	
0	1	0	
1	3	1	
0	1	0	
0	1	0	
0	1	0	
0	1	0	
0	1	0	
0	1	0	
0	1	0	

0	0	0	
0	1	0	
1	3	1	
0	1	0	
0	1	0	
0	1	0	
1	3	1	
0	1	0	
0	1	0	
1	3	1	
0	1	0	
0	1	0	
0	1	0	
0	0	0	
0	1	0	
0	1	0	
0	1	0	
0	1	0	
0	1	0	
0	1	0	
0	1	0	
0	1	0	
0	1	0	
0	1	0	
0	1	0	
0	1	0	
1	3	1	
1	3	1	
0	1	0	
0	1	0	
0	1	0	
0	1	0	
0	1	0	
0	1	0	
0	1	0	
0	1	0	
0	1	0	
0	0	0	
1	3	1	
0	1	0	
1	3	1	
0	1	0	
0	1	0	
0	1	0	
1	3	1	
0	1	0	
0	1	0	
0	1	0	
1	3	1	
0	1	0	
0	1	0	
1	3	1	
1	3	1	
0	1	0	
1	3	1	
1	3	1	
1	3	1	
2	4	2	
0	0	0	
1	3	1	
1	3	1	
0	1	0	
1	3	1	
0	1	0	
0	1	0	
0	1	0	
0	1	0	
0	1	0	
1	3	1	
0	1	0	
0	1	0	
0	1	0	
0	1	0	
1	3	1	
1	3	1	
0	1	0	
0	0	0	
1	3	1	
1	3	1	
1	3	1	
0	1	0	
0	1	0	
0	1	0	
0	1	0	
0	1	0	
1	3	1	
1	3	1	
0	1	0	
1	3	1	
1	3	1	
0	1	0	
0	1	0	
1	3	1	
0	1	0	
0	0	0	
0	1	0	
1	3	1	
0	1	0	
0	1	0	
0	1	0	
0	1	0	
2	4	2	
1	3	1	
0	1	0	
0	1	0	
0	1	0	
1	3	1	
0	1	0	
0	1	0	
0	1	0	
0	1	0	
0	1	0	
0	1	0	
0	1	0	
0	1	0	
0	0	0	
0	1	0	
1	3	1	
1	3	1	
0	1	0	
0	1	0	
1	3	1	
0	1	0	
1	3	1	
1	3	1	
0	1	0	
0	1	0	
0	1	0	
0	1	0	
0	1	0	
0	1	0	
0	1	0	
1	3	1	
0	1	0	
0	1	0	
0	0	0	
0	1	0	
0	1	0	
0	1	0	
0	1	0	
0	1	0	
0	1	0	
0	1	0	
0	1	0	
1	3	1	
1	3	1	
1	3	1	
1	3	1	
1	3	1	
0	1	0	
0	1	0	
0	1	0	
0	1	0	
0	1	0	
0	1	0	
0	1	0	
1	3	1	
2	4	2	
0	0	0	
0	1	0	
0	1	0	
0	1	0	
0	1	0	
1	3	1	
0	1	0	
0	1	0	
1	3	1	
0	1	0	
1	3	1	
1	3	1	
0	1	0	
0	1	0	
1	3	1	
0	1	0	
0	1	0	
0	1	0	
1	3	1	
1	3	1	
0	1	0	
1	3	1	
1	3	1	
1	3	1	
0	1	0	
0	0	0	
0	1	0	
0	1	0	
0	1	0	
1	3	1	
0	1	0	
1	3	1	
0	1	0	
1	3	1	
0	1	0	
1	3	1	
0	1	0	

]

ExternalEquipmentRentingCost: [
2010	4871	2684	1584	2951	3458	1597	5096	5488	2708	5241	2396	2951	3734	5721	4143	1746	4790	4747	2309	3483	3936	3966	1965	3819	4982	1936	2058	3821	1677	2406	2293	1316	2990	1100	2091	4399	2279	5940	5461	4542	5498	2931	2413	5530	5806	5068	5413	1720	4232	2196	5151	1706	3730	3605	5394	1278	5402	4044	3189	5646	1904	3096	1579	1505	2589	2959	1859	5880	3447	1009	1139	1534	2812	3459	3794	3123	4055	5072	2370	2380	1889	5551	2646	4153	4321	3617	3365	2080	1682	3609	1341	3029	5464	2408	4991	4805	1249	3773	1995	2258	4996	2572	3407	5648	1007	1838	5363	5495	5671	1946	5374	4202	5184	2153	2263	3122	4593	1805	2293	5216	4770	3932	5256	2407	2649	3279	5987	3626	3299	5819	4021	4009	2761	2844	4095	4511	3604	1161	4860	4784	4266	1450	5347	3709	4840	1854	2358	4543	5283	4962	2898	3184	5484	3198	4322	5897	1337	3620	5751	5202	2738	1960	4109	3438	4038	4229	4571	3332	1009	5270	4008	5775	5429	4960	5179	4938	4075	5452	1310	2715	5080	3267	4519	5219	1254	2932	1846	1399	2532	3039	2117	4483	4679	1118	
1261	4838	5833	1546	5742	4478	5588	1641	1421	3222	1200	4384	2745	3617	3164	1574	2231	5978	3579	4291	4756	3730	3619	1254	1430	4987	4655	4616	3383	4435	1414	5865	1739	4165	1139	1952	1742	2184	2658	1103	2473	5873	1222	1827	4159	2144	4809	4825	1646	2514	4603	3948	5848	3601	1677	1385	5134	5685	5431	5912	5226	5064	4694	1592	4578	5818	4801	5924	3987	3410	2001	4212	2080	1748	2697	3587	3542	2713	1555	2105	2210	1341	1432	5033	2500	5899	3323	3910	1224	4651	3788	1633	5147	4248	5151	3360	2619	4713	4624	3194	5939	5678	3252	2394	3901	3432	1517	3063	1906	3017	2742	3145	2365	3473	1244	3873	3852	5736	4103	2729	1145	3991	4563	5441	1843	3269	5471	5375	5521	4238	4375	3011	3130	2436	2235	2163	3345	4995	4849	2099	5165	2531	5120	5682	3554	5803	2673	2644	3493	3992	4752	2855	5037	2043	5627	4338	5701	4252	2024	2333	1918	5894	5551	1861	3562	1898	4282	3851	3485	2432	2335	5888	2260	1417	2991	4683	2201	5071	1220	2279	1930	1649	2099	5924	1843	1844	3450	1943	3676	2990	2783	1714	1567	5590	2142	
3668	1290	1863	4439	2303	3095	5435	3753	1514	1874	5710	1190	1105	1256	3950	2660	2964	5125	5177	5763	5374	2846	5364	2926	3688	1915	5372	1500	5196	2324	5464	4891	4018	4486	4346	3034	2022	2123	2044	2141	1279	2767	2356	5228	4880	5283	5443	5216	4413	5460	2797	3819	5884	4043	5141	3718	5941	3611	2708	5562	4158	4542	3578	2187	3596	1492	4636	2260	5798	3195	1624	5789	1820	2640	5684	2865	5762	4293	3156	3916	3506	4967	5357	5266	5846	5319	2905	3572	3645	2470	2810	3624	5096	4962	5997	5513	4741	3144	3905	1395	2528	4144	5473	4939	4288	1356	1742	1617	5328	3159	1900	4757	1679	5569	1940	3293	2258	1284	3404	2695	4299	5776	3353	2812	2833	5627	1977	1278	5579	2355	2115	5379	4958	5237	4603	4897	3855	3635	1839	3135	3050	5807	2777	2771	2319	3581	4761	1800	3365	1397	5043	5019	5508	1097	3503	2956	4423	2619	3057	1913	5686	2266	3328	5159	5573	3562	3161	5328	3797	4037	3114	1579	3005	1357	5780	2350	2485	5859	4691	5161	5010	1580	2364	3940	4293	4077	1033	3658	3868	4615	3895	2730	1813	4850	4667	
4539	2962	5414	3664	4430	2777	3497	5388	2154	4476	2480	3013	3130	5850	4049	4580	1432	4875	5409	5026	4090	5369	1862	2124	1246	3296	2280	2936	4220	3010	3838	1837	4761	3463	2420	2801	5688	2509	2837	4041	2721	5117	4913	2457	5264	3946	2379	3553	4556	4488	5384	1155	3003	5932	4443	5271	5829	4011	3068	5053	2628	3688	4930	2825	5593	5710	3639	5047	2342	2750	5474	4861	2484	3719	4125	5895	4286	4563	5189	1507	4940	3093	3093	4772	3116	5881	1608	1364	4493	1254	5166	3037	3968	4677	4210	1893	3923	2163	1129	3531	5563	3150	1075	4687	4356	1815	3294	4119	2967	3524	1288	1697	3071	3754	1097	3748	5830	4347	5030	4780	2145	2746	1921	5944	5110	5436	1029	1635	1978	2983	5660	1248	2734	3461	5879	5284	3142	5994	5170	2333	2069	3476	1439	3112	4052	4680	1186	3525	3938	3680	1013	5115	2373	1747	5834	2793	4102	2570	4385	2780	1510	5211	4593	3978	4976	3594	1820	1644	2413	3165	3512	3275	5661	3321	5187	4656	5466	2685	4433	3661	3043	3863	2216	1294	1057	5951	1482	2097	1704	5774	4689	3566	1050	4984	4117	
]

EquipmentTypeTransportationCost: [
1	5315	4175	5001	4018	1000	5432	4859	5146	1000	
5315	1	5071	5840	4961	5241	4178	4680	5896	5344	
4175	5071	1	5337	3269	4106	5300	4266	5234	4010	
5001	5840	5337	1	5299	5088	6055	5356	3035	5075	
4018	4961	3269	5299	1	4102	5336	4211	5137	4018	
1000	5241	4106	5088	4102	1	5492	4704	5019	1000	
5432	4178	5300	6055	5336	5492	1	5083	6116	5416	
4859	4680	4266	5356	4211	4704	5083	1	5470	4774	
5146	5896	5234	3035	5137	5019	6116	5470	1	5101	
1000	5344	4010	5075	4018	1000	5416	4774	5101	1	

1	4336	3445	4169	3463	1000	4522	3960	4138	1000	
4336	1	4117	4850	4099	4280	3450	3900	4832	4325	
3445	4117	1	4320	2795	3458	4281	3534	4455	3456	
4169	4850	4320	1	4291	4166	4893	4492	2574	4122	
3463	4099	2795	4291	1	3483	4288	3489	4290	3431	
1000	4280	3458	4166	3483	1	4574	3954	4213	1000	
4522	3450	4281	4893	4288	4574	1	4259	4936	4453	
3960	3900	3534	4492	3489	3954	4259	1	4504	3925	
4138	4832	4455	2574	4290	4213	4936	4504	1	4154	
1000	4325	3456	4122	3431	1000	4453	3925	4154	1	

1	4797	3737	4628	3730	1000	4847	4426	4600	1000	
4797	1	4535	5449	4612	4886	3792	4351	5371	4718	
3737	4535	1	4885	3019	3801	4843	3891	4831	3814	
4628	5449	4885	1	4717	4623	5589	4986	2757	4658	
3730	4612	3019	4717	1	3734	4929	3913	4754	3746	
1000	4886	3801	4623	3734	1	4945	4456	4632	1000	
4847	3792	4843	5589	4929	4945	1	4587	5589	4948	
4426	4351	3891	4986	3913	4456	4587	1	5071	4341	
4600	5371	4831	2757	4754	4632	5589	5071	1	4621	
1000	4718	3814	4658	3746	1000	4948	4341	4621	1	

1	4430	3471	4210	3446	1000	4578	4024	4329	1000	
4430	1	4088	4850	4120	4371	3476	4026	4893	4319	
3471	4088	1	4432	2821	3518	4347	3626	4422	3465	
4210	4850	4432	1	4314	4193	4979	4572	2645	4203	
3446	4120	2821	4314	1	3484	4423	3590	4418	3500	
1000	4371	3518	4193	3484	1	4605	4003	4268	1000	
4578	3476	4347	4979	4423	4605	1	4166	4999	4563	
4024	4026	3626	4572	3590	4003	4166	1	4511	4099	
4329	4893	4422	2645	4418	4268	4999	4511	1	4283	
1000	4319	3465	4203	3500	1000	4563	4099	4283	1	

]

TransportationTimeForEquipmentTypeBetweenProjects: [
1	4	1	4	1	1	6	4	4	1	
4	1	4	6	4	4	1	1	9	4	
1	4	1	4	1	1	4	1	4	1	
4	6	4	1	4	4	9	6	1	4	
1	4	1	4	1	1	4	1	4	1	
1	4	1	4	1	1	6	4	4	1	
6	1	4	9	4	6	1	4	9	6	
4	1	1	6	1	4	4	1	6	4	
4	9	4	1	4	4	9	6	1	4	
1	4	1	4	1	1	6	4	4	1	

1	3	1	3	1	1	5	3	3	1	
3	1	3	5	3	3	1	1	8	3	
1	3	1	3	1	1	3	1	3	1	
3	5	3	1	3	3	8	5	1	3	
1	3	1	3	1	1	3	1	3	1	
1	3	1	3	1	1	5	3	3	1	
5	1	3	8	3	5	1	3	8	5	
3	1	1	5	1	3	3	1	5	3	
3	8	3	1	3	3	8	5	1	3	
1	3	1	3	1	1	5	3	3	1	

1	3	1	3	1	1	6	3	3	1	
3	1	3	6	3	3	1	1	8	3	
1	3	1	3	1	1	3	1	3	1	
3	6	3	1	3	3	8	6	1	3	
1	3	1	3	1	1	3	1	3	1	
1	3	1	3	1	1	6	3	3	1	
6	1	3	8	3	6	1	3	8	6	
3	1	1	6	1	3	3	1	6	3	
3	8	3	1	3	3	8	6	1	3	
1	3	1	3	1	1	6	3	3	1	

1	3	1	3	1	1	5	3	3	1	
3	1	3	5	3	3	1	1	7	3	
1	3	1	3	1	1	3	1	3	1	
3	5	3	1	3	3	7	5	1	3	
1	3	1	3	1	1	3	1	3	1	
1	3	1	3	1	1	5	3	3	1	
5	1	3	7	3	5	1	3	7	5	
3	1	1	5	1	3	3	1	5	3	
3	7	3	1	3	3	7	5	1	3	
1	3	1	3	1	1	5	3	3	1	

]

TotalNumberOfInitialEquipmentTypeLocation: [
(1 1) 1 (1 38) 1 (1 95) 1 
(2 1) 1 (2 77) 1 (2 95) 2 (2 116) 2 
(3 14) 2 (3 38) 1 (3 59) 1 (3 77) 1 
(4 1) 1 (4 14) 1 (4 38) 1 (4 59) 1 (4 95) 1 (4 184) 1 
]

DepotActivities: [ 1 14 38 59 77 95 116 136 159 184 ]

MaximalStintCliques: [
[ 4 11 18 25 32 39 46 33 5 71 40 12 47 26 58 19 84 ]
[ 4 11 18 25 32 39 46 10 38 57 83 70 ]
[ 4 11 18 25 32 39 46 10 38 3 69 45 17 82 56 31 24 ]
[ 5 12 19 26 33 40 47 34 6 41 73 13 48 60 27 20 86 ]
[ 5 12 19 26 33 40 47 11 39 59 85 72 ]
[ 6 13 20 27 34 41 48 35 7 42 75 14 49 28 21 62 88 ]
[ 6 13 20 27 34 41 48 12 40 74 61 87 ]
[ 9 37 81 3 68 38 10 45 17 55 31 24 ]
[ 9 37 2 16 23 30 44 3 67 38 10 45 80 17 54 31 24 ]
[ 9 37 2 16 23 30 44 8 36 1 65 43 78 52 29 22 15 ]
[ 9 37 2 16 23 30 44 8 36 66 53 79 ]
[ 50 1 36 8 43 76 63 29 22 15 ]
[ 51 1 36 8 43 77 29 22 15 64 ]
]
