nEmployees: 30
nSkills: 2
nProjects: 10
nDays: 180
nActivities: 360
nEquipmentTypes: 4
nStints: 182
nMaxModes: 2
nStintCliques: 26

EmployeeInStintCost: [
29156 29156 29156 29156 29156 29156 29156 29156 29156 29156 29156 29156 23540 19917 19917 19917 19917 19917 19917 19917 19917 19917 19917 19917 19917 19917 19917 19917 19917 19917 19917 19917 19917 19917 19917 19917 19917 19917 18669 31968 31968 31968 31968 31968 31968 31968 31968 31968 31968 31968 31968 26352 10525 10525 10525 10525 10525 10525 10525 10525 10525 10525 10525 10525 10525 10525 10525 10525 10525 10525 10525 10525 10525 10525 10525 10525 10525 9277 14194 14194 14194 14194 14194 14194 14194 14194 14194 14194 14194 14194 14194 14194 14194 14194 14194 14194 14194 14194 14194 14194 14194 14194 14194 12946 35204 35204 35204 35204 35204 35204 35204 35204 35204 35204 35204 33956 23384 30656 30656 30656 30656 30656 30656 30656 30656 30656 30656 30656 30656 25040 25116 25116 25116 25116 25116 25116 25116 25116 25116 25116 25116 25116 19500 23670 23670 23670 23670 23670 23670 23670 23670 23670 23670 23670 23670 23670 23670 23670 23670 23670 23670 23670 23670 23670 23670 23670 23670 23670 22422 40498 40498 40498 40498 40498 40498 40498 40498 40498 40498 40498 39250 27948 
33652 33652 33652 33652 33652 33652 33652 33652 33652 33652 33652 33652 27604 16381 16381 16381 16381 16381 16381 16381 16381 16381 16381 16381 16381 16381 16381 16381 16381 16381 16381 16381 16381 16381 16381 16381 16381 16381 15037 28992 28992 28992 28992 28992 28992 28992 28992 28992 28992 28992 28992 22944 10149 10149 10149 10149 10149 10149 10149 10149 10149 10149 10149 10149 10149 10149 10149 10149 10149 10149 10149 10149 10149 10149 10149 10149 10149 8805 10946 10946 10946 10946 10946 10946 10946 10946 10946 10946 10946 10946 10946 10946 10946 10946 10946 10946 10946 10946 10946 10946 10946 10946 10946 9602 32916 32916 32916 32916 32916 32916 32916 32916 32916 32916 32916 31572 20328 35152 35152 35152 35152 35152 35152 35152 35152 35152 35152 35152 35152 29104 25412 25412 25412 25412 25412 25412 25412 25412 25412 25412 25412 25412 19364 20142 20142 20142 20142 20142 20142 20142 20142 20142 20142 20142 20142 20142 20142 20142 20142 20142 20142 20142 20142 20142 20142 20142 20142 20142 18798 37858 37858 37858 37858 37858 37858 37858 37858 37858 37858 37858 36514 24540 
35524 35524 35524 35524 35524 35524 35524 35524 35524 35524 35524 35524 29422 14689 14689 14689 14689 14689 14689 14689 14689 14689 14689 14689 14689 14689 14689 14689 14689 14689 14689 14689 14689 14689 14689 14689 14689 14689 13333 13560 13560 13560 13560 13560 13560 13560 13560 13560 13560 13560 13560 7458 11585 11585 11585 11585 11585 11585 11585 11585 11585 11585 11585 11585 11585 11585 11585 11585 11585 11585 11585 11585 11585 11585 11585 11585 11585 10229 9686 9686 9686 9686 9686 9686 9686 9686 9686 9686 9686 9686 9686 9686 9686 9686 9686 9686 9686 9686 9686 9686 9686 9686 9686 8330 23746 23746 23746 23746 23746 23746 23746 23746 23746 23746 23746 22390 12898 37024 37024 37024 37024 37024 37024 37024 37024 37024 37024 37024 37024 30922 26932 26932 26932 26932 26932 26932 26932 26932 26932 26932 26932 26932 20830 18442 18442 18442 18442 18442 18442 18442 18442 18442 18442 18442 18442 18442 18442 18442 18442 18442 18442 18442 18442 18442 18442 18442 18442 18442 17086 18306 18306 18306 18306 18306 18306 18306 18306 18306 18306 18306 16950 7458 
14520 14520 14520 14520 14520 14520 14520 14520 14520 14520 14520 14520 9012 21037 21037 21037 21037 21037 21037 21037 21037 21037 21037 21037 21037 21037 21037 21037 21037 21037 21037 21037 21037 21037 21037 21037 21037 21037 19813 32848 32848 32848 32848 32848 32848 32848 32848 32848 32848 32848 32848 27340 11717 11717 11717 11717 11717 11717 11717 11717 11717 11717 11717 11717 11717 11717 11717 11717 11717 11717 11717 11717 11717 11717 11717 11717 11717 10493 15346 15346 15346 15346 15346 15346 15346 15346 15346 15346 15346 15346 15346 15346 15346 15346 15346 15346 15346 15346 15346 15346 15346 15346 15346 14122 36080 36080 36080 36080 36080 36080 36080 36080 36080 36080 36080 34856 24452 14520 14520 14520 14520 14520 14520 14520 14520 14520 14520 14520 14520 9012 26140 26140 26140 26140 26140 26140 26140 26140 26140 26140 26140 26140 20632 24790 24790 24790 24790 24790 24790 24790 24790 24790 24790 24790 24790 24790 24790 24790 24790 24790 24790 24790 24790 24790 24790 24790 24790 24790 23566 41294 41294 41294 41294 41294 41294 41294 41294 41294 41294 41294 40070 28936 
40188 40188 40188 40188 40188 40188 40188 40188 40188 40188 40188 40188 34086 9468 9468 9468 9468 9468 9468 9468 9468 9468 9468 9468 9468 9468 9468 9468 9468 9468 9468 9468 9468 9468 9468 9468 9468 9468 8112 32200 32200 32200 32200 32200 32200 32200 32200 32200 32200 32200 32200 26098 15665 15665 15665 15665 15665 15665 15665 15665 15665 15665 15665 15665 15665 15665 15665 15665 15665 15665 15665 15665 15665 15665 15665 15665 15665 14309 11430 11430 11430 11430 11430 11430 11430 11430 11430 11430 11430 11430 11430 11430 11430 11430 11430 11430 11430 11430 11430 11430 11430 11430 11430 10074 35854 35854 35854 35854 35854 35854 35854 35854 35854 35854 35854 34498 23170 41688 41688 41688 41688 41688 41688 41688 41688 41688 41688 41688 41688 35586 31012 31012 31012 31012 31012 31012 31012 31012 31012 31012 31012 31012 24910 13882 13882 13882 13882 13882 13882 13882 13882 13882 13882 13882 13882 13882 13882 13882 13882 13882 13882 13882 13882 13882 13882 13882 13882 13882 12526 41108 41108 41108 41108 41108 41108 41108 41108 41108 41108 41108 39752 27694 
34308 34308 34308 34308 34308 34308 34308 34308 34308 34308 34308 34308 28746 14313 14313 14313 14313 14313 14313 14313 14313 14313 14313 14313 14313 14313 14313 14313 14313 14313 14313 14313 14313 14313 14313 14313 14313 14313 13077 15600 15600 15600 15600 15600 15600 15600 15600 15600 15600 15600 15600 10038 10905 10905 10905 10905 10905 10905 10905 10905 10905 10905 10905 10905 10905 10905 10905 10905 10905 10905 10905 10905 10905 10905 10905 10905 10905 9669 8870 8870 8870 8870 8870 8870 8870 8870 8870 8870 8870 8870 8870 8870 8870 8870 8870 8870 8870 8870 8870 8870 8870 8870 8870 7634 18886 18886 18886 18886 18886 18886 18886 18886 18886 18886 18886 17650 8998 35808 35808 35808 35808 35808 35808 35808 35808 35808 35808 35808 35808 30246 25412 25412 25412 25412 25412 25412 25412 25412 25412 25412 25412 25412 19850 18066 18066 18066 18066 18066 18066 18066 18066 18066 18066 18066 18066 18066 18066 18066 18066 18066 18066 18066 18066 18066 18066 18066 18066 18066 16830 19926 19926 19926 19926 19926 19926 19926 19926 19926 19926 19926 18690 10038 
15240 15240 15240 15240 15240 15240 15240 15240 15240 15240 15240 15240 9408 21253 21253 21253 21253 21253 21253 21253 21253 21253 21253 21253 21253 21253 21253 21253 21253 21253 21253 21253 21253 21253 21253 21253 21253 21253 19957 33568 33568 33568 33568 33568 33568 33568 33568 33568 33568 33568 33568 27736 11933 11933 11933 11933 11933 11933 11933 11933 11933 11933 11933 11933 11933 11933 11933 11933 11933 11933 11933 11933 11933 11933 11933 11933 11933 10637 15562 15562 15562 15562 15562 15562 15562 15562 15562 15562 15562 15562 15562 15562 15562 15562 15562 15562 15562 15562 15562 15562 15562 15562 15562 14266 37052 37052 37052 37052 37052 37052 37052 37052 37052 37052 37052 35756 24848 15240 15240 15240 15240 15240 15240 15240 15240 15240 15240 15240 15240 9408 26860 26860 26860 26860 26860 26860 26860 26860 26860 26860 26860 26860 21028 25006 25006 25006 25006 25006 25006 25006 25006 25006 25006 25006 25006 25006 25006 25006 25006 25006 25006 25006 25006 25006 25006 25006 25006 25006 23710 42266 42266 42266 42266 42266 42266 42266 42266 42266 42266 42266 40970 29332 
39916 39916 39916 39916 39916 39916 39916 39916 39916 39916 39916 39916 34570 7764 7764 7764 7764 7764 7764 7764 7764 7764 7764 7764 7764 7764 7764 7764 7764 7764 7764 7764 7764 7764 7764 7764 7764 7764 6576 31808 31808 31808 31808 31808 31808 31808 31808 31808 31808 31808 31808 26462 16665 16665 16665 16665 16665 16665 16665 16665 16665 16665 16665 16665 16665 16665 16665 16665 16665 16665 16665 16665 16665 16665 16665 16665 16665 15477 12414 12414 12414 12414 12414 12414 12414 12414 12414 12414 12414 12414 12414 12414 12414 12414 12414 12414 12414 12414 12414 12414 12414 12414 12414 11226 35034 35034 35034 35034 35034 35034 35034 35034 35034 35034 35034 33846 23694 41416 41416 41416 41416 41416 41416 41416 41416 41416 41416 41416 41416 36070 30836 30836 30836 30836 30836 30836 30836 30836 30836 30836 30836 30836 25490 11842 11842 11842 11842 11842 11842 11842 11842 11842 11842 11842 11842 11842 11842 11842 11842 11842 11842 11842 11842 11842 11842 11842 11842 11842 10654 40128 40128 40128 40128 40128 40128 40128 40128 40128 40128 40128 38940 28058 
15480 15480 15480 15480 15480 15480 15480 15480 15480 15480 15480 15480 9540 21325 21325 21325 21325 21325 21325 21325 21325 21325 21325 21325 21325 21325 21325 21325 21325 21325 21325 21325 21325 21325 21325 21325 21325 21325 20005 33808 33808 33808 33808 33808 33808 33808 33808 33808 33808 33808 33808 27868 12005 12005 12005 12005 12005 12005 12005 12005 12005 12005 12005 12005 12005 12005 12005 12005 12005 12005 12005 12005 12005 12005 12005 12005 12005 10685 15634 15634 15634 15634 15634 15634 15634 15634 15634 15634 15634 15634 15634 15634 15634 15634 15634 15634 15634 15634 15634 15634 15634 15634 15634 14314 37376 37376 37376 37376 37376 37376 37376 37376 37376 37376 37376 36056 24980 15480 15480 15480 15480 15480 15480 15480 15480 15480 15480 15480 15480 9540 27100 27100 27100 27100 27100 27100 27100 27100 27100 27100 27100 27100 21160 25078 25078 25078 25078 25078 25078 25078 25078 25078 25078 25078 25078 25078 25078 25078 25078 25078 25078 25078 25078 25078 25078 25078 25078 25078 23758 42590 42590 42590 42590 42590 42590 42590 42590 42590 42590 42590 41270 29464 
39340 39340 39340 39340 39340 39340 39340 39340 39340 39340 39340 39340 33832 6232 6232 6232 6232 6232 6232 6232 6232 6232 6232 6232 6232 6232 6232 6232 6232 6232 6232 6232 6232 6232 6232 6232 6232 6232 5008 31272 31272 31272 31272 31272 31272 31272 31272 31272 31272 31272 31272 25764 15805 15805 15805 15805 15805 15805 15805 15805 15805 15805 15805 15805 15805 15805 15805 15805 15805 15805 15805 15805 15805 15805 15805 15805 15805 14581 11554 11554 11554 11554 11554 11554 11554 11554 11554 11554 11554 11554 11554 11554 11554 11554 11554 11554 11554 11554 11554 11554 11554 11554 11554 10330 34568 34568 34568 34568 34568 34568 34568 34568 34568 34568 34568 33344 22940 40840 40840 40840 40840 40840 40840 40840 40840 40840 40840 40840 40840 35332 30228 30228 30228 30228 30228 30228 30228 30228 30228 30228 30228 30228 24720 12918 12918 12918 12918 12918 12918 12918 12918 12918 12918 12918 12918 12918 12918 12918 12918 12918 12918 12918 12918 12918 12918 12918 12918 12918 11694 39718 39718 39718 39718 39718 39718 39718 39718 39718 39718 39718 38494 27360 
37404 37404 37404 37404 37404 37404 37404 37404 37404 37404 37404 37404 31410 12457 12457 12457 12457 12457 12457 12457 12457 12457 12457 12457 12457 12457 12457 12457 12457 12457 12457 12457 12457 12457 12457 12457 12457 12457 11125 29304 29304 29304 29304 29304 29304 29304 29304 29304 29304 29304 29304 23310 13273 13273 13273 13273 13273 13273 13273 13273 13273 13273 13273 13273 13273 13273 13273 13273 13273 13273 13273 13273 13273 13273 13273 13273 13273 11941 9238 9238 9238 9238 9238 9238 9238 9238 9238 9238 9238 9238 9238 9238 9238 9238 9238 9238 9238 9238 9238 9238 9238 9238 9238 7906 33106 33106 33106 33106 33106 33106 33106 33106 33106 33106 33106 31774 20614 38904 38904 38904 38904 38904 38904 38904 38904 38904 38904 38904 38904 32910 28452 28452 28452 28452 28452 28452 28452 28452 28452 28452 28452 28452 22458 16210 16210 16210 16210 16210 16210 16210 16210 16210 16210 16210 16210 16210 16210 16210 16210 16210 16210 16210 16210 16210 16210 16210 16210 16210 14878 38128 38128 38128 38128 38128 38128 38128 38128 38128 38128 38128 36796 24906 
33492 33492 33492 33492 33492 33492 33492 33492 33492 33492 33492 33492 28038 14945 14945 14945 14945 14945 14945 14945 14945 14945 14945 14945 14945 14945 14945 14945 14945 14945 14945 14945 14945 14945 14945 14945 14945 14945 13733 27448 27448 27448 27448 27448 27448 27448 27448 27448 27448 27448 27448 21994 9985 9985 9985 9985 9985 9985 9985 9985 9985 9985 9985 9985 9985 9985 9985 9985 9985 9985 9985 9985 9985 9985 9985 9985 9985 8773 9182 9182 9182 9182 9182 9182 9182 9182 9182 9182 9182 9182 9182 9182 9182 9182 9182 9182 9182 9182 9182 9182 9182 9182 9182 7970 19682 19682 19682 19682 19682 19682 19682 19682 19682 19682 19682 18470 9986 34992 34992 34992 34992 34992 34992 34992 34992 34992 34992 34992 34992 29538 24324 24324 24324 24324 24324 24324 24324 24324 24324 24324 24324 24324 18870 18682 18682 18682 18682 18682 18682 18682 18682 18682 18682 18682 18682 18682 18682 18682 18682 18682 18682 18682 18682 18682 18682 18682 18682 18682 17470 35852 35852 35852 35852 35852 35852 35852 35852 35852 35852 35852 34640 23590 
37012 37012 37012 37012 37012 37012 37012 37012 37012 37012 37012 37012 30748 13637 13637 13637 13637 13637 13637 13637 13637 13637 13637 13637 13637 13637 13637 13637 13637 13637 13637 13637 13637 13637 13637 13637 13637 13637 12245 19800 19800 19800 19800 19800 19800 19800 19800 19800 19800 19800 19800 13536 12565 12565 12565 12565 12565 12565 12565 12565 12565 12565 12565 12565 12565 12565 12565 12565 12565 12565 12565 12565 12565 12565 12565 12565 12565 11173 9896 9896 9896 9896 9896 9896 9896 9896 9896 9896 9896 9896 9896 9896 9896 9896 9896 9896 9896 9896 9896 9896 9896 9896 9896 8504 33068 33068 33068 33068 33068 33068 33068 33068 33068 33068 33068 31676 20096 38512 38512 38512 38512 38512 38512 38512 38512 38512 38512 38512 38512 32248 28164 28164 28164 28164 28164 28164 28164 28164 28164 28164 28164 28164 21900 17398 17398 17398 17398 17398 17398 17398 17398 17398 17398 17398 17398 17398 17398 17398 17398 17398 17398 17398 17398 17398 17398 17398 17398 17398 16006 24672 24672 24672 24672 24672 24672 24672 24672 24672 24672 24672 23280 13536 
35012 35012 35012 35012 35012 35012 35012 35012 35012 35012 35012 35012 29126 14601 14601 14601 14601 14601 14601 14601 14601 14601 14601 14601 14601 14601 14601 14601 14601 14601 14601 14601 14601 14601 14601 14601 14601 14601 13293 18520 18520 18520 18520 18520 18520 18520 18520 18520 18520 18520 18520 12634 10929 10929 10929 10929 10929 10929 10929 10929 10929 10929 10929 10929 10929 10929 10929 10929 10929 10929 10929 10929 10929 10929 10929 10929 10929 9621 9884 9884 9884 9884 9884 9884 9884 9884 9884 9884 9884 9884 9884 9884 9884 9884 9884 9884 9884 9884 9884 9884 9884 9884 9884 8576 17658 17658 17658 17658 17658 17658 17658 17658 17658 17658 17658 16350 7194 36512 36512 36512 36512 36512 36512 36512 36512 36512 36512 36512 36512 30626 25940 25940 25940 25940 25940 25940 25940 25940 25940 25940 25940 25940 20054 18346 18346 18346 18346 18346 18346 18346 18346 18346 18346 18346 18346 18346 18346 18346 18346 18346 18346 18346 18346 18346 18346 18346 18346 18346 17038 23098 23098 23098 23098 23098 23098 23098 23098 23098 23098 23098 21790 12634 
39084 39084 39084 39084 39084 39084 39084 39084 39084 39084 39084 39084 33198 10609 10609 10609 10609 10609 10609 10609 10609 10609 10609 10609 10609 10609 10609 10609 10609 10609 10609 10609 10609 10609 10609 10609 10609 10609 9301 30920 30920 30920 30920 30920 30920 30920 30920 30920 30920 30920 30920 25034 15185 15185 15185 15185 15185 15185 15185 15185 15185 15185 15185 15185 15185 15185 15185 15185 15185 15185 15185 15185 15185 15185 15185 15185 15185 13877 11054 11054 11054 11054 11054 11054 11054 11054 11054 11054 11054 11054 11054 11054 11054 11054 11054 11054 11054 11054 11054 11054 11054 11054 11054 9746 34758 34758 34758 34758 34758 34758 34758 34758 34758 34758 34758 33450 22458 40584 40584 40584 40584 40584 40584 40584 40584 40584 40584 40584 40584 34698 30196 30196 30196 30196 30196 30196 30196 30196 30196 30196 30196 30196 24310 14298 14298 14298 14298 14298 14298 14298 14298 14298 14298 14298 14298 14298 14298 14298 14298 14298 14298 14298 14298 14298 14298 14298 14298 14298 12990 39660 39660 39660 39660 39660 39660 39660 39660 39660 39660 39660 38352 26630 
15480 15480 15480 15480 15480 15480 15480 15480 15480 15480 15480 15480 9540 21325 21325 21325 21325 21325 21325 21325 21325 21325 21325 21325 21325 21325 21325 21325 21325 21325 21325 21325 21325 21325 21325 21325 21325 21325 20005 33808 33808 33808 33808 33808 33808 33808 33808 33808 33808 33808 33808 27868 12005 12005 12005 12005 12005 12005 12005 12005 12005 12005 12005 12005 12005 12005 12005 12005 12005 12005 12005 12005 12005 12005 12005 12005 12005 10685 15634 15634 15634 15634 15634 15634 15634 15634 15634 15634 15634 15634 15634 15634 15634 15634 15634 15634 15634 15634 15634 15634 15634 15634 15634 14314 37376 37376 37376 37376 37376 37376 37376 37376 37376 37376 37376 36056 24980 15480 15480 15480 15480 15480 15480 15480 15480 15480 15480 15480 15480 9540 27100 27100 27100 27100 27100 27100 27100 27100 27100 27100 27100 27100 21160 25078 25078 25078 25078 25078 25078 25078 25078 25078 25078 25078 25078 25078 25078 25078 25078 25078 25078 25078 25078 25078 25078 25078 25078 25078 23758 42590 42590 42590 42590 42590 42590 42590 42590 42590 42590 42590 41270 29464 
39564 39564 39564 39564 39564 39564 39564 39564 39564 39564 39564 39564 33462 10753 10753 10753 10753 10753 10753 10753 10753 10753 10753 10753 10753 10753 10753 10753 10753 10753 10753 10753 10753 10753 10753 10753 10753 10753 9397 31400 31400 31400 31400 31400 31400 31400 31400 31400 31400 31400 31400 25298 15329 15329 15329 15329 15329 15329 15329 15329 15329 15329 15329 15329 15329 15329 15329 15329 15329 15329 15329 15329 15329 15329 15329 15329 15329 13973 11198 11198 11198 11198 11198 11198 11198 11198 11198 11198 11198 11198 11198 11198 11198 11198 11198 11198 11198 11198 11198 11198 11198 11198 11198 9842 35406 35406 35406 35406 35406 35406 35406 35406 35406 35406 35406 34050 22722 41064 41064 41064 41064 41064 41064 41064 41064 41064 41064 41064 41064 34962 30676 30676 30676 30676 30676 30676 30676 30676 30676 30676 30676 30676 24574 14442 14442 14442 14442 14442 14442 14442 14442 14442 14442 14442 14442 14442 14442 14442 14442 14442 14442 14442 14442 14442 14442 14442 14442 14442 13086 40308 40308 40308 40308 40308 40308 40308 40308 40308 40308 40308 38952 26894 
39948 39948 39948 39948 39948 39948 39948 39948 39948 39948 39948 39948 34224 3816 3816 3816 3816 3816 3816 3816 3816 3816 3816 3816 3816 3816 3816 3816 3816 3816 3816 3816 3816 3816 3816 3816 3816 3816 2544 31816 31816 31816 31816 31816 31816 31816 31816 31816 31816 31816 31816 26092 16149 16149 16149 16149 16149 16149 16149 16149 16149 16149 16149 16149 16149 16149 16149 16149 16149 16149 16149 16149 16149 16149 16149 16149 16149 14877 11914 11914 11914 11914 11914 11914 11914 11914 11914 11914 11914 11914 11914 11914 11914 11914 11914 11914 11914 11914 11914 11914 11914 11914 11914 10642 35376 35376 35376 35376 35376 35376 35376 35376 35376 35376 35376 34104 23364 41448 41448 41448 41448 41448 41448 41448 41448 41448 41448 41448 41448 35724 30908 30908 30908 30908 30908 30908 30908 30908 30908 30908 30908 30908 25184 12894 12894 12894 12894 12894 12894 12894 12894 12894 12894 12894 12894 12894 12894 12894 12894 12894 12894 12894 12894 12894 12894 12894 12894 12894 11622 40430 40430 40430 40430 40430 40430 40430 40430 40430 40430 40430 39158 27688 
13320 13320 13320 13320 13320 13320 13320 13320 13320 13320 13320 13320 7326 21177 21177 21177 21177 21177 21177 21177 21177 21177 21177 21177 21177 21177 21177 21177 21177 21177 21177 21177 21177 21177 21177 21177 21177 21177 19845 33712 33712 33712 33712 33712 33712 33712 33712 33712 33712 33712 33712 27718 12009 12009 12009 12009 12009 12009 12009 12009 12009 12009 12009 12009 12009 12009 12009 12009 12009 12009 12009 12009 12009 12009 12009 12009 12009 10677 15542 15542 15542 15542 15542 15542 15542 15542 15542 15542 15542 15542 15542 15542 15542 15542 15542 15542 15542 15542 15542 15542 15542 15542 15542 14210 37394 37394 37394 37394 37394 37394 37394 37394 37394 37394 37394 36062 24902 13320 13320 13320 13320 13320 13320 13320 13320 13320 13320 13320 13320 7326 27188 27188 27188 27188 27188 27188 27188 27188 27188 27188 27188 27188 21194 24930 24930 24930 24930 24930 24930 24930 24930 24930 24930 24930 24930 24930 24930 24930 24930 24930 24930 24930 24930 24930 24930 24930 24930 24930 23598 42536 42536 42536 42536 42536 42536 42536 42536 42536 42536 42536 41204 29314 
32540 32540 32540 32540 32540 32540 32540 32540 32540 32540 32540 32540 26600 17573 17573 17573 17573 17573 17573 17573 17573 17573 17573 17573 17573 17573 17573 17573 17573 17573 17573 17573 17573 17573 17573 17573 17573 17573 16253 30472 30472 30472 30472 30472 30472 30472 30472 30472 30472 30472 30472 24532 3960 3960 3960 3960 3960 3960 3960 3960 3960 3960 3960 3960 3960 3960 3960 3960 3960 3960 3960 3960 3960 3960 3960 3960 3960 2640 11778 11778 11778 11778 11778 11778 11778 11778 11778 11778 11778 11778 11778 11778 11778 11778 11778 11778 11778 11778 11778 11778 11778 11778 11778 10458 33632 33632 33632 33632 33632 33632 33632 33632 33632 33632 33632 32312 21236 34040 34040 34040 34040 34040 34040 34040 34040 34040 34040 34040 34040 28100 13200 13200 13200 13200 13200 13200 13200 13200 13200 13200 13200 13200 7260 21294 21294 21294 21294 21294 21294 21294 21294 21294 21294 21294 21294 21294 21294 21294 21294 21294 21294 21294 21294 21294 21294 21294 21294 21294 19974 39254 39254 39254 39254 39254 39254 39254 39254 39254 39254 39254 37934 26128 
34292 34292 34292 34292 34292 34292 34292 34292 34292 34292 34292 34292 28730 14385 14385 14385 14385 14385 14385 14385 14385 14385 14385 14385 14385 14385 14385 14385 14385 14385 14385 14385 14385 14385 14385 14385 14385 14385 13149 17800 17800 17800 17800 17800 17800 17800 17800 17800 17800 17800 17800 12238 10713 10713 10713 10713 10713 10713 10713 10713 10713 10713 10713 10713 10713 10713 10713 10713 10713 10713 10713 10713 10713 10713 10713 10713 10713 9477 9668 9668 9668 9668 9668 9668 9668 9668 9668 9668 9668 9668 9668 9668 9668 9668 9668 9668 9668 9668 9668 9668 9668 9668 9668 8432 16686 16686 16686 16686 16686 16686 16686 16686 16686 16686 16686 15450 6798 35792 35792 35792 35792 35792 35792 35792 35792 35792 35792 35792 35792 30230 25220 25220 25220 25220 25220 25220 25220 25220 25220 25220 25220 25220 19658 18130 18130 18130 18130 18130 18130 18130 18130 18130 18130 18130 18130 18130 18130 18130 18130 18130 18130 18130 18130 18130 18130 18130 18130 18130 16894 22126 22126 22126 22126 22126 22126 22126 22126 22126 22126 22126 20890 12238 
37716 37716 37716 37716 37716 37716 37716 37716 37716 37716 37716 37716 32046 11233 11233 11233 11233 11233 11233 11233 11233 11233 11233 11233 11233 11233 11233 11233 11233 11233 11233 11233 11233 11233 11233 11233 11233 11233 9973 29560 29560 29560 29560 29560 29560 29560 29560 29560 29560 29560 29560 23890 14113 14113 14113 14113 14113 14113 14113 14113 14113 14113 14113 14113 14113 14113 14113 14113 14113 14113 14113 14113 14113 14113 14113 14113 14113 12853 10006 10006 10006 10006 10006 10006 10006 10006 10006 10006 10006 10006 10006 10006 10006 10006 10006 10006 10006 10006 10006 10006 10006 10006 10006 8746 33190 33190 33190 33190 33190 33190 33190 33190 33190 33190 33190 31930 21274 39216 39216 39216 39216 39216 39216 39216 39216 39216 39216 39216 39216 33546 28788 28788 28788 28788 28788 28788 28788 28788 28788 28788 28788 28788 23118 14986 14986 14986 14986 14986 14986 14986 14986 14986 14986 14986 14986 14986 14986 14986 14986 14986 14986 14986 14986 14986 14986 14986 14986 14986 13726 38132 38132 38132 38132 38132 38132 38132 38132 38132 38132 38132 36872 25486 
41876 41876 41876 41876 41876 41876 41876 41876 41876 41876 41876 41876 36368 11405 11405 11405 11405 11405 11405 11405 11405 11405 11405 11405 11405 11405 11405 11405 11405 11405 11405 11405 11405 11405 11405 11405 11405 11405 10181 33744 33744 33744 33744 33744 33744 33744 33744 33744 33744 33744 33744 28236 18381 18381 18381 18381 18381 18381 18381 18381 18381 18381 18381 18381 18381 18381 18381 18381 18381 18381 18381 18381 18381 18381 18381 18381 18381 17157 14138 14138 14138 14138 14138 14138 14138 14138 14138 14138 14138 14138 14138 14138 14138 14138 14138 14138 14138 14138 14138 14138 14138 14138 14138 12914 37128 37128 37128 37128 37128 37128 37128 37128 37128 37128 37128 35904 25500 43376 43376 43376 43376 43376 43376 43376 43376 43376 43376 43376 43376 37868 32804 32804 32804 32804 32804 32804 32804 32804 32804 32804 32804 32804 27296 3672 3672 3672 3672 3672 3672 3672 3672 3672 3672 3672 3672 3672 3672 3672 3672 3672 3672 3672 3672 3672 3672 3672 3672 3672 2448 42190 42190 42190 42190 42190 42190 42190 42190 42190 42190 42190 40966 29832 
31732 31732 31732 31732 31732 31732 31732 31732 31732 31732 31732 31732 26548 15805 15805 15805 15805 15805 15805 15805 15805 15805 15805 15805 15805 15805 15805 15805 15805 15805 15805 15805 15805 15805 15805 15805 15805 15805 14653 27072 27072 27072 27072 27072 27072 27072 27072 27072 27072 27072 27072 21888 9573 9573 9573 9573 9573 9573 9573 9573 9573 9573 9573 9573 9573 9573 9573 9573 9573 9573 9573 9573 9573 9573 9573 9573 9573 8421 10370 10370 10370 10370 10370 10370 10370 10370 10370 10370 10370 10370 10370 10370 10370 10370 10370 10370 10370 10370 10370 10370 10370 10370 10370 9218 30324 30324 30324 30324 30324 30324 30324 30324 30324 30324 30324 29172 19272 33232 33232 33232 33232 33232 33232 33232 33232 33232 33232 33232 33232 28048 23492 23492 23492 23492 23492 23492 23492 23492 23492 23492 23492 23492 18308 19566 19566 19566 19566 19566 19566 19566 19566 19566 19566 19566 19566 19566 19566 19566 19566 19566 19566 19566 19566 19566 19566 19566 19566 19566 18414 35266 35266 35266 35266 35266 35266 35266 35266 35266 35266 35266 34114 23484 
40516 40516 40516 40516 40516 40516 40516 40516 40516 40516 40516 40516 34900 7944 7944 7944 7944 7944 7944 7944 7944 7944 7944 7944 7944 7944 7944 7944 7944 7944 7944 7944 7944 7944 7944 7944 7944 7944 6696 32408 32408 32408 32408 32408 32408 32408 32408 32408 32408 32408 32408 26792 16845 16845 16845 16845 16845 16845 16845 16845 16845 16845 16845 16845 16845 16845 16845 16845 16845 16845 16845 16845 16845 16845 16845 16845 16845 15597 12594 12594 12594 12594 12594 12594 12594 12594 12594 12594 12594 12594 12594 12594 12594 12594 12594 12594 12594 12594 12594 12594 12594 12594 12594 11346 35844 35844 35844 35844 35844 35844 35844 35844 35844 35844 35844 34596 24024 42016 42016 42016 42016 42016 42016 42016 42016 42016 42016 42016 42016 36400 31436 31436 31436 31436 31436 31436 31436 31436 31436 31436 31436 31436 25820 12022 12022 12022 12022 12022 12022 12022 12022 12022 12022 12022 12022 12022 12022 12022 12022 12022 12022 12022 12022 12022 12022 12022 12022 12022 10774 40938 40938 40938 40938 40938 40938 40938 40938 40938 40938 40938 39690 28388 
31100 31100 31100 31100 31100 31100 31100 31100 31100 31100 31100 31100 25808 17141 17141 17141 17141 17141 17141 17141 17141 17141 17141 17141 17141 17141 17141 17141 17141 17141 17141 17141 17141 17141 17141 17141 17141 17141 15965 29032 29032 29032 29032 29032 29032 29032 29032 29032 29032 29032 29032 23740 3528 3528 3528 3528 3528 3528 3528 3528 3528 3528 3528 3528 3528 3528 3528 3528 3528 3528 3528 3528 3528 3528 3528 3528 3528 2352 11346 11346 11346 11346 11346 11346 11346 11346 11346 11346 11346 11346 11346 11346 11346 11346 11346 11346 11346 11346 11346 11346 11346 11346 11346 10170 31688 31688 31688 31688 31688 31688 31688 31688 31688 31688 31688 30512 20444 32600 32600 32600 32600 32600 32600 32600 32600 32600 32600 32600 32600 27308 11760 11760 11760 11760 11760 11760 11760 11760 11760 11760 11760 11760 6468 20862 20862 20862 20862 20862 20862 20862 20862 20862 20862 20862 20862 20862 20862 20862 20862 20862 20862 20862 20862 20862 20862 20862 20862 20862 19686 37310 37310 37310 37310 37310 37310 37310 37310 37310 37310 37310 36134 25336 
31340 31340 31340 31340 31340 31340 31340 31340 31340 31340 31340 31340 25940 17213 17213 17213 17213 17213 17213 17213 17213 17213 17213 17213 17213 17213 17213 17213 17213 17213 17213 17213 17213 17213 17213 17213 17213 17213 16013 29272 29272 29272 29272 29272 29272 29272 29272 29272 29272 29272 29272 23872 3600 3600 3600 3600 3600 3600 3600 3600 3600 3600 3600 3600 3600 3600 3600 3600 3600 3600 3600 3600 3600 3600 3600 3600 3600 2400 11418 11418 11418 11418 11418 11418 11418 11418 11418 11418 11418 11418 11418 11418 11418 11418 11418 11418 11418 11418 11418 11418 11418 11418 11418 10218 32012 32012 32012 32012 32012 32012 32012 32012 32012 32012 32012 30812 20576 32840 32840 32840 32840 32840 32840 32840 32840 32840 32840 32840 32840 27440 12000 12000 12000 12000 12000 12000 12000 12000 12000 12000 12000 12000 6600 20934 20934 20934 20934 20934 20934 20934 20934 20934 20934 20934 20934 20934 20934 20934 20934 20934 20934 20934 20934 20934 20934 20934 20934 20934 19734 37634 37634 37634 37634 37634 37634 37634 37634 37634 37634 37634 36434 25468 
39100 39100 39100 39100 39100 39100 39100 39100 39100 39100 39100 39100 33700 6160 6160 6160 6160 6160 6160 6160 6160 6160 6160 6160 6160 6160 6160 6160 6160 6160 6160 6160 6160 6160 6160 6160 6160 6160 4960 31032 31032 31032 31032 31032 31032 31032 31032 31032 31032 31032 31032 25632 15733 15733 15733 15733 15733 15733 15733 15733 15733 15733 15733 15733 15733 15733 15733 15733 15733 15733 15733 15733 15733 15733 15733 15733 15733 14533 11482 11482 11482 11482 11482 11482 11482 11482 11482 11482 11482 11482 11482 11482 11482 11482 11482 11482 11482 11482 11482 11482 11482 11482 11482 10282 34244 34244 34244 34244 34244 34244 34244 34244 34244 34244 34244 33044 22808 40600 40600 40600 40600 40600 40600 40600 40600 40600 40600 40600 40600 35200 29988 29988 29988 29988 29988 29988 29988 29988 29988 29988 29988 29988 24588 12846 12846 12846 12846 12846 12846 12846 12846 12846 12846 12846 12846 12846 12846 12846 12846 12846 12846 12846 12846 12846 12846 12846 12846 12846 11646 39394 39394 39394 39394 39394 39394 39394 39394 39394 39394 39394 38194 27228 
31940 31940 31940 31940 31940 31940 31940 31940 31940 31940 31940 31940 26270 17393 17393 17393 17393 17393 17393 17393 17393 17393 17393 17393 17393 17393 17393 17393 17393 17393 17393 17393 17393 17393 17393 17393 17393 17393 16133 29872 29872 29872 29872 29872 29872 29872 29872 29872 29872 29872 29872 24202 3780 3780 3780 3780 3780 3780 3780 3780 3780 3780 3780 3780 3780 3780 3780 3780 3780 3780 3780 3780 3780 3780 3780 3780 3780 2520 11598 11598 11598 11598 11598 11598 11598 11598 11598 11598 11598 11598 11598 11598 11598 11598 11598 11598 11598 11598 11598 11598 11598 11598 11598 10338 32822 32822 32822 32822 32822 32822 32822 32822 32822 32822 32822 31562 20906 33440 33440 33440 33440 33440 33440 33440 33440 33440 33440 33440 33440 27770 12600 12600 12600 12600 12600 12600 12600 12600 12600 12600 12600 12600 6930 21114 21114 21114 21114 21114 21114 21114 21114 21114 21114 21114 21114 21114 21114 21114 21114 21114 21114 21114 21114 21114 21114 21114 21114 21114 19854 38444 38444 38444 38444 38444 38444 38444 38444 38444 38444 38444 37184 25798 
40788 40788 40788 40788 40788 40788 40788 40788 40788 40788 40788 40788 34686 4068 4068 4068 4068 4068 4068 4068 4068 4068 4068 4068 4068 4068 4068 4068 4068 4068 4068 4068 4068 4068 4068 4068 4068 4068 2712 32656 32656 32656 32656 32656 32656 32656 32656 32656 32656 32656 32656 26554 16401 16401 16401 16401 16401 16401 16401 16401 16401 16401 16401 16401 16401 16401 16401 16401 16401 16401 16401 16401 16401 16401 16401 16401 16401 15045 12166 12166 12166 12166 12166 12166 12166 12166 12166 12166 12166 12166 12166 12166 12166 12166 12166 12166 12166 12166 12166 12166 12166 12166 12166 10810 36510 36510 36510 36510 36510 36510 36510 36510 36510 36510 36510 35154 23826 42288 42288 42288 42288 42288 42288 42288 42288 42288 42288 42288 42288 36186 31748 31748 31748 31748 31748 31748 31748 31748 31748 31748 31748 31748 25646 13146 13146 13146 13146 13146 13146 13146 13146 13146 13146 13146 13146 13146 13146 13146 13146 13146 13146 13146 13146 13146 13146 13146 13146 13146 11790 41564 41564 41564 41564 41564 41564 41564 41564 41564 41564 41564 40208 28150 
]

ExternalWorkerWithSkillOnStintCost: [
33552 31608 40104 42984 38232 31752 34704 38016 29088 37656 30960 37296 36072 12510 12480 16080 14100 14280 15240 15360 17400 17010 16500 17040 15660 16530 14880 15690 17160 15870 13200 14880 12630 17730 16950 13230 16920 14910 15690 41832 40464 36864 34848 30888 33264 36432 39456 30312 42840 36504 33552 31104 15150 15960 17580 17160 15810 15180 12000 16800 12390 12360 16110 17370 13050 15870 14640 17700 15120 16260 15180 13410 15060 15660 12810 16320 12930 13650 17340 16560 16230 12090 12270 13980 13620 14460 15930 16320 12870 17790 13590 12420 13350 17400 17430 16590 16020 13860 17070 17610 12870 13920 15750 14970 33936 37128 48468 40908 42840 41160 36036 40152 40824 44940 39144 43176 30168 37944 32832 40536 36288 37512 41760 39960 42480 29808 36072 36288 39384 43128 28800 35424 39816 35424 29592 32760 37800 28872 31248 29880 37512 35208 35712 13170 16200 15990 16170 17670 13680 17190 17220 12420 14580 17730 17160 13710 17700 14580 13320 15930 13290 12210 12870 12150 16050 16590 17760 13620 14220 42168 45192 37128 37800 49560 43008 44100 48468 46536 33768 46788 39228 35784 
32616 33192 40968 31032 37296 34200 35640 29664 42408 30024 42336 41688 38088 13680 12270 14430 14550 12210 16830 17160 15180 16320 15120 13620 13200 13620 12240 12330 13500 12720 15930 16950 15660 14490 14310 13050 14460 14820 12540 33264 42624 31176 36216 37008 39024 41184 33912 42120 41256 39384 32472 35496 15570 14100 14550 14880 12690 13440 15360 14940 15480 14190 13230 12810 17760 15600 15780 13140 14580 13320 16050 17610 12630 12930 14730 17070 15900 12930 12660 13440 13290 12750 17940 15960 16980 14130 17610 16530 12450 13110 14070 13530 16680 16560 16320 15450 12390 13230 15120 13230 16200 12630 15420 16680 47880 34860 49560 36456 46452 41664 45108 47460 48468 38556 43260 37716 33768 30600 42192 41472 32328 37872 41976 31824 32400 36504 37584 33912 32544 41184 31536 30960 37728 39744 39816 42552 35424 41832 35280 42264 39456 37440 33264 13050 15690 14610 12810 15990 12000 12060 13830 16290 17490 15270 17280 15540 12060 13680 16560 16110 17850 17670 14640 15270 17610 15570 17940 14280 14340 43680 41412 34944 39984 47796 34608 48552 47796 46032 39816 37632 45528 39744 
]

OverlappingStints: [
[ 2 14 15 16 40 41 53 54 55 79 80 81 105 106 118 119 131 132 144 145 146 170 171 ]
[ 3 16 17 18 40 41 42 55 56 57 81 82 83 105 106 107 118 119 120 131 132 133 146 147 148 170 171 172 ]
[ 4 18 19 20 41 42 43 57 58 59 83 84 85 106 107 108 119 120 121 132 133 134 148 149 150 171 172 173 ]
[ 5 20 21 22 42 43 44 59 60 61 85 86 87 107 108 109 120 121 122 133 134 135 150 151 152 172 173 174 ]
[ 6 22 23 24 43 44 45 61 62 63 87 88 89 108 109 110 121 122 123 134 135 136 152 153 154 173 174 175 ]
[ 7 24 25 26 44 45 46 63 64 65 89 90 91 109 110 111 122 123 124 135 136 137 154 155 156 174 175 176 ]
[ 8 26 27 28 45 46 47 65 66 67 91 92 93 110 111 112 123 124 125 136 137 138 156 157 158 175 176 177 ]
[ 9 28 29 30 46 47 48 67 68 69 93 94 95 111 112 113 124 125 126 137 138 139 158 159 160 176 177 178 ]
[ 10 30 31 32 47 48 49 69 70 71 95 96 97 112 113 114 125 126 127 138 139 140 160 161 162 177 178 179 ]
[ 11 32 33 34 48 49 50 71 72 73 97 98 99 113 114 115 126 127 128 139 140 141 162 163 164 178 179 180 ]
[ 12 34 35 36 49 50 51 73 74 75 99 100 101 114 115 116 127 128 129 140 141 142 164 165 166 179 180 181 ]
[ 13 36 37 38 50 51 52 75 76 77 101 102 103 115 116 117 128 129 130 141 142 143 166 167 168 180 181 182 ]
[ 38 39 51 52 77 78 103 104 116 117 129 130 142 143 168 169 181 182 ]
[ 40 53 79 105 118 131 144 170 ]
[ 40 54 80 105 118 131 145 170 ]
[ 40 41 55 81 105 106 118 119 131 132 146 170 171 ]
[ 41 56 82 105 106 119 132 147 170 171 ]
[ 41 42 57 83 106 107 119 120 132 133 148 171 172 ]
[ 42 58 84 106 107 120 133 149 171 172 ]
[ 42 43 59 85 107 108 120 121 133 134 150 172 173 ]
[ 43 60 86 107 108 121 134 151 172 173 ]
[ 43 44 61 87 108 109 121 122 134 135 152 173 174 ]
[ 44 62 88 108 109 122 135 153 173 174 ]
[ 44 45 63 89 109 110 122 123 135 136 154 174 175 ]
[ 45 64 90 109 110 123 136 155 174 175 ]
[ 45 46 65 91 110 111 123 124 136 137 156 175 176 ]
[ 46 66 92 110 111 124 137 157 175 176 ]
[ 46 47 67 93 111 112 124 125 137 138 158 176 177 ]
[ 47 68 94 111 112 125 138 159 176 177 ]
[ 47 48 69 95 112 113 125 126 138 139 160 177 178 ]
[ 48 70 96 112 113 126 139 161 177 178 ]
[ 48 49 71 97 113 114 126 127 139 140 162 178 179 ]
[ 49 72 98 113 114 127 140 163 178 179 ]
[ 49 50 73 99 114 115 127 128 140 141 164 179 180 ]
[ 50 74 100 114 115 128 141 165 179 180 ]
[ 50 51 75 101 115 116 128 129 141 142 166 180 181 ]
[ 51 76 102 115 116 129 142 167 180 181 ]
[ 51 52 77 103 116 117 129 130 142 143 168 181 182 ]
[ 52 78 104 116 117 130 143 169 181 182 ]
[ 41 53 54 55 79 80 81 105 106 118 119 131 132 144 145 146 170 171 ]
[ 42 55 56 57 81 82 83 105 106 107 118 119 120 131 132 133 146 147 148 170 171 172 ]
[ 43 57 58 59 83 84 85 106 107 108 119 120 121 132 133 134 148 149 150 171 172 173 ]
[ 44 59 60 61 85 86 87 107 108 109 120 121 122 133 134 135 150 151 152 172 173 174 ]
[ 45 61 62 63 87 88 89 108 109 110 121 122 123 134 135 136 152 153 154 173 174 175 ]
[ 46 63 64 65 89 90 91 109 110 111 122 123 124 135 136 137 154 155 156 174 175 176 ]
[ 47 65 66 67 91 92 93 110 111 112 123 124 125 136 137 138 156 157 158 175 176 177 ]
[ 48 67 68 69 93 94 95 111 112 113 124 125 126 137 138 139 158 159 160 176 177 178 ]
[ 49 69 70 71 95 96 97 112 113 114 125 126 127 138 139 140 160 161 162 177 178 179 ]
[ 50 71 72 73 97 98 99 113 114 115 126 127 128 139 140 141 162 163 164 178 179 180 ]
[ 51 73 74 75 99 100 101 114 115 116 127 128 129 140 141 142 164 165 166 179 180 181 ]
[ 52 75 76 77 101 102 103 115 116 117 128 129 130 141 142 143 166 167 168 180 181 182 ]
[ 77 78 103 104 116 117 129 130 142 143 168 169 181 182 ]
[ 79 105 118 131 144 170 ]
[ 80 105 118 131 145 170 ]
[ 81 105 106 118 119 131 132 146 170 171 ]
[ 82 105 106 119 132 147 170 171 ]
[ 83 106 107 119 120 132 133 148 171 172 ]
[ 84 106 107 120 133 149 171 172 ]
[ 85 107 108 120 121 133 134 150 172 173 ]
[ 86 107 108 121 134 151 172 173 ]
[ 87 108 109 121 122 134 135 152 173 174 ]
[ 88 108 109 122 135 153 173 174 ]
[ 89 109 110 122 123 135 136 154 174 175 ]
[ 90 109 110 123 136 155 174 175 ]
[ 91 110 111 123 124 136 137 156 175 176 ]
[ 92 110 111 124 137 157 175 176 ]
[ 93 111 112 124 125 137 138 158 176 177 ]
[ 94 111 112 125 138 159 176 177 ]
[ 95 112 113 125 126 138 139 160 177 178 ]
[ 96 112 113 126 139 161 177 178 ]
[ 97 113 114 126 127 139 140 162 178 179 ]
[ 98 113 114 127 140 163 178 179 ]
[ 99 114 115 127 128 140 141 164 179 180 ]
[ 100 114 115 128 141 165 179 180 ]
[ 101 115 116 128 129 141 142 166 180 181 ]
[ 102 115 116 129 142 167 180 181 ]
[ 103 116 117 129 130 142 143 168 181 182 ]
[ 104 116 117 130 143 169 181 182 ]
[ 105 118 131 144 170 ]
[ 105 118 131 145 170 ]
[ 105 106 118 119 131 132 146 170 171 ]
[ 105 106 119 132 147 170 171 ]
[ 106 107 119 120 132 133 148 171 172 ]
[ 106 107 120 133 149 171 172 ]
[ 107 108 120 121 133 134 150 172 173 ]
[ 107 108 121 134 151 172 173 ]
[ 108 109 121 122 134 135 152 173 174 ]
[ 108 109 122 135 153 173 174 ]
[ 109 110 122 123 135 136 154 174 175 ]
[ 109 110 123 136 155 174 175 ]
[ 110 111 123 124 136 137 156 175 176 ]
[ 110 111 124 137 157 175 176 ]
[ 111 112 124 125 137 138 158 176 177 ]
[ 111 112 125 138 159 176 177 ]
[ 112 113 125 126 138 139 160 177 178 ]
[ 112 113 126 139 161 177 178 ]
[ 113 114 126 127 139 140 162 178 179 ]
[ 113 114 127 140 163 178 179 ]
[ 114 115 127 128 140 141 164 179 180 ]
[ 114 115 128 141 165 179 180 ]
[ 115 116 128 129 141 142 166 180 181 ]
[ 115 116 129 142 167 180 181 ]
[ 116 117 129 130 142 143 168 181 182 ]
[ 116 117 130 143 169 181 182 ]
[ 106 118 119 131 132 144 145 146 147 170 171 ]
[ 107 118 119 120 131 132 133 146 147 148 149 170 171 172 ]
[ 108 119 120 121 132 133 134 148 149 150 151 171 172 173 ]
[ 109 120 121 122 133 134 135 150 151 152 153 172 173 174 ]
[ 110 121 122 123 134 135 136 152 153 154 155 173 174 175 ]
[ 111 122 123 124 135 136 137 154 155 156 157 174 175 176 ]
[ 112 123 124 125 136 137 138 156 157 158 159 175 176 177 ]
[ 113 124 125 126 137 138 139 158 159 160 161 176 177 178 ]
[ 114 125 126 127 138 139 140 160 161 162 163 177 178 179 ]
[ 115 126 127 128 139 140 141 162 163 164 165 178 179 180 ]
[ 116 127 128 129 140 141 142 164 165 166 167 179 180 181 ]
[ 117 128 129 130 141 142 143 166 167 168 169 180 181 182 ]
[ 129 130 142 143 168 169 181 182 ]
[ 119 131 132 144 145 146 170 171 ]
[ 120 131 132 133 146 147 148 170 171 172 ]
[ 121 132 133 134 148 149 150 171 172 173 ]
[ 122 133 134 135 150 151 152 172 173 174 ]
[ 123 134 135 136 152 153 154 173 174 175 ]
[ 124 135 136 137 154 155 156 174 175 176 ]
[ 125 136 137 138 156 157 158 175 176 177 ]
[ 126 137 138 139 158 159 160 176 177 178 ]
[ 127 138 139 140 160 161 162 177 178 179 ]
[ 128 139 140 141 162 163 164 178 179 180 ]
[ 129 140 141 142 164 165 166 179 180 181 ]
[ 130 141 142 143 166 167 168 180 181 182 ]
[ 142 143 168 169 181 182 ]
[ 132 144 145 146 170 171 ]
[ 133 146 147 148 170 171 172 ]
[ 134 148 149 150 171 172 173 ]
[ 135 150 151 152 172 173 174 ]
[ 136 152 153 154 173 174 175 ]
[ 137 154 155 156 174 175 176 ]
[ 138 156 157 158 175 176 177 ]
[ 139 158 159 160 176 177 178 ]
[ 140 160 161 162 177 178 179 ]
[ 141 162 163 164 178 179 180 ]
[ 142 164 165 166 179 180 181 ]
[ 143 166 167 168 180 181 182 ]
[ 168 169 181 182 ]
[ 170 ]
[ 170 ]
[ 170 171 ]
[ 170 171 ]
[ 171 172 ]
[ 171 172 ]
[ 172 173 ]
[ 172 173 ]
[ 173 174 ]
[ 173 174 ]
[ 174 175 ]
[ 174 175 ]
[ 175 176 ]
[ 175 176 ]
[ 176 177 ]
[ 176 177 ]
[ 177 178 ]
[ 177 178 ]
[ 178 179 ]
[ 178 179 ]
[ 179 180 ]
[ 179 180 ]
[ 180 181 ]
[ 180 181 ]
[ 181 182 ]
[ 181 182 ]
[ 171 ]
[ 172 ]
[ 173 ]
[ 174 ]
[ 175 ]
[ 176 ]
[ 177 ]
[ 178 ]
[ 179 ]
[ 180 ]
[ 181 ]
[ 182 ]
[ ]
]

EmployeesWithSkill: [
[ 1 2 3 4 5 6 7 8 9 10 11 12 13 14 15 16 17 18 19 20 21 22 23 24 25 26 27 28 29 30 ]
[ 1 6 8 11 13 14 16 17 19 20 21 22 27 28 29 ]
]

SkillDemandInActivityWithMode: [
0	1	
1	3	
3	6	
2	4	
2	4	
2	4	
2	4	
2	4	
1	3	
2	4	
3	6	
2	4	
3	6	
2	4	
3	6	
1	3	
2	4	
2	4	
2	4	
1	3	
1	3	
2	4	
1	3	
1	3	
1	3	
1	3	
2	4	
2	4	
0	1	
6	10	
13	21	
7	12	
5	9	
11	18	
5	9	
9	15	
13	21	
3	6	
9	15	
11	18	
6	10	
8	13	
8	13	
9	15	
7	12	
2	4	
13	21	
5	9	
5	9	
7	12	
7	12	
0	1	
2	4	
1	3	
2	4	
2	4	
1	3	
1	3	
2	4	
2	4	
1	3	
1	3	
1	3	
2	4	
1	3	
1	3	
2	4	
2	4	
1	3	
1	3	
2	4	
1	3	
2	4	
1	3	
1	3	
2	4	
1	3	
2	4	
1	3	
1	3	
1	3	
2	4	
1	3	
1	3	
1	3	
1	3	
2	4	
1	3	
1	3	
2	4	
1	3	
1	3	
2	4	
1	3	
1	3	
2	4	
1	3	
1	3	
2	4	
1	3	
1	3	
2	4	
2	4	
2	4	
1	3	
1	3	
1	3	
0	1	
1	3	
1	3	
1	3	
1	3	
1	3	
1	3	
1	3	
1	3	
1	3	
1	3	
1	3	
1	3	
1	3	
1	3	
1	3	
1	3	
1	3	
1	3	
1	3	
1	3	
1	3	
1	3	
1	3	
1	3	
1	3	
1	3	
1	3	
1	3	
1	3	
1	3	
1	3	
1	3	
1	3	
1	3	
1	3	
1	3	
1	3	
1	3	
1	3	
1	3	
1	3	
1	3	
1	3	
0	1	
11	18	
11	18	
12	19	
28	43	
11	18	
10	16	
10	16	
13	21	
5	9	
20	31	
10	16	
28	43	
4	7	
5	9	
5	9	
7	12	
14	22	
14	22	
14	22	
11	18	
11	18	
0	1	
2	4	
2	4	
4	7	
4	7	
3	6	
1	3	
4	7	
5	9	
3	6	
1	3	
3	6	
2	4	
1	3	
5	9	
4	7	
4	7	
4	7	
4	7	
3	6	
1	3	
4	7	
5	9	
4	7	
3	6	
5	9	
5	9	
4	7	
5	9	
2	4	
1	3	
4	7	
3	6	
2	4	
5	9	
0	1	
1	3	
2	4	
1	3	
1	3	
1	3	
1	3	
2	4	
1	3	
1	3	
1	3	
1	3	
2	4	
2	4	
1	3	
2	4	
2	4	
1	3	
1	3	
1	3	
1	3	
1	3	
1	3	
1	3	
1	3	
1	3	
1	3	
1	3	
1	3	
1	3	
1	3	
1	3	
2	4	
1	3	
1	3	
2	4	
1	3	
1	3	
2	4	
2	4	
1	3	
2	4	
1	3	
1	3	
1	3	
2	4	
1	3	
1	3	
2	4	
2	4	
2	4	
1	3	
1	3	
1	3	
2	4	
1	3	
1	3	
0	1	
5	9	
2	4	
5	9	
5	9	
8	13	
2	4	
7	12	
8	13	
9	15	
7	12	
4	7	
3	6	
8	13	
5	9	
4	7	
5	9	
6	10	
9	15	
3	6	
1	3	
2	4	
3	6	
6	10	
8	13	
3	6	
3	6	
3	6	
4	7	
4	7	
0	1	
10	16	
11	18	
6	10	
9	15	
5	9	
7	12	
2	4	
3	6	
3	6	
9	15	
10	16	
6	10	
6	10	
4	7	
10	16	
6	10	
3	6	
10	16	
6	10	
5	9	
5	9	
7	12	
4	7	
10	16	
8	13	
10	16	
5	9	
6	10	
2	4	
2	4	
6	10	
3	6	
6	10	
3	6	
12	19	
6	10	
0	1	
2	4	
3	6	
3	6	
6	10	
5	9	
3	6	
5	9	
3	6	
5	9	
3	6	
1	3	
4	7	
4	7	
4	7	
5	9	
3	6	
2	4	
4	7	
5	9	
2	4	
4	7	
2	4	
2	4	
4	7	
3	6	
2	4	
5	9	

0	1	
2	4	
6	10	
4	7	
4	7	
5	9	
3	6	
3	6	
1	3	
4	7	
6	10	
5	9	
6	10	
4	7	
6	10	
1	3	
5	9	
4	7	
3	6	
2	4	
1	3	
4	7	
2	4	
1	3	
1	3	
1	3	
3	6	
3	6	
0	1	
5	9	
12	19	
6	10	
4	7	
10	16	
4	7	
8	13	
12	19	
2	4	
8	13	
10	16	
5	9	
7	12	
7	12	
8	13	
6	10	
1	3	
12	19	
4	7	
4	7	
6	10	
6	10	
0	1	
0	1	
0	1	
0	1	
0	1	
0	1	
0	1	
0	1	
0	1	
0	1	
0	1	
0	1	
0	1	
0	1	
0	1	
0	1	
0	1	
0	1	
0	1	
0	1	
0	1	
0	1	
0	1	
0	1	
0	1	
0	1	
0	1	
0	1	
0	1	
0	1	
0	1	
0	1	
0	1	
0	1	
0	1	
0	1	
0	1	
0	1	
0	1	
0	1	
0	1	
0	1	
0	1	
0	1	
0	1	
0	1	
0	1	
0	1	
0	1	
0	1	
0	1	
0	1	
0	1	
0	1	
0	1	
0	1	
0	1	
1	3	
1	3	
0	1	
1	3	
0	1	
0	1	
0	1	
1	3	
0	1	
1	3	
0	1	
1	3	
1	3	
1	3	
0	1	
1	3	
1	3	
1	3	
0	1	
0	1	
0	1	
1	3	
1	3	
1	3	
1	3	
2	4	
1	3	
0	1	
1	3	
1	3	
0	1	
0	1	
1	3	
1	3	
0	1	
2	4	
1	3	
0	1	
0	1	
1	3	
0	1	
0	1	
1	3	
0	1	
7	12	
7	12	
7	12	
18	28	
7	12	
6	10	
6	10	
8	13	
2	4	
13	21	
6	10	
18	28	
2	4	
2	4	
2	4	
3	6	
9	15	
9	15	
9	15	
7	12	
7	12	
0	1	
0	1	
0	1	
0	1	
0	1	
0	1	
0	1	
0	1	
0	1	
0	1	
0	1	
0	1	
0	1	
0	1	
0	1	
0	1	
0	1	
0	1	
0	1	
0	1	
0	1	
0	1	
0	1	
0	1	
0	1	
0	1	
0	1	
0	1	
0	1	
0	1	
0	1	
0	1	
0	1	
0	1	
0	1	
0	1	
0	1	
0	1	
0	1	
0	1	
0	1	
0	1	
0	1	
0	1	
0	1	
0	1	
0	1	
0	1	
0	1	
0	1	
0	1	
0	1	
0	1	
0	1	
0	1	
0	1	
0	1	
0	1	
0	1	
0	1	
0	1	
0	1	
0	1	
0	1	
0	1	
0	1	
0	1	
0	1	
0	1	
0	1	
0	1	
0	1	
0	1	
0	1	
0	1	
0	1	
0	1	
0	1	
0	1	
0	1	
0	1	
0	1	
0	1	
0	1	
0	1	
0	1	
0	1	
0	1	
0	1	
0	1	
0	1	
0	1	
0	1	
1	3	
0	1	
1	3	
1	3	
2	4	
0	1	
2	4	
2	4	
3	6	
2	4	
1	3	
0	1	
2	4	
1	3	
1	3	
1	3	
2	4	
3	6	
0	1	
0	1	
0	1	
0	1	
2	4	
2	4	
0	1	
0	1	
0	1	
1	3	
1	3	
0	1	
1	3	
1	3	
0	1	
1	3	
0	1	
1	3	
0	1	
0	1	
0	1	
1	3	
1	3	
0	1	
0	1	
0	1	
1	3	
1	3	
0	1	
1	3	
0	1	
0	1	
0	1	
1	3	
0	1	
1	3	
1	3	
1	3	
0	1	
1	3	
0	1	
0	1	
1	3	
0	1	
1	3	
0	1	
2	4	
1	3	
0	1	
0	1	
0	1	
1	3	
2	4	
1	3	
1	3	
1	3	
1	3	
1	3	
0	1	
0	1	
1	3	
1	3	
1	3	
1	3	
0	1	
0	1	
1	3	
1	3	
0	1	
1	3	
0	1	
0	1	
1	3	
1	3	
0	1	
1	3	

]

EmployeeAvailability: [
1 1 1 1 1 1 1 1 0 1 1 1 1 1 1 1 1 1 1 1 1 1 1 1 1 1 1 1 1 1 0 1 1 1 1 1 1 1 1 1 1 1 1 1 1 1 1 0 1 1 1 1 1 1 1 1 1 1 1 1 1 1 1 1 1 1 1 1 1 0 1 1 1 1 1 1 1 1 1 1 1 1 1 1 1 1 1 1 1 1 1 1 1 1 1 0 1 1 1 1 1 1 1 1 1 1 1 1 1 1 1 1 0 1 1 1 1 1 1 1 1 1 1 1 1 0 1 1 1 1 1 1 1 1 1 1 1 1 0 1 1 1 1 1 1 1 1 1 1 1 1 1 1 1 1 1 1 1 1 1 0 1 1 1 1 1 1 1 1 1 1 1 1 1 1 1 1 0 1 1 1 1 
1 1 1 1 1 1 0 1 1 1 1 1 1 1 1 1 1 1 1 1 1 1 1 1 1 1 0 1 1 1 1 1 1 1 1 1 1 1 1 1 1 1 1 1 1 0 1 1 1 1 1 1 1 1 1 1 1 1 1 1 1 1 1 1 1 0 1 1 1 1 1 1 1 1 1 1 1 1 1 1 1 1 1 1 1 1 1 1 1 1 1 0 1 1 1 1 1 1 1 1 1 1 1 1 1 1 1 1 1 1 0 1 1 1 1 1 1 1 1 1 1 1 1 0 1 1 1 1 1 1 1 1 1 1 1 1 0 1 1 1 1 1 1 1 1 1 1 1 1 1 1 1 1 1 1 1 0 1 1 1 1 1 1 1 1 1 1 1 1 1 1 1 1 1 1 0 1 1 1 1 1 1 
1 1 1 1 0 0 1 1 1 1 1 1 1 1 1 1 1 1 1 1 1 0 1 1 0 1 1 1 1 1 1 1 1 1 1 1 1 1 1 1 1 1 1 0 0 1 1 1 1 1 1 1 1 1 1 1 1 1 1 1 0 1 1 0 1 1 1 1 1 1 1 1 1 1 1 1 1 1 1 1 1 1 1 1 1 1 0 1 1 0 1 1 1 1 1 1 1 1 1 1 1 1 1 1 1 1 1 1 0 0 1 1 1 1 1 1 1 1 1 1 1 0 0 1 1 1 1 1 1 1 1 1 1 1 0 0 1 1 1 1 1 1 1 1 1 1 1 1 1 1 1 0 1 1 0 1 1 1 1 1 1 1 1 1 1 1 1 1 1 1 1 1 1 0 0 1 1 1 1 1 1 1 
0 1 1 1 1 1 1 1 1 1 1 1 1 1 0 1 1 1 1 1 1 1 1 1 1 1 1 1 1 1 1 1 1 1 1 1 1 1 1 0 1 1 1 1 1 1 1 1 1 1 1 1 1 0 1 1 1 1 1 1 1 1 1 1 1 1 1 1 1 1 1 1 1 1 1 1 1 1 1 0 1 1 1 1 1 1 1 1 1 1 1 1 1 1 1 1 1 1 1 1 1 1 1 1 0 1 1 1 1 1 1 1 1 1 1 1 1 0 1 1 1 1 1 1 1 1 1 1 1 1 0 1 1 1 1 1 1 1 1 1 1 1 1 1 0 1 1 1 1 1 1 1 1 1 1 1 1 1 1 1 1 1 1 1 1 1 1 1 1 0 1 1 1 1 1 1 1 1 1 1 1 1 
1 1 1 1 1 1 1 1 1 1 1 1 1 1 1 1 1 1 1 1 1 1 1 1 1 1 1 1 1 1 1 1 1 1 1 1 1 1 1 1 1 1 1 1 1 1 1 1 1 1 1 1 1 1 1 1 1 1 1 1 1 1 1 1 1 1 1 1 1 1 1 1 1 1 1 1 1 1 1 1 1 1 1 1 1 1 1 1 1 1 1 1 1 1 1 1 1 1 1 1 1 1 1 1 1 1 1 1 1 1 1 1 1 1 1 1 1 1 1 1 1 1 1 1 1 1 1 1 1 1 1 1 1 1 1 1 1 1 1 1 1 1 1 1 1 1 1 1 1 1 1 1 1 1 1 1 1 1 1 1 1 1 1 1 1 1 1 1 1 1 1 1 1 1 1 1 1 1 1 1 1 1 
0 1 0 1 1 1 1 1 1 1 1 1 0 0 1 1 1 1 1 1 1 1 1 1 1 1 1 1 1 1 1 1 1 1 1 1 1 0 1 0 1 0 1 1 1 1 1 1 1 1 1 0 0 1 1 1 1 1 1 1 1 1 1 1 1 1 1 1 1 1 1 1 1 1 1 1 0 1 0 1 1 1 1 1 1 1 1 1 1 1 1 1 1 1 1 1 1 1 1 1 1 1 0 1 0 1 0 1 1 1 1 1 1 1 1 1 0 0 1 0 1 1 1 1 1 1 1 1 1 0 0 1 0 1 1 1 1 1 1 1 1 1 0 0 1 1 1 1 1 1 1 1 1 1 1 1 1 1 1 1 1 1 1 1 1 1 1 0 1 0 1 0 1 1 1 1 1 1 1 1 1 0 
1 1 1 1 1 1 1 1 1 1 1 1 1 1 1 1 1 1 1 1 1 1 1 1 1 1 1 1 1 1 1 1 1 1 1 1 1 1 1 1 1 1 1 1 1 1 1 1 1 1 1 1 1 1 1 1 1 1 1 1 1 1 1 1 1 1 1 1 1 1 1 1 1 1 1 1 1 1 1 1 1 1 1 1 1 1 1 1 1 1 1 1 1 1 1 1 1 1 1 1 1 1 1 1 1 1 1 1 1 1 1 1 1 1 1 1 1 1 1 1 1 1 1 1 1 1 1 1 1 1 1 1 1 1 1 1 1 1 1 1 1 1 1 1 1 1 1 1 1 1 1 1 1 1 1 1 1 1 1 1 1 1 1 1 1 1 1 1 1 1 1 1 1 1 1 1 1 1 1 1 1 1 
0 1 1 1 1 1 1 1 1 0 1 0 1 0 1 1 1 1 1 1 1 1 1 1 1 1 1 1 1 1 1 0 1 1 1 0 1 1 1 0 1 1 1 1 1 1 1 1 0 1 0 1 0 1 1 1 1 1 1 1 1 1 1 1 1 1 1 1 1 1 0 1 1 1 0 1 1 1 0 1 1 1 1 1 1 1 1 1 1 1 1 1 1 1 1 1 0 1 1 1 0 1 1 1 0 1 1 1 1 1 1 1 1 0 1 0 1 0 1 1 1 1 1 1 1 1 0 1 0 1 0 1 1 1 1 1 1 1 1 0 1 0 1 0 1 1 1 1 1 1 1 1 1 1 1 1 1 1 1 1 1 0 1 1 1 0 1 1 1 0 1 1 1 1 1 1 1 1 0 1 0 1 
1 1 1 1 1 1 1 1 1 1 1 1 1 1 1 1 1 1 1 1 1 1 1 1 1 1 1 1 1 1 1 1 1 1 1 1 1 1 1 1 1 1 1 1 1 1 1 1 1 1 1 1 1 1 1 1 1 1 1 1 1 1 1 1 1 1 1 1 1 1 1 1 1 1 1 1 1 1 1 1 1 1 1 1 1 1 1 1 1 1 1 1 1 1 1 1 1 1 1 1 1 1 1 1 1 1 1 1 1 1 0 1 1 1 1 1 1 1 1 1 1 1 1 1 1 1 1 1 1 1 1 1 1 1 1 1 1 1 1 1 1 1 1 1 1 1 1 1 1 1 1 1 1 1 1 1 1 1 1 1 1 1 1 1 1 1 1 1 1 1 1 1 1 1 1 0 1 1 1 1 1 1 
1 0 1 1 1 1 1 1 1 1 1 1 0 1 1 1 0 1 1 1 1 1 1 1 1 1 1 1 1 1 1 1 1 1 1 1 1 1 0 1 0 1 1 1 1 1 1 1 1 1 1 0 1 1 1 0 1 1 1 1 1 1 1 1 1 1 1 1 1 1 1 1 1 1 1 1 1 0 1 1 1 0 1 1 1 1 1 1 1 1 1 1 1 1 1 1 1 1 1 1 1 1 1 0 1 0 1 1 1 1 1 1 1 1 1 1 0 1 0 1 1 1 1 1 1 1 1 1 1 0 1 0 1 1 1 1 1 1 1 1 1 1 0 1 1 1 0 1 1 1 1 1 1 1 1 1 1 1 1 1 1 1 1 1 1 1 1 1 0 1 0 1 1 1 1 1 1 1 1 1 1 0 
1 1 1 1 1 1 1 0 1 1 1 1 1 1 1 1 1 1 1 1 1 1 1 1 1 1 1 1 0 1 1 1 1 1 1 1 1 1 1 1 1 1 1 1 1 1 0 1 1 1 1 1 1 1 1 1 1 1 1 1 1 1 1 1 1 1 1 0 1 1 1 1 1 1 1 1 1 1 1 1 1 1 1 1 1 1 1 1 1 1 1 1 1 0 1 1 1 1 1 1 1 1 1 1 1 1 1 1 1 1 1 0 0 1 1 1 1 1 1 1 1 1 1 1 0 1 1 1 1 1 1 1 1 1 1 1 1 0 1 1 1 1 1 1 1 1 1 1 1 1 1 1 1 1 1 1 1 1 0 1 1 1 1 1 1 1 1 1 1 1 1 1 1 1 1 1 0 0 1 1 1 1 
1 1 1 1 1 1 1 1 1 1 1 1 1 1 1 1 1 1 1 1 1 1 1 1 1 1 1 1 1 1 1 1 1 1 1 1 1 1 1 1 1 1 1 1 1 1 1 1 1 1 1 1 1 1 1 1 1 1 1 1 1 1 1 1 1 1 1 1 1 1 1 1 1 1 1 1 1 1 1 1 1 1 1 1 1 1 1 1 1 1 1 1 1 1 1 1 1 1 1 1 1 1 1 1 1 1 1 1 1 1 1 1 1 1 1 1 1 1 1 1 1 1 1 1 1 1 1 1 1 1 1 1 1 1 1 1 1 1 1 1 1 1 1 1 1 1 1 1 1 1 1 1 1 1 1 1 1 1 1 1 1 1 1 1 1 1 1 1 1 1 1 1 1 1 1 1 1 1 1 1 1 1 
1 1 1 1 1 1 1 1 1 0 1 1 1 1 1 1 1 1 1 1 1 1 1 1 1 1 1 1 1 1 1 1 0 1 1 1 1 1 1 1 1 1 1 1 1 1 1 1 0 1 1 1 1 1 1 1 1 1 1 1 1 1 1 1 1 1 1 1 1 1 1 0 1 1 1 1 1 1 1 1 1 1 1 1 1 1 1 1 1 1 1 1 1 1 1 1 1 0 1 1 1 1 1 1 1 1 1 1 1 1 1 1 1 0 1 1 1 1 1 1 1 1 1 1 1 1 0 1 1 1 1 1 1 1 1 1 1 1 1 0 1 1 1 1 1 1 1 1 1 1 1 1 1 1 1 1 1 1 1 1 1 1 0 1 1 1 1 1 1 1 1 1 1 1 1 1 1 1 0 1 1 1 
0 1 1 1 1 1 1 1 1 1 0 1 1 0 1 1 1 1 1 1 1 1 1 1 1 1 1 1 1 1 1 1 1 1 0 1 1 1 1 0 1 1 1 1 1 1 1 1 1 0 1 1 0 1 1 1 1 1 1 1 1 1 1 1 1 1 1 1 1 1 1 1 1 0 1 1 1 1 0 1 1 1 1 1 1 1 1 1 1 1 1 1 1 1 1 1 1 1 1 0 1 1 1 1 0 1 1 1 1 1 1 1 1 1 0 1 1 0 1 1 1 1 1 1 1 1 1 0 1 1 0 1 1 1 1 1 1 1 1 1 0 1 1 0 1 1 1 1 1 1 1 1 1 1 1 1 1 1 1 1 1 1 1 1 0 1 1 1 1 0 1 1 1 1 1 1 1 1 1 0 1 1 
1 1 1 1 1 1 1 1 1 1 1 1 1 1 1 1 1 1 1 1 1 1 1 1 1 1 1 1 1 1 1 1 1 1 1 1 1 1 1 1 1 1 1 1 1 1 1 1 1 1 1 1 1 1 1 1 1 1 1 1 1 1 1 1 1 1 1 1 1 1 1 1 1 1 1 1 1 1 1 1 1 1 1 1 1 1 1 1 1 1 1 1 1 1 1 1 1 1 1 1 1 1 1 1 1 1 1 1 1 1 1 1 1 1 1 1 1 1 1 1 1 1 1 1 1 1 1 1 1 1 1 1 1 1 1 1 1 1 1 1 1 1 1 1 1 1 1 1 1 1 1 1 1 1 1 1 1 1 1 1 1 1 1 1 1 1 1 1 1 1 1 1 1 1 1 1 1 1 1 1 1 1 
0 1 1 0 1 1 1 1 0 1 1 1 1 0 1 1 1 1 1 1 0 1 1 1 1 1 1 1 1 0 1 1 1 1 1 1 1 1 1 0 1 1 0 1 1 1 1 0 1 1 1 1 0 1 1 1 1 1 1 0 1 1 1 1 1 1 1 1 0 1 1 1 1 1 1 1 1 1 0 1 1 1 1 1 1 0 1 1 1 1 1 1 1 1 0 1 1 1 1 1 1 1 1 1 0 1 1 0 1 1 1 1 0 1 1 1 1 0 1 1 0 1 1 1 1 0 1 1 1 1 0 1 1 0 1 1 1 1 0 1 1 1 1 0 1 1 1 1 1 1 0 1 1 1 1 1 1 1 1 0 1 1 1 1 1 1 1 1 1 0 1 1 0 1 1 1 1 0 1 1 1 1 
1 1 1 1 1 1 1 1 1 1 1 1 1 1 1 1 1 1 1 1 1 1 1 1 1 1 1 1 1 1 1 1 1 1 1 1 1 1 1 1 1 1 1 1 1 1 1 1 1 1 1 1 1 1 1 1 1 1 1 1 1 1 1 1 1 1 1 1 1 1 1 1 1 1 1 1 1 1 1 1 1 1 1 1 1 1 1 1 1 1 1 1 1 1 1 1 1 1 1 1 1 1 1 1 1 1 1 1 1 1 1 1 1 1 1 1 1 1 1 1 1 1 1 1 1 1 1 1 1 1 1 1 1 1 1 1 1 1 1 1 1 1 1 1 1 1 1 1 1 1 1 1 1 1 1 1 1 1 1 1 1 1 1 1 1 1 1 1 1 1 1 1 1 1 1 1 1 1 1 1 1 1 
1 1 1 1 1 0 1 1 0 1 1 1 1 1 1 1 1 1 1 1 1 1 1 1 0 1 1 1 1 1 0 1 1 1 1 1 1 1 1 1 1 1 1 1 0 1 1 0 1 1 1 1 1 1 1 1 1 1 1 1 1 1 1 0 1 1 1 1 1 0 1 1 1 1 1 1 1 1 1 1 1 1 1 1 1 1 1 1 1 0 1 1 1 1 1 0 1 1 1 1 1 1 1 1 1 1 1 1 1 0 1 1 0 1 1 1 1 1 1 1 1 1 0 1 1 0 1 1 1 1 1 1 1 1 1 0 1 1 0 1 1 1 1 1 1 1 1 1 1 1 1 1 1 1 0 1 1 1 1 1 0 1 1 1 1 1 1 1 1 1 1 1 1 1 0 1 1 0 1 1 1 1 
1 1 1 1 1 1 1 1 1 1 0 1 1 1 1 1 1 1 1 1 1 1 1 1 1 1 1 1 1 1 1 1 1 0 1 1 1 1 1 1 1 1 1 1 1 1 1 1 1 0 1 1 1 1 1 1 1 1 1 1 1 1 1 1 1 1 1 1 1 1 1 1 0 1 1 1 1 1 1 1 1 1 1 1 1 1 1 1 1 1 1 1 1 1 1 1 1 1 0 1 1 1 1 1 1 1 1 1 1 1 1 1 1 1 0 1 1 1 1 1 1 1 1 1 1 1 1 0 1 1 1 1 1 1 1 1 1 1 1 1 0 1 1 1 1 1 1 1 1 1 1 1 1 1 1 1 1 1 1 1 1 1 1 0 1 1 1 1 1 1 1 1 1 1 1 1 1 1 1 0 1 1 
1 1 1 0 1 1 0 1 1 1 0 1 1 1 1 1 1 1 1 0 1 1 1 1 1 1 0 1 1 1 1 1 1 1 0 1 1 1 1 1 1 1 0 1 1 0 1 1 1 0 1 1 1 1 1 1 1 1 0 1 1 1 1 1 1 0 1 1 1 1 1 1 1 0 1 1 1 1 1 1 1 1 1 1 0 1 1 1 1 1 1 0 1 1 1 1 1 1 1 0 1 1 1 1 1 1 1 0 1 1 0 1 1 1 0 1 1 1 1 1 0 1 1 0 1 1 1 0 1 1 1 1 1 0 1 1 0 1 1 1 0 1 1 1 1 1 1 1 1 0 1 1 1 1 1 1 0 1 1 1 1 1 1 1 0 1 1 1 1 1 1 1 0 1 1 0 1 1 1 0 1 1 
1 1 1 1 1 1 1 1 1 1 1 1 1 1 1 1 1 1 1 1 1 1 1 1 1 1 1 1 1 1 1 1 1 1 1 1 1 1 1 1 1 1 1 1 1 1 1 1 1 1 1 1 1 1 1 1 1 1 1 1 1 1 1 1 1 1 1 1 1 1 1 1 1 1 1 1 1 1 1 1 1 1 1 1 1 1 1 1 1 1 1 1 1 1 1 1 1 1 1 1 1 1 1 1 1 1 1 1 1 1 1 1 1 1 1 1 1 1 1 1 1 1 1 1 1 1 1 1 1 1 1 1 1 1 1 1 1 1 1 1 1 1 1 1 1 1 1 1 1 1 1 1 1 1 1 1 1 1 1 1 1 1 1 1 1 1 1 1 1 1 1 1 1 1 1 1 1 1 1 1 1 1 
1 1 1 1 1 1 1 0 1 1 1 1 1 1 1 1 1 1 1 1 1 1 1 1 1 1 1 1 0 1 1 1 1 1 1 1 1 1 1 1 1 1 1 1 1 1 0 1 1 1 1 1 1 1 1 1 1 1 1 1 1 1 1 1 1 1 1 0 1 1 1 1 1 1 1 1 1 1 1 1 1 1 1 1 1 1 1 1 1 1 1 1 1 0 1 1 1 1 1 1 1 1 1 1 1 1 1 1 1 1 1 0 1 1 1 1 1 1 1 1 1 1 1 1 0 1 1 1 1 1 1 1 1 1 1 1 1 0 1 1 1 1 1 1 1 1 1 1 1 1 1 1 1 1 1 1 1 1 0 1 1 1 1 1 1 1 1 1 1 1 1 1 1 1 1 1 0 1 1 1 1 1 
1 1 1 1 1 1 1 1 0 1 1 1 1 1 1 1 1 1 1 1 1 1 1 1 1 1 1 1 1 1 0 1 1 1 1 1 1 1 1 1 1 1 1 1 1 1 1 0 1 1 1 1 1 1 1 1 1 1 1 1 1 1 1 1 1 1 1 1 1 0 1 1 1 1 1 1 1 1 1 1 1 1 1 1 1 1 1 1 1 1 1 1 1 1 1 0 1 1 1 1 1 1 1 1 1 1 1 1 1 1 1 1 0 1 1 1 1 1 1 1 1 1 1 1 1 0 1 1 1 1 1 1 1 1 1 1 1 1 0 1 1 1 1 1 1 1 1 1 1 1 1 1 1 1 1 1 1 1 1 1 0 1 1 1 1 1 1 1 1 1 1 1 1 1 1 1 1 0 1 1 1 1 
1 1 0 1 1 1 1 1 1 1 1 1 1 1 1 1 1 0 1 1 1 1 1 1 1 1 1 1 1 1 1 1 1 1 1 1 1 1 1 1 1 0 1 1 1 1 1 1 1 1 1 1 1 1 1 1 0 1 1 1 1 1 1 1 1 1 1 1 1 1 1 1 1 1 1 1 1 1 1 1 1 1 0 1 1 1 1 1 1 1 1 1 1 1 1 1 1 1 1 1 1 1 1 1 1 1 0 1 0 0 1 1 1 1 1 1 1 1 1 0 1 1 1 1 1 1 1 1 1 1 1 1 0 1 1 1 1 1 1 1 1 1 1 1 1 1 1 0 1 1 1 1 1 1 1 1 1 1 1 1 1 1 1 1 1 1 1 1 1 1 1 0 1 0 0 1 1 1 1 1 1 1 
1 1 1 1 1 1 1 1 1 1 1 1 1 1 1 1 1 1 1 1 1 1 1 1 1 1 1 1 1 1 1 1 1 1 1 1 1 1 1 1 1 1 1 1 1 1 1 1 1 1 1 1 1 1 1 1 1 1 1 1 1 1 1 1 1 1 1 1 1 1 1 1 1 1 1 1 1 1 1 1 1 1 1 1 1 1 1 1 1 1 1 1 1 1 1 1 1 1 1 1 1 1 1 1 1 1 1 1 1 1 1 1 1 1 1 1 1 1 1 1 1 1 1 1 1 1 1 1 1 1 1 1 1 1 1 1 1 1 1 1 1 1 1 1 1 1 1 1 1 1 1 1 1 1 1 1 1 1 1 1 1 1 1 1 1 1 1 1 1 1 1 1 1 1 1 1 1 1 1 1 1 1 
1 1 1 1 1 1 0 0 1 1 1 0 1 1 1 1 1 1 1 1 1 1 1 1 1 1 1 1 1 1 1 1 1 1 1 0 1 1 1 1 1 1 1 1 1 0 0 1 1 1 0 1 1 1 1 1 1 1 1 1 1 1 1 1 1 1 1 1 1 1 1 1 1 1 0 1 1 1 1 1 1 1 1 1 1 1 1 1 1 1 1 1 1 1 1 1 1 1 1 1 0 1 1 1 1 1 1 1 1 1 0 0 1 1 1 0 1 1 1 1 1 1 1 0 0 1 1 1 0 1 1 1 1 1 1 1 0 0 1 1 1 0 1 1 1 1 1 1 1 1 1 1 1 1 1 1 1 1 1 1 1 1 1 1 1 0 1 1 1 1 1 1 1 1 1 0 0 1 1 1 0 1 
1 0 1 0 1 1 1 1 1 1 1 1 1 1 1 1 1 1 1 1 1 1 1 1 1 1 1 1 1 1 1 1 1 1 1 1 1 1 1 1 0 1 0 1 1 1 1 1 1 1 1 1 1 1 1 1 1 1 1 1 1 1 1 1 1 1 1 1 1 1 1 1 1 1 1 1 1 1 1 1 1 1 1 1 1 1 1 1 1 1 1 1 1 1 1 1 1 1 1 1 1 1 1 1 1 0 1 0 1 1 1 0 1 1 1 1 1 1 0 1 0 1 1 1 1 1 1 1 1 1 1 0 1 0 1 1 1 1 1 1 1 1 1 1 1 1 1 1 1 1 1 1 1 1 1 1 1 1 1 1 1 1 1 1 1 1 1 1 1 1 0 1 0 1 1 1 0 1 1 1 1 1 
0 1 1 1 1 1 1 1 1 1 1 1 1 0 1 1 1 1 1 1 1 1 1 1 1 1 1 1 1 1 1 1 1 1 1 1 1 1 1 0 1 1 1 1 1 1 1 1 1 1 1 1 0 1 1 1 1 1 1 1 1 1 1 1 1 1 1 1 1 1 1 1 1 1 1 1 1 1 0 1 1 1 1 1 1 1 1 1 1 1 1 1 1 1 1 1 1 1 1 1 1 1 1 1 0 1 1 1 1 1 1 1 1 1 1 1 1 0 1 1 1 1 1 1 1 1 1 1 1 1 0 1 1 1 1 1 1 1 1 1 1 1 1 0 1 1 1 1 1 1 1 1 1 1 1 1 1 1 1 1 1 1 1 1 1 1 1 1 1 0 1 1 1 1 1 1 1 1 1 1 1 1 
1 1 0 1 1 1 1 0 1 1 1 1 1 1 1 1 1 1 0 1 1 1 1 1 1 1 1 0 1 1 1 1 1 1 1 1 1 1 1 1 1 0 1 1 1 1 0 1 1 1 1 1 1 1 1 1 1 0 1 1 1 1 1 1 1 1 0 1 1 1 1 1 1 1 1 1 1 1 1 1 1 1 1 0 1 1 1 1 1 1 1 1 0 1 1 1 1 1 1 1 1 1 1 1 1 1 0 1 1 1 1 0 1 1 1 1 1 1 1 0 1 1 1 1 0 1 1 1 1 1 1 1 0 1 1 1 1 0 1 1 1 1 1 1 1 1 1 1 0 1 1 1 1 1 1 1 1 0 1 1 1 1 1 1 1 1 1 1 1 1 1 0 1 1 1 1 0 1 1 1 1 1 
1 1 1 1 1 1 1 1 1 1 1 1 1 1 1 1 1 1 1 1 1 1 1 1 1 1 1 1 1 1 1 1 1 1 1 1 1 1 1 1 1 1 1 1 1 1 1 1 1 1 1 1 1 1 1 1 1 1 1 1 1 1 1 1 1 1 1 1 1 1 1 1 1 1 1 1 1 1 1 1 1 1 1 1 1 1 1 1 1 1 1 1 1 1 1 1 1 1 1 1 1 1 1 1 1 1 1 1 1 1 1 1 1 1 1 1 1 1 1 1 1 1 1 1 1 1 1 1 1 1 1 1 1 1 1 1 1 1 1 1 1 1 1 1 1 1 1 1 1 1 1 1 1 1 1 1 1 1 1 1 1 1 1 1 1 1 1 1 1 1 1 1 1 1 1 1 1 1 1 1 1 1 
]

EmployeeWantedInStint: [ (1 4) 1 (1 44) 1 (1 92) 1 (1 111) 1 (1 114) 1 (1 147) 1 (1 170) 1 (2 36) 1 (2 91) 1 (2 96) 1 (2 140) 1 (3 33) 1 (3 65) 1 (3 144) 1 (3 158) 1 (3 168) 1 (4 65) 1 (4 73) 1 (4 105) 1 (4 159) 1 (4 163) 1 (5 9) 1 (5 23) 1 (5 39) 1 (5 96) 1 (5 123) 1 (5 131) 1 (6 13) 1 (6 53) 1 (6 61) 1 (6 103) 1 (6 133) 1 (6 144) 1 (6 176) 1 (7 16) 1 (7 100) 1 (8 8) 1 (8 16) 1 (8 64) 1 (8 130) 1 (8 156) 1 (8 160) 1 (9 47) 1 (9 65) 1 (9 69) 1 (9 78) 1 (9 140) 1 (10 11) 1 (10 48) 1 (10 117) 1 (10 149) 1 (11 3) 1 (11 13) 1 (11 62) 1 (11 141) 1 (11 162) 1 (12 6) 1 (12 21) 1 (12 33) 1 (12 34) 1 (12 95) 1 (12 97) 1 (12 101) 1 (12 106) 1 (12 121) 1 (12 144) 1 (12 176) 1 (13 23) 1 (13 26) 1 (13 28) 1 (13 32) 1 (13 103) 1 (13 104) 1 (13 128) 1 (14 119) 1 (14 151) 1 (15 33) 1 (16 80) 1 (16 89) 1 (16 163) 1 (16 164) 1 (16 167) 1 (17 8) 1 (17 60) 1 (17 62) 1 (17 75) 1 (17 140) 1 (17 145) 1 (17 158) 1 (18 30) 1 (18 34) 1 (18 36) 1 (18 99) 1 (18 181) 1 (19 32) 1 (19 37) 1 (19 76) 1 (19 161) 1 (19 177) 1 (19 180) 1 (20 22) 1 (20 42) 1 (20 75) 1 (21 43) 1 (21 88) 1 (21 122) 1 (21 165) 1 (22 27) 1 (22 92) 1 (22 110) 1 (22 172) 1 (22 177) 1 (23 32) 1 (23 33) 1 (23 109) 1 (23 171) 1 (24 28) 1 (24 31) 1 (24 116) 1 (24 117) 1 (25 38) 1 (25 105) 1 (25 156) 1 (25 163) 1 (26 155) 1 (27 3) 1 (27 82) 1 (27 134) 1 (27 139) 1 (28 71) 1 (28 77) 1 (28 97) 1 (28 163) 1 (29 10) 1 (29 13) 1 (29 18) 1 (29 91) 1 (29 142) 1 (29 168) 1 (29 179) 1 (30 18) 1 (30 65) 1 (30 67) 1 (30 94) 1 (30 116) 1 ]

EmployeeWantedViolationCost: [ (1 4) 6000 (1 44) 7000 (1 92) 6000 (1 111) 12000 (1 114) 9000 (1 147) 14000 (1 170) 10000 (2 36) 7000 (2 91) 10000 (2 96) 10000 (2 140) 15000 (3 33) 8000 (3 65) 11000 (3 144) 12000 (3 158) 12000 (3 168) 11000 (4 65) 10000 (4 73) 5000 (4 105) 11000 (4 159) 7000 (4 163) 11000 (5 9) 12000 (5 23) 5000 (5 39) 6000 (5 96) 9000 (5 123) 14000 (5 131) 14000 (6 13) 10000 (6 53) 15000 (6 61) 5000 (6 103) 9000 (6 133) 13000 (6 144) 10000 (6 176) 14000 (7 16) 5000 (7 100) 15000 (8 8) 14000 (8 16) 10000 (8 64) 11000 (8 130) 5000 (8 156) 15000 (8 160) 8000 (9 47) 10000 (9 65) 5000 (9 69) 15000 (9 78) 5000 (9 140) 5000 (10 11) 10000 (10 48) 5000 (10 117) 7000 (10 149) 14000 (11 3) 6000 (11 13) 11000 (11 62) 13000 (11 141) 9000 (11 162) 8000 (12 6) 14000 (12 21) 9000 (12 33) 5000 (12 34) 13000 (12 95) 14000 (12 97) 13000 (12 101) 6000 (12 106) 13000 (12 121) 15000 (12 144) 11000 (12 176) 5000 (13 23) 14000 (13 26) 13000 (13 28) 8000 (13 32) 8000 (13 103) 7000 (13 104) 14000 (13 128) 14000 (14 119) 14000 (14 151) 11000 (15 33) 7000 (16 80) 5000 (16 89) 6000 (16 163) 6000 (16 164) 14000 (16 167) 13000 (17 8) 8000 (17 60) 6000 (17 62) 10000 (17 75) 5000 (17 140) 11000 (17 145) 9000 (17 158) 15000 (18 30) 13000 (18 34) 7000 (18 36) 15000 (18 99) 6000 (18 181) 11000 (19 32) 15000 (19 37) 14000 (19 76) 6000 (19 161) 12000 (19 177) 15000 (19 180) 7000 (20 22) 8000 (20 42) 8000 (20 75) 14000 (21 43) 14000 (21 88) 13000 (21 122) 13000 (21 165) 14000 (22 27) 12000 (22 92) 5000 (22 110) 11000 (22 172) 15000 (22 177) 10000 (23 32) 14000 (23 33) 10000 (23 109) 12000 (23 171) 9000 (24 28) 10000 (24 31) 10000 (24 116) 12000 (24 117) 10000 (25 38) 7000 (25 105) 6000 (25 156) 7000 (25 163) 12000 (26 155) 5000 (27 3) 11000 (27 82) 10000 (27 134) 10000 (27 139) 15000 (28 71) 9000 (28 77) 15000 (28 97) 6000 (28 163) 13000 (29 10) 9000 (29 13) 11000 (29 18) 6000 (29 91) 6000 (29 142) 12000 (29 168) 6000 (29 179) 8000 (30 18) 9000 (30 65) 14000 (30 67) 6000 (30 94) 5000 (30 116) 9000 ]

EmployeesThatShouldNotWorkTogetherWithEmployee: [
[ ]
[ ]
[ ]
[ 6 26 ]
[ 28 ]
[ ]
[ 28 ]
[ ]
[ 11 ]
[ 20 22 27 30 ]
[ 29 ]
[ 14 25 ]
[ ]
[ 25 ]
[ 19 ]
[ 23 ]
[ ]
[ ]
[ ]
[ ]
[ ]
[ 27 28 ]
[ ]
[ 30 ]
[ ]
[ ]
[ ]
[ ]
[ ]
[ ]
]

ShouldNotWorkTogetherCost: [ (4 6) 99 (4 26) 198 (5 28) 396 (7 28) 198 (9 11) 99 (10 20) 297 (10 22) 198 (10 27) 396 (10 30) 297 (11 29) 396 (12 14) 297 (12 25) 297 (14 25) 198 (15 19) 297 (16 23) 297 (22 27) 198 (22 28) 396 (24 30) 297 ]

ImmediatePredecessorsToActivity: [
[ ]
[ 1 ]
[ 1 ]
[ 2 ]
[ 1 ]
[ 2 ]
[ 1 ]
[ 2 3 ]
[ 2 ]
[ 6 8 ]
[ 4 10 ]
[ 3 7 ]
[ 7 ]
[ 5 12 ]
[ 7 10 ]
[ 7 ]
[ 12 13 15 ]
[ 3 11 15 ]
[ 3 10 13 ]
[ 8 13 ]
[ 1 ]
[ 3 5 ]
[ 6 ]
[ 1 ]
[ 2 21 ]
[ 6 8 ]
[ 4 7 ]
[ 11 15 21 ]
[ ]
[ 29 ]
[ 29 ]
[ 30 31 ]
[ 29 ]
[ 32 ]
[ 33 ]
[ 32 35 ]
[ 33 34 ]
[ 29 ]
[ 34 36 ]
[ 29 ]
[ 37 38 ]
[ 35 40 ]
[ 32 42 ]
[ 34 38 ]
[ 37 40 ]
[ 29 ]
[ 42 44 ]
[ 29 ]
[ 35 ]
[ 33 34 48 ]
[ 50 ]
[ ]
[ 52 ]
[ 52 ]
[ 52 ]
[ 53 54 55 ]
[ 52 ]
[ 52 ]
[ 58 ]
[ 56 57 ]
[ 54 55 58 ]
[ 52 ]
[ 59 ]
[ 54 55 ]
[ 58 63 64 ]
[ 52 ]
[ 52 ]
[ 55 60 ]
[ 57 ]
[ 63 64 ]
[ 57 66 ]
[ 53 55 67 ]
[ 61 66 68 ]
[ 53 67 ]
[ 58 63 ]
[ 54 67 ]
[ 53 60 64 76 ]
[ 58 60 66 72 76 ]
[ 64 67 ]
[ 56 ]
[ 61 ]
[ 56 64 75 ]
[ 56 59 64 75 ]
[ 61 63 67 ]
[ 64 68 72 ]
[ 59 60 72 ]
[ 60 64 ]
[ 57 59 64 ]
[ 56 76 ]
[ 57 59 70 81 87 ]
[ 52 ]
[ 59 64 ]
[ 57 61 66 70 72 77 82 87 92 ]
[ 87 ]
[ 75 76 ]
[ 57 63 66 68 72 87 ]
[ 53 57 63 64 76 ]
[ 57 64 76 ]
[ 61 68 72 77 79 82 92 94 ]
[ 54 55 59 87 ]
[ 70 72 97 98 ]
[ 64 75 81 84 ]
[ 68 72 79 81 88 ]
[ 66 72 79 84 88 94 97 ]
[ 57 59 61 ]
[ 61 68 70 72 75 76 ]
[ 53 ]
[ ]
[ 108 ]
[ 109 ]
[ 108 ]
[ 108 ]
[ 108 ]
[ 109 113 ]
[ 108 ]
[ 109 ]
[ 113 ]
[ 108 ]
[ 116 118 ]
[ 113 118 ]
[ 114 117 118 ]
[ 110 112 114 116 120 ]
[ 108 ]
[ 109 112 115 121 ]
[ 117 122 ]
[ 115 121 122 ]
[ 118 122 ]
[ 122 ]
[ 113 ]
[ 110 116 117 ]
[ 123 130 ]
[ 112 115 130 ]
[ 111 115 130 ]
[ 110 129 ]
[ 113 122 ]
[ 110 116 129 ]
[ 111 122 130 ]
[ 111 121 122 ]
[ 111 122 134 ]
[ 114 ]
[ 115 134 ]
[ 117 134 ]
[ 116 118 ]
[ 111 115 118 123 125 130 ]
[ 109 118 ]
[ 113 116 ]
[ 111 114 134 ]
[ 121 122 129 ]
[ 111 113 ]
[ 114 118 134 ]
[ 109 118 122 134 146 ]
[ ]
[ 152 ]
[ 152 ]
[ 152 ]
[ 154 155 ]
[ 153 156 ]
[ 153 156 ]
[ 156 ]
[ 157 ]
[ 152 ]
[ 152 ]
[ 156 162 ]
[ 162 ]
[ 152 ]
[ 152 ]
[ 152 ]
[ 152 ]
[ 157 158 ]
[ 153 154 163 ]
[ 156 ]
[ 153 164 ]
[ 152 ]
[ ]
[ 174 ]
[ 174 ]
[ 175 176 ]
[ 177 ]
[ 177 ]
[ 174 ]
[ 177 ]
[ 179 180 ]
[ 177 ]
[ 174 ]
[ 179 180 181 ]
[ 174 ]
[ 174 ]
[ 175 181 187 ]
[ 176 180 186 ]
[ 177 187 ]
[ 181 183 184 190 ]
[ 183 184 188 ]
[ 183 186 ]
[ 174 ]
[ 178 184 186 188 ]
[ 178 179 180 ]
[ 180 183 188 190 ]
[ 179 180 183 ]
[ 178 190 ]
[ 183 186 190 ]
[ 188 ]
[ 175 ]
[ 186 202 ]
[ 174 ]
[ 177 187 ]
[ 179 183 187 ]
[ 175 ]
[ 183 205 ]
[ ]
[ 209 ]
[ 209 ]
[ 209 ]
[ 211 212 ]
[ 213 ]
[ 209 ]
[ 214 ]
[ 209 ]
[ 211 ]
[ 212 217 ]
[ 213 ]
[ 214 ]
[ 216 ]
[ 209 ]
[ 213 218 221 ]
[ 215 220 223 ]
[ 225 ]
[ 225 ]
[ 212 217 223 ]
[ 219 221 225 ]
[ 213 215 ]
[ 209 ]
[ 223 ]
[ 216 219 225 228 ]
[ 225 231 ]
[ 211 228 ]
[ 225 ]
[ 212 217 230 231 235 ]
[ 212 225 231 ]
[ 212 217 230 232 ]
[ 216 220 231 235 ]
[ 235 ]
[ 213 219 228 ]
[ 211 216 221 228 231 ]
[ 212 230 232 235 ]
[ 211 228 232 ]
[ 213 215 219 231 232 ]
[ 211 225 228 231 232 ]
[ 218 221 225 241 246 ]
[ 220 247 ]
[ 215 219 220 223 231 ]
[ 217 225 ]
[ 225 231 ]
[ 221 230 246 ]
[ 214 227 239 247 ]
[ 213 216 225 228 232 ]
[ 213 232 235 ]
[ 216 225 231 242 ]
[ 239 246 247 ]
[ 214 220 239 241 246 247 ]
[ 212 223 231 ]
[ 214 246 ]
[ 212 ]
[ 221 235 239 250 260 ]
[ 213 232 ]
[ 232 ]
[ ]
[ 266 ]
[ 266 ]
[ 266 ]
[ 266 ]
[ 269 ]
[ 269 ]
[ 270 ]
[ 267 ]
[ 267 268 269 ]
[ 267 270 ]
[ 267 273 ]
[ 270 ]
[ 271 274 ]
[ 279 ]
[ 273 274 276 ]
[ 266 ]
[ 276 280 ]
[ 268 269 274 278 283 ]
[ 266 ]
[ 266 ]
[ 285 ]
[ 270 285 ]
[ 269 276 277 ]
[ 269 278 ]
[ 269 270 281 285 ]
[ 269 278 279 281 ]
[ 269 273 274 280 ]
[ 278 280 289 ]
[ 280 290 ]
[ ]
[ 296 ]
[ 296 ]
[ 297 ]
[ 299 ]
[ 299 ]
[ 299 ]
[ 298 ]
[ 299 ]
[ 298 ]
[ 298 ]
[ 301 304 ]
[ 306 ]
[ 301 306 ]
[ 302 306 ]
[ 304 ]
[ 296 ]
[ 299 ]
[ 297 300 302 312 ]
[ 300 301 ]
[ 314 ]
[ 297 306 ]
[ 298 301 ]
[ 299 ]
[ 305 319 ]
[ 299 ]
[ 297 300 308 312 ]
[ 300 306 312 ]
[ 301 321 322 ]
[ 312 ]
[ 297 ]
[ 314 317 319 326 ]
[ 302 308 312 ]
[ 314 317 321 ]
[ 306 ]
[ 299 303 314 323 ]
[ 297 306 312 321 ]
[ ]
[ 333 ]
[ 334 ]
[ 333 ]
[ 336 ]
[ 333 ]
[ 335 337 ]
[ 336 ]
[ 334 ]
[ 335 ]
[ 337 338 ]
[ 338 ]
[ 343 ]
[ 334 338 340 342 ]
[ 340 343 ]
[ 335 345 ]
[ 335 336 ]
[ 337 338 340 ]
[ 337 342 348 ]
[ 334 348 350 ]
[ 337 ]
[ 334 338 ]
[ 335 337 340 341 ]
[ 343 ]
[ 335 353 ]
[ 336 343 354 ]
[ 340 341 353 354 ]
[ 340 341 348 358 ]
]

ActivitiesInProject: [
[ 1 2 3 4 5 6 7 8 9 10 11 12 13 14 15 16 17 18 19 20 21 22 23 24 25 26 27 28 ]
[ 29 30 31 32 33 34 35 36 37 38 39 40 41 42 43 44 45 46 47 48 49 50 51 ]
[ 52 53 54 55 56 57 58 59 60 61 62 63 64 65 66 67 68 69 70 71 72 73 74 75 76 77 78 79 80 81 82 83 84 85 86 87 88 89 90 91 92 93 94 95 96 97 98 99 100 101 102 103 104 105 106 107 ]
[ 108 109 110 111 112 113 114 115 116 117 118 119 120 121 122 123 124 125 126 127 128 129 130 131 132 133 134 135 136 137 138 139 140 141 142 143 144 145 146 147 148 149 150 151 ]
[ 152 153 154 155 156 157 158 159 160 161 162 163 164 165 166 167 168 169 170 171 172 173 ]
[ 174 175 176 177 178 179 180 181 182 183 184 185 186 187 188 189 190 191 192 193 194 195 196 197 198 199 200 201 202 203 204 205 206 207 208 ]
[ 209 210 211 212 213 214 215 216 217 218 219 220 221 222 223 224 225 226 227 228 229 230 231 232 233 234 235 236 237 238 239 240 241 242 243 244 245 246 247 248 249 250 251 252 253 254 255 256 257 258 259 260 261 262 263 264 265 ]
[ 266 267 268 269 270 271 272 273 274 275 276 277 278 279 280 281 282 283 284 285 286 287 288 289 290 291 292 293 294 295 ]
[ 296 297 298 299 300 301 302 303 304 305 306 307 308 309 310 311 312 313 314 315 316 317 318 319 320 321 322 323 324 325 326 327 328 329 330 331 332 ]
[ 333 334 335 336 337 338 339 340 341 342 343 344 345 346 347 348 349 350 351 352 353 354 355 356 357 358 359 360 ]
]

nActivityModes: [ 2 2 2 2 2 2 2 2 2 2 2 2 2 2 2 2 2 2 2 2 2 2 2 2 2 2 2 2 2 2 2 2 2 2 2 2 2 2 2 2 2 2 2 2 2 2 2 2 2 2 2 2 2 2 2 2 2 2 2 2 2 2 2 2 2 2 2 2 2 2 2 2 2 2 2 2 2 2 2 2 2 2 2 2 2 2 2 2 2 2 2 2 2 2 2 2 2 2 2 2 2 2 2 2 2 2 2 2 2 2 2 2 2 2 2 2 2 2 2 2 2 2 2 2 2 2 2 2 2 2 2 2 2 2 2 2 2 2 2 2 2 2 2 2 2 2 2 2 2 2 2 2 2 2 2 2 2 2 2 2 2 2 2 2 2 2 2 2 2 2 2 2 2 2 2 2 2 2 2 2 2 2 2 2 2 2 2 2 2 2 2 2 2 2 2 2 2 2 2 2 2 2 2 2 2 2 2 2 2 2 2 2 2 2 2 2 2 2 2 2 2 2 2 2 2 2 2 2 2 2 2 2 2 2 2 2 2 2 2 2 2 2 2 2 2 2 2 2 2 2 2 2 2 2 2 2 2 2 2 2 2 2 2 2 2 2 2 2 2 2 2 2 2 2 2 2 2 2 2 2 2 2 2 2 2 2 2 2 2 2 2 2 2 2 2 2 2 2 2 2 2 2 2 2 2 2 2 2 2 2 2 2 2 2 2 2 2 2 2 2 2 2 2 2 2 2 2 2 2 2 2 2 2 2 2 2 2 2 2 2 2 2 2 2 2 2 2 2 2 2 2 2 2 2 2 2 2 2 2 2 ]

ActivityDurationWithMode: [
1	1	
23	16	
7	5	
12	8	
10	7	
9	6	
14	10	
14	10	
42	28	
10	7	
7	5	
9	6	
8	6	
12	8	
7	5	
48	32	
9	6	
12	8	
15	10	
19	13	
39	26	
12	8	
24	16	
31	21	
26	18	
29	20	
12	8	
12	8	
1	1	
11	8	
5	4	
10	7	
13	9	
6	4	
15	10	
7	5	
5	4	
30	20	
7	5	
6	4	
12	8	
8	6	
8	6	
7	5	
9	6	
41	28	
5	4	
13	9	
13	9	
10	7	
9	6	
1	1	
18	12	
25	17	
18	12	
17	12	
61	41	
39	26	
20	14	
15	10	
32	22	
125	84	
24	16	
22	15	
51	34	
120	80	
19	13	
18	12	
77	52	
34	23	
20	14	
82	55	
16	11	
110	74	
25	17	
20	14	
25	17	
20	14	
72	48	
89	60	
43	29	
17	12	
25	17	
32	22	
30	20	
33	22	
17	12	
60	40	
85	57	
17	12	
131	88	
24	16	
15	10	
27	18	
25	17	
17	12	
24	16	
54	36	
14	10	
38	26	
22	15	
19	13	
19	13	
18	12	
58	39	
22	15	
120	80	
1	1	
12	8	
13	9	
33	22	
14	10	
21	14	
28	19	
79	53	
15	10	
38	26	
12	8	
56	38	
13	9	
15	10	
13	9	
79	53	
10	7	
18	12	
10	7	
27	18	
25	17	
35	24	
15	10	
10	7	
11	8	
10	7	
9	6	
18	12	
27	18	
11	8	
10	7	
19	13	
37	25	
11	8	
18	12	
39	26	
9	6	
10	7	
38	26	
23	16	
10	7	
52	35	
19	13	
18	12	
1	1	
13	9	
13	9	
12	8	
5	4	
13	9	
14	10	
15	10	
11	8	
33	22	
7	5	
14	10	
5	4	
43	29	
33	22	
32	22	
23	16	
10	7	
10	7	
10	7	
13	9	
13	9	
1	1	
38	26	
42	28	
12	8	
14	10	
19	13	
78	52	
12	8	
11	8	
19	13	
70	47	
21	14	
35	24	
73	49	
11	8	
14	10	
12	8	
12	8	
13	9	
16	11	
95	64	
12	8	
11	8	
14	10	
17	12	
10	7	
11	8	
12	8	
10	7	
45	30	
90	60	
15	10	
22	15	
38	26	
10	7	
1	1	
134	90	
16	11	
22	15	
36	24	
42	28	
79	53	
16	11	
26	18	
113	76	
22	15	
24	16	
19	13	
15	10	
21	14	
14	10	
18	12	
27	18	
27	18	
37	25	
23	16	
25	17	
20	14	
29	20	
25	17	
30	20	
42	28	
41	28	
35	24	
24	16	
20	14	
27	18	
14	10	
65	44	
20	14	
15	10	
76	51	
36	24	
18	12	
14	10	
20	14	
18	12	
33	22	
38	26	
22	15	
14	10	
26	18	
34	23	
14	10	
15	10	
18	12	
34	23	
27	18	
120	80	
17	12	
54	36	
85	57	
1	1	
16	11	
65	44	
16	11	
16	11	
9	6	
48	32	
10	7	
9	6	
8	6	
10	7	
18	12	
25	17	
9	6	
14	10	
19	13	
15	10	
12	8	
8	6	
29	20	
66	44	
45	30	
29	20	
12	8	
9	6	
27	18	
28	19	
25	17	
18	12	
18	12	
1	1	
10	7	
9	6	
18	12	
11	8	
23	16	
15	10	
50	34	
37	25	
35	24	
11	8	
10	7	
18	12	
18	12	
30	20	
10	7	
16	11	
46	31	
10	7	
18	12	
23	16	
23	16	
15	10	
27	18	
10	7	
12	8	
10	7	
23	16	
17	12	
50	34	
48	32	
16	11	
33	22	
17	12	
39	26	
8	6	
16	11	
1	1	
35	24	
19	13	
17	12	
8	6	
10	7	
17	12	
10	7	
16	11	
10	7	
18	12	
63	42	
12	8	
11	8	
11	8	
9	6	
20	14	
23	16	
12	8	
9	6	
25	17	
11	8	
21	14	
31	21	
13	9	
16	11	
25	17	
10	7	
]

StintsInProject: [
[ 1 2 3 4 5 6 7 8 9 10 11 12 13 ]
[ 14 15 16 17 18 19 20 21 22 23 24 25 26 27 28 29 30 31 32 33 34 35 36 37 38 39 ]
[ 40 41 42 43 44 45 46 47 48 49 50 51 52 ]
[ 53 54 55 56 57 58 59 60 61 62 63 64 65 66 67 68 69 70 71 72 73 74 75 76 77 78 ]
[ 79 80 81 82 83 84 85 86 87 88 89 90 91 92 93 94 95 96 97 98 99 100 101 102 103 104 ]
[ 105 106 107 108 109 110 111 112 113 114 115 116 117 ]
[ 118 119 120 121 122 123 124 125 126 127 128 129 130 ]
[ 131 132 133 134 135 136 137 138 139 140 141 142 143 ]
[ 144 145 146 147 148 149 150 151 152 153 154 155 156 157 158 159 160 161 162 163 164 165 166 167 168 169 ]
[ 170 171 172 173 174 175 176 177 178 179 180 181 182 ]
]

WorkingStintsOnDay: [
[ 1 14 40 53 79 105 118 131 144 170 ]
[ 1 14 40 53 79 105 118 131 144 170 ]
[ 1 14 40 53 79 105 118 131 144 170 ]
[ 1 14 40 53 79 105 118 131 144 170 ]
[ 1 14 40 53 79 105 118 131 144 170 ]
[ 1 40 105 118 131 170 ]
[ 1 40 105 118 131 170 ]
[ 1 15 40 54 80 105 118 131 145 170 ]
[ 1 15 40 54 80 105 118 131 145 170 ]
[ 1 15 40 54 80 105 118 131 145 170 ]
[ 1 15 40 54 80 105 118 131 145 170 ]
[ 1 15 40 54 80 105 118 131 145 170 ]
[ 105 170 ]
[ 105 170 ]
[ 2 16 41 55 81 106 119 132 146 171 ]
[ 2 16 41 55 81 106 119 132 146 171 ]
[ 2 16 41 55 81 106 119 132 146 171 ]
[ 2 16 41 55 81 106 119 132 146 171 ]
[ 2 16 41 55 81 106 119 132 146 171 ]
[ 2 41 106 119 132 171 ]
[ 2 41 106 119 132 171 ]
[ 2 17 41 56 82 106 119 132 147 171 ]
[ 2 17 41 56 82 106 119 132 147 171 ]
[ 2 17 41 56 82 106 119 132 147 171 ]
[ 2 17 41 56 82 106 119 132 147 171 ]
[ 2 17 41 56 82 106 119 132 147 171 ]
[ 106 171 ]
[ 106 171 ]
[ 3 18 42 57 83 107 120 133 148 172 ]
[ 3 18 42 57 83 107 120 133 148 172 ]
[ 3 18 42 57 83 107 120 133 148 172 ]
[ 3 18 42 57 83 107 120 133 148 172 ]
[ 3 18 42 57 83 107 120 133 148 172 ]
[ 3 42 107 120 133 172 ]
[ 3 42 107 120 133 172 ]
[ 3 19 42 58 84 107 120 133 149 172 ]
[ 3 19 42 58 84 107 120 133 149 172 ]
[ 3 19 42 58 84 107 120 133 149 172 ]
[ 3 19 42 58 84 107 120 133 149 172 ]
[ 3 19 42 58 84 107 120 133 149 172 ]
[ 107 172 ]
[ 107 172 ]
[ 4 20 43 59 85 108 121 134 150 173 ]
[ 4 20 43 59 85 108 121 134 150 173 ]
[ 4 20 43 59 85 108 121 134 150 173 ]
[ 4 20 43 59 85 108 121 134 150 173 ]
[ 4 20 43 59 85 108 121 134 150 173 ]
[ 4 43 108 121 134 173 ]
[ 4 43 108 121 134 173 ]
[ 4 21 43 60 86 108 121 134 151 173 ]
[ 4 21 43 60 86 108 121 134 151 173 ]
[ 4 21 43 60 86 108 121 134 151 173 ]
[ 4 21 43 60 86 108 121 134 151 173 ]
[ 4 21 43 60 86 108 121 134 151 173 ]
[ 108 173 ]
[ 108 173 ]
[ 5 22 44 61 87 109 122 135 152 174 ]
[ 5 22 44 61 87 109 122 135 152 174 ]
[ 5 22 44 61 87 109 122 135 152 174 ]
[ 5 22 44 61 87 109 122 135 152 174 ]
[ 5 22 44 61 87 109 122 135 152 174 ]
[ 5 44 109 122 135 174 ]
[ 5 44 109 122 135 174 ]
[ 5 23 44 62 88 109 122 135 153 174 ]
[ 5 23 44 62 88 109 122 135 153 174 ]
[ 5 23 44 62 88 109 122 135 153 174 ]
[ 5 23 44 62 88 109 122 135 153 174 ]
[ 5 23 44 62 88 109 122 135 153 174 ]
[ 109 174 ]
[ 109 174 ]
[ 6 24 45 63 89 110 123 136 154 175 ]
[ 6 24 45 63 89 110 123 136 154 175 ]
[ 6 24 45 63 89 110 123 136 154 175 ]
[ 6 24 45 63 89 110 123 136 154 175 ]
[ 6 24 45 63 89 110 123 136 154 175 ]
[ 6 45 110 123 136 175 ]
[ 6 45 110 123 136 175 ]
[ 6 25 45 64 90 110 123 136 155 175 ]
[ 6 25 45 64 90 110 123 136 155 175 ]
[ 6 25 45 64 90 110 123 136 155 175 ]
[ 6 25 45 64 90 110 123 136 155 175 ]
[ 6 25 45 64 90 110 123 136 155 175 ]
[ 110 175 ]
[ 110 175 ]
[ 7 26 46 65 91 111 124 137 156 176 ]
[ 7 26 46 65 91 111 124 137 156 176 ]
[ 7 26 46 65 91 111 124 137 156 176 ]
[ 7 26 46 65 91 111 124 137 156 176 ]
[ 7 26 46 65 91 111 124 137 156 176 ]
[ 7 46 111 124 137 176 ]
[ 7 46 111 124 137 176 ]
[ 7 27 46 66 92 111 124 137 157 176 ]
[ 7 27 46 66 92 111 124 137 157 176 ]
[ 7 27 46 66 92 111 124 137 157 176 ]
[ 7 27 46 66 92 111 124 137 157 176 ]
[ 7 27 46 66 92 111 124 137 157 176 ]
[ 111 176 ]
[ 111 176 ]
[ 8 28 47 67 93 112 125 138 158 177 ]
[ 8 28 47 67 93 112 125 138 158 177 ]
[ 8 28 47 67 93 112 125 138 158 177 ]
[ 8 28 47 67 93 112 125 138 158 177 ]
[ 8 28 47 67 93 112 125 138 158 177 ]
[ 8 47 112 125 138 177 ]
[ 8 47 112 125 138 177 ]
[ 8 29 47 68 94 112 125 138 159 177 ]
[ 8 29 47 68 94 112 125 138 159 177 ]
[ 8 29 47 68 94 112 125 138 159 177 ]
[ 8 29 47 68 94 112 125 138 159 177 ]
[ 8 29 47 68 94 112 125 138 159 177 ]
[ 112 177 ]
[ 112 177 ]
[ 9 30 48 69 95 113 126 139 160 178 ]
[ 9 30 48 69 95 113 126 139 160 178 ]
[ 9 30 48 69 95 113 126 139 160 178 ]
[ 9 30 48 69 95 113 126 139 160 178 ]
[ 9 30 48 69 95 113 126 139 160 178 ]
[ 9 48 113 126 139 178 ]
[ 9 48 113 126 139 178 ]
[ 9 31 48 70 96 113 126 139 161 178 ]
[ 9 31 48 70 96 113 126 139 161 178 ]
[ 9 31 48 70 96 113 126 139 161 178 ]
[ 9 31 48 70 96 113 126 139 161 178 ]
[ 9 31 48 70 96 113 126 139 161 178 ]
[ 113 178 ]
[ 113 178 ]
[ 10 32 49 71 97 114 127 140 162 179 ]
[ 10 32 49 71 97 114 127 140 162 179 ]
[ 10 32 49 71 97 114 127 140 162 179 ]
[ 10 32 49 71 97 114 127 140 162 179 ]
[ 10 32 49 71 97 114 127 140 162 179 ]
[ 10 49 114 127 140 179 ]
[ 10 49 114 127 140 179 ]
[ 10 33 49 72 98 114 127 140 163 179 ]
[ 10 33 49 72 98 114 127 140 163 179 ]
[ 10 33 49 72 98 114 127 140 163 179 ]
[ 10 33 49 72 98 114 127 140 163 179 ]
[ 10 33 49 72 98 114 127 140 163 179 ]
[ 114 179 ]
[ 114 179 ]
[ 11 34 50 73 99 115 128 141 164 180 ]
[ 11 34 50 73 99 115 128 141 164 180 ]
[ 11 34 50 73 99 115 128 141 164 180 ]
[ 11 34 50 73 99 115 128 141 164 180 ]
[ 11 34 50 73 99 115 128 141 164 180 ]
[ 11 50 115 128 141 180 ]
[ 11 50 115 128 141 180 ]
[ 11 35 50 74 100 115 128 141 165 180 ]
[ 11 35 50 74 100 115 128 141 165 180 ]
[ 11 35 50 74 100 115 128 141 165 180 ]
[ 11 35 50 74 100 115 128 141 165 180 ]
[ 11 35 50 74 100 115 128 141 165 180 ]
[ 115 180 ]
[ 115 180 ]
[ 12 36 51 75 101 116 129 142 166 181 ]
[ 12 36 51 75 101 116 129 142 166 181 ]
[ 12 36 51 75 101 116 129 142 166 181 ]
[ 12 36 51 75 101 116 129 142 166 181 ]
[ 12 36 51 75 101 116 129 142 166 181 ]
[ 12 51 116 129 142 181 ]
[ 12 51 116 129 142 181 ]
[ 12 37 51 76 102 116 129 142 167 181 ]
[ 12 37 51 76 102 116 129 142 167 181 ]
[ 12 37 51 76 102 116 129 142 167 181 ]
[ 12 37 51 76 102 116 129 142 167 181 ]
[ 12 37 51 76 102 116 129 142 167 181 ]
[ 116 181 ]
[ 116 181 ]
[ 13 38 52 77 103 117 130 143 168 182 ]
[ 13 38 52 77 103 117 130 143 168 182 ]
[ 13 38 52 77 103 117 130 143 168 182 ]
[ 13 38 52 77 103 117 130 143 168 182 ]
[ 13 38 52 77 103 117 130 143 168 182 ]
[ 13 52 117 130 143 182 ]
[ 13 52 117 130 143 182 ]
[ 13 39 52 78 104 117 130 143 169 182 ]
[ 13 39 52 78 104 117 130 143 169 182 ]
[ 13 39 52 78 104 117 130 143 169 182 ]
[ 13 39 52 78 104 117 130 143 169 182 ]
[ 13 39 52 78 104 117 130 143 169 182 ]
]

ProjectStart: [ 37 39 3 35 33 59 9 37 3 47 ]

ProjectEnd: [ 116 104 166 162 94 159 176 124 111 126 ]

EarliestStartDayForActivity: [ 1 37 37 64 37 64 37 64 64 80 92 53 53 64 92 53 101 101 92 80 37 49 75 37 82 80 78 101 1 39 39 54 39 68 58 79 76 39 88 39 83 79 89 81 83 39 90 39 79 76 90 1 3 3 3 32 3 3 48 74 48 3 72 32 100 3 3 91 74 100 143 24 143 24 100 32 91 143 58 51 86 129 129 100 120 120 91 74 54 138 3 72 148 110 129 143 100 74 148 110 138 136 144 144 86 138 23 1 35 52 35 35 35 65 35 52 65 35 73 65 117 103 35 145 122 145 122 122 65 117 145 145 145 114 122 114 138 138 125 103 145 125 73 146 52 73 125 138 81 125 125 1 33 33 33 52 59 59 59 76 33 33 59 44 33 33 33 33 79 79 59 52 33 1 59 59 101 113 113 59 113 137 113 59 137 59 59 132 137 132 144 143 132 59 143 137 144 137 144 144 143 97 107 59 132 132 97 147 1 9 9 9 35 77 9 125 9 27 39 77 125 145 9 160 105 125 125 39 148 102 9 34 145 125 82 125 132 125 131 145 132 82 148 132 82 102 125 160 147 105 125 125 148 158 145 132 159 153 153 35 144 35 153 77 67 1 37 37 37 37 55 55 55 55 114 55 67 55 66 77 67 37 93 114 37 37 72 72 89 86 90 90 93 103 95 1 3 3 17 41 41 41 16 41 16 16 94 31 74 62 94 3 41 62 74 76 31 74 41 80 41 58 58 74 25 17 83 62 76 31 89 59 1 47 82 47 64 47 101 64 82 101 72 57 90 111 90 102 101 74 111 111 72 82 101 90 101 93 98 111 ]

LatestStartDayForActivity: [ 1 116 116 116 116 116 116 116 116 116 116 116 116 116 116 116 116 116 116 116 116 116 116 116 116 116 116 116 1 104 104 104 104 104 104 104 104 104 104 104 104 104 104 104 104 104 104 104 104 104 104 1 166 166 166 166 166 166 166 166 166 166 166 166 166 166 166 166 166 166 166 166 166 166 166 166 166 166 166 166 166 166 166 166 166 166 166 166 166 166 166 166 166 166 166 166 166 166 166 166 166 166 166 166 166 166 166 1 162 162 162 162 162 162 162 162 162 162 162 162 162 162 162 162 162 162 162 162 162 162 162 162 162 162 162 162 162 162 162 162 162 162 162 162 162 162 162 162 162 162 162 1 94 94 94 94 94 94 94 94 94 94 94 94 94 94 94 94 94 94 94 94 94 1 159 159 159 159 159 159 159 159 159 159 159 159 159 159 159 159 159 159 159 159 159 159 159 159 159 159 159 159 159 159 159 159 159 159 1 176 176 176 176 176 176 176 176 176 176 176 176 176 176 176 176 176 176 176 176 176 176 176 176 176 176 176 176 176 176 176 176 176 176 176 176 176 176 176 176 176 176 176 176 176 176 176 176 176 176 176 176 176 176 176 176 1 124 124 124 124 124 124 124 124 124 124 124 124 124 124 124 124 124 124 124 124 124 124 124 124 124 124 124 124 124 1 111 111 111 111 111 111 111 111 111 111 111 111 111 111 111 111 111 111 111 111 111 111 111 111 111 111 111 111 111 111 111 111 111 111 111 111 1 126 126 126 126 126 126 126 126 126 126 126 126 126 126 126 126 126 126 126 126 126 126 126 126 126 126 126 ]

EquipmentTypeDemandInActivityWithMode: [
0	1	
0	1	
0	1	
0	1	
0	1	
1	3	
0	1	
0	1	
0	1	
0	1	
1	3	
0	1	
0	1	
0	1	
0	1	
1	3	
0	1	
1	3	
0	1	
0	1	
1	3	
0	1	
0	1	
1	3	
0	1	
0	1	
0	1	
0	1	
0	1	
0	1	
1	3	
1	3	
1	3	
0	1	
0	1	
0	1	
1	3	
0	1	
0	1	
0	1	
0	1	
0	1	
0	1	
0	1	
1	3	
0	1	
1	3	
0	1	
0	1	
0	1	
0	1	
0	1	
0	1	
0	1	
0	1	
0	1	
0	1	
0	1	
0	1	
0	1	
0	1	
1	3	
1	3	
0	1	
0	1	
0	1	
0	1	
0	1	
1	3	
0	1	
0	1	
1	3	
0	1	
0	1	
1	3	
0	1	
0	1	
0	1	
0	1	
0	1	
0	1	
0	1	
0	1	
1	3	
1	3	
0	1	
0	1	
0	1	
0	1	
0	1	
0	1	
0	1	
0	1	
0	1	
0	1	
0	1	
0	1	
1	3	
0	1	
0	1	
0	1	
1	3	
0	1	
0	1	
0	1	
0	1	
0	1	
0	1	
0	1	
0	1	
1	3	
1	3	
0	1	
1	3	
1	3	
0	1	
0	1	
1	3	
0	1	
1	3	
1	3	
1	3	
0	1	
0	1	
1	3	
1	3	
1	3	
1	3	
2	4	
0	1	
1	3	
0	1	
0	1	
0	1	
1	3	
0	1	
0	1	
1	3	
0	1	
0	1	
1	3	
0	1	
1	3	
0	1	
0	1	
0	1	
0	1	
0	1	
1	3	
0	1	
1	3	
0	1	
1	3	
0	1	
0	1	
1	3	
0	1	
1	3	
1	3	
0	1	
0	1	
1	3	
0	1	
1	3	
0	1	
0	1	
0	1	
0	1	
2	4	
1	3	
0	1	
0	1	
0	1	
0	1	
1	3	
0	1	
0	1	
0	1	
0	1	
1	3	
1	3	
0	1	
0	1	
0	1	
0	1	
0	1	
0	1	
0	1	
0	1	
0	1	
0	1	
0	1	
0	1	
0	1	
0	1	
1	3	
1	3	
0	1	
0	1	
0	1	
1	3	
0	1	
1	3	
0	1	
0	1	
0	1	
0	1	
0	1	
0	1	
1	3	
0	1	
0	1	
0	1	
0	1	
0	1	
1	3	
0	1	
0	1	
0	1	
0	1	
0	1	
1	3	
0	1	
1	3	
0	1	
0	1	
0	1	
0	1	
0	1	
0	1	
1	3	
1	3	
1	3	
0	1	
0	1	
1	3	
0	1	
0	1	
0	1	
1	3	
0	1	
1	3	
0	1	
0	1	
0	1	
0	1	
0	1	
0	1	
1	3	
1	3	
1	3	
0	1	
0	1	
0	1	
0	1	
0	1	
0	1	
0	1	
0	1	
0	1	
0	1	
1	3	
1	3	
0	1	
0	1	
0	1	
0	1	
0	1	
0	1	
0	1	
1	3	
1	3	
0	1	
1	3	
0	1	
1	3	
1	3	
1	3	
1	3	
0	1	
0	1	
1	3	
0	1	
1	3	
0	1	
0	1	
0	1	
0	1	
0	1	
0	1	
1	3	
0	1	
1	3	
0	1	
0	1	
0	1	
0	1	
0	1	
0	1	
0	1	
0	1	
0	1	
2	4	
0	1	
0	1	
1	3	
1	3	
0	1	
0	1	
0	1	
0	1	
0	1	
1	3	
0	1	
1	3	
0	1	
0	1	
2	4	
0	1	
0	1	
0	1	
0	1	
0	1	
0	1	
0	1	
0	1	
0	1	
0	1	
0	1	
1	3	
2	4	
0	1	
0	1	
0	1	
0	1	
0	1	
0	1	
0	1	
0	1	
0	1	
0	1	
0	1	
0	1	
0	1	
1	3	
0	1	
0	1	
1	3	
0	1	
0	1	
0	1	
0	1	
1	3	
0	1	
0	1	
1	3	
0	1	
0	1	
0	1	
1	3	

0	1	
1	3	
2	4	
0	1	
0	1	
1	3	
0	1	
0	1	
0	1	
1	3	
0	1	
0	1	
0	1	
0	1	
0	1	
0	1	
1	3	
0	1	
0	1	
0	1	
0	1	
0	1	
0	1	
0	1	
1	3	
0	1	
0	1	
0	1	
0	1	
0	1	
0	1	
0	1	
0	1	
0	1	
1	3	
0	1	
0	1	
0	1	
1	3	
0	1	
1	3	
0	1	
0	1	
1	3	
0	1	
0	1	
0	1	
0	1	
0	1	
1	3	
0	1	
0	1	
0	1	
0	1	
1	3	
1	3	
2	4	
1	3	
1	3	
0	1	
0	1	
0	1	
0	1	
0	1	
1	3	
0	1	
0	1	
1	3	
0	1	
0	1	
2	4	
0	1	
0	1	
0	1	
0	1	
1	3	
0	1	
0	1	
2	4	
0	1	
0	1	
0	1	
0	1	
2	4	
0	1	
0	1	
0	1	
1	3	
0	1	
0	1	
1	3	
1	3	
0	1	
1	3	
0	1	
0	1	
0	1	
0	1	
1	3	
0	1	
0	1	
0	1	
0	1	
0	1	
1	3	
1	3	
0	1	
0	1	
0	1	
1	3	
0	1	
1	3	
0	1	
2	4	
0	1	
1	3	
0	1	
0	1	
0	1	
1	3	
0	1	
1	3	
0	1	
0	1	
0	1	
0	1	
0	1	
0	1	
0	1	
0	1	
1	3	
0	1	
1	3	
0	1	
1	3	
0	1	
1	3	
0	1	
0	1	
1	3	
0	1	
0	1	
1	3	
1	3	
2	4	
0	1	
0	1	
1	3	
0	1	
0	1	
0	1	
0	1	
0	1	
0	1	
1	3	
0	1	
1	3	
0	1	
0	1	
0	1	
0	1	
1	3	
0	1	
0	1	
1	3	
0	1	
1	3	
0	1	
0	1	
0	1	
1	3	
0	1	
1	3	
0	1	
0	1	
1	3	
0	1	
0	1	
1	3	
0	1	
0	1	
0	1	
0	1	
0	1	
0	1	
1	3	
0	1	
1	3	
0	1	
0	1	
0	1	
0	1	
2	4	
0	1	
0	1	
1	3	
0	1	
1	3	
0	1	
0	1	
1	3	
1	3	
1	3	
1	3	
1	3	
0	1	
0	1	
0	1	
0	1	
0	1	
0	1	
1	3	
1	3	
0	1	
0	1	
2	4	
0	1	
0	1	
1	3	
0	1	
1	3	
0	1	
0	1	
0	1	
0	1	
1	3	
0	1	
0	1	
0	1	
0	1	
0	1	
0	1	
1	3	
1	3	
1	3	
1	3	
0	1	
0	1	
1	3	
0	1	
0	1	
0	1	
0	1	
0	1	
0	1	
0	1	
1	3	
0	1	
0	1	
0	1	
1	3	
0	1	
0	1	
0	1	
1	3	
0	1	
1	3	
0	1	
0	1	
2	4	
0	1	
0	1	
1	3	
0	1	
0	1	
0	1	
0	1	
0	1	
0	1	
2	4	
1	3	
0	1	
0	1	
0	1	
1	3	
1	3	
1	3	
0	1	
0	1	
0	1	
0	1	
0	1	
0	1	
1	3	
0	1	
1	3	
0	1	
0	1	
1	3	
0	1	
0	1	
0	1	
0	1	
0	1	
0	1	
0	1	
0	1	
1	3	
0	1	
1	3	
0	1	
0	1	
0	1	
0	1	
1	3	
1	3	
0	1	
0	1	
0	1	
1	3	
1	3	
2	4	
1	3	
0	1	
0	1	
0	1	
1	3	
1	3	
0	1	
0	1	
0	1	
0	1	
1	3	
0	1	
0	1	
1	3	
2	4	
0	1	
0	1	
1	3	
0	1	
0	1	
0	1	
1	3	
0	1	
0	1	
1	3	
0	1	
0	1	
1	3	
2	4	
0	1	
1	3	
1	3	
1	3	
0	1	
1	3	
1	3	
0	1	
0	1	
2	4	
0	1	
0	1	
1	3	
0	1	
1	3	
0	1	
0	1	
1	3	
0	1	

0	1	
0	1	
1	3	
0	1	
0	1	
0	1	
0	1	
0	1	
0	1	
0	1	
0	1	
0	1	
1	3	
1	3	
0	1	
1	3	
0	1	
0	1	
0	1	
0	1	
0	1	
0	1	
0	1	
0	1	
1	3	
0	1	
0	1	
1	3	
0	1	
0	1	
0	1	
0	1	
0	1	
0	1	
0	1	
0	1	
0	1	
0	1	
0	1	
0	1	
1	3	
0	1	
1	3	
1	3	
0	1	
1	3	
0	1	
0	1	
0	1	
0	1	
0	1	
0	1	
1	3	
0	1	
0	1	
0	1	
0	1	
0	1	
0	1	
0	1	
0	1	
0	1	
1	3	
0	1	
1	3	
0	1	
1	3	
0	1	
0	1	
1	3	
0	1	
1	3	
0	1	
0	1	
1	3	
0	1	
1	3	
0	1	
0	1	
0	1	
0	1	
0	1	
1	3	
0	1	
0	1	
1	3	
0	1	
0	1	
1	3	
0	1	
1	3	
0	1	
0	1	
1	3	
0	1	
0	1	
0	1	
1	3	
1	3	
1	3	
0	1	
1	3	
0	1	
1	3	
0	1	
0	1	
0	1	
0	1	
1	3	
0	1	
0	1	
2	4	
0	1	
1	3	
0	1	
0	1	
0	1	
1	3	
0	1	
0	1	
0	1	
0	1	
0	1	
0	1	
1	3	
0	1	
0	1	
0	1	
0	1	
0	1	
1	3	
0	1	
0	1	
1	3	
0	1	
0	1	
0	1	
0	1	
0	1	
0	1	
0	1	
0	1	
1	3	
1	3	
0	1	
0	1	
1	3	
0	1	
0	1	
0	1	
0	1	
0	1	
2	4	
0	1	
0	1	
0	1	
1	3	
0	1	
1	3	
0	1	
0	1	
0	1	
0	1	
1	3	
0	1	
1	3	
1	3	
1	3	
0	1	
0	1	
0	1	
1	3	
0	1	
0	1	
0	1	
0	1	
0	1	
1	3	
0	1	
0	1	
1	3	
1	3	
0	1	
2	4	
0	1	
0	1	
0	1	
0	1	
1	3	
1	3	
0	1	
0	1	
0	1	
0	1	
0	1	
0	1	
0	1	
1	3	
0	1	
0	1	
1	3	
0	1	
1	3	
0	1	
0	1	
0	1	
0	1	
0	1	
0	1	
1	3	
0	1	
1	3	
0	1	
1	3	
1	3	
0	1	
0	1	
0	1	
0	1	
0	1	
1	3	
0	1	
0	1	
1	3	
0	1	
0	1	
0	1	
1	3	
0	1	
0	1	
0	1	
2	4	
0	1	
0	1	
0	1	
0	1	
0	1	
0	1	
1	3	
0	1	
0	1	
1	3	
1	3	
0	1	
0	1	
0	1	
0	1	
0	1	
0	1	
1	3	
2	4	
1	3	
0	1	
0	1	
0	1	
0	1	
0	1	
1	3	
0	1	
0	1	
0	1	
0	1	
1	3	
0	1	
0	1	
0	1	
1	3	
1	3	
0	1	
0	1	
0	1	
0	1	
0	1	
0	1	
1	3	
0	1	
0	1	
0	1	
0	1	
1	3	
0	1	
1	3	
0	1	
0	1	
0	1	
0	1	
0	1	
0	1	
0	1	
0	1	
0	1	
0	1	
0	1	
0	1	
0	1	
0	1	
1	3	
0	1	
0	1	
0	1	
0	1	
0	1	
1	3	
0	1	
1	3	
0	1	
0	1	
1	3	
0	1	
0	1	
1	3	
1	3	
0	1	
0	1	
0	1	
0	1	
0	1	
0	1	
0	1	
1	3	
0	1	
0	1	
1	3	
0	1	
0	1	
0	1	
0	1	
0	1	
1	3	
1	3	
0	1	
0	1	
0	1	
0	1	
0	1	
0	1	
0	1	
0	1	
0	1	
1	3	
1	3	
0	1	
1	3	
2	4	
1	3	
0	1	
0	1	
0	1	
0	1	
0	1	
1	3	
0	1	
0	1	
0	1	
0	1	
0	1	
0	1	
0	1	
0	1	
0	1	

0	1	
0	1	
0	1	
0	1	
0	1	
0	1	
0	1	
1	3	
0	1	
0	1	
0	1	
0	1	
1	3	
0	1	
0	1	
0	1	
0	1	
0	1	
0	1	
0	1	
0	1	
1	3	
0	1	
0	1	
0	1	
1	3	
1	3	
0	1	
0	1	
1	3	
0	1	
0	1	
0	1	
0	1	
0	1	
0	1	
0	1	
0	1	
1	3	
0	1	
0	1	
0	1	
1	3	
0	1	
0	1	
0	1	
1	3	
0	1	
0	1	
0	1	
1	3	
0	1	
0	1	
2	4	
0	1	
0	1	
0	1	
0	1	
0	1	
1	3	
1	3	
1	3	
0	1	
0	1	
1	3	
0	1	
0	1	
0	1	
0	1	
0	1	
0	1	
0	1	
1	3	
1	3	
1	3	
0	1	
0	1	
0	1	
0	1	
1	3	
0	1	
0	1	
0	1	
0	1	
0	1	
1	3	
1	3	
0	1	
1	3	
0	1	
1	3	
0	1	
0	1	
0	1	
0	1	
0	1	
0	1	
0	1	
1	3	
1	3	
1	3	
0	1	
0	1	
1	3	
1	3	
1	3	
0	1	
0	1	
0	1	
0	1	
0	1	
0	1	
0	1	
0	1	
0	1	
0	1	
0	1	
0	1	
0	1	
0	1	
0	1	
0	1	
1	3	
0	1	
0	1	
0	1	
0	1	
0	1	
0	1	
0	1	
0	1	
1	3	
0	1	
0	1	
0	1	
0	1	
1	3	
0	1	
0	1	
0	1	
0	1	
0	1	
1	3	
0	1	
0	1	
0	1	
0	1	
0	1	
1	3	
0	1	
1	3	
0	1	
0	1	
0	1	
0	1	
0	1	
1	3	
0	1	
0	1	
1	3	
0	1	
0	1	
0	1	
0	1	
1	3	
0	1	
0	1	
0	1	
1	3	
0	1	
0	1	
1	3	
0	1	
0	1	
1	3	
0	1	
1	3	
1	3	
1	3	
0	1	
0	1	
0	1	
0	1	
0	1	
1	3	
0	1	
0	1	
1	3	
0	1	
0	1	
0	1	
0	1	
1	3	
0	1	
0	1	
1	3	
0	1	
0	1	
1	3	
0	1	
0	1	
0	1	
0	1	
0	1	
0	1	
1	3	
1	3	
0	1	
0	1	
1	3	
0	1	
0	1	
0	1	
0	1	
0	1	
0	1	
1	3	
0	1	
0	1	
0	1	
0	1	
0	1	
0	1	
0	1	
1	3	
1	3	
0	1	
0	1	
0	1	
0	1	
1	3	
0	1	
0	1	
0	1	
0	1	
0	1	
0	1	
0	1	
0	1	
0	1	
0	1	
0	1	
0	1	
0	1	
0	1	
0	1	
0	1	
0	1	
0	1	
0	1	
0	1	
0	1	
0	1	
1	3	
0	1	
0	1	
0	1	
0	1	
0	1	
0	1	
1	3	
0	1	
0	1	
0	1	
1	3	
0	1	
1	3	
1	3	
0	1	
0	1	
1	3	
0	1	
1	3	
1	3	
1	3	
1	3	
0	1	
0	1	
1	3	
0	1	
0	1	
0	1	
0	1	
0	1	
0	1	
1	3	
1	3	
1	3	
0	1	
0	1	
1	3	
1	3	
0	1	
1	3	
0	1	
0	1	
0	1	
0	1	
1	3	
1	3	
0	1	
0	1	
0	1	
0	1	
0	1	
0	1	
0	1	
1	3	
0	1	
0	1	
0	1	
1	3	
0	1	
0	1	
0	1	
1	3	
0	1	
0	1	
0	1	
0	1	
1	3	
0	1	
0	1	
1	3	
0	1	
1	3	
0	1	
0	1	
0	1	
0	1	
1	3	
1	3	
0	1	
0	1	
0	1	
1	3	
0	1	
0	1	
0	1	
0	1	
1	3	
1	3	
0	1	
0	1	
1	3	
0	1	
1	3	
0	1	
1	3	
0	1	
0	1	
0	1	
0	1	
0	1	
1	3	
0	1	
0	1	
0	1	
0	1	
0	1	

]

ExternalEquipmentRentingCost: [
4193	1343	1562	5265	1936	5874	4853	5432	3304	2258	5177	3063	3557	5816	4016	4470	4435	1680	1535	2682	1674	3074	3353	2241	3101	2430	2044	3208	1326	4967	4523	1741	4987	1078	4002	2603	1220	5611	5265	1127	3203	5507	5350	4714	4891	5208	5143	4223	5530	2335	3580	3872	2369	5570	3846	3797	3971	3757	1767	2834	4627	4940	3254	1751	5102	2507	2058	2270	3260	5639	2720	3014	2616	4380	2815	2620	2489	2784	3659	5243	3621	4684	5707	4341	5763	5874	1482	4161	4483	4866	3526	5069	1845	3144	5800	2153	2429	2895	3916	5913	1687	2419	2179	3870	1841	1110	2337	1292	2736	3202	2724	3912	4320	2262	2951	1335	3304	1920	4833	4844	3860	2501	1418	2727	2610	5133	2271	1018	1409	5873	3522	3958	5092	2305	5394	3477	1311	5948	2513	3326	5901	5157	1087	3434	4890	2435	2706	3311	4282	1286	2868	5185	1734	4564	2218	3398	3268	2282	4614	4364	4167	1377	5583	3550	4691	5197	4866	3029	3267	4646	2073	4309	2236	3621	4247	2928	1352	5293	5515	3718	2142	5499	2391	1926	5462	3214	2359	3099	3809	2699	2381	4609	1612	2431	2245	4319	5894	4382	5714	5072	5405	2041	3565	2200	5213	3379	1664	4160	1922	1917	2807	3170	1577	5073	4681	2205	4327	1233	1640	5591	4782	5858	3252	3272	2175	1992	5409	2282	4299	5499	3636	3328	4440	3550	5047	2894	2324	5678	3168	4656	3605	5606	2613	5867	4471	1248	5637	2549	5689	5748	5512	4041	5434	1432	5316	1306	2491	4758	4756	1178	1750	1959	4236	2307	3406	4389	3474	4809	3263	4855	1764	3830	5797	4569	2616	1673	4315	3466	2434	3592	3784	3711	2618	5746	3084	4928	1961	2234	4984	4788	3165	5618	2664	2809	3220	5910	1015	5336	5236	2353	4998	4807	2118	1008	1625	3621	3629	3675	2491	2556	3905	3534	5538	4572	1693	1000	5771	2553	4964	1582	5623	3805	4898	1079	1658	5658	3043	4628	2746	2495	3400	3652	2610	4871	2644	5579	4649	5885	1785	3245	3972	1229	4111	1754	3037	2362	5430	4089	1175	1314	2288	2118	2376	2651	1626	5626	2909	5754	5795	4332	
3706	3447	1491	4826	1155	2838	2565	1301	2959	1493	2074	3669	1111	3509	4945	2759	4380	5969	3972	5635	1294	2361	2622	2443	4967	5059	1119	2632	3077	1722	3372	4167	1533	2880	4228	1199	5244	2972	2033	5484	2308	3469	4803	5731	4244	2999	1214	4404	4076	5965	1873	5928	2745	2060	5908	5442	5766	1291	2311	4034	5671	2965	2684	5531	1583	3409	5236	3532	5065	1543	3540	5219	4471	3311	2275	3666	5798	2852	2010	2671	2191	3719	3589	2829	3397	5959	2528	5986	2099	1593	2799	5482	2436	1206	3191	4655	3924	1704	5063	1948	2570	2584	1222	2790	3317	3333	5620	3039	2378	4894	5199	3851	2643	1870	5751	5191	3315	2946	4589	5874	1839	2673	2409	4686	1442	4259	4683	4698	4011	5524	1910	5847	2502	5149	3149	4267	4156	1058	4177	2673	1663	4417	2771	4752	3677	2840	4530	1888	1027	5406	5466	3909	4808	3813	3279	2814	5667	3529	3875	5642	1482	1387	4660	5008	5941	5620	3924	2591	2021	5427	5299	5766	4235	1475	5291	5059	3698	5435	1083	3079	4179	2242	2088	5420	4683	2241	3511	1014	4148	1574	5552	4669	5521	5574	2598	1022	5057	4103	5594	5096	2161	3698	2811	3136	3669	5253	3274	2171	4089	2310	3993	4054	2885	2042	3306	4076	5147	2268	5801	1053	1236	4325	2970	2237	4237	2573	3391	3011	4079	1238	4285	2023	1620	2335	5136	2540	2355	5059	2009	4728	5837	4207	5496	4471	4384	3706	5506	5258	4165	3334	4860	4404	1677	5842	3596	1918	4422	2963	5911	5699	2534	3977	5010	4449	2055	4929	3189	5923	5393	5770	4186	5203	4526	5352	1727	1571	2281	3842	4784	3585	4631	5768	4298	1079	4438	5109	1941	2878	4105	2219	1422	4799	3086	4326	4478	1056	3241	4591	5849	1783	5211	1214	5558	3921	5487	5866	3457	3431	1622	4258	5540	2304	4665	1637	5467	4941	2063	4962	2582	2608	3357	5605	5888	2667	1586	3362	5127	5355	3891	1024	1595	2821	3711	5925	1076	3633	2785	2550	4468	5697	3516	5460	1852	5978	2600	1438	5839	2974	2565	4742	1604	2450	2927	5960	5308	4137	1145	5282	2955	4185	
2837	5151	5594	2904	2696	2783	2431	4887	3303	5720	2764	4747	5830	3756	5025	5873	1898	4592	3326	5094	5912	2870	5525	3157	1995	3031	3316	1498	4482	5026	3371	3335	2188	5637	4633	1283	4807	1678	4636	2188	2235	5104	5174	1910	5179	3187	1235	5836	2373	2182	4236	2115	4922	5934	2307	3258	5279	3049	1028	5035	1309	1725	1281	3327	4471	2268	1601	2051	5089	2476	5754	1431	1473	2759	4934	1373	4177	3460	4848	5798	4111	1967	3466	4269	2476	3580	1169	3616	5660	1314	1450	3123	2411	5739	5581	4068	1108	3036	1606	5204	2520	2216	2667	4652	1986	5252	4174	3316	5200	2358	2786	2626	2814	1886	1841	3010	5410	4197	1152	1265	5176	4742	4904	5481	3386	2509	2393	2911	1477	1517	4436	5917	5696	4291	2676	4817	2775	2002	1745	1943	4299	3845	5608	3036	5823	4149	3340	3832	4523	1127	1860	5423	3565	5867	5138	4687	2176	4758	3646	3401	3663	4319	2776	3392	1901	1130	5144	1557	4456	4552	5151	1895	4430	1281	3892	5833	5437	5383	4907	3258	4133	2315	3858	2594	5454	4735	5845	1458	1621	3123	1464	2741	4316	2852	2233	5807	1287	4403	5291	2737	3535	2103	4074	2128	2684	1292	2050	1352	1046	5218	1673	1023	3479	5989	2135	4625	3647	1301	2150	3136	4535	1445	5929	5547	3788	2838	2905	1323	2025	1685	3744	4966	1102	2946	2716	3539	5240	1046	3065	1461	2767	3765	2986	3312	4106	2419	5644	2339	5226	2793	2042	4763	5561	2889	2712	3579	5861	5348	4409	3493	1352	5952	1069	1624	2092	5476	2919	1244	5764	2860	1400	2813	5027	5609	4978	2127	3838	5235	5796	3090	2510	5250	5494	4644	3132	5714	4975	1199	4104	2531	1432	4132	1347	4877	4510	1161	4131	4079	3506	4509	2553	5120	4795	4914	1227	5035	5257	3419	1131	5539	4413	4816	5366	5849	2156	2244	5853	3411	3039	5659	2134	1454	4541	4483	3970	2322	5685	3966	2594	2818	2701	2336	5548	4264	1010	1453	5275	3561	4755	2860	3349	2718	4358	1460	3388	1989	1543	5652	3841	4205	3324	5195	4079	5976	5485	3778	4931	3463	2970	3535	
1263	4083	4993	5588	2485	2592	2727	4295	3259	1247	5141	2662	5785	1641	5301	5837	4587	4695	5619	1270	1796	1825	3709	4316	3234	1996	1875	4504	4863	5142	1403	5852	5620	1903	2914	2416	4789	2034	5927	4796	5253	2239	3337	1208	4974	5222	3847	2111	1736	3857	1794	2773	4578	2763	4633	3261	3975	4037	4082	3851	3348	2346	2860	2387	2658	5876	4753	2997	3773	3114	5432	4688	2022	2700	5327	1215	3018	4609	2251	2974	5228	5360	2399	3513	1414	3143	5967	3112	2187	4672	1206	4145	2872	1320	1578	4642	2205	4365	3540	2011	4445	4924	2679	5360	4457	1755	1444	5344	2924	2058	1591	3054	3719	2620	4095	3709	4139	2622	3618	3643	4870	3801	2600	3395	3143	1928	5734	5048	3096	1065	3541	4068	2423	3604	3393	2943	5367	4828	1664	3482	2260	1968	3591	2132	3392	4007	2503	1429	1169	2798	3297	3300	3603	3755	3031	4682	5751	5118	5413	5774	1472	3253	1496	4294	5268	5854	4901	3227	2734	4835	3164	1044	4885	3474	5664	1807	4740	5697	4609	3141	3233	2911	3187	2258	2371	3879	5524	1872	1144	4182	2246	4100	3544	5350	1699	3646	3498	5409	1926	1116	4268	3398	5012	2009	4336	3043	5717	4890	4176	2876	1539	5012	3349	1702	5555	4189	4217	5275	1311	3937	3297	4274	5435	3059	1915	1040	1920	2982	1098	3811	2150	5821	1708	5847	3731	5683	4090	4521	4209	1444	1944	5307	3707	5503	2101	5234	1641	3204	1203	2015	2021	3492	3926	1094	3745	2215	1339	1475	2680	1068	4774	3070	5087	4543	4003	5227	5892	3287	4257	2848	2295	3847	4897	1937	3118	4274	3890	2041	3559	4046	5268	2861	3675	3584	5305	3738	2133	5629	3678	2580	1168	4324	2378	2078	1279	5497	3352	4235	4944	1596	1721	1207	3484	4392	2518	1719	4647	3203	4519	2132	4338	3933	1113	1346	2943	4909	2914	2234	2824	4466	4701	4685	4386	4169	5601	1251	5634	4544	1737	5684	2078	3600	4244	3464	3779	4725	2216	4352	5072	1512	3314	4971	3953	2266	2183	3195	4887	1247	5417	4820	1001	5389	4497	5692	3202	1890	5575	4358	4572	4677	
]

EquipmentTypeTransportationCost: [
1	5009	4391	4038	4537	4342	1000	3985	5156	4344	
5009	1	4219	4657	4026	4213	4974	4667	3672	4176	
4391	4219	1	3919	3482	3159	4369	3871	4491	1000	
4038	4657	3919	1	4015	3776	4002	1000	4710	3854	
4537	4026	3482	4015	1	3209	4601	3942	4387	3485	
4342	4213	3159	3776	3209	1	4355	3788	4544	3158	
1000	4974	4369	4002	4601	4355	1	3915	5165	4364	
3985	4667	3871	1000	3942	3788	3915	1	4864	3866	
5156	3672	4491	4710	4387	4544	5165	4864	1	4438	
4344	4176	1000	3854	3485	3158	4364	3866	4438	1	

1	4862	4284	3928	4493	4381	1000	3869	5053	4278	
4862	1	4089	4499	4012	4108	4774	4457	3587	4187	
4284	4089	1	3837	3422	3150	4373	3771	4403	1000	
3928	4499	3837	1	3877	3734	3916	1000	4788	3826	
4493	4012	3422	3877	1	3192	4416	3987	4387	3383	
4381	4108	3150	3734	3192	1	4252	3719	4375	3114	
1000	4774	4373	3916	4416	4252	1	3942	5052	4280	
3869	4457	3771	1000	3987	3719	3942	1	4735	3868	
5053	3587	4403	4788	4387	4375	5052	4735	1	4421	
4278	4187	1000	3826	3383	3114	4280	3868	4421	1	

1	5875	5255	4746	5380	5236	1000	4659	6107	5285	
5875	1	5023	5428	4782	5030	5735	5440	4276	4921	
5255	5023	1	4615	4021	3627	5217	4648	5337	1000	
4746	5428	4615	1	4622	4430	4697	1000	5652	4491	
5380	4782	4021	4622	1	3770	5330	4688	5244	3992	
5236	5030	3627	4430	3770	1	5280	4425	5313	3600	
1000	5735	5217	4697	5330	5280	1	4706	6037	5277	
4659	5440	4648	1000	4688	4425	4706	1	5658	4560	
6107	4276	5337	5652	5244	5313	6037	5658	1	5476	
5285	4921	1000	4491	3992	3600	5277	4560	5476	1	

1	5089	4650	4167	4717	4566	1000	4085	5192	4549	
5089	1	4459	4828	4214	4269	5170	4847	3709	4402	
4650	4459	1	4131	3559	3348	4565	4075	4760	1000	
4167	4828	4131	1	4124	3936	4102	1000	5081	4064	
4717	4214	3559	4124	1	3400	4672	4145	4608	3678	
4566	4269	3348	3936	3400	1	4610	3872	4752	3320	
1000	5170	4565	4102	4672	4610	1	4085	5223	4666	
4085	4847	4075	1000	4145	3872	4085	1	5117	4150	
5192	3709	4760	5081	4608	4752	5223	5117	1	4698	
4549	4402	1000	4064	3678	3320	4666	4150	4698	1	

]

TransportationTimeForEquipmentTypeBetweenProjects: [
1	5	3	1	3	3	1	1	6	3	
5	1	3	5	3	3	5	5	1	3	
3	3	1	1	1	1	3	1	3	1	
1	5	1	1	3	1	1	1	5	1	
3	3	1	3	1	1	3	3	3	1	
3	3	1	1	1	1	3	1	3	1	
1	5	3	1	3	3	1	1	6	3	
1	5	1	1	3	1	1	1	5	1	
6	1	3	5	3	3	6	5	1	3	
3	3	1	1	1	1	3	1	3	1	

1	5	3	1	3	3	1	1	7	3	
5	1	3	5	3	3	5	5	1	3	
3	3	1	1	1	1	3	1	3	1	
1	5	1	1	3	1	1	1	5	1	
3	3	1	3	1	1	3	3	3	1	
3	3	1	1	1	1	3	1	3	1	
1	5	3	1	3	3	1	1	7	3	
1	5	1	1	3	1	1	1	5	1	
7	1	3	5	3	3	7	5	1	3	
3	3	1	1	1	1	3	1	3	1	

1	6	4	1	4	4	1	1	9	4	
6	1	4	6	4	4	6	6	1	4	
4	4	1	1	1	1	4	1	4	1	
1	6	1	1	4	1	1	1	6	1	
4	4	1	4	1	1	4	4	4	1	
4	4	1	1	1	1	4	1	4	1	
1	6	4	1	4	4	1	1	9	4	
1	6	1	1	4	1	1	1	6	1	
9	1	4	6	4	4	9	6	1	4	
4	4	1	1	1	1	4	1	4	1	

1	5	3	1	3	3	1	1	7	3	
5	1	3	5	3	3	5	5	1	3	
3	3	1	1	1	1	3	1	3	1	
1	5	1	1	3	1	1	1	5	1	
3	3	1	3	1	1	3	3	3	1	
3	3	1	1	1	1	3	1	3	1	
1	5	3	1	3	3	1	1	7	3	
1	5	1	1	3	1	1	1	5	1	
7	1	3	5	3	3	7	5	1	3	
3	3	1	1	1	1	3	1	3	1	

]

TotalNumberOfInitialEquipmentTypeLocation: [
(1 209) 3 (1 266) 1 
(2 108) 1 (2 174) 1 (2 209) 3 (2 296) 1 (2 333) 1 
(3 29) 1 (3 108) 1 (3 174) 2 (3 209) 1 
(4 1) 1 (4 29) 1 (4 209) 1 (4 333) 1 
]

DepotActivities: [ 1 29 52 108 152 174 209 266 296 333 ]

MaximalStintCliques: [
[ 4 134 43 173 108 121 5 135 44 109 174 22 122 61 87 152 ]
[ 4 134 43 173 108 121 172 107 3 133 42 20 59 85 150 120 ]
[ 4 134 43 173 108 121 172 107 21 60 86 151 ]
[ 5 135 44 174 109 122 6 136 45 110 175 24 89 154 123 63 ]
[ 5 135 44 174 109 122 173 108 153 62 23 88 ]
[ 6 136 45 175 110 123 65 7 137 124 46 111 26 91 156 176 ]
[ 6 136 45 175 110 123 174 109 25 90 155 64 ]
[ 7 137 46 176 111 124 67 8 138 47 93 112 177 28 125 158 ]
[ 7 137 46 176 111 124 175 110 66 27 92 157 ]
[ 8 138 47 177 112 125 69 9 139 48 113 178 30 126 95 160 ]
[ 8 138 47 177 112 125 176 111 68 29 94 159 ]
[ 9 139 48 178 113 126 97 162 71 10 140 49 114 179 127 32 ]
[ 9 139 48 178 113 126 177 112 161 70 31 96 ]
[ 10 140 49 179 114 127 34 99 164 73 11 141 50 115 180 128 ]
[ 10 140 49 179 114 127 178 113 33 98 163 72 ]
[ 11 141 50 180 115 128 129 36 101 166 75 12 51 116 181 142 ]
[ 11 141 50 180 115 128 179 114 74 35 100 165 ]
[ 12 129 142 51 181 116 130 38 103 168 13 77 52 117 182 143 ]
[ 12 129 142 51 181 116 180 115 76 37 102 167 ]
[ 13 130 143 52 116 181 117 182 169 78 39 104 ]
[ 14 1 131 40 105 170 53 118 79 144 ]
[ 15 1 131 40 105 170 145 118 54 80 ]
[ 106 171 2 132 41 119 3 133 42 107 172 18 57 83 148 120 ]
[ 106 171 2 132 41 119 170 105 1 131 40 16 81 146 118 55 ]
[ 106 171 2 132 41 119 170 105 17 82 147 56 ]
[ 106 171 19 3 133 42 107 172 58 84 149 120 ]
]
