nEmployees: 30
nSkills: 2
nProjects: 10
nDays: 120
nActivities: 252
nEquipmentTypes: 4
nStints: 117
nMaxModes: 2
nStintCliques: 18

EmployeeInStintCost: [
43332 43332 43332 43332 43332 43332 43332 39264 21162 24892 24892 24892 24892 24892 24892 24892 24892 12818 31436 31436 31436 31436 31436 31436 31436 31436 19162 21466 21466 21466 21466 21466 21466 21466 17398 7906 21887 21887 21887 21887 21887 21887 21887 21887 21887 21887 21887 21887 21887 21887 21887 21887 21887 12351 26216 26216 26216 26216 26216 26216 26216 26216 14242 11806 11806 11806 11806 11806 11806 11806 11806 11806 11806 11806 11806 11806 11806 11806 11806 11806 4178 39558 39558 39558 39558 39558 39558 39558 35490 18210 37252 37252 37252 37252 37252 37252 37252 37252 23714 12299 12299 12299 12299 12299 12299 12299 12299 12299 12299 12299 12299 12299 12299 12299 12299 12299 4859 
18306 18306 18306 18306 18306 18306 18306 14238 4746 27444 27444 27444 27444 27444 27444 27444 27444 15370 35916 35916 35916 35916 35916 35916 35916 35916 23642 44280 44280 44280 44280 44280 44280 44280 40212 21738 26383 26383 26383 26383 26383 26383 26383 26383 26383 26383 26383 26383 26383 26383 26383 26383 26383 16847 31048 31048 31048 31048 31048 31048 31048 31048 19074 10326 10326 10326 10326 10326 10326 10326 10326 10326 10326 10326 10326 10326 10326 10326 10326 10326 2698 38670 38670 38670 38670 38670 38670 38670 34602 17322 42020 42020 42020 42020 42020 42020 42020 42020 28482 9883 9883 9883 9883 9883 9883 9883 9883 9883 9883 9883 9883 9883 9883 9883 9883 9883 2443 
49144 49144 49144 49144 49144 49144 49144 45724 29134 30788 30788 30788 30788 30788 30788 30788 30788 20118 24580 24580 24580 24580 24580 24580 24580 24580 13710 44996 44996 44996 44996 44996 44996 44996 41576 24614 13559 13559 13559 13559 13559 13559 13559 13559 13559 13559 13559 13559 13559 13559 13559 13559 13559 4671 26544 26544 26544 26544 26544 26544 26544 26544 15974 19990 19990 19990 19990 19990 19990 19990 19990 19990 19990 19990 19990 19990 19990 19990 19990 19990 13010 45122 45122 45122 45122 45122 45122 45122 41702 25934 16120 16120 16120 16120 16120 16120 16120 16120 8710 20483 20483 20483 20483 20483 20483 20483 20483 20483 20483 20483 20483 20483 20483 20483 20483 20483 13691 
49400 49400 49400 49400 49400 49400 49400 45548 27950 30492 30492 30492 30492 30492 30492 30492 30492 18886 12840 12840 12840 12840 12840 12840 12840 12840 4494 45436 45436 45436 45436 45436 45436 45436 41584 23614 14191 14191 14191 14191 14191 14191 14191 14191 14191 14191 14191 14191 14191 14191 14191 14191 14191 4871 26784 26784 26784 26784 26784 26784 26784 26784 15278 18942 18942 18942 18942 18942 18942 18942 18942 18942 18942 18942 18942 18942 18942 18942 18942 18942 11530 45298 45298 45298 45298 45298 45298 45298 41446 24670 29836 29836 29836 29836 29836 29836 29836 29836 16766 19499 19499 19499 19499 19499 19499 19499 19499 19499 19499 19499 19499 19499 19499 19499 19499 19499 12275 
39232 39232 39232 39232 39232 39232 39232 35380 17782 25484 25484 25484 25484 25484 25484 25484 25484 13878 33860 33860 33860 33860 33860 33860 33860 33860 22054 41796 41796 41796 41796 41796 41796 41796 37944 19974 24831 24831 24831 24831 24831 24831 24831 24831 24831 24831 24831 24831 24831 24831 24831 24831 24831 15511 28776 28776 28776 28776 28776 28776 28776 28776 17270 3852 3852 3852 3852 3852 3852 3852 3852 3852 3852 3852 3852 3852 3852 3852 3852 3852 0 37066 37066 37066 37066 37066 37066 37066 33214 16438 39804 39804 39804 39804 39804 39804 39804 39804 26734 7972 7972 7972 7972 7972 7972 7972 7972 7972 7972 7972 7972 7972 7972 7972 7972 7972 4120 
46890 46890 46890 46890 46890 46890 46890 42714 24360 27716 27716 27716 27716 27716 27716 27716 27716 15408 28764 28764 28764 28764 28764 28764 28764 28764 16256 42742 42742 42742 42742 42742 42742 42742 38566 19840 18883 18883 18883 18883 18883 18883 18883 18883 18883 18883 18883 18883 18883 18883 18883 18883 18883 9239 13920 13920 13920 13920 13920 13920 13920 13920 4872 15082 15082 15082 15082 15082 15082 15082 15082 15082 15082 15082 15082 15082 15082 15082 15082 15082 7346 42908 42908 42908 42908 42908 42908 42908 38732 21200 34436 34436 34436 34436 34436 34436 34436 34436 20664 15591 15591 15591 15591 15591 15591 15591 15591 15591 15591 15591 15591 15591 15591 15591 15591 15591 8043 
40232 40232 40232 40232 40232 40232 40232 36668 19742 11880 11880 11880 11880 11880 11880 11880 11880 4158 30132 30132 30132 30132 30132 30132 30132 30132 18950 21918 21918 21918 21918 21918 21918 21918 18354 10038 21783 21783 21783 21783 21783 21783 21783 21783 21783 21783 21783 21783 21783 21783 21783 21783 21783 12751 25376 25376 25376 25376 25376 25376 25376 25376 14494 10878 10878 10878 10878 10878 10878 10878 10878 10878 10878 10878 10878 10878 10878 10878 10878 10878 3754 36162 36162 36162 36162 36162 36162 36162 32598 16494 36252 36252 36252 36252 36252 36252 36252 36252 23806 11475 11475 11475 11475 11475 11475 11475 11475 11475 11475 11475 11475 11475 11475 11475 11475 11475 4539 
46578 46578 46578 46578 46578 46578 46578 43122 26448 28148 28148 28148 28148 28148 28148 28148 28148 17400 17000 17000 17000 17000 17000 17000 17000 17000 9512 42694 42694 42694 42694 42694 42694 42694 39238 22192 14835 14835 14835 14835 14835 14835 14835 14835 14835 14835 14835 14835 14835 14835 14835 14835 14835 5911 24680 24680 24680 24680 24680 24680 24680 24680 14032 17546 17546 17546 17546 17546 17546 17546 17546 17546 17546 17546 17546 17546 17546 17546 17546 17546 10530 42468 42468 42468 42468 42468 42468 42468 39012 23160 29556 29556 29556 29556 29556 29556 29556 29556 17344 18119 18119 18119 18119 18119 18119 18119 18119 18119 18119 18119 18119 18119 18119 18119 18119 18119 11291 
40204 40204 40204 40204 40204 40204 40204 36136 18034 27964 27964 27964 27964 27964 27964 27964 27964 15890 36132 36132 36132 36132 36132 36132 36132 36132 23858 45008 45008 45008 45008 45008 45008 45008 40940 22466 26543 26543 26543 26543 26543 26543 26543 26543 26543 26543 26543 26543 26543 26543 26543 26543 26543 17007 31680 31680 31680 31680 31680 31680 31680 31680 19706 11814 11814 11814 11814 11814 11814 11814 11814 11814 11814 11814 11814 11814 11814 11814 11814 11814 4186 39246 39246 39246 39246 39246 39246 39246 35178 17898 42428 42428 42428 42428 42428 42428 42428 42428 28890 11635 11635 11635 11635 11635 11635 11635 11635 11635 11635 11635 11635 11635 11635 11635 11635 11635 4195 
40912 40912 40912 40912 40912 40912 40912 36772 18502 25532 25532 25532 25532 25532 25532 25532 25532 13302 33972 33972 33972 33972 33972 33972 33972 33972 21542 42580 42580 42580 42580 42580 42580 42580 38440 19798 24263 24263 24263 24263 24263 24263 24263 24263 24263 24263 24263 24263 24263 24263 24263 24263 24263 14655 29224 29224 29224 29224 29224 29224 29224 29224 17094 10150 10150 10150 10150 10150 10150 10150 10150 10150 10150 10150 10150 10150 10150 10150 10150 10150 2450 18630 18630 18630 18630 18630 18630 18630 14490 4830 40124 40124 40124 40124 40124 40124 40124 40124 26430 10643 10643 10643 10643 10643 10643 10643 10643 10643 10643 10643 10643 10643 10643 10643 10643 10643 3131 
45270 45270 45270 45270 45270 45270 45270 41454 23940 26516 26516 26516 26516 26516 26516 26516 26516 14988 27564 27564 27564 27564 27564 27564 27564 27564 15836 41122 41122 41122 41122 41122 41122 41122 37306 19420 18523 18523 18523 18523 18523 18523 18523 18523 18523 18523 18523 18523 18523 18523 18523 18523 18523 9239 12720 12720 12720 12720 12720 12720 12720 12720 4452 14722 14722 14722 14722 14722 14722 14722 14722 14722 14722 14722 14722 14722 14722 14722 14722 14722 7346 41288 41288 41288 41288 41288 41288 41288 37472 20780 33236 33236 33236 33236 33236 33236 33236 33236 20244 15231 15231 15231 15231 15231 15231 15231 15231 15231 15231 15231 15231 15231 15231 15231 15231 15231 8043 
38806 38806 38806 38806 38806 38806 38806 35134 17956 23972 23972 23972 23972 23972 23972 23972 23972 12756 32412 32412 32412 32412 32412 32412 32412 32412 20996 40474 40474 40474 40474 40474 40474 40474 36802 19252 23795 23795 23795 23795 23795 23795 23795 23795 23795 23795 23795 23795 23795 23795 23795 23795 23795 14655 27664 27664 27664 27664 27664 27664 27664 27664 16548 9682 9682 9682 9682 9682 9682 9682 9682 9682 9682 9682 9682 9682 9682 9682 9682 9682 2450 16524 16524 16524 16524 16524 16524 16524 12852 4284 38564 38564 38564 38564 38564 38564 38564 38564 25884 10175 10175 10175 10175 10175 10175 10175 10175 10175 10175 10175 10175 10175 10175 10175 10175 10175 3131 
40478 40478 40478 40478 40478 40478 40478 36950 20108 22988 22988 22988 22988 22988 22988 22988 22988 12084 29884 29884 29884 29884 29884 29884 29884 29884 18780 39202 39202 39202 39202 39202 39202 39202 35674 18460 21555 21555 21555 21555 21555 21555 21555 21555 21555 21555 21555 21555 21555 21555 21555 21555 21555 12559 25792 25792 25792 25792 25792 25792 25792 25792 14988 11762 11762 11762 11762 11762 11762 11762 11762 11762 11762 11762 11762 11762 11762 11762 11762 11762 4674 36432 36432 36432 36432 36432 36432 36432 32904 16884 36228 36228 36228 36228 36228 36228 36228 36228 23860 12335 12335 12335 12335 12335 12335 12335 12335 12335 12335 12335 12335 12335 12335 12335 12335 12335 5435 
50210 50210 50210 50210 50210 50210 50210 46178 28160 31092 31092 31092 31092 31092 31092 31092 31092 19096 13440 13440 13440 13440 13440 13440 13440 13440 4704 46246 46246 46246 46246 46246 46246 46246 42214 23824 14371 14371 14371 14371 14371 14371 14371 14371 14371 14371 14371 14371 14371 14371 14371 14371 14371 4871 27384 27384 27384 27384 27384 27384 27384 27384 15488 19122 19122 19122 19122 19122 19122 19122 19122 19122 19122 19122 19122 19122 19122 19122 19122 19122 11530 46108 46108 46108 46108 46108 46108 46108 42076 24880 30436 30436 30436 30436 30436 30436 30436 30436 16976 19679 19679 19679 19679 19679 19679 19679 19679 19679 19679 19679 19679 19679 19679 19679 19679 19679 12275 
51250 51250 51250 51250 51250 51250 51250 47362 29680 32348 32348 32348 32348 32348 32348 32348 32348 20664 26140 26140 26140 26140 26140 26140 26140 26140 14256 47102 47102 47102 47102 47102 47102 47102 43214 25160 14027 14027 14027 14027 14027 14027 14027 14027 14027 14027 14027 14027 14027 14027 14027 14027 14027 4671 28104 28104 28104 28104 28104 28104 28104 28104 16520 20458 20458 20458 20458 20458 20458 20458 20458 20458 20458 20458 20458 20458 20458 20458 20458 20458 13010 47228 47228 47228 47228 47228 47228 47228 43340 26480 17680 17680 17680 17680 17680 17680 17680 17680 9256 20951 20951 20951 20951 20951 20951 20951 20951 20951 20951 20951 20951 20951 20951 20951 20951 20951 13691 
41288 41288 41288 41288 41288 41288 41288 37580 20318 23588 23588 23588 23588 23588 23588 23588 23588 12294 30484 30484 30484 30484 30484 30484 30484 30484 18990 40012 40012 40012 40012 40012 40012 40012 36304 18670 21735 21735 21735 21735 21735 21735 21735 21735 21735 21735 21735 21735 21735 21735 21735 21735 21735 12559 26392 26392 26392 26392 26392 26392 26392 26392 15198 11942 11942 11942 11942 11942 11942 11942 11942 11942 11942 11942 11942 11942 11942 11942 11942 11942 4674 37242 37242 37242 37242 37242 37242 37242 33534 17094 36828 36828 36828 36828 36828 36828 36828 36828 24070 12515 12515 12515 12515 12515 12515 12515 12515 12515 12515 12515 12515 12515 12515 12515 12515 12515 5435 
41064 41064 41064 41064 41064 41064 41064 37500 20574 23212 23212 23212 23212 23212 23212 23212 23212 12230 29756 29756 29756 29756 29756 29756 29756 29756 18574 19198 19198 19198 19198 19198 19198 19198 15634 7318 21383 21383 21383 21383 21383 21383 21383 21383 21383 21383 21383 21383 21383 21383 21383 21383 21383 12351 24536 24536 24536 24536 24536 24536 24536 24536 13654 11302 11302 11302 11302 11302 11302 11302 11302 11302 11302 11302 11302 11302 11302 11302 11302 11302 4178 37290 37290 37290 37290 37290 37290 37290 33726 17622 35572 35572 35572 35572 35572 35572 35572 35572 23126 11795 11795 11795 11795 11795 11795 11795 11795 11795 11795 11795 11795 11795 11795 11795 11795 11795 4859 
42908 42908 42908 42908 42908 42908 42908 38840 20738 24788 24788 24788 24788 24788 24788 24788 24788 12714 31684 31684 31684 31684 31684 31684 31684 31684 19410 41632 41632 41632 41632 41632 41632 41632 37564 19090 22095 22095 22095 22095 22095 22095 22095 22095 22095 22095 22095 22095 22095 22095 22095 22095 22095 12559 27592 27592 27592 27592 27592 27592 27592 27592 15618 12302 12302 12302 12302 12302 12302 12302 12302 12302 12302 12302 12302 12302 12302 12302 12302 12302 4674 38862 38862 38862 38862 38862 38862 38862 34794 17514 38028 38028 38028 38028 38028 38028 38028 38028 24490 12875 12875 12875 12875 12875 12875 12875 12875 12875 12875 12875 12875 12875 12875 12875 12875 12875 5435 
52522 52522 52522 52522 52522 52522 52522 48490 30472 33420 33420 33420 33420 33420 33420 33420 33420 21424 26644 26644 26644 26644 26644 26644 26644 26644 14448 48406 48406 48406 48406 48406 48406 48406 44374 25984 13251 13251 13251 13251 13251 13251 13251 13251 13251 13251 13251 13251 13251 13251 13251 13251 13251 3751 29264 29264 29264 29264 29264 29264 29264 29264 17368 21274 21274 21274 21274 21274 21274 21274 21274 21274 21274 21274 21274 21274 21274 21274 21274 21274 13682 48468 48468 48468 48468 48468 48468 48468 44436 27240 13440 13440 13440 13440 13440 13440 13440 13440 4704 21791 21791 21791 21791 21791 21791 21791 21791 21791 21791 21791 21791 21791 21791 21791 21791 21791 14387 
51388 51388 51388 51388 51388 51388 51388 47608 30178 32580 32580 32580 32580 32580 32580 32580 32580 21130 25804 25804 25804 25804 25804 25804 25804 25804 14154 47272 47272 47272 47272 47272 47272 47272 43492 25690 12999 12999 12999 12999 12999 12999 12999 12999 12999 12999 12999 12999 12999 12999 12999 12999 12999 3751 28424 28424 28424 28424 28424 28424 28424 28424 17074 21022 21022 21022 21022 21022 21022 21022 21022 21022 21022 21022 21022 21022 21022 21022 21022 21022 13682 47334 47334 47334 47334 47334 47334 47334 43554 26946 12600 12600 12600 12600 12600 12600 12600 12600 4410 21539 21539 21539 21539 21539 21539 21539 21539 21539 21539 21539 21539 21539 21539 21539 21539 21539 14387 
39746 39746 39746 39746 39746 39746 39746 36290 19616 11520 11520 11520 11520 11520 11520 11520 11520 4032 29772 29772 29772 29772 29772 29772 29772 29772 18824 21432 21432 21432 21432 21432 21432 21432 17976 9912 21675 21675 21675 21675 21675 21675 21675 21675 21675 21675 21675 21675 21675 21675 21675 21675 21675 12751 25016 25016 25016 25016 25016 25016 25016 25016 14368 10770 10770 10770 10770 10770 10770 10770 10770 10770 10770 10770 10770 10770 10770 10770 10770 10770 3754 35676 35676 35676 35676 35676 35676 35676 32220 16368 35892 35892 35892 35892 35892 35892 35892 35892 23680 11367 11367 11367 11367 11367 11367 11367 11367 11367 11367 11367 11367 11367 11367 11367 11367 11367 4539 
46728 46728 46728 46728 46728 46728 46728 42588 24318 27596 27596 27596 27596 27596 27596 27596 27596 15366 28644 28644 28644 28644 28644 28644 28644 28644 16214 42580 42580 42580 42580 42580 42580 42580 38440 19798 18847 18847 18847 18847 18847 18847 18847 18847 18847 18847 18847 18847 18847 18847 18847 18847 18847 9239 13800 13800 13800 13800 13800 13800 13800 13800 4830 15046 15046 15046 15046 15046 15046 15046 15046 15046 15046 15046 15046 15046 15046 15046 15046 15046 7346 42746 42746 42746 42746 42746 42746 42746 38606 21158 34316 34316 34316 34316 34316 34316 34316 34316 20622 15555 15555 15555 15555 15555 15555 15555 15555 15555 15555 15555 15555 15555 15555 15555 15555 15555 8043 
47388 47388 47388 47388 47388 47388 47388 43752 26658 28748 28748 28748 28748 28748 28748 28748 28748 17610 17600 17600 17600 17600 17600 17600 17600 17600 9722 43504 43504 43504 43504 43504 43504 43504 39868 22402 15015 15015 15015 15015 15015 15015 15015 15015 15015 15015 15015 15015 15015 15015 15015 15015 15015 5911 25280 25280 25280 25280 25280 25280 25280 25280 14242 17726 17726 17726 17726 17726 17726 17726 17726 17726 17726 17726 17726 17726 17726 17726 17726 17726 10530 43278 43278 43278 43278 43278 43278 43278 39642 23370 30156 30156 30156 30156 30156 30156 30156 30156 17554 18299 18299 18299 18299 18299 18299 18299 18299 18299 18299 18299 18299 18299 18299 18299 18299 18299 11291 
51302 51302 51302 51302 51302 51302 51302 47198 29012 32100 32100 32100 32100 32100 32100 32100 32100 19948 19160 19160 19160 19160 19160 19160 19160 19160 10268 47242 47242 47242 47242 47242 47242 47242 43138 24580 13883 13883 13883 13883 13883 13883 13883 13883 13883 13883 13883 13883 13883 13883 13883 13883 13883 4311 28120 28120 28120 28120 28120 28120 28120 28120 16068 19874 19874 19874 19874 19874 19874 19874 19874 19874 19874 19874 19874 19874 19874 19874 19874 19874 12210 47224 47224 47224 47224 47224 47224 47224 43120 25756 29596 29596 29596 29596 29596 29596 29596 29596 15980 20415 20415 20415 20415 20415 20415 20415 20415 20415 20415 20415 20415 20415 20415 20415 20415 20415 12939 
51464 51464 51464 51464 51464 51464 51464 47324 29054 32220 32220 32220 32220 32220 32220 32220 32220 19990 19280 19280 19280 19280 19280 19280 19280 19280 10310 47404 47404 47404 47404 47404 47404 47404 43264 24622 13919 13919 13919 13919 13919 13919 13919 13919 13919 13919 13919 13919 13919 13919 13919 13919 13919 4311 28240 28240 28240 28240 28240 28240 28240 28240 16110 19910 19910 19910 19910 19910 19910 19910 19910 19910 19910 19910 19910 19910 19910 19910 19910 19910 12210 47386 47386 47386 47386 47386 47386 47386 43246 25798 29716 29716 29716 29716 29716 29716 29716 29716 16022 20451 20451 20451 20451 20451 20451 20451 20451 20451 20451 20451 20451 20451 20451 20451 20451 20451 12939 
43344 43344 43344 43344 43344 43344 43344 39636 22374 24772 24772 24772 24772 24772 24772 24772 24772 13478 28492 28492 28492 28492 28492 28492 28492 28492 16998 39196 39196 39196 39196 39196 39196 39196 35488 17854 19767 19767 19767 19767 19767 19767 19767 19767 19767 19767 19767 19767 19767 19767 19767 19767 19767 10591 23280 23280 23280 23280 23280 23280 23280 23280 12086 13174 13174 13174 13174 13174 13174 13174 13174 13174 13174 13174 13174 13174 13174 13174 13174 13174 5906 39394 39394 39394 39394 39394 39394 39394 35686 19246 34308 34308 34308 34308 34308 34308 34308 34308 21550 13691 13691 13691 13691 13691 13691 13691 13691 13691 13691 13691 13691 13691 13691 13691 13691 13691 6611 
39510 39510 39510 39510 39510 39510 39510 35550 17700 26676 26676 26676 26676 26676 26676 26676 26676 14836 35012 35012 35012 35012 35012 35012 35012 35012 22972 43058 43058 43058 43058 43058 43058 43058 39098 20876 25731 25731 25731 25731 25731 25731 25731 25731 25731 25731 25731 25731 25731 25731 25731 25731 25731 16303 29880 29880 29880 29880 29880 29880 29880 29880 18140 8080 8080 8080 8080 8080 8080 8080 8080 8080 8080 8080 8080 8080 8080 8080 8080 8080 4120 38280 38280 38280 38280 38280 38280 38280 34320 17292 40916 40916 40916 40916 40916 40916 40916 40916 27612 3960 3960 3960 3960 3960 3960 3960 3960 3960 3960 3960 3960 3960 3960 3960 3960 3960 0 
43008 43008 43008 43008 43008 43008 43008 39012 21078 24652 24652 24652 24652 24652 24652 24652 24652 12734 31196 31196 31196 31196 31196 31196 31196 31196 19078 21142 21142 21142 21142 21142 21142 21142 17146 7822 21815 21815 21815 21815 21815 21815 21815 21815 21815 21815 21815 21815 21815 21815 21815 21815 21815 12351 25976 25976 25976 25976 25976 25976 25976 25976 14158 11734 11734 11734 11734 11734 11734 11734 11734 11734 11734 11734 11734 11734 11734 11734 11734 11734 4178 39234 39234 39234 39234 39234 39234 39234 35238 18126 37012 37012 37012 37012 37012 37012 37012 37012 23630 12227 12227 12227 12227 12227 12227 12227 12227 12227 12227 12227 12227 12227 12227 12227 12227 12227 4859 
44316 44316 44316 44316 44316 44316 44316 40392 22626 25492 25492 25492 25492 25492 25492 25492 25492 13730 29212 29212 29212 29212 29212 29212 29212 29212 17250 40168 40168 40168 40168 40168 40168 40168 36244 18106 19983 19983 19983 19983 19983 19983 19983 19983 19983 19983 19983 19983 19983 19983 19983 19983 19983 10591 24000 24000 24000 24000 24000 24000 24000 24000 12338 13390 13390 13390 13390 13390 13390 13390 13390 13390 13390 13390 13390 13390 13390 13390 13390 13390 5906 40366 40366 40366 40366 40366 40366 40366 36442 19498 35028 35028 35028 35028 35028 35028 35028 35028 21802 13907 13907 13907 13907 13907 13907 13907 13907 13907 13907 13907 13907 13907 13907 13907 13907 13907 6611 
47974 47974 47974 47974 47974 47974 47974 44446 27604 29476 29476 29476 29476 29476 29476 29476 29476 18572 15560 15560 15560 15560 15560 15560 15560 15560 7916 44138 44138 44138 44138 44138 44138 44138 40610 23396 13891 13891 13891 13891 13891 13891 13891 13891 13891 13891 13891 13891 13891 13891 13891 13891 13891 4895 26048 26048 26048 26048 26048 26048 26048 26048 15244 18730 18730 18730 18730 18730 18730 18730 18730 18730 18730 18730 18730 18730 18730 18730 18730 18730 11642 43856 43856 43856 43856 43856 43856 43856 40328 24308 29276 29276 29276 29276 29276 29276 29276 29276 16908 19303 19303 19303 19303 19303 19303 19303 19303 19303 19303 19303 19303 19303 19303 19303 19303 19303 12403 
]

ExternalWorkerWithSkillOnStintCost: [
44940 37632 48804 36204 49812 42252 50148 46200 26544 42480 42480 40464 42840 41040 43056 39744 35136 20832 42912 40968 40392 31032 41400 30672 39096 28872 25680 34440 33684 43092 40404 35196 48636 48384 43848 19920 14520 16500 13140 14070 14010 13290 13470 12690 17760 13350 17730 16680 16740 15960 15300 14340 16200 2526 40968 40536 37152 39960 36072 39456 30240 36000 20352 15120 13980 15750 13950 15330 12420 14850 14040 13230 12840 12750 17790 13710 16950 13800 15990 15120 2916 35952 37044 48132 47964 49728 36036 39312 48804 24000 32976 32688 36576 35640 38520 29232 30888 40896 25968 13650 15780 17160 14970 12210 16950 12870 13080 16140 12240 14340 17070 16230 13050 17610 12960 14040 3066 
35868 45192 40236 48888 47376 48132 38136 35868 21696 41472 36504 35424 39816 29952 31320 42840 31248 24288 35136 41976 30168 29376 35064 40824 39240 31104 27984 46620 38808 40488 45528 45024 38892 48972 36708 24720 17970 16920 15930 17880 16830 17910 13590 17940 16560 16380 17250 16530 17520 17910 13320 12870 16230 2916 32472 39384 40824 34848 33696 42048 35784 39744 19296 14340 12750 17760 14250 17310 16620 14280 17280 14160 13260 13680 12780 15660 12630 17670 12570 14670 2754 34776 45780 45444 43176 40656 36708 38976 38724 20640 32400 31464 38232 40392 33264 30312 35352 29808 25200 14400 12750 14760 16500 17310 15420 13350 13380 12810 15090 16020 17250 15540 12870 13950 16890 15000 3162 
]

OverlappingStints: [
[ 2 10 11 19 20 28 29 37 38 39 40 55 56 64 65 66 67 82 83 91 92 100 101 102 103 ]
[ 3 10 11 12 19 20 21 28 29 30 39 40 41 42 55 56 57 66 67 68 69 82 83 84 91 92 93 102 103 104 105 ]
[ 4 11 12 13 20 21 22 29 30 31 41 42 43 44 56 57 58 68 69 70 71 83 84 85 92 93 94 104 105 106 107 ]
[ 5 12 13 14 21 22 23 30 31 32 43 44 45 46 57 58 59 70 71 72 73 84 85 86 93 94 95 106 107 108 109 ]
[ 6 13 14 15 22 23 24 31 32 33 45 46 47 48 58 59 60 72 73 74 75 85 86 87 94 95 96 108 109 110 111 ]
[ 7 14 15 16 23 24 25 32 33 34 47 48 49 50 59 60 61 74 75 76 77 86 87 88 95 96 97 110 111 112 113 ]
[ 8 15 16 17 24 25 26 33 34 35 49 50 51 52 60 61 62 76 77 78 79 87 88 89 96 97 98 112 113 114 115 ]
[ 9 16 17 18 25 26 27 34 35 36 51 52 53 54 61 62 63 78 79 80 81 88 89 90 97 98 99 114 115 116 117 ]
[ 17 18 26 27 35 36 53 54 62 63 80 81 89 90 98 99 116 117 ]
[ 11 19 20 28 29 37 38 39 55 56 64 65 66 82 83 91 92 100 101 102 ]
[ 12 19 20 21 28 29 30 39 40 41 55 56 57 66 67 68 82 83 84 91 92 93 102 103 104 ]
[ 13 20 21 22 29 30 31 41 42 43 56 57 58 68 69 70 83 84 85 92 93 94 104 105 106 ]
[ 14 21 22 23 30 31 32 43 44 45 57 58 59 70 71 72 84 85 86 93 94 95 106 107 108 ]
[ 15 22 23 24 31 32 33 45 46 47 58 59 60 72 73 74 85 86 87 94 95 96 108 109 110 ]
[ 16 23 24 25 32 33 34 47 48 49 59 60 61 74 75 76 86 87 88 95 96 97 110 111 112 ]
[ 17 24 25 26 33 34 35 49 50 51 60 61 62 76 77 78 87 88 89 96 97 98 112 113 114 ]
[ 18 25 26 27 34 35 36 51 52 53 61 62 63 78 79 80 88 89 90 97 98 99 114 115 116 ]
[ 26 27 35 36 53 54 62 63 80 81 89 90 98 99 116 117 ]
[ 20 28 29 37 38 39 55 56 64 65 66 82 83 91 92 100 101 102 ]
[ 21 28 29 30 39 40 41 55 56 57 66 67 68 82 83 84 91 92 93 102 103 104 ]
[ 22 29 30 31 41 42 43 56 57 58 68 69 70 83 84 85 92 93 94 104 105 106 ]
[ 23 30 31 32 43 44 45 57 58 59 70 71 72 84 85 86 93 94 95 106 107 108 ]
[ 24 31 32 33 45 46 47 58 59 60 72 73 74 85 86 87 94 95 96 108 109 110 ]
[ 25 32 33 34 47 48 49 59 60 61 74 75 76 86 87 88 95 96 97 110 111 112 ]
[ 26 33 34 35 49 50 51 60 61 62 76 77 78 87 88 89 96 97 98 112 113 114 ]
[ 27 34 35 36 51 52 53 61 62 63 78 79 80 88 89 90 97 98 99 114 115 116 ]
[ 35 36 53 54 62 63 80 81 89 90 98 99 116 117 ]
[ 29 37 38 39 40 55 56 64 65 66 67 82 83 91 92 100 101 102 103 ]
[ 30 39 40 41 42 55 56 57 66 67 68 69 82 83 84 91 92 93 102 103 104 105 ]
[ 31 41 42 43 44 56 57 58 68 69 70 71 83 84 85 92 93 94 104 105 106 107 ]
[ 32 43 44 45 46 57 58 59 70 71 72 73 84 85 86 93 94 95 106 107 108 109 ]
[ 33 45 46 47 48 58 59 60 72 73 74 75 85 86 87 94 95 96 108 109 110 111 ]
[ 34 47 48 49 50 59 60 61 74 75 76 77 86 87 88 95 96 97 110 111 112 113 ]
[ 35 49 50 51 52 60 61 62 76 77 78 79 87 88 89 96 97 98 112 113 114 115 ]
[ 36 51 52 53 54 61 62 63 78 79 80 81 88 89 90 97 98 99 114 115 116 117 ]
[ 53 54 62 63 80 81 89 90 98 99 116 117 ]
[ 55 64 82 91 100 ]
[ 55 65 82 91 101 ]
[ 55 56 66 82 83 91 92 102 ]
[ 56 67 82 83 92 103 ]
[ 56 57 68 83 84 92 93 104 ]
[ 57 69 83 84 93 105 ]
[ 57 58 70 84 85 93 94 106 ]
[ 58 71 84 85 94 107 ]
[ 58 59 72 85 86 94 95 108 ]
[ 59 73 85 86 95 109 ]
[ 59 60 74 86 87 95 96 110 ]
[ 60 75 86 87 96 111 ]
[ 60 61 76 87 88 96 97 112 ]
[ 61 77 87 88 97 113 ]
[ 61 62 78 88 89 97 98 114 ]
[ 62 79 88 89 98 115 ]
[ 62 63 80 89 90 98 99 116 ]
[ 63 81 89 90 99 117 ]
[ 56 64 65 66 82 83 91 92 100 101 102 ]
[ 57 66 67 68 82 83 84 91 92 93 102 103 104 ]
[ 58 68 69 70 83 84 85 92 93 94 104 105 106 ]
[ 59 70 71 72 84 85 86 93 94 95 106 107 108 ]
[ 60 72 73 74 85 86 87 94 95 96 108 109 110 ]
[ 61 74 75 76 86 87 88 95 96 97 110 111 112 ]
[ 62 76 77 78 87 88 89 96 97 98 112 113 114 ]
[ 63 78 79 80 88 89 90 97 98 99 114 115 116 ]
[ 80 81 89 90 98 99 116 117 ]
[ 82 91 100 ]
[ 82 91 101 ]
[ 82 83 91 92 102 ]
[ 82 83 92 103 ]
[ 83 84 92 93 104 ]
[ 83 84 93 105 ]
[ 84 85 93 94 106 ]
[ 84 85 94 107 ]
[ 85 86 94 95 108 ]
[ 85 86 95 109 ]
[ 86 87 95 96 110 ]
[ 86 87 96 111 ]
[ 87 88 96 97 112 ]
[ 87 88 97 113 ]
[ 88 89 97 98 114 ]
[ 88 89 98 115 ]
[ 89 90 98 99 116 ]
[ 89 90 99 117 ]
[ 83 91 92 100 101 102 103 ]
[ 84 91 92 93 102 103 104 105 ]
[ 85 92 93 94 104 105 106 107 ]
[ 86 93 94 95 106 107 108 109 ]
[ 87 94 95 96 108 109 110 111 ]
[ 88 95 96 97 110 111 112 113 ]
[ 89 96 97 98 112 113 114 115 ]
[ 90 97 98 99 114 115 116 117 ]
[ 98 99 116 117 ]
[ 92 100 101 102 ]
[ 93 102 103 104 ]
[ 94 104 105 106 ]
[ 95 106 107 108 ]
[ 96 108 109 110 ]
[ 97 110 111 112 ]
[ 98 112 113 114 ]
[ 99 114 115 116 ]
[ 116 117 ]
[ ]
[ ]
[ ]
[ ]
[ ]
[ ]
[ ]
[ ]
[ ]
[ ]
[ ]
[ ]
[ ]
[ ]
[ ]
[ ]
[ ]
[ ]
]

EmployeesWithSkill: [
[ 1 2 3 4 5 6 7 8 9 10 11 12 13 14 15 16 17 18 19 20 21 22 23 24 25 26 27 28 29 30 ]
[ 1 2 4 6 7 8 9 10 11 13 14 15 16 18 19 20 21 22 23 24 25 26 27 28 29 30 ]
]

SkillDemandInActivityWithMode: [
0	1	
1	3	
1	3	
1	3	
1	3	
1	3	
1	3	
1	3	
1	3	
1	3	
1	3	
1	3	
1	3	
1	3	
1	3	
1	3	
1	3	
1	3	
1	3	
1	3	
1	3	
1	3	
1	3	
1	3	
1	3	
1	3	
1	3	
1	3	
1	3	
1	3	
1	3	
1	3	
1	3	
1	3	
1	3	
1	3	
0	1	
1	3	
1	3	
1	3	
1	3	
1	3	
1	3	
1	3	
1	3	
1	3	
1	3	
1	3	
1	3	
1	3	
1	3	
1	3	
1	3	
1	3	
1	3	
1	3	
1	3	
1	3	
0	1	
4	7	
8	13	
8	13	
9	15	
9	15	
6	10	
9	15	
8	13	
6	10	
4	7	
9	15	
2	4	
8	13	
0	1	
2	4	
6	10	
4	7	
8	13	
5	9	
5	9	
5	9	
2	4	
4	7	
5	9	
2	4	
4	7	
8	13	
5	9	
8	13	
8	13	
2	4	
7	12	
6	10	
5	9	
0	1	
4	7	
4	7	
6	10	
3	6	
1	3	
2	4	
6	10	
5	9	
5	9	
6	10	
6	10	
4	7	
2	4	
3	6	
2	4	
3	6	
4	7	
2	4	
2	4	
6	10	
4	7	
4	7	
5	9	
4	7	
3	6	
4	7	
4	7	
0	1	
4	7	
5	9	
6	10	
5	9	
2	4	
1	3	
3	6	
3	6	
5	9	
5	9	
5	9	
5	9	
1	3	
3	6	
2	4	
4	7	
3	6	
5	9	
5	9	
2	4	
1	3	
4	7	
3	6	
1	3	
3	6	
0	1	
10	16	
9	15	
12	19	
12	19	
12	19	
8	13	
10	16	
12	19	
5	9	
6	10	
10	16	
3	6	
9	15	
9	15	
6	10	
10	16	
15	24	
2	4	
0	1	
15	24	
16	25	
20	31	
23	36	
27	42	
23	36	
11	18	
23	36	
23	36	
10	16	
6	10	
27	42	
18	28	
7	12	
16	25	
8	13	
9	15	
14	22	
23	36	
14	22	
3	6	
0	1	
1	3	
1	3	
2	4	
1	3	
2	4	
2	4	
2	4	
1	3	
1	3	
2	4	
1	3	
1	3	
2	4	
1	3	
2	4	
1	3	
1	3	
2	4	
1	3	
1	3	
1	3	
1	3	
2	4	
2	4	
1	3	
2	4	
2	4	
2	4	
1	3	
1	3	
0	1	
7	12	
2	4	
9	15	
6	10	
8	13	
9	15	
9	15	
7	12	
7	12	
10	16	
3	6	
9	15	
9	15	
8	13	
3	6	
2	4	
2	4	
7	12	
6	10	
9	15	
8	13	
2	4	
9	15	
7	12	
7	12	
7	12	
9	15	
3	6	
5	9	
4	7	
8	13	
9	15	

0	1	
1	3	
1	3	
0	1	
1	3	
1	3	
1	3	
1	3	
1	3	
1	3	
1	3	
1	3	
1	3	
1	3	
0	1	
2	4	
0	1	
1	3	
0	1	
0	1	
1	3	
0	1	
0	1	
1	3	
1	3	
0	1	
0	1	
0	1	
2	4	
1	3	
1	3	
0	1	
0	1	
0	1	
0	1	
1	3	
0	1	
16	25	
12	19	
11	18	
2	4	
14	22	
8	13	
7	12	
16	25	
9	15	
2	4	
2	4	
2	4	
16	25	
4	7	
10	16	
12	19	
16	25	
16	25	
3	6	
12	19	
14	22	
0	1	
4	7	
8	13	
8	13	
10	16	
10	16	
6	10	
10	16	
8	13	
6	10	
4	7	
9	15	
1	3	
8	13	
0	1	
0	1	
0	1	
0	1	
0	1	
0	1	
0	1	
0	1	
0	1	
0	1	
0	1	
0	1	
0	1	
0	1	
0	1	
0	1	
0	1	
0	1	
0	1	
0	1	
0	1	
0	1	
3	6	
3	6	
5	9	
2	4	
0	1	
1	3	
5	9	
4	7	
4	7	
5	9	
5	9	
3	6	
1	3	
3	6	
1	3	
2	4	
3	6	
1	3	
1	3	
5	9	
4	7	
3	6	
4	7	
4	7	
2	4	
3	6	
3	6	
0	1	
3	6	
3	6	
5	9	
4	7	
1	3	
0	1	
2	4	
2	4	
3	6	
4	7	
4	7	
4	7	
0	1	
2	4	
1	3	
3	6	
2	4	
3	6	
4	7	
1	3	
0	1	
3	6	
2	4	
0	1	
2	4	
0	1	
1	3	
1	3	
1	3	
1	3	
1	3	
1	3	
1	3	
1	3	
0	1	
0	1	
1	3	
0	1	
1	3	
1	3	
0	1	
1	3	
1	3	
0	1	
0	1	
4	7	
5	9	
6	10	
7	12	
8	13	
7	12	
3	6	
7	12	
7	12	
3	6	
1	3	
8	13	
5	9	
2	4	
5	9	
2	4	
2	4	
4	7	
7	12	
4	7	
0	1	
0	1	
0	1	
0	1	
0	1	
0	1	
0	1	
0	1	
0	1	
0	1	
0	1	
0	1	
0	1	
0	1	
0	1	
0	1	
0	1	
0	1	
0	1	
0	1	
0	1	
0	1	
0	1	
0	1	
0	1	
0	1	
0	1	
0	1	
0	1	
0	1	
0	1	
0	1	
0	1	
7	12	
1	3	
8	13	
5	9	
7	12	
8	13	
8	13	
7	12	
7	12	
10	16	
2	4	
8	13	
8	13	
7	12	
2	4	
1	3	
1	3	
7	12	
5	9	
8	13	
7	12	
1	3	
8	13	
7	12	
7	12	
7	12	
8	13	
2	4	
4	7	
3	6	
7	12	
8	13	

]

EmployeeAvailability: [
1 1 1 1 1 1 1 1 1 1 1 1 1 1 1 1 1 1 1 1 1 1 1 1 1 1 1 1 1 1 1 1 1 1 1 1 1 1 1 1 1 1 1 1 1 1 1 1 1 1 1 1 1 1 1 1 1 1 1 1 1 1 1 1 1 1 1 1 1 1 1 1 1 1 1 1 1 1 1 1 1 1 1 1 1 1 1 1 1 1 1 1 1 1 1 1 1 1 1 1 1 1 1 1 1 1 1 1 1 1 1 1 1 1 1 1 1 
0 1 1 1 0 1 1 1 1 0 1 1 1 0 1 1 1 1 0 1 1 1 0 1 1 1 1 0 1 1 1 0 1 1 1 1 1 1 1 1 1 1 1 1 1 1 1 1 1 1 1 1 1 1 0 1 1 1 0 1 1 1 1 1 1 1 1 1 1 1 1 1 1 1 1 1 1 1 1 1 1 0 1 1 1 0 1 1 1 1 0 1 1 1 0 1 1 1 1 1 1 1 1 1 1 1 1 1 1 1 1 1 1 1 1 1 1 
1 1 1 1 1 0 1 1 1 1 1 1 1 1 1 1 1 1 1 1 1 1 1 1 1 1 1 1 1 1 1 1 0 1 1 1 1 1 1 1 1 1 1 1 1 1 1 1 1 1 1 1 1 1 1 1 1 1 1 1 1 1 1 1 1 1 1 1 1 1 1 1 1 1 1 1 1 1 1 1 1 1 1 1 1 1 0 1 1 1 1 1 1 1 1 1 1 1 1 1 1 1 1 1 1 1 1 1 1 1 1 1 1 1 1 1 1 
1 1 1 1 0 1 1 1 1 1 1 1 1 0 1 1 1 1 1 1 1 1 0 1 1 1 1 1 1 1 1 0 1 1 1 1 1 1 1 1 1 1 1 1 1 0 1 1 1 1 1 1 1 1 1 1 1 1 0 1 1 1 1 1 1 1 1 1 1 1 1 1 0 1 1 1 1 1 1 1 1 1 1 1 1 0 1 1 1 1 1 1 1 1 0 1 1 1 1 1 1 1 1 1 1 1 1 1 0 1 1 1 1 1 1 1 1 
1 1 0 0 1 1 1 1 1 1 1 0 0 1 1 1 1 1 1 1 0 0 1 1 1 1 1 1 1 0 0 1 1 1 1 1 1 1 1 1 1 0 0 1 1 1 1 1 1 1 1 1 1 1 1 1 0 0 1 1 1 1 1 1 1 1 1 1 0 0 1 1 1 1 1 1 1 1 1 1 1 1 1 0 0 1 1 1 1 1 1 1 0 0 1 1 1 1 1 1 1 1 1 1 0 0 1 1 1 1 1 1 1 1 1 1 1 
1 1 1 1 1 1 0 1 0 1 1 1 1 1 1 0 1 0 1 1 1 1 1 1 0 1 0 1 1 1 1 1 1 0 1 0 1 1 1 1 1 1 1 1 1 1 1 1 1 0 1 1 1 1 1 1 1 1 1 1 0 1 0 1 1 1 1 1 1 1 1 1 1 1 1 1 0 1 1 1 1 1 1 1 1 1 1 0 1 0 1 1 1 1 1 1 0 1 0 1 1 1 1 1 1 1 1 1 1 1 1 1 0 1 1 1 1 
0 1 0 0 1 1 1 1 1 0 1 0 0 1 1 1 1 1 0 1 0 0 1 1 1 1 1 0 1 0 0 1 1 1 1 1 1 0 1 1 1 0 1 1 1 1 1 1 1 1 1 1 1 1 0 1 0 0 1 1 1 1 1 1 0 1 1 1 0 1 1 1 1 1 1 1 1 1 1 1 1 0 1 0 0 1 1 1 1 1 0 1 0 0 1 1 1 1 1 1 0 1 1 1 0 1 1 1 1 1 1 1 1 1 1 1 1 
1 1 1 1 1 1 1 1 1 1 1 1 1 1 1 1 1 1 1 1 1 1 1 1 1 1 1 1 1 1 1 1 1 1 1 1 1 1 1 1 1 1 1 1 1 1 1 1 1 1 1 1 1 1 1 1 1 1 1 1 1 1 1 1 1 1 1 1 1 1 1 1 1 1 1 1 1 1 1 1 1 1 1 1 1 1 1 1 1 1 1 1 1 1 1 1 1 1 1 1 1 1 1 1 1 1 1 1 1 1 1 1 1 1 1 1 1 
1 1 1 1 1 1 0 1 1 1 1 1 1 1 1 0 1 1 1 1 1 1 1 1 0 1 1 1 1 1 1 1 1 0 1 1 1 1 1 1 1 1 1 1 1 1 1 1 0 1 1 1 1 1 1 1 1 1 1 1 0 1 1 1 1 1 1 1 1 1 1 1 1 1 1 0 1 1 1 1 1 1 1 1 1 1 1 0 1 1 1 1 1 1 1 1 0 1 1 1 1 1 1 1 1 1 1 1 1 1 1 0 1 1 1 1 1 
1 1 1 0 1 1 1 1 1 1 1 1 0 1 1 1 1 1 1 1 1 0 1 1 1 1 1 1 1 1 0 1 1 1 1 1 1 1 1 1 1 1 1 1 1 1 1 1 1 1 1 1 1 1 1 1 1 0 1 1 1 1 1 1 1 1 1 1 1 1 1 1 1 1 1 1 1 1 1 1 1 1 1 1 0 1 1 1 1 1 1 1 1 0 1 1 1 1 1 1 1 1 1 1 1 1 1 1 1 1 1 1 1 1 1 1 1 
1 1 1 1 0 1 0 1 1 1 1 1 1 0 1 1 1 1 1 1 1 1 0 1 1 1 1 1 1 1 1 0 1 0 1 1 1 1 1 1 1 1 1 1 0 1 1 1 1 1 1 1 1 1 1 1 1 1 0 1 1 1 1 1 1 1 1 1 1 1 1 0 1 1 1 1 1 1 1 1 1 1 1 1 1 0 1 0 1 1 1 1 1 1 0 1 1 1 1 1 1 1 1 1 1 1 1 0 1 1 1 1 1 1 1 1 1 
1 1 1 1 1 1 1 1 1 1 1 1 1 1 1 1 1 1 1 1 1 1 1 1 1 1 1 1 1 1 1 1 1 1 1 1 1 1 1 1 1 1 1 1 1 1 1 1 1 1 1 1 1 1 1 1 1 1 1 1 1 1 1 1 1 1 1 1 1 1 1 1 1 1 1 1 1 1 1 1 1 1 1 1 1 1 1 1 1 1 1 1 1 1 1 1 1 1 1 1 1 1 1 1 1 1 1 1 1 1 1 1 1 1 1 1 1 
1 1 0 1 0 1 1 1 1 1 1 1 1 0 1 1 1 1 1 1 1 1 0 1 1 1 1 1 1 0 1 0 1 1 1 1 1 1 1 1 1 1 1 1 1 1 1 1 1 1 1 1 1 1 1 1 1 1 0 1 1 1 1 1 1 1 1 1 1 1 1 1 1 1 1 1 1 1 1 1 1 1 1 0 1 0 1 1 1 1 1 1 1 1 0 1 1 1 1 1 1 1 1 1 1 1 1 1 1 1 1 1 1 1 1 1 1 
1 0 1 1 1 1 1 1 1 1 0 1 1 1 1 1 1 1 1 0 1 1 1 1 1 1 1 1 0 1 1 1 1 1 1 1 1 1 0 1 1 1 1 1 1 1 1 1 1 1 1 1 1 1 1 0 1 1 1 1 1 1 1 1 1 0 1 1 1 1 1 1 1 1 1 1 1 1 1 1 1 1 0 1 1 1 1 1 1 1 1 0 1 1 1 1 1 1 1 1 1 0 1 1 1 1 1 1 1 1 1 1 1 1 1 1 1 
1 1 1 1 1 1 1 1 1 1 1 1 1 1 1 1 1 1 1 1 1 1 1 1 1 1 1 1 1 1 1 1 1 1 1 1 1 1 1 1 1 1 1 1 1 1 1 1 1 1 1 1 1 1 1 1 1 1 1 1 1 1 1 1 1 1 1 1 1 1 1 1 1 1 1 1 1 1 1 1 1 1 1 1 1 1 1 1 1 1 1 1 1 1 1 1 1 1 1 1 1 1 1 1 1 1 1 1 1 1 1 1 1 1 1 1 1 
1 1 1 1 1 1 1 1 1 1 1 1 1 1 1 1 1 1 1 1 1 1 1 1 1 1 1 1 1 1 1 1 1 1 1 1 1 1 1 1 1 1 1 1 1 1 1 1 1 1 1 1 1 1 1 1 1 1 1 1 1 1 1 1 1 1 1 1 1 1 1 1 1 1 1 1 1 1 1 1 1 1 1 1 1 1 1 1 1 1 1 1 1 1 1 1 1 1 1 1 1 1 1 1 1 1 1 1 1 1 1 1 1 1 1 1 1 
1 1 1 1 0 1 1 1 0 1 1 1 1 0 1 1 1 0 1 1 1 1 0 1 1 1 0 1 1 1 1 0 1 1 1 0 1 1 1 1 1 1 1 1 1 0 1 1 1 1 1 1 0 1 1 1 1 1 0 1 1 1 0 1 1 1 1 1 1 1 1 1 0 1 1 1 1 1 1 0 1 1 1 1 1 0 1 1 1 0 1 1 1 1 0 1 1 1 0 1 1 1 1 1 1 1 1 1 0 1 1 1 1 1 1 0 1 
1 1 0 1 0 1 1 0 1 1 1 0 1 0 1 1 0 1 1 1 0 1 0 1 1 0 1 1 1 0 1 0 1 1 0 1 1 1 1 1 0 1 1 1 0 1 1 1 1 1 1 0 1 1 1 1 0 1 0 1 1 0 1 1 1 1 1 0 1 1 1 0 1 1 1 1 1 1 0 1 1 1 1 0 1 0 1 1 0 1 1 1 0 1 0 1 1 0 1 1 1 1 1 0 1 1 1 0 1 1 1 1 1 1 0 1 1 
1 1 1 1 0 1 0 1 1 1 1 1 1 0 1 0 1 1 1 1 1 1 0 1 0 1 1 1 1 1 1 0 1 0 1 1 1 1 1 1 1 1 1 1 1 0 1 1 1 1 1 1 1 1 1 1 1 1 0 1 0 1 1 1 1 1 1 1 1 1 1 1 0 1 1 1 1 1 1 1 1 1 1 1 1 0 1 0 1 1 1 1 1 1 0 1 0 1 1 1 1 1 1 1 1 1 1 1 0 1 1 1 1 1 1 1 1 
1 1 1 1 1 1 0 1 1 1 1 1 1 1 1 0 1 1 1 1 1 1 1 1 0 1 1 1 1 1 1 1 1 0 1 1 1 1 1 1 1 1 1 1 1 1 1 1 1 1 1 1 1 1 1 1 1 1 1 1 0 1 1 1 1 1 1 1 1 1 1 1 1 1 1 1 1 1 1 1 1 1 1 1 1 1 1 0 1 1 1 1 1 1 1 1 0 1 1 1 1 1 1 1 1 1 1 1 1 1 1 1 1 1 1 1 1 
1 1 1 1 1 1 1 1 1 1 1 1 1 1 1 1 1 1 1 1 1 1 1 1 1 1 1 1 1 1 1 1 1 1 1 1 1 1 1 1 1 1 1 1 1 1 1 1 1 1 1 1 1 1 1 1 1 1 1 1 1 1 1 1 1 1 1 1 1 1 1 1 1 1 1 1 1 1 1 1 1 1 1 1 1 1 1 1 1 1 1 1 1 1 1 1 1 1 1 1 1 1 1 1 1 1 1 1 1 1 1 1 1 1 1 1 1 
1 1 0 1 1 0 1 1 0 1 1 1 1 1 0 1 1 0 1 1 1 1 1 0 1 1 0 1 1 0 1 1 0 1 1 0 1 1 1 1 1 1 1 1 1 1 1 0 1 1 1 1 1 0 1 1 1 1 1 0 1 1 0 1 1 1 1 1 1 1 1 1 1 1 0 1 1 1 1 1 0 1 1 0 1 1 0 1 1 0 1 1 1 1 1 0 1 1 0 1 1 1 1 1 1 1 1 1 1 1 0 1 1 1 1 1 0 
1 1 1 1 1 1 1 1 1 1 1 1 1 1 1 1 1 1 1 1 1 1 1 1 1 1 1 1 1 1 1 1 1 1 1 1 1 1 1 1 1 1 1 1 1 1 1 1 1 1 1 1 1 1 1 1 1 1 1 1 1 1 1 1 1 1 1 1 1 1 1 1 1 1 1 1 1 1 1 1 1 1 1 1 1 1 1 1 1 1 1 1 1 1 1 1 1 1 1 1 1 1 1 1 1 1 1 1 1 1 1 1 1 1 1 1 1 
0 0 1 1 1 1 1 1 1 0 0 1 1 1 1 1 1 1 0 0 1 1 1 1 1 1 1 0 0 1 1 1 1 1 1 1 1 0 1 1 1 1 1 1 1 1 1 1 1 1 1 1 1 1 0 0 1 1 1 1 1 1 1 1 0 1 1 1 1 1 1 1 1 1 1 1 1 1 1 1 1 0 0 1 1 1 1 1 1 1 0 0 1 1 1 1 1 1 1 1 0 1 1 1 1 1 1 1 1 1 1 1 1 1 1 1 1 
1 1 1 1 1 1 1 1 1 1 1 1 1 1 1 1 1 1 1 1 1 1 1 1 1 1 1 1 1 1 1 1 1 1 1 1 1 1 1 1 1 1 1 1 1 1 1 1 1 1 1 1 1 1 1 1 1 1 1 1 1 1 1 1 1 1 1 1 1 1 1 1 1 1 1 1 1 1 1 1 1 1 1 1 1 1 1 1 1 1 1 1 1 1 1 1 1 1 1 1 1 1 1 1 1 1 1 1 1 1 1 1 1 1 1 1 1 
0 0 0 1 1 1 1 1 1 0 1 0 1 1 1 1 1 1 0 1 0 1 1 1 1 1 1 0 0 0 1 1 1 1 1 1 1 0 1 1 1 0 1 1 1 1 1 1 1 1 1 1 1 1 0 1 0 1 1 1 1 1 1 1 0 1 1 1 0 1 1 1 1 1 1 1 1 1 1 1 1 0 0 0 1 1 1 1 1 1 0 1 0 1 1 1 1 1 1 1 0 1 1 1 0 1 1 1 1 1 1 1 1 1 1 1 1 
1 1 1 1 1 1 1 0 1 1 1 1 1 1 1 1 0 1 1 1 1 1 1 1 1 0 1 1 1 1 1 1 1 1 0 1 1 1 1 1 1 1 1 1 1 1 1 1 1 1 1 1 1 1 1 1 1 1 1 1 1 0 1 1 1 1 1 1 1 1 1 1 1 1 1 1 1 1 1 1 1 1 1 1 1 1 1 1 0 1 1 1 1 1 1 1 1 0 1 1 1 1 1 1 1 1 1 1 1 1 1 1 1 1 1 1 1 
1 1 1 0 1 1 1 0 1 1 1 1 0 1 1 1 0 1 1 1 1 0 1 1 1 0 1 1 1 1 0 1 1 1 0 1 1 1 1 1 1 1 0 1 1 1 1 1 1 1 1 0 1 1 1 1 1 0 1 1 1 0 1 1 1 1 1 1 1 0 1 1 1 1 1 1 1 1 0 1 1 1 1 1 0 1 1 1 0 1 1 1 1 0 1 1 1 0 1 1 1 1 1 1 1 0 1 1 1 1 1 1 1 1 0 1 1 
1 1 1 1 1 0 1 1 1 1 1 1 1 1 0 1 1 1 1 1 1 1 1 0 1 1 1 1 1 1 1 1 0 1 1 1 1 1 1 1 1 1 1 1 1 1 0 1 1 1 1 1 1 1 1 1 1 1 1 0 1 1 1 1 1 1 1 1 1 1 1 1 1 0 1 1 1 1 1 1 1 1 1 1 1 1 0 1 1 1 1 1 1 1 1 0 1 1 1 1 1 1 1 1 1 1 1 1 1 0 1 1 1 1 1 1 1 
1 1 1 1 0 1 1 1 1 1 1 1 1 1 1 1 1 1 1 1 1 1 1 1 1 1 1 1 1 1 1 0 1 1 1 1 1 1 1 1 1 1 1 1 1 1 1 1 1 1 1 1 1 1 1 1 1 1 1 1 1 1 1 1 1 1 1 1 1 1 1 1 1 1 1 1 1 1 1 1 1 1 1 1 1 0 1 1 1 1 1 1 1 1 1 1 1 1 1 1 1 1 1 1 1 1 1 1 1 1 1 1 1 1 1 1 1 
]

EmployeeWantedInStint: [ (1 21) 1 (1 82) 1 (2 8) 1 (2 37) 1 (2 73) 1 (2 88) 1 (3 5) 1 (3 83) 1 (3 100) 1 (4 68) 1 (5 31) 1 (5 54) 1 (6 39) 1 (6 81) 1 (8 17) 1 (8 50) 1 (9 70) 1 (10 80) 1 (10 100) 1 (11 30) 1 (11 34) 1 (11 60) 1 (11 82) 1 (13 13) 1 (13 50) 1 (13 67) 1 (13 72) 1 (13 96) 1 (13 115) 1 (14 89) 1 (14 101) 1 (15 48) 1 (15 51) 1 (15 83) 1 (16 16) 1 (16 28) 1 (17 4) 1 (17 100) 1 (18 22) 1 (18 94) 1 (18 97) 1 (19 3) 1 (19 15) 1 (19 17) 1 (19 111) 1 (19 112) 1 (21 113) 1 (22 84) 1 (22 91) 1 (22 101) 1 (23 43) 1 (24 66) 1 (24 67) 1 (24 78) 1 (24 103) 1 (25 96) 1 (25 103) 1 (27 113) 1 (27 114) 1 (28 14) 1 (28 47) 1 (28 55) 1 (28 59) 1 (28 108) 1 (29 53) 1 (29 109) 1 (30 36) 1 (30 53) 1 ]

EmployeeWantedViolationCost: [ (1 21) 9000 (1 82) 6000 (2 8) 15000 (2 37) 5000 (2 73) 6000 (2 88) 15000 (3 5) 8000 (3 83) 8000 (3 100) 5000 (4 68) 9000 (5 31) 13000 (5 54) 9000 (6 39) 6000 (6 81) 12000 (8 17) 13000 (8 50) 8000 (9 70) 14000 (10 80) 8000 (10 100) 12000 (11 30) 13000 (11 34) 7000 (11 60) 10000 (11 82) 13000 (13 13) 9000 (13 50) 12000 (13 67) 11000 (13 72) 7000 (13 96) 8000 (13 115) 11000 (14 89) 6000 (14 101) 8000 (15 48) 8000 (15 51) 5000 (15 83) 12000 (16 16) 10000 (16 28) 13000 (17 4) 6000 (17 100) 12000 (18 22) 7000 (18 94) 5000 (18 97) 10000 (19 3) 14000 (19 15) 11000 (19 17) 6000 (19 111) 13000 (19 112) 6000 (21 113) 15000 (22 84) 14000 (22 91) 8000 (22 101) 8000 (23 43) 10000 (24 66) 8000 (24 67) 14000 (24 78) 11000 (24 103) 8000 (25 96) 9000 (25 103) 14000 (27 113) 10000 (27 114) 12000 (28 14) 5000 (28 47) 7000 (28 55) 14000 (28 59) 10000 (28 108) 9000 (29 53) 10000 (29 109) 5000 (30 36) 5000 (30 53) 7000 ]

EmployeesThatShouldNotWorkTogetherWithEmployee: [
[ ]
[ 26 ]
[ 24 ]
[ 5 8 ]
[ 8 30 ]
[ 21 ]
[ 23 ]
[ 10 15 ]
[ ]
[ 13 16 ]
[ ]
[ 17 ]
[ 17 23 ]
[ 16 ]
[ 16 23 ]
[ ]
[ ]
[ 24 ]
[ ]
[ ]
[ ]
[ ]
[ ]
[ 25 ]
[ ]
[ 27 30 ]
[ ]
[ ]
[ ]
[ ]
]

ShouldNotWorkTogetherCost: [ (2 26) 396 (3 24) 198 (4 5) 99 (4 8) 297 (5 8) 198 (5 30) 99 (6 21) 198 (7 23) 198 (8 10) 396 (8 15) 198 (10 13) 99 (10 16) 198 (12 17) 198 (13 17) 396 (13 23) 297 (14 16) 396 (15 16) 198 (15 23) 297 (18 24) 198 (24 25) 297 (26 27) 396 (26 30) 198 ]

ImmediatePredecessorsToActivity: [
[ ]
[ 1 ]
[ 2 ]
[ 3 ]
[ 3 ]
[ 3 ]
[ 4 ]
[ 5 6 ]
[ 8 ]
[ 4 9 ]
[ 2 8 ]
[ 4 6 11 ]
[ 7 8 ]
[ 5 6 9 ]
[ 2 ]
[ 2 5 9 13 ]
[ 2 ]
[ 7 15 ]
[ 3 ]
[ 1 ]
[ 5 6 13 15 20 ]
[ 3 ]
[ 1 ]
[ 13 15 17 ]
[ 4 5 6 13 ]
[ 2 ]
[ 5 7 ]
[ 5 6 17 ]
[ 5 6 7 11 15 ]
[ 17 ]
[ 1 ]
[ 1 ]
[ 3 17 ]
[ 6 ]
[ 1 ]
[ 2 30 31 ]
[ ]
[ 37 ]
[ 37 ]
[ 37 ]
[ 37 ]
[ 39 ]
[ 42 ]
[ 38 ]
[ 39 43 44 ]
[ 45 ]
[ 42 ]
[ 37 ]
[ 37 ]
[ 41 45 ]
[ 44 ]
[ 38 45 ]
[ 38 42 ]
[ 52 ]
[ 53 ]
[ 38 ]
[ 43 53 56 ]
[ 52 57 ]
[ ]
[ 59 ]
[ 59 ]
[ 60 ]
[ 59 ]
[ 61 ]
[ 60 63 64 ]
[ 62 ]
[ 63 66 ]
[ 60 63 ]
[ 65 ]
[ 63 ]
[ 59 ]
[ 60 63 66 ]
[ ]
[ 73 ]
[ 73 ]
[ 73 ]
[ 73 ]
[ 73 ]
[ 74 78 ]
[ 76 78 ]
[ 73 ]
[ 74 76 ]
[ 78 ]
[ 80 ]
[ 79 ]
[ 75 84 ]
[ 77 80 82 83 ]
[ 74 75 83 84 ]
[ 76 79 84 87 ]
[ 73 ]
[ 75 82 83 90 ]
[ 75 76 79 ]
[ 80 ]
[ ]
[ 94 ]
[ 95 ]
[ 94 ]
[ 94 ]
[ 94 ]
[ 98 ]
[ 94 ]
[ 101 ]
[ 101 ]
[ 94 ]
[ 97 99 ]
[ 104 105 ]
[ 95 97 101 ]
[ 100 ]
[ 94 ]
[ 97 99 100 102 104 ]
[ 95 108 ]
[ 96 101 104 ]
[ 103 ]
[ 98 102 105 108 109 113 ]
[ 96 100 102 107 109 ]
[ 97 99 108 ]
[ 107 108 109 112 ]
[ 103 115 ]
[ 96 107 ]
[ 95 105 109 113 ]
[ 98 102 104 ]
[ ]
[ 122 ]
[ 122 ]
[ 122 ]
[ 122 ]
[ 123 ]
[ 125 126 ]
[ 122 ]
[ 124 ]
[ 122 ]
[ 126 ]
[ 125 126 130 131 ]
[ 133 ]
[ 122 ]
[ 125 131 ]
[ 130 132 134 ]
[ 124 129 136 ]
[ 124 125 127 129 ]
[ 139 ]
[ 123 132 140 ]
[ 127 134 ]
[ 123 ]
[ 127 137 ]
[ 123 134 139 ]
[ 125 ]
[ 134 138 ]
[ ]
[ 148 ]
[ 148 ]
[ 148 ]
[ 149 150 ]
[ 149 ]
[ 150 151 ]
[ 152 154 ]
[ 153 155 ]
[ 153 155 ]
[ 150 155 ]
[ 156 ]
[ 150 ]
[ 160 ]
[ 156 ]
[ 151 156 ]
[ 153 ]
[ 152 164 ]
[ 148 ]
[ ]
[ 167 ]
[ 167 ]
[ 167 ]
[ 170 ]
[ 168 ]
[ 167 ]
[ 168 169 173 ]
[ 167 ]
[ 167 ]
[ 170 172 174 175 176 ]
[ 174 ]
[ 169 170 172 178 ]
[ 168 ]
[ 171 174 180 ]
[ 177 181 ]
[ 170 180 ]
[ 167 ]
[ 174 183 184 ]
[ 175 181 ]
[ 172 ]
[ 167 ]
[ ]
[ 189 ]
[ 190 ]
[ 190 ]
[ 190 ]
[ 190 ]
[ 192 193 ]
[ 194 195 ]
[ 193 ]
[ 189 ]
[ 189 ]
[ 199 ]
[ 196 ]
[ 196 197 199 ]
[ 191 193 202 ]
[ 196 197 199 ]
[ 189 ]
[ 195 198 ]
[ 191 204 ]
[ 189 ]
[ 196 ]
[ 193 ]
[ 194 195 199 205 ]
[ 190 204 ]
[ 194 195 198 201 202 205 ]
[ 205 ]
[ 199 205 210 ]
[ 191 192 194 197 205 ]
[ 201 210 216 ]
[ 196 ]
[ 190 ]
[ ]
[ 220 ]
[ 220 ]
[ 221 222 ]
[ 220 ]
[ 224 ]
[ 220 ]
[ 224 ]
[ 221 226 ]
[ 226 ]
[ 221 229 ]
[ 226 230 ]
[ 223 228 ]
[ 223 224 ]
[ 225 ]
[ 221 225 229 ]
[ 220 ]
[ 224 230 ]
[ 227 235 ]
[ 230 ]
[ 235 239 ]
[ 223 235 239 ]
[ 224 228 ]
[ 227 231 239 ]
[ 235 239 ]
[ 230 ]
[ 222 224 229 234 ]
[ 231 235 245 246 ]
[ 226 230 ]
[ 226 239 245 ]
[ 226 245 ]
[ 224 226 235 245 ]
[ 220 ]
]

ActivitiesInProject: [
[ 1 2 3 4 5 6 7 8 9 10 11 12 13 14 15 16 17 18 19 20 21 22 23 24 25 26 27 28 29 30 31 32 33 34 35 36 ]
[ 37 38 39 40 41 42 43 44 45 46 47 48 49 50 51 52 53 54 55 56 57 58 ]
[ 59 60 61 62 63 64 65 66 67 68 69 70 71 72 ]
[ 73 74 75 76 77 78 79 80 81 82 83 84 85 86 87 88 89 90 91 92 93 ]
[ 94 95 96 97 98 99 100 101 102 103 104 105 106 107 108 109 110 111 112 113 114 115 116 117 118 119 120 121 ]
[ 122 123 124 125 126 127 128 129 130 131 132 133 134 135 136 137 138 139 140 141 142 143 144 145 146 147 ]
[ 148 149 150 151 152 153 154 155 156 157 158 159 160 161 162 163 164 165 166 ]
[ 167 168 169 170 171 172 173 174 175 176 177 178 179 180 181 182 183 184 185 186 187 188 ]
[ 189 190 191 192 193 194 195 196 197 198 199 200 201 202 203 204 205 206 207 208 209 210 211 212 213 214 215 216 217 218 219 ]
[ 220 221 222 223 224 225 226 227 228 229 230 231 232 233 234 235 236 237 238 239 240 241 242 243 244 245 246 247 248 249 250 251 252 ]
]

nActivityModes: [ 2 2 2 2 2 2 2 2 2 2 2 2 2 2 2 2 2 2 2 2 2 2 2 2 2 2 2 2 2 2 2 2 2 2 2 2 2 2 2 2 2 2 2 2 2 2 2 2 2 2 2 2 2 2 2 2 2 2 2 2 2 2 2 2 2 2 2 2 2 2 2 2 2 2 2 2 2 2 2 2 2 2 2 2 2 2 2 2 2 2 2 2 2 2 2 2 2 2 2 2 2 2 2 2 2 2 2 2 2 2 2 2 2 2 2 2 2 2 2 2 2 2 2 2 2 2 2 2 2 2 2 2 2 2 2 2 2 2 2 2 2 2 2 2 2 2 2 2 2 2 2 2 2 2 2 2 2 2 2 2 2 2 2 2 2 2 2 2 2 2 2 2 2 2 2 2 2 2 2 2 2 2 2 2 2 2 2 2 2 2 2 2 2 2 2 2 2 2 2 2 2 2 2 2 2 2 2 2 2 2 2 2 2 2 2 2 2 2 2 2 2 2 2 2 2 2 2 2 2 2 2 2 2 2 2 2 2 2 2 2 2 2 2 2 2 2 2 2 2 2 2 2 ]

ActivityDurationWithMode: [
1	1	
21	14	
16	11	
25	17	
11	8	
18	12	
15	10	
20	14	
15	10	
13	9	
15	10	
11	8	
12	8	
13	9	
58	39	
10	7	
43	29	
16	11	
32	22	
85	57	
14	10	
30	20	
101	68	
13	9	
12	8	
70	47	
25	17	
31	21	
10	7	
11	8	
17	12	
76	51	
28	19	
36	24	
90	60	
14	10	
1	1	
6	4	
8	6	
9	6	
44	30	
7	5	
12	8	
13	9	
6	4	
11	8	
34	23	
48	32	
45	30	
6	4	
21	14	
10	7	
8	6	
6	4	
6	4	
26	18	
8	6	
7	5	
1	1	
12	8	
6	4	
6	4	
5	4	
5	4	
8	6	
5	4	
6	4	
8	6	
11	8	
5	4	
31	21	
6	4	
1	1	
27	18	
8	6	
14	10	
6	4	
11	8	
11	8	
11	8	
29	20	
13	9	
11	8	
26	18	
13	9	
6	4	
10	7	
6	4	
6	4	
35	24	
7	5	
8	6	
11	8	
1	1	
10	7	
10	7	
6	4	
13	9	
37	25	
22	15	
6	4	
7	5	
7	5	
6	4	
6	4	
10	7	
26	18	
11	8	
20	14	
15	10	
10	7	
26	18	
25	17	
6	4	
8	6	
10	7	
7	5	
8	6	
12	8	
10	7	
10	7	
1	1	
10	7	
8	6	
6	4	
7	5	
24	16	
53	36	
14	10	
12	8	
8	6	
7	5	
7	5	
7	5	
51	34	
12	8	
17	12	
10	7	
11	8	
8	6	
7	5	
25	17	
49	33	
8	6	
13	9	
46	31	
13	9	
1	1	
6	4	
7	5	
5	4	
5	4	
5	4	
8	6	
6	4	
5	4	
13	9	
10	7	
6	4	
20	14	
7	5	
7	5	
11	8	
6	4	
4	3	
32	22	
1	1	
11	8	
10	7	
8	6	
7	5	
6	4	
7	5	
15	10	
7	5	
7	5	
16	11	
29	20	
6	4	
9	6	
25	17	
10	7	
21	14	
19	13	
12	8	
7	5	
12	8	
61	41	
1	1	
13	9	
28	19	
12	8	
13	9	
8	6	
11	8	
9	6	
19	13	
47	32	
9	6	
61	41	
15	10	
8	6	
17	12	
10	7	
36	24	
26	18	
8	6	
72	48	
24	16	
41	28	
35	24	
12	8	
12	8	
30	20	
9	6	
8	6	
9	6	
28	19	
17	12	
1	1	
10	7	
45	30	
8	6	
12	8	
9	6	
8	6	
8	6	
10	7	
10	7	
7	5	
28	19	
8	6	
8	6	
9	6	
33	22	
55	37	
37	25	
10	7	
12	8	
8	6	
9	6	
46	31	
8	6	
10	7	
10	7	
10	7	
8	6	
33	22	
16	11	
19	13	
9	6	
8	6	
]

StintsInProject: [
[ 1 2 3 4 5 6 7 8 9 ]
[ 10 11 12 13 14 15 16 17 18 ]
[ 19 20 21 22 23 24 25 26 27 ]
[ 28 29 30 31 32 33 34 35 36 ]
[ 37 38 39 40 41 42 43 44 45 46 47 48 49 50 51 52 53 54 ]
[ 55 56 57 58 59 60 61 62 63 ]
[ 64 65 66 67 68 69 70 71 72 73 74 75 76 77 78 79 80 81 ]
[ 82 83 84 85 86 87 88 89 90 ]
[ 91 92 93 94 95 96 97 98 99 ]
[ 100 101 102 103 104 105 106 107 108 109 110 111 112 113 114 115 116 117 ]
]

WorkingStintsOnDay: [
[ 1 10 19 28 37 55 64 82 91 100 ]
[ 1 10 19 28 37 55 64 82 91 100 ]
[ 1 10 19 28 37 55 64 82 91 100 ]
[ 1 10 19 28 37 55 64 82 91 100 ]
[ 1 10 19 28 37 55 64 82 91 100 ]
[ 1 10 19 28 55 82 91 ]
[ 1 10 19 28 55 82 91 ]
[ 1 10 19 28 38 55 65 82 91 101 ]
[ 1 10 19 28 38 55 65 82 91 101 ]
[ 1 10 19 28 38 55 65 82 91 101 ]
[ 1 10 19 28 38 55 65 82 91 101 ]
[ 1 10 19 28 38 55 65 82 91 101 ]
[ 1 28 82 ]
[ 1 28 82 ]
[ 2 11 20 29 39 56 66 83 92 102 ]
[ 2 11 20 29 39 56 66 83 92 102 ]
[ 2 11 20 29 39 56 66 83 92 102 ]
[ 2 11 20 29 39 56 66 83 92 102 ]
[ 2 11 20 29 39 56 66 83 92 102 ]
[ 2 11 20 29 56 83 92 ]
[ 2 11 20 29 56 83 92 ]
[ 2 11 20 29 40 56 67 83 92 103 ]
[ 2 11 20 29 40 56 67 83 92 103 ]
[ 2 11 20 29 40 56 67 83 92 103 ]
[ 2 11 20 29 40 56 67 83 92 103 ]
[ 2 11 20 29 40 56 67 83 92 103 ]
[ 2 29 83 ]
[ 2 29 83 ]
[ 3 12 21 30 41 57 68 84 93 104 ]
[ 3 12 21 30 41 57 68 84 93 104 ]
[ 3 12 21 30 41 57 68 84 93 104 ]
[ 3 12 21 30 41 57 68 84 93 104 ]
[ 3 12 21 30 41 57 68 84 93 104 ]
[ 3 12 21 30 57 84 93 ]
[ 3 12 21 30 57 84 93 ]
[ 3 12 21 30 42 57 69 84 93 105 ]
[ 3 12 21 30 42 57 69 84 93 105 ]
[ 3 12 21 30 42 57 69 84 93 105 ]
[ 3 12 21 30 42 57 69 84 93 105 ]
[ 3 12 21 30 42 57 69 84 93 105 ]
[ 3 30 84 ]
[ 3 30 84 ]
[ 4 13 22 31 43 58 70 85 94 106 ]
[ 4 13 22 31 43 58 70 85 94 106 ]
[ 4 13 22 31 43 58 70 85 94 106 ]
[ 4 13 22 31 43 58 70 85 94 106 ]
[ 4 13 22 31 43 58 70 85 94 106 ]
[ 4 13 22 31 58 85 94 ]
[ 4 13 22 31 58 85 94 ]
[ 4 13 22 31 44 58 71 85 94 107 ]
[ 4 13 22 31 44 58 71 85 94 107 ]
[ 4 13 22 31 44 58 71 85 94 107 ]
[ 4 13 22 31 44 58 71 85 94 107 ]
[ 4 13 22 31 44 58 71 85 94 107 ]
[ 4 31 85 ]
[ 4 31 85 ]
[ 5 14 23 32 45 59 72 86 95 108 ]
[ 5 14 23 32 45 59 72 86 95 108 ]
[ 5 14 23 32 45 59 72 86 95 108 ]
[ 5 14 23 32 45 59 72 86 95 108 ]
[ 5 14 23 32 45 59 72 86 95 108 ]
[ 5 14 23 32 59 86 95 ]
[ 5 14 23 32 59 86 95 ]
[ 5 14 23 32 46 59 73 86 95 109 ]
[ 5 14 23 32 46 59 73 86 95 109 ]
[ 5 14 23 32 46 59 73 86 95 109 ]
[ 5 14 23 32 46 59 73 86 95 109 ]
[ 5 14 23 32 46 59 73 86 95 109 ]
[ 5 32 86 ]
[ 5 32 86 ]
[ 6 15 24 33 47 60 74 87 96 110 ]
[ 6 15 24 33 47 60 74 87 96 110 ]
[ 6 15 24 33 47 60 74 87 96 110 ]
[ 6 15 24 33 47 60 74 87 96 110 ]
[ 6 15 24 33 47 60 74 87 96 110 ]
[ 6 15 24 33 60 87 96 ]
[ 6 15 24 33 60 87 96 ]
[ 6 15 24 33 48 60 75 87 96 111 ]
[ 6 15 24 33 48 60 75 87 96 111 ]
[ 6 15 24 33 48 60 75 87 96 111 ]
[ 6 15 24 33 48 60 75 87 96 111 ]
[ 6 15 24 33 48 60 75 87 96 111 ]
[ 6 33 87 ]
[ 6 33 87 ]
[ 7 16 25 34 49 61 76 88 97 112 ]
[ 7 16 25 34 49 61 76 88 97 112 ]
[ 7 16 25 34 49 61 76 88 97 112 ]
[ 7 16 25 34 49 61 76 88 97 112 ]
[ 7 16 25 34 49 61 76 88 97 112 ]
[ 7 16 25 34 61 88 97 ]
[ 7 16 25 34 61 88 97 ]
[ 7 16 25 34 50 61 77 88 97 113 ]
[ 7 16 25 34 50 61 77 88 97 113 ]
[ 7 16 25 34 50 61 77 88 97 113 ]
[ 7 16 25 34 50 61 77 88 97 113 ]
[ 7 16 25 34 50 61 77 88 97 113 ]
[ 7 34 88 ]
[ 7 34 88 ]
[ 8 17 26 35 51 62 78 89 98 114 ]
[ 8 17 26 35 51 62 78 89 98 114 ]
[ 8 17 26 35 51 62 78 89 98 114 ]
[ 8 17 26 35 51 62 78 89 98 114 ]
[ 8 17 26 35 51 62 78 89 98 114 ]
[ 8 17 26 35 62 89 98 ]
[ 8 17 26 35 62 89 98 ]
[ 8 17 26 35 52 62 79 89 98 115 ]
[ 8 17 26 35 52 62 79 89 98 115 ]
[ 8 17 26 35 52 62 79 89 98 115 ]
[ 8 17 26 35 52 62 79 89 98 115 ]
[ 8 17 26 35 52 62 79 89 98 115 ]
[ 8 35 89 ]
[ 8 35 89 ]
[ 9 18 27 36 53 63 80 90 99 116 ]
[ 9 18 27 36 53 63 80 90 99 116 ]
[ 9 18 27 36 53 63 80 90 99 116 ]
[ 9 18 27 36 53 63 80 90 99 116 ]
[ 9 18 27 36 53 63 80 90 99 116 ]
[ 9 18 27 36 63 90 99 ]
[ 9 18 27 36 63 90 99 ]
[ 9 18 27 36 54 63 81 90 99 117 ]
]

ProjectStart: [ 11 37 33 13 13 27 20 6 7 12 ]

ProjectEnd: [ 115 98 71 71 93 101 74 68 96 108 ]

EarliestStartDayForActivity: [ 1 11 32 48 48 48 73 66 86 101 86 101 88 101 32 101 32 90 48 11 100 48 11 100 100 32 88 75 101 75 11 11 75 66 11 86 1 37 37 37 37 47 54 45 68 76 54 37 37 89 60 76 54 88 64 45 75 88 1 33 33 47 33 39 47 53 60 47 55 38 33 60 1 13 13 13 13 13 40 27 13 40 24 38 51 64 53 64 64 13 53 51 38 1 13 27 13 13 13 32 13 23 23 13 66 74 27 62 13 66 79 41 32 79 65 79 79 75 65 74 32 1 27 27 27 27 39 36 27 37 27 36 51 60 27 37 67 51 67 80 90 67 39 88 80 35 67 1 20 20 20 31 30 31 41 51 51 51 58 31 59 58 58 37 45 20 1 6 6 6 14 17 6 17 6 6 32 32 61 17 32 57 26 6 47 57 23 6 1 7 22 22 22 22 37 50 37 7 7 18 61 61 69 61 7 62 73 7 61 37 50 73 78 49 86 60 86 61 22 1 12 12 75 12 30 12 30 26 24 38 47 87 87 41 41 12 47 88 47 88 88 40 87 88 47 75 89 47 65 61 88 12 ]

LatestStartDayForActivity: [ 1 115 115 115 115 115 115 115 115 115 115 115 115 115 115 115 115 115 115 115 115 115 115 115 115 115 115 115 115 115 115 115 115 115 115 115 1 98 98 98 98 98 98 98 98 98 98 98 98 98 98 98 98 98 98 98 98 98 1 71 71 71 71 71 71 71 71 71 71 71 71 71 1 71 71 71 71 71 71 71 71 71 71 71 71 71 71 71 71 71 71 71 71 1 93 93 93 93 93 93 93 93 93 93 93 93 93 93 93 93 93 93 93 93 93 93 93 93 93 93 93 1 101 101 101 101 101 101 101 101 101 101 101 101 101 101 101 101 101 101 101 101 101 101 101 101 101 1 74 74 74 74 74 74 74 74 74 74 74 74 74 74 74 74 74 74 1 68 68 68 68 68 68 68 68 68 68 68 68 68 68 68 68 68 68 68 68 68 1 96 96 96 96 96 96 96 96 96 96 96 96 96 96 96 96 96 96 96 96 96 96 96 96 96 96 96 96 96 96 1 108 108 108 108 108 108 108 108 108 108 108 108 108 108 108 108 108 108 108 108 108 108 108 108 108 108 108 108 108 108 108 108 ]

EquipmentTypeDemandInActivityWithMode: [
0	1	
0	1	
0	1	
0	1	
0	1	
0	1	
0	1	
0	1	
0	1	
0	1	
2	4	
0	1	
1	3	
1	3	
1	3	
0	1	
0	1	
0	1	
0	1	
0	1	
0	1	
1	3	
1	3	
0	1	
1	3	
1	3	
1	3	
0	1	
0	1	
0	1	
2	4	
0	1	
1	3	
2	4	
0	1	
1	3	
0	1	
1	3	
0	1	
0	1	
0	1	
0	1	
1	3	
0	1	
0	1	
0	1	
0	1	
0	1	
1	3	
1	3	
0	1	
1	3	
2	4	
0	1	
0	1	
1	3	
0	1	
0	1	
0	1	
2	4	
0	1	
1	3	
1	3	
0	1	
3	6	
0	1	
1	3	
0	1	
0	1	
0	1	
0	1	
0	1	
0	1	
0	1	
0	1	
0	1	
0	1	
0	1	
1	3	
1	3	
0	1	
0	1	
1	3	
1	3	
0	1	
0	1	
1	3	
0	1	
1	3	
0	1	
0	1	
0	1	
1	3	
0	1	
0	1	
1	3	
0	1	
0	1	
0	1	
1	3	
0	1	
0	1	
0	1	
0	1	
1	3	
0	1	
0	1	
0	1	
0	1	
1	3	
0	1	
0	1	
0	1	
0	1	
0	1	
2	4	
1	3	
0	1	
1	3	
1	3	
1	3	
0	1	
0	1	
0	1	
0	1	
0	1	
1	3	
0	1	
0	1	
2	4	
0	1	
0	1	
1	3	
0	1	
0	1	
1	3	
1	3	
0	1	
0	1	
0	1	
1	3	
0	1	
0	1	
0	1	
1	3	
0	1	
0	1	
0	1	
0	1	
0	1	
0	1	
0	1	
1	3	
1	3	
0	1	
0	1	
0	1	
0	1	
0	1	
1	3	
0	1	
0	1	
0	1	
0	1	
0	1	
0	1	
0	1	
0	1	
1	3	
1	3	
0	1	
0	1	
0	1	
0	1	
0	1	
0	1	
1	3	
0	1	
2	4	
0	1	
0	1	
0	1	
0	1	
2	4	
0	1	
2	4	
0	1	
2	4	
0	1	
1	3	
1	3	
0	1	
0	1	
0	1	
0	1	
0	1	
0	1	
1	3	
0	1	
0	1	
1	3	
0	1	
1	3	
0	1	
1	3	
1	3	
0	1	
0	1	
0	1	
1	3	
1	3	
0	1	
0	1	
0	1	
1	3	
2	4	
0	1	
0	1	
1	3	
0	1	
1	3	
1	3	
0	1	
0	1	
0	1	
0	1	
1	3	
0	1	
0	1	
0	1	
1	3	
0	1	
1	3	
0	1	
0	1	
0	1	
1	3	
0	1	
0	1	
0	1	
0	1	
0	1	
1	3	
1	3	
1	3	
0	1	
1	3	
0	1	
0	1	
1	3	
1	3	
1	3	

0	1	
0	1	
1	3	
1	3	
1	3	
0	1	
2	4	
0	1	
1	3	
1	3	
0	1	
1	3	
0	1	
0	1	
0	1	
0	1	
0	1	
0	1	
1	3	
1	3	
1	3	
0	1	
1	3	
0	1	
0	1	
1	3	
0	1	
0	1	
0	1	
0	1	
1	3	
0	1	
0	1	
0	1	
1	3	
0	1	
0	1	
1	3	
0	1	
0	1	
0	1	
0	1	
0	1	
0	1	
1	3	
0	1	
0	1	
0	1	
1	3	
0	1	
1	3	
1	3	
0	1	
0	1	
2	4	
0	1	
1	3	
0	1	
0	1	
0	1	
0	1	
0	1	
1	3	
2	4	
0	1	
0	1	
0	1	
1	3	
0	1	
1	3	
0	1	
2	4	
0	1	
0	1	
0	1	
1	3	
0	1	
0	1	
0	1	
1	3	
1	3	
0	1	
0	1	
1	3	
0	1	
0	1	
0	1	
1	3	
0	1	
0	1	
0	1	
1	3	
1	3	
0	1	
0	1	
0	1	
0	1	
0	1	
1	3	
0	1	
0	1	
0	1	
0	1	
1	3	
0	1	
1	3	
0	1	
1	3	
0	1	
0	1	
1	3	
1	3	
0	1	
1	3	
0	1	
0	1	
0	1	
0	1	
0	1	
1	3	
0	1	
0	1	
1	3	
0	1	
1	3	
0	1	
0	1	
0	1	
0	1	
0	1	
0	1	
1	3	
1	3	
0	1	
0	1	
0	1	
0	1	
0	1	
0	1	
1	3	
1	3	
1	3	
0	1	
1	3	
0	1	
0	1	
0	1	
0	1	
0	1	
0	1	
0	1	
0	1	
0	1	
0	1	
1	3	
0	1	
0	1	
1	3	
0	1	
2	4	
0	1	
0	1	
0	1	
0	1	
0	1	
0	1	
0	1	
1	3	
2	4	
1	3	
1	3	
1	3	
1	3	
1	3	
0	1	
2	4	
0	1	
0	1	
0	1	
0	1	
1	3	
2	4	
1	3	
0	1	
0	1	
0	1	
0	1	
1	3	
0	1	
0	1	
1	3	
1	3	
1	3	
0	1	
0	1	
2	4	
0	1	
0	1	
0	1	
1	3	
1	3	
1	3	
0	1	
0	1	
0	1	
0	1	
0	1	
0	1	
2	4	
1	3	
0	1	
0	1	
0	1	
0	1	
0	1	
2	4	
0	1	
0	1	
0	1	
0	1	
0	1	
0	1	
0	1	
1	3	
1	3	
1	3	
1	3	
0	1	
1	3	
0	1	
1	3	
1	3	
0	1	
0	1	
0	1	
1	3	
0	1	
1	3	
1	3	
0	1	
0	1	
0	1	
1	3	
0	1	
2	4	
0	1	
1	3	
0	1	
0	1	
0	1	
1	3	
0	1	

0	1	
0	1	
0	1	
0	1	
0	1	
1	3	
0	1	
0	1	
1	3	
0	1	
0	1	
1	3	
1	3	
0	1	
0	1	
0	1	
1	3	
0	1	
0	1	
0	1	
0	1	
0	1	
0	1	
0	1	
0	1	
1	3	
0	1	
0	1	
1	3	
0	1	
0	1	
0	1	
0	1	
0	1	
0	1	
0	1	
0	1	
0	1	
0	1	
0	1	
0	1	
0	1	
1	3	
0	1	
1	3	
0	1	
1	3	
0	1	
0	1	
0	1	
1	3	
0	1	
0	1	
0	1	
0	1	
1	3	
0	1	
0	1	
0	1	
1	3	
0	1	
0	1	
0	1	
0	1	
0	1	
0	1	
0	1	
0	1	
0	1	
2	4	
0	1	
0	1	
0	1	
0	1	
0	1	
0	1	
0	1	
0	1	
1	3	
0	1	
0	1	
1	3	
0	1	
0	1	
1	3	
0	1	
1	3	
1	3	
0	1	
0	1	
1	3	
1	3	
0	1	
0	1	
0	1	
0	1	
0	1	
1	3	
1	3	
0	1	
1	3	
0	1	
1	3	
0	1	
0	1	
0	1	
0	1	
0	1	
0	1	
0	1	
0	1	
0	1	
0	1	
0	1	
0	1	
1	3	
0	1	
1	3	
0	1	
0	1	
0	1	
0	1	
0	1	
0	1	
0	1	
1	3	
2	4	
1	3	
1	3	
0	1	
0	1	
1	3	
0	1	
0	1	
0	1	
0	1	
0	1	
1	3	
0	1	
0	1	
0	1	
0	1	
1	3	
0	1	
0	1	
2	4	
0	1	
0	1	
0	1	
1	3	
1	3	
1	3	
1	3	
0	1	
0	1	
0	1	
0	1	
0	1	
1	3	
0	1	
0	1	
0	1	
1	3	
2	4	
0	1	
0	1	
0	1	
0	1	
0	1	
0	1	
0	1	
0	1	
0	1	
0	1	
0	1	
0	1	
1	3	
0	1	
0	1	
0	1	
0	1	
0	1	
0	1	
2	4	
0	1	
0	1	
0	1	
0	1	
0	1	
1	3	
0	1	
0	1	
0	1	
0	1	
0	1	
0	1	
1	3	
0	1	
1	3	
0	1	
0	1	
0	1	
0	1	
1	3	
1	3	
0	1	
0	1	
0	1	
1	3	
0	1	
0	1	
0	1	
0	1	
0	1	
0	1	
0	1	
0	1	
0	1	
0	1	
0	1	
0	1	
0	1	
0	1	
0	1	
1	3	
1	3	
0	1	
0	1	
0	1	
0	1	
0	1	
1	3	
0	1	
0	1	
0	1	
0	1	
0	1	
0	1	
0	1	
0	1	
2	4	
1	3	
0	1	
1	3	
0	1	
1	3	
0	1	
0	1	
0	1	
1	3	
1	3	
0	1	

0	1	
0	1	
0	1	
0	1	
0	1	
0	1	
1	3	
0	1	
1	3	
1	3	
0	1	
0	1	
0	1	
0	1	
0	1	
0	1	
0	1	
0	1	
0	1	
0	1	
0	1	
0	1	
0	1	
0	1	
0	1	
0	1	
0	1	
0	1	
0	1	
0	1	
0	1	
1	3	
0	1	
0	1	
0	1	
0	1	
0	1	
0	1	
0	1	
0	1	
0	1	
1	3	
0	1	
0	1	
0	1	
0	1	
0	1	
1	3	
0	1	
0	1	
0	1	
0	1	
0	1	
1	3	
0	1	
0	1	
0	1	
0	1	
0	1	
0	1	
0	1	
0	1	
0	1	
0	1	
0	1	
1	3	
0	1	
0	1	
0	1	
1	3	
0	1	
0	1	
0	1	
1	3	
0	1	
0	1	
0	1	
0	1	
0	1	
1	3	
0	1	
0	1	
0	1	
0	1	
1	3	
0	1	
0	1	
0	1	
1	3	
0	1	
0	1	
0	1	
0	1	
0	1	
0	1	
0	1	
1	3	
1	3	
0	1	
0	1	
0	1	
0	1	
0	1	
1	3	
0	1	
0	1	
0	1	
0	1	
1	3	
1	3	
0	1	
1	3	
0	1	
0	1	
0	1	
0	1	
0	1	
0	1	
0	1	
0	1	
0	1	
0	1	
0	1	
1	3	
0	1	
0	1	
1	3	
0	1	
0	1	
0	1	
0	1	
0	1	
0	1	
0	1	
1	3	
0	1	
1	3	
1	3	
0	1	
1	3	
0	1	
0	1	
1	3	
0	1	
0	1	
1	3	
0	1	
0	1	
1	3	
0	1	
0	1	
0	1	
0	1	
1	3	
0	1	
0	1	
0	1	
0	1	
0	1	
0	1	
1	3	
1	3	
0	1	
2	4	
0	1	
0	1	
0	1	
1	3	
0	1	
0	1	
0	1	
0	1	
0	1	
0	1	
0	1	
0	1	
0	1	
0	1	
0	1	
0	1	
0	1	
0	1	
0	1	
0	1	
0	1	
0	1	
0	1	
0	1	
0	1	
1	3	
0	1	
0	1	
1	3	
0	1	
0	1	
0	1	
1	3	
2	4	
1	3	
0	1	
1	3	
1	3	
0	1	
0	1	
0	1	
1	3	
0	1	
0	1	
0	1	
1	3	
0	1	
0	1	
0	1	
0	1	
0	1	
1	3	
1	3	
1	3	
0	1	
0	1	
0	1	
0	1	
2	4	
0	1	
0	1	
1	3	
0	1	
1	3	
0	1	
0	1	
0	1	
0	1	
0	1	
0	1	
1	3	
1	3	
0	1	
0	1	
1	3	
1	3	
1	3	
0	1	
1	3	
0	1	
0	1	
0	1	
0	1	
1	3	
0	1	
0	1	
0	1	
0	1	

]

ExternalEquipmentRentingCost: [
1470	1174	1889	5433	3744	4377	4541	2104	4330	4810	3108	5296	1463	5673	3358	4598	4693	5157	5691	3329	2625	4218	3618	2518	4733	5026	1230	5876	3521	1426	4777	1185	5000	1463	4621	1440	5472	5617	5552	2758	3950	4345	1083	4292	5655	4405	4748	1181	2030	3042	2843	5182	5599	5718	1959	4940	4880	4284	5979	3181	3301	1714	5019	1269	5125	2013	4432	1806	4924	2674	4833	3362	1224	3287	4553	5731	5886	4873	4792	3001	4842	5376	2412	5481	3671	5179	5856	5170	2544	3436	3974	1663	3919	2603	1782	3083	4797	5908	1720	4611	3823	1816	5338	3484	3672	5584	5178	1733	4119	4973	1574	1561	3858	3830	3144	5510	3647	2643	2290	4123	2641	2019	5150	1861	5303	3389	3409	3418	2621	4003	4312	1259	3645	3685	2331	1277	4629	2890	5888	5080	1305	2848	4114	4809	1055	2263	1878	4934	5320	4548	3960	5206	5027	2454	3209	4109	3332	4010	3452	5875	2248	3203	1814	2375	5423	2392	3504	5233	4564	2805	3892	5015	5772	1046	4348	5178	3668	2704	1457	4365	1790	1371	2961	4117	4258	3265	4839	2241	4824	4691	1943	4685	3414	2824	2957	5784	1599	3976	1720	2392	3818	2596	3719	4151	5893	1472	1797	4635	3274	5525	1682	4718	1151	2407	1752	5636	4422	1438	4244	1561	1012	3269	3190	2063	5376	2565	1204	4373	1552	2568	3997	2195	3717	4860	3907	3105	3285	2650	5628	1745	3568	5837	1470	2246	5324	5049	5662	5457	4678	1973	4089	1524	
2810	2403	5014	1637	5046	4464	3866	1420	4422	5180	3397	2872	5384	3451	3603	1459	1554	1451	4169	5217	5048	5587	4630	4485	2464	2256	3736	4134	3972	3805	3000	2199	5915	5522	1206	2049	4748	1335	5540	3190	4713	5532	1880	3469	5708	4899	5848	5476	4906	4310	1132	2536	3912	1327	5726	5438	1884	3218	4499	5305	1987	2702	1301	3758	1021	3434	5667	3154	2445	2553	2964	4929	1140	5562	4220	2906	3990	1758	3501	1680	4968	4650	2871	4145	2767	2007	4907	4664	5123	1786	3920	2283	5759	2346	5585	2785	4565	1294	4840	2564	3868	1637	5583	2731	3084	3141	5610	2224	4223	2614	3560	5317	3833	3490	3600	5981	1156	3638	5222	4667	4834	4605	4231	2885	2416	5949	3587	4365	4860	3920	2593	3655	3052	2796	4474	3555	5479	3978	4116	1967	5110	4762	4656	5349	3779	5612	3614	3951	4774	1681	4267	1046	4476	2782	5412	4889	2139	5433	3577	1693	3447	1545	2370	1960	4659	2644	4062	3913	4369	1992	5921	3068	4531	4107	3043	4473	4944	2940	3978	1234	3150	3705	2162	3079	5203	2667	4730	1218	5872	4679	1353	3826	4050	1741	3121	1158	1075	4182	5000	5749	4752	1389	4390	1767	3585	5900	1686	3653	4172	3606	1347	1217	5199	1642	1167	2143	4591	2432	5323	3264	3591	3400	3063	2391	1438	5354	2727	2698	5729	2689	1723	5832	3269	5577	1945	3822	2900	5690	4875	3613	5597	2753	1764	1097	5620	3858	4044	5814	2218	2157	5434	2237	
5848	4152	1982	2874	3138	1926	3881	1213	1613	4667	1305	1707	3184	5800	4952	5858	1602	2498	1205	2019	5206	4571	1035	1918	3609	2246	1307	1899	5479	3996	2984	5265	4521	5765	5325	2116	2297	1514	1828	5870	1756	4710	1282	3024	2280	4348	1214	1574	4923	4845	4807	4296	3698	1685	3506	2262	5138	2864	3747	2599	5255	3983	5862	4277	3188	1112	1252	2917	1717	3850	4127	4772	2235	5563	2402	1928	3455	5533	1483	1706	5579	3876	2254	5592	1013	5476	4711	1172	4944	3774	5719	5208	3153	2456	1814	3030	5806	5416	5009	3419	2438	3938	1974	4232	5003	1839	5194	3630	5963	4116	5290	3844	2580	3088	3636	2056	5176	2175	5280	2639	5642	1997	2444	1190	2293	1662	1672	1172	2189	2356	4595	2415	4956	3498	4386	1674	2678	4350	1363	2595	5410	3050	4397	2678	4764	3898	2404	4507	1010	4052	4153	5510	1830	2782	4520	3041	4519	5102	1868	4573	1377	5779	3702	1249	5402	5180	1658	1348	1971	5773	5438	5379	5404	3825	2274	4532	2271	2578	2591	5726	2262	2110	2591	2892	5461	4778	4931	3268	5055	5590	3011	3649	2007	1551	5619	2310	3742	1545	5276	4602	2148	5478	2490	4634	2270	3976	2905	2333	4982	1936	3015	2544	4838	4376	4973	1684	5279	3619	5736	4094	5519	2687	3252	3331	5480	3330	3831	3232	5923	5082	1194	3279	5096	3439	5519	4754	3502	5556	2381	4947	5234	4902	5667	1319	2492	1230	4605	1642	2500	4483	1911	3008	
4966	1777	4410	3074	3828	4945	4620	3054	5272	5955	2005	5087	4264	4038	4257	1101	3589	1890	1495	2167	1221	5575	5377	2274	3546	2465	1056	2567	2562	5870	1730	3715	2567	1446	4414	1740	4171	1352	1393	2397	2015	3621	5938	2259	5805	3599	1232	3518	2022	1418	4237	1928	4468	3992	4658	1449	5191	5667	2404	5833	5025	5768	5832	4326	2532	4790	2073	2620	4986	3419	2163	2050	2503	5881	1816	4557	3523	2903	4940	3561	5981	5966	1090	4364	5453	5826	3380	4092	3338	2491	3794	5075	5725	3909	5384	5401	4141	4784	4484	4471	4623	3565	3267	3541	4938	3260	3138	3089	3080	4909	3159	3008	2964	3574	4333	5927	1278	1957	2710	3110	4755	4137	1425	5682	1548	1569	1998	1173	3565	2983	2359	1173	2096	1957	2856	1349	4435	1922	5905	5054	3888	4913	2110	3773	1922	4101	1002	4589	1192	1807	4765	2778	5493	4173	2973	4273	4225	5473	3798	3996	1686	1840	1327	3235	1046	2071	2371	1489	5856	4674	2745	4184	3855	1510	2590	5504	3666	1559	1154	4190	1898	2090	4248	1545	1911	2588	4510	1988	3661	4915	4906	3101	4631	1980	1853	1645	1319	5190	5273	4317	2026	4478	2819	3391	2076	3512	1602	4695	3024	3007	5076	4310	5282	5597	2036	5414	2880	4752	5608	1389	2184	3540	5483	3726	2862	4646	3394	3853	1475	3589	2877	1974	3485	2780	5929	1502	4564	3321	5819	2992	4502	2457	1078	3417	5808	2291	2904	4671	3281	3432	5626	4591	
]

EquipmentTypeTransportationCost: [
1	4365	5402	4576	5622	4980	3807	3837	5687	3590	
4365	1	4990	3447	5314	4395	4087	3744	5226	4274	
5402	4990	1	4937	4260	4504	5344	5096	4069	5330	
4576	3447	4937	1	5296	4210	4199	4123	5162	4364	
5622	5314	4260	5296	1	4885	5540	5623	3867	5596	
4980	4395	4504	4210	4885	1	4768	4646	4666	4884	
3807	4087	5344	4199	5540	4768	1	3649	5522	3222	
3837	3744	5096	4123	5623	4646	3649	1	5437	3852	
5687	5226	4069	5162	3867	4666	5522	5437	1	5607	
3590	4274	5330	4364	5596	4884	3222	3852	5607	1	

1	3613	4385	3762	4677	4126	3165	3262	4565	3104	
3613	1	4176	2952	4406	3655	3400	3214	4298	3582	
4385	4176	1	3969	3551	3637	4326	4237	3397	4429	
3762	2952	3969	1	4338	3505	3551	3429	4251	3641	
4677	4406	3551	4338	1	4098	4553	4580	3258	4657	
4126	3655	3637	3505	4098	1	3923	3868	3983	4080	
3165	3400	4326	3551	4553	3923	1	3044	4463	2751	
3262	3214	4237	3429	4580	3868	3044	1	4421	3283	
4565	4298	3397	4251	3258	3983	4463	4421	1	4606	
3104	3582	4429	3641	4657	4080	2751	3283	4606	1	

1	3522	4236	3637	4479	3893	3049	3121	4407	2991	
3522	1	3880	2824	4198	3460	3229	3061	4145	3428	
4236	3880	1	3850	3390	3567	4220	4058	3291	4206	
3637	2824	3850	1	4171	3338	3417	3276	4070	3526	
4479	4198	3390	4171	1	3949	4389	4321	3228	4404	
3893	3460	3567	3338	3949	1	3774	3729	3807	3793	
3049	3229	4220	3417	4389	3774	1	3005	4320	2691	
3121	3061	4058	3276	4321	3729	3005	1	4212	3140	
4407	4145	3291	4070	3228	3807	4320	4212	1	4370	
2991	3428	4206	3526	4404	3793	2691	3140	4370	1	

1	3784	4537	3913	4967	4257	3309	3330	4854	3148	
3784	1	4247	3041	4533	3670	3442	3305	4485	3668	
4537	4247	1	4225	3645	3820	4463	4441	3543	4539	
3913	3041	4225	1	4498	3504	3641	3477	4464	3821	
4967	4533	3645	4498	1	4188	4693	4758	3429	4755	
4257	3670	3820	3504	4188	1	4075	4084	4050	4132	
3309	3442	4463	3641	4693	4075	1	3133	4682	2897	
3330	3305	4441	3477	4758	4084	3133	1	4550	3393	
4854	4485	3543	4464	3429	4050	4682	4550	1	4692	
3148	3668	4539	3821	4755	4132	2897	3393	4692	1	

]

TransportationTimeForEquipmentTypeBetweenProjects: [
1	3	6	3	8	6	1	1	8	1	
3	1	3	1	6	3	1	1	6	1	
6	3	1	3	1	3	6	6	1	6	
3	1	3	1	6	1	1	1	6	3	
8	6	1	6	1	3	8	8	1	8	
6	3	3	1	3	1	3	3	3	3	
1	1	6	1	8	3	1	1	8	1	
1	1	6	1	8	3	1	1	8	1	
8	6	1	6	1	3	8	8	1	8	
1	1	6	3	8	3	1	1	8	1	

1	3	4	3	6	4	1	1	6	1	
3	1	3	1	4	3	1	1	4	1	
4	3	1	3	1	3	4	4	1	4	
3	1	3	1	4	1	1	1	4	3	
6	4	1	4	1	3	6	6	1	6	
4	3	3	1	3	1	3	3	3	3	
1	1	4	1	6	3	1	1	6	1	
1	1	4	1	6	3	1	1	6	1	
6	4	1	4	1	3	6	6	1	6	
1	1	4	3	6	3	1	1	6	1	

1	3	4	3	6	4	1	1	6	1	
3	1	3	1	4	3	1	1	4	1	
4	3	1	3	1	3	4	4	1	4	
3	1	3	1	4	1	1	1	4	3	
6	4	1	4	1	3	6	6	1	6	
4	3	3	1	3	1	3	3	3	3	
1	1	4	1	6	3	1	1	6	1	
1	1	4	1	6	3	1	1	6	1	
6	4	1	4	1	3	6	6	1	6	
1	1	4	3	6	3	1	1	6	1	

1	3	5	3	7	5	1	1	7	1	
3	1	3	1	5	3	1	1	5	1	
5	3	1	3	1	3	5	5	1	5	
3	1	3	1	5	1	1	1	5	3	
7	5	1	5	1	3	7	7	1	7	
5	3	3	1	3	1	3	3	3	3	
1	1	5	1	7	3	1	1	7	1	
1	1	5	1	7	3	1	1	7	1	
7	5	1	5	1	3	7	7	1	7	
1	1	5	3	7	3	1	1	7	1	

]

TotalNumberOfInitialEquipmentTypeLocation: [
(1 37) 1 (1 73) 1 (1 148) 1 (1 167) 3 
(2 1) 1 (2 73) 2 (2 94) 1 (2 167) 1 (2 189) 1 
(3 59) 1 (3 73) 1 (3 122) 1 (3 220) 2 
(4 59) 1 (4 122) 1 (4 189) 1 
]

DepotActivities: [ 1 37 59 73 94 122 148 167 189 220 ]

MaximalStintCliques: [
[ 2 29 83 105 3 69 42 12 84 57 21 93 30 ]
[ 2 29 83 11 20 56 92 1 82 28 66 102 39 10 19 91 55 ]
[ 2 29 83 11 20 56 92 1 82 28 67 103 40 ]
[ 2 29 83 11 20 56 92 3 68 104 41 12 84 57 21 93 30 ]
[ 4 31 85 73 5 109 46 14 86 95 59 23 32 ]
[ 4 31 85 13 22 58 94 3 84 30 107 44 71 ]
[ 4 31 85 13 22 58 94 3 84 30 70 106 43 57 12 21 93 ]
[ 4 31 85 13 22 58 94 5 72 108 45 14 86 95 59 23 32 ]
[ 5 32 86 75 33 6 15 111 48 60 24 87 96 ]
[ 5 32 86 14 23 59 95 33 6 74 110 47 15 60 24 87 96 ]
[ 6 33 87 113 97 34 7 77 16 25 50 61 88 ]
[ 6 33 87 15 24 60 96 97 34 7 76 112 16 49 25 61 88 ]
[ 7 34 88 115 98 35 8 79 17 89 26 52 62 ]
[ 7 34 88 16 25 61 97 98 35 8 78 17 114 89 26 51 62 ]
[ 8 35 89 17 26 62 98 99 36 9 80 18 116 90 27 53 63 ]
[ 8 35 89 81 99 36 9 18 117 90 27 54 63 ]
[ 37 1 100 10 82 19 91 28 55 64 ]
[ 38 1 65 101 10 82 19 91 28 55 ]
]
