nEmployees: 30
nSkills: 2
nProjects: 10
nDays: 120
nActivities: 241
nEquipmentTypes: 6
nStints: 126
nMaxModes: 2
nStintCliques: 18

EmployeeInStintCost: [
42470 42470 42470 42470 42470 42470 42470 38438 24224 18041 18041 18041 18041 18041 18041 18041 18041 18041 18041 18041 18041 18041 18041 18041 18041 18041 10917 39240 39240 39240 39240 39240 39240 39240 35208 18288 21351 21351 21351 21351 21351 21351 21351 21351 21351 21351 21351 21351 21351 21351 21351 21351 21351 11579 22354 22354 22354 22354 22354 22354 22354 22354 22354 22354 22354 22354 22354 22354 22354 22354 22354 14154 41060 41060 41060 41060 41060 41060 41060 37028 19904 23100 23100 23100 23100 23100 23100 23100 23100 23100 23100 23100 23100 23100 23100 23100 23100 23100 14380 38884 38884 38884 38884 38884 38884 38884 34852 19504 42426 42426 42426 42426 42426 42426 42426 38394 21840 42096 42096 42096 42096 42096 42096 42096 38064 20496 
35538 35538 35538 35538 35538 35538 35538 32010 18972 12889 12889 12889 12889 12889 12889 12889 12889 12889 12889 12889 12889 12889 12889 12889 12889 12889 6269 35724 35724 35724 35724 35724 35724 35724 32196 16452 16199 16199 16199 16199 16199 16199 16199 16199 16199 16199 16199 16199 16199 16199 16199 16199 16199 6931 17186 17186 17186 17186 17186 17186 17186 17186 17186 17186 17186 17186 17186 17186 17186 17186 17186 9490 15876 15876 15876 15876 15876 15876 15876 12348 4116 18268 18268 18268 18268 18268 18268 18268 18268 18268 18268 18268 18268 18268 18268 18268 18268 18268 10052 33104 33104 33104 33104 33104 33104 33104 29576 15404 36374 36374 36374 36374 36374 36374 36374 32846 17468 15876 15876 15876 15876 15876 15876 15876 12348 4116 
20746 20746 20746 20746 20746 20746 20746 16678 7186 10413 10413 10413 10413 10413 10413 10413 10413 10413 10413 10413 10413 10413 10413 10413 10413 10413 3253 44986 44986 44986 44986 44986 44986 44986 40918 23914 13723 13723 13723 13723 13723 13723 13723 13723 13723 13723 13723 13723 13723 13723 13723 13723 13723 3915 6508 6508 6508 6508 6508 6508 6508 6508 6508 6508 6508 6508 6508 6508 6508 6508 6508 2440 44278 44278 44278 44278 44278 44278 44278 40210 23002 11824 11824 11824 11824 11824 11824 11824 11824 11824 11824 11824 11824 11824 11824 11824 11824 11824 3068 38254 38254 38254 38254 38254 38254 38254 34186 18754 40332 40332 40332 40332 40332 40332 40332 36264 19626 45314 45314 45314 45314 45314 45314 45314 41246 23594 
31346 31346 31346 31346 31346 31346 31346 27530 13820 10705 10705 10705 10705 10705 10705 10705 10705 10705 10705 10705 10705 10705 10705 10705 10705 10705 3797 42932 42932 42932 42932 42932 42932 42932 39116 22700 14015 14015 14015 14015 14015 14015 14015 14015 14015 14015 14015 14015 14015 14015 14015 14015 14015 4459 11986 11986 11986 11986 11986 11986 11986 11986 11986 11986 11986 11986 11986 11986 11986 11986 11986 4002 42928 42928 42928 42928 42928 42928 42928 39112 22492 11380 11380 11380 11380 11380 11380 11380 11380 11380 11380 11380 11380 11380 11380 11380 11380 11380 2876 35952 35952 35952 35952 35952 35952 35952 32136 17292 38046 38046 38046 38046 38046 38046 38046 34230 18180 43964 43964 43964 43964 43964 43964 43964 40148 23084 
35660 35660 35660 35660 35660 35660 35660 31520 17054 11125 11125 11125 11125 11125 11125 11125 11125 11125 11125 11125 11125 11125 11125 11125 11125 11125 3893 40190 40190 40190 40190 40190 40190 40190 36050 18878 14435 14435 14435 14435 14435 14435 14435 14435 14435 14435 14435 14435 14435 14435 14435 14435 14435 4555 15166 15166 15166 15166 15166 15166 15166 15166 15166 15166 15166 15166 15166 15166 15166 15166 15166 6858 40458 40458 40458 40458 40458 40458 40458 36318 18942 15624 15624 15624 15624 15624 15624 15624 15624 15624 15624 15624 15624 15624 15624 15624 15624 15624 6796 22350 22350 22350 22350 22350 22350 22350 18210 8550 18630 18630 18630 18630 18630 18630 18630 14490 4830 41494 41494 41494 41494 41494 41494 41494 37354 19534 
31140 31140 31140 31140 31140 31140 31140 27288 13494 13029 13029 13029 13029 13029 13029 13029 13029 13029 13029 13029 13029 13029 13029 13029 13029 13029 6085 46550 46550 46550 46550 46550 46550 46550 42698 26198 16339 16339 16339 16339 16339 16339 16339 16339 16339 16339 16339 16339 16339 16339 16339 16339 16339 6747 11654 11654 11654 11654 11654 11654 11654 11654 11654 11654 11654 11654 11654 11654 11654 11654 11654 3634 46122 46122 46122 46122 46122 46122 46122 42270 25566 11784 11784 11784 11784 11784 11784 11784 11784 11784 11784 11784 11784 11784 11784 11784 11784 11784 3244 39626 39626 39626 39626 39626 39626 39626 35774 20846 41688 41688 41688 41688 41688 41688 41688 37836 21702 47158 47158 47158 47158 47158 47158 47158 43306 26158 
31066 31066 31066 31066 31066 31066 31066 27250 13540 13065 13065 13065 13065 13065 13065 13065 13065 13065 13065 13065 13065 13065 13065 13065 13065 13065 6157 46428 46428 46428 46428 46428 46428 46428 42612 26196 16375 16375 16375 16375 16375 16375 16375 16375 16375 16375 16375 16375 16375 16375 16375 16375 16375 6819 11706 11706 11706 11706 11706 11706 11706 11706 11706 11706 11706 11706 11706 11706 11706 11706 11706 3722 46024 46024 46024 46024 46024 46024 46024 42208 25588 11772 11772 11772 11772 11772 11772 11772 11772 11772 11772 11772 11772 11772 11772 11772 11772 11772 3268 39496 39496 39496 39496 39496 39496 39496 35680 20836 41566 41566 41566 41566 41566 41566 41566 37750 21700 47060 47060 47060 47060 47060 47060 47060 43244 26180 
41984 41984 41984 41984 41984 41984 41984 37916 23618 17445 17445 17445 17445 17445 17445 17445 17445 17445 17445 17445 17445 17445 17445 17445 17445 17445 10285 39626 39626 39626 39626 39626 39626 39626 35558 18554 20755 20755 20755 20755 20755 20755 20755 20755 20755 20755 20755 20755 20755 20755 20755 20755 20755 10947 21742 21742 21742 21742 21742 21742 21742 21742 21742 21742 21742 21742 21742 21742 21742 21742 21742 13506 40318 40318 40318 40318 40318 40318 40318 36250 19042 22784 22784 22784 22784 22784 22784 22784 22784 22784 22784 22784 22784 22784 22784 22784 22784 22784 14028 39014 39014 39014 39014 39014 39014 39014 34946 19514 42460 42460 42460 42460 42460 42460 42460 38392 21754 41354 41354 41354 41354 41354 41354 41354 37286 19634 
37370 37370 37370 37370 37370 37370 37370 33698 20324 14233 14233 14233 14233 14233 14233 14233 14233 14233 14233 14233 14233 14233 14233 14233 14233 14233 7469 16524 16524 16524 16524 16524 16524 16524 12852 4284 17543 17543 17543 17543 17543 17543 17543 17543 17543 17543 17543 17543 17543 17543 17543 17543 17543 8131 18514 18514 18514 18514 18514 18514 18514 18514 18514 18514 18514 18514 18514 18514 18514 18514 18514 10674 36848 36848 36848 36848 36848 36848 36848 33176 16892 19180 19180 19180 19180 19180 19180 19180 19180 19180 19180 19180 19180 19180 19180 19180 19180 19180 10820 33696 33696 33696 33696 33696 33696 33696 30024 15516 37230 37230 37230 37230 37230 37230 37230 33558 17844 37884 37884 37884 37884 37884 37884 37884 34212 17484 
43118 43118 43118 43118 43118 43118 43118 38942 24392 18185 18185 18185 18185 18185 18185 18185 18185 18185 18185 18185 18185 18185 18185 18185 18185 18185 10917 39888 39888 39888 39888 39888 39888 39888 35712 18456 21495 21495 21495 21495 21495 21495 21495 21495 21495 21495 21495 21495 21495 21495 21495 21495 21495 11579 22498 22498 22498 22498 22498 22498 22498 22498 22498 22498 22498 22498 22498 22498 22498 22498 22498 14154 41708 41708 41708 41708 41708 41708 41708 37532 20072 23244 23244 23244 23244 23244 23244 23244 23244 23244 23244 23244 23244 23244 23244 23244 23244 23244 14380 39532 39532 39532 39532 39532 39532 39532 35356 19672 43074 43074 43074 43074 43074 43074 43074 38898 22008 42744 42744 42744 42744 42744 42744 42744 38568 20664 
31390 31390 31390 31390 31390 31390 31390 27502 13624 13137 13137 13137 13137 13137 13137 13137 13137 13137 13137 13137 13137 13137 13137 13137 13137 13137 6157 46752 46752 46752 46752 46752 46752 46752 42864 26280 16447 16447 16447 16447 16447 16447 16447 16447 16447 16447 16447 16447 16447 16447 16447 16447 16447 6819 11778 11778 11778 11778 11778 11778 11778 11778 11778 11778 11778 11778 11778 11778 11778 11778 11778 3722 46348 46348 46348 46348 46348 46348 46348 42460 25672 11844 11844 11844 11844 11844 11844 11844 11844 11844 11844 11844 11844 11844 11844 11844 11844 11844 3268 39820 39820 39820 39820 39820 39820 39820 35932 20920 41890 41890 41890 41890 41890 41890 41890 38002 21784 47384 47384 47384 47384 47384 47384 47384 43496 26264 
33878 33878 33878 33878 33878 33878 33878 30134 16592 10729 10729 10729 10729 10729 10729 10729 10729 10729 10729 10729 10729 10729 10729 10729 10729 10729 3893 38408 38408 38408 38408 38408 38408 38408 34664 18416 14039 14039 14039 14039 14039 14039 14039 14039 14039 14039 14039 14039 14039 14039 14039 14039 14039 4555 14770 14770 14770 14770 14770 14770 14770 14770 14770 14770 14770 14770 14770 14770 14770 14770 14770 6858 38676 38676 38676 38676 38676 38676 38676 34932 18480 15228 15228 15228 15228 15228 15228 15228 15228 15228 15228 15228 15228 15228 15228 15228 15228 15228 6796 20568 20568 20568 20568 20568 20568 20568 16824 8088 16848 16848 16848 16848 16848 16848 16848 13104 4368 39712 39712 39712 39712 39712 39712 39712 35968 19072 
31276 31276 31276 31276 31276 31276 31276 27568 14110 6588 6588 6588 6588 6588 6588 6588 6588 6588 6588 6588 6588 6588 6588 6588 6588 6588 2880 40470 40470 40470 40470 40470 40470 40470 36762 20598 6588 6588 6588 6588 6588 6588 6588 6588 6588 6588 6588 6588 6588 6588 6588 6588 6588 2880 12294 12294 12294 12294 12294 12294 12294 12294 12294 12294 12294 12294 12294 12294 12294 12294 12294 4418 39890 39890 39890 39890 39890 39890 39890 36182 19814 13264 13264 13264 13264 13264 13264 13264 13264 13264 13264 13264 13264 13264 13264 13264 13264 13264 4868 33810 33810 33810 33810 33810 33810 33810 30102 15510 35920 35920 35920 35920 35920 35920 35920 32212 16414 40926 40926 40926 40926 40926 40926 40926 37218 20406 
30628 30628 30628 30628 30628 30628 30628 27064 13942 6444 6444 6444 6444 6444 6444 6444 6444 6444 6444 6444 6444 6444 6444 6444 6444 6444 2880 39822 39822 39822 39822 39822 39822 39822 36258 20430 6444 6444 6444 6444 6444 6444 6444 6444 6444 6444 6444 6444 6444 6444 6444 6444 6444 2880 12150 12150 12150 12150 12150 12150 12150 12150 12150 12150 12150 12150 12150 12150 12150 12150 12150 4418 39242 39242 39242 39242 39242 39242 39242 35678 19646 13120 13120 13120 13120 13120 13120 13120 13120 13120 13120 13120 13120 13120 13120 13120 13120 13120 4868 33162 33162 33162 33162 33162 33162 33162 29598 15342 35272 35272 35272 35272 35272 35272 35272 31708 16246 40278 40278 40278 40278 40278 40278 40278 36714 20238 
31832 31832 31832 31832 31832 31832 31832 27908 13946 10813 10813 10813 10813 10813 10813 10813 10813 10813 10813 10813 10813 10813 10813 10813 10813 10813 3797 43418 43418 43418 43418 43418 43418 43418 39494 22826 14123 14123 14123 14123 14123 14123 14123 14123 14123 14123 14123 14123 14123 14123 14123 14123 14123 4459 12094 12094 12094 12094 12094 12094 12094 12094 12094 12094 12094 12094 12094 12094 12094 12094 12094 4002 43414 43414 43414 43414 43414 43414 43414 39490 22618 11488 11488 11488 11488 11488 11488 11488 11488 11488 11488 11488 11488 11488 11488 11488 11488 11488 2876 36438 36438 36438 36438 36438 36438 36438 32514 17418 38532 38532 38532 38532 38532 38532 38532 34608 18306 44450 44450 44450 44450 44450 44450 44450 40526 23210 
35424 35424 35424 35424 35424 35424 35424 31500 17538 11589 11589 11589 11589 11589 11589 11589 11589 11589 11589 11589 11589 11589 11589 11589 11589 11589 4573 38498 38498 38498 38498 38498 38498 38498 34574 17906 14899 14899 14899 14899 14899 14899 14899 14899 14899 14899 14899 14899 14899 14899 14899 14899 14899 5235 15686 15686 15686 15686 15686 15686 15686 15686 15686 15686 15686 15686 15686 15686 15686 15686 15686 7594 39030 39030 39030 39030 39030 39030 39030 35106 18234 16160 16160 16160 16160 16160 16160 16160 16160 16160 16160 16160 16160 16160 16160 16160 16160 16160 7548 17658 17658 17658 17658 17658 17658 17658 13734 4578 21378 21378 21378 21378 21378 21378 21378 17454 8298 40066 40066 40066 40066 40066 40066 40066 36142 18826 
18154 18154 18154 18154 18154 18154 18154 14662 6514 9837 9837 9837 9837 9837 9837 9837 9837 9837 9837 9837 9837 9837 9837 9837 9837 9837 3253 42394 42394 42394 42394 42394 42394 42394 38902 23242 13147 13147 13147 13147 13147 13147 13147 13147 13147 13147 13147 13147 13147 13147 13147 13147 13147 3915 5932 5932 5932 5932 5932 5932 5932 5932 5932 5932 5932 5932 5932 5932 5932 5932 5932 2440 41686 41686 41686 41686 41686 41686 41686 38194 22330 11248 11248 11248 11248 11248 11248 11248 11248 11248 11248 11248 11248 11248 11248 11248 11248 11248 3068 35662 35662 35662 35662 35662 35662 35662 32170 18082 37740 37740 37740 37740 37740 37740 37740 34248 18954 42722 42722 42722 42722 42722 42722 42722 39230 22922 
41174 41174 41174 41174 41174 41174 41174 37430 23888 17753 17753 17753 17753 17753 17753 17753 17753 17753 17753 17753 17753 17753 17753 17753 17753 17753 10917 37944 37944 37944 37944 37944 37944 37944 34200 17952 21063 21063 21063 21063 21063 21063 21063 21063 21063 21063 21063 21063 21063 21063 21063 21063 21063 11579 22066 22066 22066 22066 22066 22066 22066 22066 22066 22066 22066 22066 22066 22066 22066 22066 22066 14154 39764 39764 39764 39764 39764 39764 39764 36020 19568 22812 22812 22812 22812 22812 22812 22812 22812 22812 22812 22812 22812 22812 22812 22812 22812 22812 14380 37588 37588 37588 37588 37588 37588 37588 33844 19168 41130 41130 41130 41130 41130 41130 41130 37386 21504 40800 40800 40800 40800 40800 40800 40800 37056 20160 
40288 40288 40288 40288 40288 40288 40288 36652 23362 17285 17285 17285 17285 17285 17285 17285 17285 17285 17285 17285 17285 17285 17285 17285 17285 17285 10557 38322 38322 38322 38322 38322 38322 38322 34686 18690 20595 20595 20595 20595 20595 20595 20595 20595 20595 20595 20595 20595 20595 20595 20595 20595 20595 11219 21558 21558 21558 21558 21558 21558 21558 21558 21558 21558 21558 21558 21558 21558 21558 21558 21558 13754 38678 38678 38678 38678 38678 38678 38678 35042 18842 22696 22696 22696 22696 22696 22696 22696 22696 22696 22696 22696 22696 22696 22696 22696 22696 22696 14372 37566 37566 37566 37566 37566 37566 37566 33930 19506 40988 40988 40988 40988 40988 40988 40988 37352 21722 39714 39714 39714 39714 39714 39714 39714 36078 19434 
41174 41174 41174 41174 41174 41174 41174 37286 23408 17265 17265 17265 17265 17265 17265 17265 17265 17265 17265 17265 17265 17265 17265 17265 17265 17265 10285 38816 38816 38816 38816 38816 38816 38816 34928 18344 20575 20575 20575 20575 20575 20575 20575 20575 20575 20575 20575 20575 20575 20575 20575 20575 20575 10947 21562 21562 21562 21562 21562 21562 21562 21562 21562 21562 21562 21562 21562 21562 21562 21562 21562 13506 39508 39508 39508 39508 39508 39508 39508 35620 18832 22604 22604 22604 22604 22604 22604 22604 22604 22604 22604 22604 22604 22604 22604 22604 22604 22604 14028 38204 38204 38204 38204 38204 38204 38204 34316 19304 41650 41650 41650 41650 41650 41650 41650 37762 21544 40544 40544 40544 40544 40544 40544 40544 36656 19424 
39392 39392 39392 39392 39392 39392 39392 35900 22946 16869 16869 16869 16869 16869 16869 16869 16869 16869 16869 16869 16869 16869 16869 16869 16869 16869 10285 37034 37034 37034 37034 37034 37034 37034 33542 17882 20179 20179 20179 20179 20179 20179 20179 20179 20179 20179 20179 20179 20179 20179 20179 20179 20179 10947 21166 21166 21166 21166 21166 21166 21166 21166 21166 21166 21166 21166 21166 21166 21166 21166 21166 13506 37726 37726 37726 37726 37726 37726 37726 34234 18370 22208 22208 22208 22208 22208 22208 22208 22208 22208 22208 22208 22208 22208 22208 22208 22208 22208 14028 36422 36422 36422 36422 36422 36422 36422 32930 18842 39868 39868 39868 39868 39868 39868 39868 36376 21082 38762 38762 38762 38762 38762 38762 38762 35270 18962 
36072 36072 36072 36072 36072 36072 36072 32004 17706 11733 11733 11733 11733 11733 11733 11733 11733 11733 11733 11733 11733 11733 11733 11733 11733 11733 4573 39146 39146 39146 39146 39146 39146 39146 35078 18074 15043 15043 15043 15043 15043 15043 15043 15043 15043 15043 15043 15043 15043 15043 15043 15043 15043 5235 15830 15830 15830 15830 15830 15830 15830 15830 15830 15830 15830 15830 15830 15830 15830 15830 15830 7594 39678 39678 39678 39678 39678 39678 39678 35610 18402 16304 16304 16304 16304 16304 16304 16304 16304 16304 16304 16304 16304 16304 16304 16304 16304 16304 7548 18306 18306 18306 18306 18306 18306 18306 14238 4746 22026 22026 22026 22026 22026 22026 22026 17958 8466 40714 40714 40714 40714 40714 40714 40714 36646 18994 
38518 38518 38518 38518 38518 38518 38518 34342 19792 13585 13585 13585 13585 13585 13585 13585 13585 13585 13585 13585 13585 13585 13585 13585 13585 13585 6317 37848 37848 37848 37848 37848 37848 37848 33672 16416 16895 16895 16895 16895 16895 16895 16895 16895 16895 16895 16895 16895 16895 16895 16895 16895 16895 6979 17898 17898 17898 17898 17898 17898 17898 17898 17898 17898 17898 17898 17898 17898 17898 17898 17898 9554 23352 23352 23352 23352 23352 23352 23352 19176 9432 18796 18796 18796 18796 18796 18796 18796 18796 18796 18796 18796 18796 18796 18796 18796 18796 18796 9932 35452 35452 35452 35452 35452 35452 35452 31276 15592 38842 38842 38842 38842 38842 38842 38842 34666 17776 23352 23352 23352 23352 23352 23352 23352 19176 9432 
36234 36234 36234 36234 36234 36234 36234 32130 17748 11769 11769 11769 11769 11769 11769 11769 11769 11769 11769 11769 11769 11769 11769 11769 11769 11769 4573 39308 39308 39308 39308 39308 39308 39308 35204 18116 15079 15079 15079 15079 15079 15079 15079 15079 15079 15079 15079 15079 15079 15079 15079 15079 15079 5235 15866 15866 15866 15866 15866 15866 15866 15866 15866 15866 15866 15866 15866 15866 15866 15866 15866 7594 39840 39840 39840 39840 39840 39840 39840 35736 18444 16340 16340 16340 16340 16340 16340 16340 16340 16340 16340 16340 16340 16340 16340 16340 16340 16340 7548 18468 18468 18468 18468 18468 18468 18468 14364 4788 22188 22188 22188 22188 22188 22188 22188 18084 8508 40876 40876 40876 40876 40876 40876 40876 36772 19036 
19288 19288 19288 19288 19288 19288 19288 15544 6808 10089 10089 10089 10089 10089 10089 10089 10089 10089 10089 10089 10089 10089 10089 10089 10089 10089 3253 43528 43528 43528 43528 43528 43528 43528 39784 23536 13399 13399 13399 13399 13399 13399 13399 13399 13399 13399 13399 13399 13399 13399 13399 13399 13399 3915 6184 6184 6184 6184 6184 6184 6184 6184 6184 6184 6184 6184 6184 6184 6184 6184 6184 2440 42820 42820 42820 42820 42820 42820 42820 39076 22624 11500 11500 11500 11500 11500 11500 11500 11500 11500 11500 11500 11500 11500 11500 11500 11500 11500 3068 36796 36796 36796 36796 36796 36796 36796 33052 18376 38874 38874 38874 38874 38874 38874 38874 35130 19248 43856 43856 43856 43856 43856 43856 43856 40112 23216 
30142 30142 30142 30142 30142 30142 30142 26686 13816 6336 6336 6336 6336 6336 6336 6336 6336 6336 6336 6336 6336 6336 6336 6336 6336 6336 2880 39336 39336 39336 39336 39336 39336 39336 35880 20304 6336 6336 6336 6336 6336 6336 6336 6336 6336 6336 6336 6336 6336 6336 6336 6336 6336 2880 12042 12042 12042 12042 12042 12042 12042 12042 12042 12042 12042 12042 12042 12042 12042 12042 12042 4418 38756 38756 38756 38756 38756 38756 38756 35300 19520 13012 13012 13012 13012 13012 13012 13012 13012 13012 13012 13012 13012 13012 13012 13012 13012 13012 4868 32676 32676 32676 32676 32676 32676 32676 29220 15216 34786 34786 34786 34786 34786 34786 34786 31330 16120 39792 39792 39792 39792 39792 39792 39792 36336 20112 
39648 39648 39648 39648 39648 39648 39648 35868 22242 16109 16109 16109 16109 16109 16109 16109 16109 16109 16109 16109 16109 16109 16109 16109 16109 16109 9237 37466 37466 37466 37466 37466 37466 37466 33686 17354 19419 19419 19419 19419 19419 19419 19419 19419 19419 19419 19419 19419 19419 19419 19419 19419 19419 9899 20414 20414 20414 20414 20414 20414 20414 20414 20414 20414 20414 20414 20414 20414 20414 20414 20414 12466 37982 37982 37982 37982 37982 37982 37982 34202 17666 21448 21448 21448 21448 21448 21448 21448 21448 21448 21448 21448 21448 21448 21448 21448 21448 21448 12980 36710 36710 36710 36710 36710 36710 36710 32930 18170 40148 40148 40148 40148 40148 40148 40148 36368 20402 39018 39018 39018 39018 39018 39018 39018 35238 18258 
31840 31840 31840 31840 31840 31840 31840 27916 13954 3924 3924 3924 3924 3924 3924 3924 3924 3924 3924 3924 3924 3924 3924 3924 3924 3924 0 41882 41882 41882 41882 41882 41882 41882 37958 21290 3924 3924 3924 3924 3924 3924 3924 3924 3924 3924 3924 3924 3924 3924 3924 3924 3924 0 12102 12102 12102 12102 12102 12102 12102 12102 12102 12102 12102 12102 12102 12102 12102 12102 12102 4010 41158 41158 41158 41158 41158 41158 41158 37234 20362 13336 13336 13336 13336 13336 13336 13336 13336 13336 13336 13336 13336 13336 13336 13336 13336 13336 4724 35318 35318 35318 35318 35318 35318 35318 31394 16298 37452 37452 37452 37452 37452 37452 37452 33528 17226 42194 42194 42194 42194 42194 42194 42194 38270 20954 
33230 33230 33230 33230 33230 33230 33230 29630 16424 10585 10585 10585 10585 10585 10585 10585 10585 10585 10585 10585 10585 10585 10585 10585 10585 10585 3893 37760 37760 37760 37760 37760 37760 37760 34160 18248 13895 13895 13895 13895 13895 13895 13895 13895 13895 13895 13895 13895 13895 13895 13895 13895 13895 4555 14626 14626 14626 14626 14626 14626 14626 14626 14626 14626 14626 14626 14626 14626 14626 14626 14626 6858 38028 38028 38028 38028 38028 38028 38028 34428 18312 15084 15084 15084 15084 15084 15084 15084 15084 15084 15084 15084 15084 15084 15084 15084 15084 15084 6796 19920 19920 19920 19920 19920 19920 19920 16320 7920 16200 16200 16200 16200 16200 16200 16200 12600 4200 39064 39064 39064 39064 39064 39064 39064 35464 18904 
17496 17496 17496 17496 17496 17496 17496 13608 4536 10721 10721 10721 10721 10721 10721 10721 10721 10721 10721 10721 10721 10721 10721 10721 10721 10721 3741 44656 44656 44656 44656 44656 44656 44656 40768 24184 14031 14031 14031 14031 14031 14031 14031 14031 14031 14031 14031 14031 14031 14031 14031 14031 14031 4403 3888 3888 3888 3888 3888 3888 3888 3888 3888 3888 3888 3888 3888 3888 3888 3888 3888 0 43948 43948 43948 43948 43948 43948 43948 40060 23272 11556 11556 11556 11556 11556 11556 11556 11556 11556 11556 11556 11556 11556 11556 11556 11556 11556 2980 37908 37908 37908 37908 37908 37908 37908 34020 19008 39986 39986 39986 39986 39986 39986 39986 36098 19880 44984 44984 44984 44984 44984 44984 44984 41096 23864 
]

ExternalWorkerWithSkillOnStintCost: [
36456 40404 43512 47292 46788 44856 37548 49224 28560 14670 15240 14100 12660 12300 12900 13200 15360 16590 14430 16740 16380 15930 16740 17760 15360 17820 2826 43764 49980 36624 38388 34944 44100 46284 33684 28704 17790 15720 12300 13860 13830 16170 14640 15270 12390 17640 15570 15480 13890 15120 17640 14820 12960 3102 14610 15090 12720 13680 15960 17700 12180 16350 15210 16980 12960 17760 14250 12150 14190 15210 13110 3300 35532 46032 45948 40992 47208 42756 40404 42672 27792 14340 13140 12810 14190 15720 13650 14310 15720 13920 17280 16980 12660 14400 16740 17820 17580 12510 3294 42168 47460 35616 48048 49644 39144 34944 43680 19392 48300 48720 45360 45780 39900 40488 40404 48048 20544 33936 38976 45108 39480 43512 34440 47796 37632 28656 
46704 43428 35532 49140 33768 36960 35700 37632 19440 14730 12480 13560 12510 16860 16230 13620 16650 14430 13170 12480 13740 13290 13800 13260 15300 12030 3576 39564 48720 42000 41916 36456 39648 36204 33768 21024 17100 13530 13350 15120 13200 15120 12390 12750 17880 17310 15690 16980 15720 12150 14640 17820 17160 2832 14010 14850 14430 14190 12510 15270 12840 16110 16980 16470 17250 16470 17730 12600 17010 13860 14220 3240 49812 42084 45276 46368 39144 46704 35196 36792 25584 14250 13740 17160 16740 17730 12540 14100 16920 15660 12930 12630 14790 13500 14520 14880 13260 13350 2832 50316 49056 37044 39900 38808 38052 47208 36624 27024 34020 46200 48216 48720 38556 40656 45780 47376 22608 44856 34608 46452 33768 48888 45444 41580 41748 24720 
]

OverlappingStints: [
[ 2 10 11 12 13 28 29 37 38 39 40 55 56 57 58 73 74 82 83 84 85 100 101 109 110 118 119 ]
[ 3 12 13 14 15 28 29 30 39 40 41 42 57 58 59 60 73 74 75 84 85 86 87 100 101 102 109 110 111 118 119 120 ]
[ 4 14 15 16 17 29 30 31 41 42 43 44 59 60 61 62 74 75 76 86 87 88 89 101 102 103 110 111 112 119 120 121 ]
[ 5 16 17 18 19 30 31 32 43 44 45 46 61 62 63 64 75 76 77 88 89 90 91 102 103 104 111 112 113 120 121 122 ]
[ 6 18 19 20 21 31 32 33 45 46 47 48 63 64 65 66 76 77 78 90 91 92 93 103 104 105 112 113 114 121 122 123 ]
[ 7 20 21 22 23 32 33 34 47 48 49 50 65 66 67 68 77 78 79 92 93 94 95 104 105 106 113 114 115 122 123 124 ]
[ 8 22 23 24 25 33 34 35 49 50 51 52 67 68 69 70 78 79 80 94 95 96 97 105 106 107 114 115 116 123 124 125 ]
[ 9 24 25 26 27 34 35 36 51 52 53 54 69 70 71 72 79 80 81 96 97 98 99 106 107 108 115 116 117 124 125 126 ]
[ 26 27 35 36 53 54 71 72 80 81 98 99 107 108 116 117 125 126 ]
[ 28 37 55 73 82 100 109 118 ]
[ 28 38 56 73 83 100 109 118 ]
[ 28 29 39 57 73 74 84 100 101 109 110 118 119 ]
[ 28 29 40 58 73 74 85 100 101 109 110 118 119 ]
[ 29 30 41 59 74 75 86 101 102 110 111 119 120 ]
[ 29 30 42 60 74 75 87 101 102 110 111 119 120 ]
[ 30 31 43 61 75 76 88 102 103 111 112 120 121 ]
[ 30 31 44 62 75 76 89 102 103 111 112 120 121 ]
[ 31 32 45 63 76 77 90 103 104 112 113 121 122 ]
[ 31 32 46 64 76 77 91 103 104 112 113 121 122 ]
[ 32 33 47 65 77 78 92 104 105 113 114 122 123 ]
[ 32 33 48 66 77 78 93 104 105 113 114 122 123 ]
[ 33 34 49 67 78 79 94 105 106 114 115 123 124 ]
[ 33 34 50 68 78 79 95 105 106 114 115 123 124 ]
[ 34 35 51 69 79 80 96 106 107 115 116 124 125 ]
[ 34 35 52 70 79 80 97 106 107 115 116 124 125 ]
[ 35 36 53 71 80 81 98 107 108 116 117 125 126 ]
[ 35 36 54 72 80 81 99 107 108 116 117 125 126 ]
[ 29 37 38 39 40 55 56 57 58 73 74 82 83 84 85 100 101 109 110 118 119 ]
[ 30 39 40 41 42 57 58 59 60 73 74 75 84 85 86 87 100 101 102 109 110 111 118 119 120 ]
[ 31 41 42 43 44 59 60 61 62 74 75 76 86 87 88 89 101 102 103 110 111 112 119 120 121 ]
[ 32 43 44 45 46 61 62 63 64 75 76 77 88 89 90 91 102 103 104 111 112 113 120 121 122 ]
[ 33 45 46 47 48 63 64 65 66 76 77 78 90 91 92 93 103 104 105 112 113 114 121 122 123 ]
[ 34 47 48 49 50 65 66 67 68 77 78 79 92 93 94 95 104 105 106 113 114 115 122 123 124 ]
[ 35 49 50 51 52 67 68 69 70 78 79 80 94 95 96 97 105 106 107 114 115 116 123 124 125 ]
[ 36 51 52 53 54 69 70 71 72 79 80 81 96 97 98 99 106 107 108 115 116 117 124 125 126 ]
[ 53 54 71 72 80 81 98 99 107 108 116 117 125 126 ]
[ 55 73 82 100 109 118 ]
[ 56 73 83 100 109 118 ]
[ 57 73 74 84 100 101 109 110 118 119 ]
[ 58 73 74 85 100 101 109 110 118 119 ]
[ 59 74 75 86 101 102 110 111 119 120 ]
[ 60 74 75 87 101 102 110 111 119 120 ]
[ 61 75 76 88 102 103 111 112 120 121 ]
[ 62 75 76 89 102 103 111 112 120 121 ]
[ 63 76 77 90 103 104 112 113 121 122 ]
[ 64 76 77 91 103 104 112 113 121 122 ]
[ 65 77 78 92 104 105 113 114 122 123 ]
[ 66 77 78 93 104 105 113 114 122 123 ]
[ 67 78 79 94 105 106 114 115 123 124 ]
[ 68 78 79 95 105 106 114 115 123 124 ]
[ 69 79 80 96 106 107 115 116 124 125 ]
[ 70 79 80 97 106 107 115 116 124 125 ]
[ 71 80 81 98 107 108 116 117 125 126 ]
[ 72 80 81 99 107 108 116 117 125 126 ]
[ 73 82 100 109 118 ]
[ 73 83 100 109 118 ]
[ 73 74 84 100 101 109 110 118 119 ]
[ 73 74 85 100 101 109 110 118 119 ]
[ 74 75 86 101 102 110 111 119 120 ]
[ 74 75 87 101 102 110 111 119 120 ]
[ 75 76 88 102 103 111 112 120 121 ]
[ 75 76 89 102 103 111 112 120 121 ]
[ 76 77 90 103 104 112 113 121 122 ]
[ 76 77 91 103 104 112 113 121 122 ]
[ 77 78 92 104 105 113 114 122 123 ]
[ 77 78 93 104 105 113 114 122 123 ]
[ 78 79 94 105 106 114 115 123 124 ]
[ 78 79 95 105 106 114 115 123 124 ]
[ 79 80 96 106 107 115 116 124 125 ]
[ 79 80 97 106 107 115 116 124 125 ]
[ 80 81 98 107 108 116 117 125 126 ]
[ 80 81 99 107 108 116 117 125 126 ]
[ 74 82 83 84 85 100 101 109 110 118 119 ]
[ 75 84 85 86 87 100 101 102 109 110 111 118 119 120 ]
[ 76 86 87 88 89 101 102 103 110 111 112 119 120 121 ]
[ 77 88 89 90 91 102 103 104 111 112 113 120 121 122 ]
[ 78 90 91 92 93 103 104 105 112 113 114 121 122 123 ]
[ 79 92 93 94 95 104 105 106 113 114 115 122 123 124 ]
[ 80 94 95 96 97 105 106 107 114 115 116 123 124 125 ]
[ 81 96 97 98 99 106 107 108 115 116 117 124 125 126 ]
[ 98 99 107 108 116 117 125 126 ]
[ 100 109 118 ]
[ 100 109 118 ]
[ 100 101 109 110 118 119 ]
[ 100 101 109 110 118 119 ]
[ 101 102 110 111 119 120 ]
[ 101 102 110 111 119 120 ]
[ 102 103 111 112 120 121 ]
[ 102 103 111 112 120 121 ]
[ 103 104 112 113 121 122 ]
[ 103 104 112 113 121 122 ]
[ 104 105 113 114 122 123 ]
[ 104 105 113 114 122 123 ]
[ 105 106 114 115 123 124 ]
[ 105 106 114 115 123 124 ]
[ 106 107 115 116 124 125 ]
[ 106 107 115 116 124 125 ]
[ 107 108 116 117 125 126 ]
[ 107 108 116 117 125 126 ]
[ 101 109 110 118 119 ]
[ 102 109 110 111 118 119 120 ]
[ 103 110 111 112 119 120 121 ]
[ 104 111 112 113 120 121 122 ]
[ 105 112 113 114 121 122 123 ]
[ 106 113 114 115 122 123 124 ]
[ 107 114 115 116 123 124 125 ]
[ 108 115 116 117 124 125 126 ]
[ 116 117 125 126 ]
[ 110 118 119 ]
[ 111 118 119 120 ]
[ 112 119 120 121 ]
[ 113 120 121 122 ]
[ 114 121 122 123 ]
[ 115 122 123 124 ]
[ 116 123 124 125 ]
[ 117 124 125 126 ]
[ 125 126 ]
[ 119 ]
[ 120 ]
[ 121 ]
[ 122 ]
[ 123 ]
[ 124 ]
[ 125 ]
[ 126 ]
[ ]
]

EmployeesWithSkill: [
[ 1 2 3 4 5 6 7 8 9 10 11 12 13 14 15 16 17 18 19 20 21 22 23 24 25 26 27 28 29 30 ]
[ 1 2 3 5 6 7 8 9 10 11 12 14 15 16 17 19 21 22 23 24 25 26 28 29 ]
]

SkillDemandInActivityWithMode: [
0	1	
1	3	
2	4	
1	3	
1	3	
2	4	
2	4	
1	3	
1	3	
2	4	
2	4	
1	3	
1	3	
1	3	
2	4	
1	3	
1	3	
1	3	
1	3	
0	1	
7	12	
6	10	
11	18	
4	7	
7	12	
14	22	
11	18	
11	18	
6	10	
4	7	
3	6	
6	10	
9	15	
0	1	
3	6	
3	6	
1	3	
3	6	
1	3	
3	6	
2	4	
3	6	
3	6	
2	4	
3	6	
2	4	
2	4	
1	3	
2	4	
3	6	
3	6	
3	6	
1	3	
0	1	
16	25	
8	13	
8	13	
10	16	
10	16	
16	25	
14	22	
6	10	
16	25	
7	12	
8	13	
16	25	
12	19	
12	19	
8	13	
16	25	
14	22	
0	1	
5	9	
8	13	
4	7	
12	19	
8	13	
13	21	
11	18	
13	21	
7	12	
11	18	
15	24	
13	21	
7	12	
3	6	
17	27	
9	15	
15	24	
8	13	
10	16	
11	18	
9	15	
4	7	
6	10	
17	27	
12	19	
11	18	
3	6	
0	1	
1	3	
1	3	
1	3	
1	3	
1	3	
1	3	
1	3	
1	3	
1	3	
1	3	
1	3	
1	3	
1	3	
1	3	
1	3	
1	3	
1	3	
1	3	
1	3	
1	3	
1	3	
1	3	
1	3	
1	3	
1	3	
1	3	
1	3	
1	3	
0	1	
2	4	
1	3	
2	4	
2	4	
1	3	
2	4	
1	3	
1	3	
2	4	
1	3	
1	3	
2	4	
1	3	
2	4	
1	3	
1	3	
1	3	
1	3	
2	4	
1	3	
1	3	
2	4	
1	3	
0	1	
1	3	
2	4	
2	4	
2	4	
2	4	
1	3	
1	3	
2	4	
2	4	
3	6	
2	4	
1	3	
2	4	
3	6	
1	3	
1	3	
3	6	
3	6	
1	3	
2	4	
3	6	
3	6	
3	6	
1	3	
2	4	
1	3	
2	4	
2	4	
3	6	
2	4	
2	4	
1	3	
3	6	
0	1	
2	4	
2	4	
3	6	
7	12	
8	13	
6	10	
3	6	
4	7	
8	13	
6	10	
3	6	
6	10	
7	12	
8	13	
7	12	
4	7	
5	9	
4	7	
3	6	
3	6	
3	6	
2	4	
5	9	
9	15	
6	10	
2	4	
5	9	
5	9	
8	13	
2	4	
0	1	
3	6	
1	3	
4	7	
7	12	
5	9	
6	10	
2	4	
6	10	
5	9	
7	12	
2	4	
5	9	
6	10	
1	3	
5	9	
7	12	
1	3	
6	10	
6	10	
1	3	
5	9	
4	7	
1	3	

0	1	
2	4	
5	9	
3	6	
3	6	
5	9	
5	9	
1	3	
2	4	
7	12	
5	9	
3	6	
5	9	
1	3	
7	12	
3	6	
3	6	
2	4	
4	7	
0	1	
28	43	
21	33	
43	66	
15	24	
28	43	
57	87	
42	64	
42	64	
24	37	
15	24	
9	15	
21	33	
34	52	
0	1	
1	3	
1	3	
0	1	
1	3	
0	1	
1	3	
0	1	
1	3	
1	3	
0	1	
1	3	
0	1	
0	1	
0	1	
0	1	
1	3	
1	3	
1	3	
0	1	
0	1	
6	10	
2	4	
2	4	
4	7	
4	7	
6	10	
5	9	
2	4	
6	10	
2	4	
2	4	
6	10	
4	7	
4	7	
3	6	
6	10	
5	9	
0	1	
2	4	
4	7	
1	3	
6	10	
4	7	
7	12	
5	9	
7	12	
3	6	
5	9	
8	13	
7	12	
3	6	
1	3	
9	15	
4	7	
8	13	
4	7	
5	9	
5	9	
4	7	
1	3	
3	6	
9	15	
6	10	
5	9	
1	3	
0	1	
0	1	
1	3	
1	3	
0	1	
0	1	
0	1	
1	3	
1	3	
0	1	
0	1	
1	3	
0	1	
0	1	
0	1	
0	1	
0	1	
0	1	
0	1	
1	3	
0	1	
1	3	
1	3	
0	1	
0	1	
1	3	
1	3	
0	1	
0	1	
0	1	
0	1	
0	1	
0	1	
0	1	
0	1	
0	1	
0	1	
0	1	
0	1	
0	1	
0	1	
0	1	
0	1	
0	1	
0	1	
0	1	
0	1	
0	1	
0	1	
0	1	
0	1	
0	1	
0	1	
0	1	
0	1	
0	1	
0	1	
0	1	
0	1	
0	1	
0	1	
0	1	
0	1	
1	3	
0	1	
0	1	
0	1	
0	1	
0	1	
0	1	
0	1	
1	3	
0	1	
0	1	
0	1	
0	1	
0	1	
0	1	
0	1	
0	1	
0	1	
0	1	
0	1	
0	1	
0	1	
0	1	
0	1	
0	1	
0	1	
0	1	
0	1	
1	3	
1	3	
1	3	
0	1	
0	1	
1	3	
1	3	
0	1	
1	3	
1	3	
1	3	
1	3	
0	1	
0	1	
0	1	
0	1	
0	1	
0	1	
0	1	
0	1	
1	3	
1	3	
0	1	
0	1	
0	1	
1	3	
0	1	
0	1	
3	6	
1	3	
5	9	
8	13	
6	10	
7	12	
2	4	
7	12	
6	10	
8	13	
2	4	
5	9	
7	12	
1	3	
6	10	
8	13	
1	3	
7	12	
7	12	
1	3	
5	9	
4	7	
1	3	

]

EmployeeAvailability: [
1 0 1 0 1 1 1 1 1 1 1 1 0 1 1 1 0 1 1 1 1 1 1 1 1 1 1 1 0 1 0 1 1 1 1 1 1 1 1 0 1 1 1 0 1 1 1 1 1 1 1 1 1 1 1 1 1 0 1 1 1 0 1 1 1 1 1 1 1 1 1 1 1 0 1 0 1 1 1 1 1 1 1 1 0 1 1 1 0 1 1 1 1 1 1 1 1 1 1 1 0 1 0 1 1 1 1 1 1 0 1 0 1 1 1 1 1 1 0 1 0 1 1 1 1 1 
1 1 0 1 1 0 1 1 1 1 1 1 1 0 1 1 1 1 1 0 1 1 1 1 1 1 1 1 1 0 1 1 0 1 1 1 1 1 1 1 0 1 1 1 1 1 0 1 1 1 1 1 1 1 1 1 1 1 0 1 1 1 1 1 0 1 1 1 1 1 1 1 1 1 0 1 1 0 1 1 1 1 1 1 1 0 1 1 1 1 1 0 1 1 1 1 1 1 1 1 1 0 1 1 0 1 1 1 1 1 0 1 1 0 1 1 1 1 1 0 1 1 0 1 1 1 
1 1 1 1 1 1 1 1 1 1 1 1 1 1 1 1 1 1 1 1 1 1 1 1 1 1 1 1 1 1 1 1 1 1 1 1 1 1 1 1 1 1 1 1 1 1 1 1 1 1 1 1 1 1 1 1 1 1 1 1 1 1 1 1 1 1 1 1 1 1 1 1 1 1 1 1 1 1 1 1 1 1 1 1 1 1 1 1 1 1 1 1 1 1 1 1 1 1 1 1 1 1 1 1 1 1 1 1 1 1 1 1 1 1 1 1 1 1 1 1 1 1 1 1 1 1 
0 1 1 0 1 1 1 1 1 1 0 1 1 1 1 0 0 1 1 1 1 1 1 1 1 1 1 0 1 1 0 1 1 1 1 1 1 0 1 1 1 1 0 0 1 1 1 1 1 1 1 1 1 1 1 0 1 1 1 1 0 0 1 1 1 1 1 1 1 1 1 1 0 1 1 0 1 1 1 1 1 1 0 1 1 1 1 0 0 1 1 1 1 1 1 1 1 1 1 0 1 1 0 1 1 1 1 1 0 1 1 0 1 1 1 1 1 0 1 1 0 1 1 1 1 1 
1 1 1 1 1 1 1 1 1 1 1 1 1 1 1 1 1 1 1 1 1 1 1 1 1 1 1 1 1 1 1 1 1 1 1 1 1 1 1 1 1 1 1 1 1 1 1 1 1 1 1 1 1 1 1 1 1 1 1 1 1 1 1 1 1 1 1 1 1 1 1 1 1 1 1 1 1 1 1 1 1 1 1 1 1 1 1 1 1 1 1 1 1 1 1 1 1 1 1 1 1 1 1 1 1 1 1 1 1 1 1 1 1 1 1 1 1 1 1 1 1 1 1 1 1 1 
1 1 1 0 0 1 0 1 1 1 1 1 1 1 1 0 1 1 1 1 1 1 0 1 1 1 1 1 1 1 0 0 1 0 1 1 1 1 1 1 1 1 0 1 1 1 1 1 1 0 1 1 1 1 1 1 1 1 1 1 0 1 1 1 1 1 1 0 1 1 1 1 1 1 1 0 0 1 0 1 1 1 1 1 1 1 1 0 1 1 1 1 1 1 0 1 1 1 1 1 1 1 0 0 1 0 1 1 1 1 1 0 0 1 0 1 1 1 1 1 0 0 1 0 1 1 
1 0 1 1 1 0 1 1 0 1 1 1 1 1 1 1 1 1 1 0 1 1 1 1 1 0 1 1 0 1 1 1 0 1 1 0 1 1 1 1 1 1 1 1 1 1 0 1 1 1 1 1 0 1 1 1 1 1 1 1 1 1 1 1 0 1 1 1 1 1 0 1 1 0 1 1 1 0 1 1 0 1 1 1 1 1 1 1 1 1 1 0 1 1 1 1 1 0 1 1 0 1 1 1 0 1 1 0 1 0 1 1 1 0 1 1 0 1 0 1 1 1 0 1 1 0 
1 1 1 1 0 1 0 0 1 1 1 1 1 1 1 1 1 1 0 1 1 1 1 1 0 1 1 1 1 1 1 0 1 0 0 1 1 1 1 1 1 1 1 1 1 0 1 1 1 1 1 0 1 1 1 1 1 1 1 1 1 1 1 0 1 1 1 1 1 0 1 1 1 1 1 1 0 1 0 0 1 1 1 1 1 1 1 1 1 1 0 1 1 1 1 1 0 1 1 1 1 1 1 0 1 0 0 1 1 1 1 1 0 1 0 0 1 1 1 1 1 0 1 0 0 1 
0 1 1 1 0 1 1 1 1 0 1 1 1 1 1 1 1 0 0 1 1 1 1 1 1 1 1 0 1 1 1 0 1 1 1 1 0 1 1 1 1 1 1 1 0 0 1 1 1 1 1 1 1 1 0 1 1 1 1 1 1 1 0 0 1 1 1 1 1 1 1 1 0 1 1 1 0 1 1 1 1 0 1 1 1 1 1 1 1 0 0 1 1 1 1 1 1 1 1 0 1 1 1 0 1 1 1 1 0 1 1 1 0 1 1 1 1 0 1 1 1 0 1 1 1 1 
1 1 0 0 1 1 1 1 1 1 1 1 1 0 1 0 0 1 1 1 1 1 1 1 1 1 1 1 1 0 0 1 1 1 1 1 1 1 1 1 0 1 0 0 1 1 1 1 1 1 1 1 1 1 1 1 1 1 0 1 0 0 1 1 1 1 1 1 1 1 1 1 1 1 0 0 1 1 1 1 1 1 1 1 1 0 1 0 0 1 1 1 1 1 1 1 1 1 1 1 1 0 0 1 1 1 1 1 1 1 0 0 1 1 1 1 1 1 1 0 0 1 1 1 1 1 
1 1 0 1 1 1 1 1 1 1 1 1 1 0 1 1 1 1 1 1 1 1 1 1 1 1 1 1 1 0 1 1 1 1 1 1 1 1 1 1 0 1 1 1 1 1 1 1 1 1 1 1 1 1 1 1 1 1 0 1 1 1 1 1 1 1 1 1 1 1 1 1 1 1 0 1 1 1 1 1 1 1 1 1 1 0 1 1 1 1 1 1 1 1 1 1 1 1 1 1 1 0 1 1 1 1 1 1 1 1 0 1 1 1 1 1 1 1 1 0 1 1 1 1 1 1 
1 1 1 1 1 1 1 1 0 1 1 1 1 1 1 1 1 1 1 1 1 1 1 1 1 0 1 1 1 1 1 1 1 1 1 0 1 1 1 1 1 1 1 1 1 1 1 1 1 1 1 1 0 1 1 1 1 1 1 1 1 1 1 1 1 1 1 1 1 1 0 1 1 1 1 1 1 1 1 1 0 1 1 1 1 1 1 1 1 1 1 1 1 1 1 1 1 0 1 1 1 1 1 1 1 1 1 0 1 1 1 1 1 1 1 1 0 1 1 1 1 1 1 1 1 0 
1 1 1 1 1 1 1 0 1 1 1 1 1 1 1 1 1 1 1 1 1 1 1 1 0 1 1 1 1 1 1 1 1 1 0 1 1 1 1 1 1 1 1 1 1 1 1 1 1 1 1 0 1 1 1 1 1 1 1 1 1 1 1 1 1 1 1 1 1 0 1 1 1 1 1 1 1 1 1 0 1 1 1 1 1 1 1 1 1 1 1 1 1 1 1 1 0 1 1 1 1 1 1 1 1 1 0 1 1 1 1 1 1 1 1 0 1 1 1 1 1 1 1 1 0 1 
1 1 1 0 0 1 1 1 1 1 1 1 1 1 1 1 0 1 0 1 1 1 1 1 1 1 1 1 1 1 0 0 1 1 1 1 1 1 1 1 1 1 1 0 1 0 1 1 1 1 1 1 1 1 1 1 1 1 1 1 1 0 1 0 1 1 1 1 1 1 1 1 1 1 1 0 0 1 1 1 1 1 1 1 1 1 1 1 0 1 0 1 1 1 1 1 1 1 1 1 1 1 0 0 1 1 1 1 1 1 1 0 0 1 1 1 1 1 1 1 0 0 1 1 1 1 
0 1 1 1 0 0 1 1 1 1 1 1 1 1 1 1 1 1 0 1 1 1 1 1 1 1 1 0 1 1 1 0 0 1 1 1 1 1 1 1 1 1 1 1 1 0 1 1 1 1 1 1 1 1 1 1 1 1 1 1 1 1 1 0 1 1 1 1 1 1 1 1 0 1 1 1 0 0 1 1 1 1 1 1 1 1 1 1 1 1 0 1 1 1 1 1 1 1 1 0 1 1 1 0 0 1 1 1 0 1 1 1 0 0 1 1 1 0 1 1 1 0 0 1 1 1 
1 0 1 1 1 0 1 1 1 1 1 1 1 1 1 1 1 1 1 1 1 1 1 1 1 1 1 1 0 1 1 1 0 1 1 1 1 1 1 1 1 1 1 1 1 1 1 1 1 1 1 1 1 1 1 1 1 1 1 1 1 1 1 1 1 1 1 1 1 1 1 1 1 0 1 1 1 0 1 1 1 1 1 1 1 1 1 1 1 1 1 1 1 1 1 1 1 1 1 1 0 1 1 1 0 1 1 1 1 0 1 1 1 0 1 1 1 1 0 1 1 1 0 1 1 1 
1 1 1 0 1 1 1 1 1 1 1 1 1 1 1 1 1 1 1 1 1 1 1 1 1 1 1 1 1 1 0 1 1 1 1 1 1 1 1 1 1 1 1 1 1 1 1 1 1 1 1 1 1 1 1 1 1 1 1 1 1 1 1 1 1 1 1 1 1 1 1 1 1 1 1 0 1 1 1 1 1 1 1 1 1 1 1 1 1 1 1 1 1 1 1 1 1 1 1 1 1 1 0 1 1 1 1 1 1 1 1 0 1 1 1 1 1 1 1 1 0 1 1 1 1 1 
0 1 1 0 1 1 1 0 1 0 1 1 1 1 1 0 1 1 1 1 1 1 1 1 0 1 1 0 1 1 0 1 1 1 0 1 0 1 1 1 1 1 0 1 1 1 1 1 1 1 1 0 1 1 0 1 1 1 1 1 0 1 1 1 1 1 1 1 1 0 1 1 0 1 1 0 1 1 1 0 1 0 1 1 1 1 1 0 1 1 1 1 1 1 1 1 0 1 1 0 1 1 0 1 1 1 0 1 0 1 1 0 1 1 1 0 1 0 1 1 0 1 1 1 0 1 
0 1 1 1 1 1 1 0 0 1 1 1 1 1 1 1 1 1 1 1 1 1 1 1 0 0 1 0 1 1 1 1 1 1 0 0 1 1 1 1 1 1 1 1 1 1 1 1 1 1 1 0 0 1 1 1 1 1 1 1 1 1 1 1 1 1 1 1 1 0 0 1 0 1 1 1 1 1 1 0 0 1 1 1 1 1 1 1 1 1 1 1 1 1 1 1 0 0 1 0 1 1 1 1 1 1 0 0 0 1 1 1 1 1 1 0 0 0 1 1 1 1 1 1 0 0 
1 1 1 1 0 1 1 0 1 1 1 1 1 1 1 1 1 1 0 1 1 1 1 1 1 1 1 1 1 1 1 0 1 1 0 1 1 1 1 1 1 1 1 1 1 0 1 1 1 1 1 1 1 1 1 1 1 1 1 1 1 1 1 0 1 1 1 1 1 1 1 1 1 1 1 1 0 1 1 0 1 1 1 1 1 1 1 1 1 1 0 1 1 1 1 1 1 1 1 1 1 1 1 0 1 1 0 1 1 1 1 1 0 1 1 0 1 1 1 1 1 0 1 1 0 1 
1 1 1 1 1 1 1 1 1 1 1 1 1 1 1 1 1 1 1 1 1 1 1 1 1 1 1 1 1 1 1 1 1 1 1 1 1 1 1 1 1 1 1 1 1 1 1 1 1 1 1 1 1 1 1 1 1 1 1 1 1 1 1 1 1 1 1 1 1 1 1 1 1 1 1 1 1 1 1 1 1 1 1 1 1 1 1 1 1 1 1 1 1 1 1 1 1 1 1 1 1 1 1 1 1 1 1 1 1 1 1 1 1 1 1 1 1 1 1 1 1 1 1 1 1 1 
1 1 1 0 1 1 1 0 1 1 1 1 1 1 1 1 0 1 1 1 1 1 1 1 0 1 1 1 1 1 0 1 1 1 0 1 1 1 1 1 1 1 1 0 1 1 1 1 1 1 1 0 1 1 1 1 1 1 1 1 1 0 1 1 1 1 1 1 1 0 1 1 1 1 1 0 1 1 1 0 1 1 1 1 1 1 1 1 0 1 1 1 1 1 1 1 0 1 1 1 1 1 0 1 1 1 0 1 1 1 1 0 1 1 1 0 1 1 1 1 0 1 1 1 0 1 
1 1 1 1 1 1 1 1 1 1 1 1 1 1 1 1 1 1 1 1 1 1 1 1 1 1 1 1 1 1 1 1 1 1 1 1 1 1 1 1 1 1 1 1 1 1 1 1 1 1 1 1 1 1 1 1 1 1 1 1 1 1 1 1 1 1 1 1 1 1 1 1 1 1 1 1 1 1 1 1 1 1 1 1 1 1 1 1 1 1 1 1 1 1 1 1 1 1 1 1 1 1 1 1 1 1 1 1 1 1 1 1 1 1 1 1 1 1 1 1 1 1 1 1 1 1 
0 1 1 1 0 1 1 1 1 0 1 1 1 1 1 1 1 1 1 1 1 1 1 1 1 1 1 0 1 1 1 0 1 1 1 1 0 1 1 1 1 1 1 1 1 1 1 1 1 1 1 1 1 1 0 1 1 1 1 1 1 1 1 1 1 1 1 1 1 1 1 1 0 1 1 1 0 1 1 1 1 0 1 1 1 1 1 1 1 1 1 1 1 1 1 1 1 1 1 0 1 1 1 0 1 1 1 1 0 1 1 1 0 1 1 1 1 0 1 1 1 0 1 1 1 1 
0 1 1 0 1 1 1 1 1 1 1 1 1 1 1 1 0 1 1 1 1 1 1 1 1 1 1 0 1 1 0 1 1 1 1 1 1 1 1 1 1 1 1 0 1 1 1 1 1 1 1 1 1 1 1 1 1 1 1 1 1 0 1 1 1 1 1 1 1 1 1 1 0 1 1 0 1 1 1 1 1 1 1 1 1 1 1 1 0 1 1 1 1 1 1 1 1 1 1 0 1 1 0 1 1 1 1 1 0 1 1 0 1 1 1 1 1 0 1 1 0 1 1 1 1 1 
0 1 1 1 1 0 1 0 1 0 1 1 1 1 1 1 1 1 1 0 1 1 1 0 1 1 1 0 1 1 1 1 0 1 0 1 0 1 1 1 1 1 1 1 1 1 0 1 1 1 0 1 1 1 0 1 1 1 1 1 1 1 1 1 0 1 1 1 0 1 1 1 0 1 1 1 1 0 1 0 1 0 1 1 1 1 1 1 1 1 1 0 1 1 1 0 1 1 1 0 1 1 1 1 0 1 0 1 0 1 1 1 1 0 1 0 1 0 1 1 1 1 0 1 0 1 
1 1 1 1 1 0 1 1 1 1 1 1 1 1 1 1 1 1 1 0 0 1 1 1 1 1 1 1 1 1 1 1 0 1 1 1 1 1 1 1 1 1 1 1 1 1 0 0 1 1 1 1 1 1 1 1 1 1 1 1 1 1 1 1 0 0 1 1 1 1 1 1 1 1 1 1 1 0 1 1 1 1 1 1 1 1 1 1 1 1 1 0 0 1 1 1 1 1 1 1 1 1 1 1 0 1 1 1 1 1 1 1 1 0 1 1 1 1 1 1 1 1 0 1 1 1 
1 1 1 1 1 0 1 1 1 1 1 1 1 1 1 1 1 1 1 1 1 1 1 1 1 1 1 1 1 1 1 1 0 1 1 1 1 1 1 1 1 1 1 1 1 1 1 1 1 1 1 1 1 1 1 1 1 1 1 1 1 1 1 1 1 1 1 1 1 1 1 1 1 1 1 1 1 0 1 1 1 1 1 1 1 1 1 1 1 1 1 1 1 1 1 1 1 1 1 1 1 1 1 1 0 1 1 1 1 1 1 1 1 0 1 1 1 1 1 1 1 1 0 1 1 1 
1 1 1 1 1 1 1 1 1 1 1 1 1 1 1 1 1 1 1 1 1 1 1 1 1 1 1 1 1 1 1 1 1 1 1 1 1 1 1 1 1 1 1 1 1 1 1 1 1 1 1 1 1 1 1 1 1 1 1 1 1 1 1 1 1 1 1 1 1 1 1 1 1 1 1 1 1 1 1 1 1 1 1 1 1 1 1 1 1 1 1 1 1 1 1 1 1 1 1 1 1 1 1 1 1 1 1 1 1 1 1 1 1 1 1 1 1 1 1 1 1 1 1 1 1 1 
0 1 1 1 0 1 1 1 0 1 0 1 1 1 1 1 1 0 1 1 1 1 1 1 1 0 1 0 1 1 1 0 1 1 1 0 1 0 1 1 1 1 1 1 0 1 1 1 1 1 1 1 0 1 1 0 1 1 1 1 1 1 0 1 1 1 1 1 1 1 0 1 0 1 1 1 0 1 1 1 0 1 0 1 1 1 1 1 1 0 1 1 1 1 1 1 1 0 1 0 1 1 1 0 1 1 1 0 0 1 1 1 0 1 1 1 0 0 1 1 1 0 1 1 1 0 
]

EmployeeWantedInStint: [ (1 34) 1 (1 120) 1 (2 1) 1 (2 13) 1 (2 44) 1 (2 118) 1 (2 122) 1 (3 10) 1 (3 34) 1 (3 91) 1 (4 89) 1 (5 49) 1 (5 55) 1 (5 61) 1 (6 26) 1 (6 29) 1 (6 30) 1 (6 62) 1 (6 81) 1 (7 62) 1 (7 108) 1 (8 62) 1 (8 70) 1 (8 73) 1 (8 97) 1 (8 116) 1 (9 57) 1 (9 91) 1 (9 98) 1 (9 124) 1 (10 34) 1 (10 36) 1 (10 43) 1 (10 46) 1 (10 105) 1 (10 119) 1 (11 58) 1 (11 78) 1 (11 118) 1 (12 2) 1 (12 83) 1 (13 12) 1 (13 15) 1 (13 49) 1 (14 42) 1 (14 63) 1 (14 64) 1 (14 68) 1 (15 14) 1 (15 48) 1 (15 56) 1 (15 89) 1 (16 33) 1 (17 30) 1 (17 58) 1 (17 79) 1 (17 105) 1 (17 106) 1 (18 4) 1 (18 10) 1 (18 79) 1 (18 98) 1 (18 104) 1 (18 123) 1 (19 53) 1 (20 7) 1 (21 16) 1 (21 18) 1 (21 90) 1 (21 97) 1 (22 1) 1 (22 11) 1 (22 87) 1 (23 75) 1 (23 79) 1 (24 67) 1 (24 107) 1 (24 110) 1 (26 68) 1 (26 114) 1 (26 120) 1 (27 7) 1 (27 34) 1 (27 40) 1 (27 88) 1 (28 13) 1 (28 45) 1 (28 53) 1 (29 18) 1 (29 35) 1 (29 63) 1 (29 69) 1 (29 81) 1 (29 82) 1 (29 108) 1 (29 110) 1 (29 113) 1 (29 117) 1 (30 12) 1 (30 93) 1 (30 125) 1 ]

EmployeeWantedViolationCost: [ (1 34) 13000 (1 120) 13000 (2 1) 15000 (2 13) 8000 (2 44) 11000 (2 118) 8000 (2 122) 15000 (3 10) 5000 (3 34) 14000 (3 91) 10000 (4 89) 11000 (5 49) 12000 (5 55) 6000 (5 61) 6000 (6 26) 11000 (6 29) 9000 (6 30) 10000 (6 62) 13000 (6 81) 12000 (7 62) 7000 (7 108) 11000 (8 62) 10000 (8 70) 12000 (8 73) 8000 (8 97) 13000 (8 116) 6000 (9 57) 13000 (9 91) 15000 (9 98) 13000 (9 124) 13000 (10 34) 11000 (10 36) 7000 (10 43) 5000 (10 46) 10000 (10 105) 9000 (10 119) 14000 (11 58) 9000 (11 78) 15000 (11 118) 6000 (12 2) 8000 (12 83) 14000 (13 12) 15000 (13 15) 14000 (13 49) 12000 (14 42) 5000 (14 63) 15000 (14 64) 15000 (14 68) 5000 (15 14) 12000 (15 48) 11000 (15 56) 12000 (15 89) 5000 (16 33) 10000 (17 30) 11000 (17 58) 13000 (17 79) 15000 (17 105) 7000 (17 106) 7000 (18 4) 13000 (18 10) 9000 (18 79) 10000 (18 98) 13000 (18 104) 13000 (18 123) 13000 (19 53) 8000 (20 7) 5000 (21 16) 6000 (21 18) 10000 (21 90) 9000 (21 97) 10000 (22 1) 12000 (22 11) 5000 (22 87) 14000 (23 75) 10000 (23 79) 14000 (24 67) 7000 (24 107) 15000 (24 110) 9000 (26 68) 11000 (26 114) 15000 (26 120) 7000 (27 7) 13000 (27 34) 11000 (27 40) 5000 (27 88) 13000 (28 13) 14000 (28 45) 5000 (28 53) 9000 (29 18) 9000 (29 35) 7000 (29 63) 10000 (29 69) 9000 (29 81) 8000 (29 82) 10000 (29 108) 8000 (29 110) 14000 (29 113) 7000 (29 117) 11000 (30 12) 5000 (30 93) 10000 (30 125) 10000 ]

EmployeesThatShouldNotWorkTogetherWithEmployee: [
[ ]
[ ]
[ 9 ]
[ 14 ]
[ 10 ]
[ ]
[ 9 ]
[ ]
[ 14 15 29 ]
[ ]
[ 21 ]
[ 28 ]
[ 18 ]
[ 16 ]
[ 25 ]
[ 22 28 ]
[ 23 ]
[ ]
[ ]
[ 28 ]
[ 30 ]
[ ]
[ ]
[ ]
[ ]
[ ]
[ ]
[ ]
[ ]
[ ]
]

ShouldNotWorkTogetherCost: [ (3 9) 297 (4 14) 198 (5 10) 396 (7 9) 198 (9 14) 297 (9 15) 297 (9 29) 396 (11 21) 396 (12 28) 396 (13 18) 297 (14 16) 198 (15 25) 297 (16 22) 396 (16 28) 99 (17 23) 297 (20 28) 297 (21 30) 396 ]

ImmediatePredecessorsToActivity: [
[ ]
[ 1 ]
[ 1 ]
[ 2 ]
[ 3 ]
[ 1 ]
[ 2 ]
[ 5 ]
[ 1 ]
[ 4 5 6 ]
[ 4 6 7 ]
[ 6 9 ]
[ 4 ]
[ 9 ]
[ 10 ]
[ 3 4 9 ]
[ 9 10 ]
[ 2 3 11 15 ]
[ 11 13 17 ]
[ ]
[ 20 ]
[ 21 ]
[ 22 ]
[ 20 ]
[ 21 ]
[ 20 ]
[ 20 ]
[ 24 ]
[ 25 26 ]
[ 22 ]
[ 27 ]
[ 28 ]
[ 23 ]
[ ]
[ 34 ]
[ 34 ]
[ 34 ]
[ 34 ]
[ 34 ]
[ 34 ]
[ 40 ]
[ 41 ]
[ 35 36 ]
[ 34 ]
[ 36 38 44 ]
[ 44 ]
[ 35 40 42 45 46 ]
[ 40 ]
[ 41 43 45 48 ]
[ 46 ]
[ 38 44 47 49 ]
[ 40 42 44 ]
[ 35 38 46 ]
[ ]
[ 54 ]
[ 55 ]
[ 54 ]
[ 56 ]
[ 57 ]
[ 54 ]
[ 58 ]
[ 56 ]
[ 59 60 ]
[ 60 ]
[ 54 ]
[ 59 60 61 ]
[ 64 ]
[ 63 67 ]
[ 56 57 ]
[ 56 64 65 ]
[ 61 63 67 ]
[ ]
[ 72 ]
[ 72 ]
[ 72 ]
[ 75 ]
[ 73 76 ]
[ 72 ]
[ 76 ]
[ 72 ]
[ 72 ]
[ 73 76 ]
[ 73 81 ]
[ 73 74 78 ]
[ 75 78 83 ]
[ 74 81 ]
[ 80 ]
[ 84 ]
[ 73 74 78 79 ]
[ 81 84 ]
[ 80 83 ]
[ 74 85 ]
[ 74 87 91 ]
[ 72 ]
[ 72 ]
[ 79 82 85 87 88 91 ]
[ 76 84 87 94 95 ]
[ 75 90 ]
[ 78 ]
[ ]
[ 100 ]
[ 100 ]
[ 100 ]
[ 101 ]
[ 103 ]
[ 100 ]
[ 102 ]
[ 103 ]
[ 106 ]
[ 101 105 106 ]
[ 101 ]
[ 101 108 109 ]
[ 102 109 110 ]
[ 107 ]
[ 103 107 ]
[ 106 108 ]
[ 106 108 115 ]
[ 101 105 114 116 ]
[ 102 108 109 118 ]
[ 103 110 116 ]
[ 105 112 ]
[ 102 105 111 116 ]
[ 107 120 ]
[ 103 ]
[ 111 115 118 120 ]
[ 110 112 114 ]
[ 108 124 ]
[ 107 108 120 122 124 ]
[ ]
[ 129 ]
[ 129 ]
[ 131 ]
[ 129 ]
[ 130 ]
[ 129 ]
[ 133 ]
[ 133 ]
[ 132 133 135 ]
[ 131 ]
[ 130 137 138 ]
[ 133 135 ]
[ 130 132 ]
[ 138 ]
[ 141 ]
[ 129 ]
[ 130 137 ]
[ 138 ]
[ 139 144 146 ]
[ 130 132 ]
[ 130 141 ]
[ 130 132 141 ]
[ 138 150 ]
[ ]
[ 153 ]
[ 153 ]
[ 154 ]
[ 155 ]
[ 154 ]
[ 155 156 158 ]
[ 154 ]
[ 159 ]
[ 155 ]
[ 160 ]
[ 157 159 163 ]
[ 156 162 ]
[ 157 162 ]
[ 159 165 ]
[ 157 158 ]
[ 155 156 ]
[ 157 158 162 163 167 ]
[ 164 167 169 ]
[ 155 166 ]
[ 160 ]
[ 156 163 166 ]
[ 158 163 169 ]
[ 159 160 166 ]
[ 158 ]
[ 157 158 ]
[ 162 ]
[ 158 166 ]
[ 159 166 168 ]
[ 165 169 177 ]
[ 156 160 166 168 ]
[ 158 160 165 ]
[ 158 ]
[ 156 160 166 ]
[ ]
[ 187 ]
[ 187 ]
[ 188 ]
[ 187 ]
[ 189 ]
[ 187 ]
[ 187 ]
[ 192 ]
[ 192 ]
[ 189 194 ]
[ 187 ]
[ 188 193 ]
[ 188 ]
[ 193 196 197 ]
[ 193 195 196 197 198 ]
[ 193 198 200 ]
[ 188 192 ]
[ 192 193 197 200 ]
[ 197 198 ]
[ 187 ]
[ 187 ]
[ 191 ]
[ 199 ]
[ 195 196 199 ]
[ 194 198 200 201 208 ]
[ 191 193 198 ]
[ 199 ]
[ 188 191 196 198 208 ]
[ 193 204 ]
[ 191 198 ]
[ ]
[ 218 ]
[ 218 ]
[ 218 ]
[ 221 ]
[ 222 ]
[ 219 221 223 ]
[ 221 ]
[ 224 ]
[ 226 ]
[ 221 226 ]
[ 224 ]
[ 220 227 ]
[ 219 223 226 ]
[ 218 ]
[ 225 229 231 232 ]
[ 228 ]
[ 221 ]
[ 220 223 229 ]
[ 227 ]
[ 218 ]
[ 224 231 234 ]
[ 225 226 232 238 ]
[ 218 ]
]

ActivitiesInProject: [
[ 1 2 3 4 5 6 7 8 9 10 11 12 13 14 15 16 17 18 19 ]
[ 20 21 22 23 24 25 26 27 28 29 30 31 32 33 ]
[ 34 35 36 37 38 39 40 41 42 43 44 45 46 47 48 49 50 51 52 53 ]
[ 54 55 56 57 58 59 60 61 62 63 64 65 66 67 68 69 70 71 ]
[ 72 73 74 75 76 77 78 79 80 81 82 83 84 85 86 87 88 89 90 91 92 93 94 95 96 97 98 99 ]
[ 100 101 102 103 104 105 106 107 108 109 110 111 112 113 114 115 116 117 118 119 120 121 122 123 124 125 126 127 128 ]
[ 129 130 131 132 133 134 135 136 137 138 139 140 141 142 143 144 145 146 147 148 149 150 151 152 ]
[ 153 154 155 156 157 158 159 160 161 162 163 164 165 166 167 168 169 170 171 172 173 174 175 176 177 178 179 180 181 182 183 184 185 186 ]
[ 187 188 189 190 191 192 193 194 195 196 197 198 199 200 201 202 203 204 205 206 207 208 209 210 211 212 213 214 215 216 217 ]
[ 218 219 220 221 222 223 224 225 226 227 228 229 230 231 232 233 234 235 236 237 238 239 240 241 ]
]

nActivityModes: [ 2 2 2 2 2 2 2 2 2 2 2 2 2 2 2 2 2 2 2 2 2 2 2 2 2 2 2 2 2 2 2 2 2 2 2 2 2 2 2 2 2 2 2 2 2 2 2 2 2 2 2 2 2 2 2 2 2 2 2 2 2 2 2 2 2 2 2 2 2 2 2 2 2 2 2 2 2 2 2 2 2 2 2 2 2 2 2 2 2 2 2 2 2 2 2 2 2 2 2 2 2 2 2 2 2 2 2 2 2 2 2 2 2 2 2 2 2 2 2 2 2 2 2 2 2 2 2 2 2 2 2 2 2 2 2 2 2 2 2 2 2 2 2 2 2 2 2 2 2 2 2 2 2 2 2 2 2 2 2 2 2 2 2 2 2 2 2 2 2 2 2 2 2 2 2 2 2 2 2 2 2 2 2 2 2 2 2 2 2 2 2 2 2 2 2 2 2 2 2 2 2 2 2 2 2 2 2 2 2 2 2 2 2 2 2 2 2 2 2 2 2 2 2 2 2 2 2 2 2 2 2 2 2 2 2 2 2 2 2 2 2 ]

ActivityDurationWithMode: [
1	1	
15	10	
7	5	
11	8	
11	8	
7	5	
6	4	
28	19	
15	10	
5	4	
7	5	
11	8	
7	5	
34	23	
5	4	
10	7	
9	6	
15	10	
8	6	
1	1	
6	4	
8	6	
4	3	
11	8	
6	4	
3	2	
4	3	
4	3	
7	5	
11	8	
19	13	
8	6	
5	4	
1	1	
6	4	
6	4	
50	34	
6	4	
53	36	
8	6	
12	8	
6	4	
8	6	
13	9	
6	4	
13	9	
12	8	
23	16	
14	10	
6	4	
7	5	
6	4	
19	13	
1	1	
5	4	
11	8	
11	8	
8	6	
8	6	
5	4	
6	4	
14	10	
5	4	
13	9	
11	8	
5	4	
7	5	
7	5	
10	7	
5	4	
6	4	
1	1	
21	14	
13	9	
29	20	
9	6	
13	9	
8	6	
10	7	
8	6	
15	10	
10	7	
7	5	
8	6	
15	10	
38	26	
6	4	
12	8	
7	5	
14	10	
11	8	
10	7	
12	8	
33	22	
18	12	
6	4	
9	6	
10	7	
44	30	
1	1	
15	10	
11	8	
8	6	
61	41	
14	10	
16	11	
11	8	
8	6	
26	18	
22	15	
11	8	
29	20	
30	20	
12	8	
24	16	
23	16	
26	18	
21	14	
11	8	
19	13	
10	7	
8	6	
16	11	
49	33	
10	7	
8	6	
22	15	
16	11	
1	1	
8	6	
17	12	
9	6	
6	4	
40	27	
6	4	
41	28	
10	7	
6	4	
21	14	
10	7	
8	6	
15	10	
6	4	
17	12	
47	32	
13	9	
12	8	
8	6	
13	9	
14	10	
7	5	
10	7	
1	1	
28	19	
13	9	
14	10	
16	11	
13	9	
30	20	
36	24	
21	14	
17	12	
10	7	
13	9	
31	21	
18	12	
11	8	
35	24	
38	26	
10	7	
9	6	
37	25	
25	17	
12	8	
12	8	
10	7	
30	20	
14	10	
59	40	
13	9	
14	10	
12	8	
18	12	
21	14	
52	35	
12	8	
1	1	
53	36	
45	30	
34	23	
11	8	
10	7	
13	9	
26	18	
21	14	
10	7	
14	10	
31	21	
13	9	
11	8	
10	7	
12	8	
19	13	
16	11	
19	13	
29	20	
33	22	
31	21	
74	50	
17	12	
9	6	
13	9	
41	28	
15	10	
15	10	
10	7	
46	31	
1	1	
16	11	
56	38	
11	8	
7	5	
9	6	
8	6	
23	16	
8	6	
9	6	
7	5	
24	16	
10	7	
8	6	
55	37	
9	6	
7	5	
56	38	
8	6	
8	6	
54	36	
10	7	
13	9	
53	36	
]

StintsInProject: [
[ 1 2 3 4 5 6 7 8 9 ]
[ 10 11 12 13 14 15 16 17 18 19 20 21 22 23 24 25 26 27 ]
[ 28 29 30 31 32 33 34 35 36 ]
[ 37 38 39 40 41 42 43 44 45 46 47 48 49 50 51 52 53 54 ]
[ 55 56 57 58 59 60 61 62 63 64 65 66 67 68 69 70 71 72 ]
[ 73 74 75 76 77 78 79 80 81 ]
[ 82 83 84 85 86 87 88 89 90 91 92 93 94 95 96 97 98 99 ]
[ 100 101 102 103 104 105 106 107 108 ]
[ 109 110 111 112 113 114 115 116 117 ]
[ 118 119 120 121 122 123 124 125 126 ]
]

WorkingStintsOnDay: [
[ 1 10 28 37 55 73 82 100 109 118 ]
[ 1 10 28 37 55 73 82 100 109 118 ]
[ 1 10 28 37 55 73 82 100 109 118 ]
[ 1 10 28 37 55 73 82 100 109 118 ]
[ 1 10 28 37 55 73 82 100 109 118 ]
[ 1 28 73 100 109 118 ]
[ 1 28 73 100 109 118 ]
[ 1 11 28 38 56 73 83 100 109 118 ]
[ 1 11 28 38 56 73 83 100 109 118 ]
[ 1 11 28 38 56 73 83 100 109 118 ]
[ 1 11 28 38 56 73 83 100 109 118 ]
[ 1 11 28 38 56 73 83 100 109 118 ]
[ 1 28 73 100 109 118 ]
[ 1 28 73 100 109 118 ]
[ 2 12 29 39 57 74 84 101 110 119 ]
[ 2 12 29 39 57 74 84 101 110 119 ]
[ 2 12 29 39 57 74 84 101 110 119 ]
[ 2 12 29 39 57 74 84 101 110 119 ]
[ 2 12 29 39 57 74 84 101 110 119 ]
[ 2 29 74 101 110 119 ]
[ 2 29 74 101 110 119 ]
[ 2 13 29 40 58 74 85 101 110 119 ]
[ 2 13 29 40 58 74 85 101 110 119 ]
[ 2 13 29 40 58 74 85 101 110 119 ]
[ 2 13 29 40 58 74 85 101 110 119 ]
[ 2 13 29 40 58 74 85 101 110 119 ]
[ 2 29 74 101 110 119 ]
[ 2 29 74 101 110 119 ]
[ 3 14 30 41 59 75 86 102 111 120 ]
[ 3 14 30 41 59 75 86 102 111 120 ]
[ 3 14 30 41 59 75 86 102 111 120 ]
[ 3 14 30 41 59 75 86 102 111 120 ]
[ 3 14 30 41 59 75 86 102 111 120 ]
[ 3 30 75 102 111 120 ]
[ 3 30 75 102 111 120 ]
[ 3 15 30 42 60 75 87 102 111 120 ]
[ 3 15 30 42 60 75 87 102 111 120 ]
[ 3 15 30 42 60 75 87 102 111 120 ]
[ 3 15 30 42 60 75 87 102 111 120 ]
[ 3 15 30 42 60 75 87 102 111 120 ]
[ 3 30 75 102 111 120 ]
[ 3 30 75 102 111 120 ]
[ 4 16 31 43 61 76 88 103 112 121 ]
[ 4 16 31 43 61 76 88 103 112 121 ]
[ 4 16 31 43 61 76 88 103 112 121 ]
[ 4 16 31 43 61 76 88 103 112 121 ]
[ 4 16 31 43 61 76 88 103 112 121 ]
[ 4 31 76 103 112 121 ]
[ 4 31 76 103 112 121 ]
[ 4 17 31 44 62 76 89 103 112 121 ]
[ 4 17 31 44 62 76 89 103 112 121 ]
[ 4 17 31 44 62 76 89 103 112 121 ]
[ 4 17 31 44 62 76 89 103 112 121 ]
[ 4 17 31 44 62 76 89 103 112 121 ]
[ 4 31 76 103 112 121 ]
[ 4 31 76 103 112 121 ]
[ 5 18 32 45 63 77 90 104 113 122 ]
[ 5 18 32 45 63 77 90 104 113 122 ]
[ 5 18 32 45 63 77 90 104 113 122 ]
[ 5 18 32 45 63 77 90 104 113 122 ]
[ 5 18 32 45 63 77 90 104 113 122 ]
[ 5 32 77 104 113 122 ]
[ 5 32 77 104 113 122 ]
[ 5 19 32 46 64 77 91 104 113 122 ]
[ 5 19 32 46 64 77 91 104 113 122 ]
[ 5 19 32 46 64 77 91 104 113 122 ]
[ 5 19 32 46 64 77 91 104 113 122 ]
[ 5 19 32 46 64 77 91 104 113 122 ]
[ 5 32 77 104 113 122 ]
[ 5 32 77 104 113 122 ]
[ 6 20 33 47 65 78 92 105 114 123 ]
[ 6 20 33 47 65 78 92 105 114 123 ]
[ 6 20 33 47 65 78 92 105 114 123 ]
[ 6 20 33 47 65 78 92 105 114 123 ]
[ 6 20 33 47 65 78 92 105 114 123 ]
[ 6 33 78 105 114 123 ]
[ 6 33 78 105 114 123 ]
[ 6 21 33 48 66 78 93 105 114 123 ]
[ 6 21 33 48 66 78 93 105 114 123 ]
[ 6 21 33 48 66 78 93 105 114 123 ]
[ 6 21 33 48 66 78 93 105 114 123 ]
[ 6 21 33 48 66 78 93 105 114 123 ]
[ 6 33 78 105 114 123 ]
[ 6 33 78 105 114 123 ]
[ 7 22 34 49 67 79 94 106 115 124 ]
[ 7 22 34 49 67 79 94 106 115 124 ]
[ 7 22 34 49 67 79 94 106 115 124 ]
[ 7 22 34 49 67 79 94 106 115 124 ]
[ 7 22 34 49 67 79 94 106 115 124 ]
[ 7 34 79 106 115 124 ]
[ 7 34 79 106 115 124 ]
[ 7 23 34 50 68 79 95 106 115 124 ]
[ 7 23 34 50 68 79 95 106 115 124 ]
[ 7 23 34 50 68 79 95 106 115 124 ]
[ 7 23 34 50 68 79 95 106 115 124 ]
[ 7 23 34 50 68 79 95 106 115 124 ]
[ 7 34 79 106 115 124 ]
[ 7 34 79 106 115 124 ]
[ 8 24 35 51 69 80 96 107 116 125 ]
[ 8 24 35 51 69 80 96 107 116 125 ]
[ 8 24 35 51 69 80 96 107 116 125 ]
[ 8 24 35 51 69 80 96 107 116 125 ]
[ 8 24 35 51 69 80 96 107 116 125 ]
[ 8 35 80 107 116 125 ]
[ 8 35 80 107 116 125 ]
[ 8 25 35 52 70 80 97 107 116 125 ]
[ 8 25 35 52 70 80 97 107 116 125 ]
[ 8 25 35 52 70 80 97 107 116 125 ]
[ 8 25 35 52 70 80 97 107 116 125 ]
[ 8 25 35 52 70 80 97 107 116 125 ]
[ 8 35 80 107 116 125 ]
[ 8 35 80 107 116 125 ]
[ 9 26 36 53 71 81 98 108 117 126 ]
[ 9 26 36 53 71 81 98 108 117 126 ]
[ 9 26 36 53 71 81 98 108 117 126 ]
[ 9 26 36 53 71 81 98 108 117 126 ]
[ 9 26 36 53 71 81 98 108 117 126 ]
[ 9 36 81 108 117 126 ]
[ 9 36 81 108 117 126 ]
[ 9 27 36 54 72 81 99 108 117 126 ]
]

ProjectStart: [ 37 27 23 38 27 22 7 18 19 34 ]

ProjectEnd: [ 89 66 78 89 107 106 74 116 108 103 ]

EarliestStartDayForActivity: [ 1 37 37 52 44 37 52 55 37 63 63 52 63 52 68 63 68 73 77 1 27 37 47 27 37 27 27 44 45 47 33 48 53 1 23 23 23 23 23 23 31 43 29 23 36 36 49 31 54 49 68 49 49 1 38 45 38 60 53 38 72 60 65 45 38 80 62 73 60 62 80 1 27 27 27 68 81 27 81 27 27 81 58 58 68 48 39 68 95 68 67 89 82 27 27 95 81 88 39 1 22 22 22 37 30 22 33 30 38 44 37 64 66 44 44 38 68 61 82 66 93 61 85 30 85 93 79 85 1 7 7 31 7 18 7 16 16 44 31 52 16 44 52 26 7 30 52 60 44 26 44 52 1 18 18 46 31 46 60 46 90 31 82 92 60 48 91 59 60 102 105 66 82 92 98 90 59 59 48 66 94 98 94 91 59 82 1 19 19 72 19 64 19 19 74 74 64 19 72 72 84 95 83 74 83 78 19 19 30 85 95 94 50 85 84 90 50 1 34 34 34 45 52 61 45 69 77 77 69 90 77 34 93 84 45 93 86 34 91 89 34 ]

LatestStartDayForActivity: [ 1 89 89 89 89 89 89 89 89 89 89 89 89 89 89 89 89 89 89 1 66 66 66 66 66 66 66 66 66 66 66 66 66 1 78 78 78 78 78 78 78 78 78 78 78 78 78 78 78 78 78 78 78 1 89 89 89 89 89 89 89 89 89 89 89 89 89 89 89 89 89 1 107 107 107 107 107 107 107 107 107 107 107 107 107 107 107 107 107 107 107 107 107 107 107 107 107 107 107 1 106 106 106 106 106 106 106 106 106 106 106 106 106 106 106 106 106 106 106 106 106 106 106 106 106 106 106 106 1 74 74 74 74 74 74 74 74 74 74 74 74 74 74 74 74 74 74 74 74 74 74 74 1 116 116 116 116 116 116 116 116 116 116 116 116 116 116 116 116 116 116 116 116 116 116 116 116 116 116 116 116 116 116 116 116 116 1 108 108 108 108 108 108 108 108 108 108 108 108 108 108 108 108 108 108 108 108 108 108 108 108 108 108 108 108 108 108 1 103 103 103 103 103 103 103 103 103 103 103 103 103 103 103 103 103 103 103 103 103 103 103 ]

EquipmentTypeDemandInActivityWithMode: [
0	1	
0	1	
1	3	
1	3	
2	4	
2	4	
1	3	
0	1	
1	3	
0	1	
1	3	
0	1	
0	1	
0	1	
0	1	
0	1	
0	1	
1	3	
0	1	
0	1	
2	4	
0	1	
0	1	
0	1	
1	3	
0	1	
0	1	
0	1	
0	1	
0	1	
1	3	
1	3	
0	1	
0	1	
0	1	
0	1	
0	1	
1	3	
1	3	
0	1	
1	3	
1	3	
0	1	
0	1	
0	1	
0	1	
0	1	
1	3	
0	1	
0	1	
0	1	
0	1	
0	1	
0	1	
0	1	
0	1	
0	1	
1	3	
0	1	
0	1	
1	3	
1	3	
1	3	
1	3	
0	1	
1	3	
2	4	
0	1	
1	3	
1	3	
2	4	
0	1	
0	1	
0	1	
1	3	
1	3	
0	1	
0	1	
1	3	
1	3	
0	1	
1	3	
0	1	
1	3	
0	1	
0	1	
0	1	
1	3	
0	1	
2	4	
0	1	
0	1	
2	4	
0	1	
0	1	
0	1	
0	1	
1	3	
0	1	
0	1	
1	3	
1	3	
2	4	
1	3	
0	1	
1	3	
0	1	
1	3	
0	1	
0	1	
1	3	
1	3	
1	3	
0	1	
0	1	
0	1	
1	3	
0	1	
2	4	
2	4	
2	4	
0	1	
2	4	
0	1	
1	3	
0	1	
1	3	
0	1	
0	1	
0	1	
0	1	
1	3	
0	1	
0	1	
1	3	
0	1	
0	1	
0	1	
1	3	
1	3	
0	1	
1	3	
1	3	
1	3	
0	1	
1	3	
0	1	
0	1	
0	1	
1	3	
1	3	
0	1	
0	1	
0	1	
0	1	
0	1	
0	1	
3	6	
0	1	
0	1	
0	1	
3	6	
0	1	
0	1	
0	1	
0	1	
0	1	
0	1	
0	1	
0	1	
1	3	
0	1	
0	1	
2	4	
0	1	
1	3	
0	1	
0	1	
1	3	
0	1	
1	3	
0	1	
0	1	
0	1	
0	1	
0	1	
0	1	
0	1	
0	1	
0	1	
1	3	
0	1	
0	1	
0	1	
0	1	
1	3	
0	1	
0	1	
1	3	
0	1	
1	3	
0	1	
0	1	
0	1	
1	3	
0	1	
2	4	
1	3	
0	1	
0	1	
0	1	
2	4	
2	4	
0	1	
0	1	
0	1	
0	1	
0	1	
0	1	
1	3	
0	1	
0	1	
1	3	
0	1	
0	1	
0	1	
0	1	
0	1	
0	1	
1	3	
1	3	
0	1	
0	1	
1	3	
1	3	
0	1	
0	1	
2	4	
2	4	
1	3	
0	1	

0	1	
0	1	
0	1	
1	3	
0	1	
0	1	
1	3	
0	1	
1	3	
0	1	
0	1	
2	4	
0	1	
0	1	
0	1	
1	3	
1	3	
1	3	
1	3	
0	1	
0	1	
0	1	
0	1	
0	1	
1	3	
0	1	
0	1	
0	1	
0	1	
1	3	
0	1	
0	1	
0	1	
0	1	
0	1	
1	3	
1	3	
0	1	
0	1	
0	1	
0	1	
1	3	
0	1	
0	1	
1	3	
0	1	
1	3	
0	1	
0	1	
1	3	
1	3	
0	1	
1	3	
0	1	
0	1	
1	3	
0	1	
1	3	
0	1	
1	3	
0	1	
0	1	
0	1	
0	1	
0	1	
1	3	
1	3	
1	3	
1	3	
0	1	
1	3	
0	1	
0	1	
0	1	
1	3	
2	4	
2	4	
0	1	
0	1	
1	3	
0	1	
1	3	
1	3	
0	1	
1	3	
1	3	
2	4	
0	1	
1	3	
2	4	
0	1	
0	1	
1	3	
1	3	
0	1	
1	3	
3	6	
0	1	
0	1	
0	1	
0	1	
0	1	
1	3	
3	6	
0	1	
0	1	
0	1	
2	4	
1	3	
0	1	
0	1	
0	1	
2	4	
0	1	
1	3	
0	1	
0	1	
0	1	
0	1	
1	3	
0	1	
1	3	
1	3	
1	3	
0	1	
1	3	
1	3	
0	1	
0	1	
0	1	
0	1	
1	3	
0	1	
0	1	
0	1	
0	1	
1	3	
0	1	
0	1	
0	1	
0	1	
0	1	
0	1	
1	3	
0	1	
1	3	
0	1	
1	3	
0	1	
0	1	
0	1	
0	1	
0	1	
0	1	
1	3	
0	1	
1	3	
0	1	
0	1	
0	1	
0	1	
2	4	
0	1	
0	1	
0	1	
0	1	
0	1	
0	1	
0	1	
1	3	
0	1	
0	1	
1	3	
0	1	
0	1	
0	1	
1	3	
0	1	
1	3	
0	1	
0	1	
0	1	
1	3	
0	1	
0	1	
0	1	
0	1	
0	1	
2	4	
1	3	
0	1	
0	1	
2	4	
0	1	
1	3	
0	1	
0	1	
0	1	
0	1	
0	1	
2	4	
0	1	
0	1	
0	1	
0	1	
0	1	
1	3	
0	1	
0	1	
1	3	
0	1	
0	1	
1	3	
1	3	
0	1	
0	1	
1	3	
0	1	
2	4	
2	4	
0	1	
0	1	
0	1	
1	3	
1	3	
0	1	
1	3	
0	1	
1	3	
0	1	
0	1	
0	1	
0	1	
1	3	
0	1	
0	1	
1	3	
1	3	
0	1	
0	1	
1	3	

0	1	
1	3	
0	1	
0	1	
1	3	
0	1	
0	1	
0	1	
0	1	
0	1	
0	1	
0	1	
1	3	
1	3	
0	1	
2	4	
1	3	
0	1	
0	1	
0	1	
0	1	
2	4	
1	3	
0	1	
0	1	
2	4	
0	1	
0	1	
0	1	
1	3	
0	1	
0	1	
1	3	
0	1	
0	1	
0	1	
1	3	
0	1	
1	3	
0	1	
1	3	
1	3	
2	4	
1	3	
0	1	
0	1	
0	1	
0	1	
0	1	
0	1	
0	1	
0	1	
0	1	
0	1	
0	1	
1	3	
0	1	
0	1	
2	4	
0	1	
1	3	
0	1	
1	3	
0	1	
2	4	
0	1	
0	1	
0	1	
0	1	
2	4	
0	1	
0	1	
0	1	
0	1	
0	1	
1	3	
1	3	
0	1	
1	3	
0	1	
1	3	
2	4	
0	1	
0	1	
0	1	
0	1	
1	3	
0	1	
0	1	
1	3	
1	3	
0	1	
0	1	
1	3	
0	1	
0	1	
1	3	
0	1	
0	1	
0	1	
0	1	
0	1	
0	1	
0	1	
0	1	
0	1	
0	1	
0	1	
1	3	
1	3	
0	1	
2	4	
1	3	
1	3	
0	1	
1	3	
1	3	
0	1	
0	1	
0	1	
0	1	
0	1	
1	3	
0	1	
1	3	
0	1	
0	1	
1	3	
0	1	
0	1	
1	3	
0	1	
0	1	
1	3	
0	1	
0	1	
0	1	
0	1	
0	1	
1	3	
0	1	
1	3	
1	3	
0	1	
0	1	
0	1	
0	1	
0	1	
0	1	
0	1	
1	3	
1	3	
0	1	
0	1	
1	3	
0	1	
0	1	
0	1	
0	1	
0	1	
1	3	
0	1	
1	3	
0	1	
1	3	
0	1	
0	1	
1	3	
0	1	
0	1	
0	1	
1	3	
0	1	
1	3	
1	3	
1	3	
0	1	
0	1	
0	1	
1	3	
0	1	
1	3	
0	1	
0	1	
1	3	
1	3	
0	1	
0	1	
0	1	
0	1	
1	3	
0	1	
0	1	
2	4	
0	1	
0	1	
1	3	
2	4	
0	1	
0	1	
0	1	
0	1	
0	1	
0	1	
1	3	
1	3	
1	3	
1	3	
0	1	
0	1	
1	3	
1	3	
0	1	
0	1	
0	1	
0	1	
0	1	
0	1	
0	1	
1	3	
1	3	
1	3	
1	3	
0	1	
0	1	
1	3	
0	1	
1	3	
1	3	
1	3	
1	3	
1	3	
0	1	
1	3	
0	1	
1	3	
1	3	
0	1	
0	1	
0	1	
1	3	

0	1	
1	3	
1	3	
0	1	
0	1	
0	1	
1	3	
0	1	
2	4	
0	1	
1	3	
0	1	
1	3	
1	3	
1	3	
0	1	
0	1	
1	3	
1	3	
0	1	
0	1	
1	3	
0	1	
0	1	
0	1	
2	4	
0	1	
0	1	
0	1	
0	1	
3	6	
1	3	
1	3	
0	1	
0	1	
0	1	
1	3	
0	1	
0	1	
0	1	
1	3	
0	1	
0	1	
1	3	
0	1	
0	1	
0	1	
1	3	
0	1	
1	3	
0	1	
0	1	
0	1	
0	1	
0	1	
1	3	
0	1	
0	1	
1	3	
0	1	
1	3	
1	3	
0	1	
0	1	
0	1	
1	3	
1	3	
0	1	
0	1	
0	1	
0	1	
0	1	
0	1	
1	3	
0	1	
0	1	
0	1	
1	3	
1	3	
0	1	
0	1	
0	1	
0	1	
1	3	
0	1	
1	3	
1	3	
0	1	
1	3	
1	3	
0	1	
0	1	
1	3	
1	3	
0	1	
0	1	
1	3	
1	3	
0	1	
0	1	
1	3	
0	1	
0	1	
1	3	
0	1	
0	1	
0	1	
1	3	
1	3	
1	3	
0	1	
0	1	
1	3	
2	4	
0	1	
0	1	
0	1	
1	3	
0	1	
1	3	
1	3	
0	1	
1	3	
0	1	
0	1	
0	1	
0	1	
0	1	
0	1	
1	3	
1	3	
1	3	
1	3	
0	1	
2	4	
1	3	
0	1	
0	1	
0	1	
0	1	
0	1	
0	1	
1	3	
0	1	
0	1	
1	3	
1	3	
0	1	
0	1	
0	1	
1	3	
0	1	
0	1	
1	3	
1	3	
1	3	
1	3	
1	3	
2	4	
0	1	
0	1	
0	1	
0	1	
0	1	
2	4	
0	1	
0	1	
1	3	
0	1	
0	1	
0	1	
0	1	
0	1	
0	1	
1	3	
1	3	
0	1	
0	1	
1	3	
1	3	
1	3	
0	1	
1	3	
0	1	
1	3	
1	3	
0	1	
1	3	
0	1	
0	1	
0	1	
0	1	
0	1	
0	1	
1	3	
1	3	
1	3	
1	3	
1	3	
1	3	
0	1	
0	1	
0	1	
0	1	
0	1	
0	1	
1	3	
0	1	
0	1	
0	1	
1	3	
0	1	
1	3	
0	1	
1	3	
0	1	
0	1	
0	1	
0	1	
0	1	
0	1	
0	1	
1	3	
0	1	
1	3	
1	3	
0	1	
0	1	
0	1	
1	3	
0	1	
1	3	
1	3	
0	1	
0	1	
0	1	
1	3	
1	3	
0	1	
0	1	
1	3	

0	1	
0	1	
0	1	
0	1	
0	1	
0	1	
0	1	
0	1	
0	1	
2	4	
0	1	
1	3	
1	3	
0	1	
0	1	
0	1	
0	1	
0	1	
0	1	
0	1	
0	1	
0	1	
0	1	
0	1	
0	1	
0	1	
0	1	
0	1	
1	3	
1	3	
1	3	
2	4	
0	1	
0	1	
0	1	
0	1	
0	1	
0	1	
0	1	
1	3	
0	1	
0	1	
1	3	
1	3	
0	1	
1	3	
0	1	
1	3	
0	1	
1	3	
0	1	
0	1	
0	1	
0	1	
1	3	
0	1	
1	3	
0	1	
0	1	
0	1	
0	1	
0	1	
0	1	
2	4	
0	1	
1	3	
1	3	
0	1	
1	3	
0	1	
0	1	
0	1	
0	1	
0	1	
1	3	
1	3	
1	3	
0	1	
0	1	
0	1	
1	3	
0	1	
0	1	
1	3	
0	1	
1	3	
0	1	
1	3	
1	3	
0	1	
0	1	
1	3	
1	3	
1	3	
0	1	
0	1	
0	1	
0	1	
1	3	
0	1	
1	3	
0	1	
0	1	
1	3	
0	1	
0	1	
1	3	
0	1	
0	1	
0	1	
1	3	
0	1	
1	3	
0	1	
1	3	
0	1	
1	3	
1	3	
1	3	
0	1	
0	1	
1	3	
0	1	
0	1	
1	3	
0	1	
0	1	
0	1	
0	1	
0	1	
0	1	
0	1	
0	1	
0	1	
1	3	
0	1	
0	1	
0	1	
0	1	
0	1	
0	1	
0	1	
0	1	
0	1	
1	3	
0	1	
0	1	
0	1	
1	3	
1	3	
0	1	
0	1	
0	1	
0	1	
1	3	
0	1	
0	1	
1	3	
0	1	
0	1	
1	3	
0	1	
1	3	
1	3	
0	1	
0	1	
2	4	
0	1	
0	1	
0	1	
0	1	
1	3	
0	1	
0	1	
0	1	
0	1	
0	1	
0	1	
0	1	
0	1	
0	1	
0	1	
1	3	
2	4	
0	1	
0	1	
0	1	
1	3	
0	1	
0	1	
2	4	
0	1	
1	3	
1	3	
0	1	
0	1	
1	3	
1	3	
1	3	
0	1	
0	1	
1	3	
0	1	
0	1	
0	1	
1	3	
0	1	
0	1	
0	1	
0	1	
0	1	
0	1	
0	1	
1	3	
0	1	
0	1	
1	3	
0	1	
0	1	
1	3	
0	1	
1	3	
1	3	
1	3	
0	1	
0	1	
0	1	
1	3	
0	1	
1	3	
0	1	
1	3	
0	1	
1	3	
0	1	
0	1	
1	3	
0	1	
2	4	
0	1	
1	3	

0	1	
0	1	
0	1	
0	1	
0	1	
0	1	
0	1	
0	1	
0	1	
0	1	
0	1	
1	3	
1	3	
0	1	
0	1	
0	1	
0	1	
1	3	
1	3	
0	1	
1	3	
0	1	
0	1	
2	4	
0	1	
0	1	
1	3	
0	1	
0	1	
2	4	
1	3	
1	3	
1	3	
0	1	
0	1	
0	1	
1	3	
0	1	
0	1	
1	3	
2	4	
0	1	
2	4	
1	3	
1	3	
0	1	
1	3	
0	1	
0	1	
0	1	
0	1	
0	1	
0	1	
0	1	
0	1	
0	1	
0	1	
0	1	
0	1	
0	1	
1	3	
0	1	
1	3	
1	3	
0	1	
0	1	
0	1	
0	1	
0	1	
1	3	
0	1	
0	1	
0	1	
0	1	
0	1	
2	4	
0	1	
0	1	
0	1	
0	1	
1	3	
1	3	
0	1	
1	3	
1	3	
0	1	
0	1	
0	1	
1	3	
0	1	
0	1	
0	1	
1	3	
0	1	
0	1	
0	1	
1	3	
0	1	
0	1	
0	1	
0	1	
1	3	
1	3	
0	1	
0	1	
0	1	
0	1	
0	1	
0	1	
1	3	
0	1	
0	1	
0	1	
0	1	
0	1	
1	3	
0	1	
0	1	
1	3	
0	1	
0	1	
0	1	
0	1	
1	3	
1	3	
1	3	
2	4	
0	1	
0	1	
0	1	
0	1	
0	1	
0	1	
0	1	
0	1	
1	3	
1	3	
0	1	
0	1	
1	3	
0	1	
1	3	
0	1	
1	3	
1	3	
0	1	
0	1	
0	1	
0	1	
0	1	
0	1	
0	1	
0	1	
0	1	
1	3	
1	3	
0	1	
0	1	
1	3	
0	1	
1	3	
0	1	
0	1	
1	3	
2	4	
0	1	
0	1	
0	1	
0	1	
0	1	
0	1	
0	1	
0	1	
0	1	
0	1	
1	3	
1	3	
1	3	
0	1	
1	3	
1	3	
0	1	
0	1	
1	3	
0	1	
0	1	
0	1	
0	1	
0	1	
0	1	
1	3	
0	1	
1	3	
0	1	
1	3	
0	1	
0	1	
1	3	
0	1	
1	3	
0	1	
1	3	
2	4	
0	1	
0	1	
1	3	
0	1	
0	1	
1	3	
0	1	
0	1	
0	1	
2	4	
1	3	
0	1	
1	3	
0	1	
0	1	
0	1	
1	3	
0	1	
1	3	
1	3	
0	1	
1	3	
1	3	
0	1	
1	3	
0	1	
0	1	
0	1	
0	1	
0	1	
0	1	
0	1	
0	1	
1	3	
1	3	
1	3	
0	1	
0	1	

]

ExternalEquipmentRentingCost: [
4858	5276	2783	1388	3238	1656	4080	3634	5691	1291	2446	1055	4795	5216	4932	5949	1849	4370	3607	2433	3212	5688	1263	3432	4653	2663	3977	3057	4538	1235	3682	2715	3533	3170	2624	5694	2026	4408	4165	1365	4642	3195	3967	2857	4091	3589	4158	3904	3424	3110	1892	2814	3408	5740	5100	2713	3120	4371	2492	2544	5854	5887	5023	3175	2775	4945	4024	4704	2163	5840	4779	1931	1142	5646	1478	2439	5633	1371	4663	3408	5180	5859	5355	1215	1042	1659	5529	2166	1107	5869	4746	4753	2205	2108	2067	1819	3099	2289	2412	3529	1699	2910	1757	1973	4670	3559	1026	4316	5900	4261	2303	4294	2307	1609	1300	2722	1747	5739	5286	1644	5930	4861	4423	1871	2623	2220	1816	1537	2004	4758	4822	3314	5092	1155	5972	3614	2227	5235	1965	2532	3872	2045	3089	2237	3431	1571	2504	1325	4145	5374	5221	5237	2633	4180	5391	1410	3336	3324	2120	3249	1010	1370	4992	4241	2070	2311	4477	4968	4368	5908	1572	3709	2294	5813	3287	5148	1774	3366	3895	3618	5631	1626	1663	2792	1651	3794	3613	2173	3601	1060	5570	2736	5371	3539	2922	3773	4676	4618	3944	1737	1402	4257	3170	3710	2475	3870	2820	2158	4264	4473	3713	1036	4453	2766	2542	3982	2734	3342	5053	2771	1427	3503	2486	3999	1246	5954	1818	4917	2743	2103	4562	5710	2901	3187	2754	2667	3235	1877	3154	5297	2793	
5815	5230	5902	1791	2662	4565	3864	5387	2376	2565	4788	3613	5516	4158	5557	3175	1662	1436	1776	5190	5945	3481	4904	4166	4891	1381	4014	4677	3652	5132	4555	5203	3645	3943	3151	3857	2077	3742	2124	3276	4800	5592	2023	2623	1022	1508	3614	4909	1508	2258	2804	4585	1563	1106	3317	3897	1059	4095	5769	5052	5487	5192	1850	3903	5117	3354	4948	3328	1434	4944	1592	3396	3260	2394	4163	1607	4475	1388	2752	1822	2919	3227	4991	5923	5161	1343	3279	1703	3890	2417	3705	2166	4400	3018	2272	2944	2928	4831	2539	1526	4031	1477	4454	5555	5472	3752	3792	3546	4386	4855	4734	4501	3411	2276	3049	5701	1388	5885	2311	1696	1573	4360	2960	3191	2609	3853	2110	4077	1846	4793	4956	4625	4132	1501	2253	2426	1452	4879	3208	5849	2319	5343	1543	5272	4279	1472	3555	4541	4800	2663	3465	1853	5224	2225	1395	4937	3295	2407	2151	3098	4697	5098	1686	3827	5169	2699	3533	3118	4238	5235	1447	2535	4545	4303	1525	3154	2427	3836	1222	1739	3516	3402	2649	3651	4985	5043	4278	5334	3323	1479	4501	4117	2710	2050	2089	2926	3216	3709	4332	2923	1329	4121	5204	5077	1467	4016	5193	4067	3671	4142	3382	2762	1759	4109	3851	1318	5182	3096	1611	4348	3399	1653	4890	2613	2374	4119	1802	2568	3100	4692	5508	3632	4302	2040	2029	1079	3859	3313	3830	4784	2892	
3828	1187	2050	4670	5460	1078	4043	4933	2689	5480	2441	4988	1746	5258	4037	4611	3563	2499	4489	4732	4280	4049	3460	2016	3592	3874	5816	5319	4485	1847	4628	3465	2460	5410	5061	4455	5898	5016	4481	3959	4290	1020	5642	2106	1785	3744	4092	1929	2855	3970	4920	2849	2971	4602	2279	3217	5351	4808	4875	1079	5156	3523	1960	3967	5558	5107	2691	3082	3011	5293	3882	1605	3119	4519	2328	5707	2628	4668	5104	5563	1536	2753	4708	2873	4789	1898	3638	3608	3555	1311	2987	2593	3713	5032	3800	4015	1500	1306	1118	1423	5512	4266	3597	2024	3992	2735	1485	3898	3431	2601	4941	4857	1916	5461	3018	2163	5078	3931	3866	2297	3803	2815	1172	4545	2408	5145	2275	4132	5353	5018	2047	5837	1236	2579	1265	3081	1319	2729	1210	4137	3724	1696	5384	4247	3273	5630	5721	1973	4082	1059	1955	5441	2866	1374	3952	1098	2332	3116	2194	5805	3557	2292	1371	2271	5106	2725	2258	1989	5901	2777	3505	3698	2109	2773	4858	2278	2521	5387	4720	3246	4116	4578	4858	4974	5365	5785	5019	5244	4249	3791	2565	2032	1043	1940	2980	1075	3419	5045	2029	4011	2628	3030	2956	4772	3389	4051	5604	4996	2626	2844	4479	5313	5973	2121	1757	2713	3656	1336	3137	2911	1532	2136	3025	5619	1578	5672	3826	5800	4254	1270	2164	2651	2624	1356	5589	1693	2124	3458	4272	1108	5444	
3252	4998	1833	5834	5086	3625	4834	3677	3429	5290	4677	2569	1473	4725	1205	3466	5669	3653	3402	1610	5162	2356	1086	5001	3910	3914	4295	5550	5169	3635	2714	2071	1142	4821	2003	3731	5849	3172	1854	4374	5759	5075	3042	5894	1089	5249	1214	3390	2809	2471	5592	3843	4730	3105	1223	2132	2249	4162	1575	3868	4896	4649	2018	4010	4251	2921	2467	5194	1251	4885	1457	2299	4399	2498	4186	1243	2645	4914	5393	2562	4836	3697	5901	1785	5437	4417	2412	4356	2836	5322	1256	1472	4071	5412	1876	5490	5589	5786	2032	4319	3193	5838	4642	3648	2695	2456	5208	1138	3931	4768	1178	3766	4846	5337	2756	1682	3176	5299	5085	1674	1912	4286	5917	4773	5227	2715	3321	3791	5183	2172	1436	4831	3885	4806	2452	3860	1100	1542	5463	4201	5672	3752	2291	1755	4198	1078	3767	4932	2777	5745	4641	4097	2400	5639	3277	5247	2527	3438	4558	1770	1526	2476	1740	5965	4178	1886	3741	2724	5879	2577	5323	5701	1716	4148	4567	5824	2368	5278	5299	1443	3914	3291	4954	1549	1346	1831	1181	5909	4100	3050	1216	5272	1101	1122	4956	1353	5960	4843	1092	3450	1860	2353	5993	1475	1682	5706	3218	4874	2052	3948	2363	2873	3348	5103	2475	1904	5424	2246	4625	2419	4096	1952	2382	2925	5530	1181	5840	3648	5691	3926	5274	1675	1106	4845	4507	2976	5124	2272	5791	5937	4502	
5581	1833	5808	5545	1091	3187	4190	2970	5430	4270	4677	1952	2072	1789	4843	1516	4077	3732	3182	4416	1359	3211	5615	2113	4331	5132	3087	1537	2903	3032	2610	5755	1753	5366	1355	4734	3552	4524	2924	1624	3235	4477	5497	1437	1125	3104	1438	4738	4848	5875	3792	1803	5796	2458	3832	5715	3241	1417	1049	5929	5789	3667	5623	2840	4074	1262	2280	2280	4907	5618	3569	1760	4664	4908	5909	2226	3396	5414	1429	5115	1216	3446	3980	2088	3917	1812	4989	5253	1397	3194	4497	2507	2888	3278	2490	3225	5464	5464	5559	3886	4771	3686	4931	1658	1039	3624	3095	2541	3152	2907	4535	3146	3414	1804	3980	1249	2199	1583	1101	1881	3119	4135	3172	4059	3596	2634	2652	2245	3660	5444	4903	2997	3107	3447	5327	4069	1098	3516	3703	3031	2537	1087	4866	4376	2520	5183	5514	5267	5898	3964	3379	5927	5273	3325	3036	1312	4097	4725	5418	1317	5191	1577	5425	2541	1205	1273	5354	2749	2993	5457	3827	3363	5736	3932	5423	2484	2086	1972	3138	1246	3026	1752	4892	4299	1125	5206	4695	3901	1936	1000	5933	2683	2334	3272	1113	3236	3774	5129	2239	1756	4580	2906	3472	5599	3753	4680	5818	3777	5735	1807	2534	5764	5383	4315	4811	5747	2744	5520	1211	3491	5497	1198	3426	2988	2569	3789	3743	5813	1680	5452	4265	3271	1868	1510	3407	5936	2368	2918	5054	4699	3465	
4743	5539	2616	3736	3839	1588	4267	2017	2530	2581	1030	2870	1800	4896	2960	4369	1496	5436	1712	5290	2915	1368	4197	1080	2404	2387	2094	4769	3871	3047	4380	2583	1945	2683	5831	3509	2592	1233	1970	3511	3896	3056	5824	1460	5858	5182	5045	2463	4334	1722	5005	4067	5687	5469	1985	2139	2209	1382	2882	1012	2083	2346	4549	1119	5590	1411	1935	1182	5221	5779	5844	5106	2911	5533	5430	3938	3044	1942	5044	5051	4117	4785	5107	5978	2287	2893	2409	3417	5047	4795	1804	1953	3881	5622	5005	5388	1412	2996	5169	3169	1790	1570	3172	5776	1195	2167	3600	1417	1926	5425	2405	2372	3440	2047	2238	3393	5317	4504	1256	2100	4913	5204	4619	5375	4822	4210	5104	3543	2365	4585	1755	3419	1684	2534	5518	3516	3599	4000	5295	3524	5364	3403	5973	3856	1895	1701	5656	4062	2458	3586	5278	5095	3705	4668	2206	3347	5014	3891	3372	3419	1100	3426	4582	1047	3963	2778	5487	1164	2635	5359	4353	3134	2986	2382	1489	3914	3600	4988	4614	4897	4026	5827	2861	2947	1303	4926	4864	5702	3740	1966	3477	4805	1951	1902	1059	3200	1858	2328	4016	3050	2877	5738	1936	5758	5434	4057	4200	3314	1529	2731	2056	4783	3226	2362	5656	1279	4627	2497	2764	2795	4261	5460	5969	2018	2228	2174	1544	4330	2112	5552	5611	1965	3267	1302	2464	4377	4777	2268	3974	5745	1032	
]

EquipmentTypeTransportationCost: [
1	3836	4726	3813	1000	4660	3446	4368	4272	4639	
3836	1	4480	1000	3789	4191	3919	3986	3799	4199	
4726	4480	1	4396	4749	3623	4758	3863	4036	3589	
3813	1000	4396	1	3751	4201	3904	4001	3823	4239	
1000	3789	4749	3751	1	4561	3450	4331	4307	4598	
4660	4191	3623	4201	4561	1	4692	3844	4005	1000	
3446	3919	4758	3904	3450	4692	1	4393	4273	4644	
4368	3986	3863	4001	4331	3844	4393	1	2991	3844	
4272	3799	4036	3823	4307	4005	4273	2991	1	3991	
4639	4199	3589	4239	4598	1000	4644	3844	3991	1	

1	4050	5121	4108	1000	5000	3743	4808	4664	4917	
4050	1	4776	1000	4147	4594	4270	4237	4103	4662	
5121	4776	1	4829	5212	3871	5170	4111	4348	3899	
4108	1000	4829	1	4091	4642	4219	4248	4144	4617	
1000	4147	5212	4091	1	5086	3719	4775	4623	5046	
5000	4594	3871	4642	5086	1	5091	4139	4330	1000	
3743	4270	5170	4219	3719	5091	1	4841	4539	5131	
4808	4237	4111	4248	4775	4139	4841	1	3200	4205	
4664	4103	4348	4144	4623	4330	4539	3200	1	4330	
4917	4662	3899	4617	5046	1000	5131	4205	4330	1	

1	3384	4253	3405	1000	4129	3130	3965	3860	4205	
3384	1	3951	1000	3474	3849	3556	3526	3442	3873	
4253	3951	1	3966	4178	3291	4213	3524	3624	3301	
3405	1000	3966	1	3400	3877	3501	3567	3517	3821	
1000	3474	4178	3400	1	4101	3127	4009	3764	4135	
4129	3849	3291	3877	4101	1	4220	3495	3596	1000	
3130	3556	4213	3501	3127	4220	1	3959	3808	4232	
3965	3526	3524	3567	4009	3495	3959	1	2716	3495	
3860	3442	3624	3517	3764	3596	3808	2716	1	3572	
4205	3873	3301	3821	4135	1000	4232	3495	3572	1	

1	4220	5310	4215	1000	5101	3837	4939	4808	5248	
4220	1	4984	1000	4200	4709	4351	4412	4291	4737	
5310	4984	1	4889	5332	4051	5259	4333	4470	4024	
4215	1000	4889	1	4278	4816	4355	4437	4224	4718	
1000	4200	5332	4278	1	5234	3779	4826	4774	5138	
5101	4709	4051	4816	5234	1	5262	4386	4425	1000	
3837	4351	5259	4355	3779	5262	1	4850	4675	5189	
4939	4412	4333	4437	4826	4386	4850	1	3295	4261	
4808	4291	4470	4224	4774	4425	4675	3295	1	4463	
5248	4737	4024	4718	5138	1000	5189	4261	4463	1	

1	3750	4678	3742	1000	4532	3439	4383	4165	4509	
3750	1	4350	1000	3704	4180	3864	3972	3743	4203	
4678	4350	1	4339	4699	3489	4714	3749	3952	3612	
3742	1000	4339	1	3746	4159	3876	3959	3744	4134	
1000	3704	4699	3746	1	4567	3437	4310	4232	4544	
4532	4180	3489	4159	4567	1	4605	3825	3881	1000	
3439	3864	4714	3876	3437	4605	1	4324	4246	4561	
4383	3972	3749	3959	4310	3825	4324	1	2924	3771	
4165	3743	3952	3744	4232	3881	4246	2924	1	3928	
4509	4203	3612	4134	4544	1000	4561	3771	3928	1	

1	3518	4300	3488	1000	4292	3265	4133	3976	4244	
3518	1	4035	1000	3529	4021	3554	3654	3581	3928	
4300	4035	1	4096	4345	3361	4389	3580	3699	3341	
3488	1000	4096	1	3508	3849	3585	3714	3540	3879	
1000	3529	4345	3508	1	4278	3256	4051	4004	4272	
4292	4021	3361	3849	4278	1	4272	3643	3630	1000	
3265	3554	4389	3585	3256	4272	1	3988	3935	4249	
4133	3654	3580	3714	4051	3643	3988	1	2787	3543	
3976	3581	3699	3540	4004	3630	3935	2787	1	3674	
4244	3928	3341	3879	4272	1000	4249	3543	3674	1	

]

TransportationTimeForEquipmentTypeBetweenProjects: [
1	1	5	1	1	5	1	3	3	5	
1	1	3	1	1	3	1	1	1	3	
5	3	1	3	5	1	5	1	3	1	
1	1	3	1	1	3	1	1	1	3	
1	1	5	1	1	5	1	3	3	5	
5	3	1	3	5	1	5	1	1	1	
1	1	5	1	1	5	1	3	3	5	
3	1	1	1	3	1	3	1	1	1	
3	1	3	1	3	1	3	1	1	1	
5	3	1	3	5	1	5	1	1	1	

1	1	6	1	1	6	1	3	3	6	
1	1	3	1	1	3	1	1	1	3	
6	3	1	3	6	1	6	1	3	1	
1	1	3	1	1	3	1	1	1	3	
1	1	6	1	1	6	1	3	3	6	
6	3	1	3	6	1	6	1	1	1	
1	1	6	1	1	6	1	3	3	6	
3	1	1	1	3	1	3	1	1	1	
3	1	3	1	3	1	3	1	1	1	
6	3	1	3	6	1	6	1	1	1	

1	1	5	1	1	5	1	3	3	5	
1	1	3	1	1	3	1	1	1	3	
5	3	1	3	5	1	5	1	3	1	
1	1	3	1	1	3	1	1	1	3	
1	1	5	1	1	5	1	3	3	5	
5	3	1	3	5	1	5	1	1	1	
1	1	5	1	1	5	1	3	3	5	
3	1	1	1	3	1	3	1	1	1	
3	1	3	1	3	1	3	1	1	1	
5	3	1	3	5	1	5	1	1	1	

1	1	5	1	1	5	1	3	3	5	
1	1	3	1	1	3	1	1	1	3	
5	3	1	3	5	1	5	1	3	1	
1	1	3	1	1	3	1	1	1	3	
1	1	5	1	1	5	1	3	3	5	
5	3	1	3	5	1	5	1	1	1	
1	1	5	1	1	5	1	3	3	5	
3	1	1	1	3	1	3	1	1	1	
3	1	3	1	3	1	3	1	1	1	
5	3	1	3	5	1	5	1	1	1	

1	1	5	1	1	5	1	3	3	5	
1	1	3	1	1	3	1	1	1	3	
5	3	1	3	5	1	5	1	3	1	
1	1	3	1	1	3	1	1	1	3	
1	1	5	1	1	5	1	3	3	5	
5	3	1	3	5	1	5	1	1	1	
1	1	5	1	1	5	1	3	3	5	
3	1	1	1	3	1	3	1	1	1	
3	1	3	1	3	1	3	1	1	1	
5	3	1	3	5	1	5	1	1	1	

1	1	5	1	1	5	1	3	3	5	
1	1	3	1	1	3	1	1	1	3	
5	3	1	3	5	1	5	1	3	1	
1	1	3	1	1	3	1	1	1	3	
1	1	5	1	1	5	1	3	3	5	
5	3	1	3	5	1	5	1	1	1	
1	1	5	1	1	5	1	3	3	5	
3	1	1	1	3	1	3	1	1	1	
3	1	3	1	3	1	3	1	1	1	
5	3	1	3	5	1	5	1	1	1	

]

TotalNumberOfInitialEquipmentTypeLocation: [
(1 1) 1 (1 20) 2 (1 129) 1 (1 153) 1 (1 187) 1 (1 218) 2 
(2 1) 3 (2 20) 1 (2 72) 1 (2 129) 1 (2 218) 2 
(3 1) 1 (3 54) 1 (3 100) 1 (3 129) 1 (3 187) 1 (3 218) 1 
(4 34) 4 (4 54) 1 (4 129) 1 
(5 1) 1 (5 20) 1 (5 34) 1 (5 100) 1 (5 129) 1 (5 153) 1 
(6 20) 2 (6 54) 2 (6 100) 1 (6 153) 1 
]

DepotActivities: [ 1 20 34 54 72 100 129 153 187 218 ]

MaximalStintCliques: [
[ 2 29 74 101 110 119 1 100 73 109 118 28 39 57 12 84 ]
[ 2 29 74 101 110 119 1 100 73 109 118 28 40 58 13 85 ]
[ 2 29 74 101 110 119 3 102 75 111 120 30 41 59 14 86 ]
[ 2 29 74 101 110 119 3 102 75 111 120 30 42 87 60 15 ]
[ 4 31 76 103 112 121 122 5 104 77 113 32 45 90 18 63 ]
[ 4 31 76 103 112 121 122 5 104 77 113 32 46 19 91 64 ]
[ 4 31 76 103 112 121 3 102 75 111 30 120 43 61 16 88 ]
[ 4 31 76 103 112 121 3 102 75 111 30 120 44 17 89 62 ]
[ 5 32 77 104 113 122 33 6 105 78 114 123 65 92 20 47 ]
[ 5 32 77 104 113 122 33 6 105 78 114 123 66 21 93 48 ]
[ 6 33 78 105 114 123 34 7 106 79 115 124 67 49 22 94 ]
[ 6 33 78 105 114 123 34 7 106 79 115 124 68 50 95 23 ]
[ 7 34 79 106 115 124 97 35 70 8 107 80 25 116 52 125 ]
[ 7 34 79 106 115 124 35 8 107 80 116 125 51 69 24 96 ]
[ 8 35 80 107 116 125 98 36 71 9 108 81 26 117 53 126 ]
[ 8 35 80 107 116 125 99 36 72 9 108 81 27 54 117 126 ]
[ 10 1 100 37 73 109 82 28 118 55 ]
[ 11 1 100 38 73 109 83 28 118 56 ]
]
