nEmployees: 30
nSkills: 2
nProjects: 10
nDays: 60
nActivities: 128
nEquipmentTypes: 4
nStints: 74
nMaxModes: 1
nStintCliques: 9

EmployeeInStintCost: [
12481 12481 12481 12481 12481 12481 12481 12481 9714 42670 42670 42670 36250 16782 21816 21816 21816 21816 21816 21816 21816 21816 18430 17997 17997 17997 17997 17997 17997 17997 17997 15194 20896 20896 20896 20896 20896 20896 20896 20896 17742 39298 39298 39298 32878 15990 39192 39192 39192 32772 10994 16446 16446 16446 16446 16446 16446 16446 16446 13262 36800 36800 36800 34874 16878 9961 9961 9961 9961 9961 9961 9961 9961 7186 
16185 16185 16185 16185 16185 16185 16185 16185 13418 38918 38918 38918 32498 13030 18064 18064 18064 18064 18064 18064 18064 18064 14678 14197 14197 14197 14197 14197 14197 14197 14197 11394 17032 17032 17032 17032 17032 17032 17032 17032 13878 35434 35434 35434 29014 12126 42728 42728 42728 36308 14530 12854 12854 12854 12854 12854 12854 12854 12854 9670 32936 32936 32936 31010 13014 13465 13465 13465 13465 13465 13465 13465 13465 10690 
11097 11097 11097 11097 11097 11097 11097 11097 8186 45126 45126 45126 38226 18086 23264 23264 23264 23264 23264 23264 23264 23264 19734 19509 19509 19509 19509 19509 19509 19509 19509 16562 22560 22560 22560 22560 22560 22560 22560 22560 19262 41970 41970 41970 35070 17510 38680 38680 38680 31780 9330 17894 17894 17894 17894 17894 17894 17894 17894 14566 39232 39232 39232 37162 18494 4140 4140 4140 4140 4140 4140 4140 4140 2070 
8148 8148 8148 8148 8148 8148 8148 8148 6294 45094 45094 45094 38914 19782 24744 24744 24744 24744 24744 24744 24744 24744 21430 21045 21045 21045 21045 21045 21045 21045 21045 18314 24152 24152 24152 24152 24152 24152 24152 24152 21070 42050 42050 42050 35870 19318 16686 16686 16686 10506 1854 19422 19422 19422 19422 19422 19422 19422 19422 16310 39864 39864 39864 38010 20350 10097 10097 10097 10097 10097 10097 10097 10097 7394 
7788 7788 7788 7788 7788 7788 7788 7788 6114 43474 43474 43474 37894 19602 24384 24384 24384 24384 24384 24384 24384 24384 21250 20685 20685 20685 20685 20685 20685 20685 20685 18134 23792 23792 23792 23792 23792 23792 23792 23792 20890 40430 40430 40430 34850 19138 15066 15066 15066 9486 1674 19062 19062 19062 19062 19062 19062 19062 19062 16130 38664 38664 38664 36990 20170 9737 9737 9737 9737 9737 9737 9737 9737 7214 
8220 8220 8220 8220 8220 8220 8220 8220 6330 45418 45418 45418 39118 19818 24816 24816 24816 24816 24816 24816 24816 24816 21466 21117 21117 21117 21117 21117 21117 21117 21117 18350 24224 24224 24224 24224 24224 24224 24224 24224 21106 42374 42374 42374 36074 19354 17010 17010 17010 10710 1890 19494 19494 19494 19494 19494 19494 19494 19494 16346 40104 40104 40104 38214 20386 10169 10169 10169 10169 10169 10169 10169 10169 7430 
15825 15825 15825 15825 15825 15825 15825 15825 13238 37298 37298 37298 31478 12850 17704 17704 17704 17704 17704 17704 17704 17704 14498 13837 13837 13837 13837 13837 13837 13837 13837 11214 16672 16672 16672 16672 16672 16672 16672 16672 13698 33814 33814 33814 27994 11946 41108 41108 41108 35288 14350 12494 12494 12494 12494 12494 12494 12494 12494 9490 31736 31736 31736 29990 12834 13105 13105 13105 13105 13105 13105 13105 13105 10510 
20013 20013 20013 20013 20013 20013 20013 20013 17228 34776 34776 34776 28296 8744 13796 13796 13796 13796 13796 13796 13796 13796 10392 10249 10249 10249 10249 10249 10249 10249 10249 7428 13652 13652 13652 13652 13652 13652 13652 13652 10480 32180 32180 32180 25700 8728 46530 46530 46530 40050 18188 12074 12074 12074 12074 12074 12074 12074 12074 8872 30312 30312 30312 28368 10288 17373 17373 17373 17373 17373 17373 17373 17373 14580 
11141 11141 11141 11141 11141 11141 11141 11141 8572 42184 42184 42184 36424 17880 22716 22716 22716 22716 22716 22716 22716 22716 19528 18897 18897 18897 18897 18897 18897 18897 18897 16292 21780 21780 21780 21780 21780 21780 21780 21780 18824 38796 38796 38796 33036 17072 36682 36682 36682 30922 10068 17354 17354 17354 17354 17354 17354 17354 17354 14368 36736 36736 36736 35008 17936 9309 9309 9309 9309 9309 9309 9309 9309 6732 
16365 16365 16365 16365 16365 16365 16365 16365 13508 39728 39728 39728 33008 13120 18244 18244 18244 18244 18244 18244 18244 18244 14768 14377 14377 14377 14377 14377 14377 14377 14377 11484 17212 17212 17212 17212 17212 17212 17212 17212 13968 36244 36244 36244 29524 12216 43538 43538 43538 36818 14620 13034 13034 13034 13034 13034 13034 13034 13034 9760 33536 33536 33536 31520 13104 13645 13645 13645 13645 13645 13645 13645 13645 10780 
14373 14373 14373 14373 14373 14373 14373 14373 11660 39624 39624 39624 33384 14168 19148 19148 19148 19148 19148 19148 19148 19148 15816 15417 15417 15417 15417 15417 15417 15417 15417 12668 18516 18516 18516 18516 18516 18516 18516 18516 15416 36540 36540 36540 30300 13664 40426 40426 40426 34186 12660 13794 13794 13794 13794 13794 13794 13794 13794 10664 34344 34344 34344 32472 14728 11701 11701 11701 11701 11701 11701 11701 11701 8980 
22821 22821 22821 22821 22821 22821 22821 22821 19928 18468 18468 18468 11628 2052 4104 4104 4104 4104 4104 4104 4104 4104 2052 9224 9224 9224 9224 9224 9224 9224 9224 7172 12076 12076 12076 12076 12076 12076 12076 12076 8796 31360 31360 31360 24520 7044 50110 50110 50110 43270 20904 14762 14762 14762 14762 14762 14762 14762 14762 11452 29848 29848 29848 27796 9212 20173 20173 20173 20173 20173 20173 20173 20173 17272 
3456 3456 3456 3456 3456 3456 3456 3456 1728 44736 44736 44736 38976 20432 25268 25268 25268 25268 25268 25268 25268 25268 22080 21553 21553 21553 21553 21553 21553 21553 21553 18948 24628 24628 24628 24628 24628 24628 24628 24628 21672 41644 41644 41644 35884 19920 19992 19992 19992 14232 6168 19930 19930 19930 19930 19930 19930 19930 19930 16944 39712 39712 39712 37984 20912 10453 10453 10453 10453 10453 10453 10453 10453 7876 
11753 11753 11753 11753 11753 11753 11753 11753 8878 44938 44938 44938 38158 18186 23328 23328 23328 23328 23328 23328 23328 23328 19834 19509 19509 19509 19509 19509 19509 19509 19509 16598 22392 22392 22392 22392 22392 22392 22392 22392 19130 41550 41550 41550 34770 17378 39436 39436 39436 32656 10374 17966 17966 17966 17966 17966 17966 17966 17966 14674 38776 38776 38776 36742 18242 9921 9921 9921 9921 9921 9921 9921 9921 7038 
18061 18061 18061 18061 18061 18061 18061 18061 15384 35564 35564 35564 29444 10396 15340 15340 15340 15340 15340 15340 15340 15340 12044 11585 11585 11585 11585 11585 11585 11585 11585 8872 14732 14732 14732 14732 14732 14732 14732 14732 11668 32504 32504 32504 26384 9916 43854 43854 43854 37734 16376 3672 3672 3672 3672 3672 3672 3672 3672 1836 30528 30528 30528 28692 11116 15381 15381 15381 15381 15381 15381 15381 15381 12696 
18457 18457 18457 18457 18457 18457 18457 18457 15582 37346 37346 37346 30566 10594 15736 15736 15736 15736 15736 15736 15736 15736 12242 11981 11981 11981 11981 11981 11981 11981 11981 9070 15128 15128 15128 15128 15128 15128 15128 15128 11866 34286 34286 34286 27506 10114 45636 45636 45636 38856 16574 4068 4068 4068 4068 4068 4068 4068 4068 2034 31848 31848 31848 29814 11314 15777 15777 15777 15777 15777 15777 15777 15777 12894 
22989 22989 22989 22989 22989 22989 22989 22989 20096 35796 35796 35796 28956 8900 14060 14060 14060 14060 14060 14060 14060 14060 10548 10649 10649 10649 10649 10649 10649 10649 10649 7720 9064 9064 9064 9064 9064 9064 9064 9064 7012 23428 23428 23428 16588 7012 50366 50366 50366 43526 21160 15170 15170 15170 15170 15170 15170 15170 15170 11860 13680 13680 13680 11628 2052 20269 20269 20269 20269 20269 20269 20269 20269 17368 
23413 23413 23413 23413 23413 23413 23413 23413 20484 35296 35296 35296 28336 8112 13308 13308 13308 13308 13308 13308 13308 13308 9760 10249 10249 10249 10249 10249 10249 10249 10249 7284 4176 4176 4176 4176 4176 4176 4176 4176 2088 18792 18792 18792 11832 2088 51002 51002 51002 44042 21508 15386 15386 15386 15386 15386 15386 15386 15386 12040 18880 18880 18880 16792 7048 20701 20701 20701 20701 20701 20701 20701 20701 17764 
3492 3492 3492 3492 3492 3492 3492 3492 1746 44898 44898 44898 39078 20450 25304 25304 25304 25304 25304 25304 25304 25304 22098 21589 21589 21589 21589 21589 21589 21589 21589 18966 24664 24664 24664 24664 24664 24664 24664 24664 21690 41806 41806 41806 35986 19938 20154 20154 20154 14334 6186 19966 19966 19966 19966 19966 19966 19966 19966 16962 39832 39832 39832 38086 20930 10489 10489 10489 10489 10489 10489 10489 10489 7894 
14373 14373 14373 14373 14373 14373 14373 14373 11660 39624 39624 39624 33384 14168 19148 19148 19148 19148 19148 19148 19148 19148 15816 15417 15417 15417 15417 15417 15417 15417 15417 12668 18516 18516 18516 18516 18516 18516 18516 18516 15416 36540 36540 36540 30300 13664 40426 40426 40426 34186 12660 13794 13794 13794 13794 13794 13794 13794 13794 10664 34344 34344 34344 32472 14728 11701 11701 11701 11701 11701 11701 11701 11701 8980 
10845 10845 10845 10845 10845 10845 10845 10845 8060 43992 43992 43992 37512 17960 23012 23012 23012 23012 23012 23012 23012 23012 19608 19257 19257 19257 19257 19257 19257 19257 19257 16436 22308 22308 22308 22308 22308 22308 22308 22308 19136 40836 40836 40836 34356 17384 37546 37546 37546 31066 9204 17642 17642 17642 17642 17642 17642 17642 17642 14440 38392 38392 38392 36448 18368 3888 3888 3888 3888 3888 3888 3888 3888 1944 
21589 21589 21589 21589 21589 21589 21589 21589 18912 21644 21644 21644 15524 6956 8792 8792 8792 8792 8792 8792 8792 8792 6956 3672 3672 3672 3672 3672 3672 3672 3672 1836 11500 11500 11500 11500 11500 11500 11500 11500 8436 29272 29272 29272 23152 6684 47382 47382 47382 41262 19904 13490 13490 13490 13490 13490 13490 13490 13490 10396 27912 27912 27912 26076 8500 18901 18901 18901 18901 18901 18901 18901 18901 16216 
11105 11105 11105 11105 11105 11105 11105 11105 8554 42022 42022 42022 36322 17862 22680 22680 22680 22680 22680 22680 22680 22680 19510 18861 18861 18861 18861 18861 18861 18861 18861 16274 21744 21744 21744 21744 21744 21744 21744 21744 18806 38634 38634 38634 32934 17054 36520 36520 36520 30820 10050 17318 17318 17318 17318 17318 17318 17318 17318 14350 36616 36616 36616 34906 17918 9273 9273 9273 9273 9273 9273 9273 9273 6714 
22317 22317 22317 22317 22317 22317 22317 22317 19676 16200 16200 16200 10200 1800 3600 3600 3600 3600 3600 3600 3600 3600 1800 8720 8720 8720 8720 8720 8720 8720 8720 6920 11572 11572 11572 11572 11572 11572 11572 11572 8544 29092 29092 29092 23092 6792 47842 47842 47842 41842 20652 14258 14258 14258 14258 14258 14258 14258 14258 11200 28168 28168 28168 26368 8960 19669 19669 19669 19669 19669 19669 19669 19669 17020 
19257 19257 19257 19257 19257 19257 19257 19257 16598 34210 34210 34210 28150 9186 14112 14112 14112 14112 14112 14112 14112 14112 10834 10317 10317 10317 10317 10317 10317 10317 10317 7622 13488 13488 13488 13488 13488 13488 13488 13488 10442 31134 31134 31134 25074 8690 44924 44924 44924 38864 17590 11158 11158 11158 11158 11158 11158 11158 11158 8082 29288 29288 29288 27470 9978 16569 16569 16569 16569 16569 16569 16569 16569 13902 
16081 16081 16081 16081 16081 16081 16081 16081 13242 39582 39582 39582 32922 13118 18224 18224 18224 18224 18224 18224 18224 18224 14766 14397 14397 14397 14397 14397 14397 14397 14397 11522 17328 17328 17328 17328 17328 17328 17328 17328 14102 36234 36234 36234 29574 12350 43088 43088 43088 36428 14314 12902 12902 12902 12902 12902 12902 12902 12902 9646 33632 33632 33632 31634 13302 13361 13361 13361 13361 13361 13361 13361 13361 10514 
20293 20293 20293 20293 20293 20293 20293 20293 17688 33772 33772 33772 27892 9180 14052 14052 14052 14052 14052 14052 14052 14052 10828 10129 10129 10129 10129 10129 10129 10129 10129 7488 12316 12316 12316 12316 12316 12316 12316 12316 9324 29584 29584 29584 23704 7572 45662 45662 45662 39782 18760 12682 12682 12682 12682 12682 12682 12682 12682 9660 27392 27392 27392 25628 8388 17573 17573 17573 17573 17573 17573 17573 17573 14960 
7064 7064 7064 7064 7064 7064 7064 7064 5192 46176 46176 46176 39936 20720 25700 25700 25700 25700 25700 25700 25700 25700 22368 21945 21945 21945 21945 21945 21945 21945 21945 19196 24972 24972 24972 24972 24972 24972 24972 24972 21872 42996 42996 42996 36756 20120 36162 36162 36162 29922 8396 20330 20330 20330 20330 20330 20330 20330 20330 17200 40688 40688 40688 38816 21072 10821 10821 10821 10821 10821 10821 10821 10821 8100 
20941 20941 20941 20941 20941 20941 20941 20941 18012 36688 36688 36688 29728 9504 14700 14700 14700 14700 14700 14700 14700 14700 11152 10777 10777 10777 10777 10777 10777 10777 10777 7812 12964 12964 12964 12964 12964 12964 12964 12964 9648 32500 32500 32500 25540 7896 48578 48578 48578 41618 19084 13330 13330 13330 13330 13330 13330 13330 13330 9984 29552 29552 29552 27464 8712 18221 18221 18221 18221 18221 18221 18221 18221 15284 
10629 10629 10629 10629 10629 10629 10629 10629 7952 43020 43020 43020 36900 17852 22796 22796 22796 22796 22796 22796 22796 22796 19500 19041 19041 19041 19041 19041 19041 19041 19041 16328 22092 22092 22092 22092 22092 22092 22092 22092 19028 39864 39864 39864 33744 17276 36574 36574 36574 30454 9096 17426 17426 17426 17426 17426 17426 17426 17426 14332 37672 37672 37672 35836 18260 3672 3672 3672 3672 3672 3672 3672 3672 1836 
]

ExternalWorkerWithSkillOnStintCost: [
15090 15480 14070 17070 17610 14010 13350 12390 10440 37884 37716 42924 39312 9696 17490 17490 14610 15510 16050 15420 16290 17820 13080 13530 14760 15960 16140 15720 16200 12810 16260 11136 14070 14550 16350 13110 16800 17970 15600 17040 11448 36540 48132 37044 46116 10128 41832 48216 47964 46368 13344 17400 16650 15150 17760 12600 15480 12330 15630 10368 31104 40608 29520 40896 10896 16650 12750 14400 12390 13740 15510 15390 12090 10920 
17730 12480 13620 14280 13380 14340 12060 16410 12288 36540 40488 46620 36708 14184 14730 15420 14970 14190 16110 13710 16950 16230 13104 14670 16080 12810 17580 14400 13230 15780 15930 10080 12720 16080 14760 13650 17010 12420 17580 15810 11664 37128 38388 41160 42420 12312 47880 33684 36792 49224 11184 16080 16710 12630 13830 16020 15780 15720 15780 13488 41472 37728 41184 42696 12840 13530 12030 17400 16620 15900 13830 17280 17310 13104 
]

OverlappingStints: [
[ 10 15 24 33 42 47 52 61 66 ]
[ 10 16 25 34 42 47 53 61 67 ]
[ 10 11 17 26 35 42 43 47 48 54 61 62 68 ]
[ 10 11 18 27 36 42 43 47 48 55 62 69 ]
[ 11 12 19 28 37 43 44 48 49 56 62 63 70 ]
[ 11 12 20 29 38 43 44 48 49 57 63 71 ]
[ 12 13 21 30 39 44 45 49 50 58 63 64 72 ]
[ 12 13 22 31 40 44 45 49 50 59 64 73 ]
[ 13 14 23 32 41 45 46 50 51 60 64 65 74 ]
[ 11 15 16 17 18 24 25 26 27 33 34 35 36 42 43 47 48 52 53 54 55 61 62 66 67 68 69 ]
[ 12 17 18 19 20 26 27 28 29 35 36 37 38 42 43 44 47 48 49 54 55 56 57 61 62 63 68 69 70 71 ]
[ 13 19 20 21 22 28 29 30 31 37 38 39 40 43 44 45 48 49 50 56 57 58 59 62 63 64 70 71 72 73 ]
[ 14 21 22 23 30 31 32 39 40 41 44 45 46 49 50 51 58 59 60 63 64 65 72 73 74 ]
[ 23 32 41 45 46 50 51 60 64 65 74 ]
[ 24 33 42 47 52 61 66 ]
[ 25 34 42 47 53 61 67 ]
[ 26 35 42 43 47 48 54 61 62 68 ]
[ 27 36 42 43 47 48 55 62 69 ]
[ 28 37 43 44 48 49 56 62 63 70 ]
[ 29 38 43 44 48 49 57 63 71 ]
[ 30 39 44 45 49 50 58 63 64 72 ]
[ 31 40 44 45 49 50 59 64 73 ]
[ 32 41 45 46 50 51 60 64 65 74 ]
[ 33 42 47 52 61 66 ]
[ 34 42 47 53 61 67 ]
[ 35 42 43 47 48 54 61 62 68 ]
[ 36 42 43 47 48 55 62 69 ]
[ 37 43 44 48 49 56 62 63 70 ]
[ 38 43 44 48 49 57 63 71 ]
[ 39 44 45 49 50 58 63 64 72 ]
[ 40 44 45 49 50 59 64 73 ]
[ 41 45 46 50 51 60 64 65 74 ]
[ 42 47 52 61 66 ]
[ 42 47 53 61 67 ]
[ 42 43 47 48 54 61 62 68 ]
[ 42 43 47 48 55 62 69 ]
[ 43 44 48 49 56 62 63 70 ]
[ 43 44 48 49 57 63 71 ]
[ 44 45 49 50 58 63 64 72 ]
[ 44 45 49 50 59 64 73 ]
[ 45 46 50 51 60 64 65 74 ]
[ 43 47 48 52 53 54 55 61 62 66 67 68 69 ]
[ 44 47 48 49 54 55 56 57 61 62 63 68 69 70 71 ]
[ 45 48 49 50 56 57 58 59 62 63 64 70 71 72 73 ]
[ 46 49 50 51 58 59 60 63 64 65 72 73 74 ]
[ 50 51 60 64 65 74 ]
[ 48 52 53 54 55 61 62 66 67 68 69 ]
[ 49 54 55 56 57 61 62 63 68 69 70 71 ]
[ 50 56 57 58 59 62 63 64 70 71 72 73 ]
[ 51 58 59 60 63 64 65 72 73 74 ]
[ 60 64 65 74 ]
[ 61 66 ]
[ 61 67 ]
[ 61 62 68 ]
[ 62 69 ]
[ 62 63 70 ]
[ 63 71 ]
[ 63 64 72 ]
[ 64 73 ]
[ 64 65 74 ]
[ 62 66 67 68 ]
[ 63 68 69 70 ]
[ 64 70 71 72 ]
[ 65 72 73 74 ]
[ 74 ]
[ ]
[ ]
[ ]
[ ]
[ ]
[ ]
[ ]
[ ]
[ ]
]

EmployeesWithSkill: [
[ 1 2 3 4 5 6 7 8 9 10 11 12 13 14 15 16 17 18 19 20 21 22 23 24 25 26 27 28 29 30 ]
[ 1 2 3 4 6 7 8 11 12 13 14 15 16 17 18 19 21 25 29 ]
]

SkillDemandInActivityWithMode: [
0	
2	
3	
2	
3	
2	
1	
3	
3	
3	
1	
1	
1	
4	
2	
0	
10	
4	
10	
10	
2	
4	
8	
6	
4	
10	
8	
0	
39	
39	
13	
29	
17	
39	
39	
39	
39	
0	
4	
5	
4	
8	
8	
6	
8	
0	
2	
2	
1	
4	
4	
2	
3	
3	
3	
3	
2	
3	
0	
9	
9	
7	
6	
9	
9	
7	
5	
9	
9	
2	
0	
6	
4	
7	
4	
5	
4	
6	
3	
1	
2	
4	
3	
3	
4	
0	
20	
39	
15	
20	
30	
24	
8	
39	
39	
39	
0	
17	
20	
9	
25	
5	
25	
17	
7	
17	
9	
17	
20	
0	
2	
2	
3	
3	
2	
3	
3	
1	
1	
2	
2	
1	
2	
1	
1	
3	
2	
1	

0	
2	
3	
3	
4	
2	
0	
4	
4	
3	
1	
1	
1	
5	
2	
0	
11	
4	
11	
11	
1	
4	
9	
6	
3	
11	
9	
0	
9	
9	
3	
7	
4	
9	
9	
9	
9	
0	
13	
16	
11	
27	
27	
20	
27	
0	
1	
1	
1	
6	
6	
1	
3	
4	
3	
3	
2	
4	
0	
2	
2	
1	
1	
2	
2	
1	
1	
2	
2	
0	
0	
5	
3	
7	
3	
4	
3	
5	
2	
0	
1	
3	
2	
2	
4	
0	
1	
3	
1	
1	
2	
2	
0	
3	
3	
3	
0	
3	
4	
2	
5	
1	
5	
3	
1	
3	
1	
3	
4	
0	
5	
5	
6	
6	
5	
6	
6	
1	
2	
4	
3	
2	
4	
2	
2	
6	
5	
2	

]

EmployeeAvailability: [
1 1 1 1 1 1 1 1 1 1 1 1 1 1 1 1 1 1 1 1 1 1 1 1 1 1 1 1 1 1 1 1 1 1 1 1 1 1 1 1 1 1 1 1 1 1 1 1 1 1 1 1 1 1 1 1 1 1 1 1 1 1 1 1 1 1 1 1 1 1 1 1 1 1 
1 1 1 1 1 1 1 1 1 1 1 1 1 1 1 1 1 1 1 1 1 1 1 1 1 1 1 1 1 1 1 1 1 1 1 1 1 1 1 1 1 1 1 1 1 1 1 1 1 1 1 1 1 1 1 1 1 1 1 1 1 1 1 1 1 1 1 1 1 1 1 1 1 1 
1 1 1 0 1 1 1 1 1 1 0 1 0 1 1 1 1 0 1 1 1 1 1 1 1 1 0 1 1 1 1 1 1 1 1 0 1 1 1 1 1 1 0 1 0 1 1 0 1 0 1 1 1 1 0 1 1 1 1 1 1 0 1 0 1 1 1 1 0 1 1 1 1 1 
0 1 0 1 1 1 1 0 1 0 0 1 0 1 0 1 0 1 1 1 1 0 1 0 1 0 1 1 1 1 0 1 0 1 0 1 1 1 1 0 1 0 0 1 0 1 0 0 1 0 1 0 1 0 1 1 1 1 0 1 0 0 1 0 1 0 1 0 1 1 1 1 0 1 
0 1 1 1 1 1 1 1 1 0 1 1 1 1 0 1 1 1 1 1 1 1 1 0 1 1 1 1 1 1 1 1 0 1 1 1 1 1 1 1 1 0 1 1 1 1 0 1 1 1 1 0 1 1 1 1 1 1 1 1 0 1 1 1 1 0 1 1 1 1 1 1 1 1 
1 0 1 1 1 1 1 1 1 0 1 1 1 1 1 0 1 1 1 1 1 1 1 1 0 1 1 1 1 1 1 1 1 0 1 1 1 1 1 1 1 0 1 1 1 1 0 1 1 1 1 1 0 1 1 1 1 1 1 1 0 1 1 1 1 1 0 1 1 1 1 1 1 1 
1 1 1 1 1 1 1 1 1 1 1 1 1 1 1 1 1 1 1 1 1 1 1 1 1 1 1 1 1 1 1 1 1 1 1 1 1 1 1 1 1 1 1 1 1 1 1 1 1 1 1 1 1 1 1 1 1 1 1 1 1 1 1 1 1 1 1 1 1 1 1 1 1 1 
1 1 0 1 1 1 1 1 1 1 0 1 1 1 1 1 0 1 1 1 1 1 1 1 1 0 1 1 1 1 1 1 1 1 0 1 1 1 1 1 1 1 0 1 1 1 1 0 1 1 1 1 1 0 1 1 1 1 1 1 1 0 1 1 1 1 1 0 1 1 1 1 1 1 
1 1 1 1 1 1 1 1 1 1 1 1 1 1 1 1 1 1 1 1 1 1 1 1 1 1 1 1 1 1 1 1 1 1 1 1 1 1 1 1 1 1 1 1 1 1 1 1 1 1 1 1 1 1 1 1 1 1 1 1 1 1 1 1 1 1 1 1 1 1 1 1 1 1 
1 1 0 1 1 0 1 1 1 1 0 0 1 1 1 1 0 1 1 0 1 1 1 1 1 0 1 1 0 1 1 1 1 1 0 1 1 0 1 1 1 1 0 0 1 1 1 0 0 1 1 1 1 0 1 1 0 1 1 1 1 0 0 1 1 1 1 0 1 1 0 1 1 1 
1 1 1 0 1 1 1 1 1 0 0 1 1 1 1 1 1 0 1 1 1 1 1 1 1 1 0 1 1 1 1 1 1 1 1 0 1 1 1 1 1 0 0 1 1 1 0 0 1 1 1 1 1 1 0 1 1 1 1 1 1 0 1 1 1 1 1 1 0 1 1 1 1 1 
1 1 0 1 1 1 1 1 1 1 0 1 1 1 1 1 0 1 1 1 1 1 1 1 1 0 1 1 1 1 1 1 1 1 0 1 1 1 1 1 1 1 0 1 1 1 1 0 1 1 1 1 1 0 1 1 1 1 1 1 1 0 1 1 1 1 1 0 1 1 1 1 1 1 
1 1 1 1 1 1 1 1 1 1 1 1 1 1 1 1 1 1 1 1 1 1 1 1 1 1 1 1 1 1 1 1 1 1 1 1 1 1 1 1 1 1 1 1 1 1 1 1 1 1 1 1 1 1 1 1 1 1 1 1 1 1 1 1 1 1 1 1 1 1 1 1 1 1 
1 1 1 0 1 1 1 1 1 0 0 1 1 1 1 1 1 0 1 1 1 1 1 1 1 1 0 1 1 1 1 1 1 1 1 0 1 1 1 1 1 0 0 1 1 1 0 0 1 1 1 1 1 1 0 1 1 1 1 1 0 0 1 1 1 1 1 1 0 1 1 1 1 1 
0 1 0 1 1 1 0 1 1 0 0 1 0 1 0 1 0 1 1 1 0 1 1 0 1 0 1 1 1 0 1 1 0 1 0 1 1 1 0 1 1 0 0 1 0 1 0 0 1 0 1 0 1 0 1 1 1 0 1 1 0 0 1 0 1 0 1 0 1 1 1 0 1 1 
1 1 1 1 1 1 1 1 1 1 1 1 1 1 1 1 1 1 1 1 1 1 1 1 1 1 1 1 1 1 1 1 1 1 1 1 1 1 1 1 1 1 1 1 1 1 1 1 1 1 1 1 1 1 1 1 1 1 1 1 1 1 1 1 1 1 1 1 1 1 1 1 1 1 
1 1 0 1 1 1 1 1 1 1 0 1 1 1 1 1 0 1 1 1 1 1 1 1 1 0 1 1 1 1 1 1 1 1 0 1 1 1 1 1 1 1 0 1 1 1 1 0 1 1 1 1 1 0 1 1 1 1 1 1 1 0 1 1 1 1 1 0 1 1 1 1 1 1 
1 1 1 1 1 1 1 1 1 1 1 1 1 1 1 1 1 1 1 1 1 1 1 1 1 1 1 1 1 1 1 1 1 1 1 1 1 1 1 1 1 1 1 1 1 1 1 1 1 1 1 1 1 1 1 1 1 1 1 1 1 1 1 1 1 1 1 1 1 1 1 1 1 1 
1 1 1 0 0 1 1 1 1 0 0 0 1 1 1 1 1 0 0 1 1 1 1 1 1 1 0 0 1 1 1 1 1 1 1 0 0 1 1 1 1 0 0 0 1 1 0 0 0 1 1 1 1 1 0 0 1 1 1 1 1 0 0 1 1 1 1 1 0 0 1 1 1 1 
1 1 1 1 1 1 1 1 1 1 1 1 1 1 1 1 1 1 1 1 1 1 1 1 1 1 1 1 1 1 1 1 1 1 1 1 1 1 1 1 1 1 1 1 1 1 1 1 1 1 1 1 1 1 1 1 1 1 1 1 1 1 1 1 1 1 1 1 1 1 1 1 1 1 
1 1 1 1 1 1 1 0 1 1 1 0 0 1 1 1 1 1 1 1 1 0 1 1 1 1 1 1 1 1 0 1 1 1 1 1 1 1 1 0 1 1 1 0 0 1 1 1 0 0 1 1 1 1 1 1 1 1 0 1 1 1 0 0 1 1 1 1 1 1 1 1 0 1 
0 1 1 1 1 1 1 1 1 0 1 1 1 1 0 1 1 1 1 1 1 1 1 0 1 1 1 1 1 1 1 1 0 1 1 1 1 1 1 1 1 0 1 1 1 1 0 1 1 1 1 0 1 1 1 1 1 1 1 1 0 1 1 1 1 0 1 1 1 1 1 1 1 1 
1 1 1 1 1 1 1 1 1 1 1 1 1 1 1 1 1 1 1 1 1 1 1 1 1 1 1 1 1 1 1 1 1 1 1 1 1 1 1 1 1 1 1 1 1 1 1 1 1 1 1 1 1 1 1 1 1 1 1 1 1 1 1 1 1 1 1 1 1 1 1 1 1 1 
1 0 1 1 1 1 1 0 1 0 1 1 0 1 1 0 1 1 1 1 1 0 1 1 0 1 1 1 1 1 0 1 1 0 1 1 1 1 1 0 1 0 1 1 0 1 0 1 1 0 1 1 0 1 1 1 1 1 0 1 0 1 1 0 1 1 0 1 1 1 1 1 0 1 
1 1 1 1 1 1 1 1 1 1 1 1 1 1 1 1 1 1 1 1 1 1 1 1 1 1 1 1 1 1 1 1 1 1 1 1 1 1 1 1 1 1 1 1 1 1 1 1 1 1 1 1 1 1 1 1 1 1 1 1 1 1 1 1 1 1 1 1 1 1 1 1 1 1 
1 1 1 1 1 1 1 1 1 0 1 1 0 1 1 1 1 1 1 1 1 1 1 1 1 1 1 1 1 1 1 1 1 1 1 1 1 1 1 1 1 0 1 1 0 1 0 1 1 0 1 1 1 1 1 1 1 1 1 1 1 1 1 1 1 1 1 1 1 1 1 1 1 1 
1 1 0 1 0 1 1 1 1 1 0 0 1 1 1 1 0 1 0 1 1 1 1 1 1 0 1 0 1 1 1 1 1 1 0 1 0 1 1 1 1 1 0 0 1 1 1 0 0 1 1 1 1 0 1 0 1 1 1 1 1 0 0 1 1 1 1 0 1 0 1 1 1 1 
1 1 1 1 1 1 1 1 1 1 1 1 1 1 1 1 1 1 1 1 1 1 1 1 1 1 1 1 1 1 1 1 1 1 1 1 1 1 1 1 1 1 1 1 1 1 1 1 1 1 1 1 1 1 1 1 1 1 1 1 1 1 1 1 1 1 1 1 1 1 1 1 1 1 
0 1 1 1 0 1 1 1 0 0 1 0 1 0 0 1 1 1 0 1 1 1 0 0 1 1 1 0 1 1 1 0 0 1 1 1 0 1 1 1 0 0 1 0 1 0 0 1 0 1 0 0 1 1 1 0 1 1 1 0 0 1 0 1 0 0 1 1 1 0 1 1 1 0 
1 1 1 1 1 1 1 0 0 1 1 1 0 0 1 1 1 1 1 1 1 0 0 1 1 1 1 1 1 1 0 0 1 1 1 1 1 1 1 0 0 1 1 1 0 0 1 1 1 0 0 1 1 1 1 1 1 1 0 0 1 1 1 0 0 1 1 1 1 1 1 1 0 0 
]

EmployeeWantedInStint: [ (1 55) 1 (3 3) 1 (3 48) 1 (3 54) 1 (3 69) 1 (4 14) 1 (4 24) 1 (4 49) 1 (5 55) 1 (6 6) 1 (7 57) 1 (8 32) 1 (8 44) 1 (10 38) 1 (10 52) 1 (10 72) 1 (11 53) 1 (12 35) 1 (12 48) 1 (13 36) 1 (13 57) 1 (14 11) 1 (14 61) 1 (15 8) 1 (15 12) 1 (15 14) 1 (15 44) 1 (17 14) 1 (17 44) 1 (20 73) 1 (21 21) 1 (21 33) 1 (21 41) 1 (22 70) 1 (23 16) 1 (24 16) 1 (24 22) 1 (24 30) 1 (25 69) 1 (26 10) 1 (26 70) 1 (27 70) 1 (28 45) 1 (29 36) 1 ]

EmployeeWantedViolationCost: [ (1 55) 6000 (3 3) 13000 (3 48) 10000 (3 54) 6000 (3 69) 12000 (4 14) 14000 (4 24) 15000 (4 49) 9000 (5 55) 9000 (6 6) 15000 (7 57) 13000 (8 32) 7000 (8 44) 14000 (10 38) 9000 (10 52) 14000 (10 72) 13000 (11 53) 15000 (12 35) 15000 (12 48) 9000 (13 36) 14000 (13 57) 6000 (14 11) 12000 (14 61) 6000 (15 8) 5000 (15 12) 14000 (15 14) 11000 (15 44) 6000 (17 14) 7000 (17 44) 14000 (20 73) 12000 (21 21) 8000 (21 33) 13000 (21 41) 5000 (22 70) 9000 (23 16) 7000 (24 16) 8000 (24 22) 13000 (24 30) 11000 (25 69) 11000 (26 10) 15000 (26 70) 7000 (27 70) 9000 (28 45) 14000 (29 36) 11000 ]

EmployeesThatShouldNotWorkTogetherWithEmployee: [
[ 24 ]
[ ]
[ 22 ]
[ ]
[ 8 ]
[ 18 ]
[ ]
[ 28 ]
[ ]
[ 24 ]
[ ]
[ ]
[ 14 15 22 27 ]
[ 24 27 ]
[ 20 28 ]
[ ]
[ ]
[ 27 ]
[ 27 ]
[ ]
[ ]
[ ]
[ ]
[ ]
[ 26 ]
[ ]
[ 29 ]
[ ]
[ ]
[ ]
]

ShouldNotWorkTogetherCost: [ (1 24) 99 (3 22) 198 (5 8) 297 (6 18) 198 (8 28) 396 (10 24) 99 (13 14) 99 (13 15) 396 (13 22) 99 (13 27) 297 (14 24) 198 (14 27) 198 (15 20) 99 (15 28) 99 (18 27) 396 (19 27) 99 (25 26) 396 (27 29) 198 ]

ImmediatePredecessorsToActivity: [
[ ]
[ 1 ]
[ 1 ]
[ 2 3 ]
[ 4 ]
[ 4 ]
[ 3 ]
[ 5 ]
[ 3 8 ]
[ 4 ]
[ 1 ]
[ 1 ]
[ 2 11 ]
[ 6 8 ]
[ 12 ]
[ ]
[ 16 ]
[ 16 ]
[ 17 ]
[ 18 ]
[ 16 ]
[ 19 ]
[ 17 18 21 ]
[ 17 22 ]
[ 16 ]
[ 18 19 24 ]
[ 20 21 ]
[ ]
[ 28 ]
[ 28 ]
[ 28 ]
[ 28 ]
[ 29 ]
[ 28 ]
[ 29 ]
[ 32 33 ]
[ 34 36 ]
[ ]
[ 38 ]
[ 38 ]
[ 38 ]
[ 41 ]
[ 40 ]
[ 38 ]
[ 42 ]
[ ]
[ 46 ]
[ 46 ]
[ 47 ]
[ 48 ]
[ 46 ]
[ 50 ]
[ 46 ]
[ 50 51 ]
[ 51 ]
[ 53 ]
[ 54 55 ]
[ 47 51 ]
[ ]
[ 59 ]
[ 59 ]
[ 59 ]
[ 59 ]
[ 59 ]
[ 60 61 62 ]
[ 65 ]
[ 65 ]
[ 67 ]
[ 65 68 ]
[ 61 62 ]
[ ]
[ 71 ]
[ 71 ]
[ 72 ]
[ 71 ]
[ 75 ]
[ 71 ]
[ 74 75 ]
[ 71 ]
[ 71 ]
[ 73 ]
[ 71 ]
[ 74 ]
[ 76 77 ]
[ 73 76 77 83 ]
[ ]
[ 86 ]
[ 86 ]
[ 88 ]
[ 89 ]
[ 87 88 ]
[ 86 ]
[ 86 ]
[ 88 93 ]
[ 92 ]
[ 88 ]
[ ]
[ 97 ]
[ 97 ]
[ 97 ]
[ 100 ]
[ 99 ]
[ 101 ]
[ 101 ]
[ 100 ]
[ 99 ]
[ 97 ]
[ 101 106 ]
[ 97 ]
[ ]
[ 110 ]
[ 110 ]
[ 110 ]
[ 113 ]
[ 110 ]
[ 112 ]
[ 110 ]
[ 113 115 ]
[ 114 115 ]
[ 115 117 ]
[ 118 120 ]
[ 111 117 119 ]
[ 116 ]
[ 112 119 ]
[ 112 120 ]
[ 116 119 ]
[ 111 118 ]
[ 114 117 ]
]

ActivitiesInProject: [
[ 1 2 3 4 5 6 7 8 9 10 11 12 13 14 15 ]
[ 16 17 18 19 20 21 22 23 24 25 26 27 ]
[ 28 29 30 31 32 33 34 35 36 37 ]
[ 38 39 40 41 42 43 44 45 ]
[ 46 47 48 49 50 51 52 53 54 55 56 57 58 ]
[ 59 60 61 62 63 64 65 66 67 68 69 70 ]
[ 71 72 73 74 75 76 77 78 79 80 81 82 83 84 85 ]
[ 86 87 88 89 90 91 92 93 94 95 96 ]
[ 97 98 99 100 101 102 103 104 105 106 107 108 109 ]
[ 110 111 112 113 114 115 116 117 118 119 120 121 122 123 124 125 126 127 128 ]
]

nActivityModes: [ 1 1 1 1 1 1 1 1 1 1 1 1 1 1 1 1 1 1 1 1 1 1 1 1 1 1 1 1 1 1 1 1 1 1 1 1 1 1 1 1 1 1 1 1 1 1 1 1 1 1 1 1 1 1 1 1 1 1 1 1 1 1 1 1 1 1 1 1 1 1 1 1 1 1 1 1 1 1 1 1 1 1 1 1 1 1 1 1 1 1 1 1 1 1 1 1 1 1 1 1 1 1 1 1 1 1 1 1 1 1 1 1 1 1 1 1 1 1 1 1 1 1 1 1 1 1 1 1 ]

ActivitiyDurationWithMode: [
1	
7	
5	
6	
4	
8	
22	
4	
4	
5	
15	
12	
11	
3	
6	
1	
4	
11	
4	
4	
23	
10	
5	
7	
12	
4	
5	
1	
3	
3	
9	
4	
7	
3	
3	
3	
3	
1	
6	
5	
7	
3	
3	
4	
3	
1	
10	
10	
15	
3	
3	
10	
5	
4	
5	
5	
6	
4	
1	
4	
4	
5	
6	
4	
4	
5	
8	
4	
4	
17	
1	
5	
8	
4	
8	
6	
9	
5	
10	
36	
20	
8	
13	
12	
7	
1	
6	
3	
8	
6	
4	
5	
15	
3	
3	
3	
1	
6	
5	
11	
4	
20	
4	
6	
16	
6	
11	
6	
5	
1	
6	
6	
5	
5	
6	
5	
5	
18	
15	
8	
9	
12	
8	
14	
13	
5	
6	
15	
]
StintsInProject: [
[ 1 2 3 4 5 6 7 8 9 ]
[ 10 11 12 13 14 ]
[ 15 16 17 18 19 20 21 22 23 ]
[ 24 25 26 27 28 29 30 31 32 ]
[ 33 34 35 36 37 38 39 40 41 ]
[ 42 43 44 45 46 ]
[ 47 48 49 50 51 ]
[ 52 53 54 55 56 57 58 59 60 ]
[ 61 62 63 64 65 ]
[ 66 67 68 69 70 71 72 73 74 ]
]

WorkingStintsOnDay: [
[ 1 10 15 24 33 42 47 52 61 66 ]
[ 1 10 15 24 33 42 47 52 61 66 ]
[ 1 10 15 24 33 42 47 52 61 66 ]
[ 1 10 15 24 33 42 47 52 61 66 ]
[ 1 10 15 24 33 42 47 52 61 66 ]
[ 10 42 47 61 ]
[ 10 42 47 61 ]
[ 2 10 16 25 34 42 47 53 61 67 ]
[ 2 10 16 25 34 42 47 53 61 67 ]
[ 2 10 16 25 34 42 47 53 61 67 ]
[ 2 10 16 25 34 42 47 53 61 67 ]
[ 2 10 16 25 34 42 47 53 61 67 ]
[ 10 42 47 ]
[ 10 42 47 ]
[ 3 11 17 26 35 43 48 54 62 68 ]
[ 3 11 17 26 35 43 48 54 62 68 ]
[ 3 11 17 26 35 43 48 54 62 68 ]
[ 3 11 17 26 35 43 48 54 62 68 ]
[ 3 11 17 26 35 43 48 54 62 68 ]
[ 11 43 48 62 ]
[ 11 43 48 62 ]
[ 4 11 18 27 36 43 48 55 62 69 ]
[ 4 11 18 27 36 43 48 55 62 69 ]
[ 4 11 18 27 36 43 48 55 62 69 ]
[ 4 11 18 27 36 43 48 55 62 69 ]
[ 4 11 18 27 36 43 48 55 62 69 ]
[ 11 43 48 ]
[ 11 43 48 ]
[ 5 12 19 28 37 44 49 56 63 70 ]
[ 5 12 19 28 37 44 49 56 63 70 ]
[ 5 12 19 28 37 44 49 56 63 70 ]
[ 5 12 19 28 37 44 49 56 63 70 ]
[ 5 12 19 28 37 44 49 56 63 70 ]
[ 12 44 49 63 ]
[ 12 44 49 63 ]
[ 6 12 20 29 38 44 49 57 63 71 ]
[ 6 12 20 29 38 44 49 57 63 71 ]
[ 6 12 20 29 38 44 49 57 63 71 ]
[ 6 12 20 29 38 44 49 57 63 71 ]
[ 6 12 20 29 38 44 49 57 63 71 ]
[ 12 44 49 ]
[ 12 44 49 ]
[ 7 13 21 30 39 45 50 58 64 72 ]
[ 7 13 21 30 39 45 50 58 64 72 ]
[ 7 13 21 30 39 45 50 58 64 72 ]
[ 7 13 21 30 39 45 50 58 64 72 ]
[ 7 13 21 30 39 45 50 58 64 72 ]
[ 13 45 50 64 ]
[ 13 45 50 64 ]
[ 8 13 22 31 40 45 50 59 64 73 ]
[ 8 13 22 31 40 45 50 59 64 73 ]
[ 8 13 22 31 40 45 50 59 64 73 ]
[ 8 13 22 31 40 45 50 59 64 73 ]
[ 8 13 22 31 40 45 50 59 64 73 ]
[ 13 45 50 ]
[ 13 45 50 ]
[ 9 14 23 32 41 46 51 60 65 74 ]
[ 9 14 23 32 41 46 51 60 65 74 ]
[ 9 14 23 32 41 46 51 60 65 74 ]
[ 9 14 23 32 41 46 51 60 65 74 ]
]

ProjectStart: [ 18 10 15 12 15 14 2 4 20 1 ]

ProjectEnd: [ 59 41 40 32 51 47 43 32 56 55 ]

EarliestStartDayForActivity: [ 1 18 18 27 37 37 25 41 47 37 18 18 39 47 34 1 10 10 14 21 10 18 33 28 10 35 33 1 15 15 15 15 18 15 18 27 32 1 12 12 12 23 19 12 26 1 15 15 27 27 15 32 15 32 18 20 38 27 1 14 14 14 14 14 19 23 23 31 35 19 1 2 2 7 2 10 2 11 2 2 10 2 11 16 24 1 4 4 9 19 12 4 4 25 11 9 1 20 20 20 33 25 37 37 33 25 20 37 20 1 1 1 1 6 1 9 1 9 13 9 33 34 16 34 19 34 33 13 ]

LatestStartDayForActivity: [ 1 59 59 59 59 59 59 59 59 59 59 59 59 59 59 1 41 41 41 41 41 41 41 41 41 41 41 1 40 40 40 40 40 40 40 40 40 1 32 32 32 32 32 32 32 1 51 51 51 51 51 51 51 51 51 51 51 51 1 47 47 47 47 47 47 47 47 47 47 47 1 43 43 43 43 43 43 43 43 43 43 43 43 43 43 1 32 32 32 32 32 32 32 32 32 32 1 56 56 56 56 56 56 56 56 56 56 56 56 1 55 55 55 55 55 55 55 55 55 55 55 55 55 55 55 55 55 55 ]

EquipmentTypeDemandInActivityWithMode: [
0	
0	
0	
0	
1	
0	
1	
1	
1	
0	
1	
0	
0	
0	
2	
0	
0	
0	
1	
0	
1	
0	
0	
0	
0	
0	
0	
0	
0	
1	
1	
0	
0	
0	
1	
0	
0	
0	
0	
0	
1	
0	
0	
0	
0	
0	
2	
0	
1	
0	
0	
0	
0	
0	
0	
0	
0	
1	
0	
2	
0	
1	
0	
1	
1	
1	
0	
0	
0	
1	
0	
1	
0	
1	
0	
0	
2	
0	
1	
0	
0	
0	
0	
2	
1	
0	
1	
1	
0	
0	
0	
0	
1	
0	
1	
0	
0	
1	
0	
0	
2	
0	
1	
0	
0	
0	
1	
1	
0	
0	
0	
0	
1	
0	
1	
0	
0	
1	
0	
0	
2	
0	
1	
0	
1	
1	
1	
1	

0	
0	
1	
0	
0	
0	
0	
0	
0	
1	
1	
1	
0	
0	
0	
0	
0	
0	
0	
2	
0	
0	
0	
0	
0	
0	
0	
0	
1	
0	
0	
1	
0	
0	
0	
1	
1	
0	
0	
0	
0	
1	
0	
1	
1	
0	
1	
0	
0	
0	
0	
0	
0	
1	
0	
1	
1	
2	
0	
2	
0	
0	
1	
0	
0	
1	
1	
0	
1	
0	
0	
0	
0	
1	
1	
0	
1	
0	
0	
1	
0	
1	
0	
0	
0	
0	
1	
0	
1	
1	
0	
0	
0	
0	
0	
0	
0	
1	
0	
1	
0	
0	
1	
0	
0	
0	
0	
1	
1	
0	
1	
1	
1	
0	
0	
0	
1	
1	
0	
1	
0	
0	
1	
0	
0	
1	
0	
0	

0	
0	
1	
0	
0	
0	
0	
1	
0	
0	
0	
0	
0	
0	
0	
0	
1	
0	
0	
1	
0	
0	
0	
0	
0	
0	
1	
0	
0	
0	
1	
0	
0	
1	
0	
0	
0	
0	
0	
0	
0	
0	
1	
0	
0	
0	
0	
0	
0	
0	
0	
1	
0	
0	
0	
0	
0	
0	
0	
1	
0	
1	
0	
0	
1	
1	
0	
0	
0	
0	
0	
0	
0	
1	
0	
0	
0	
0	
0	
1	
1	
1	
0	
1	
0	
0	
0	
0	
0	
0	
0	
0	
0	
0	
0	
1	
0	
1	
0	
0	
0	
0	
0	
0	
0	
0	
0	
0	
0	
0	
0	
0	
0	
0	
0	
0	
0	
1	
0	
0	
0	
0	
0	
0	
0	
0	
0	
0	

0	
1	
0	
1	
1	
0	
0	
0	
0	
0	
0	
0	
0	
0	
0	
0	
0	
0	
0	
0	
0	
1	
0	
1	
1	
0	
2	
0	
1	
0	
2	
0	
0	
1	
1	
1	
1	
0	
1	
1	
0	
0	
0	
1	
1	
0	
1	
1	
1	
0	
1	
0	
0	
0	
1	
0	
1	
0	
0	
0	
0	
0	
0	
0	
0	
0	
1	
0	
0	
0	
0	
0	
2	
0	
0	
0	
0	
0	
0	
0	
1	
0	
0	
1	
0	
0	
0	
0	
0	
0	
0	
0	
0	
0	
0	
0	
0	
0	
1	
0	
0	
1	
1	
0	
0	
1	
0	
0	
0	
0	
0	
0	
0	
0	
0	
0	
1	
0	
0	
0	
0	
0	
0	
0	
0	
1	
0	
0	

]

ExternalEquipmentRentingCost: [
3075	2766	1984	3939	4941	1509	4997	3405	5030	4024	3078	1502	1640	3963	2916	2067	1138	1813	1587	4328	1125	5129	4092	5948	1294	1353	3839	4540	1527	2438	2238	3399	5828	5890	2335	3683	4987	1755	2777	1582	4420	5434	3620	2781	5916	1452	1173	1085	3148	4651	2170	3238	4796	2846	5393	2999	3134	2581	4407	2875	1869	3197	2609	3458	3957	2586	2938	2818	5850	2764	4809	2011	2267	3523	3425	5970	4827	5754	1549	4715	2807	5109	2997	2831	3139	3455	3680	1301	5050	1979	2355	5688	4266	4165	5823	1264	5750	2399	2380	1577	5483	3535	5649	5744	2143	2169	2645	5847	1546	5975	4544	5796	1705	5353	1577	5660	3126	1385	1212	3506	1887	2654	2537	2868	4372	1649	3675	5026	
1228	3381	3823	3398	3209	1910	1355	2536	1955	4810	2985	3696	4604	3056	2689	3211	1152	4091	2424	3642	5548	4646	2804	3419	4461	4086	5828	2226	2318	1847	4315	2676	3915	1083	5082	3965	2011	4492	2143	5675	2204	5181	1821	2210	1471	3519	3970	4346	2934	1587	5718	3887	5248	4915	3961	1627	2807	1860	3951	4588	1697	1509	5486	2014	5904	1375	1219	5177	2299	2743	1160	4492	2688	4149	1167	4437	4617	2033	4532	1505	4236	4268	1737	1486	2079	4554	4191	5924	1989	2042	1491	2834	3010	1480	2168	3104	2023	4368	2775	2644	2854	2328	4892	1274	1182	3295	1283	1432	3557	1108	3258	1131	3331	5382	1028	5063	2495	1805	4441	1302	1364	3746	5764	5689	5716	3962	5468	3002	
5934	1315	4485	1881	1447	1260	2762	5829	5789	4381	5118	4302	5791	3237	1724	1278	5289	1678	3816	1484	2705	1225	2762	5209	1327	5558	3960	2957	2236	3628	3592	1607	2513	5736	5379	1719	3438	4496	1614	2818	4632	1442	3974	4441	2716	2358	4179	4853	2361	1876	5482	3021	3191	3210	5290	4641	1440	3475	1543	4760	1965	4467	3901	4411	2401	1274	4601	1836	2299	3367	2847	3009	1903	2035	5478	4258	1593	5335	2596	2135	1652	5836	2683	2736	4433	2040	4826	3623	3594	2374	5296	4922	4014	1479	3394	5618	2680	4269	3326	1130	1217	4104	4370	1394	5457	2387	5114	2564	3834	4421	5488	4954	1835	4449	3093	3774	4200	1107	1545	3294	4589	4297	3335	4304	5350	1044	3435	4587	
2219	2080	4841	1878	5734	5098	4503	2926	2546	5908	2525	1988	5036	1439	4204	1143	3377	1046	3614	4504	4154	3809	1493	5018	1339	4549	1056	5294	1514	3386	5807	1271	5949	2436	3568	2854	3172	3056	1433	3014	2247	4419	4791	4925	5295	1337	3818	4417	4963	1667	2394	1512	1649	5035	3114	2976	4280	5608	2377	1889	1905	3674	3937	1745	3968	5355	3826	2851	5156	1624	1215	3635	4831	4061	3210	3196	5502	3063	3296	4554	3127	1615	2683	4609	1542	4404	5198	5719	5122	1500	3584	4896	1607	3374	5759	2847	1475	3134	5312	5812	5241	5649	4363	5688	5974	4013	5821	5919	2759	1483	4666	3881	5695	1248	2992	4537	5033	3907	5473	1699	3710	1149	4409	2519	5294	4933	5512	1271	
]

EquipmentTypeTransportationCost: [
1	4907	5021	4904	5080	4994	2988	4621	4946	3666	
4907	1	1000	3078	3396	3392	4914	3971	3621	4752	
5021	1000	1	3091	3390	3330	4928	3942	3602	4770	
4904	3078	3091	1	3326	3350	4894	3758	3494	4790	
5080	3396	3390	3326	1	1000	5057	4121	3074	4883	
4994	3392	3330	3350	1000	1	4962	4053	3035	4773	
2988	4914	4928	4894	5057	4962	1	4618	4981	3461	
4621	3971	3942	3758	4121	4053	4618	1	4044	4388	
4946	3621	3602	3494	3074	3035	4981	4044	1	4773	
3666	4752	4770	4790	4883	4773	3461	4388	4773	1	

1	4701	4683	4718	4783	4767	2889	4469	4819	3500	
4701	1	1000	2917	3250	3222	4734	3681	3415	4461	
4683	1000	1	2950	3180	3209	4657	3773	3436	4661	
4718	2917	2950	1	3154	3214	4594	3663	3345	4473	
4783	3250	3180	3154	1	1000	4754	3809	2907	4575	
4767	3222	3209	3214	1000	1	4706	3866	2888	4604	
2889	4734	4657	4594	4754	4706	1	4384	4747	3302	
4469	3681	3773	3663	3809	3866	4384	1	3829	4129	
4819	3415	3436	3345	2907	2888	4747	3829	1	4588	
3500	4461	4661	4473	4575	4604	3302	4129	4588	1	

1	4440	4418	4337	4370	4528	2646	4188	4291	3284	
4440	1	1000	2763	3012	3078	4261	3607	3203	4130	
4418	1000	1	2747	2995	3079	4290	3493	3180	4188	
4337	2763	2747	1	3011	2962	4266	3376	3087	4282	
4370	3012	2995	3011	1	1000	4488	3645	2746	4304	
4528	3078	3079	2962	1000	1	4362	3642	2751	4336	
2646	4261	4290	4266	4488	4362	1	4045	4302	3101	
4188	3607	3493	3376	3645	3642	4045	1	3666	3886	
4291	3203	3180	3087	2746	2751	4302	3666	1	4284	
3284	4130	4188	4282	4304	4336	3101	3886	4284	1	

1	5245	5268	5124	5213	5341	3072	4889	5229	3783	
5245	1	1000	3176	3604	3497	5130	4149	3711	5089	
5268	1000	1	3151	3524	3566	5226	4177	3761	5036	
5124	3176	3151	1	3505	3490	5053	4008	3645	4896	
5213	3604	3524	3505	1	1000	5213	4266	3193	5117	
5341	3497	3566	3490	1000	1	5303	4331	3124	5043	
3072	5130	5226	5053	5213	5303	1	4791	5250	3653	
4889	4149	4177	4008	4266	4331	4791	1	4187	4625	
5229	3711	3761	3645	3193	3124	5250	4187	1	4964	
3783	5089	5036	4896	5117	5043	3653	4625	4964	1	

]

TransportationTimeForEquipmentTypeBetweenProjects: [
1	7	7	7	7	7	1	5	7	1	
7	1	1	1	1	1	7	3	1	5	
7	1	1	1	1	1	7	3	1	5	
7	1	1	1	1	1	7	1	1	5	
7	1	1	1	1	1	7	3	1	7	
7	1	1	1	1	1	7	3	1	7	
1	7	7	7	7	7	1	5	7	1	
5	3	3	1	3	3	5	1	3	3	
7	1	1	1	1	1	7	3	1	5	
1	5	5	5	7	7	1	3	5	1	

1	6	6	6	6	6	1	5	6	1	
6	1	1	1	1	1	6	3	1	5	
6	1	1	1	1	1	6	3	1	5	
6	1	1	1	1	1	6	1	1	5	
6	1	1	1	1	1	6	3	1	6	
6	1	1	1	1	1	6	3	1	6	
1	6	6	6	6	6	1	5	6	1	
5	3	3	1	3	3	5	1	3	3	
6	1	1	1	1	1	6	3	1	5	
1	5	5	5	6	6	1	3	5	1	

1	6	6	6	6	6	1	4	6	1	
6	1	1	1	1	1	6	3	1	4	
6	1	1	1	1	1	6	3	1	4	
6	1	1	1	1	1	6	1	1	4	
6	1	1	1	1	1	6	3	1	6	
6	1	1	1	1	1	6	3	1	6	
1	6	6	6	6	6	1	4	6	1	
4	3	3	1	3	3	4	1	3	3	
6	1	1	1	1	1	6	3	1	4	
1	4	4	4	6	6	1	3	4	1	

1	8	8	8	8	8	1	6	8	1	
8	1	1	1	1	1	8	3	1	6	
8	1	1	1	1	1	8	3	1	6	
8	1	1	1	1	1	8	1	1	6	
8	1	1	1	1	1	8	3	1	8	
8	1	1	1	1	1	8	3	1	8	
1	8	8	8	8	8	1	6	8	1	
6	3	3	1	3	3	6	1	3	3	
8	1	1	1	1	1	8	3	1	6	
1	6	6	6	8	8	1	3	6	1	

]

TotalNumberOfInitialEquipmentTypeLocation: [
(1 1) 1 (1 16) 1 (1 46) 1 (1 59) 2 (1 86) 1 (1 97) 1 
(2 16) 1 (2 38) 1 (2 46) 1 (2 86) 2 
(3 59) 1 (3 71) 1 (3 110) 1 
(4 38) 2 (4 71) 1 (4 97) 2 
]

DepotActivities: [ 1 16 28 38 46 59 71 86 97 110 ]

MaximalStintCliques: [
[ 1 33 66 10 42 47 52 61 15 24 ]
[ 2 34 67 42 10 47 25 53 61 16 ]
[ 7 39 72 12 44 13 45 49 50 21 58 30 63 64 ]
[ 8 40 73 12 44 13 45 49 50 59 22 31 64 ]
[ 9 65 41 74 13 45 14 46 50 51 60 32 23 64 ]
[ 11 43 48 38 6 71 44 12 49 57 20 29 63 ]
[ 11 43 48 62 5 37 70 44 12 49 19 28 63 56 ]
[ 11 43 48 62 10 42 47 3 35 68 17 26 61 54 ]
[ 11 43 48 62 10 42 47 36 4 18 27 69 55 ]
]
