nEmployees: 30
nSkills: 2
nProjects: 10
nDays: 90
nActivities: 177
nEquipmentTypes: 5
nStints: 94
nMaxModes: 2
nStintCliques: 13

EmployeeInStintCost: [
36124 36124 36124 36124 36124 31420 13428 15507 15507 15507 15507 15507 15507 15507 15507 15507 15507 15507 15507 14919 16760 16760 16760 16760 16760 16172 7940 35596 35596 35596 35596 35596 35008 20302 16861 16861 16861 16861 16861 16861 16861 16861 16861 16861 16861 16861 16273 18270 18270 18270 18270 18270 18270 18270 18270 18270 18270 18270 18270 17682 38140 38140 38140 38140 38140 33436 14868 38386 38386 38386 38386 38386 33682 18722 13652 13652 13652 13652 13652 13652 13652 13652 13652 13652 13652 13652 13064 36804 36804 36804 36804 36804 32100 16604 
38230 38230 38230 38230 38230 32902 13818 15975 15975 15975 15975 15975 15975 15975 15975 15975 15975 15975 15975 15309 18320 18320 18320 18320 18320 17654 8330 37156 37156 37156 37156 37156 36490 20692 17329 17329 17329 17329 17329 17329 17329 17329 17329 17329 17329 17329 16663 18738 18738 18738 18738 18738 18738 18738 18738 18738 18738 18738 18738 18072 40246 40246 40246 40246 40246 34918 15258 40492 40492 40492 40492 40492 35164 19112 14120 14120 14120 14120 14120 14120 14120 14120 14120 14120 14120 14120 13454 38910 38910 38910 38910 38910 33582 16994 
34168 34168 34168 34168 34168 29560 11736 3456 3456 3456 3456 3456 3456 3456 3456 3456 3456 3456 3456 2880 29192 29192 29192 29192 29192 28616 13568 30652 30652 30652 30652 30652 30076 15538 12157 12157 12157 12157 12157 12157 12157 12157 12157 12157 12157 12157 11581 13518 13518 13518 13518 13518 13518 13518 13518 13518 13518 13518 13518 12942 20312 20312 20312 20312 20312 15704 7640 33358 33358 33358 33358 33358 28750 13958 3456 3456 3456 3456 3456 3456 3456 3456 3456 3456 3456 3456 2880 31784 31784 31784 31784 31784 27176 11848 
40704 40704 40704 40704 40704 35136 15632 14763 14763 14763 14763 14763 14763 14763 14763 14763 14763 14763 14763 14067 34880 34880 34880 34880 34880 34184 17456 29860 29860 29860 29860 29860 29164 12946 9621 9621 9621 9621 9621 9621 9621 9621 9621 9621 9621 9621 8925 4176 4176 4176 4176 4176 4176 4176 4176 4176 4176 4176 4176 3480 40760 40760 40760 40760 40760 35192 15112 33318 33318 33318 33318 33318 27750 11278 12908 12908 12908 12908 12908 12908 12908 12908 12908 12908 12908 12908 12212 20152 20152 20152 20152 20152 14584 4840 
36568 36568 36568 36568 36568 31768 13608 15699 15699 15699 15699 15699 15699 15699 15699 15699 15699 15699 15699 15099 17800 17800 17800 17800 17800 17200 8800 35956 35956 35956 35956 35956 35356 20482 16981 16981 16981 16981 16981 16981 16981 16981 16981 16981 16981 16981 16381 18430 18430 18430 18430 18430 18430 18430 18430 18430 18430 18430 18430 17830 38504 38504 38504 38504 38504 33704 14968 38806 38806 38806 38806 38806 34006 18878 13844 13844 13844 13844 13844 13844 13844 13844 13844 13844 13844 13844 13244 37216 37216 37216 37216 37216 32416 16752 
35226 35226 35226 35226 35226 30378 12134 13823 13823 13823 13823 13823 13823 13823 13823 13823 13823 13823 13823 13217 27976 27976 27976 27976 27976 27370 11902 33876 33876 33876 33876 33876 33270 18312 15193 15193 15193 15193 15193 15193 15193 15193 15193 15193 15193 15193 14587 16506 16506 16506 16506 16506 16506 16506 16506 16506 16506 16506 16506 15900 37354 37354 37354 37354 37354 32506 13686 36872 36872 36872 36872 36872 32024 16812 11968 11968 11968 11968 11968 11968 11968 11968 11968 11968 11968 11968 11362 35370 35370 35370 35370 35370 30522 14774 
38244 38244 38244 38244 38244 33156 14492 13587 13587 13587 13587 13587 13587 13587 13587 13587 13587 13587 13587 12951 32816 32816 32816 32816 32816 32180 16292 29548 29548 29548 29548 29548 28912 13534 10789 10789 10789 10789 10789 10789 10789 10789 10789 10789 10789 10789 10153 12182 12182 12182 12182 12182 12182 12182 12182 12182 12182 12182 12182 11546 38604 38604 38604 38604 38604 33516 14276 32786 32786 32786 32786 32786 27698 12066 11732 11732 11732 11732 11732 11732 11732 11732 11732 11732 11732 11732 11096 31524 31524 31524 31524 31524 26436 10268 
36310 36310 36310 36310 36310 31558 13482 15535 15535 15535 15535 15535 15535 15535 15535 15535 15535 15535 15535 14941 27160 27160 27160 27160 27160 26566 11266 35660 35660 35660 35660 35660 35066 20276 16689 16689 16689 16689 16689 16689 16689 16689 16689 16689 16689 16689 16095 18178 18178 18178 18178 18178 18178 18178 18178 18178 18178 18178 18178 17584 38110 38110 38110 38110 38110 33358 14706 38436 38436 38436 38436 38436 33684 18640 13680 13680 13680 13680 13680 13680 13680 13680 13680 13680 13680 13680 13086 36862 36862 36862 36862 36862 32110 16530 
35226 35226 35226 35226 35226 30378 12134 13823 13823 13823 13823 13823 13823 13823 13823 13823 13823 13823 13823 13217 27976 27976 27976 27976 27976 27370 11902 33876 33876 33876 33876 33876 33270 18312 15193 15193 15193 15193 15193 15193 15193 15193 15193 15193 15193 15193 14587 16506 16506 16506 16506 16506 16506 16506 16506 16506 16506 16506 16506 15900 37354 37354 37354 37354 37354 32506 13686 36872 36872 36872 36872 36872 32024 16812 11968 11968 11968 11968 11968 11968 11968 11968 11968 11968 11968 11968 11362 35370 35370 35370 35370 35370 30522 14774 
24430 24430 24430 24430 24430 18910 9250 8900 8900 8900 8900 8900 8900 8900 8900 8900 8900 8900 8900 8210 30944 30944 30944 30944 30944 30254 13610 33596 33596 33596 33596 33596 32906 16772 13305 13305 13305 13305 13305 13305 13305 13305 13305 13305 13305 13305 12615 14770 14770 14770 14770 14770 14770 14770 14770 14770 14770 14770 14770 14080 18630 18630 18630 18630 18630 13110 3450 37036 37036 37036 37036 37036 31516 15128 8900 8900 8900 8900 8900 8900 8900 8900 8900 8900 8900 8900 8210 35462 35462 35462 35462 35462 29942 13018 
43988 43988 43988 43988 43988 39092 20764 19787 19787 19787 19787 19787 19787 19787 19787 19787 19787 19787 19787 19175 38752 38752 38752 38752 38752 38140 22588 27844 27844 27844 27844 27844 27232 12190 12085 12085 12085 12085 12085 12085 12085 12085 12085 12085 12085 12085 11473 16070 16070 16070 16070 16070 16070 16070 16070 16070 16070 16070 16070 15458 44124 44124 44124 44124 44124 39228 20324 31218 31218 31218 31218 31218 26322 11026 17932 17932 17932 17932 17932 17932 17932 17932 17932 17932 17932 17932 17320 34628 34628 34628 34628 34628 29732 13900 
39502 39502 39502 39502 39502 34174 15090 14335 14335 14335 14335 14335 14335 14335 14335 14335 14335 14335 14335 13669 33808 33808 33808 33808 33808 33142 16834 30220 30220 30220 30220 30220 29554 13756 9921 9921 9921 9921 9921 9921 9921 9921 9921 9921 9921 9921 9255 11970 11970 11970 11970 11970 11970 11970 11970 11970 11970 11970 11970 11304 39406 39406 39406 39406 39406 34078 14418 33356 33356 33356 33356 33356 28028 11976 12480 12480 12480 12480 12480 12480 12480 12480 12480 12480 12480 12480 11814 32174 32174 32174 32174 32174 26846 10258 
44798 44798 44798 44798 44798 39662 20914 19967 19967 19967 19967 19967 19967 19967 19967 19967 19967 19967 19967 19325 39352 39352 39352 39352 39352 38710 22738 28444 28444 28444 28444 28444 27802 12340 12265 12265 12265 12265 12265 12265 12265 12265 12265 12265 12265 12265 11623 16250 16250 16250 16250 16250 16250 16250 16250 16250 16250 16250 16250 15608 44934 44934 44934 44934 44934 39798 20474 32028 32028 32028 32028 32028 26892 11176 18112 18112 18112 18112 18112 18112 18112 18112 18112 18112 18112 18112 17470 35438 35438 35438 35438 35438 30302 14050 
18792 18792 18792 18792 18792 13224 3480 12987 12987 12987 12987 12987 12987 12987 12987 12987 12987 12987 12987 12291 30056 30056 30056 30056 30056 29360 12632 34596 34596 34596 34596 34596 33900 17682 14365 14365 14365 14365 14365 14365 14365 14365 14365 14365 14365 14365 13669 15758 15758 15758 15758 15758 15758 15758 15758 15758 15758 15758 15758 15062 24592 24592 24592 24592 24592 19024 9280 38134 38134 38134 38134 38134 32566 16094 11132 11132 11132 11132 11132 11132 11132 11132 11132 11132 11132 11132 10436 36552 36552 36552 36552 36552 30984 13976 
36406 36406 36406 36406 36406 31654 13578 15663 15663 15663 15663 15663 15663 15663 15663 15663 15663 15663 15663 15069 17680 17680 17680 17680 17680 17086 8770 35836 35836 35836 35836 35836 35242 20452 16945 16945 16945 16945 16945 16945 16945 16945 16945 16945 16945 16945 16351 18394 18394 18394 18394 18394 18394 18394 18394 18394 18394 18394 18394 17800 38342 38342 38342 38342 38342 33590 14938 38644 38644 38644 38644 38644 33892 18848 13808 13808 13808 13808 13808 13808 13808 13808 13808 13808 13808 13808 13214 37054 37054 37054 37054 37054 32302 16722 
22810 22810 22810 22810 22810 17770 8950 8540 8540 8540 8540 8540 8540 8540 8540 8540 8540 8540 8540 7910 29744 29744 29744 29744 29744 29114 13310 32396 32396 32396 32396 32396 31766 16472 12945 12945 12945 12945 12945 12945 12945 12945 12945 12945 12945 12945 12315 14410 14410 14410 14410 14410 14410 14410 14410 14410 14410 14410 14410 13780 17010 17010 17010 17010 17010 11970 3150 35416 35416 35416 35416 35416 30376 14828 8540 8540 8540 8540 8540 8540 8540 8540 8540 8540 8540 8540 7910 33842 33842 33842 33842 33842 28802 12718 
40684 40684 40684 40684 40684 35980 17988 16987 16987 16987 16987 16987 16987 16987 16987 16987 16987 16987 16987 16399 35624 35624 35624 35624 35624 35036 19820 11760 11760 11760 11760 11760 11172 2940 9509 9509 9509 9509 9509 9509 9509 9509 9509 9509 9509 9509 8921 13270 13270 13270 13270 13270 13270 13270 13270 13270 13270 13270 13270 12682 40812 40812 40812 40812 40812 36108 17540 18556 18556 18556 18556 18556 13852 5620 15132 15132 15132 15132 15132 15132 15132 15132 15132 15132 15132 15132 14544 31324 31324 31324 31324 31324 26620 11124 
39732 39732 39732 39732 39732 34452 15452 14547 14547 14547 14547 14547 14547 14547 14547 14547 14547 14547 14547 13887 34160 34160 34160 34160 34160 33500 17276 29140 29140 29140 29140 29140 28480 12766 9405 9405 9405 9405 9405 9405 9405 9405 9405 9405 9405 9405 8745 3960 3960 3960 3960 3960 3960 3960 3960 3960 3960 3960 3960 3300 39788 39788 39788 39788 39788 34508 14932 32346 32346 32346 32346 32346 27066 11098 12692 12692 12692 12692 12692 12692 12692 12692 12692 12692 12692 12692 12032 19180 19180 19180 19180 19180 13900 4660 
37434 37434 37434 37434 37434 32586 14342 13407 13407 13407 13407 13407 13407 13407 13407 13407 13407 13407 13407 12801 32216 32216 32216 32216 32216 31610 16142 28948 28948 28948 28948 28948 28342 13384 10609 10609 10609 10609 10609 10609 10609 10609 10609 10609 10609 10609 10003 12002 12002 12002 12002 12002 12002 12002 12002 12002 12002 12002 12002 11396 37794 37794 37794 37794 37794 32946 14126 31976 31976 31976 31976 31976 27128 11916 11552 11552 11552 11552 11552 11552 11552 11552 11552 11552 11552 11552 10946 30714 30714 30714 30714 30714 25866 10118 
37632 37632 37632 37632 37632 32256 13088 12563 12563 12563 12563 12563 12563 12563 12563 12563 12563 12563 12563 11891 31872 31872 31872 31872 31872 31200 14808 32068 32068 32068 32068 32068 31396 15514 11933 11933 11933 11933 11933 11933 11933 11933 11933 11933 11933 11933 11261 13470 13470 13470 13470 13470 13470 13470 13470 13470 13470 13470 13470 12798 37520 37520 37520 37520 37520 32144 12400 35350 35350 35350 35350 35350 29974 13838 10708 10708 10708 10708 10708 10708 10708 10708 10708 10708 10708 10708 10036 33800 33800 33800 33800 33800 28424 11752 
43996 43996 43996 43996 43996 38716 19716 18795 18795 18795 18795 18795 18795 18795 18795 18795 18795 18795 18795 18135 38432 38432 38432 38432 38432 37772 21548 27580 27580 27580 27580 27580 26920 11206 10909 10909 10909 10909 10909 10909 10909 10909 10909 10909 10909 10909 10249 14998 14998 14998 14998 14998 14998 14998 14998 14998 14998 14998 14998 14338 44076 44076 44076 44076 44076 38796 19220 31122 31122 31122 31122 31122 25842 9874 16940 16940 16940 16940 16940 16940 16940 16940 16940 16940 16940 16940 16280 34588 34588 34588 34588 34588 29308 12804 
38652 38652 38652 38652 38652 33756 15428 14467 14467 14467 14467 14467 14467 14467 14467 14467 14467 14467 14467 13855 33424 33424 33424 33424 33424 32812 17260 27924 27924 27924 27924 27924 27312 12270 9013 9013 9013 9013 9013 9013 9013 9013 9013 9013 9013 9013 8401 5032 5032 5032 5032 5032 5032 5032 5032 5032 5032 5032 5032 4420 38732 38732 38732 38732 38732 33836 14932 30818 30818 30818 30818 30818 25922 10626 12612 12612 12612 12612 12612 12612 12612 12612 12612 12612 12612 12612 12000 16524 16524 16524 16524 16524 11628 3060 
37606 37606 37606 37606 37606 32470 13722 15823 15823 15823 15823 15823 15823 15823 15823 15823 15823 15823 15823 15181 28120 28120 28120 28120 28120 27478 11506 36620 36620 36620 36620 36620 35978 20516 16977 16977 16977 16977 16977 16977 16977 16977 16977 16977 16977 16977 16335 18466 18466 18466 18466 18466 18466 18466 18466 18466 18466 18466 18466 17824 39406 39406 39406 39406 39406 34270 14946 39732 39732 39732 39732 39732 34596 18880 13968 13968 13968 13968 13968 13968 13968 13968 13968 13968 13968 13968 13326 38158 38158 38158 38158 38158 33022 16770 
38902 38902 38902 38902 38902 33382 13962 16111 16111 16111 16111 16111 16111 16111 16111 16111 16111 16111 16111 15421 29080 29080 29080 29080 29080 28390 11746 37580 37580 37580 37580 37580 36890 20756 17265 17265 17265 17265 17265 17265 17265 17265 17265 17265 17265 17265 16575 18754 18754 18754 18754 18754 18754 18754 18754 18754 18754 18754 18754 18064 40702 40702 40702 40702 40702 35182 15186 41028 41028 41028 41028 41028 35508 19120 14256 14256 14256 14256 14256 14256 14256 14256 14256 14256 14256 14256 13566 39454 39454 39454 39454 39454 33934 17010 
39746 39746 39746 39746 39746 34898 16654 15727 15727 15727 15727 15727 15727 15727 15727 15727 15727 15727 15727 15121 34536 34536 34536 34536 34536 33930 18462 27164 27164 27164 27164 27164 26558 11600 3636 3636 3636 3636 3636 3636 3636 3636 3636 3636 3636 3636 3030 11946 11946 11946 11946 11946 11946 11946 11946 11946 11946 11946 11946 11340 39730 39730 39730 39730 39730 34882 16062 29784 29784 29784 29784 29784 24936 9724 13872 13872 13872 13872 13872 13872 13872 13872 13872 13872 13872 13872 13266 30530 30530 30530 30530 30530 25682 9934 
40576 40576 40576 40576 40576 35008 15504 14691 14691 14691 14691 14691 14691 14691 14691 14691 14691 14691 14691 13995 34704 34704 34704 34704 34704 34008 17280 30260 30260 30260 30260 30260 29564 13346 11101 11101 11101 11101 11101 11101 11101 11101 11101 11101 11101 11101 10405 12750 12750 12750 12750 12750 12750 12750 12750 12750 12750 12750 12750 12054 40992 40992 40992 40992 40992 35424 15344 34014 34014 34014 34014 34014 28446 11974 12836 12836 12836 12836 12836 12836 12836 12836 12836 12836 12836 12836 12140 33232 33232 33232 33232 33232 27664 10656 
36036 36036 36036 36036 36036 30948 12284 14003 14003 14003 14003 14003 14003 14003 14003 14003 14003 14003 14003 13367 28576 28576 28576 28576 28576 27940 12052 34476 34476 34476 34476 34476 33840 18462 15373 15373 15373 15373 15373 15373 15373 15373 15373 15373 15373 15373 14737 16686 16686 16686 16686 16686 16686 16686 16686 16686 16686 16686 16686 16050 38164 38164 38164 38164 38164 33076 13836 37682 37682 37682 37682 37682 32594 16962 12148 12148 12148 12148 12148 12148 12148 12148 12148 12148 12148 12148 11512 36180 36180 36180 36180 36180 31092 14924 
37554 37554 37554 37554 37554 32130 12878 15047 15047 15047 15047 15047 15047 15047 15047 15047 15047 15047 15047 14369 13560 13560 13560 13560 13560 12882 3390 36404 36404 36404 36404 36404 35726 19760 16401 16401 16401 16401 16401 16401 16401 16401 16401 16401 16401 16401 15723 17810 17810 17810 17810 17810 17810 17810 17810 17810 17810 17810 17810 17132 39570 39570 39570 39570 39570 34146 14318 39816 39816 39816 39816 39816 34392 18172 13192 13192 13192 13192 13192 13192 13192 13192 13192 13192 13192 13192 12514 38234 38234 38234 38234 38234 32810 16054 
39064 39064 39064 39064 39064 33496 13992 16147 16147 16147 16147 16147 16147 16147 16147 16147 16147 16147 16147 15451 29200 29200 29200 29200 29200 28504 11776 37700 37700 37700 37700 37700 37004 20786 17301 17301 17301 17301 17301 17301 17301 17301 17301 17301 17301 17301 16605 18790 18790 18790 18790 18790 18790 18790 18790 18790 18790 18790 18790 18094 40864 40864 40864 40864 40864 35296 15216 41190 41190 41190 41190 41190 35622 19150 14292 14292 14292 14292 14292 14292 14292 14292 14292 14292 14292 14292 13596 39616 39616 39616 39616 39616 34048 17040 
39988 39988 39988 39988 39988 34516 15180 14443 14443 14443 14443 14443 14443 14443 14443 14443 14443 14443 14443 13759 34168 34168 34168 34168 34168 33484 16924 30580 30580 30580 30580 30580 29896 13846 10029 10029 10029 10029 10029 10029 10029 10029 10029 10029 10029 10029 9345 12078 12078 12078 12078 12078 12078 12078 12078 12078 12078 12078 12078 11394 39892 39892 39892 39892 39892 34420 14508 33842 33842 33842 33842 33842 28370 12066 12588 12588 12588 12588 12588 12588 12588 12588 12588 12588 12588 12588 11904 32660 32660 32660 32660 32660 27188 10348 
]

ExternalWorkerWithSkillOnStintCost: [
45864 45528 46620 34272 48888 39060 18972 17820 12780 13200 12900 15030 12150 15000 12210 16230 13920 12330 16410 14370 29952 37008 33984 31608 31536 30528 20844 29304 32328 38376 40464 43128 34632 21348 13470 16140 13140 17250 16650 14040 16920 17700 17670 13350 12570 14790 15720 16680 14700 14580 13830 15630 12570 17670 17610 12510 17790 12690 14010 15210 36036 46536 35700 37044 36456 37380 21312 42840 40236 48888 36456 46368 49140 18540 14070 17250 17190 16050 12780 14070 16140 13650 13470 14670 16470 14460 15390 34440 47376 49980 40152 47628 47208 16380 
39228 39312 35952 47460 38472 45360 18936 13590 14460 12210 17430 12720 13860 15030 16950 12570 17280 17010 13320 13440 36720 36936 38592 43056 41472 33840 15948 37512 39744 35136 34344 40104 29520 20016 17400 15300 13200 17070 16350 14250 12120 12030 12750 16980 15690 17040 17130 12870 16140 16560 16800 13500 16020 13830 15210 17820 12600 16080 15450 14190 38976 47292 45192 42420 43680 47544 14616 44100 45948 43092 43428 42084 46368 15444 13170 13920 17850 16920 13230 17340 16590 13140 15150 15240 16620 17430 12330 48300 44268 44772 39900 40404 45024 16992 
]

OverlappingStints: [
[ 2 8 9 10 11 21 22 28 29 35 36 37 38 48 49 50 51 61 62 68 69 75 76 77 78 88 89 ]
[ 3 10 11 12 13 21 22 23 28 29 30 37 38 39 40 50 51 52 53 61 62 63 68 69 70 77 78 79 80 88 89 90 ]
[ 4 12 13 14 15 22 23 24 29 30 31 39 40 41 42 52 53 54 55 62 63 64 69 70 71 79 80 81 82 89 90 91 ]
[ 5 14 15 16 17 23 24 25 30 31 32 41 42 43 44 54 55 56 57 63 64 65 70 71 72 81 82 83 84 90 91 92 ]
[ 6 16 17 18 19 24 25 26 31 32 33 43 44 45 46 56 57 58 59 64 65 66 71 72 73 83 84 85 86 91 92 93 ]
[ 7 18 19 20 25 26 27 32 33 34 45 46 47 58 59 60 65 66 67 72 73 74 85 86 87 92 93 94 ]
[ 20 26 27 33 34 47 60 66 67 73 74 87 93 94 ]
[ 21 28 35 48 61 68 75 88 ]
[ 21 28 36 49 61 68 76 88 ]
[ 21 22 28 29 37 50 61 62 68 69 77 88 89 ]
[ 22 29 38 51 61 62 68 69 78 88 89 ]
[ 22 23 29 30 39 52 62 63 69 70 79 89 90 ]
[ 23 30 40 53 62 63 69 70 80 89 90 ]
[ 23 24 30 31 41 54 63 64 70 71 81 90 91 ]
[ 24 31 42 55 63 64 70 71 82 90 91 ]
[ 24 25 31 32 43 56 64 65 71 72 83 91 92 ]
[ 25 32 44 57 64 65 71 72 84 91 92 ]
[ 25 26 32 33 45 58 65 66 72 73 85 92 93 ]
[ 26 33 46 59 65 66 72 73 86 92 93 ]
[ 26 27 33 34 47 60 66 67 73 74 87 93 94 ]
[ 22 28 29 35 36 37 48 49 50 61 62 68 69 75 76 77 88 89 ]
[ 23 28 29 30 37 38 39 50 51 52 61 62 63 68 69 70 77 78 79 88 89 90 ]
[ 24 29 30 31 39 40 41 52 53 54 62 63 64 69 70 71 79 80 81 89 90 91 ]
[ 25 30 31 32 41 42 43 54 55 56 63 64 65 70 71 72 81 82 83 90 91 92 ]
[ 26 31 32 33 43 44 45 56 57 58 64 65 66 71 72 73 83 84 85 91 92 93 ]
[ 27 32 33 34 45 46 47 58 59 60 65 66 67 72 73 74 85 86 87 92 93 94 ]
[ 33 34 47 60 66 67 73 74 87 93 94 ]
[ 29 35 36 37 48 49 50 61 62 68 69 75 76 77 88 89 ]
[ 30 37 38 39 50 51 52 61 62 63 68 69 70 77 78 79 88 89 90 ]
[ 31 39 40 41 52 53 54 62 63 64 69 70 71 79 80 81 89 90 91 ]
[ 32 41 42 43 54 55 56 63 64 65 70 71 72 81 82 83 90 91 92 ]
[ 33 43 44 45 56 57 58 64 65 66 71 72 73 83 84 85 91 92 93 ]
[ 34 45 46 47 58 59 60 65 66 67 72 73 74 85 86 87 92 93 94 ]
[ 47 60 66 67 73 74 87 93 94 ]
[ 48 61 68 75 88 ]
[ 49 61 68 76 88 ]
[ 50 61 62 68 69 77 88 89 ]
[ 51 61 62 68 69 78 88 89 ]
[ 52 62 63 69 70 79 89 90 ]
[ 53 62 63 69 70 80 89 90 ]
[ 54 63 64 70 71 81 90 91 ]
[ 55 63 64 70 71 82 90 91 ]
[ 56 64 65 71 72 83 91 92 ]
[ 57 64 65 71 72 84 91 92 ]
[ 58 65 66 72 73 85 92 93 ]
[ 59 65 66 72 73 86 92 93 ]
[ 60 66 67 73 74 87 93 94 ]
[ 61 68 75 88 ]
[ 61 68 76 88 ]
[ 61 62 68 69 77 88 89 ]
[ 61 62 68 69 78 88 89 ]
[ 62 63 69 70 79 89 90 ]
[ 62 63 69 70 80 89 90 ]
[ 63 64 70 71 81 90 91 ]
[ 63 64 70 71 82 90 91 ]
[ 64 65 71 72 83 91 92 ]
[ 64 65 71 72 84 91 92 ]
[ 65 66 72 73 85 92 93 ]
[ 65 66 72 73 86 92 93 ]
[ 66 67 73 74 87 93 94 ]
[ 62 68 69 75 76 77 78 88 89 ]
[ 63 68 69 70 77 78 79 80 88 89 90 ]
[ 64 69 70 71 79 80 81 82 89 90 91 ]
[ 65 70 71 72 81 82 83 84 90 91 92 ]
[ 66 71 72 73 83 84 85 86 91 92 93 ]
[ 67 72 73 74 85 86 87 92 93 94 ]
[ 73 74 87 93 94 ]
[ 69 75 76 77 78 88 89 ]
[ 70 77 78 79 80 88 89 90 ]
[ 71 79 80 81 82 89 90 91 ]
[ 72 81 82 83 84 90 91 92 ]
[ 73 83 84 85 86 91 92 93 ]
[ 74 85 86 87 92 93 94 ]
[ 87 93 94 ]
[ 88 ]
[ 88 ]
[ 88 89 ]
[ 88 89 ]
[ 89 90 ]
[ 89 90 ]
[ 90 91 ]
[ 90 91 ]
[ 91 92 ]
[ 91 92 ]
[ 92 93 ]
[ 92 93 ]
[ 93 94 ]
[ 89 ]
[ 90 ]
[ 91 ]
[ 92 ]
[ 93 ]
[ 94 ]
[ ]
]

EmployeesWithSkill: [
[ 1 2 3 4 5 6 7 8 9 10 11 12 13 14 15 16 17 18 19 20 21 22 23 24 25 26 27 28 29 30 ]
[ 1 2 3 4 5 6 7 8 10 11 12 13 14 15 16 17 18 19 20 21 22 24 25 26 28 29 30 ]
]

SkillDemandInActivityWithMode: [
0	1	
15	24	
12	19	
12	19	
12	19	
10	16	
7	12	
15	24	
3	6	
4	7	
7	12	
10	16	
15	24	
10	16	
0	1	
2	4	
4	7	
2	4	
2	4	
5	9	
4	7	
2	4	
2	4	
2	4	
2	4	
4	7	
2	4	
3	6	
1	3	
3	6	
1	3	
4	7	
1	3	
0	1	
4	7	
22	34	
29	45	
10	16	
22	34	
5	9	
22	34	
15	24	
29	45	
0	1	
1	3	
1	3	
1	3	
1	3	
1	3	
1	3	
1	3	
1	3	
1	3	
1	3	
1	3	
1	3	
0	1	
2	4	
2	4	
2	4	
4	7	
3	6	
2	4	
3	6	
1	3	
3	6	
2	4	
4	7	
4	7	
2	4	
4	7	
2	4	
3	6	
2	4	
1	3	
4	7	
0	1	
11	18	
43	66	
71	108	
15	24	
36	55	
71	108	
24	37	
43	66	
43	66	
53	81	
43	66	
71	108	
9	15	
0	1	
1	3	
1	3	
1	3	
1	3	
1	3	
1	3	
1	3	
1	3	
1	3	
1	3	
1	3	
1	3	
1	3	
1	3	
1	3	
1	3	
1	3	
1	3	
1	3	
0	1	
2	4	
1	3	
3	6	
2	4	
3	6	
2	4	
1	3	
3	6	
1	3	
1	3	
3	6	
3	6	
2	4	
3	6	
3	6	
3	6	
3	6	
1	3	
3	6	
3	6	
0	1	
4	7	
4	7	
2	4	
5	9	
2	4	
4	7	
7	12	
6	10	
6	10	
7	12	
8	13	
4	7	
5	9	
2	4	
3	6	
2	4	
4	7	
5	9	
2	4	
2	4	
7	12	
0	1	
3	6	
2	4	
2	4	
2	4	
4	7	
6	10	
1	3	
5	9	
1	3	
5	9	
5	9	
6	10	
6	10	
2	4	
3	6	
3	6	
4	7	
5	9	
4	7	
5	9	
4	7	
3	6	
3	6	

0	1	
15	24	
12	19	
12	19	
12	19	
10	16	
6	10	
15	24	
2	4	
3	6	
6	10	
10	16	
15	24	
10	16	
0	1	
1	3	
3	6	
0	1	
1	3	
4	7	
3	6	
1	3	
1	3	
1	3	
1	3	
3	6	
1	3	
2	4	
0	1	
2	4	
0	1	
3	6	
0	1	
0	1	
2	4	
14	22	
18	28	
6	10	
14	22	
3	6	
13	21	
9	15	
18	28	
0	1	
5	9	
3	6	
1	3	
3	6	
5	9	
4	7	
4	7	
2	4	
1	3	
1	3	
3	6	
4	7	
0	1	
5	9	
4	7	
4	7	
12	19	
7	12	
6	10	
7	12	
3	6	
7	12	
3	6	
11	18	
11	18	
5	9	
11	18	
7	12	
8	13	
5	9	
2	4	
11	18	
0	1	
6	10	
25	39	
42	64	
8	13	
21	33	
42	64	
14	22	
25	39	
25	39	
31	48	
25	39	
42	64	
5	9	
0	1	
0	1	
0	1	
0	1	
0	1	
0	1	
1	3	
0	1	
1	3	
1	3	
1	3	
1	3	
0	1	
1	3	
1	3	
0	1	
1	3	
1	3	
0	1	
1	3	
0	1	
3	6	
2	4	
7	12	
3	6	
6	10	
3	6	
2	4	
7	12	
0	1	
1	3	
6	10	
7	12	
5	9	
5	9	
5	9	
5	9	
6	10	
2	4	
5	9	
5	9	
0	1	
1	3	
2	4	
0	1	
2	4	
0	1	
2	4	
3	6	
3	6	
3	6	
3	6	
4	7	
1	3	
2	4	
0	1	
1	3	
0	1	
1	3	
2	4	
0	1	
0	1	
3	6	
0	1	
0	1	
0	1	
0	1	
0	1	
0	1	
0	1	
0	1	
0	1	
0	1	
0	1	
0	1	
0	1	
0	1	
0	1	
0	1	
0	1	
0	1	
0	1	
0	1	
0	1	
0	1	
0	1	
0	1	

]

EmployeeAvailability: [
1 1 1 1 1 1 1 1 1 1 1 1 1 1 1 1 1 1 1 1 1 1 1 1 1 1 1 1 1 1 1 1 1 1 1 1 1 1 1 1 1 1 1 1 1 1 1 1 1 1 1 1 1 1 1 1 1 1 1 1 1 1 1 1 1 1 1 1 1 1 1 1 1 1 1 1 1 1 1 1 1 1 1 1 1 1 1 1 1 1 1 1 1 1 
1 1 1 1 1 1 1 1 1 1 1 1 1 1 1 1 1 1 1 1 1 1 1 1 1 1 1 1 1 1 1 1 1 1 1 1 1 1 1 1 1 1 1 1 1 1 1 1 1 1 1 1 1 1 1 1 1 1 1 1 1 1 1 1 1 1 1 1 1 1 1 1 1 1 1 1 1 1 1 1 1 1 1 1 1 1 1 1 1 1 1 1 1 1 
1 1 1 1 1 0 0 1 1 1 1 1 1 1 1 1 1 1 0 1 1 1 1 1 1 0 0 1 1 1 1 1 0 0 1 1 1 1 1 1 1 1 1 1 1 0 1 1 1 1 1 1 1 1 1 1 1 1 0 1 1 1 1 1 1 0 0 1 1 1 1 1 0 0 1 1 1 1 1 1 1 1 1 1 1 0 1 1 1 1 1 1 0 0 
0 1 1 1 1 1 1 1 0 1 1 1 1 1 1 1 1 1 1 1 0 1 1 1 1 1 1 0 1 1 1 1 1 1 1 0 1 1 1 1 1 1 1 1 1 1 1 1 0 1 1 1 1 1 1 1 1 1 1 1 0 1 1 1 1 1 1 0 1 1 1 1 1 1 1 0 1 1 1 1 1 1 1 1 1 1 1 0 1 1 1 1 1 1 
1 1 1 1 1 1 1 1 1 1 1 1 1 1 1 1 1 1 1 1 1 1 1 1 1 1 1 1 1 1 1 1 1 1 1 1 1 1 1 1 1 1 1 1 1 1 1 1 1 1 1 1 1 1 1 1 1 1 1 1 1 1 1 1 1 1 1 1 1 1 1 1 1 1 1 1 1 1 1 1 1 1 1 1 1 1 1 1 1 1 1 1 1 1 
1 1 1 1 1 1 1 1 1 1 1 1 1 1 1 1 1 1 1 1 1 1 1 1 1 1 1 1 1 1 1 1 1 1 1 1 1 1 1 1 1 1 1 1 1 1 1 1 1 1 1 1 1 1 1 1 1 1 1 1 1 1 1 1 1 1 1 1 1 1 1 1 1 1 1 1 1 1 1 1 1 1 1 1 1 1 1 1 1 1 1 1 1 1 
1 1 1 1 1 1 1 1 1 1 1 1 1 1 1 1 1 1 1 1 1 1 1 1 1 1 1 1 1 1 1 1 1 1 1 1 1 1 1 1 1 1 1 1 1 1 1 1 1 1 1 1 1 1 1 1 1 1 1 1 1 1 1 1 1 1 1 1 1 1 1 1 1 1 1 1 1 1 1 1 1 1 1 1 1 1 1 1 1 1 1 1 1 1 
1 0 1 1 1 1 0 1 1 1 0 1 1 1 1 1 1 1 1 0 1 0 1 1 1 1 0 1 0 1 1 1 1 0 1 1 1 0 1 1 1 1 1 1 1 1 0 1 1 1 0 1 1 1 1 1 1 1 1 0 1 0 1 1 1 1 0 1 0 1 1 1 1 0 1 1 1 0 1 1 1 1 1 1 1 1 0 1 0 1 1 1 1 0 
1 1 0 1 1 1 1 1 1 1 1 1 0 1 1 1 1 1 1 1 1 1 0 1 1 1 1 1 1 0 1 1 1 1 1 1 1 1 1 0 1 1 1 1 1 1 1 1 1 1 1 1 0 1 1 1 1 1 1 1 1 1 0 1 1 1 1 1 1 0 1 1 1 1 1 1 1 1 1 0 1 1 1 1 1 1 1 1 1 0 1 1 1 1 
0 1 1 1 1 1 1 1 1 1 1 1 1 1 1 1 1 1 1 1 1 1 1 1 1 1 1 1 1 1 1 1 1 1 1 1 1 1 1 1 1 1 1 1 1 1 1 1 1 1 1 1 1 1 1 1 1 1 1 1 0 1 1 1 1 1 1 0 1 1 1 1 1 1 1 1 1 1 1 1 1 1 1 1 1 1 1 0 1 1 1 1 1 1 
0 1 1 1 1 1 0 1 1 1 1 1 1 1 1 1 1 1 1 0 1 1 1 1 1 1 0 1 1 1 1 1 1 0 1 1 1 1 1 1 1 1 1 1 1 1 0 1 1 1 1 1 1 1 1 1 1 1 1 0 0 1 1 1 1 1 0 0 1 1 1 1 1 0 1 1 1 1 1 1 1 1 1 1 1 1 0 0 1 1 1 1 1 0 
1 1 1 1 0 1 0 1 1 1 1 1 1 1 1 0 1 1 1 0 1 1 1 1 0 1 0 1 1 1 1 0 1 0 1 1 1 1 1 1 1 1 0 1 1 1 0 1 1 1 1 1 1 1 1 0 1 1 1 0 1 1 1 1 0 1 0 1 1 1 1 0 1 0 1 1 1 1 1 1 1 1 0 1 1 1 0 1 1 1 1 0 1 0 
1 0 1 1 1 0 1 1 1 1 0 1 1 1 1 1 1 0 1 1 1 0 1 1 1 0 1 1 0 1 1 1 0 1 1 1 1 0 1 1 1 1 1 1 0 1 1 1 1 1 0 1 1 1 1 1 1 0 1 1 1 0 1 1 1 0 1 1 0 1 1 1 0 1 1 1 1 0 1 1 1 1 1 1 0 1 1 1 0 1 1 1 0 1 
1 1 1 0 1 1 1 1 1 1 1 1 1 0 1 1 1 1 1 1 1 1 1 0 1 1 1 1 1 1 0 1 1 1 1 1 1 1 1 1 0 1 1 1 1 1 1 1 1 1 1 1 1 0 1 1 1 1 1 1 1 1 1 0 1 1 1 1 1 1 0 1 1 1 1 1 1 1 1 1 0 1 1 1 1 1 1 1 1 1 0 1 1 1 
1 1 1 0 1 1 1 1 1 1 1 1 1 0 1 1 1 1 1 1 1 1 1 0 1 1 1 1 1 1 0 1 1 1 1 1 1 1 1 1 0 1 1 1 1 1 1 1 1 1 1 1 1 0 1 1 1 1 1 1 1 1 1 0 1 1 1 1 1 1 0 1 1 1 1 1 1 1 1 1 0 1 1 1 1 1 1 1 1 1 0 1 1 1 
1 1 1 0 1 1 1 1 1 1 1 1 1 1 1 1 1 1 1 1 1 1 1 0 1 1 1 1 1 1 0 1 1 1 1 1 1 1 1 1 1 1 1 1 1 1 1 1 1 1 1 1 1 1 1 1 1 1 1 1 1 1 1 0 1 1 1 1 1 1 0 1 1 1 1 1 1 1 1 1 1 1 1 1 1 1 1 1 1 1 0 1 1 1 
0 1 1 1 0 1 1 0 1 1 1 1 1 1 1 1 0 1 1 1 0 1 1 1 0 1 1 0 1 1 1 0 1 1 0 1 1 1 1 1 1 1 1 0 1 1 1 0 1 1 1 1 1 1 1 1 0 1 1 1 0 1 1 1 0 1 1 0 1 1 1 0 1 1 0 1 1 1 1 1 1 1 1 0 1 1 1 0 1 1 1 0 1 1 
1 1 1 0 0 1 1 1 1 1 1 1 1 1 0 1 0 1 1 1 1 1 1 0 0 1 1 1 1 1 0 0 1 1 1 1 1 1 1 1 1 0 1 0 1 1 1 1 1 1 1 1 1 1 0 1 0 1 1 1 1 1 1 0 0 1 1 1 1 1 0 0 1 1 1 1 1 1 1 1 1 0 1 0 1 1 1 1 1 1 0 0 1 1 
1 1 1 1 1 1 1 1 1 1 1 1 1 1 1 1 1 1 1 1 1 1 1 1 1 1 1 1 1 1 1 1 1 1 1 1 1 1 1 1 1 1 1 1 1 1 1 1 1 1 1 1 1 1 1 1 1 1 1 1 1 1 1 1 1 1 1 1 1 1 1 1 1 1 1 1 1 1 1 1 1 1 1 1 1 1 1 1 1 1 1 1 1 1 
0 0 1 1 0 1 1 0 1 0 1 1 1 1 1 0 1 1 1 1 0 0 1 1 0 1 1 0 0 1 1 0 1 1 0 1 0 1 1 1 1 1 0 1 1 1 1 0 1 0 1 1 1 1 1 0 1 1 1 1 0 0 1 1 0 1 1 0 0 1 1 0 1 1 0 1 0 1 1 1 1 1 0 1 1 1 1 0 0 1 1 0 1 1 
1 0 1 1 1 0 1 1 1 0 1 1 1 1 1 1 1 0 0 1 1 0 1 1 1 0 1 1 0 1 1 1 0 1 1 1 0 1 1 1 1 1 1 1 0 0 1 1 1 0 1 1 1 1 1 1 1 0 0 1 1 0 1 1 1 0 1 1 0 1 1 1 0 1 1 1 0 1 1 1 1 1 1 1 0 0 1 1 0 1 1 1 0 1 
1 1 1 1 0 0 1 1 1 1 1 1 1 1 1 0 1 0 1 1 1 1 1 1 0 0 1 1 1 1 1 0 0 1 1 1 1 1 1 1 1 1 0 1 0 1 1 1 1 1 1 1 1 1 1 0 1 0 1 1 1 1 1 1 0 0 1 1 1 1 1 0 0 1 1 1 1 1 1 1 1 1 0 1 0 1 1 1 1 1 1 0 0 1 
1 1 1 1 1 1 1 1 1 1 1 1 1 1 1 1 1 1 1 1 1 1 1 1 1 1 1 1 1 1 1 1 1 1 1 1 1 1 1 1 1 1 1 1 1 1 1 1 1 1 1 1 1 1 1 1 1 1 1 1 1 1 1 1 1 1 1 1 1 1 1 1 1 1 1 1 1 1 1 1 1 1 1 1 1 1 1 1 1 1 1 1 1 1 
1 1 1 1 1 1 1 1 1 1 1 1 1 1 1 1 1 1 1 1 1 1 1 1 1 1 1 1 1 1 1 1 1 1 1 1 1 1 1 1 1 1 1 1 1 1 1 1 1 1 1 1 1 1 1 1 1 1 1 1 1 1 1 1 1 1 1 1 1 1 1 1 1 1 1 1 1 1 1 1 1 1 1 1 1 1 1 1 1 1 1 1 1 1 
1 1 1 1 0 1 1 1 1 1 1 1 1 1 1 1 0 1 1 1 1 1 1 1 0 1 1 1 1 1 1 0 1 1 1 1 1 1 1 1 1 1 1 0 1 1 1 1 1 1 1 1 1 1 1 1 0 1 1 1 1 1 1 1 0 1 1 1 1 1 1 0 1 1 1 1 1 1 1 1 1 1 1 0 1 1 1 1 1 1 1 0 1 1 
1 1 1 1 1 1 1 1 1 1 1 1 1 1 1 1 1 1 1 1 1 1 1 1 1 1 1 1 1 1 1 1 1 1 1 1 1 1 1 1 1 1 1 1 1 1 1 1 1 1 1 1 1 1 1 1 1 1 1 1 1 1 1 1 1 1 1 1 1 1 1 1 1 1 1 1 1 1 1 1 1 1 1 1 1 1 1 1 1 1 1 1 1 1 
1 1 1 1 1 1 1 1 1 1 1 1 1 1 1 1 1 1 1 1 1 1 1 1 1 1 1 1 1 1 1 1 1 1 1 1 1 1 1 1 1 1 1 1 1 1 1 1 1 1 1 1 1 1 1 1 1 1 1 1 1 1 1 1 1 1 1 1 1 1 1 1 1 1 1 1 1 1 1 1 1 1 1 1 1 1 1 1 1 1 1 1 1 1 
1 0 1 1 1 1 1 1 1 0 1 1 1 1 1 1 1 1 1 1 1 0 1 1 1 1 1 1 0 1 1 1 1 1 1 1 0 1 1 1 1 1 1 1 1 1 1 1 1 0 1 1 1 1 1 1 1 1 1 1 1 0 1 1 1 1 1 1 0 1 1 1 1 1 1 1 0 1 1 1 1 1 1 1 1 1 1 1 0 1 1 1 1 1 
1 0 0 1 1 1 1 1 1 1 0 0 1 1 1 1 1 1 1 1 1 0 0 1 1 1 1 1 0 0 1 1 1 1 1 1 1 0 0 1 1 1 1 1 1 1 1 1 1 1 0 0 1 1 1 1 1 1 1 1 1 0 0 1 1 1 1 1 0 0 1 1 1 1 1 1 1 0 0 1 1 1 1 1 1 1 1 1 0 0 1 1 1 1 
1 1 1 1 1 1 1 1 1 1 1 1 1 1 1 1 1 1 1 1 1 1 1 1 1 1 1 1 1 1 1 1 1 1 1 1 1 1 1 1 1 1 1 1 1 1 1 1 1 1 1 1 1 1 1 1 1 1 1 1 1 1 1 1 1 1 1 1 1 1 1 1 1 1 1 1 1 1 1 1 1 1 1 1 1 1 1 1 1 1 1 1 1 1 
]

EmployeeWantedInStint: [ (1 13) 1 (1 48) 1 (2 10) 1 (2 27) 1 (3 14) 1 (3 84) 1 (4 49) 1 (5 19) 1 (6 7) 1 (6 83) 1 (7 29) 1 (9 66) 1 (10 45) 1 (10 47) 1 (13 71) 1 (14 1) 1 (14 11) 1 (14 60) 1 (15 3) 1 (15 8) 1 (16 43) 1 (16 46) 1 (16 85) 1 (19 4) 1 (19 16) 1 (19 25) 1 (19 26) 1 (19 48) 1 (21 22) 1 (21 35) 1 (21 53) 1 (21 79) 1 (21 83) 1 (22 3) 1 (22 82) 1 (23 66) 1 (24 19) 1 (26 28) 1 (26 47) 1 (26 52) 1 (26 65) 1 (27 29) 1 (27 37) 1 (27 61) 1 (28 12) 1 (28 19) 1 (30 69) 1 ]

EmployeeWantedViolationCost: [ (1 13) 6000 (1 48) 10000 (2 10) 9000 (2 27) 9000 (3 14) 14000 (3 84) 5000 (4 49) 6000 (5 19) 10000 (6 7) 11000 (6 83) 6000 (7 29) 15000 (9 66) 14000 (10 45) 5000 (10 47) 6000 (13 71) 7000 (14 1) 8000 (14 11) 8000 (14 60) 10000 (15 3) 8000 (15 8) 12000 (16 43) 13000 (16 46) 5000 (16 85) 14000 (19 4) 7000 (19 16) 5000 (19 25) 12000 (19 26) 9000 (19 48) 14000 (21 22) 7000 (21 35) 6000 (21 53) 8000 (21 79) 14000 (21 83) 5000 (22 3) 9000 (22 82) 9000 (23 66) 12000 (24 19) 7000 (26 28) 12000 (26 47) 5000 (26 52) 5000 (26 65) 10000 (27 29) 12000 (27 37) 6000 (27 61) 12000 (28 12) 13000 (28 19) 8000 (30 69) 9000 ]

EmployeesThatShouldNotWorkTogetherWithEmployee: [
[ 24 ]
[ 28 ]
[ 6 9 ]
[ 30 ]
[ 20 ]
[ ]
[ ]
[ 9 10 ]
[ 16 ]
[ ]
[ ]
[ 13 28 ]
[ 27 29 ]
[ ]
[ ]
[ ]
[ 18 20 22 ]
[ ]
[ 24 26 ]
[ ]
[ ]
[ 26 ]
[ ]
[ ]
[ ]
[ 28 ]
[ ]
[ ]
[ ]
[ ]
]

ShouldNotWorkTogetherCost: [ (1 24) 198 (2 28) 297 (3 6) 297 (3 9) 99 (4 30) 198 (5 20) 99 (8 9) 198 (8 10) 198 (9 16) 198 (12 13) 396 (12 28) 99 (13 27) 297 (13 29) 297 (17 18) 198 (17 20) 198 (17 22) 297 (19 24) 297 (19 26) 396 (22 26) 297 (26 28) 198 ]

ImmediatePredecessorsToActivity: [
[ ]
[ 1 ]
[ 1 ]
[ 1 ]
[ 3 ]
[ 5 ]
[ 4 ]
[ 1 ]
[ 4 5 8 ]
[ 6 7 ]
[ 3 ]
[ 2 8 ]
[ 6 8 ]
[ 4 6 12 ]
[ ]
[ 15 ]
[ 15 ]
[ 16 ]
[ 15 ]
[ 15 ]
[ 15 ]
[ 20 21 ]
[ 16 22 ]
[ 16 19 21 ]
[ 21 ]
[ 20 25 ]
[ 24 26 ]
[ 19 25 ]
[ 15 ]
[ 15 ]
[ 15 ]
[ 17 22 ]
[ 17 21 ]
[ ]
[ 34 ]
[ 34 ]
[ 34 ]
[ 37 ]
[ 38 ]
[ 34 ]
[ 34 ]
[ 34 ]
[ 36 39 ]
[ ]
[ 44 ]
[ 45 ]
[ 46 ]
[ 44 ]
[ 44 ]
[ 47 ]
[ 44 ]
[ 44 ]
[ 46 51 52 ]
[ 51 ]
[ 54 ]
[ 46 54 ]
[ ]
[ 57 ]
[ 58 ]
[ 58 ]
[ 59 ]
[ 60 ]
[ 59 ]
[ 57 ]
[ 57 ]
[ 60 64 ]
[ 57 ]
[ 61 64 ]
[ 61 65 ]
[ 57 ]
[ 60 65 70 ]
[ 58 61 64 67 ]
[ 58 64 71 ]
[ 58 64 65 ]
[ 67 ]
[ 58 ]
[ ]
[ 77 ]
[ 77 ]
[ 79 ]
[ 80 ]
[ 77 ]
[ 80 82 ]
[ 79 ]
[ 83 84 ]
[ 84 ]
[ 78 85 ]
[ 77 ]
[ 78 80 82 84 ]
[ 77 ]
[ ]
[ 91 ]
[ 91 ]
[ 93 ]
[ 94 ]
[ 91 ]
[ 91 ]
[ 91 ]
[ 91 ]
[ 91 ]
[ 99 100 ]
[ 93 96 98 ]
[ 97 ]
[ 94 97 101 ]
[ 96 98 104 ]
[ 100 ]
[ 96 98 99 106 ]
[ 107 ]
[ 94 ]
[ 103 ]
[ ]
[ 111 ]
[ 111 ]
[ 111 ]
[ 111 ]
[ 112 115 ]
[ 114 ]
[ 111 ]
[ 112 113 118 ]
[ 114 ]
[ 112 114 ]
[ 119 ]
[ 119 121 ]
[ 117 118 ]
[ 115 123 ]
[ 114 124 ]
[ 116 123 124 ]
[ 122 124 ]
[ 113 ]
[ 115 123 128 ]
[ 112 117 118 ]
[ ]
[ 132 ]
[ 133 ]
[ 132 ]
[ 132 ]
[ 132 ]
[ 137 ]
[ 133 137 ]
[ 132 ]
[ 136 139 140 ]
[ 134 139 140 ]
[ 134 137 140 ]
[ 132 ]
[ 137 140 ]
[ 132 ]
[ 133 ]
[ 132 ]
[ 133 136 ]
[ 137 ]
[ 132 ]
[ 132 ]
[ 139 140 ]
[ ]
[ 154 ]
[ 155 ]
[ 155 ]
[ 155 ]
[ 158 ]
[ 154 ]
[ 160 ]
[ 154 ]
[ 154 ]
[ 154 ]
[ 162 164 ]
[ 160 165 ]
[ 156 162 164 ]
[ 163 ]
[ 154 ]
[ 164 ]
[ 166 ]
[ 157 165 169 ]
[ 159 167 ]
[ 158 163 167 171 172 ]
[ 155 159 170 ]
[ 163 169 ]
[ 156 160 170 ]
]

ActivitiesInProject: [
[ 1 2 3 4 5 6 7 8 9 10 11 12 13 14 ]
[ 15 16 17 18 19 20 21 22 23 24 25 26 27 28 29 30 31 32 33 ]
[ 34 35 36 37 38 39 40 41 42 43 ]
[ 44 45 46 47 48 49 50 51 52 53 54 55 56 ]
[ 57 58 59 60 61 62 63 64 65 66 67 68 69 70 71 72 73 74 75 76 ]
[ 77 78 79 80 81 82 83 84 85 86 87 88 89 90 ]
[ 91 92 93 94 95 96 97 98 99 100 101 102 103 104 105 106 107 108 109 110 ]
[ 111 112 113 114 115 116 117 118 119 120 121 122 123 124 125 126 127 128 129 130 131 ]
[ 132 133 134 135 136 137 138 139 140 141 142 143 144 145 146 147 148 149 150 151 152 153 ]
[ 154 155 156 157 158 159 160 161 162 163 164 165 166 167 168 169 170 171 172 173 174 175 176 177 ]
]

nActivityModes: [ 2 2 2 2 2 2 2 2 2 2 2 2 2 2 2 2 2 2 2 2 2 2 2 2 2 2 2 2 2 2 2 2 2 2 2 2 2 2 2 2 2 2 2 2 2 2 2 2 2 2 2 2 2 2 2 2 2 2 2 2 2 2 2 2 2 2 2 2 2 2 2 2 2 2 2 2 2 2 2 2 2 2 2 2 2 2 2 2 2 2 2 2 2 2 2 2 2 2 2 2 2 2 2 2 2 2 2 2 2 2 2 2 2 2 2 2 2 2 2 2 2 2 2 2 2 2 2 2 2 2 2 2 2 2 2 2 2 2 2 2 2 2 2 2 2 2 2 2 2 2 2 2 2 2 2 2 2 2 2 2 2 2 2 2 2 2 2 2 2 2 2 2 2 2 2 2 2 ]

ActivitiyDurationWithMode: [
1	1	
4	3	
5	4	
5	4	
5	4	
6	4	
9	6	
4	3	
22	15	
16	11	
9	6	
6	4	
4	3	
6	4	
1	1	
15	10	
5	4	
17	12	
15	10	
4	3	
5	4	
9	6	
11	8	
10	7	
10	7	
5	4	
9	6	
8	6	
34	23	
7	5	
29	20	
5	4	
22	15	
1	1	
23	16	
4	3	
3	2	
9	6	
4	3	
18	12	
4	3	
6	4	
3	2	
1	1	
4	3	
6	4	
12	8	
7	5	
4	3	
5	4	
5	4	
10	7	
18	12	
12	8	
6	4	
5	4	
1	1	
12	8	
13	9	
15	10	
5	4	
8	6	
10	7	
8	6	
18	12	
8	6	
15	10	
5	4	
5	4	
10	7	
5	4	
8	6	
7	5	
10	7	
20	14	
5	4	
1	1	
21	14	
5	4	
3	2	
15	10	
6	4	
3	2	
9	6	
5	4	
5	4	
4	3	
5	4	
3	2	
24	16	
1	1	
54	36	
19	13	
18	12	
15	10	
39	26	
7	5	
14	10	
7	5	
6	4	
8	6	
9	6	
12	8	
6	4	
9	6	
21	14	
6	4	
6	4	
13	9	
7	5	
1	1	
12	8	
18	12	
6	4	
12	8	
7	5	
13	9	
21	14	
6	4	
48	32	
29	20	
7	5	
6	4	
9	6	
8	6	
8	6	
8	6	
7	5	
20	14	
8	6	
8	6	
1	1	
13	9	
10	7	
38	26	
8	6	
30	20	
10	7	
6	4	
7	5	
7	5	
6	4	
5	4	
13	9	
9	6	
38	26	
15	10	
37	25	
13	9	
9	6	
39	26	
28	19	
6	4	
1	1	
14	10	
23	16	
34	23	
20	14	
11	8	
7	5	
51	34	
8	6	
42	28	
9	6	
9	6	
7	5	
7	5	
24	16	
18	12	
17	12	
12	8	
9	6	
12	8	
9	6	
11	8	
15	10	
15	10	
]
StintsInProject: [
[ 1 2 3 4 5 6 7 ]
[ 8 9 10 11 12 13 14 15 16 17 18 19 20 ]
[ 21 22 23 24 25 26 27 ]
[ 28 29 30 31 32 33 34 ]
[ 35 36 37 38 39 40 41 42 43 44 45 46 47 ]
[ 48 49 50 51 52 53 54 55 56 57 58 59 60 ]
[ 61 62 63 64 65 66 67 ]
[ 68 69 70 71 72 73 74 ]
[ 75 76 77 78 79 80 81 82 83 84 85 86 87 ]
[ 88 89 90 91 92 93 94 ]
]

WorkingStintsOnDay: [
[ 1 8 21 28 35 48 61 68 75 88 ]
[ 1 8 21 28 35 48 61 68 75 88 ]
[ 1 8 21 28 35 48 61 68 75 88 ]
[ 1 8 21 28 35 48 61 68 75 88 ]
[ 1 8 21 28 35 48 61 68 75 88 ]
[ 1 21 28 61 68 88 ]
[ 1 21 28 61 68 88 ]
[ 1 9 21 28 36 49 61 68 76 88 ]
[ 1 9 21 28 36 49 61 68 76 88 ]
[ 1 9 21 28 36 49 61 68 76 88 ]
[ 1 9 21 28 36 49 61 68 76 88 ]
[ 1 9 21 28 36 49 61 68 76 88 ]
[ 1 61 68 88 ]
[ 1 61 68 88 ]
[ 2 10 22 29 37 50 62 69 77 89 ]
[ 2 10 22 29 37 50 62 69 77 89 ]
[ 2 10 22 29 37 50 62 69 77 89 ]
[ 2 10 22 29 37 50 62 69 77 89 ]
[ 2 10 22 29 37 50 62 69 77 89 ]
[ 2 22 29 62 69 89 ]
[ 2 22 29 62 69 89 ]
[ 2 11 22 29 38 51 62 69 78 89 ]
[ 2 11 22 29 38 51 62 69 78 89 ]
[ 2 11 22 29 38 51 62 69 78 89 ]
[ 2 11 22 29 38 51 62 69 78 89 ]
[ 2 11 22 29 38 51 62 69 78 89 ]
[ 2 62 69 89 ]
[ 2 62 69 89 ]
[ 3 12 23 30 39 52 63 70 79 90 ]
[ 3 12 23 30 39 52 63 70 79 90 ]
[ 3 12 23 30 39 52 63 70 79 90 ]
[ 3 12 23 30 39 52 63 70 79 90 ]
[ 3 12 23 30 39 52 63 70 79 90 ]
[ 3 23 30 63 70 90 ]
[ 3 23 30 63 70 90 ]
[ 3 13 23 30 40 53 63 70 80 90 ]
[ 3 13 23 30 40 53 63 70 80 90 ]
[ 3 13 23 30 40 53 63 70 80 90 ]
[ 3 13 23 30 40 53 63 70 80 90 ]
[ 3 13 23 30 40 53 63 70 80 90 ]
[ 3 63 70 90 ]
[ 3 63 70 90 ]
[ 4 14 24 31 41 54 64 71 81 91 ]
[ 4 14 24 31 41 54 64 71 81 91 ]
[ 4 14 24 31 41 54 64 71 81 91 ]
[ 4 14 24 31 41 54 64 71 81 91 ]
[ 4 14 24 31 41 54 64 71 81 91 ]
[ 4 24 31 64 71 91 ]
[ 4 24 31 64 71 91 ]
[ 4 15 24 31 42 55 64 71 82 91 ]
[ 4 15 24 31 42 55 64 71 82 91 ]
[ 4 15 24 31 42 55 64 71 82 91 ]
[ 4 15 24 31 42 55 64 71 82 91 ]
[ 4 15 24 31 42 55 64 71 82 91 ]
[ 4 64 71 91 ]
[ 4 64 71 91 ]
[ 5 16 25 32 43 56 65 72 83 92 ]
[ 5 16 25 32 43 56 65 72 83 92 ]
[ 5 16 25 32 43 56 65 72 83 92 ]
[ 5 16 25 32 43 56 65 72 83 92 ]
[ 5 16 25 32 43 56 65 72 83 92 ]
[ 5 25 32 65 72 92 ]
[ 5 25 32 65 72 92 ]
[ 5 17 25 32 44 57 65 72 84 92 ]
[ 5 17 25 32 44 57 65 72 84 92 ]
[ 5 17 25 32 44 57 65 72 84 92 ]
[ 5 17 25 32 44 57 65 72 84 92 ]
[ 5 17 25 32 44 57 65 72 84 92 ]
[ 5 65 72 92 ]
[ 5 65 72 92 ]
[ 6 18 26 33 45 58 66 73 85 93 ]
[ 6 18 26 33 45 58 66 73 85 93 ]
[ 6 18 26 33 45 58 66 73 85 93 ]
[ 6 18 26 33 45 58 66 73 85 93 ]
[ 6 18 26 33 45 58 66 73 85 93 ]
[ 6 26 33 66 73 93 ]
[ 6 26 33 66 73 93 ]
[ 6 19 26 33 46 59 66 73 86 93 ]
[ 6 19 26 33 46 59 66 73 86 93 ]
[ 6 19 26 33 46 59 66 73 86 93 ]
[ 6 19 26 33 46 59 66 73 86 93 ]
[ 6 19 26 33 46 59 66 73 86 93 ]
[ 6 66 73 93 ]
[ 6 66 73 93 ]
[ 7 20 27 34 47 60 67 74 87 94 ]
[ 7 20 27 34 47 60 67 74 87 94 ]
[ 7 20 27 34 47 60 67 74 87 94 ]
[ 7 20 27 34 47 60 67 74 87 94 ]
[ 7 20 27 34 47 60 67 74 87 94 ]
[ 7 27 34 67 74 94 ]
]

ProjectStart: [ 22 19 27 14 4 25 23 10 16 7 ]

ProjectEnd: [ 60 71 53 48 59 62 78 70 78 74 ]

EarliestStartDayForActivity: [ 1 22 22 22 27 32 27 22 32 38 27 26 38 38 1 19 19 40 19 19 19 26 40 40 26 40 54 40 19 19 19 39 26 1 27 27 27 32 41 27 27 27 47 1 14 19 25 14 14 39 14 14 25 20 34 34 1 4 20 20 39 41 39 4 4 41 4 46 46 4 41 46 48 30 25 20 1 25 25 32 37 25 37 32 45 45 54 25 54 25 1 23 23 42 60 23 23 23 23 23 30 62 30 60 66 29 62 68 60 42 1 10 10 10 10 22 16 10 31 16 22 37 51 31 57 40 57 44 28 57 31 1 16 33 16 16 16 58 58 16 66 66 58 16 58 16 33 16 33 58 16 16 66 1 7 21 21 21 41 7 14 7 7 7 16 25 44 49 7 16 32 55 52 64 52 49 44 ]

LatestStartDayForActivity: [ 1 60 60 60 60 60 60 60 60 60 60 60 60 60 1 71 71 71 71 71 71 71 71 71 71 71 71 71 71 71 71 71 71 1 53 53 53 53 53 53 53 53 53 1 48 48 48 48 48 48 48 48 48 48 48 48 1 59 59 59 59 59 59 59 59 59 59 59 59 59 59 59 59 59 59 59 1 62 62 62 62 62 62 62 62 62 62 62 62 62 1 78 78 78 78 78 78 78 78 78 78 78 78 78 78 78 78 78 78 78 1 70 70 70 70 70 70 70 70 70 70 70 70 70 70 70 70 70 70 70 70 1 78 78 78 78 78 78 78 78 78 78 78 78 78 78 78 78 78 78 78 78 78 1 74 74 74 74 74 74 74 74 74 74 74 74 74 74 74 74 74 74 74 74 74 74 74 ]

EquipmentTypeDemandInActivityWithMode: [
0	1	
1	3	
0	1	
1	3	
2	4	
0	1	
0	1	
0	1	
0	1	
0	1	
0	1	
0	1	
0	1	
0	1	
0	1	
1	3	
0	1	
1	3	
0	1	
0	1	
0	1	
0	1	
0	1	
0	1	
0	1	
0	1	
0	1	
0	1	
0	1	
0	1	
1	3	
0	1	
1	3	
0	1	
0	1	
1	3	
0	1	
0	1	
0	1	
1	3	
0	1	
0	1	
0	1	
0	1	
2	4	
1	3	
0	1	
0	1	
1	3	
0	1	
0	1	
0	1	
1	3	
0	1	
1	3	
2	4	
0	1	
0	1	
1	3	
0	1	
0	1	
0	1	
0	1	
0	1	
0	1	
0	1	
0	1	
0	1	
1	3	
1	3	
0	1	
0	1	
0	1	
1	3	
2	4	
1	3	
0	1	
0	1	
0	1	
0	1	
1	3	
1	3	
0	1	
0	1	
1	3	
0	1	
1	3	
0	1	
0	1	
0	1	
0	1	
0	1	
0	1	
0	1	
0	1	
1	3	
0	1	
0	1	
0	1	
0	1	
2	4	
1	3	
1	3	
0	1	
1	3	
0	1	
0	1	
0	1	
0	1	
0	1	
0	1	
0	1	
0	1	
0	1	
1	3	
0	1	
0	1	
0	1	
1	3	
0	1	
0	1	
0	1	
1	3	
0	1	
0	1	
1	3	
0	1	
1	3	
1	3	
0	1	
0	1	
0	1	
0	1	
2	4	
0	1	
0	1	
0	1	
0	1	
1	3	
0	1	
0	1	
0	1	
0	1	
0	1	
0	1	
0	1	
0	1	
0	1	
1	3	
0	1	
1	3	
0	1	
0	1	
0	1	
0	1	
0	1	
0	1	
2	4	
0	1	
1	3	
0	1	
1	3	
0	1	
0	1	
0	1	
0	1	
0	1	
0	1	
0	1	
0	1	
1	3	
0	1	
1	3	
0	1	
1	3	
0	1	
0	1	

0	1	
1	3	
1	3	
1	3	
1	3	
0	1	
0	1	
0	1	
0	1	
1	3	
1	3	
1	3	
1	3	
1	3	
0	1	
0	1	
0	1	
1	3	
2	4	
0	1	
0	1	
0	1	
1	3	
0	1	
0	1	
0	1	
0	1	
0	1	
0	1	
0	1	
0	1	
0	1	
1	3	
0	1	
0	1	
0	1	
2	4	
0	1	
0	1	
1	3	
1	3	
0	1	
0	1	
0	1	
0	1	
1	3	
0	1	
1	3	
1	3	
0	1	
1	3	
0	1	
0	1	
1	3	
0	1	
1	3	
0	1	
0	1	
0	1	
1	3	
0	1	
1	3	
0	1	
1	3	
1	3	
0	1	
0	1	
1	3	
0	1	
0	1	
1	3	
1	3	
1	3	
1	3	
1	3	
2	4	
0	1	
0	1	
1	3	
1	3	
0	1	
0	1	
0	1	
1	3	
1	3	
0	1	
1	3	
1	3	
0	1	
2	4	
0	1	
0	1	
0	1	
3	6	
0	1	
0	1	
1	3	
0	1	
0	1	
2	4	
0	1	
0	1	
1	3	
3	6	
1	3	
2	4	
0	1	
1	3	
2	4	
0	1	
0	1	
2	4	
0	1	
0	1	
0	1	
1	3	
1	3	
1	3	
1	3	
0	1	
0	1	
0	1	
0	1	
1	3	
1	3	
0	1	
0	1	
1	3	
1	3	
1	3	
0	1	
0	1	
1	3	
0	1	
0	1	
0	1	
0	1	
0	1	
0	1	
1	3	
0	1	
1	3	
0	1	
2	4	
1	3	
1	3	
2	4	
0	1	
0	1	
4	7	
0	1	
0	1	
1	3	
0	1	
0	1	
1	3	
1	3	
0	1	
0	1	
0	1	
0	1	
1	3	
0	1	
0	1	
0	1	
1	3	
0	1	
2	4	
0	1	
0	1	
0	1	
0	1	
1	3	
3	6	
0	1	
2	4	
0	1	

0	1	
1	3	
0	1	
0	1	
0	1	
0	1	
0	1	
0	1	
0	1	
0	1	
0	1	
1	3	
1	3	
1	3	
0	1	
0	1	
0	1	
0	1	
0	1	
0	1	
0	1	
0	1	
0	1	
0	1	
2	4	
1	3	
1	3	
0	1	
0	1	
0	1	
0	1	
1	3	
1	3	
0	1	
1	3	
0	1	
0	1	
1	3	
0	1	
0	1	
1	3	
0	1	
2	4	
0	1	
1	3	
0	1	
0	1	
0	1	
0	1	
0	1	
0	1	
1	3	
0	1	
0	1	
1	3	
0	1	
0	1	
0	1	
1	3	
0	1	
0	1	
0	1	
0	1	
0	1	
0	1	
0	1	
0	1	
0	1	
0	1	
1	3	
0	1	
0	1	
0	1	
0	1	
0	1	
0	1	
0	1	
0	1	
0	1	
1	3	
0	1	
0	1	
0	1	
1	3	
0	1	
1	3	
0	1	
0	1	
0	1	
0	1	
0	1	
0	1	
0	1	
0	1	
0	1	
0	1	
0	1	
0	1	
0	1	
1	3	
1	3	
0	1	
0	1	
1	3	
0	1	
0	1	
0	1	
0	1	
1	3	
0	1	
0	1	
0	1	
0	1	
0	1	
0	1	
0	1	
0	1	
0	1	
0	1	
0	1	
1	3	
0	1	
0	1	
0	1	
0	1	
1	3	
1	3	
1	3	
0	1	
1	3	
1	3	
0	1	
0	1	
1	3	
0	1	
0	1	
0	1	
0	1	
0	1	
2	4	
1	3	
0	1	
0	1	
0	1	
1	3	
0	1	
0	1	
0	1	
0	1	
0	1	
0	1	
1	3	
0	1	
0	1	
1	3	
0	1	
1	3	
0	1	
0	1	
0	1	
0	1	
0	1	
0	1	
0	1	
0	1	
1	3	
1	3	
0	1	
0	1	
0	1	
1	3	
1	3	
1	3	
1	3	
0	1	
0	1	
0	1	

0	1	
0	1	
1	3	
1	3	
0	1	
1	3	
0	1	
1	3	
1	3	
1	3	
1	3	
0	1	
0	1	
0	1	
0	1	
0	1	
0	1	
1	3	
1	3	
0	1	
1	3	
0	1	
0	1	
0	1	
2	4	
0	1	
0	1	
0	1	
0	1	
1	3	
0	1	
2	4	
0	1	
0	1	
0	1	
0	1	
0	1	
0	1	
0	1	
1	3	
0	1	
0	1	
1	3	
0	1	
0	1	
0	1	
0	1	
1	3	
1	3	
1	3	
0	1	
1	3	
0	1	
1	3	
1	3	
0	1	
0	1	
1	3	
1	3	
1	3	
1	3	
0	1	
1	3	
0	1	
0	1	
0	1	
0	1	
1	3	
0	1	
0	1	
0	1	
0	1	
1	3	
1	3	
1	3	
0	1	
0	1	
1	3	
1	3	
1	3	
0	1	
1	3	
0	1	
1	3	
0	1	
0	1	
0	1	
0	1	
1	3	
0	1	
0	1	
1	3	
1	3	
0	1	
0	1	
1	3	
0	1	
0	1	
0	1	
0	1	
1	3	
0	1	
0	1	
0	1	
1	3	
0	1	
0	1	
0	1	
0	1	
0	1	
0	1	
0	1	
0	1	
2	4	
0	1	
0	1	
0	1	
1	3	
0	1	
1	3	
0	1	
0	1	
0	1	
0	1	
1	3	
0	1	
0	1	
0	1	
1	3	
1	3	
0	1	
0	1	
1	3	
0	1	
1	3	
1	3	
1	3	
1	3	
0	1	
1	3	
0	1	
0	1	
0	1	
1	3	
0	1	
1	3	
0	1	
0	1	
0	1	
1	3	
1	3	
1	3	
0	1	
0	1	
0	1	
0	1	
0	1	
1	3	
0	1	
0	1	
1	3	
0	1	
1	3	
0	1	
0	1	
1	3	
1	3	
0	1	
0	1	
0	1	
0	1	
0	1	
0	1	
0	1	
0	1	
0	1	
0	1	

0	1	
0	1	
0	1	
0	1	
0	1	
0	1	
1	3	
0	1	
1	3	
0	1	
0	1	
0	1	
0	1	
0	1	
0	1	
0	1	
1	3	
2	4	
1	3	
2	4	
2	4	
1	3	
1	3	
1	3	
0	1	
0	1	
0	1	
0	1	
0	1	
0	1	
2	4	
0	1	
1	3	
0	1	
1	3	
1	3	
1	3	
0	1	
1	3	
0	1	
1	3	
0	1	
1	3	
0	1	
0	1	
0	1	
0	1	
0	1	
0	1	
0	1	
0	1	
0	1	
0	1	
0	1	
1	3	
0	1	
0	1	
1	3	
0	1	
0	1	
2	4	
0	1	
0	1	
1	3	
0	1	
0	1	
0	1	
2	4	
1	3	
0	1	
1	3	
2	4	
0	1	
0	1	
0	1	
0	1	
0	1	
0	1	
1	3	
0	1	
1	3	
0	1	
0	1	
1	3	
1	3	
1	3	
0	1	
0	1	
0	1	
0	1	
0	1	
0	1	
0	1	
1	3	
1	3	
0	1	
0	1	
1	3	
1	3	
0	1	
1	3	
0	1	
1	3	
1	3	
0	1	
2	4	
0	1	
0	1	
0	1	
1	3	
0	1	
0	1	
0	1	
0	1	
0	1	
1	3	
0	1	
1	3	
0	1	
1	3	
1	3	
1	3	
0	1	
1	3	
2	4	
0	1	
0	1	
2	4	
1	3	
1	3	
0	1	
0	1	
0	1	
0	1	
1	3	
0	1	
0	1	
0	1	
0	1	
0	1	
0	1	
0	1	
1	3	
1	3	
1	3	
1	3	
1	3	
0	1	
1	3	
0	1	
1	3	
1	3	
0	1	
0	1	
0	1	
1	3	
0	1	
0	1	
0	1	
1	3	
0	1	
0	1	
0	1	
0	1	
0	1	
1	3	
0	1	
1	3	
1	3	
0	1	
0	1	
0	1	
0	1	
1	3	
0	1	
0	1	
2	4	

]

ExternalEquipmentRentingCost: [
2404	4813	3874	2854	2426	4542	3232	1476	4570	3993	3532	5986	2473	3604	2317	3080	5859	4778	1905	5704	5637	2918	2794	4749	1337	2715	5271	5901	3807	4266	2490	5020	2089	1505	4319	4785	3087	3035	2183	5298	2642	2958	4587	5574	4646	2438	5672	2652	2779	4955	5417	1278	3629	5852	3928	1846	3433	1469	4175	4856	3977	5589	5950	4824	4521	1633	4269	3545	3339	4811	2633	3698	3320	2643	2104	2901	1903	5464	4572	4763	1319	3891	4614	5337	5761	4646	5434	4316	3782	3831	2882	5429	3981	2600	4430	1370	2613	4371	2620	4455	3042	4081	3939	1072	1051	2328	3116	1029	2212	4324	3439	4660	2214	1528	3825	4642	5094	1358	3291	4345	3898	3148	1846	4034	4444	2337	2207	2376	3828	2785	1074	3222	2106	1279	2449	1141	4895	2724	2819	5693	2863	5772	5187	3704	3757	3796	5828	4228	1865	5763	1143	2156	1332	5997	3353	2071	4466	1150	5702	2174	1734	2973	2609	5012	2632	4360	3192	5769	1300	5580	3181	1087	3428	3332	4002	5137	4106	
3113	1299	1095	4248	3327	3571	2587	5013	3760	3887	5054	5126	5259	1923	3081	4217	3705	2613	1835	4021	5427	3271	5227	2885	3197	1466	2448	5893	5542	3784	1412	2034	5731	2481	3257	1190	5420	3408	1598	1537	5700	1865	5981	2597	3189	5255	2661	3081	2963	2518	3903	2342	5648	4420	5851	4813	3419	3452	3645	1911	5101	2744	1492	2198	1519	1978	5498	1388	4004	4751	3044	2017	3177	4147	5147	3099	1687	3123	5307	4043	5950	3154	3586	1168	4665	5283	5238	2083	2815	4279	2687	1634	3424	2329	2501	4394	3542	2943	1134	3360	4936	1884	1083	2579	4183	5764	4450	2465	4612	3341	3637	2463	3471	1534	5294	4291	3947	1365	3009	2445	2429	1563	1245	1496	4876	1689	1041	4832	1001	3583	2109	1265	3125	4026	3926	3213	3161	4033	2954	1365	4797	3968	5269	2626	3796	3629	1386	3935	4537	4084	5169	1494	1782	4271	5983	5360	5901	5505	5613	2532	5566	5339	2152	5026	2488	3190	3728	1838	5045	2545	2634	3893	4458	2411	1353	1851	1236	
1198	5979	5587	5987	4503	2329	3119	2367	4056	3939	1152	5849	4345	3765	2303	1022	4989	1489	2625	2615	5689	3558	1330	5223	1377	1909	2930	2338	1269	4141	1712	5638	5168	4599	4125	4960	3459	2334	4713	2309	3804	4576	4571	1097	3532	1723	3562	2020	1246	1178	2738	1713	5216	2265	1180	1054	1219	4017	4163	1620	1830	5177	3397	1036	2717	5468	5988	5591	4963	5006	4960	2720	1139	1913	2014	2053	5200	4562	2975	4506	3558	1948	3924	3418	3395	2682	3136	3333	3561	2553	2851	3274	4003	4469	4076	3374	4574	1543	3606	1945	2731	3596	3032	3077	2215	1951	5770	5539	5761	5010	2883	1935	3558	5631	2855	2932	5909	2394	4315	1062	2759	2734	3254	4804	3808	2314	1894	1786	2920	4493	4636	3262	4186	2809	2474	3660	2758	2135	3127	1476	4701	1512	4235	4101	4455	4540	4969	4054	1492	4585	4199	3745	2652	5659	1666	2547	5763	1273	2174	1449	1977	3059	3534	5849	3756	5167	2644	1638	3380	4162	3755	3656	5178	5153	2345	1273	1473	
4515	5274	4090	3271	1968	2849	1846	3658	5174	2518	4716	4898	4815	2431	3913	3215	3510	2423	4818	4142	4535	3588	3249	5048	5958	4461	4664	1232	4927	3264	2704	5806	1602	1700	4914	4768	1291	1996	4602	2798	2225	1077	1982	2850	3743	4637	2770	5737	2705	2786	4931	3365	2310	1397	5066	3481	5019	4355	1696	3141	2660	4205	1183	4067	1705	2267	5107	3081	3854	4271	1864	4945	2998	3846	5847	2721	1553	1365	4354	4901	4135	3553	3581	5222	1104	5836	4464	2337	3466	3927	3178	5216	2137	3180	1020	1958	2144	2439	5993	3548	1161	2779	5151	1416	3573	5245	3592	4907	3442	2531	1860	2041	1042	4330	4166	3228	4454	5799	4698	4446	4354	5685	3157	1993	3687	4450	1004	1222	3419	2256	4435	3157	5161	3254	3157	2734	2383	2863	3575	1552	1150	3237	3171	5696	3200	5995	5926	1399	2648	1986	2951	2844	5649	2635	3291	2855	2380	4643	5711	4060	4504	1702	1856	1815	3304	3079	3695	2603	3999	5006	5437	4486	1905	3123	4376	4078	1486	
2897	1873	1204	2333	4286	4188	3455	5273	1640	2513	3861	5872	4641	5761	3850	4685	5169	2860	1267	3036	2669	2705	4178	1301	4941	2585	3543	4782	3932	4880	1382	2146	2396	5445	3106	4247	5289	5725	5803	2709	1214	4017	2013	4298	4441	5700	3860	4570	3289	5591	5258	3551	2874	1608	2872	4667	4546	2658	5714	3583	5723	5816	4850	4162	2939	1327	4812	4994	3618	2014	5193	3199	1265	5647	5214	4497	1549	4542	5427	5783	5383	5040	4476	2133	5972	3657	3969	3720	1948	1893	3265	5266	2521	3396	4609	5050	5095	1582	4082	4957	4042	2402	4612	5843	4045	2684	3718	2026	1372	1601	5455	1151	4750	5724	4575	4470	2662	2843	5909	3806	1390	4423	2809	5197	5106	5463	1210	5614	1412	4598	4080	4796	3435	1184	5667	3794	4711	3713	3664	5285	3441	2606	1905	3297	2405	2604	3550	1873	3082	2756	5190	2334	5067	2365	2384	5643	4316	2353	5009	1953	5505	5963	1113	1567	2873	1723	2098	3216	2149	4119	2091	5833	5634	2711	2697	1964	4127	
]

EquipmentTypeTransportationCost: [
1	2773	2926	3630	3550	3360	2650	3672	2764	3442	
2773	1	3285	3534	3385	3156	2635	3530	1000	3219	
2926	3285	1	3834	3750	3631	3183	3858	3256	3659	
3630	3534	3834	1	2983	3133	3605	2375	3523	3075	
3550	3385	3750	2983	1	2830	3429	2811	3425	2764	
3360	3156	3631	3133	2830	1	3273	3027	3182	2178	
2650	2635	3183	3605	3429	3273	1	3524	2572	3318	
3672	3530	3858	2375	2811	3027	3524	1	3499	3039	
2764	1000	3256	3523	3425	3182	2572	3499	1	3210	
3442	3219	3659	3075	2764	2178	3318	3039	3210	1	

1	2732	2947	3676	3551	3368	2680	3666	2787	3375	
2732	1	3214	3533	3366	3117	2546	3468	1000	3209	
2947	3214	1	3847	3733	3591	3162	3829	3253	3617	
3676	3533	3847	1	2904	3078	3601	2367	3547	3042	
3551	3366	3733	2904	1	2773	3415	2813	3406	2764	
3368	3117	3591	3078	2773	1	3246	3073	3157	2157	
2680	2546	3162	3601	3415	3246	1	3602	2568	3261	
3666	3468	3829	2367	2813	3073	3602	1	3503	3029	
2787	1000	3253	3547	3406	3157	2568	3503	1	3202	
3375	3209	3617	3042	2764	2157	3261	3029	3202	1	

1	3993	4232	5438	5156	4901	3745	5419	3987	4899	
3993	1	4580	5187	4893	4571	3644	5191	1000	4619	
4232	4580	1	5654	5404	5320	4520	5697	4659	5437	
5438	5187	5654	1	4136	4402	5314	3276	5158	4302	
5156	4893	5404	4136	1	4002	5087	4017	4904	3891	
4901	4571	5320	4402	4002	1	4732	4349	4572	2863	
3745	3644	4520	5314	5087	4732	1	5196	3576	4778	
5419	5191	5697	3276	4017	4349	5196	1	5183	4329	
3987	1000	4659	5158	4904	4572	3576	5183	1	4663	
4899	4619	5437	4302	3891	2863	4778	4329	4663	1	

1	3580	3741	4777	4590	4382	3327	4858	3513	4391	
3580	1	4203	4473	4268	4018	3172	4613	1000	4100	
3741	4203	1	4981	4737	4639	4008	4927	4094	4684	
4777	4473	4981	1	3735	4035	4597	2931	4590	3924	
4590	4268	4737	3735	1	3514	4327	3586	4336	3483	
4382	4018	4639	4035	3514	1	4153	3968	4064	2634	
3327	3172	4008	4597	4327	4153	1	4723	3231	4245	
4858	4613	4927	2931	3586	3968	4723	1	4557	3876	
3513	1000	4094	4590	4336	4064	3231	4557	1	4093	
4391	4100	4684	3924	3483	2634	4245	3876	4093	1	

1	3896	4119	5293	5058	4841	3644	5229	3862	4745	
3896	1	4512	4986	4752	4534	3530	5028	1000	4542	
4119	4512	1	5565	5305	5124	4338	5444	4532	5173	
5293	4986	5565	1	4117	4360	5175	3150	5044	4290	
5058	4752	5305	4117	1	3822	4835	3873	4804	3834	
4841	4534	5124	4360	3822	1	4548	4282	4452	2836	
3644	3530	4338	5175	4835	4548	1	5033	3595	4635	
5229	5028	5444	3150	3873	4282	5033	1	5008	4269	
3862	1000	4532	5044	4804	4452	3595	5008	1	4490	
4745	4542	5173	4290	3834	2836	4635	4269	4490	1	

]

TransportationTimeForEquipmentTypeBetweenProjects: [
1	1	1	2	2	2	1	2	1	2	
1	1	1	2	2	1	1	2	1	1	
1	1	1	4	4	2	1	4	1	2	
2	2	4	1	1	1	2	1	2	1	
2	2	4	1	1	1	2	1	2	1	
2	1	2	1	1	1	1	1	1	1	
1	1	1	2	2	1	1	2	1	2	
2	2	4	1	1	1	2	1	2	1	
1	1	1	2	2	1	1	2	1	1	
2	1	2	1	1	1	2	1	1	1	

1	1	1	2	2	2	1	2	1	2	
1	1	1	2	2	1	1	2	1	1	
1	1	1	4	4	2	1	4	1	2	
2	2	4	1	1	1	2	1	2	1	
2	2	4	1	1	1	2	1	2	1	
2	1	2	1	1	1	1	1	1	1	
1	1	1	2	2	1	1	2	1	2	
2	2	4	1	1	1	2	1	2	1	
1	1	1	2	2	1	1	2	1	1	
2	1	2	1	1	1	2	1	1	1	

1	1	1	4	4	4	1	4	1	4	
1	1	1	4	4	1	1	4	1	1	
1	1	1	6	6	4	1	6	1	4	
4	4	6	1	1	1	4	1	4	1	
4	4	6	1	1	1	4	1	4	1	
4	1	4	1	1	1	1	1	1	1	
1	1	1	4	4	1	1	4	1	4	
4	4	6	1	1	1	4	1	4	1	
1	1	1	4	4	1	1	4	1	1	
4	1	4	1	1	1	4	1	1	1	

1	1	1	3	3	3	1	3	1	3	
1	1	1	3	3	1	1	3	1	1	
1	1	1	5	5	3	1	5	1	3	
3	3	5	1	1	1	3	1	3	1	
3	3	5	1	1	1	3	1	3	1	
3	1	3	1	1	1	1	1	1	1	
1	1	1	3	3	1	1	3	1	3	
3	3	5	1	1	1	3	1	3	1	
1	1	1	3	3	1	1	3	1	1	
3	1	3	1	1	1	3	1	1	1	

1	1	1	4	4	4	1	4	1	4	
1	1	1	4	4	1	1	4	1	1	
1	1	1	6	6	4	1	6	1	4	
4	4	6	1	1	1	4	1	4	1	
4	4	6	1	1	1	4	1	4	1	
4	1	4	1	1	1	1	1	1	1	
1	1	1	4	4	1	1	4	1	4	
4	4	6	1	1	1	4	1	4	1	
1	1	1	4	4	1	1	4	1	1	
4	1	4	1	1	1	4	1	1	1	

]

TotalNumberOfInitialEquipmentTypeLocation: [
(1 34) 1 (1 57) 1 (1 77) 1 (1 111) 1 (1 132) 1 
(2 1) 1 (2 15) 1 (2 57) 1 (2 77) 1 (2 91) 2 (2 111) 1 (2 154) 2 
(3 91) 2 (3 111) 1 (3 132) 1 (3 154) 1 
(4 1) 1 (4 44) 1 (4 57) 1 (4 91) 1 (4 154) 1 
(5 1) 1 (5 34) 1 (5 57) 1 (5 91) 2 (5 132) 1 
]

DepotActivities: [ 1 15 34 44 57 77 91 111 132 154 ]

MaximalStintCliques: [
[ 2 62 69 89 40 3 70 13 80 53 63 90 30 23 ]
[ 2 62 69 89 22 29 1 68 88 61 37 10 50 28 77 21 ]
[ 2 62 69 89 22 29 1 68 88 61 38 11 51 78 ]
[ 2 62 69 89 22 29 3 70 39 12 79 52 63 90 30 23 ]
[ 4 64 71 91 44 65 5 72 17 84 25 57 92 32 ]
[ 4 64 71 91 24 31 65 5 72 43 16 83 25 92 32 56 ]
[ 4 64 71 91 24 31 3 70 90 63 41 14 81 54 30 23 ]
[ 4 64 71 91 24 31 3 70 90 63 42 55 82 15 ]
[ 5 65 72 92 46 33 66 6 73 19 26 59 93 86 ]
[ 5 65 72 92 25 32 33 66 6 73 45 18 58 26 85 93 ]
[ 6 26 33 66 73 93 34 67 7 74 47 20 27 60 94 87 ]
[ 8 1 35 68 75 48 28 21 61 88 ]
[ 9 1 36 68 76 49 28 21 61 88 ]
]
