nEmployees: 60
nSkills: 3
nProjects: 10
nDays: 90
nActivities: 167
nEquipmentTypes: 6
nStints: 82
nMaxModes: 1
nStintCliques: 13

EmployeeInStintCost: [
18000 18000 18000 18000 18000 17376 8640 18126 18126 18126 18126 18126 18126 18126 18126 18126 18126 18126 18126 17502 33568 33568 33568 33568 33568 32944 18820 35932 35932 35932 35932 35932 30940 12588 11524 11524 11524 11524 11524 11524 11524 11524 11524 11524 11524 11524 10900 36100 36100 36100 36100 36100 31108 12916 32116 32116 32116 32116 32116 31492 18094 27820 27820 27820 27820 27820 27196 12142 31660 31660 31660 31660 31660 31036 15910 35470 35470 35470 35470 35470 30478 12646 
33144 33144 33144 33144 33144 32484 15312 20870 20870 20870 20870 20870 20870 20870 20870 20870 20870 20870 20870 20210 36816 36816 36816 36816 36816 36156 21528 37312 37312 37312 37312 37312 32032 13176 8160 8160 8160 8160 8160 8160 8160 8160 8160 8160 8160 8160 7500 22740 22740 22740 22740 22740 17460 8220 35364 35364 35364 35364 35364 34704 20802 18120 18120 18120 18120 18120 17460 8220 34788 34788 34788 34788 34788 34128 18498 22740 22740 22740 22740 22740 17460 8220 
19680 19680 19680 19680 19680 18972 9060 18630 18630 18630 18630 18630 18630 18630 18630 18630 18630 18630 18630 17922 35248 35248 35248 35248 35248 34540 19240 38200 38200 38200 38200 38200 32536 13008 12028 12028 12028 12028 12028 12028 12028 12028 12028 12028 12028 12028 11320 38368 38368 38368 38368 38368 32704 13336 33796 33796 33796 33796 33796 33088 18514 29500 29500 29500 29500 29500 28792 12562 33340 33340 33340 33340 33340 32632 16330 37738 37738 37738 37738 37738 32074 13066 
41504 41504 41504 41504 41504 40820 23312 10174 10174 10174 10174 10174 10174 10174 10174 10174 10174 10174 10174 9490 26456 26456 26456 26456 26456 25772 10808 49760 49760 49760 49760 49760 44288 25096 23932 23932 23932 23932 23932 23932 23932 23932 23932 23932 23932 23932 23248 49832 49832 49832 49832 49832 44360 25328 25004 25004 25004 25004 25004 24320 10082 41132 41132 41132 41132 41132 40448 24554 32404 32404 32404 32404 32404 31720 15754 49202 49202 49202 49202 49202 43730 25058 
37848 37848 37848 37848 37848 37170 19746 10338 10338 10338 10338 10338 10338 10338 10338 10338 10338 10338 10338 9660 26536 26536 26536 26536 26536 25858 10978 45966 45966 45966 45966 45966 40542 21434 20104 20104 20104 20104 20104 20104 20104 20104 20104 20104 20104 20104 19426 45894 45894 45894 45894 45894 40470 21522 25084 25084 25084 25084 25084 24406 10252 37236 37236 37236 37236 37236 36558 20748 28540 28540 28540 28540 28540 27862 11980 45264 45264 45264 45264 45264 39840 21252 
41144 41144 41144 41144 41144 40478 23222 10066 10066 10066 10066 10066 10066 10066 10066 10066 10066 10066 10066 9400 26096 26096 26096 26096 26096 25430 10718 49274 49274 49274 49274 49274 43946 25006 23824 23824 23824 23824 23824 23824 23824 23824 23824 23824 23824 23824 23158 49346 49346 49346 49346 49346 44018 25238 24644 24644 24644 24644 24644 23978 9992 40772 40772 40772 40772 40772 40106 24464 32044 32044 32044 32044 32044 31378 15664 48716 48716 48716 48716 48716 43388 24968 
31704 31704 31704 31704 31704 31116 14952 20438 20438 20438 20438 20438 20438 20438 20438 20438 20438 20438 20438 19850 35376 35376 35376 35376 35376 34788 21168 35368 35368 35368 35368 35368 30664 12816 7728 7728 7728 7728 7728 7728 7728 7728 7728 7728 7728 7728 7140 20796 20796 20796 20796 20796 16092 7860 33924 33924 33924 33924 33924 33336 20442 16680 16680 16680 16680 16680 16092 7860 33348 33348 33348 33348 33348 32760 18138 20796 20796 20796 20796 20796 16092 7860 
30120 30120 30120 30120 30120 29496 12828 19382 19382 19382 19382 19382 19382 19382 19382 19382 19382 19382 19382 18758 34824 34824 34824 34824 34824 34200 20076 21608 21608 21608 21608 21608 16616 7880 10700 10700 10700 10700 10700 10700 10700 10700 10700 10700 10700 10700 10076 35252 35252 35252 35252 35252 30260 12068 33372 33372 33372 33372 33372 32748 19350 26972 26972 26972 26972 26972 26348 11294 32948 32948 32948 32948 32948 32324 17198 34622 34622 34622 34622 34622 29630 11798 
32352 32352 32352 32352 32352 31656 13980 20726 20726 20726 20726 20726 20726 20726 20726 20726 20726 20726 20726 20030 37176 37176 37176 37176 37176 36480 21348 18792 18792 18792 18792 18792 13224 3480 10940 10940 10940 10940 10940 10940 10940 10940 10940 10940 10940 10940 10244 37068 37068 37068 37068 37068 31500 12300 35724 35724 35724 35724 35724 35028 20622 28284 28284 28284 28284 28284 27588 11526 35324 35324 35324 35324 35324 34628 18494 36438 36438 36438 36438 36438 30870 12030 
33288 33288 33288 33288 33288 32646 15726 13314 13314 13314 13314 13314 13314 13314 13314 13314 13314 13314 13314 12672 29008 29008 29008 29008 29008 28366 13990 41298 41298 41298 41298 41298 36162 17558 16648 16648 16648 16648 16648 16648 16648 16648 16648 16648 16648 16648 16006 41626 41626 41626 41626 41626 36490 18046 27556 27556 27556 27556 27556 26914 13264 33220 33220 33220 33220 33220 32578 17272 27772 27772 27772 27772 27772 27130 11752 40996 40996 40996 40996 40996 35860 17776 
33016 33016 33016 33016 33016 32368 15364 21390 21390 21390 21390 21390 21390 21390 21390 21390 21390 21390 21390 20742 37168 37168 37168 37168 37168 36520 22060 36564 36564 36564 36564 36564 31380 12692 5328 5328 5328 5328 5328 5328 5328 5328 5328 5328 5328 5328 4680 20656 20656 20656 20656 20656 15472 6400 35716 35716 35716 35716 35716 35068 21334 16120 16120 16120 16120 16120 15472 6400 35156 35156 35156 35156 35156 34508 19046 20656 20656 20656 20656 20656 15472 6400 
35472 35472 35472 35472 35472 34896 18900 9526 9526 9526 9526 9526 9526 9526 9526 9526 9526 9526 9526 8950 24296 24296 24296 24296 24296 23720 10268 42948 42948 42948 42948 42948 38340 20660 19372 19372 19372 19372 19372 19372 19372 19372 19372 19372 19372 19372 18796 42996 42996 42996 42996 42996 38388 20868 22844 22844 22844 22844 22844 22268 9542 35052 35052 35052 35052 35052 34476 20094 26340 26340 26340 26340 26340 25764 11310 42366 42366 42366 42366 42366 37758 20598 
36656 36656 36656 36656 36656 36002 18914 10274 10274 10274 10274 10274 10274 10274 10274 10274 10274 10274 10274 9620 26136 26136 26136 26136 26136 25482 10938 44694 44694 44694 44694 44694 39462 20690 19544 19544 19544 19544 19544 19544 19544 19544 19544 19544 19544 19544 18890 44806 44806 44806 44806 44806 39574 20962 24684 24684 24684 24684 24684 24030 10212 36316 36316 36316 36316 36316 35662 20188 27676 27676 27676 27676 27676 27022 11476 44176 44176 44176 44176 44176 38944 20692 
11880 11880 11880 11880 11880 11286 2970 17594 17594 17594 17594 17594 17594 17594 17594 17594 17594 17594 17594 17000 32616 32616 32616 32616 32616 32022 18318 35434 35434 35434 35434 35434 30682 12750 12208 12208 12208 12208 12208 12208 12208 12208 12208 12208 12208 12208 11614 36138 36138 36138 36138 36138 31386 13614 31164 31164 31164 31164 31164 30570 17592 28068 28068 28068 28068 28068 27474 12840 30884 30884 30884 30884 30884 30290 15584 35508 35508 35508 35508 35508 30756 13344 
31824 31824 31824 31824 31824 31230 14982 14234 14234 14234 14234 14234 14234 14234 14234 14234 14234 14234 14234 13640 29256 29256 29256 29256 29256 28662 14958 39130 39130 39130 39130 39130 34378 16446 14912 14912 14912 14912 14912 14912 14912 14912 14912 14912 14912 14912 14318 38938 38938 38938 38938 38938 34186 16414 27804 27804 27804 27804 27804 27210 14232 30868 30868 30868 30868 30868 30274 15640 27212 27212 27212 27212 27212 26618 11912 38308 38308 38308 38308 38308 33556 16144 
34128 34128 34128 34128 34128 33444 15936 13566 13566 13566 13566 13566 13566 13566 13566 13566 13566 13566 13566 12882 29848 29848 29848 29848 29848 29164 14200 42432 42432 42432 42432 42432 36960 17768 16900 16900 16900 16900 16900 16900 16900 16900 16900 16900 16900 16900 16216 42760 42760 42760 42760 42760 37288 18256 28396 28396 28396 28396 28396 27712 13474 34060 34060 34060 34060 34060 33376 17482 28612 28612 28612 28612 28612 27928 11962 42130 42130 42130 42130 42130 36658 17986 
33848 33848 33848 33848 33848 33260 17096 11638 11638 11638 11638 11638 11638 11638 11638 11638 11638 11638 11638 11050 26576 26576 26576 26576 26576 25988 12368 41328 41328 41328 41328 41328 36624 18776 17412 17412 17412 17412 17412 17412 17412 17412 17412 17412 17412 17412 16824 41304 41304 41304 41304 41304 36600 18912 25124 25124 25124 25124 25124 24536 11642 33276 33276 33276 33276 33276 32688 18138 11760 11760 11760 11760 11760 11172 2940 40674 40674 40674 40674 40674 35970 18642 
33528 33528 33528 33528 33528 32874 15786 13386 13386 13386 13386 13386 13386 13386 13386 13386 13386 13386 13386 12732 29248 29248 29248 29248 29248 28594 14050 41622 41622 41622 41622 41622 36390 17618 16720 16720 16720 16720 16720 16720 16720 16720 16720 16720 16720 16720 16066 41950 41950 41950 41950 41950 36718 18106 27796 27796 27796 27796 27796 27142 13324 33460 33460 33460 33460 33460 32806 17332 28012 28012 28012 28012 28012 27358 11812 41320 41320 41320 41320 41320 36088 17836 
38424 38424 38424 38424 38424 37794 21042 3780 3780 3780 3780 3780 3780 3780 3780 3780 3780 3780 3780 3150 12600 12600 12600 12600 12600 11970 3150 46318 46318 46318 46318 46318 41278 22842 21680 21680 21680 21680 21680 21680 21680 21680 21680 21680 21680 21680 21050 46438 46438 46438 46438 46438 41398 23122 12600 12600 12600 12600 12600 11970 3150 38116 38116 38116 38116 38116 37486 22348 29420 29420 29420 29420 29420 28790 13580 45808 45808 45808 45808 45808 40768 22852 
19320 19320 19320 19320 19320 18630 8970 18522 18522 18522 18522 18522 18522 18522 18522 18522 18522 18522 18522 17832 34888 34888 34888 34888 34888 34198 19150 37714 37714 37714 37714 37714 32194 12918 11920 11920 11920 11920 11920 11920 11920 11920 11920 11920 11920 11920 11230 37882 37882 37882 37882 37882 32362 13246 33436 33436 33436 33436 33436 32746 18424 29140 29140 29140 29140 29140 28450 12472 32980 32980 32980 32980 32980 32290 16240 37252 37252 37252 37252 37252 31732 12976 
37272 37272 37272 37272 37272 36606 19350 10066 10066 10066 10066 10066 10066 10066 10066 10066 10066 10066 10066 9400 26096 26096 26096 26096 26096 25430 10718 45378 45378 45378 45378 45378 40050 21110 19912 19912 19912 19912 19912 19912 19912 19912 19912 19912 19912 19912 19246 45426 45426 45426 45426 45426 40098 21318 24644 24644 24644 24644 24644 23978 9992 36852 36852 36852 36852 36852 36186 20544 28140 28140 28140 28140 28140 27474 11760 44796 44796 44796 44796 44796 39468 21048 
31016 31016 31016 31016 31016 30410 13994 16402 16402 16402 16402 16402 16402 16402 16402 16402 16402 16402 16402 15796 31592 31592 31592 31592 31592 30986 17114 37774 37774 37774 37774 37774 32926 14826 12960 12960 12960 12960 12960 12960 12960 12960 12960 12960 12960 12960 12354 37262 37262 37262 37262 37262 32414 14474 30140 30140 30140 30140 30140 29534 16388 29108 29108 29108 29108 29108 28502 13700 29556 29556 29556 29556 29556 28950 14076 36632 36632 36632 36632 36632 31784 14204 
32736 32736 32736 32736 32736 32070 14814 20946 20946 20946 20946 20946 20946 20946 20946 20946 20946 20946 20946 20280 36976 36976 36976 36976 36976 36310 21598 36538 36538 36538 36538 36538 31210 12270 5756 5756 5756 5756 5756 5756 5756 5756 5756 5756 5756 5756 5090 17982 17982 17982 17982 17982 12654 3330 35524 35524 35524 35524 35524 34858 20872 13320 13320 13320 13320 13320 12654 3330 34980 34980 34980 34980 34980 34314 18600 17982 17982 17982 17982 17982 12654 3330 
33288 33288 33288 33288 33288 32646 15726 13314 13314 13314 13314 13314 13314 13314 13314 13314 13314 13314 13314 12672 29008 29008 29008 29008 29008 28366 13990 41298 41298 41298 41298 41298 36162 17558 16648 16648 16648 16648 16648 16648 16648 16648 16648 16648 16648 16648 16006 41626 41626 41626 41626 41626 36490 18046 27556 27556 27556 27556 27556 26914 13264 33220 33220 33220 33220 33220 32578 17272 27772 27772 27772 27772 27772 27130 11752 40996 40996 40996 40996 40996 35860 17776 
33848 33848 33848 33848 33848 33260 17096 11638 11638 11638 11638 11638 11638 11638 11638 11638 11638 11638 11638 11050 26576 26576 26576 26576 26576 25988 12368 41328 41328 41328 41328 41328 36624 18776 17412 17412 17412 17412 17412 17412 17412 17412 17412 17412 17412 17412 16824 41304 41304 41304 41304 41304 36600 18912 25124 25124 25124 25124 25124 24536 11642 33276 33276 33276 33276 33276 32688 18138 11760 11760 11760 11760 11760 11172 2940 40674 40674 40674 40674 40674 35970 18642 
31616 31616 31616 31616 31616 30980 14144 16582 16582 16582 16582 16582 16582 16582 16582 16582 16582 16582 16582 15946 32192 32192 32192 32192 32192 31556 17264 38584 38584 38584 38584 38584 33496 14976 13140 13140 13140 13140 13140 13140 13140 13140 13140 13140 13140 13140 12504 38072 38072 38072 38072 38072 32984 14624 30740 30740 30740 30740 30740 30104 16538 29708 29708 29708 29708 29708 29072 13850 30156 30156 30156 30156 30156 29520 14226 37442 37442 37442 37442 37442 32354 14354 
32568 32568 32568 32568 32568 31962 15546 13098 13098 13098 13098 13098 13098 13098 13098 13098 13098 13098 13098 12492 28288 28288 28288 28288 28288 27682 13810 40326 40326 40326 40326 40326 35478 17378 16432 16432 16432 16432 16432 16432 16432 16432 16432 16432 16432 16432 15826 40654 40654 40654 40654 40654 35806 17866 26836 26836 26836 26836 26836 26230 13084 32500 32500 32500 32500 32500 31894 17092 27052 27052 27052 27052 27052 26446 11572 40024 40024 40024 40024 40024 35176 17596 
37704 37704 37704 37704 37704 37110 20862 3564 3564 3564 3564 3564 3564 3564 3564 3564 3564 3564 3564 2970 11880 11880 11880 11880 11880 11286 2970 45346 45346 45346 45346 45346 40594 22662 21464 21464 21464 21464 21464 21464 21464 21464 21464 21464 21464 21464 20870 45466 45466 45466 45466 45466 40714 22942 11880 11880 11880 11880 11880 11286 2970 37396 37396 37396 37396 37396 36802 22168 28700 28700 28700 28700 28700 28106 13400 44836 44836 44836 44836 44836 40084 22672 
17520 17520 17520 17520 17520 16920 8520 17982 17982 17982 17982 17982 17982 17982 17982 17982 17982 17982 17982 17382 33088 33088 33088 33088 33088 32488 18700 35284 35284 35284 35284 35284 30484 12468 11380 11380 11380 11380 11380 11380 11380 11380 11380 11380 11380 11380 10780 35452 35452 35452 35452 35452 30652 12796 31636 31636 31636 31636 31636 31036 17974 27340 27340 27340 27340 27340 26740 12022 31180 31180 31180 31180 31180 30580 15790 34822 34822 34822 34822 34822 30022 12526 
33920 33920 33920 33920 33920 33254 15998 13810 13810 13810 13810 13810 13810 13810 13810 13810 13810 13810 13810 13144 29840 29840 29840 29840 29840 29174 14462 41834 41834 41834 41834 41834 36506 17566 16184 16184 16184 16184 16184 16184 16184 16184 16184 16184 16184 16184 15518 41714 41714 41714 41714 41714 36386 17606 28388 28388 28388 28388 28388 27722 13736 33140 33140 33140 33140 33140 32474 16832 27804 27804 27804 27804 27804 27138 11424 41084 41084 41084 41084 41084 35756 17336 
37752 37752 37752 37752 37752 37062 19470 10210 10210 10210 10210 10210 10210 10210 10210 10210 10210 10210 10210 9520 26576 26576 26576 26576 26576 25886 10838 46026 46026 46026 46026 46026 40506 21230 20056 20056 20056 20056 20056 20056 20056 20056 20056 20056 20056 20056 19366 46074 46074 46074 46074 46074 40554 21438 25124 25124 25124 25124 25124 24434 10112 37332 37332 37332 37332 37332 36642 20664 28620 28620 28620 28620 28620 27930 11880 45444 45444 45444 45444 45444 39924 21168 
30608 30608 30608 30608 30608 30032 14036 18870 18870 18870 18870 18870 18870 18870 18870 18870 18870 18870 18870 18294 33640 33640 33640 33640 33640 33064 19612 35308 35308 35308 35308 35308 30700 13020 10244 10244 10244 10244 10244 10244 10244 10244 10244 10244 10244 10244 9668 34012 34012 34012 34012 34012 29404 11884 32188 32188 32188 32188 32188 31612 18886 26068 26068 26068 26068 26068 25492 11110 31604 31604 31604 31604 31604 31028 16574 33382 33382 33382 33382 33382 28774 11614 
19200 19200 19200 19200 19200 18516 8940 18486 18486 18486 18486 18486 18486 18486 18486 18486 18486 18486 18486 17802 34768 34768 34768 34768 34768 34084 19120 37552 37552 37552 37552 37552 32080 12888 11884 11884 11884 11884 11884 11884 11884 11884 11884 11884 11884 11884 11200 37720 37720 37720 37720 37720 32248 13216 33316 33316 33316 33316 33316 32632 18394 29020 29020 29020 29020 29020 28336 12442 32860 32860 32860 32860 32860 32176 16210 37090 37090 37090 37090 37090 31618 12946 
39704 39704 39704 39704 39704 39110 22862 9634 9634 9634 9634 9634 9634 9634 9634 9634 9634 9634 9634 9040 24656 24656 24656 24656 24656 24062 10358 47330 47330 47330 47330 47330 42578 24646 23392 23392 23392 23392 23392 23392 23392 23392 23392 23392 23392 23392 22798 47402 47402 47402 47402 47402 42650 24878 23204 23204 23204 23204 23204 22610 9632 39332 39332 39332 39332 39332 38738 24104 30604 30604 30604 30604 30604 30010 15304 46772 46772 46772 46772 46772 42020 24608 
37584 37584 37584 37584 37584 36996 20832 3528 3528 3528 3528 3528 3528 3528 3528 3528 3528 3528 3528 2940 11760 11760 11760 11760 11760 11172 2940 45184 45184 45184 45184 45184 40480 22632 21428 21428 21428 21428 21428 21428 21428 21428 21428 21428 21428 21428 20840 45304 45304 45304 45304 45304 40600 22912 11760 11760 11760 11760 11760 11172 2940 37276 37276 37276 37276 37276 36688 22138 28580 28580 28580 28580 28580 27992 13370 44674 44674 44674 44674 44674 39970 22642 
34928 34928 34928 34928 34928 34286 17366 11962 11962 11962 11962 11962 11962 11962 11962 11962 11962 11962 11962 11320 27656 27656 27656 27656 27656 27014 12638 42786 42786 42786 42786 42786 37650 19046 17736 17736 17736 17736 17736 17736 17736 17736 17736 17736 17736 17736 17094 42762 42762 42762 42762 42762 37626 19182 26204 26204 26204 26204 26204 25562 11912 34356 34356 34356 34356 34356 33714 18408 12840 12840 12840 12840 12840 12198 3210 42132 42132 42132 42132 42132 36996 18912 
33328 33328 33328 33328 33328 32668 15496 14918 14918 14918 14918 14918 14918 14918 14918 14918 14918 14918 14918 14258 30864 30864 30864 30864 30864 30204 15576 40928 40928 40928 40928 40928 35648 16792 15148 15148 15148 15148 15148 15148 15148 15148 15148 15148 15148 15148 14488 40584 40584 40584 40584 40584 35304 16608 29412 29412 29412 29412 29412 28752 14850 32052 32052 32052 32052 32052 31392 15834 28844 28844 28844 28844 28844 28184 12554 39954 39954 39954 39954 39954 34674 16338 
12240 12240 12240 12240 12240 11628 3060 17702 17702 17702 17702 17702 17702 17702 17702 17702 17702 17702 17702 17090 32976 32976 32976 32976 32976 32364 18408 35920 35920 35920 35920 35920 31024 12840 12316 12316 12316 12316 12316 12316 12316 12316 12316 12316 12316 12316 11704 36624 36624 36624 36624 36624 31728 13704 31524 31524 31524 31524 31524 30912 17682 28428 28428 28428 28428 28428 27816 12930 31244 31244 31244 31244 31244 30632 15674 35994 35994 35994 35994 35994 31098 13434 
39104 39104 39104 39104 39104 38540 22712 9454 9454 9454 9454 9454 9454 9454 9454 9454 9454 9454 9454 8890 24056 24056 24056 24056 24056 23492 10208 46520 46520 46520 46520 46520 42008 24496 23212 23212 23212 23212 23212 23212 23212 23212 23212 23212 23212 23212 22648 46592 46592 46592 46592 46592 42080 24728 22604 22604 22604 22604 22604 22040 9482 38732 38732 38732 38732 38732 38168 23954 30004 30004 30004 30004 30004 29440 15154 45962 45962 45962 45962 45962 41450 24458 
18120 18120 18120 18120 18120 17490 8670 18162 18162 18162 18162 18162 18162 18162 18162 18162 18162 18162 18162 17532 33688 33688 33688 33688 33688 33058 18850 36094 36094 36094 36094 36094 31054 12618 11560 11560 11560 11560 11560 11560 11560 11560 11560 11560 11560 11560 10930 36262 36262 36262 36262 36262 31222 12946 32236 32236 32236 32236 32236 31606 18124 27940 27940 27940 27940 27940 27310 12172 31780 31780 31780 31780 31780 31150 15940 35632 35632 35632 35632 35632 30592 12676 
32328 32328 32328 32328 32328 31734 15486 13026 13026 13026 13026 13026 13026 13026 13026 13026 13026 13026 13026 12432 28048 28048 28048 28048 28048 27454 13750 40002 40002 40002 40002 40002 35250 17318 16360 16360 16360 16360 16360 16360 16360 16360 16360 16360 16360 16360 15766 40330 40330 40330 40330 40330 35578 17806 26596 26596 26596 26596 26596 26002 13024 32260 32260 32260 32260 32260 31666 17032 26812 26812 26812 26812 26812 26218 11512 39700 39700 39700 39700 39700 34948 17536 
32488 32488 32488 32488 32488 31852 15016 21046 21046 21046 21046 21046 21046 21046 21046 21046 21046 21046 21046 20410 36656 36656 36656 36656 36656 36020 21728 36024 36024 36024 36024 36024 30936 12416 3816 3816 3816 3816 3816 3816 3816 3816 3816 3816 3816 3816 3180 18932 18932 18932 18932 18932 13844 4940 35204 35204 35204 35204 35204 34568 21002 14480 14480 14480 14480 14480 13844 4940 34644 34644 34644 34644 34644 34008 18714 18932 18932 18932 18932 18932 13844 4940 
32112 32112 32112 32112 32112 31428 13920 20654 20654 20654 20654 20654 20654 20654 20654 20654 20654 20654 20654 19970 36936 36936 36936 36936 36936 36252 21288 18468 18468 18468 18468 18468 12996 3420 10868 10868 10868 10868 10868 10868 10868 10868 10868 10868 10868 10868 10184 36744 36744 36744 36744 36744 31272 12240 35484 35484 35484 35484 35484 34800 20562 28044 28044 28044 28044 28044 27360 11466 35084 35084 35084 35084 35084 34400 18434 36114 36114 36114 36114 36114 30642 11970 
37704 37704 37704 37704 37704 37110 20862 3564 3564 3564 3564 3564 3564 3564 3564 3564 3564 3564 3564 2970 11880 11880 11880 11880 11880 11286 2970 45346 45346 45346 45346 45346 40594 22662 21464 21464 21464 21464 21464 21464 21464 21464 21464 21464 21464 21464 20870 45466 45466 45466 45466 45466 40714 22942 11880 11880 11880 11880 11880 11286 2970 37396 37396 37396 37396 37396 36802 22168 28700 28700 28700 28700 28700 28106 13400 44836 44836 44836 44836 44836 40084 22672 
32184 32184 32184 32184 32184 31572 15072 14342 14342 14342 14342 14342 14342 14342 14342 14342 14342 14342 14342 13730 29616 29616 29616 29616 29616 29004 15048 39616 39616 39616 39616 39616 34720 16536 15020 15020 15020 15020 15020 15020 15020 15020 15020 15020 15020 15020 14408 39424 39424 39424 39424 39424 34528 16504 28164 28164 28164 28164 28164 27552 14322 31228 31228 31228 31228 31228 30616 15730 27572 27572 27572 27572 27572 26960 12002 38794 38794 38794 38794 38794 33898 16234 
35696 35696 35696 35696 35696 35090 18674 9986 9986 9986 9986 9986 9986 9986 9986 9986 9986 9986 9986 9380 25176 25176 25176 25176 25176 24570 10698 43398 43398 43398 43398 43398 38550 20450 19256 19256 19256 19256 19256 19256 19256 19256 19256 19256 19256 19256 18650 43510 43510 43510 43510 43510 38662 20722 23724 23724 23724 23724 23724 23118 9972 35356 35356 35356 35356 35356 34750 19948 26716 26716 26716 26716 26716 26110 11236 42880 42880 42880 42880 42880 38032 20452 
32608 32608 32608 32608 32608 31966 15046 21082 21082 21082 21082 21082 21082 21082 21082 21082 21082 21082 21082 20440 36776 36776 36776 36776 36776 36134 21758 36186 36186 36186 36186 36186 31050 12446 3852 3852 3852 3852 3852 3852 3852 3852 3852 3852 3852 3852 3210 19094 19094 19094 19094 19094 13958 4970 35324 35324 35324 35324 35324 34682 21032 14600 14600 14600 14600 14600 13958 4970 34764 34764 34764 34764 34764 34122 18744 19094 19094 19094 19094 19094 13958 4970 
38784 38784 38784 38784 38784 38136 21132 3888 3888 3888 3888 3888 3888 3888 3888 3888 3888 3888 3888 3240 12960 12960 12960 12960 12960 12312 3240 46804 46804 46804 46804 46804 41620 22932 21788 21788 21788 21788 21788 21788 21788 21788 21788 21788 21788 21788 21140 46924 46924 46924 46924 46924 41740 23212 12960 12960 12960 12960 12960 12312 3240 38476 38476 38476 38476 38476 37828 22438 29780 29780 29780 29780 29780 29132 13670 46294 46294 46294 46294 46294 41110 22942 
12120 12120 12120 12120 12120 11514 3030 17666 17666 17666 17666 17666 17666 17666 17666 17666 17666 17666 17666 17060 32856 32856 32856 32856 32856 32250 18378 35758 35758 35758 35758 35758 30910 12810 12280 12280 12280 12280 12280 12280 12280 12280 12280 12280 12280 12280 11674 36462 36462 36462 36462 36462 31614 13674 31404 31404 31404 31404 31404 30798 17652 28308 28308 28308 28308 28308 27702 12900 31124 31124 31124 31124 31124 30518 15644 35832 35832 35832 35832 35832 30984 13404 
31272 31272 31272 31272 31272 30630 13710 20402 20402 20402 20402 20402 20402 20402 20402 20402 20402 20402 20402 19760 36096 36096 36096 36096 36096 35454 21078 17334 17334 17334 17334 17334 12198 3210 10616 10616 10616 10616 10616 10616 10616 10616 10616 10616 10616 10616 9974 35610 35610 35610 35610 35610 30474 12030 34644 34644 34644 34644 34644 34002 20352 27204 27204 27204 27204 27204 26562 11256 34244 34244 34244 34244 34244 33602 18224 34980 34980 34980 34980 34980 29844 11760 
37128 37128 37128 37128 37128 36486 19566 10122 10122 10122 10122 10122 10122 10122 10122 10122 10122 10122 10122 9480 25816 25816 25816 25816 25816 25174 10798 44994 44994 44994 44994 44994 39858 21254 19888 19888 19888 19888 19888 19888 19888 19888 19888 19888 19888 19888 19246 44922 44922 44922 44922 44922 39786 21342 24364 24364 24364 24364 24364 23722 10072 36516 36516 36516 36516 36516 35874 20568 27820 27820 27820 27820 27820 27178 11800 44292 44292 44292 44292 44292 39156 21072 
30840 30840 30840 30840 30840 30180 13008 19598 19598 19598 19598 19598 19598 19598 19598 19598 19598 19598 19598 18938 35544 35544 35544 35544 35544 34884 20256 22580 22580 22580 22580 22580 17300 8060 10916 10916 10916 10916 10916 10916 10916 10916 10916 10916 10916 10916 10256 36224 36224 36224 36224 36224 30944 12248 34092 34092 34092 34092 34092 33432 19530 27692 27692 27692 27692 27692 27032 11474 33668 33668 33668 33668 33668 33008 17378 35594 35594 35594 35594 35594 30314 11978 
32184 32184 32184 32184 32184 31572 15072 14342 14342 14342 14342 14342 14342 14342 14342 14342 14342 14342 14342 13730 29616 29616 29616 29616 29616 29004 15048 39616 39616 39616 39616 39616 34720 16536 15020 15020 15020 15020 15020 15020 15020 15020 15020 15020 15020 15020 14408 39424 39424 39424 39424 39424 34528 16504 28164 28164 28164 28164 28164 27552 14322 31228 31228 31228 31228 31228 30616 15730 27572 27572 27572 27572 27572 26960 12002 38794 38794 38794 38794 38794 33898 16234 
39464 39464 39464 39464 39464 38882 22802 9562 9562 9562 9562 9562 9562 9562 9562 9562 9562 9562 9562 8980 24416 24416 24416 24416 24416 23834 10298 47006 47006 47006 47006 47006 42350 24586 23320 23320 23320 23320 23320 23320 23320 23320 23320 23320 23320 23320 22738 47078 47078 47078 47078 47078 42422 24818 22964 22964 22964 22964 22964 22382 9572 39092 39092 39092 39092 39092 38510 24044 30364 30364 30364 30364 30364 29782 15244 46448 46448 46448 46448 46448 41792 24548 
33608 33608 33608 33608 33608 33032 17036 11566 11566 11566 11566 11566 11566 11566 11566 11566 11566 11566 11566 10990 26336 26336 26336 26336 26336 25760 12308 41004 41004 41004 41004 41004 36396 18716 17340 17340 17340 17340 17340 17340 17340 17340 17340 17340 17340 17340 16764 40980 40980 40980 40980 40980 36372 18852 24884 24884 24884 24884 24884 24308 11582 33036 33036 33036 33036 33036 32460 18078 11520 11520 11520 11520 11520 10944 2880 40350 40350 40350 40350 40350 35742 18582 
33968 33968 33968 33968 33968 33374 17126 11674 11674 11674 11674 11674 11674 11674 11674 11674 11674 11674 11674 11080 26696 26696 26696 26696 26696 26102 12398 41490 41490 41490 41490 41490 36738 18806 17448 17448 17448 17448 17448 17448 17448 17448 17448 17448 17448 17448 16854 41466 41466 41466 41466 41466 36714 18942 25244 25244 25244 25244 25244 24650 11672 33396 33396 33396 33396 33396 32802 18168 11880 11880 11880 11880 11880 11286 2970 40836 40836 40836 40836 40836 36084 18672 
33144 33144 33144 33144 33144 32484 15312 14630 14630 14630 14630 14630 14630 14630 14630 14630 14630 14630 14630 13970 30576 30576 30576 30576 30576 29916 15288 40912 40912 40912 40912 40912 35632 16776 15308 15308 15308 15308 15308 15308 15308 15308 15308 15308 15308 15308 14648 40720 40720 40720 40720 40720 35440 16744 29124 29124 29124 29124 29124 28464 14562 32188 32188 32188 32188 32188 31528 15970 28532 28532 28532 28532 28532 27872 12242 40090 40090 40090 40090 40090 34810 16474 
32248 32248 32248 32248 32248 31642 15226 14594 14594 14594 14594 14594 14594 14594 14594 14594 14594 14594 14594 13988 29784 29784 29784 29784 29784 29178 15306 39470 39470 39470 39470 39470 34622 16522 14824 14824 14824 14824 14824 14824 14824 14824 14824 14824 14824 14824 14218 39126 39126 39126 39126 39126 34278 16338 28332 28332 28332 28332 28332 27726 14580 30972 30972 30972 30972 30972 30366 15564 27764 27764 27764 27764 27764 27158 12284 38496 38496 38496 38496 38496 33648 16068 
32728 32728 32728 32728 32728 32098 15346 14738 14738 14738 14738 14738 14738 14738 14738 14738 14738 14738 14738 14108 30264 30264 30264 30264 30264 29634 15426 40118 40118 40118 40118 40118 35078 16642 14968 14968 14968 14968 14968 14968 14968 14968 14968 14968 14968 14968 14338 39774 39774 39774 39774 39774 34734 16458 28812 28812 28812 28812 28812 28182 14700 31452 31452 31452 31452 31452 30822 15684 28244 28244 28244 28244 28244 27614 12404 39144 39144 39144 39144 39144 34104 16188 
32568 32568 32568 32568 32568 31962 15546 13098 13098 13098 13098 13098 13098 13098 13098 13098 13098 13098 13098 12492 28288 28288 28288 28288 28288 27682 13810 40326 40326 40326 40326 40326 35478 17378 16432 16432 16432 16432 16432 16432 16432 16432 16432 16432 16432 16432 15826 40654 40654 40654 40654 40654 35806 17866 26836 26836 26836 26836 26836 26230 13084 32500 32500 32500 32500 32500 31894 17092 27052 27052 27052 27052 27052 26446 11572 40024 40024 40024 40024 40024 35176 17596 
]

ExternalWorkerWithSkillOnStintCost: [
40248 29880 30096 34488 31536 36936 20484 15150 13140 12510 12480 13950 15510 17730 13620 12780 15090 14790 15000 12480 38952 41544 39600 33192 30600 34488 15516 49056 40152 37044 40908 38808 36708 21204 16170 17640 17430 12360 15540 15390 13620 15630 13110 15780 12960 17220 12090 48384 46536 36456 38052 38556 46200 16308 33984 34128 37296 30312 32832 41256 20988 29088 41400 37584 30672 31896 33840 14436 42264 36288 31536 36288 39744 32040 20988 40656 36372 47544 38724 39648 33768 19656 
42408 43056 33696 37512 37944 29664 16632 14580 15510 15240 15900 17700 16590 16950 13770 14850 15990 13710 17220 13530 40032 34416 39528 33912 35928 37584 18504 45276 43428 33600 44520 39480 43848 19008 12570 12480 16260 17700 17400 15240 17070 14250 12120 13200 17340 15990 12600 48888 46704 37968 38640 49308 38472 17532 37584 42192 35712 38880 39744 32904 17172 41760 39168 38304 36936 34200 33624 15696 41472 38232 34560 34272 37152 34344 21204 47208 35784 48048 47880 40908 37632 15840 
41112 33120 29448 40464 39960 41544 14580 15270 15750 16140 16860 15030 16770 15480 16560 12120 17310 12330 13200 12450 34560 41472 29160 42408 33336 28800 21312 39984 38892 45696 44772 39900 45444 19800 16890 12990 13260 16620 15900 12300 16470 12210 12630 17520 12990 16530 16980 49728 45444 45444 41916 41328 45528 17460 30384 29448 39888 29304 36504 29592 18936 32472 38880 39024 31536 33048 34632 16992 36576 36576 37728 32184 42336 30960 19332 45780 37632 49644 33936 36960 37044 18144 
]

OverlappingStints: [
[ 2 8 9 10 21 22 28 29 35 36 37 48 49 55 56 62 63 69 70 76 77 ]
[ 3 10 11 12 21 22 23 28 29 30 37 38 39 48 49 50 55 56 57 62 63 64 69 70 71 76 77 78 ]
[ 4 12 13 14 22 23 24 29 30 31 39 40 41 49 50 51 56 57 58 63 64 65 70 71 72 77 78 79 ]
[ 5 14 15 16 23 24 25 30 31 32 41 42 43 50 51 52 57 58 59 64 65 66 71 72 73 78 79 80 ]
[ 6 16 17 18 24 25 26 31 32 33 43 44 45 51 52 53 58 59 60 65 66 67 72 73 74 79 80 81 ]
[ 7 18 19 20 25 26 27 32 33 34 45 46 47 52 53 54 59 60 61 66 67 68 73 74 75 80 81 82 ]
[ 20 26 27 33 34 47 53 54 60 61 67 68 74 75 81 82 ]
[ 21 28 35 48 55 62 69 76 ]
[ 21 28 36 48 55 62 69 76 ]
[ 21 22 28 29 37 48 49 55 56 62 63 69 70 76 77 ]
[ 22 28 29 38 48 49 56 63 70 76 77 ]
[ 22 23 29 30 39 49 50 56 57 63 64 70 71 77 78 ]
[ 23 29 30 40 49 50 57 64 71 77 78 ]
[ 23 24 30 31 41 50 51 57 58 64 65 71 72 78 79 ]
[ 24 30 31 42 50 51 58 65 72 78 79 ]
[ 24 25 31 32 43 51 52 58 59 65 66 72 73 79 80 ]
[ 25 31 32 44 51 52 59 66 73 79 80 ]
[ 25 26 32 33 45 52 53 59 60 66 67 73 74 80 81 ]
[ 26 32 33 46 52 53 60 67 74 80 81 ]
[ 26 27 33 34 47 53 54 60 61 67 68 74 75 81 82 ]
[ 22 28 29 35 36 37 48 49 55 56 62 63 69 70 76 77 ]
[ 23 28 29 30 37 38 39 48 49 50 55 56 57 62 63 64 69 70 71 76 77 78 ]
[ 24 29 30 31 39 40 41 49 50 51 56 57 58 63 64 65 70 71 72 77 78 79 ]
[ 25 30 31 32 41 42 43 50 51 52 57 58 59 64 65 66 71 72 73 78 79 80 ]
[ 26 31 32 33 43 44 45 51 52 53 58 59 60 65 66 67 72 73 74 79 80 81 ]
[ 27 32 33 34 45 46 47 52 53 54 59 60 61 66 67 68 73 74 75 80 81 82 ]
[ 33 34 47 53 54 60 61 67 68 74 75 81 82 ]
[ 29 35 36 37 38 48 49 55 56 62 63 69 70 76 77 ]
[ 30 37 38 39 40 48 49 50 55 56 57 62 63 64 69 70 71 76 77 78 ]
[ 31 39 40 41 42 49 50 51 56 57 58 63 64 65 70 71 72 77 78 79 ]
[ 32 41 42 43 44 50 51 52 57 58 59 64 65 66 71 72 73 78 79 80 ]
[ 33 43 44 45 46 51 52 53 58 59 60 65 66 67 72 73 74 79 80 81 ]
[ 34 45 46 47 52 53 54 59 60 61 66 67 68 73 74 75 80 81 82 ]
[ 47 53 54 60 61 67 68 74 75 81 82 ]
[ 48 55 62 69 76 ]
[ 48 55 62 69 76 ]
[ 48 49 55 56 62 63 69 70 76 77 ]
[ 48 49 56 63 70 76 77 ]
[ 49 50 56 57 63 64 70 71 77 78 ]
[ 49 50 57 64 71 77 78 ]
[ 50 51 57 58 64 65 71 72 78 79 ]
[ 50 51 58 65 72 78 79 ]
[ 51 52 58 59 65 66 72 73 79 80 ]
[ 51 52 59 66 73 79 80 ]
[ 52 53 59 60 66 67 73 74 80 81 ]
[ 52 53 60 67 74 80 81 ]
[ 53 54 60 61 67 68 74 75 81 82 ]
[ 49 55 56 62 63 69 70 76 77 ]
[ 50 55 56 57 62 63 64 69 70 71 76 77 78 ]
[ 51 56 57 58 63 64 65 70 71 72 77 78 79 ]
[ 52 57 58 59 64 65 66 71 72 73 78 79 80 ]
[ 53 58 59 60 65 66 67 72 73 74 79 80 81 ]
[ 54 59 60 61 66 67 68 73 74 75 80 81 82 ]
[ 60 61 67 68 74 75 81 82 ]
[ 56 62 63 69 70 76 77 ]
[ 57 62 63 64 69 70 71 76 77 78 ]
[ 58 63 64 65 70 71 72 77 78 79 ]
[ 59 64 65 66 71 72 73 78 79 80 ]
[ 60 65 66 67 72 73 74 79 80 81 ]
[ 61 66 67 68 73 74 75 80 81 82 ]
[ 67 68 74 75 81 82 ]
[ 63 69 70 76 77 ]
[ 64 69 70 71 76 77 78 ]
[ 65 70 71 72 77 78 79 ]
[ 66 71 72 73 78 79 80 ]
[ 67 72 73 74 79 80 81 ]
[ 68 73 74 75 80 81 82 ]
[ 74 75 81 82 ]
[ 70 76 77 ]
[ 71 76 77 78 ]
[ 72 77 78 79 ]
[ 73 78 79 80 ]
[ 74 79 80 81 ]
[ 75 80 81 82 ]
[ 81 82 ]
[ 77 ]
[ 78 ]
[ 79 ]
[ 80 ]
[ 81 ]
[ 82 ]
[ ]
]

EmployeesWithSkill: [
[ 1 2 3 4 5 6 7 8 9 10 11 12 13 14 15 16 17 18 19 20 21 22 23 24 25 26 27 28 29 30 31 32 33 34 35 36 37 38 39 40 41 42 43 44 45 46 47 48 49 50 51 52 53 54 55 56 57 58 59 60 ]
[ 2 3 4 5 6 7 8 9 10 12 13 14 16 17 18 19 20 21 23 24 26 27 28 29 30 31 32 33 34 35 36 37 38 41 42 43 46 47 48 51 52 53 55 56 57 58 59 60 ]
[ 3 13 15 37 48 50 57 ]
]

SkillDemandInActivityWithMode: [
0	
1	
1	
1	
1	
1	
1	
1	
1	
1	
1	
1	
1	
1	
1	
1	
1	
1	
1	
1	
1	
1	
0	
4	
3	
1	
3	
4	
3	
2	
3	
3	
4	
1	
4	
3	
0	
15	
14	
5	
24	
8	
14	
24	
18	
24	
5	
11	
14	
24	
21	
27	
7	
14	
23	
10	
15	
9	
23	
23	
14	
0	
23	
14	
23	
58	
29	
37	
58	
29	
16	
48	
29	
36	
8	
15	
42	
7	
48	
42	
0	
10	
3	
8	
8	
8	
8	
6	
3	
8	
7	
3	
2	
10	
8	
0	
3	
5	
6	
2	
5	
5	
4	
7	
6	
5	
3	
6	
4	
2	
0	
7	
4	
9	
6	
7	
7	
7	
7	
9	
9	
9	
6	
2	
6	
3	
0	
5	
15	
8	
15	
8	
8	
5	
15	
0	
10	
3	
5	
3	
7	
8	
11	
11	
13	
7	
11	
10	
8	
11	
5	
0	
1	
1	
2	
3	
4	
3	
3	
3	
5	
4	
5	
1	
3	
1	
2	

0	
0	
0	
0	
0	
0	
0	
1	
0	
0	
0	
0	
0	
1	
0	
0	
0	
1	
1	
0	
0	
0	
0	
1	
0	
0	
0	
1	
0	
0	
0	
0	
1	
0	
1	
0	
0	
6	
6	
2	
10	
3	
6	
10	
8	
10	
2	
4	
6	
10	
9	
12	
3	
6	
10	
4	
6	
4	
10	
10	
6	
0	
3	
2	
3	
9	
4	
6	
9	
4	
2	
8	
4	
6	
1	
2	
6	
1	
8	
6	
0	
13	
3	
10	
10	
10	
10	
7	
2	
10	
8	
2	
2	
13	
10	
0	
5	
9	
12	
3	
9	
10	
8	
15	
12	
10	
5	
12	
9	
4	
0	
7	
3	
8	
5	
7	
7	
7	
7	
8	
8	
8	
5	
1	
6	
2	
0	
39	
119	
59	
119	
59	
59	
39	
119	
0	
16	
4	
8	
4	
11	
14	
18	
18	
22	
11	
18	
16	
12	
18	
7	
0	
0	
0	
0	
0	
0	
0	
0	
0	
0	
0	
0	
0	
0	
0	
0	

0	
0	
1	
0	
0	
0	
0	
1	
1	
0	
0	
0	
0	
1	
0	
0	
0	
1	
1	
0	
0	
0	
0	
2	
1	
0	
1	
2	
1	
0	
1	
1	
2	
0	
2	
1	
0	
0	
0	
0	
0	
0	
0	
0	
0	
0	
0	
0	
0	
0	
0	
0	
0	
0	
0	
0	
0	
0	
0	
0	
0	
0	
0	
0	
0	
1	
0	
1	
1	
0	
0	
1	
0	
1	
0	
0	
1	
0	
1	
1	
0	
2	
0	
1	
1	
1	
1	
1	
0	
1	
1	
0	
0	
1	
1	
0	
2	
3	
4	
1	
3	
4	
3	
5	
4	
4	
1	
4	
3	
1	
0	
1	
0	
1	
1	
1	
1	
1	
1	
1	
1	
1	
1	
0	
1	
0	
0	
3	
11	
5	
11	
5	
5	
3	
11	
0	
0	
0	
0	
0	
0	
0	
0	
0	
0	
0	
0	
0	
0	
0	
0	
0	
0	
0	
0	
0	
1	
1	
1	
1	
1	
1	
1	
0	
0	
0	
0	

]

EmployeeAvailability: [
0 1 1 0 1 1 1 1 1 1 1 1 1 1 0 1 1 1 1 1 0 1 1 0 1 1 1 0 1 1 0 1 1 1 1 1 1 1 1 1 1 0 1 1 1 1 1 0 1 1 0 1 1 1 0 1 1 0 1 1 1 0 1 1 0 1 1 1 0 1 1 0 1 1 1 0 1 1 0 1 1 1 
0 1 1 1 1 0 1 1 1 1 1 1 1 1 1 1 1 0 1 1 0 1 1 1 1 0 1 0 1 1 1 1 0 1 1 1 1 1 1 1 1 1 1 1 0 1 1 0 1 1 1 1 0 1 0 1 1 1 1 0 1 0 1 1 1 1 0 1 0 1 1 1 1 0 1 0 1 1 1 1 0 1 
1 1 1 0 1 1 1 1 1 1 1 1 1 1 0 1 1 1 1 1 1 1 1 0 1 1 1 1 1 1 0 1 1 1 1 1 1 1 1 1 1 0 1 1 1 1 1 1 1 1 0 1 1 1 1 1 1 0 1 1 1 1 1 1 0 1 1 1 1 1 1 0 1 1 1 1 1 1 0 1 1 1 
0 1 1 1 1 1 1 1 1 1 1 1 1 1 1 1 1 1 1 1 0 1 1 1 1 1 1 0 1 1 1 1 1 1 1 1 1 1 1 1 1 1 1 1 1 1 1 0 1 1 1 1 1 1 0 1 1 1 1 1 1 0 1 1 1 1 1 1 0 1 1 1 1 1 1 0 1 1 1 1 1 1 
1 1 1 1 0 1 1 1 1 1 1 1 1 1 1 1 0 1 1 1 1 1 1 1 0 1 1 1 1 1 1 0 1 1 1 1 1 1 1 1 1 1 1 0 1 1 1 1 1 1 1 0 1 1 1 1 1 1 0 1 1 1 1 1 1 0 1 1 1 1 1 1 0 1 1 1 1 1 1 0 1 1 
1 1 1 0 1 0 0 1 1 1 1 1 1 0 1 1 1 1 0 0 1 1 1 0 1 0 0 1 1 1 0 1 0 0 1 1 1 1 1 1 0 1 1 1 1 0 0 1 1 1 0 1 0 0 1 1 1 0 1 0 0 1 1 1 0 1 0 0 1 1 1 0 1 0 0 1 1 1 0 1 0 0 
1 1 0 1 1 1 0 1 1 1 1 1 0 1 1 1 1 1 1 0 1 1 0 1 1 1 0 1 1 0 1 1 1 0 1 1 1 1 1 0 1 1 1 1 1 1 0 1 1 0 1 1 1 0 1 1 0 1 1 1 0 1 1 0 1 1 1 0 1 1 0 1 1 1 0 1 1 0 1 1 1 0 
1 1 1 0 1 1 1 1 1 1 1 1 1 1 0 1 1 1 1 1 1 1 1 0 1 1 1 1 0 1 0 1 1 1 1 1 1 1 1 1 1 0 1 1 1 1 1 1 0 1 0 1 1 1 1 1 1 0 1 1 1 1 1 1 0 1 1 1 1 1 1 0 1 1 1 1 0 1 0 1 1 1 
1 1 1 1 1 1 0 1 1 1 1 1 1 1 1 1 1 1 1 0 1 1 1 1 1 1 0 1 1 1 1 1 1 0 1 1 1 1 1 1 1 1 1 1 1 1 0 1 1 1 1 1 1 0 1 1 1 1 1 1 0 1 1 1 1 1 1 0 1 1 1 1 1 1 0 1 1 1 1 1 1 0 
0 1 1 1 1 1 1 0 1 1 1 1 1 1 1 1 1 1 1 1 0 1 1 1 1 1 1 0 1 1 1 1 1 1 0 1 1 1 1 1 1 1 1 1 1 1 1 0 1 1 1 1 1 1 0 1 1 1 1 1 1 0 1 1 1 1 1 1 0 1 1 1 1 1 1 0 1 1 1 1 1 1 
1 1 1 1 1 1 1 1 1 1 1 1 1 1 1 1 1 1 1 1 1 1 1 1 1 1 1 1 1 1 1 1 1 1 1 1 1 1 1 1 1 1 1 1 1 1 1 1 1 1 1 1 1 1 1 1 1 1 1 1 1 1 1 1 1 1 1 1 1 1 1 1 1 1 1 1 1 1 1 1 1 1 
1 1 0 1 1 1 1 1 1 1 1 1 0 1 1 1 1 1 1 1 1 1 0 1 1 1 1 1 1 0 1 1 1 1 1 1 1 1 1 0 1 1 1 1 1 1 1 1 1 0 1 1 1 1 1 1 0 1 1 1 1 1 1 0 1 1 1 1 1 1 0 1 1 1 1 1 1 0 1 1 1 1 
1 1 0 1 1 1 1 1 1 1 1 0 1 1 1 1 1 1 1 1 1 1 0 1 1 1 1 1 1 0 1 1 1 1 1 1 1 1 0 1 1 1 1 1 1 1 1 1 1 0 1 1 1 1 1 1 0 1 1 1 1 1 1 0 1 1 1 1 1 1 0 1 1 1 1 1 1 0 1 1 1 1 
0 1 1 0 0 1 1 0 1 1 1 1 1 0 1 1 0 1 1 1 0 1 1 0 0 1 1 0 1 1 0 0 1 1 0 1 1 1 1 1 0 1 1 0 1 1 1 0 1 1 0 0 1 1 0 1 1 0 0 1 1 0 1 1 0 0 1 1 0 1 1 0 0 1 1 0 1 1 0 0 1 1 
1 0 0 1 1 1 1 1 1 1 0 1 0 1 1 1 1 1 1 1 1 0 0 1 1 1 1 1 0 0 1 1 1 1 1 1 1 0 1 0 1 1 1 1 1 1 1 1 0 0 1 1 1 1 1 0 0 1 1 1 1 1 0 0 1 1 1 1 1 0 0 1 1 1 1 1 0 0 1 1 1 1 
1 0 0 1 1 0 1 1 1 0 1 0 1 1 1 1 1 1 0 1 1 0 0 1 1 0 1 1 0 0 1 1 0 1 1 1 0 1 0 1 1 1 1 1 1 0 1 1 0 0 1 1 0 1 1 0 0 1 1 0 1 1 0 0 1 1 0 1 1 0 0 1 1 0 1 1 0 0 1 1 0 1 
1 1 1 1 1 1 1 1 1 1 1 1 1 1 1 1 1 1 1 1 1 1 1 1 1 1 1 1 1 1 1 1 1 1 1 1 1 1 1 1 1 1 1 1 1 1 1 1 1 1 1 1 1 1 1 1 1 1 1 1 1 1 1 1 1 1 1 1 1 1 1 1 1 1 1 1 1 1 1 1 1 1 
0 1 1 0 0 1 1 0 1 1 1 1 1 0 1 1 0 1 1 1 0 1 1 0 0 1 1 0 1 1 0 0 1 1 0 1 1 1 1 1 0 1 1 0 1 1 1 0 1 1 0 0 1 1 0 1 1 0 0 1 1 0 1 1 0 0 1 1 0 1 1 0 0 1 1 0 1 1 0 0 1 1 
0 1 0 1 1 0 1 1 0 1 1 0 1 1 1 1 1 1 1 1 0 1 0 1 1 0 1 0 1 0 1 1 0 1 1 0 1 1 0 1 1 1 1 1 1 1 1 0 1 0 1 1 0 1 0 1 0 1 1 0 1 0 1 0 1 1 0 1 0 1 0 1 1 0 1 0 1 0 1 1 0 1 
0 1 0 1 0 1 1 0 1 1 1 1 0 1 1 0 1 1 1 1 0 1 0 1 0 1 1 0 1 0 1 0 1 1 0 1 1 1 1 0 1 1 0 1 1 1 1 0 1 0 1 0 1 1 0 1 0 1 0 1 1 0 1 0 1 0 1 1 0 1 0 1 0 1 1 0 1 0 1 0 1 1 
1 1 1 1 0 1 1 1 1 1 1 1 1 1 1 1 0 1 1 1 1 1 1 1 0 1 1 1 1 1 1 0 1 1 1 1 1 1 1 1 1 1 1 0 1 1 1 1 1 1 1 0 1 1 1 1 1 1 0 1 1 1 1 1 1 0 1 1 1 1 1 1 0 1 1 1 1 1 1 0 1 1 
1 1 0 1 1 1 1 1 1 1 1 0 1 1 1 1 1 1 1 1 1 1 0 1 1 1 1 1 1 0 1 1 1 1 1 1 1 1 0 1 1 1 1 1 1 1 1 1 1 0 1 1 1 1 1 1 0 1 1 1 1 1 1 0 1 1 1 1 1 1 0 1 1 1 1 1 1 0 1 1 1 1 
0 1 0 1 0 1 1 0 1 1 1 0 1 1 1 0 1 1 1 1 0 1 0 1 0 1 1 0 1 0 1 0 1 1 0 1 1 1 0 1 1 1 0 1 1 1 1 0 1 0 1 0 1 1 0 1 0 1 0 1 1 0 1 0 1 0 1 1 0 1 0 1 0 1 1 0 1 0 1 0 1 1 
1 1 0 0 1 1 0 1 1 1 1 1 0 1 0 1 1 1 1 0 1 1 0 0 1 1 0 1 1 0 0 1 1 0 1 1 1 1 1 0 1 0 1 1 1 1 0 1 1 0 0 1 1 0 1 1 0 0 1 1 0 1 1 0 0 1 1 0 1 1 0 0 1 1 0 1 1 0 0 1 1 0 
0 1 1 1 1 1 1 0 1 1 1 1 1 1 1 1 1 1 1 1 0 1 1 1 1 1 1 0 1 1 1 1 1 1 0 1 1 1 1 1 1 1 1 1 1 1 1 0 1 1 1 1 1 1 0 1 1 1 1 1 1 0 1 1 1 1 1 1 0 1 1 1 1 1 1 0 1 1 1 1 1 1 
0 1 0 1 1 1 1 0 1 1 1 1 0 1 1 1 1 1 1 1 0 1 0 1 1 1 1 0 1 0 1 1 1 1 0 1 1 1 1 0 1 1 1 1 1 1 1 0 1 0 1 1 1 1 0 1 0 1 1 1 1 0 1 0 1 1 1 1 0 1 0 1 1 1 1 0 1 0 1 1 1 1 
0 1 1 1 1 1 1 1 1 1 1 1 1 1 1 1 1 1 1 1 0 1 1 1 1 1 1 0 1 1 1 1 1 1 1 1 1 1 1 1 1 1 1 1 1 1 1 0 1 1 1 1 1 1 0 1 1 1 1 1 1 0 1 1 1 1 1 1 0 1 1 1 1 1 1 0 1 1 1 1 1 1 
1 1 1 1 1 1 1 1 1 1 1 1 1 1 1 1 1 1 1 1 1 1 1 1 1 1 1 1 1 1 0 1 1 1 1 1 1 1 1 1 1 1 1 1 1 1 1 1 1 1 0 1 1 1 1 1 1 1 1 1 1 1 1 1 1 1 1 1 1 1 1 1 1 1 1 1 1 1 0 1 1 1 
1 1 1 1 1 1 1 1 1 1 1 1 1 1 1 1 1 1 1 1 1 1 1 1 1 1 1 1 1 1 1 1 1 1 1 1 1 1 1 1 1 1 1 1 1 1 1 1 1 1 1 1 1 1 1 1 1 1 1 1 1 1 1 1 1 1 1 1 1 1 1 1 1 1 1 1 1 1 1 1 1 1 
1 0 1 0 1 0 1 1 1 1 0 1 1 1 1 1 1 1 0 1 1 0 1 0 1 0 1 1 0 1 0 1 0 1 1 1 1 0 1 1 1 1 1 1 1 0 1 1 0 1 0 1 0 1 1 0 1 0 1 0 1 1 0 1 0 1 0 1 1 0 1 0 1 0 1 1 0 1 0 1 0 1 
1 0 1 1 1 0 1 1 1 0 1 1 1 1 1 1 1 1 0 1 1 0 1 1 1 0 1 1 0 1 1 1 0 1 1 1 0 1 1 1 1 1 1 1 1 0 1 1 0 1 1 1 0 1 1 0 1 1 1 0 1 1 0 1 1 1 0 1 1 0 1 1 1 0 1 1 0 1 1 1 0 1 
1 1 1 1 1 0 1 1 1 1 1 1 1 1 1 1 1 1 0 1 1 1 1 1 1 0 1 0 1 1 1 0 0 1 1 1 1 1 1 1 1 1 1 1 1 0 1 0 1 1 1 0 0 1 1 1 1 1 1 0 1 1 1 1 1 1 0 1 1 1 1 1 1 0 1 0 1 1 1 0 0 1 
1 1 0 1 0 0 1 1 1 1 1 1 1 1 1 1 0 1 0 1 1 1 0 1 0 0 1 1 1 0 1 0 0 1 1 1 1 1 1 1 1 1 1 0 1 0 1 1 1 0 1 0 0 1 1 1 0 1 0 0 1 1 1 0 1 0 0 1 1 1 0 1 0 0 1 1 1 0 1 0 0 1 
0 1 1 1 1 1 1 1 0 1 1 1 1 1 1 1 1 1 1 1 0 1 1 1 1 1 1 0 1 1 1 1 1 1 1 0 1 1 1 1 1 1 1 1 1 1 1 0 1 1 1 1 1 1 0 1 1 1 1 1 1 0 1 1 1 1 1 1 0 1 1 1 1 1 1 0 1 1 1 1 1 1 
1 1 1 1 1 1 1 1 1 1 1 1 1 1 1 1 1 1 1 1 1 1 1 1 1 1 1 1 1 1 1 1 1 1 1 1 1 1 1 1 1 1 1 1 1 1 1 1 1 1 1 1 1 1 1 1 1 1 1 1 1 1 1 1 1 1 1 1 1 1 1 1 1 1 1 1 1 1 1 1 1 1 
0 0 1 0 1 1 1 0 1 0 1 1 1 1 0 1 1 1 1 1 0 0 1 0 1 1 1 0 0 1 0 1 1 1 0 1 0 1 1 1 1 0 1 1 1 1 1 0 0 1 0 1 1 1 0 0 1 0 1 1 1 0 0 1 0 1 1 1 0 0 1 0 1 1 1 0 0 1 0 1 1 1 
1 1 1 1 0 1 1 1 1 1 1 1 1 1 1 1 0 1 1 1 1 1 1 1 0 1 1 1 1 1 1 0 1 1 1 1 1 1 1 1 1 1 1 0 1 1 1 1 1 1 1 0 1 1 1 1 1 1 0 1 1 1 1 1 1 0 1 1 1 1 1 1 0 1 1 1 1 1 1 0 1 1 
1 0 1 1 1 1 1 1 1 1 0 1 1 1 1 1 1 1 1 1 1 0 1 1 1 1 1 1 0 1 1 0 1 1 1 1 1 0 1 1 1 1 1 1 1 1 1 1 0 1 1 0 1 1 1 0 1 1 1 1 1 1 0 1 1 1 1 1 1 0 1 1 1 1 1 1 0 1 1 0 1 1 
1 1 1 1 1 1 1 1 1 1 1 1 1 1 1 1 1 1 1 1 1 1 1 1 1 1 1 1 1 1 1 1 1 1 1 1 1 1 1 1 1 1 1 1 1 1 1 1 1 1 1 1 1 1 1 1 1 1 1 1 1 1 1 1 1 1 1 1 1 1 1 1 1 1 1 1 1 1 1 1 1 1 
0 1 1 1 1 1 1 1 0 1 1 1 1 1 1 1 1 1 1 1 0 1 1 1 1 1 1 0 1 1 0 1 1 1 1 0 1 1 1 1 1 1 1 1 1 1 1 0 1 1 0 1 1 1 0 1 1 1 1 1 1 0 1 1 1 1 1 1 0 1 1 1 1 1 1 0 1 1 0 1 1 1 
1 1 1 0 1 1 1 1 1 1 1 1 1 1 0 1 1 1 1 1 1 1 1 0 1 1 1 1 1 1 0 1 1 1 1 1 1 1 1 1 1 0 1 1 1 1 1 1 1 1 0 1 1 1 1 1 1 0 1 1 1 1 1 1 0 1 1 1 1 1 1 0 1 1 1 1 1 1 0 1 1 1 
1 1 1 1 1 1 1 1 1 1 1 1 1 1 1 1 1 1 1 1 1 1 1 1 1 1 1 1 1 1 1 1 1 1 1 1 1 1 1 1 1 1 1 1 1 1 1 1 1 1 1 1 1 1 1 1 1 1 1 1 1 1 1 1 1 1 1 1 1 1 1 1 1 1 1 1 1 1 1 1 1 1 
1 0 1 1 1 1 1 1 1 1 0 1 1 1 1 1 1 1 1 1 1 0 1 1 1 1 1 0 0 1 1 1 1 1 1 1 1 0 1 1 1 1 1 1 1 1 1 0 0 1 1 1 1 1 1 0 1 1 1 1 1 1 0 1 1 1 1 1 1 0 1 1 1 1 1 0 0 1 1 1 1 1 
1 0 1 1 1 1 1 1 1 0 1 1 1 1 1 1 1 1 1 1 1 0 1 1 1 1 1 1 0 1 1 1 1 1 1 1 0 1 1 1 1 1 1 1 1 1 1 1 0 1 1 1 1 1 1 0 1 1 1 1 1 1 0 1 1 1 1 1 1 0 1 1 1 1 1 1 0 1 1 1 1 1 
1 0 1 0 1 0 1 1 1 0 1 1 1 1 0 1 1 1 1 1 1 0 1 0 1 0 1 1 0 1 0 1 0 1 1 1 0 1 1 1 1 0 1 1 1 1 1 1 0 1 0 1 0 1 1 0 1 0 1 0 1 1 0 1 0 1 0 1 1 0 1 0 1 0 1 1 0 1 0 1 0 1 
0 1 1 1 0 1 1 1 0 1 1 1 1 1 1 0 1 1 1 1 0 1 1 1 0 1 1 0 1 1 1 0 0 1 1 0 1 1 1 1 1 1 0 1 1 1 1 0 1 1 1 0 0 1 0 1 1 1 0 1 1 0 1 1 1 0 1 1 0 1 1 1 0 1 1 0 1 1 1 0 0 1 
0 1 1 1 1 0 1 1 0 1 1 1 1 1 1 1 1 1 0 1 0 1 1 1 1 0 1 0 1 1 1 0 0 1 1 0 1 1 1 1 1 1 1 1 1 0 1 0 1 1 1 0 0 1 0 1 1 1 1 0 1 0 1 1 1 1 0 1 0 1 1 1 1 0 1 0 1 1 1 0 0 1 
1 1 1 1 1 0 1 1 1 1 1 1 1 1 1 1 1 0 1 1 1 1 1 1 1 0 1 1 1 1 1 1 0 1 1 1 1 1 1 1 1 1 1 1 0 1 1 1 1 1 1 1 0 1 1 1 1 1 1 0 1 1 1 1 1 1 0 1 1 1 1 1 1 0 1 1 1 1 1 1 0 1 
1 1 0 1 1 0 1 1 1 1 1 1 0 1 1 1 1 0 0 1 1 1 0 1 1 0 1 1 1 0 1 1 0 1 1 1 1 1 1 0 1 1 1 1 0 0 1 1 1 0 1 1 0 1 1 1 0 1 1 0 1 1 1 0 1 1 0 1 1 1 0 1 1 0 1 1 1 0 1 1 0 1 
1 1 0 1 0 1 1 1 1 1 1 0 1 1 1 1 0 1 1 1 1 1 0 1 0 1 1 0 1 0 1 0 1 1 1 1 1 1 0 1 1 1 1 0 1 1 1 0 1 0 1 0 1 1 1 1 0 1 0 1 1 1 1 0 1 0 1 1 1 1 0 1 0 1 1 0 1 0 1 0 1 1 
1 1 0 1 1 1 1 1 1 1 1 0 0 1 1 1 1 1 1 1 1 1 0 1 1 1 1 1 1 0 1 1 1 1 1 1 1 1 0 0 1 1 1 1 1 1 1 1 1 0 1 1 1 1 1 1 0 1 1 1 1 1 1 0 1 1 1 1 1 1 0 1 1 1 1 1 1 0 1 1 1 1 
1 1 1 1 1 1 1 1 1 1 1 1 1 1 1 1 1 1 1 1 1 1 1 1 1 1 1 0 1 1 1 1 1 1 1 1 1 1 1 1 1 1 1 1 1 1 1 0 1 1 1 1 1 1 1 1 1 1 1 1 1 1 1 1 1 1 1 1 1 1 1 1 1 1 1 0 1 1 1 1 1 1 
1 1 1 1 1 1 1 1 1 1 1 1 1 1 1 1 1 1 1 1 1 1 1 1 1 1 1 1 1 1 1 1 1 1 1 1 1 1 1 1 1 1 1 1 1 1 1 1 1 1 1 1 1 1 1 1 1 1 1 1 1 1 1 1 1 1 1 1 1 1 1 1 1 1 1 1 1 1 1 1 1 1 
0 0 1 1 1 1 1 1 0 1 0 1 1 1 1 1 1 1 1 1 0 0 1 1 1 1 1 0 0 1 1 1 1 1 1 0 1 0 1 1 1 1 1 1 1 1 1 0 0 1 1 1 1 1 0 0 1 1 1 1 1 0 0 1 1 1 1 1 0 0 1 1 1 1 1 0 0 1 1 1 1 1 
0 1 1 1 1 1 1 1 1 1 1 1 1 1 1 1 1 1 1 1 0 1 1 1 1 1 1 0 1 1 1 1 1 1 1 1 1 1 1 1 1 1 1 1 1 1 1 0 1 1 1 1 1 1 0 1 1 1 1 1 1 0 1 1 1 1 1 1 0 1 1 1 1 1 1 0 1 1 1 1 1 1 
0 1 1 0 0 1 1 1 0 1 1 1 1 0 1 0 1 1 1 1 0 1 1 0 0 1 1 0 1 1 0 0 1 1 1 0 1 1 1 1 0 1 0 1 1 1 1 0 1 1 0 0 1 1 0 1 1 0 0 1 1 0 1 1 0 0 1 1 0 1 1 0 0 1 1 0 1 1 0 0 1 1 
0 1 1 1 0 1 1 1 0 1 1 1 1 1 1 1 0 1 1 1 0 1 1 1 0 1 1 0 1 1 1 0 1 1 1 0 1 1 1 1 1 1 1 0 1 1 1 0 1 1 1 0 1 1 0 1 1 1 0 1 1 0 1 1 1 0 1 1 0 1 1 1 0 1 1 0 1 1 1 0 1 1 
1 1 1 0 1 1 1 1 1 1 1 1 1 0 1 1 1 1 1 1 1 1 1 0 1 1 1 1 1 1 0 1 1 1 1 1 1 1 1 1 0 1 1 1 1 1 1 1 1 1 0 1 1 1 1 1 1 0 1 1 1 1 1 1 0 1 1 1 1 1 1 0 1 1 1 1 1 1 0 1 1 1 
1 0 1 0 1 0 1 1 1 0 1 1 1 1 0 1 1 1 1 1 1 0 1 0 1 0 1 1 0 1 0 1 0 1 1 1 0 1 1 1 1 0 1 1 1 1 1 1 0 1 0 1 0 1 1 0 1 0 1 0 1 1 0 1 0 1 0 1 1 0 1 0 1 0 1 1 0 1 0 1 0 1 
1 1 1 1 1 1 1 1 1 1 1 1 1 1 1 1 1 1 1 1 1 1 1 1 1 1 1 1 1 1 1 1 1 1 1 1 1 1 1 1 1 1 1 1 1 1 1 1 1 1 1 1 1 1 1 1 1 1 1 1 1 1 1 1 1 1 1 1 1 1 1 1 1 1 1 1 1 1 1 1 1 1 
]

EmployeeWantedInStint: [ (1 24) 1 (1 73) 1 (2 10) 1 (2 44) 1 (3 55) 1 (3 74) 1 (4 32) 1 (6 3) 1 (7 53) 1 (8 49) 1 (8 75) 1 (8 81) 1 (10 12) 1 (10 36) 1 (10 70) 1 (11 18) 1 (11 27) 1 (11 37) 1 (11 38) 1 (12 7) 1 (13 33) 1 (14 40) 1 (16 9) 1 (16 47) 1 (16 63) 1 (16 67) 1 (18 36) 1 (20 13) 1 (21 4) 1 (21 15) 1 (21 26) 1 (21 34) 1 (22 16) 1 (22 80) 1 (23 76) 1 (24 7) 1 (24 55) 1 (24 58) 1 (25 9) 1 (25 15) 1 (25 43) 1 (26 61) 1 (27 81) 1 (29 82) 1 (30 74) 1 (31 37) 1 (31 69) 1 (33 14) 1 (33 80) 1 (34 3) 1 (35 33) 1 (35 79) 1 (36 78) 1 (38 17) 1 (38 31) 1 (38 37) 1 (39 16) 1 (39 44) 1 (39 48) 1 (39 69) 1 (40 52) 1 (41 8) 1 (41 48) 1 (42 25) 1 (44 29) 1 (44 31) 1 (45 28) 1 (45 70) 1 (46 15) 1 (46 29) 1 (46 34) 1 (47 8) 1 (47 10) 1 (49 22) 1 (49 42) 1 (49 52) 1 (51 43) 1 (53 1) 1 (53 11) 1 (53 46) 1 (54 17) 1 (55 52) 1 (55 55) 1 (56 20) 1 (56 52) 1 (57 42) 1 (57 60) 1 (57 70) 1 (58 5) 1 (58 7) 1 (58 23) 1 (58 30) 1 (58 35) 1 (59 26) 1 (59 40) 1 (60 11) 1 (60 20) 1 (60 57) 1 ]

EmployeeWantedViolationCost: [ (1 24) 14000 (1 73) 14000 (2 10) 14000 (2 44) 10000 (3 55) 15000 (3 74) 12000 (4 32) 7000 (6 3) 7000 (7 53) 6000 (8 49) 7000 (8 75) 12000 (8 81) 14000 (10 12) 12000 (10 36) 7000 (10 70) 13000 (11 18) 14000 (11 27) 11000 (11 37) 7000 (11 38) 5000 (12 7) 5000 (13 33) 13000 (14 40) 9000 (16 9) 6000 (16 47) 5000 (16 63) 6000 (16 67) 11000 (18 36) 15000 (20 13) 12000 (21 4) 5000 (21 15) 8000 (21 26) 6000 (21 34) 7000 (22 16) 10000 (22 80) 6000 (23 76) 6000 (24 7) 11000 (24 55) 6000 (24 58) 6000 (25 9) 8000 (25 15) 10000 (25 43) 15000 (26 61) 10000 (27 81) 12000 (29 82) 9000 (30 74) 12000 (31 37) 13000 (31 69) 10000 (33 14) 10000 (33 80) 8000 (34 3) 14000 (35 33) 12000 (35 79) 14000 (36 78) 6000 (38 17) 6000 (38 31) 15000 (38 37) 5000 (39 16) 13000 (39 44) 5000 (39 48) 8000 (39 69) 13000 (40 52) 11000 (41 8) 12000 (41 48) 14000 (42 25) 12000 (44 29) 15000 (44 31) 9000 (45 28) 13000 (45 70) 9000 (46 15) 5000 (46 29) 8000 (46 34) 5000 (47 8) 12000 (47 10) 14000 (49 22) 6000 (49 42) 9000 (49 52) 13000 (51 43) 15000 (53 1) 15000 (53 11) 7000 (53 46) 12000 (54 17) 8000 (55 52) 11000 (55 55) 5000 (56 20) 8000 (56 52) 7000 (57 42) 8000 (57 60) 11000 (57 70) 7000 (58 5) 10000 (58 7) 8000 (58 23) 8000 (58 30) 11000 (58 35) 13000 (59 26) 11000 (59 40) 7000 (60 11) 13000 (60 20) 10000 (60 57) 14000 ]

EmployeesThatShouldNotWorkTogetherWithEmployee: [
[ 40 46 ]
[ 21 43 45 ]
[ 4 58 ]
[ 18 ]
[ 9 19 51 ]
[ 30 33 45 48 58 ]
[ 36 43 53 ]
[ 37 38 43 ]
[ 13 23 45 ]
[ 41 44 ]
[ ]
[ 20 ]
[ 29 44 ]
[ 31 34 55 ]
[ ]
[ 30 ]
[ ]
[ 19 53 ]
[ ]
[ 32 ]
[ 33 ]
[ ]
[ 27 33 ]
[ 33 52 ]
[ ]
[ 32 55 ]
[ ]
[ 32 51 ]
[ ]
[ 42 ]
[ 37 54 ]
[ 33 43 ]
[ 36 59 ]
[ 52 ]
[ 47 ]
[ 56 ]
[ 48 ]
[ ]
[ ]
[ 60 ]
[ ]
[ 50 ]
[ ]
[ 47 49 51 ]
[ 59 ]
[ 52 ]
[ 51 53 ]
[ ]
[ ]
[ ]
[ 60 ]
[ ]
[ ]
[ ]
[ 56 ]
[ ]
[ ]
[ ]
[ ]
[ ]
]

ShouldNotWorkTogetherCost: [ (1 40) 396 (1 46) 297 (2 21) 99 (2 43) 297 (2 45) 396 (3 4) 396 (3 58) 297 (4 18) 297 (5 9) 99 (5 19) 396 (5 51) 99 (6 30) 297 (6 33) 297 (6 45) 396 (6 48) 297 (6 58) 99 (7 36) 396 (7 43) 198 (7 53) 198 (8 37) 297 (8 38) 198 (8 43) 297 (9 13) 99 (9 23) 198 (9 45) 396 (10 41) 396 (10 44) 297 (12 20) 297 (13 29) 198 (13 44) 396 (14 31) 297 (14 34) 297 (14 55) 297 (16 30) 198 (18 19) 99 (18 53) 198 (20 32) 99 (21 33) 99 (23 27) 99 (23 33) 198 (24 33) 99 (24 52) 297 (26 32) 396 (26 55) 396 (28 32) 99 (28 51) 198 (30 42) 396 (31 37) 99 (31 54) 297 (32 33) 297 (32 43) 198 (33 36) 396 (33 59) 99 (34 52) 396 (35 47) 99 (36 56) 297 (37 48) 198 (40 60) 198 (42 50) 198 (44 47) 297 (44 49) 396 (44 51) 198 (45 59) 99 (46 52) 396 (47 51) 297 (47 53) 198 (51 60) 198 (55 56) 99 ]

ImmediatePredecessorsToActivity: [
[ ]
[ 1 ]
[ 2 ]
[ 2 ]
[ 3 ]
[ 2 ]
[ 1 ]
[ 3 ]
[ 7 8 ]
[ 6 7 ]
[ 7 ]
[ 1 ]
[ 3 6 ]
[ 12 ]
[ 1 ]
[ 6 7 15 ]
[ 3 ]
[ 6 7 8 ]
[ 3 6 ]
[ 3 6 ]
[ 7 ]
[ 3 15 ]
[ ]
[ 23 ]
[ 23 ]
[ 23 ]
[ 25 ]
[ 24 25 ]
[ 23 ]
[ 25 29 ]
[ 28 ]
[ 27 30 ]
[ 28 29 32 ]
[ 23 ]
[ 29 31 ]
[ 24 27 30 33 ]
[ ]
[ 37 ]
[ 38 ]
[ 38 ]
[ 40 ]
[ 38 ]
[ 40 42 ]
[ 42 ]
[ 42 ]
[ 41 45 ]
[ 39 ]
[ 39 44 45 ]
[ 44 ]
[ 41 ]
[ 39 44 45 ]
[ 39 ]
[ 39 ]
[ 45 53 ]
[ 41 45 ]
[ 45 ]
[ 45 52 ]
[ 39 42 ]
[ 49 58 ]
[ 41 49 53 ]
[ 40 45 ]
[ ]
[ 62 ]
[ 62 ]
[ 62 ]
[ 63 ]
[ 63 64 ]
[ 64 66 ]
[ 64 ]
[ 67 ]
[ 67 69 ]
[ 65 69 ]
[ 67 68 ]
[ 65 66 73 ]
[ 62 ]
[ 66 69 ]
[ 70 ]
[ 62 ]
[ 70 72 ]
[ 70 72 ]
[ ]
[ 81 ]
[ 81 ]
[ 81 ]
[ 83 ]
[ 82 84 85 ]
[ 81 ]
[ 87 ]
[ 87 ]
[ 82 84 ]
[ 82 87 ]
[ 84 ]
[ 81 ]
[ 82 88 ]
[ 85 87 94 ]
[ ]
[ 96 ]
[ 97 ]
[ 97 ]
[ 96 ]
[ 96 ]
[ 97 101 ]
[ 98 ]
[ 99 100 ]
[ 96 ]
[ 98 100 101 ]
[ 98 ]
[ 104 ]
[ 97 103 ]
[ 98 102 ]
[ ]
[ 111 ]
[ 111 ]
[ 111 ]
[ 111 ]
[ 113 ]
[ 115 116 ]
[ 114 117 ]
[ 113 ]
[ 112 115 116 119 ]
[ 114 119 ]
[ 114 115 ]
[ 113 114 ]
[ 114 ]
[ 120 ]
[ 111 ]
[ ]
[ 127 ]
[ 128 ]
[ 127 ]
[ 129 ]
[ 127 ]
[ 132 ]
[ 127 ]
[ 129 133 ]
[ ]
[ 136 ]
[ 136 ]
[ 137 ]
[ 136 ]
[ 139 ]
[ 137 ]
[ 136 ]
[ 139 143 ]
[ 144 ]
[ 138 142 143 ]
[ 136 ]
[ 140 141 142 ]
[ 142 147 ]
[ 139 147 ]
[ 136 ]
[ ]
[ 152 ]
[ 152 ]
[ 152 ]
[ 152 ]
[ 156 ]
[ 157 ]
[ 157 ]
[ 152 ]
[ 155 159 ]
[ 160 161 ]
[ 159 ]
[ 160 ]
[ 153 158 160 161 ]
[ 157 ]
[ 155 ]
]

ActivitiesInProject: [
[ 1 2 3 4 5 6 7 8 9 10 11 12 13 14 15 16 17 18 19 20 21 22 ]
[ 23 24 25 26 27 28 29 30 31 32 33 34 35 36 ]
[ 37 38 39 40 41 42 43 44 45 46 47 48 49 50 51 52 53 54 55 56 57 58 59 60 61 ]
[ 62 63 64 65 66 67 68 69 70 71 72 73 74 75 76 77 78 79 80 ]
[ 81 82 83 84 85 86 87 88 89 90 91 92 93 94 95 ]
[ 96 97 98 99 100 101 102 103 104 105 106 107 108 109 110 ]
[ 111 112 113 114 115 116 117 118 119 120 121 122 123 124 125 126 ]
[ 127 128 129 130 131 132 133 134 135 ]
[ 136 137 138 139 140 141 142 143 144 145 146 147 148 149 150 151 ]
[ 152 153 154 155 156 157 158 159 160 161 162 163 164 165 166 167 ]
]

nActivityModes: [ 1 1 1 1 1 1 1 1 1 1 1 1 1 1 1 1 1 1 1 1 1 1 1 1 1 1 1 1 1 1 1 1 1 1 1 1 1 1 1 1 1 1 1 1 1 1 1 1 1 1 1 1 1 1 1 1 1 1 1 1 1 1 1 1 1 1 1 1 1 1 1 1 1 1 1 1 1 1 1 1 1 1 1 1 1 1 1 1 1 1 1 1 1 1 1 1 1 1 1 1 1 1 1 1 1 1 1 1 1 1 1 1 1 1 1 1 1 1 1 1 1 1 1 1 1 1 1 1 1 1 1 1 1 1 1 1 1 1 1 1 1 1 1 1 1 1 1 1 1 1 1 1 1 1 1 1 1 1 1 1 1 1 1 1 1 1 1 ]

ActivitiyDurationWithMode: [
1	
26	
8	
18	
11	
13	
16	
7	
8	
12	
15	
42	
10	
6	
18	
9	
9	
7	
7	
9	
25	
12	
1	
3	
5	
25	
5	
3	
4	
7	
5	
5	
3	
15	
3	
5	
1	
11	
12	
34	
7	
23	
12	
7	
9	
7	
37	
16	
12	
7	
8	
6	
24	
12	
7	
17	
11	
18	
7	
7	
12	
1	
13	
21	
13	
5	
10	
8	
5	
10	
18	
6	
10	
8	
37	
20	
7	
45	
6	
7	
1	
4	
17	
5	
5	
5	
5	
7	
18	
5	
6	
18	
25	
4	
5	
1	
14	
8	
6	
21	
8	
7	
9	
5	
6	
7	
15	
6	
8	
18	
1	
6	
11	
5	
8	
6	
6	
6	
6	
5	
5	
5	
8	
31	
7	
16	
1	
9	
3	
6	
3	
6	
6	
9	
3	
1	
7	
27	
14	
23	
10	
8	
6	
6	
5	
10	
6	
7	
9	
6	
15	
1	
28	
42	
17	
11	
6	
8	
8	
8	
5	
7	
5	
28	
11	
24	
15	
]
StintsInProject: [
[ 1 2 3 4 5 6 7 ]
[ 8 9 10 11 12 13 14 15 16 17 18 19 20 ]
[ 21 22 23 24 25 26 27 ]
[ 28 29 30 31 32 33 34 ]
[ 35 36 37 38 39 40 41 42 43 44 45 46 47 ]
[ 48 49 50 51 52 53 54 ]
[ 55 56 57 58 59 60 61 ]
[ 62 63 64 65 66 67 68 ]
[ 69 70 71 72 73 74 75 ]
[ 76 77 78 79 80 81 82 ]
]

WorkingStintsOnDay: [
[ 1 8 21 28 35 48 55 62 69 76 ]
[ 1 8 21 28 35 48 55 62 69 76 ]
[ 1 8 21 28 35 48 55 62 69 76 ]
[ 1 8 21 28 35 48 55 62 69 76 ]
[ 1 8 21 28 35 48 55 62 69 76 ]
[ 1 21 28 48 55 62 69 76 ]
[ 1 21 28 48 55 62 69 76 ]
[ 1 9 21 28 36 48 55 62 69 76 ]
[ 1 9 21 28 36 48 55 62 69 76 ]
[ 1 9 21 28 36 48 55 62 69 76 ]
[ 1 9 21 28 36 48 55 62 69 76 ]
[ 1 9 21 28 36 48 55 62 69 76 ]
[ 28 48 76 ]
[ 28 48 76 ]
[ 2 10 22 29 37 49 56 63 70 77 ]
[ 2 10 22 29 37 49 56 63 70 77 ]
[ 2 10 22 29 37 49 56 63 70 77 ]
[ 2 10 22 29 37 49 56 63 70 77 ]
[ 2 10 22 29 37 49 56 63 70 77 ]
[ 2 22 29 49 56 63 70 77 ]
[ 2 22 29 49 56 63 70 77 ]
[ 2 11 22 29 38 49 56 63 70 77 ]
[ 2 11 22 29 38 49 56 63 70 77 ]
[ 2 11 22 29 38 49 56 63 70 77 ]
[ 2 11 22 29 38 49 56 63 70 77 ]
[ 2 11 22 29 38 49 56 63 70 77 ]
[ 29 49 77 ]
[ 29 49 77 ]
[ 3 12 23 30 39 50 57 64 71 78 ]
[ 3 12 23 30 39 50 57 64 71 78 ]
[ 3 12 23 30 39 50 57 64 71 78 ]
[ 3 12 23 30 39 50 57 64 71 78 ]
[ 3 12 23 30 39 50 57 64 71 78 ]
[ 3 23 30 50 57 64 71 78 ]
[ 3 23 30 50 57 64 71 78 ]
[ 3 13 23 30 40 50 57 64 71 78 ]
[ 3 13 23 30 40 50 57 64 71 78 ]
[ 3 13 23 30 40 50 57 64 71 78 ]
[ 3 13 23 30 40 50 57 64 71 78 ]
[ 3 13 23 30 40 50 57 64 71 78 ]
[ 30 50 78 ]
[ 30 50 78 ]
[ 4 14 24 31 41 51 58 65 72 79 ]
[ 4 14 24 31 41 51 58 65 72 79 ]
[ 4 14 24 31 41 51 58 65 72 79 ]
[ 4 14 24 31 41 51 58 65 72 79 ]
[ 4 14 24 31 41 51 58 65 72 79 ]
[ 4 24 31 51 58 65 72 79 ]
[ 4 24 31 51 58 65 72 79 ]
[ 4 15 24 31 42 51 58 65 72 79 ]
[ 4 15 24 31 42 51 58 65 72 79 ]
[ 4 15 24 31 42 51 58 65 72 79 ]
[ 4 15 24 31 42 51 58 65 72 79 ]
[ 4 15 24 31 42 51 58 65 72 79 ]
[ 31 51 79 ]
[ 31 51 79 ]
[ 5 16 25 32 43 52 59 66 73 80 ]
[ 5 16 25 32 43 52 59 66 73 80 ]
[ 5 16 25 32 43 52 59 66 73 80 ]
[ 5 16 25 32 43 52 59 66 73 80 ]
[ 5 16 25 32 43 52 59 66 73 80 ]
[ 5 25 32 52 59 66 73 80 ]
[ 5 25 32 52 59 66 73 80 ]
[ 5 17 25 32 44 52 59 66 73 80 ]
[ 5 17 25 32 44 52 59 66 73 80 ]
[ 5 17 25 32 44 52 59 66 73 80 ]
[ 5 17 25 32 44 52 59 66 73 80 ]
[ 5 17 25 32 44 52 59 66 73 80 ]
[ 32 52 80 ]
[ 32 52 80 ]
[ 6 18 26 33 45 53 60 67 74 81 ]
[ 6 18 26 33 45 53 60 67 74 81 ]
[ 6 18 26 33 45 53 60 67 74 81 ]
[ 6 18 26 33 45 53 60 67 74 81 ]
[ 6 18 26 33 45 53 60 67 74 81 ]
[ 6 26 33 53 60 67 74 81 ]
[ 6 26 33 53 60 67 74 81 ]
[ 6 19 26 33 46 53 60 67 74 81 ]
[ 6 19 26 33 46 53 60 67 74 81 ]
[ 6 19 26 33 46 53 60 67 74 81 ]
[ 6 19 26 33 46 53 60 67 74 81 ]
[ 6 19 26 33 46 53 60 67 74 81 ]
[ 33 53 81 ]
[ 33 53 81 ]
[ 7 20 27 34 47 54 61 68 75 82 ]
[ 7 20 27 34 47 54 61 68 75 82 ]
[ 7 20 27 34 47 54 61 68 75 82 ]
[ 7 20 27 34 47 54 61 68 75 82 ]
[ 7 20 27 34 47 54 61 68 75 82 ]
[ 7 27 34 54 61 68 75 82 ]
]

ProjectStart: [ 28 11 1 19 12 8 11 27 17 20 ]

ProjectEnd: [ 89 48 72 71 53 49 54 49 62 65 ]

EarliestStartDayForActivity: [ 1 28 59 59 67 59 28 67 76 74 47 28 74 77 28 74 67 76 74 74 47 67 1 11 11 11 18 18 11 18 23 27 34 11 30 39 1 1 12 12 52 12 52 39 39 61 26 50 48 61 50 26 26 54 61 50 50 39 62 62 52 1 19 19 19 32 40 40 40 50 50 45 50 60 19 45 60 19 60 60 1 12 12 12 37 44 12 19 19 19 19 19 12 30 44 1 8 22 22 8 8 22 30 29 8 30 30 34 39 30 1 11 11 11 11 24 32 38 24 32 32 21 24 18 37 11 1 27 38 27 41 27 35 27 41 1 17 17 24 17 40 24 17 40 48 48 17 52 34 40 17 1 20 20 20 20 31 37 37 20 45 50 45 28 50 37 37 ]

LatestStartDayForActivity: [ 1 89 89 89 89 89 89 89 89 89 89 89 89 89 89 89 89 89 89 89 89 89 1 48 48 48 48 48 48 48 48 48 48 48 48 48 1 72 72 72 72 72 72 72 72 72 72 72 72 72 72 72 72 72 72 72 72 72 72 72 72 1 71 71 71 71 71 71 71 71 71 71 71 71 71 71 71 71 71 71 1 53 53 53 53 53 53 53 53 53 53 53 53 53 53 1 49 49 49 49 49 49 49 49 49 49 49 49 49 49 1 54 54 54 54 54 54 54 54 54 54 54 54 54 54 54 1 49 49 49 49 49 49 49 49 1 62 62 62 62 62 62 62 62 62 62 62 62 62 62 62 1 65 65 65 65 65 65 65 65 65 65 65 65 65 65 65 ]

EquipmentTypeDemandInActivityWithMode: [
0	
0	
0	
0	
1	
0	
1	
0	
1	
0	
0	
0	
0	
1	
1	
0	
0	
0	
0	
0	
1	
1	
0	
0	
0	
0	
1	
2	
1	
0	
1	
1	
1	
0	
1	
2	
0	
2	
0	
0	
0	
0	
1	
0	
2	
1	
0	
0	
0	
0	
0	
1	
0	
1	
0	
1	
1	
0	
0	
1	
0	
0	
1	
0	
1	
1	
0	
1	
0	
0	
1	
1	
1	
0	
2	
0	
0	
0	
0	
0	
0	
0	
0	
0	
0	
0	
0	
1	
0	
2	
1	
2	
0	
2	
0	
0	
1	
0	
0	
0	
0	
1	
1	
1	
1	
0	
0	
1	
1	
0	
0	
1	
1	
0	
0	
1	
1	
2	
1	
2	
0	
0	
1	
1	
1	
0	
0	
1	
0	
1	
0	
0	
0	
1	
1	
0	
0	
0	
2	
0	
0	
0	
0	
0	
0	
2	
1	
0	
0	
1	
2	
0	
0	
0	
0	
0	
0	
0	
1	
0	
0	
1	
1	
0	
1	
0	
1	

0	
0	
0	
0	
1	
1	
0	
0	
0	
0	
0	
0	
0	
0	
0	
1	
1	
0	
0	
0	
0	
0	
0	
1	
0	
0	
0	
0	
1	
0	
0	
0	
0	
0	
0	
1	
0	
1	
1	
0	
0	
0	
0	
1	
0	
0	
0	
1	
0	
2	
0	
0	
1	
0	
1	
0	
0	
1	
0	
0	
0	
0	
0	
0	
1	
0	
0	
0	
2	
0	
1	
1	
0	
0	
0	
1	
0	
1	
0	
0	
0	
0	
1	
0	
0	
1	
0	
0	
1	
0	
1	
0	
0	
0	
0	
0	
0	
0	
0	
0	
2	
1	
0	
0	
0	
0	
0	
0	
0	
0	
0	
1	
0	
0	
1	
0	
0	
1	
0	
0	
0	
0	
0	
0	
0	
1	
0	
1	
0	
0	
0	
0	
1	
0	
0	
0	
0	
0	
1	
1	
1	
1	
0	
0	
0	
0	
0	
0	
0	
0	
0	
0	
1	
0	
0	
0	
0	
0	
0	
0	
0	
0	
0	
1	
0	
0	
1	

0	
0	
0	
0	
1	
2	
0	
1	
0	
0	
0	
0	
1	
1	
0	
0	
1	
0	
0	
0	
1	
0	
0	
0	
0	
0	
0	
0	
0	
1	
1	
1	
0	
1	
0	
0	
0	
0	
0	
0	
1	
0	
0	
0	
0	
0	
0	
1	
1	
1	
0	
0	
0	
1	
2	
0	
0	
0	
0	
0	
0	
0	
0	
0	
0	
0	
0	
1	
0	
1	
0	
0	
0	
0	
0	
0	
0	
0	
0	
0	
0	
0	
0	
1	
1	
0	
0	
0	
1	
0	
0	
0	
0	
0	
0	
0	
1	
0	
0	
0	
0	
0	
1	
1	
1	
1	
1	
0	
0	
0	
0	
1	
0	
1	
0	
1	
0	
0	
0	
0	
1	
0	
0	
0	
1	
1	
0	
0	
0	
1	
0	
0	
0	
1	
0	
0	
0	
0	
0	
0	
0	
1	
0	
0	
0	
1	
0	
1	
2	
1	
0	
0	
0	
0	
0	
1	
1	
0	
1	
0	
1	
0	
0	
1	
0	
0	
0	

0	
2	
0	
0	
0	
0	
0	
0	
0	
0	
0	
1	
1	
0	
0	
0	
2	
0	
1	
0	
0	
0	
0	
0	
0	
0	
1	
1	
1	
0	
0	
0	
0	
1	
1	
1	
0	
0	
0	
0	
1	
0	
0	
1	
0	
0	
0	
1	
0	
1	
0	
1	
0	
0	
0	
0	
0	
0	
0	
0	
0	
0	
0	
0	
0	
0	
0	
4	
0	
0	
0	
1	
0	
1	
1	
1	
2	
0	
0	
0	
0	
1	
0	
0	
0	
1	
0	
1	
0	
1	
1	
0	
0	
0	
1	
0	
0	
1	
0	
0	
0	
0	
0	
1	
0	
0	
0	
1	
0	
0	
0	
0	
0	
1	
0	
1	
0	
1	
1	
0	
0	
0	
2	
0	
0	
0	
0	
0	
0	
0	
0	
1	
0	
0	
1	
0	
2	
0	
0	
0	
0	
1	
0	
1	
1	
0	
1	
1	
0	
1	
0	
0	
0	
0	
0	
0	
2	
2	
0	
0	
1	
0	
0	
0	
1	
0	
0	

0	
1	
1	
0	
0	
0	
0	
1	
0	
1	
0	
1	
0	
0	
1	
0	
0	
1	
0	
1	
1	
0	
0	
0	
0	
0	
1	
0	
0	
1	
1	
0	
1	
0	
0	
0	
0	
0	
0	
0	
1	
1	
0	
0	
1	
0	
0	
1	
2	
0	
0	
1	
1	
0	
0	
0	
1	
1	
0	
1	
0	
0	
0	
0	
1	
0	
2	
0	
0	
0	
0	
0	
1	
1	
0	
0	
0	
0	
0	
1	
0	
0	
0	
1	
1	
0	
1	
1	
1	
0	
1	
0	
0	
2	
1	
0	
1	
0	
1	
0	
0	
1	
1	
1	
1	
0	
1	
0	
1	
1	
0	
1	
0	
0	
0	
0	
0	
0	
1	
1	
1	
1	
0	
0	
1	
1	
0	
0	
1	
2	
0	
0	
0	
1	
1	
0	
0	
0	
0	
0	
1	
0	
1	
0	
0	
0	
1	
0	
0	
1	
0	
0	
1	
0	
0	
0	
0	
1	
1	
0	
1	
0	
0	
1	
1	
1	
1	

0	
2	
0	
1	
1	
0	
0	
0	
1	
0	
0	
1	
0	
0	
0	
2	
0	
1	
0	
1	
0	
1	
0	
1	
0	
1	
0	
0	
1	
0	
0	
1	
2	
0	
0	
0	
0	
0	
0	
0	
0	
0	
1	
0	
1	
0	
2	
0	
0	
1	
0	
1	
0	
0	
0	
0	
0	
2	
0	
2	
0	
0	
1	
0	
0	
1	
0	
0	
1	
2	
1	
0	
0	
0	
0	
0	
0	
1	
0	
0	
0	
0	
1	
0	
0	
0	
0	
0	
0	
0	
0	
1	
0	
1	
0	
0	
1	
0	
1	
0	
0	
1	
1	
0	
0	
0	
0	
2	
2	
0	
0	
0	
1	
0	
1	
1	
0	
0	
0	
1	
0	
0	
0	
0	
0	
0	
0	
0	
0	
0	
0	
0	
1	
2	
0	
0	
1	
0	
0	
0	
1	
1	
0	
1	
1	
0	
2	
1	
1	
1	
1	
0	
0	
0	
0	
1	
1	
0	
0	
0	
3	
0	
0	
0	
1	
2	
0	

]

ExternalEquipmentRentingCost: [
3896	2945	3477	1858	5984	4790	3005	2653	2130	4676	3749	4774	1349	4753	1484	5930	2149	5538	4432	1537	5538	2853	4647	4892	5668	3859	4647	4881	5280	3811	2636	2974	5990	4285	4859	2537	5822	3727	1540	4550	3072	2030	2857	3862	2581	2471	1898	4634	3041	5768	5922	2496	5990	1708	1775	1150	1092	4124	1591	5122	1524	3376	1637	3978	3556	4250	5756	3492	2354	1564	5207	5191	4828	1472	1181	2918	2518	3130	5645	1694	3460	4723	4789	3638	3204	4715	5692	1074	5440	2652	5040	4597	5498	1111	4787	3068	5013	5082	3457	3870	5369	1568	5347	4893	5833	5521	5183	3451	1941	5875	3210	4675	3934	2783	5146	3117	4401	4028	4983	4793	2593	5867	3226	2716	1330	2961	2249	4743	3118	1389	1626	5881	4105	2529	2416	4137	4619	3729	3524	4673	5845	3828	2526	3257	3670	1512	4067	2239	1854	3749	5314	4741	1449	3936	2889	5943	3789	4626	5767	4992	3219	1320	4826	1126	1575	2114	1382	
3700	2477	3630	1053	3234	2758	4463	4018	5066	5823	3281	4535	4944	2145	3326	1287	4995	4226	2292	5184	1288	5989	2665	3303	5042	4089	2676	3017	1132	3955	4305	2667	2888	4149	5902	2685	1145	5980	5225	4739	4558	1974	3233	3197	5489	4033	4175	1277	5013	5941	1271	1708	1409	5200	3493	2655	3742	5502	4043	5346	2430	3630	3199	3895	1218	2380	2309	1782	3091	2310	5608	1560	3772	4141	5655	2237	4117	4566	3688	1576	2457	5636	1435	5794	3452	1243	3943	2722	2913	5054	1727	3429	2286	3428	2744	2281	1566	3734	5991	2627	4678	4245	5891	2795	5521	3380	1192	3484	4197	5387	2638	2623	2970	5238	1773	2249	2508	3453	2500	4865	5532	2412	5048	2955	2037	3409	3438	3474	1759	4783	4521	1462	4093	3043	2593	3302	4180	4366	3817	5033	4889	3529	2553	1546	5777	4264	4812	4562	3498	4349	4833	4622	5731	5000	2119	2299	3117	3561	2920	1503	5554	1894	2494	1011	1739	5176	2293	
4471	5905	1605	5438	5117	2275	1843	5866	4713	2635	3000	5439	5015	5400	1744	3614	1573	3614	5761	2102	1494	3010	5288	4916	2521	1127	4319	1763	5045	4754	2437	4848	2394	4591	1739	2594	1751	2320	3448	4790	5398	4008	4177	3277	5069	3705	2742	5916	1779	1154	4895	5940	2994	5071	2724	5501	5658	4932	2197	5670	3346	3049	1711	4279	3497	4930	3705	5100	1928	3140	4340	3728	4347	4837	3619	4705	2508	1789	3060	5646	3747	2808	1493	4302	5080	5640	2648	5952	2114	2390	1477	5921	3699	2922	1644	5755	4446	3611	1788	1014	3138	5243	3241	1441	2378	1859	1654	4208	4871	3383	3657	1556	5334	1305	2268	2452	3388	2958	1730	1450	5384	4552	2537	3583	2479	4164	1387	1499	3990	1754	1554	2281	4767	1703	2666	3291	2277	3229	5267	3007	1764	4449	2391	1211	3576	3721	2291	2489	4436	5048	1341	5265	1138	2655	2206	2616	3763	3658	3987	4640	5870	2717	1678	2256	5776	4044	3263	
1152	4301	2214	2935	2511	3487	4225	2282	1843	2871	1647	5115	5492	1974	3286	2802	4135	3486	1861	1833	3715	1043	5866	2523	3047	4304	3114	4130	2365	3327	3672	4636	1547	1993	2446	5210	5723	2050	1622	4031	4739	3812	3149	4643	1176	2956	1708	5758	3416	1554	1989	2194	5932	3983	1519	1604	1804	5649	5559	1040	4572	5630	4880	4600	4306	2071	1999	4317	4703	3333	5919	4140	5644	1324	2027	3980	1305	4829	2458	3912	5959	5392	5769	5373	4781	4548	2330	3644	5312	3017	3745	4656	3984	4584	5712	5711	3793	3070	2667	1277	3555	3584	4371	4047	1396	5281	2103	1065	4874	4057	4398	4153	2853	2630	4496	2473	5733	4443	5580	4565	5635	3135	2270	1673	3674	2727	4360	4432	2136	4186	2365	1656	4938	2115	4674	2882	2732	5662	3190	2845	5148	4777	2824	2330	3070	1550	1893	1830	5552	2596	1318	5449	5515	2858	4955	2869	4418	4822	2665	2865	4284	2018	2967	5913	1670	5071	1957	
5473	4870	5739	4452	5123	3978	3791	2516	3344	3480	3503	1381	3546	2413	3751	1500	5366	1373	4953	4800	4202	2987	5560	3805	3322	2596	2575	1867	5254	1207	5969	4904	4061	4391	2823	3609	5725	5566	3967	2724	3842	5058	3403	3033	4483	3860	4633	5296	5235	2158	4145	2734	2881	4218	5024	4007	1803	5782	3496	1766	1865	5532	5479	2680	3752	4686	2933	2862	2457	4993	1057	1932	2660	1516	2931	5868	5871	2024	1976	2440	2680	2764	1368	3533	2028	4839	5569	5564	4804	4577	4108	1696	1629	2411	5503	4312	1264	4700	2466	4957	2495	2887	4956	3198	1254	1482	2164	5537	2594	5952	2802	1246	4536	3881	2752	1481	1003	4396	1642	2832	5752	1599	4979	3002	1059	3505	2158	4078	4001	2135	3002	3919	2827	1720	5045	5472	2287	1668	1555	3416	3614	5456	3621	3447	2583	2992	4459	5652	2581	3520	5602	3812	3109	5621	3846	3419	1642	1260	5447	4694	2566	1022	1450	3834	4943	3340	4929	
2060	4148	4594	2786	3515	5403	5099	2197	3260	2554	4298	3575	1722	4863	5283	3470	3192	2174	5196	3108	5923	2936	1121	4510	2010	1987	2787	2021	3457	4544	5447	5899	2389	5294	3767	1166	4992	5570	1268	1531	1242	1556	2376	2154	3357	4629	3187	3132	4706	2216	1411	2248	3701	1381	2408	5527	1159	4897	5016	3309	5711	4520	2366	2083	1762	3677	2111	2468	2102	1973	2462	5466	3330	2359	5254	2838	2391	5503	1888	3481	2661	4366	2557	3115	4187	4834	1966	1446	1300	2761	4705	5912	1744	1603	3214	2497	5866	1532	5705	5042	1631	1052	3474	3077	3773	2479	4381	3446	4688	4928	5316	5678	4116	4087	2913	3582	1118	5172	5896	5015	2277	4781	2695	1534	1152	1056	1569	2281	5006	4684	2236	5424	5396	2664	2247	2638	4543	1768	1981	1777	1634	1316	5157	2762	5168	4465	3775	4114	5698	5738	3875	2583	1596	1439	2478	5983	3690	3874	5093	4659	4248	3317	3250	3842	2725	5256	4042	
]

EquipmentTypeTransportationCost: [
1	5422	5490	4160	4562	4521	5399	4529	4913	4491	
5422	1	1000	5753	5940	5785	1000	5785	4504	5835	
5490	1000	1	5758	5854	5819	1000	5781	4505	5863	
4160	5753	5758	1	3996	3928	5716	3893	5323	3910	
4562	5940	5854	3996	1	2978	5807	2959	5339	2947	
4521	5785	5819	3928	2978	1	5758	1000	5386	1000	
5399	1000	1000	5716	5807	5758	1	5712	4560	5807	
4529	5785	5781	3893	2959	1000	5712	1	5391	1000	
4913	4504	4505	5323	5339	5386	4560	5391	1	5387	
4491	5835	5863	3910	2947	1000	5807	1000	5387	1	

1	4110	4041	3225	3385	3403	3985	3361	3758	3363	
4110	1	1000	4208	4235	4263	1000	4186	3541	4239	
4041	1000	1	4251	4218	4241	1000	4323	3520	4196	
3225	4208	4251	1	3104	2928	4181	2948	3944	2921	
3385	4235	4218	3104	1	2328	4178	2335	3904	2326	
3403	4263	4241	2928	2328	1	4201	1000	3899	1000	
3985	1000	1000	4181	4178	4201	1	4233	3373	4156	
3361	4186	4323	2948	2335	1000	4233	1	3953	1000	
3758	3541	3520	3944	3904	3899	3373	3953	1	3984	
3363	4239	4196	2921	2326	1000	4156	1000	3984	1	

1	4841	4827	3728	4081	3932	4809	3870	4345	3936	
4841	1	1000	5036	5093	5029	1000	5078	4034	5048	
4827	1000	1	5055	5064	5154	1000	5067	4084	5152	
3728	5036	5055	1	3611	3393	5078	3478	4601	3463	
4081	5093	5064	3611	1	2663	5091	2642	4736	2665	
3932	5029	5154	3393	2663	1	5011	1000	4740	1000	
4809	1000	1000	5078	5091	5011	1	5151	4098	5075	
3870	5078	5067	3478	2642	1000	5151	1	4721	1000	
4345	4034	4084	4601	4736	4740	4098	4721	1	4692	
3936	5048	5152	3463	2665	1000	5075	1000	4692	1	

1	5758	5507	4280	4668	4554	5524	4561	5150	4578	
5758	1	1000	5932	5915	6024	1000	5783	4719	5947	
5507	1000	1	5842	5954	5872	1000	5763	4674	5991	
4280	5932	5842	1	4123	3918	5879	4001	5462	3970	
4668	5915	5954	4123	1	2965	5935	2984	5500	2990	
4554	6024	5872	3918	2965	1	5912	1000	5569	1000	
5524	1000	1000	5879	5935	5912	1	5898	4709	5933	
4561	5783	5763	4001	2984	1000	5898	1	5523	1000	
5150	4719	4674	5462	5500	5569	4709	5523	1	5516	
4578	5947	5991	3970	2990	1000	5933	1000	5516	1	

1	4683	4654	3593	3900	3845	4609	3826	4250	3809	
4683	1	1000	4901	4879	4969	1000	4848	3929	4940	
4654	1000	1	4832	4797	4886	1000	4854	3892	4869	
3593	4901	4832	1	3421	3360	4907	3334	4514	3338	
3900	4879	4797	3421	1	2562	4925	2570	4608	2554	
3845	4969	4886	3360	2562	1	4900	1000	4587	1000	
4609	1000	1000	4907	4925	4900	1	4875	3864	4925	
3826	4848	4854	3334	2570	1000	4875	1	4431	1000	
4250	3929	3892	4514	4608	4587	3864	4431	1	4503	
3809	4940	4869	3338	2554	1000	4925	1000	4503	1	

1	4787	4796	3721	3948	3902	4777	3907	4307	3873	
4787	1	1000	4940	5122	4878	1000	4987	3996	5063	
4796	1000	1	4930	4996	5058	1000	4945	3980	5003	
3721	4940	4930	1	3548	3429	4978	3457	4699	3429	
3948	5122	4996	3548	1	2625	4972	2641	4647	2620	
3902	4878	5058	3429	2625	1	5070	1000	4656	1000	
4777	1000	1000	4978	4972	5070	1	5005	3971	4977	
3907	4987	4945	3457	2641	1000	5005	1	4629	1000	
4307	3996	3980	4699	4647	4656	3971	4629	1	4686	
3873	5063	5003	3429	2620	1000	4977	1000	4686	1	

]

TransportationTimeForEquipmentTypeBetweenProjects: [
1	6	6	1	1	1	6	1	4	1	
6	1	1	9	9	9	1	9	4	9	
6	1	1	9	9	9	1	9	4	9	
1	9	9	1	1	1	9	1	6	1	
1	9	9	1	1	1	9	1	6	1	
1	9	9	1	1	1	9	1	6	1	
6	1	1	9	9	9	1	9	4	9	
1	9	9	1	1	1	9	1	6	1	
4	4	4	6	6	6	4	6	1	6	
1	9	9	1	1	1	9	1	6	1	

1	4	4	1	1	1	4	1	3	1	
4	1	1	6	6	6	1	6	3	6	
4	1	1	6	6	6	1	6	3	6	
1	6	6	1	1	1	6	1	4	1	
1	6	6	1	1	1	6	1	4	1	
1	6	6	1	1	1	6	1	4	1	
4	1	1	6	6	6	1	6	3	6	
1	6	6	1	1	1	6	1	4	1	
3	3	3	4	4	4	3	4	1	4	
1	6	6	1	1	1	6	1	4	1	

1	5	5	1	1	1	5	1	3	1	
5	1	1	7	7	7	1	7	3	7	
5	1	1	7	7	7	1	7	3	7	
1	7	7	1	1	1	7	1	5	1	
1	7	7	1	1	1	7	1	5	1	
1	7	7	1	1	1	7	1	5	1	
5	1	1	7	7	7	1	7	3	7	
1	7	7	1	1	1	7	1	5	1	
3	3	3	5	5	5	3	5	1	5	
1	7	7	1	1	1	7	1	5	1	

1	6	6	1	1	1	6	1	4	1	
6	1	1	9	9	9	1	9	4	9	
6	1	1	9	9	9	1	9	4	9	
1	9	9	1	1	1	9	1	6	1	
1	9	9	1	1	1	9	1	6	1	
1	9	9	1	1	1	9	1	6	1	
6	1	1	9	9	9	1	9	4	9	
1	9	9	1	1	1	9	1	6	1	
4	4	4	6	6	6	4	6	1	6	
1	9	9	1	1	1	9	1	6	1	

1	5	5	1	1	1	5	1	3	1	
5	1	1	7	7	7	1	7	3	7	
5	1	1	7	7	7	1	7	3	7	
1	7	7	1	1	1	7	1	5	1	
1	7	7	1	1	1	7	1	5	1	
1	7	7	1	1	1	7	1	5	1	
5	1	1	7	7	7	1	7	3	7	
1	7	7	1	1	1	7	1	5	1	
3	3	3	5	5	5	3	5	1	5	
1	7	7	1	1	1	7	1	5	1	

1	5	5	1	1	1	5	1	3	1	
5	1	1	7	7	7	1	7	3	7	
5	1	1	7	7	7	1	7	3	7	
1	7	7	1	1	1	7	1	5	1	
1	7	7	1	1	1	7	1	5	1	
1	7	7	1	1	1	7	1	5	1	
5	1	1	7	7	7	1	7	3	7	
1	7	7	1	1	1	7	1	5	1	
3	3	3	5	5	5	3	5	1	5	
1	7	7	1	1	1	7	1	5	1	

]

TotalNumberOfInitialEquipmentTypeLocation: [
(1 23) 2 (1 37) 2 (1 81) 1 (1 96) 1 (1 127) 1 (1 152) 1 
(2 23) 1 (2 37) 1 (2 111) 1 
(3 1) 1 (3 23) 1 (3 81) 1 (3 111) 2 (3 136) 1 
(4 1) 1 (4 37) 2 (4 111) 1 (4 127) 1 (4 136) 1 
(5 1) 1 (5 23) 1 (5 81) 1 (5 96) 3 (5 136) 1 (5 152) 2 
(6 1) 1 (6 62) 1 (6 96) 1 (6 127) 2 (6 136) 1 (6 152) 2 
]

DepotActivities: [ 1 23 37 62 81 96 111 127 136 152 ]

MaximalStintCliques: [
[ 4 24 31 51 58 65 72 79 66 5 73 43 80 16 25 59 52 32 ]
[ 4 24 31 51 58 65 72 79 30 78 50 42 15 ]
[ 4 24 31 51 58 65 72 79 30 78 50 3 71 41 57 14 23 64 ]
[ 5 25 32 52 59 66 73 80 33 67 6 74 45 81 18 26 60 53 ]
[ 5 25 32 52 59 66 73 80 31 79 51 17 44 ]
[ 6 26 33 53 60 67 74 81 34 68 7 75 47 82 27 20 61 54 ]
[ 6 26 33 53 60 67 74 81 32 80 52 19 46 ]
[ 8 1 35 69 76 48 28 21 62 55 ]
[ 9 1 36 69 76 48 28 21 62 55 ]
[ 29 49 77 2 22 56 63 70 3 39 71 12 78 50 57 30 23 64 ]
[ 29 49 77 2 22 56 63 70 28 76 48 1 37 69 10 21 62 55 ]
[ 29 49 77 2 22 56 63 70 28 76 48 11 38 ]
[ 29 49 77 13 3 71 40 78 50 57 30 23 64 ]
]
