nEmployees: 60
nSkills: 3
nProjects: 10
nDays: 60
nActivities: 134
nEquipmentTypes: 5
nStints: 70
nMaxModes: 3
nStintCliques: 9

EmployeeInStintCost: [
17334 17334 17334 10914 1926 15629 15629 15629 15629 15629 15629 15629 15629 12706 31448 31448 31448 29522 10406 14393 14393 14393 14393 14393 14393 14393 14393 11042 33108 33108 33108 31182 13098 12298 12298 12298 12298 12298 12298 12298 12298 9222 33462 33462 33462 27042 8974 12461 12461 12461 12461 12461 12461 12461 12461 9410 37120 37120 37120 30700 11002 9430 9430 9430 9430 9430 9430 9430 9430 6750 
38664 38664 38664 32724 12978 10813 10813 10813 10813 10813 10813 10813 10813 8034 30296 30296 30296 28514 10070 13913 13913 13913 13913 13913 13913 13913 13913 10706 11880 11880 11880 10098 1782 18530 18530 18530 18530 18530 18530 18530 18530 15598 31974 31974 31974 26034 8638 13909 13909 13909 13909 13909 13909 13909 13909 11002 33672 33672 33672 27732 8706 12494 12494 12494 12494 12494 12494 12494 12494 9958 
37480 37480 37480 31300 11218 10693 10693 10693 10693 10693 10693 10693 10693 7842 29720 29720 29720 27866 9086 13001 13001 13001 13001 13001 13001 13001 13001 9722 28644 28644 28644 26790 9042 16954 16954 16954 16954 16954 16954 16954 16954 13950 31566 31566 31566 25386 7654 11565 11565 11565 11565 11565 11565 11565 11565 8586 16686 16686 16686 10506 1854 10518 10518 10518 10518 10518 10518 10518 10518 7910 
39284 39284 39284 32744 12158 10429 10429 10429 10429 10429 10429 10429 10429 7470 30752 30752 30752 28790 9506 13529 13529 13529 13529 13529 13529 13529 13529 10142 28212 28212 28212 26250 7998 17978 17978 17978 17978 17978 17978 17978 17978 14866 32850 32850 32850 26310 8074 12893 12893 12893 12893 12893 12893 12893 12893 9806 23458 23458 23458 16918 7762 11678 11678 11678 11678 11678 11678 11678 11678 8962 
35672 35672 35672 29492 9410 12813 12813 12813 12813 12813 12813 12813 12813 9962 29992 29992 29992 28138 9358 13273 13273 13273 13273 13273 13273 13273 13273 9994 30724 30724 30724 28870 11122 15058 15058 15058 15058 15058 15058 15058 15058 12054 31838 31838 31838 25658 7926 3708 3708 3708 3708 3708 3708 3708 3708 1854 33912 33912 33912 27732 8370 8702 8702 8702 8702 8702 8702 8702 8702 6094 
40608 40608 40608 33948 13194 11245 11245 11245 11245 11245 11245 11245 11245 8250 31736 31736 31736 29738 10286 14345 14345 14345 14345 14345 14345 14345 14345 10922 13320 13320 13320 11322 1998 18962 18962 18962 18962 18962 18962 18962 18962 15814 33918 33918 33918 27258 8854 14341 14341 14341 14341 14341 14341 14341 14341 11218 35616 35616 35616 28956 8922 12926 12926 12926 12926 12926 12926 12926 12926 10174 
37458 37458 37458 31218 11052 20121 20121 20121 20121 20121 20121 20121 20121 17252 35424 35424 35424 33552 14688 18621 18621 18621 18621 18621 18621 18621 18621 15324 37076 37076 37076 35204 17372 11454 11454 11454 11454 11454 11454 11454 11454 8432 37312 37312 37312 31072 13256 16921 16921 16921 16921 16921 16921 16921 16921 13924 41234 41234 41234 34994 15548 13930 13930 13930 13930 13930 13930 13930 13930 11304 
39784 39784 39784 33364 12946 22085 22085 22085 22085 22085 22085 22085 22085 19162 37728 37728 37728 35802 16686 20673 20673 20673 20673 20673 20673 20673 20673 17322 39396 39396 39396 37470 19386 13346 13346 13346 13346 13346 13346 13346 13346 10270 39742 39742 39742 33322 15254 18773 18773 18773 18773 18773 18773 18773 18773 15722 43568 43568 43568 37148 17450 15846 15846 15846 15846 15846 15846 15846 15846 13166 
36346 36346 36346 30586 11092 10441 10441 10441 10441 10441 10441 10441 10441 7716 28880 28880 28880 27152 8960 12749 12749 12749 12749 12749 12749 12749 12749 9596 27804 27804 27804 26076 8916 16702 16702 16702 16702 16702 16702 16702 16702 13824 30432 30432 30432 24672 7528 11313 11313 11313 11313 11313 11313 11313 11313 8460 15552 15552 15552 9792 1728 10266 10266 10266 10266 10266 10266 10266 10266 7784 
34840 34840 34840 28900 9154 17965 17965 17965 17965 17965 17965 17965 17965 15186 33296 33296 33296 31514 13070 16913 16913 16913 16913 16913 16913 16913 16913 13706 34940 34940 34940 33158 15746 9404 9404 9404 9404 9404 9404 9404 9404 7622 34974 34974 34974 29034 11638 14541 14541 14541 14541 14541 14541 14541 14541 11634 38464 38464 38464 32524 13498 11726 11726 11726 11726 11726 11726 11726 11726 9190 
37826 37826 37826 31826 11996 10105 10105 10105 10105 10105 10105 10105 10105 7308 29672 29672 29672 27872 9344 13205 13205 13205 13205 13205 13205 13205 13205 9980 27132 27132 27132 25332 7836 17654 17654 17654 17654 17654 17654 17654 17654 14704 31392 31392 31392 25392 7912 12569 12569 12569 12569 12569 12569 12569 12569 9644 22000 22000 22000 16000 7600 11354 11354 11354 11354 11354 11354 11354 11354 8800 
35954 35954 35954 29234 8396 14057 14057 14057 14057 14057 14057 14057 14057 11044 30848 30848 30848 28832 9296 13373 13373 13373 13373 13373 13373 13373 13373 9932 32244 32244 32244 30228 11724 14270 14270 14270 14270 14270 14270 14270 14270 11104 33072 33072 33072 26352 7864 10881 10881 10881 10881 10881 10881 10881 10881 7740 36178 36178 36178 29458 9340 4032 4032 4032 4032 4032 4032 4032 4032 2016 
36648 36648 36648 30708 10962 19941 19941 19941 19941 19941 19941 19941 19941 17162 34824 34824 34824 33042 14598 18441 18441 18441 18441 18441 18441 18441 18441 15234 36476 36476 36476 34694 17282 11274 11274 11274 11274 11274 11274 11274 11274 8342 36502 36502 36502 30562 13166 16741 16741 16741 16741 16741 16741 16741 16741 13834 40424 40424 40424 34484 15458 13750 13750 13750 13750 13750 13750 13750 13750 11214 
20394 20394 20394 14574 6426 14421 14421 14421 14421 14421 14421 14421 14421 11678 29312 29312 29312 27566 9290 13097 13097 13097 13097 13097 13097 13097 13097 9926 30972 30972 30972 29226 11982 12826 12826 12826 12826 12826 12826 12826 12826 9930 30906 30906 30906 25086 7858 11509 11509 11509 11509 11509 11509 11509 11509 8638 34652 34652 34652 28832 9974 9332 9332 9332 9332 9332 9332 9332 9332 7586 
38650 38650 38650 32650 12820 21833 21833 21833 21833 21833 21833 21833 21833 19036 36888 36888 36888 35088 16560 20421 20421 20421 20421 20421 20421 20421 20421 17196 38556 38556 38556 36756 19260 13094 13094 13094 13094 13094 13094 13094 13094 10144 38608 38608 38608 32608 15128 18521 18521 18521 18521 18521 18521 18521 18521 15596 42434 42434 42434 36434 17324 15594 15594 15594 15594 15594 15594 15594 15594 13040 
20880 20880 20880 14880 6480 14529 14529 14529 14529 14529 14529 14529 14529 11732 29672 29672 29672 27872 9344 13205 13205 13205 13205 13205 13205 13205 13205 9980 31332 31332 31332 29532 12036 12934 12934 12934 12934 12934 12934 12934 12934 9984 31392 31392 31392 25392 7912 11617 11617 11617 11617 11617 11617 11617 11617 8692 35138 35138 35138 29138 10028 9440 9440 9440 9440 9440 9440 9440 9440 7640 
35634 35634 35634 29394 9228 13001 13001 13001 13001 13001 13001 13001 13001 10132 15840 15840 15840 13968 5232 7104 7104 7104 7104 7104 7104 7104 7104 5232 29956 29956 29956 28084 10252 14910 14910 14910 14910 14910 14910 14910 14910 11888 20208 20208 20208 13968 5232 11337 11337 11337 11337 11337 11337 11337 11337 8340 34202 34202 34202 27962 8516 9074 9074 9074 9074 9074 9074 9074 9074 6448 
38534 38534 38534 31694 10688 11841 11841 11841 11841 11841 11841 11841 11841 8792 30320 30320 30320 28268 8564 12677 12677 12677 12677 12677 12677 12677 12677 9200 30228 30228 30228 28176 9504 16622 16622 16622 16622 16622 16622 16622 16622 13420 32628 32628 32628 25788 7132 11537 11537 11537 11537 11537 11537 11537 11537 8360 22388 22388 22388 15548 5972 10250 10250 10250 10250 10250 10250 10250 10250 7444 
40284 40284 40284 33744 13158 11173 11173 11173 11173 11173 11173 11173 11173 8214 31496 31496 31496 29534 10250 14273 14273 14273 14273 14273 14273 14273 14273 10886 13080 13080 13080 11118 1962 18890 18890 18890 18890 18890 18890 18890 18890 15778 33594 33594 33594 27054 8818 14269 14269 14269 14269 14269 14269 14269 14269 11182 35292 35292 35292 28752 8886 12854 12854 12854 12854 12854 12854 12854 12854 10138 
39966 39966 39966 33606 13272 3816 3816 3816 3816 3816 3816 3816 3816 1908 31840 31840 31840 29932 10900 14869 14869 14869 14869 14869 14869 14869 14869 11536 28628 28628 28628 26720 8720 19062 19062 19062 19062 19062 19062 19062 19062 16004 33812 33812 33812 27452 9468 13561 13561 13561 13561 13561 13561 13561 13561 10528 34166 34166 34166 27806 8192 12626 12626 12626 12626 12626 12626 12626 12626 9964 
38614 38614 38614 32014 11344 10945 10945 10945 10945 10945 10945 10945 10945 7968 30560 30560 30560 28580 9212 13253 13253 13253 13253 13253 13253 13253 13253 9848 29484 29484 29484 27504 9168 17206 17206 17206 17206 17206 17206 17206 17206 14076 32700 32700 32700 26100 7780 11817 11817 11817 11817 11817 11817 11817 11817 8712 17820 17820 17820 11220 1980 10770 10770 10770 10770 10770 10770 10770 10770 8036 
33524 33524 33524 27704 8126 13517 13517 13517 13517 13517 13517 13517 13517 10774 29048 29048 29048 27302 9026 12833 12833 12833 12833 12833 12833 12833 12833 9662 30444 30444 30444 28698 11454 13730 13730 13730 13730 13730 13730 13730 13730 10834 30642 30642 30642 24822 7594 10341 10341 10341 10341 10341 10341 10341 10341 7470 33748 33748 33748 27928 9070 3492 3492 3492 3492 3492 3492 3492 3492 1746 
36768 36768 36768 30108 9354 13253 13253 13253 13253 13253 13253 13253 13253 10258 16680 16680 16680 14682 5358 7356 7356 7356 7356 7356 7356 7356 7356 5358 30796 30796 30796 28798 10378 15162 15162 15162 15162 15162 15162 15162 15162 12014 21342 21342 21342 14682 5358 11589 11589 11589 11589 11589 11589 11589 11589 8466 35336 35336 35336 28676 8642 9326 9326 9326 9326 9326 9326 9326 9326 6574 
37642 37642 37642 31402 11236 10729 10729 10729 10729 10729 10729 10729 10729 7860 29840 29840 29840 27968 9104 13037 13037 13037 13037 13037 13037 13037 13037 9740 28764 28764 28764 26892 9060 16990 16990 16990 16990 16990 16990 16990 16990 13968 31728 31728 31728 25488 7672 11601 11601 11601 11601 11601 11601 11601 11601 8604 16848 16848 16848 10608 1872 10554 10554 10554 10554 10554 10554 10554 10554 7928 
36104 36104 36104 30164 10418 11301 11301 11301 11301 11301 11301 11301 11301 8522 28520 28520 28520 26738 8294 12137 12137 12137 12137 12137 12137 12137 12137 8930 28428 28428 28428 26646 9234 16082 16082 16082 16082 16082 16082 16082 16082 13150 30198 30198 30198 24258 6862 10997 10997 10997 10997 10997 10997 10997 10997 8090 19958 19958 19958 14018 5702 9710 9710 9710 9710 9710 9710 9710 9710 7174 
40432 40432 40432 33772 13018 22229 22229 22229 22229 22229 22229 22229 22229 19234 38208 38208 38208 36210 16758 20817 20817 20817 20817 20817 20817 20817 20817 17394 39876 39876 39876 37878 19458 13490 13490 13490 13490 13490 13490 13490 13490 10342 40390 40390 40390 33730 15326 18917 18917 18917 18917 18917 18917 18917 18917 15794 44216 44216 44216 37556 17522 15990 15990 15990 15990 15990 15990 15990 15990 13238 
34338 34338 34338 28098 7932 15201 15201 15201 15201 15201 15201 15201 15201 12332 30312 30312 30312 28440 9576 13509 13509 13509 13509 13509 13509 13509 13509 10212 31940 31940 31940 30068 12236 12982 12982 12982 12982 12982 12982 12982 12982 9960 32200 32200 32200 25960 8144 12737 12737 12737 12737 12737 12737 12737 12737 9740 36378 36378 36378 30138 10692 9706 9706 9706 9706 9706 9706 9706 9706 7080 
35958 35958 35958 29598 9264 13073 13073 13073 13073 13073 13073 13073 13073 10168 16080 16080 16080 14172 5268 7176 7176 7176 7176 7176 7176 7176 7176 5268 30196 30196 30196 28288 10288 14982 14982 14982 14982 14982 14982 14982 14982 11924 20532 20532 20532 14172 5268 11409 11409 11409 11409 11409 11409 11409 11409 8376 34526 34526 34526 28166 8552 9146 9146 9146 9146 9146 9146 9146 9146 6484 
39636 39636 39636 33336 13086 11029 11029 11029 11029 11029 11029 11029 11029 8142 31016 31016 31016 29126 10178 14129 14129 14129 14129 14129 14129 14129 14129 10814 12600 12600 12600 10710 1890 18746 18746 18746 18746 18746 18746 18746 18746 15706 32946 32946 32946 26646 8746 14125 14125 14125 14125 14125 14125 14125 14125 11110 34644 34644 34644 28344 8814 12710 12710 12710 12710 12710 12710 12710 12710 10066 
36454 36454 36454 29854 9184 13729 13729 13729 13729 13729 13729 13729 13729 10752 31328 31328 31328 29348 9980 14021 14021 14021 14021 14021 14021 14021 14021 10616 32244 32244 32244 30264 11928 14830 14830 14830 14830 14830 14830 14830 14830 11700 33468 33468 33468 26868 8548 7400 7400 7400 7400 7400 7400 7400 7400 5420 35742 35742 35742 29142 9192 9600 9600 9600 9600 9600 9600 9600 9600 7620 
38876 38876 38876 32336 11750 20709 20709 20709 20709 20709 20709 20709 20709 17750 36904 36904 36904 34942 15658 19681 19681 19681 19681 19681 19681 19681 19681 16294 38564 38564 38564 36602 18350 12554 12554 12554 12554 12554 12554 12554 12554 9442 39002 39002 39002 32462 14226 17245 17245 17245 17245 17245 17245 17245 17245 14158 42476 42476 42476 35936 16070 14486 14486 14486 14486 14486 14486 14486 14486 11770 
37076 37076 37076 30536 9950 12837 12837 12837 12837 12837 12837 12837 12837 9878 13080 13080 13080 11118 1962 3924 3924 3924 3924 3924 3924 3924 3924 1962 29948 29948 29948 27986 9734 15666 15666 15666 15666 15666 15666 15666 15666 12554 17658 17658 17658 11118 1962 11989 11989 11989 11989 11989 11989 11989 11989 8902 34820 34820 34820 28280 8414 9910 9910 9910 9910 9910 9910 9910 9910 7194 
35958 35958 35958 29598 9264 13073 13073 13073 13073 13073 13073 13073 13073 10168 16080 16080 16080 14172 5268 7176 7176 7176 7176 7176 7176 7176 7176 5268 30196 30196 30196 28288 10288 14982 14982 14982 14982 14982 14982 14982 14982 11924 20532 20532 20532 14172 5268 11409 11409 11409 11409 11409 11409 11409 11409 8376 34526 34526 34526 28166 8552 9146 9146 9146 9146 9146 9146 9146 9146 6484 
35294 35294 35294 29414 9752 12441 12441 12441 12441 12441 12441 12441 12441 9680 11760 11760 11760 9996 1764 3528 3528 3528 3528 3528 3528 3528 3528 1764 28628 28628 28628 26864 9536 15270 15270 15270 15270 15270 15270 15270 15270 12356 15876 15876 15876 9996 1764 11593 11593 11593 11593 11593 11593 11593 11593 8704 33038 33038 33038 27158 8216 9514 9514 9514 9514 9514 9514 9514 9514 6996 
33690 33690 33690 27690 7860 15057 15057 15057 15057 15057 15057 15057 15057 12260 29832 29832 29832 28032 9504 13365 13365 13365 13365 13365 13365 13365 13365 10140 31460 31460 31460 29660 12164 12838 12838 12838 12838 12838 12838 12838 12838 9888 31552 31552 31552 25552 8072 12593 12593 12593 12593 12593 12593 12593 12593 9668 35730 35730 35730 29730 10620 9562 9562 9562 9562 9562 9562 9562 9562 7008 
35510 35510 35510 29390 9392 12777 12777 12777 12777 12777 12777 12777 12777 9944 29872 29872 29872 28036 9340 13237 13237 13237 13237 13237 13237 13237 13237 9976 30604 30604 30604 28768 11104 15022 15022 15022 15022 15022 15022 15022 15022 12036 31676 31676 31676 25556 7908 3672 3672 3672 3672 3672 3672 3672 3672 1836 33750 33750 33750 27630 8352 8666 8666 8666 8666 8666 8666 8666 8666 6076 
34658 34658 34658 28418 8252 13769 13769 13769 13769 13769 13769 13769 13769 10900 29888 29888 29888 28016 9152 13085 13085 13085 13085 13085 13085 13085 13085 9788 31284 31284 31284 29412 11580 13982 13982 13982 13982 13982 13982 13982 13982 10960 31776 31776 31776 25536 7720 10593 10593 10593 10593 10593 10593 10593 10593 7596 34882 34882 34882 28642 9196 3744 3744 3744 3744 3744 3744 3744 3744 1872 
37076 37076 37076 30776 10526 11517 11517 11517 11517 11517 11517 11517 11517 8630 29240 29240 29240 27350 8402 12353 12353 12353 12353 12353 12353 12353 12353 9038 29148 29148 29148 27258 9342 16298 16298 16298 16298 16298 16298 16298 16298 13258 31170 31170 31170 24870 6970 11213 11213 11213 11213 11213 11213 11213 11213 8198 20930 20930 20930 14630 5810 9926 9926 9926 9926 9926 9926 9926 9926 7282 
36158 36158 36158 29798 9464 12921 12921 12921 12921 12921 12921 12921 12921 10016 30352 30352 30352 28444 9412 13381 13381 13381 13381 13381 13381 13381 13381 10048 31084 31084 31084 29176 11176 15166 15166 15166 15166 15166 15166 15166 15166 12108 32324 32324 32324 25964 7980 3816 3816 3816 3816 3816 3816 3816 3816 1908 34398 34398 34398 28038 8424 8810 8810 8810 8810 8810 8810 8810 8810 6148 
38670 38670 38670 32790 13128 3528 3528 3528 3528 3528 3528 3528 3528 1764 30880 30880 30880 29116 10756 14581 14581 14581 14581 14581 14581 14581 14581 11392 27668 27668 27668 25904 8576 18774 18774 18774 18774 18774 18774 18774 18774 15860 32516 32516 32516 26636 9324 13273 13273 13273 13273 13273 13273 13273 13273 10384 32870 32870 32870 26990 8048 12338 12338 12338 12338 12338 12338 12338 12338 9820 
39480 39480 39480 33300 13218 3708 3708 3708 3708 3708 3708 3708 3708 1854 31480 31480 31480 29626 10846 14761 14761 14761 14761 14761 14761 14761 14761 11482 28268 28268 28268 26414 8666 18954 18954 18954 18954 18954 18954 18954 18954 15950 33326 33326 33326 27146 9414 13453 13453 13453 13453 13453 13453 13453 13453 10474 33680 33680 33680 27500 8138 12518 12518 12518 12518 12518 12518 12518 12518 9910 
37156 37156 37156 31096 11182 10621 10621 10621 10621 10621 10621 10621 10621 7806 29480 29480 29480 27662 9050 12929 12929 12929 12929 12929 12929 12929 12929 9686 28404 28404 28404 26586 9006 16882 16882 16882 16882 16882 16882 16882 16882 13914 31242 31242 31242 25182 7618 11493 11493 11493 11493 11493 11493 11493 11493 8550 16362 16362 16362 10302 1818 10446 10446 10446 10446 10446 10446 10446 10446 7874 
40122 40122 40122 33642 13140 11137 11137 11137 11137 11137 11137 11137 11137 8196 31376 31376 31376 29432 10232 14237 14237 14237 14237 14237 14237 14237 14237 10868 12960 12960 12960 11016 1944 18854 18854 18854 18854 18854 18854 18854 18854 15760 33432 33432 33432 26952 8800 14233 14233 14233 14233 14233 14233 14233 14233 11164 35130 35130 35130 28650 8868 12818 12818 12818 12818 12818 12818 12818 12818 10120 
37130 37130 37130 30410 9572 13137 13137 13137 13137 13137 13137 13137 13137 10124 31072 31072 31072 29056 9520 13597 13597 13597 13597 13597 13597 13597 13597 10156 31804 31804 31804 29788 11284 15382 15382 15382 15382 15382 15382 15382 15382 12216 33296 33296 33296 26576 8088 4032 4032 4032 4032 4032 4032 4032 4032 2016 35370 35370 35370 28650 8532 9026 9026 9026 9026 9026 9026 9026 9026 6256 
37912 37912 37912 30772 9346 14053 14053 14053 14053 14053 14053 14053 14053 10914 32408 32408 32408 30266 10142 14345 14345 14345 14345 14345 14345 14345 14345 10778 33324 33324 33324 31182 12090 15154 15154 15154 15154 15154 15154 15154 15154 11862 34926 34926 34926 27786 8710 7724 7724 7724 7724 7724 7724 7724 7724 5582 37200 37200 37200 30060 9354 9924 9924 9924 9924 9924 9924 9924 9924 7782 
38832 38832 38832 32892 13146 3564 3564 3564 3564 3564 3564 3564 3564 1782 31000 31000 31000 29218 10774 14617 14617 14617 14617 14617 14617 14617 14617 11410 27788 27788 27788 26006 8594 18810 18810 18810 18810 18810 18810 18810 18810 15878 32678 32678 32678 26738 9342 13309 13309 13309 13309 13309 13309 13309 13309 10402 33032 33032 33032 27092 8066 12374 12374 12374 12374 12374 12374 12374 12374 9838 
35132 35132 35132 29552 10310 11085 11085 11085 11085 11085 11085 11085 11085 8414 27800 27800 27800 26126 8186 11921 11921 11921 11921 11921 11921 11921 11921 8822 27708 27708 27708 26034 9126 15866 15866 15866 15866 15866 15866 15866 15866 13042 29226 29226 29226 23646 6754 10781 10781 10781 10781 10781 10781 10781 10781 7982 18986 18986 18986 13406 5594 9494 9494 9494 9494 9494 9494 9494 9494 7066 
34840 34840 34840 28900 9154 17965 17965 17965 17965 17965 17965 17965 17965 15186 33296 33296 33296 31514 13070 16913 16913 16913 16913 16913 16913 16913 16913 13706 34940 34940 34940 33158 15746 9404 9404 9404 9404 9404 9404 9404 9404 7622 34974 34974 34974 29034 11638 14541 14541 14541 14541 14541 14541 14541 14541 11634 38464 38464 38464 32524 13498 11726 11726 11726 11726 11726 11726 11726 11726 9190 
36104 36104 36104 29924 9842 12621 12621 12621 12621 12621 12621 12621 12621 9770 12360 12360 12360 10506 1854 3708 3708 3708 3708 3708 3708 3708 3708 1854 29228 29228 29228 27374 9626 15450 15450 15450 15450 15450 15450 15450 15450 12446 16686 16686 16686 10506 1854 11773 11773 11773 11773 11773 11773 11773 11773 8794 33848 33848 33848 27668 8306 9694 9694 9694 9694 9694 9694 9694 9694 7086 
38614 38614 38614 32014 11344 10945 10945 10945 10945 10945 10945 10945 10945 7968 30560 30560 30560 28580 9212 13253 13253 13253 13253 13253 13253 13253 13253 9848 29484 29484 29484 27504 9168 17206 17206 17206 17206 17206 17206 17206 17206 14076 32700 32700 32700 26100 7780 11817 11817 11817 11817 11817 11817 11817 11817 8712 17820 17820 17820 11220 1980 10770 10770 10770 10770 10770 10770 10770 10770 8036 
40270 40270 40270 33670 13000 22193 22193 22193 22193 22193 22193 22193 22193 19216 38088 38088 38088 36108 16740 20781 20781 20781 20781 20781 20781 20781 20781 17376 39756 39756 39756 37776 19440 13454 13454 13454 13454 13454 13454 13454 13454 10324 40228 40228 40228 33628 15308 18881 18881 18881 18881 18881 18881 18881 18881 15776 44054 44054 44054 37454 17504 15954 15954 15954 15954 15954 15954 15954 15954 13220 
37944 37944 37944 31524 11106 20229 20229 20229 20229 20229 20229 20229 20229 17306 35784 35784 35784 33858 14742 18729 18729 18729 18729 18729 18729 18729 18729 15378 37436 37436 37436 35510 17426 11562 11562 11562 11562 11562 11562 11562 11562 8486 37798 37798 37798 31378 13310 17029 17029 17029 17029 17029 17029 17029 17029 13978 41720 41720 41720 35300 15602 14038 14038 14038 14038 14038 14038 14038 14038 11358 
41094 41094 41094 34254 13248 11353 11353 11353 11353 11353 11353 11353 11353 8304 32096 32096 32096 30044 10340 14453 14453 14453 14453 14453 14453 14453 14453 10976 13680 13680 13680 11628 2052 19070 19070 19070 19070 19070 19070 19070 19070 15868 34404 34404 34404 27564 8908 14449 14449 14449 14449 14449 14449 14449 14449 11272 36102 36102 36102 29262 8976 13034 13034 13034 13034 13034 13034 13034 13034 10228 
36266 36266 36266 30266 10436 11337 11337 11337 11337 11337 11337 11337 11337 8540 28640 28640 28640 26840 8312 12173 12173 12173 12173 12173 12173 12173 12173 8948 28548 28548 28548 26748 9252 16118 16118 16118 16118 16118 16118 16118 16118 13168 30360 30360 30360 24360 6880 11033 11033 11033 11033 11033 11033 11033 11033 8108 20120 20120 20120 14120 5720 9746 9746 9746 9746 9746 9746 9746 9746 7192 
38106 38106 38106 31626 11124 20265 20265 20265 20265 20265 20265 20265 20265 17324 35904 35904 35904 33960 14760 18765 18765 18765 18765 18765 18765 18765 18765 15396 37556 37556 37556 35612 17444 11598 11598 11598 11598 11598 11598 11598 11598 8504 37960 37960 37960 31480 13328 17065 17065 17065 17065 17065 17065 17065 17065 13996 41882 41882 41882 35402 15620 14074 14074 14074 14074 14074 14074 14074 14074 11376 
37400 37400 37400 30980 10562 11589 11589 11589 11589 11589 11589 11589 11589 8666 29480 29480 29480 27554 8438 12425 12425 12425 12425 12425 12425 12425 12425 9074 29388 29388 29388 27462 9378 16370 16370 16370 16370 16370 16370 16370 16370 13294 31494 31494 31494 25074 7006 11285 11285 11285 11285 11285 11285 11285 11285 8234 21254 21254 21254 14834 5846 9998 9998 9998 9998 9998 9998 9998 9998 7318 
37076 37076 37076 30536 9950 12837 12837 12837 12837 12837 12837 12837 12837 9878 13080 13080 13080 11118 1962 3924 3924 3924 3924 3924 3924 3924 3924 1962 29948 29948 29948 27986 9734 15666 15666 15666 15666 15666 15666 15666 15666 12554 17658 17658 17658 11118 1962 11989 11989 11989 11989 11989 11989 11989 11989 8902 34820 34820 34820 28280 8414 9910 9910 9910 9910 9910 9910 9910 9910 7194 
38798 38798 38798 32438 12104 10321 10321 10321 10321 10321 10321 10321 10321 7416 30392 30392 30392 28484 9452 13421 13421 13421 13421 13421 13421 13421 13421 10088 27852 27852 27852 25944 7944 17870 17870 17870 17870 17870 17870 17870 17870 14812 32364 32364 32364 26004 8020 12785 12785 12785 12785 12785 12785 12785 12785 9752 22972 22972 22972 16612 7708 11570 11570 11570 11570 11570 11570 11570 11570 8908 
40290 40290 40290 33810 13308 3888 3888 3888 3888 3888 3888 3888 3888 1944 32080 32080 32080 30136 10936 14941 14941 14941 14941 14941 14941 14941 14941 11572 28868 28868 28868 26924 8756 19134 19134 19134 19134 19134 19134 19134 19134 16040 34136 34136 34136 27656 9504 13633 13633 13633 13633 13633 13633 13633 13633 10564 34490 34490 34490 28010 8228 12698 12698 12698 12698 12698 12698 12698 12698 10000 
15390 15390 15390 9690 1710 15197 15197 15197 15197 15197 15197 15197 15197 12490 30008 30008 30008 28298 10190 13961 13961 13961 13961 13961 13961 13961 13961 10826 31668 31668 31668 29958 12882 11866 11866 11866 11866 11866 11866 11866 11866 9006 31518 31518 31518 25818 8758 12029 12029 12029 12029 12029 12029 12029 12029 9194 35176 35176 35176 29476 10786 8998 8998 8998 8998 8998 8998 8998 8998 6534 
]

ExternalWorkerWithSkillOnStintCost: [
36540 42672 44184 40236 10272 16860 15960 17640 14850 13410 12030 17880 16080 9816 35208 41328 33120 31536 11280 13740 15420 14520 12630 16620 13230 16200 14910 13032 29304 34992 35280 31608 9960 12660 16920 13080 13860 16050 13890 14850 12330 13704 39480 41160 47460 46704 12744 13140 17010 16260 12000 14730 12690 14280 17700 12144 47628 38052 39732 49056 11520 16140 12750 16290 14970 13170 17340 14610 12450 13320 
49224 42756 36960 36120 13752 15720 14370 16620 14160 15780 15120 13050 16620 13344 41328 33480 35640 32688 13536 13920 15570 16440 15870 14400 13920 17820 12330 11976 41688 41904 29160 36432 12696 16860 15840 13170 12450 14700 17670 14910 13080 10080 36120 39900 38304 34356 12000 14160 16800 17040 14790 13740 14220 15870 14820 10056 38892 43428 46788 33768 13056 13200 14940 14610 17280 16380 12390 17760 17940 10224 
47628 39900 41664 46536 10056 14640 16500 12630 14070 15960 12750 13650 16260 12576 34200 37944 40968 40824 11304 14670 14610 14640 13320 16740 12660 14490 14010 10824 39456 32112 30600 41256 10608 12720 13410 16770 13260 14520 13440 12900 13560 13416 34188 39648 48384 46368 11712 14760 14370 16200 17760 16140 17580 14250 16470 13632 47040 48300 49392 34608 12624 15450 16860 12750 14220 14610 17580 13800 16050 14280 
]

OverlappingStints: [
[ 2 6 7 8 9 15 16 20 21 22 23 29 30 34 35 36 37 43 44 48 49 50 51 57 58 62 63 64 65 ]
[ 3 8 9 10 11 15 16 17 22 23 24 25 29 30 31 36 37 38 39 43 44 45 50 51 52 53 57 58 59 64 65 66 67 ]
[ 4 10 11 12 13 16 17 18 24 25 26 27 30 31 32 38 39 40 41 44 45 46 52 53 54 55 58 59 60 66 67 68 69 ]
[ 5 12 13 14 17 18 19 26 27 28 31 32 33 40 41 42 45 46 47 54 55 56 59 60 61 68 69 70 ]
[ 14 18 19 28 32 33 42 46 47 56 60 61 70 ]
[ 15 20 29 34 43 48 57 62 ]
[ 15 21 29 35 43 49 57 63 ]
[ 15 16 22 29 30 36 43 44 50 57 58 64 ]
[ 16 23 30 37 43 44 51 57 58 65 ]
[ 16 17 24 30 31 38 44 45 52 58 59 66 ]
[ 17 25 31 39 44 45 53 58 59 67 ]
[ 17 18 26 31 32 40 45 46 54 59 60 68 ]
[ 18 27 32 41 45 46 55 59 60 69 ]
[ 18 19 28 32 33 42 46 47 56 60 61 70 ]
[ 16 20 21 22 29 30 34 35 36 43 44 48 49 50 57 58 62 63 64 ]
[ 17 22 23 24 29 30 31 36 37 38 43 44 45 50 51 52 57 58 59 64 65 66 ]
[ 18 24 25 26 30 31 32 38 39 40 44 45 46 52 53 54 58 59 60 66 67 68 ]
[ 19 26 27 28 31 32 33 40 41 42 45 46 47 54 55 56 59 60 61 68 69 70 ]
[ 28 32 33 42 46 47 56 60 61 70 ]
[ 29 34 43 48 57 62 ]
[ 29 35 43 49 57 63 ]
[ 29 30 36 43 44 50 57 58 64 ]
[ 30 37 43 44 51 57 58 65 ]
[ 30 31 38 44 45 52 58 59 66 ]
[ 31 39 44 45 53 58 59 67 ]
[ 31 32 40 45 46 54 59 60 68 ]
[ 32 41 45 46 55 59 60 69 ]
[ 32 33 42 46 47 56 60 61 70 ]
[ 30 34 35 36 43 44 48 49 50 57 58 62 63 64 ]
[ 31 36 37 38 43 44 45 50 51 52 57 58 59 64 65 66 ]
[ 32 38 39 40 44 45 46 52 53 54 58 59 60 66 67 68 ]
[ 33 40 41 42 45 46 47 54 55 56 59 60 61 68 69 70 ]
[ 42 46 47 56 60 61 70 ]
[ 43 48 57 62 ]
[ 43 49 57 63 ]
[ 43 44 50 57 58 64 ]
[ 43 44 51 57 58 65 ]
[ 44 45 52 58 59 66 ]
[ 44 45 53 58 59 67 ]
[ 45 46 54 59 60 68 ]
[ 45 46 55 59 60 69 ]
[ 46 47 56 60 61 70 ]
[ 44 48 49 50 51 57 58 62 63 64 65 ]
[ 45 50 51 52 53 57 58 59 64 65 66 67 ]
[ 46 52 53 54 55 58 59 60 66 67 68 69 ]
[ 47 54 55 56 59 60 61 68 69 70 ]
[ 56 60 61 70 ]
[ 57 62 ]
[ 57 63 ]
[ 57 58 64 ]
[ 57 58 65 ]
[ 58 59 66 ]
[ 58 59 67 ]
[ 59 60 68 ]
[ 59 60 69 ]
[ 60 61 70 ]
[ 58 62 63 64 65 ]
[ 59 64 65 66 67 ]
[ 60 66 67 68 69 ]
[ 61 68 69 70 ]
[ 70 ]
[ ]
[ ]
[ ]
[ ]
[ ]
[ ]
[ ]
[ ]
[ ]
]

EmployeesWithSkill: [
[ 1 2 3 4 5 6 7 8 9 10 11 12 13 14 15 16 17 18 19 20 21 22 23 24 25 26 27 28 29 30 31 32 33 34 35 36 37 38 39 40 41 42 43 44 45 46 47 48 49 50 51 52 53 54 55 56 57 58 59 60 ]
[ 2 3 8 9 10 12 14 17 18 21 25 26 27 29 32 35 36 40 42 45 49 51 52 53 54 55 56 57 58 ]
[ 11 18 20 23 27 38 42 45 58 ]
]

SkillDemandInActivityWithMode: [
0	0	0	
4	7	3	
4	7	3	
9	15	6	
2	4	2	
9	15	6	
9	15	6	
4	7	3	
2	4	2	
9	15	6	
8	13	6	
8	13	6	
5	9	4	
6	10	4	
0	0	0	
12	19	8	
20	31	14	
16	25	11	
14	22	10	
6	10	4	
5	9	4	
4	7	3	
20	31	14	
16	25	11	
16	25	11	
9	15	6	
14	22	10	
32	49	22	
4	7	3	
0	0	0	
1	3	1	
3	6	2	
2	4	2	
2	4	2	
2	4	2	
2	4	2	
2	4	2	
1	3	1	
2	4	2	
1	3	1	
2	4	2	
2	4	2	
2	4	2	
1	3	1	
0	0	0	
11	18	8	
11	18	8	
16	25	11	
20	31	14	
16	25	11	
16	25	11	
5	9	4	
4	7	3	
10	16	7	
6	10	4	
16	25	11	
16	25	11	
5	9	4	
5	9	4	
4	7	3	
4	7	3	
16	25	11	
16	25	11	
0	0	0	
12	19	8	
24	37	16	
48	73	32	
48	73	32	
11	18	8	
12	19	8	
32	49	22	
0	0	0	
5	9	4	
3	6	2	
5	9	4	
6	10	4	
2	4	2	
5	9	4	
4	7	3	
4	7	3	
2	4	2	
2	4	2	
6	10	4	
2	4	2	
0	0	0	
177	267	118	
76	115	51	
133	201	89	
133	201	89	
133	201	89	
133	201	89	
177	267	118	
106	160	71	
106	160	71	
177	267	118	
0	0	0	
14	22	10	
9	15	6	
3	6	2	
9	15	6	
14	22	10	
14	22	10	
0	0	0	
8	13	6	
8	13	6	
5	9	4	
5	9	4	
12	19	8	
8	13	6	
12	19	8	
6	10	4	
2	4	2	
8	13	6	
5	9	4	
6	10	4	
2	4	2	
0	0	0	
5	9	4	
4	7	3	
3	6	2	
5	9	4	
5	9	4	
6	10	4	
4	7	3	
4	7	3	
4	7	3	
2	4	2	
4	7	3	
6	10	4	
3	6	2	
3	6	2	
5	9	4	
3	6	2	
3	6	2	

0	0	0	
3	6	2	
4	7	3	
10	16	7	
2	4	2	
10	16	7	
10	16	7	
4	7	3	
2	4	2	
10	16	7	
8	13	6	
8	13	6	
5	9	4	
6	10	4	
0	0	0	
11	18	8	
17	27	12	
14	22	10	
12	19	8	
4	7	3	
3	6	2	
3	6	2	
17	27	12	
14	22	10	
14	22	10	
8	13	6	
12	19	8	
29	45	20	
3	6	2	
0	0	0	
5	9	4	
17	27	12	
11	18	8	
10	16	7	
8	13	6	
11	18	8	
10	16	7	
5	9	4	
8	13	6	
5	9	4	
10	16	7	
11	18	8	
11	18	8	
8	13	6	
0	0	0	
6	10	4	
6	10	4	
9	15	6	
11	18	8	
9	15	6	
9	15	6	
2	4	2	
2	4	2	
5	9	4	
3	6	2	
9	15	6	
9	15	6	
2	4	2	
2	4	2	
2	4	2	
2	4	2	
9	15	6	
9	15	6	
0	0	0	
10	16	7	
20	31	14	
40	61	27	
40	61	27	
8	13	6	
10	16	7	
26	40	18	
0	0	0	
2	4	2	
1	3	1	
2	4	2	
3	6	2	
1	3	1	
2	4	2	
2	4	2	
2	4	2	
0	1	0	
1	3	1	
3	6	2	
0	1	0	
0	0	0	
2	4	2	
1	3	1	
1	3	1	
1	3	1	
1	3	1	
1	3	1	
2	4	2	
1	3	1	
1	3	1	
2	4	2	
0	0	0	
35	54	24	
23	36	16	
7	12	5	
23	36	16	
34	52	23	
34	52	23	
0	0	0	
2	4	2	
2	4	2	
1	3	1	
1	3	1	
4	7	3	
2	4	2	
4	7	3	
2	4	2	
0	1	0	
2	4	2	
1	3	1	
1	3	1	
0	1	0	
0	0	0	
1	3	1	
1	3	1	
0	1	0	
1	3	1	
1	3	1	
1	3	1	
0	1	0	
0	1	0	
0	1	0	
0	1	0	
0	1	0	
1	3	1	
0	1	0	
0	1	0	
1	3	1	
0	1	0	
0	1	0	

0	0	0	
0	1	0	
0	1	0	
0	1	0	
0	1	0	
0	1	0	
0	1	0	
0	1	0	
0	1	0	
0	1	0	
0	1	0	
0	1	0	
0	1	0	
0	1	0	
0	0	0	
1	3	1	
3	6	2	
2	4	2	
2	4	2	
0	1	0	
0	1	0	
0	1	0	
2	4	2	
2	4	2	
2	4	2	
1	3	1	
2	4	2	
4	7	3	
0	1	0	
0	0	0	
0	1	0	
2	4	2	
1	3	1	
1	3	1	
1	3	1	
1	3	1	
1	3	1	
0	1	0	
1	3	1	
0	1	0	
1	3	1	
1	3	1	
1	3	1	
1	3	1	
0	0	0	
0	1	0	
0	1	0	
0	1	0	
0	1	0	
0	1	0	
0	1	0	
0	1	0	
0	1	0	
0	1	0	
0	1	0	
0	1	0	
0	1	0	
0	1	0	
0	1	0	
0	1	0	
0	1	0	
0	1	0	
0	1	0	
0	0	0	
3	6	2	
6	10	4	
12	19	8	
12	19	8	
2	4	2	
3	6	2	
8	13	6	
0	0	0	
7	12	5	
3	6	2	
7	12	5	
9	15	6	
2	4	2	
7	12	5	
5	9	4	
5	9	4	
2	4	2	
3	6	2	
9	15	6	
2	4	2	
0	0	0	
1	3	1	
0	1	0	
1	3	1	
1	3	1	
0	1	0	
0	1	0	
1	3	1	
0	1	0	
0	1	0	
1	3	1	
0	0	0	
38	58	26	
25	39	17	
8	13	6	
25	39	17	
38	58	26	
38	58	26	
0	0	0	
0	1	0	
0	1	0	
0	1	0	
0	1	0	
0	1	0	
0	1	0	
0	1	0	
0	1	0	
0	1	0	
0	1	0	
0	1	0	
0	1	0	
0	1	0	
0	0	0	
2	4	2	
2	4	2	
1	3	1	
2	4	2	
2	4	2	
3	6	2	
1	3	1	
2	4	2	
1	3	1	
0	1	0	
1	3	1	
2	4	2	
1	3	1	
1	3	1	
2	4	2	
1	3	1	
1	3	1	

]

EmployeeAvailability: [
0 1 1 1 1 1 0 1 1 1 1 1 1 1 0 1 1 1 1 1 0 1 1 1 1 1 1 1 0 1 1 1 1 1 0 1 1 1 1 1 1 1 0 1 1 1 1 1 0 1 1 1 1 1 1 1 0 1 1 1 1 1 0 1 1 1 1 1 1 1 
1 0 1 1 1 1 1 0 1 1 1 1 1 1 1 0 1 1 1 1 1 0 1 1 1 1 1 1 1 0 1 1 1 1 1 0 1 1 1 1 1 1 1 0 1 1 1 1 1 0 1 1 1 1 1 1 1 0 1 1 1 1 1 0 1 1 1 1 1 1 
1 1 1 0 1 1 1 1 1 1 1 1 0 1 1 1 1 0 1 1 1 1 1 1 1 1 0 1 1 1 1 0 1 1 1 1 1 1 1 1 0 1 1 1 1 0 1 1 1 1 1 1 1 1 0 1 1 1 1 0 1 1 1 1 1 1 1 1 0 1 
1 1 0 1 1 1 1 1 1 0 1 1 1 1 1 1 0 1 1 1 1 1 1 0 1 1 1 1 1 1 0 1 1 1 1 1 1 0 1 1 1 1 1 1 0 1 1 1 1 1 1 0 1 1 1 1 1 1 0 1 1 1 1 1 1 0 1 1 1 1 
1 1 1 0 0 1 1 1 1 1 1 0 1 0 1 1 1 0 0 1 1 1 1 1 1 0 1 0 1 1 1 0 0 1 1 1 1 1 1 0 1 0 1 1 1 0 0 1 1 1 1 1 1 0 1 0 1 1 1 0 0 1 1 1 1 1 1 0 1 0 
1 1 1 1 1 1 1 1 1 1 1 1 1 1 1 1 1 1 1 1 1 1 1 1 1 1 1 1 1 1 1 1 1 1 1 1 1 1 1 1 1 1 1 1 1 1 1 1 1 1 1 1 1 1 1 1 1 1 1 1 1 1 1 1 1 1 1 1 1 1 
1 1 1 1 1 1 1 1 1 1 1 1 1 1 1 1 1 1 1 1 1 1 1 1 1 1 1 1 1 1 1 1 1 1 1 1 1 1 1 1 1 1 1 1 1 1 1 1 1 1 1 1 1 1 1 1 1 1 1 1 1 1 1 1 1 1 1 1 1 1 
0 1 0 1 1 1 1 1 1 0 1 1 1 1 1 1 0 1 1 1 1 1 1 0 1 1 1 1 1 1 0 1 1 1 1 1 1 0 1 1 1 1 0 1 0 1 1 1 1 1 1 0 1 1 1 1 0 1 0 1 1 1 1 1 1 0 1 1 1 1 
1 1 1 1 1 1 1 1 1 1 1 1 1 1 1 1 1 1 1 1 1 1 1 1 1 1 1 1 1 1 1 1 1 1 1 1 1 1 1 1 1 1 1 1 1 1 1 1 1 1 1 1 1 1 1 1 1 1 1 1 1 1 1 1 1 1 1 1 1 1 
0 1 0 1 1 1 1 1 1 0 0 1 1 1 1 1 0 1 1 1 1 1 1 0 0 1 1 1 1 1 0 1 1 1 1 1 1 0 0 1 1 1 0 1 0 1 1 1 1 1 1 0 0 1 1 1 0 1 0 1 1 1 1 1 1 0 0 1 1 1 
0 1 1 1 1 1 0 1 1 1 1 1 1 1 0 1 1 1 1 1 0 1 1 1 1 1 1 1 0 1 1 1 1 1 0 1 1 1 1 1 1 1 0 1 1 1 1 1 0 1 1 1 1 1 1 1 0 1 1 1 1 1 0 1 1 1 1 1 1 1 
1 1 1 1 1 1 1 1 1 1 1 1 1 1 1 1 1 1 1 1 1 1 1 1 1 1 1 1 1 1 1 1 1 1 1 1 1 1 1 1 1 1 1 1 1 1 1 1 1 1 1 1 1 1 1 1 1 1 1 1 1 1 1 1 1 1 1 1 1 1 
1 1 1 1 1 1 1 1 1 1 1 1 1 1 1 1 1 1 1 1 1 1 1 1 1 1 1 1 1 1 1 1 1 1 1 1 1 1 1 1 1 1 1 1 1 1 1 1 1 1 1 1 1 1 1 1 1 1 1 1 1 1 1 1 1 1 1 1 1 1 
1 1 0 1 1 1 1 1 1 1 1 1 1 1 1 1 1 1 1 1 1 1 1 1 1 1 1 1 1 1 1 1 1 1 1 1 1 1 1 1 1 1 1 1 0 1 1 1 1 1 1 1 1 1 1 1 1 1 0 1 1 1 1 1 1 1 1 1 1 1 
1 0 0 0 1 1 1 1 1 1 0 1 1 1 1 1 0 1 1 1 1 1 1 1 0 1 1 1 1 1 0 1 1 1 1 1 1 1 0 1 1 1 1 0 0 0 1 1 1 1 1 1 0 1 1 1 1 0 0 0 1 1 1 1 1 1 0 1 1 1 
1 0 1 0 1 1 1 1 1 1 1 1 0 1 1 1 1 0 1 1 1 1 1 1 1 1 0 1 1 1 1 0 1 1 1 1 1 1 1 1 0 1 1 0 1 0 1 1 1 1 1 1 1 1 0 1 1 0 1 0 1 1 1 1 1 1 1 1 0 1 
1 1 1 1 1 1 1 1 1 1 1 1 1 1 1 1 1 1 1 1 1 1 1 1 1 1 1 1 1 1 1 1 1 1 1 1 1 1 1 1 1 1 1 1 1 1 1 1 1 1 1 1 1 1 1 1 1 1 1 1 1 1 1 1 1 1 1 1 1 1 
1 1 1 1 1 1 1 1 1 1 1 1 1 1 1 1 1 1 1 1 1 1 1 1 1 1 1 1 1 1 1 1 1 1 1 1 1 1 1 1 1 1 1 1 1 1 1 1 1 1 1 1 1 1 1 1 1 1 1 1 1 1 1 1 1 1 1 1 1 1 
0 0 0 1 1 1 1 0 1 1 0 1 1 1 0 0 0 1 1 1 1 0 1 1 0 1 1 1 0 0 0 1 1 1 1 0 1 1 0 1 1 1 0 0 0 1 1 1 1 0 1 1 0 1 1 1 0 0 0 1 1 1 1 0 1 1 0 1 1 1 
1 1 1 1 1 1 1 1 1 1 1 1 1 1 1 1 1 1 1 1 1 1 1 1 1 1 1 1 1 1 1 1 1 1 1 1 1 1 1 1 1 1 1 1 1 1 1 1 1 1 1 1 1 1 1 1 1 1 1 1 1 1 1 1 1 1 1 1 1 1 
1 1 1 1 1 1 1 1 1 1 1 1 1 1 1 1 1 1 1 1 1 1 1 1 1 1 1 1 1 1 1 1 1 1 1 1 1 1 1 1 1 1 1 1 1 1 1 1 1 1 1 1 1 1 1 1 1 1 1 1 1 1 1 1 1 1 1 1 1 1 
1 1 1 1 0 1 1 1 1 1 1 1 1 0 1 1 1 1 0 1 1 1 1 1 1 1 1 0 1 1 1 1 0 1 1 1 1 1 1 1 1 0 1 1 1 1 0 1 1 1 1 1 1 1 1 0 1 1 1 1 0 1 1 1 1 1 1 1 1 0 
0 1 1 1 1 1 1 1 1 1 1 1 1 1 1 1 1 1 1 1 1 1 1 1 1 1 1 1 1 1 1 1 1 1 1 1 1 1 1 1 1 1 0 1 1 1 1 1 1 1 1 1 1 1 1 1 0 1 1 1 1 1 1 1 1 1 1 1 1 1 
1 1 1 0 1 1 1 1 1 1 1 0 1 1 1 1 1 0 1 1 1 1 1 1 1 0 1 1 1 1 1 0 1 1 1 1 1 1 1 0 1 1 1 1 1 0 1 1 1 1 1 1 1 0 1 1 1 1 1 0 1 1 1 1 1 1 1 0 1 1 
1 1 0 1 1 1 1 1 1 1 1 1 1 1 1 1 0 1 1 1 1 1 1 1 1 1 1 1 1 1 0 1 1 1 1 1 1 1 1 1 1 1 1 1 0 1 1 1 1 1 1 1 1 1 1 1 1 1 0 1 1 1 1 1 1 1 1 1 1 1 
0 0 1 0 1 1 0 1 0 1 1 1 0 1 0 0 1 0 1 1 0 1 0 1 1 1 0 1 0 0 1 0 1 1 0 1 0 1 1 1 0 1 0 0 1 0 1 1 0 1 0 1 1 1 0 1 0 0 1 0 1 1 0 1 0 1 1 1 0 1 
1 0 1 1 1 1 1 0 1 1 1 1 1 1 1 0 1 1 1 1 1 0 1 1 1 1 1 1 1 0 1 1 1 1 1 0 1 1 1 1 1 1 1 0 1 1 1 1 1 0 1 1 1 1 1 1 1 0 1 1 1 1 1 0 1 1 1 1 1 1 
0 1 1 1 1 1 1 1 1 1 1 1 1 1 1 1 1 1 1 1 1 1 1 1 1 1 1 1 1 1 1 1 1 1 1 1 1 1 1 1 1 1 0 1 1 1 1 1 1 1 1 1 1 1 1 1 0 1 1 1 1 1 1 1 1 1 1 1 1 1 
0 1 1 1 1 1 0 1 1 1 1 1 1 1 0 1 1 1 1 1 0 1 1 1 1 1 1 1 0 1 1 1 1 1 0 1 1 1 1 1 1 1 0 1 1 1 1 1 0 1 1 1 1 1 1 1 0 1 1 1 1 1 0 1 1 1 1 1 1 1 
1 1 1 0 1 1 1 1 1 1 1 0 1 1 1 1 1 0 1 1 1 1 1 1 1 0 1 1 1 1 1 0 1 1 1 1 1 1 1 0 1 1 1 1 1 0 1 1 1 1 1 1 1 0 1 1 1 1 1 0 1 1 1 1 1 1 1 0 1 1 
1 1 1 0 1 1 1 1 1 1 1 0 1 1 1 1 1 0 1 1 1 1 1 1 1 0 1 1 1 1 1 0 1 1 1 1 1 1 1 0 1 1 1 1 1 0 1 1 1 1 1 1 1 0 1 1 1 1 1 0 1 1 1 1 1 1 1 0 1 1 
1 0 1 1 1 1 1 0 1 1 1 1 1 1 1 0 1 1 1 1 1 0 1 1 1 1 1 1 1 0 1 1 1 1 1 0 1 1 1 1 1 1 1 0 1 1 1 1 1 0 1 1 1 1 1 1 1 0 1 1 1 1 1 0 1 1 1 1 1 1 
1 1 1 1 1 1 1 1 1 1 1 1 1 1 1 1 1 1 1 1 1 1 1 1 1 1 1 1 1 1 1 1 1 1 1 1 1 1 1 1 1 1 1 1 1 1 1 1 1 1 1 1 1 1 1 1 1 1 1 1 1 1 1 1 1 1 1 1 1 1 
1 1 0 1 1 1 1 1 1 0 1 1 1 1 1 1 0 1 1 1 1 1 1 0 1 1 1 1 1 1 0 1 1 1 1 1 1 0 1 1 1 1 1 1 0 1 1 1 1 1 1 0 1 1 1 1 1 1 0 1 1 1 1 1 1 0 1 1 1 1 
1 0 1 1 0 1 1 1 1 1 1 1 1 0 1 0 1 1 0 1 1 1 1 1 1 1 1 0 1 0 1 1 0 1 1 1 1 1 1 1 1 0 1 0 1 1 0 1 1 1 1 1 1 1 1 0 1 0 1 1 0 1 1 1 1 1 1 1 1 0 
1 1 1 1 1 1 1 1 1 1 1 1 1 1 1 1 1 1 1 1 1 1 1 1 1 1 1 1 1 1 1 1 1 1 1 1 1 1 1 1 1 1 1 1 1 1 1 1 1 1 1 1 1 1 1 1 1 1 1 1 1 1 1 1 1 1 1 1 1 1 
0 1 0 1 1 0 1 1 1 1 0 1 1 1 0 1 0 1 1 0 1 1 1 1 0 1 1 1 0 1 0 1 1 0 1 1 1 1 0 1 1 1 0 1 0 1 1 0 1 1 1 1 0 1 1 1 0 1 0 1 1 0 1 1 1 1 0 1 1 1 
0 1 1 0 0 1 0 1 1 1 1 0 1 0 0 1 1 0 0 1 0 1 1 1 1 0 1 0 0 1 1 0 0 1 0 1 1 1 1 0 1 0 0 1 1 0 0 1 0 1 1 1 1 0 1 0 0 1 1 0 0 1 0 1 1 1 1 0 1 0 
1 1 1 0 1 1 1 1 1 1 1 1 1 1 1 1 1 1 1 1 1 1 1 1 1 1 1 1 1 1 1 1 1 1 1 1 1 1 1 1 1 1 1 1 1 0 1 1 1 1 1 1 1 1 1 1 1 1 1 0 1 1 1 1 1 1 1 1 1 1 
1 0 1 0 1 1 1 1 1 1 1 0 1 1 1 1 1 0 1 1 1 1 1 1 1 0 1 1 1 1 1 0 1 1 1 1 1 1 1 0 1 1 1 0 1 0 1 1 1 1 1 1 1 0 1 1 1 0 1 0 1 1 1 1 1 1 1 0 1 1 
1 1 0 0 0 1 1 1 1 0 1 1 0 0 1 1 0 0 0 1 1 1 1 0 1 1 0 0 1 1 0 0 0 1 1 1 1 0 1 1 0 0 1 1 0 0 0 1 1 1 1 0 1 1 0 0 1 1 0 0 0 1 1 1 1 0 1 1 0 0 
1 1 1 1 1 1 1 1 1 1 1 1 1 1 1 1 1 1 1 1 1 1 1 1 1 1 1 1 1 1 1 1 1 1 1 1 1 1 1 1 1 1 1 1 1 1 1 1 1 1 1 1 1 1 1 1 1 1 1 1 1 1 1 1 1 1 1 1 1 1 
1 1 1 0 1 1 1 1 1 1 1 0 1 1 1 1 1 0 1 1 1 1 1 1 1 0 1 1 1 1 1 0 1 1 1 1 1 1 1 0 1 1 1 1 1 0 1 1 1 1 1 1 1 0 1 1 1 1 1 0 1 1 1 1 1 1 1 0 1 1 
0 0 1 0 1 1 1 1 1 1 1 1 0 1 1 1 1 0 1 1 1 1 1 1 1 1 0 1 1 1 1 0 1 1 1 1 1 1 1 1 0 1 0 0 1 0 1 1 1 1 1 1 1 1 0 1 0 0 1 0 1 1 1 1 1 1 1 1 0 1 
0 1 1 1 1 1 1 1 1 1 1 1 1 1 1 1 1 1 1 1 1 1 1 1 1 1 1 1 1 1 1 1 1 1 1 1 1 1 1 1 1 1 0 1 1 1 1 1 1 1 1 1 1 1 1 1 0 1 1 1 1 1 1 1 1 1 1 1 1 1 
1 1 1 1 1 1 1 1 1 1 1 1 1 1 1 1 1 1 1 1 1 1 1 1 1 1 1 1 1 1 1 1 1 1 1 1 1 1 1 1 1 1 1 1 1 1 1 1 1 1 1 1 1 1 1 1 1 1 1 1 1 1 1 1 1 1 1 1 1 1 
1 1 1 1 1 1 1 1 1 1 1 1 1 1 1 1 1 1 1 1 1 1 1 1 1 1 1 1 1 1 1 1 1 1 1 1 1 1 1 1 1 1 1 1 1 1 1 1 1 1 1 1 1 1 1 1 1 1 1 1 1 1 1 1 1 1 1 1 1 1 
1 0 0 1 1 1 1 1 1 0 0 1 1 1 1 0 0 1 1 1 1 1 1 0 0 1 1 1 1 0 0 1 1 1 1 1 1 0 0 1 1 1 1 0 0 1 1 1 1 1 1 0 0 1 1 1 1 0 0 1 1 1 1 1 1 0 0 1 1 1 
0 0 1 1 1 0 1 0 1 1 1 1 1 1 0 0 1 1 1 0 1 0 1 1 1 1 1 1 0 0 1 1 1 0 1 0 1 1 1 1 1 1 0 0 1 1 1 0 1 0 1 1 1 1 1 1 0 0 1 1 1 0 1 0 1 1 1 1 1 1 
1 1 0 0 0 1 1 1 1 1 0 1 0 0 1 1 0 0 0 1 1 1 1 1 0 1 0 0 1 1 0 0 0 1 1 1 1 1 0 1 0 0 1 1 0 0 0 1 1 1 1 1 0 1 0 0 1 1 0 0 0 1 1 1 1 1 0 1 0 0 
1 1 1 1 1 1 1 1 1 1 1 1 1 1 1 1 1 1 1 1 1 1 1 1 1 1 1 1 1 1 1 1 1 1 1 1 1 1 1 1 1 1 1 1 1 1 1 1 1 1 1 1 1 1 1 1 1 1 1 1 1 1 1 1 1 1 1 1 1 1 
0 1 0 1 1 1 1 1 1 1 0 1 1 1 0 1 0 1 1 1 1 1 1 1 0 1 1 1 0 1 0 1 1 1 1 1 1 1 0 1 1 1 0 1 0 1 1 1 1 1 1 1 0 1 1 1 0 1 0 1 1 1 1 1 1 1 0 1 1 1 
0 1 1 1 1 1 1 1 1 1 1 1 1 1 0 1 1 1 1 1 1 1 1 1 1 1 1 1 0 1 1 1 1 1 1 1 1 1 1 1 1 1 0 1 1 1 1 1 1 1 1 1 1 1 1 1 0 1 1 1 1 1 1 1 1 1 1 1 1 1 
1 1 0 1 1 1 1 1 1 0 1 1 1 1 1 1 0 1 1 1 1 1 1 0 1 1 1 1 1 1 0 1 1 1 1 1 1 0 1 1 1 1 1 1 0 1 1 1 1 1 1 0 1 1 1 1 1 1 0 1 1 1 1 1 1 0 1 1 1 1 
1 1 1 1 1 1 1 1 1 1 1 1 1 1 1 1 1 1 1 1 1 1 1 1 1 1 1 1 1 1 1 1 1 1 1 1 1 1 1 1 1 1 1 1 1 1 1 1 1 1 1 1 1 1 1 1 1 1 1 1 1 1 1 1 1 1 1 1 1 1 
1 0 0 1 1 1 1 1 0 1 1 1 1 1 1 0 0 1 1 1 1 1 0 1 1 1 1 1 1 0 0 1 1 1 1 1 0 1 1 1 1 1 1 0 0 1 1 1 1 1 0 1 1 1 1 1 1 0 0 1 1 1 1 1 0 1 1 1 1 1 
1 1 1 1 1 1 1 1 1 1 1 1 1 1 1 1 1 1 1 1 1 1 1 1 1 1 1 1 1 1 1 1 1 1 1 1 1 1 1 1 1 1 1 1 1 1 1 1 1 1 1 1 1 1 1 1 1 1 1 1 1 1 1 1 1 1 1 1 1 1 
1 1 0 0 0 1 1 1 1 1 0 1 1 0 1 1 0 0 0 1 1 1 1 1 0 1 1 0 1 1 0 0 0 1 1 1 1 1 0 1 1 0 1 1 0 0 0 1 1 1 1 1 0 1 1 0 1 1 0 0 0 1 1 1 1 1 0 1 1 0 
0 1 1 1 1 1 0 1 1 1 1 1 1 1 0 1 1 1 1 1 0 1 1 1 1 1 1 1 0 1 1 1 1 1 0 1 1 1 1 1 1 1 0 1 1 1 1 1 0 1 1 1 1 1 1 1 0 1 1 1 1 1 0 1 1 1 1 1 1 1 
0 1 1 0 0 1 0 1 1 1 1 1 0 0 0 1 1 0 0 1 0 1 1 1 1 1 0 0 0 1 1 0 0 1 0 1 1 1 1 1 0 0 0 1 1 0 0 1 0 1 1 1 1 1 0 0 0 1 1 0 0 1 0 1 1 1 1 1 0 0 
]

EmployeeWantedInStint: [ (1 44) 1 (2 7) 1 (2 45) 1 (2 46) 1 (2 68) 1 (5 64) 1 (6 60) 1 (6 61) 1 (7 55) 1 (8 26) 1 (10 4) 1 (10 22) 1 (10 57) 1 (10 61) 1 (11 21) 1 (12 49) 1 (13 14) 1 (14 28) 1 (14 34) 1 (15 3) 1 (15 51) 1 (18 16) 1 (18 54) 1 (21 9) 1 (22 42) 1 (22 45) 1 (22 46) 1 (22 66) 1 (24 37) 1 (25 61) 1 (26 12) 1 (27 47) 1 (27 62) 1 (27 65) 1 (29 19) 1 (30 13) 1 (30 26) 1 (30 35) 1 (30 59) 1 (34 26) 1 (36 18) 1 (36 40) 1 (36 55) 1 (36 61) 1 (37 34) 1 (38 3) 1 (42 14) 1 (42 66) 1 (43 9) 1 (45 16) 1 (47 4) 1 (47 6) 1 (47 53) 1 (48 1) 1 (48 2) 1 (48 12) 1 (50 45) 1 (51 10) 1 (53 16) 1 (53 35) 1 (53 46) 1 (54 19) 1 (55 14) 1 (56 14) 1 (56 69) 1 (58 38) 1 (58 54) 1 (58 62) 1 (58 70) 1 (59 19) 1 (59 40) 1 (59 64) 1 (60 25) 1 ]

EmployeeWantedViolationCost: [ (1 44) 7000 (2 7) 9000 (2 45) 5000 (2 46) 13000 (2 68) 15000 (5 64) 7000 (6 60) 9000 (6 61) 9000 (7 55) 14000 (8 26) 9000 (10 4) 12000 (10 22) 11000 (10 57) 11000 (10 61) 12000 (11 21) 11000 (12 49) 14000 (13 14) 10000 (14 28) 8000 (14 34) 12000 (15 3) 5000 (15 51) 11000 (18 16) 14000 (18 54) 10000 (21 9) 7000 (22 42) 6000 (22 45) 14000 (22 46) 5000 (22 66) 15000 (24 37) 13000 (25 61) 5000 (26 12) 9000 (27 47) 12000 (27 62) 7000 (27 65) 13000 (29 19) 5000 (30 13) 13000 (30 26) 10000 (30 35) 5000 (30 59) 12000 (34 26) 5000 (36 18) 8000 (36 40) 6000 (36 55) 12000 (36 61) 6000 (37 34) 10000 (38 3) 7000 (42 14) 8000 (42 66) 10000 (43 9) 5000 (45 16) 5000 (47 4) 6000 (47 6) 12000 (47 53) 15000 (48 1) 6000 (48 2) 8000 (48 12) 15000 (50 45) 6000 (51 10) 8000 (53 16) 5000 (53 35) 8000 (53 46) 15000 (54 19) 10000 (55 14) 10000 (56 14) 14000 (56 69) 11000 (58 38) 7000 (58 54) 7000 (58 62) 7000 (58 70) 9000 (59 19) 11000 (59 40) 10000 (59 64) 11000 (60 25) 11000 ]

EmployeesThatShouldNotWorkTogetherWithEmployee: [
[ 25 ]
[ 8 48 ]
[ 21 25 ]
[ 55 ]
[ 9 48 ]
[ 7 55 59 ]
[ 27 34 37 47 ]
[ 14 33 41 42 49 51 55 60 ]
[ 45 60 ]
[ 16 17 21 28 31 51 ]
[ ]
[ 26 36 39 44 48 ]
[ 23 27 48 50 52 ]
[ 44 ]
[ 46 58 ]
[ 20 24 52 ]
[ 23 34 ]
[ ]
[ 26 27 42 ]
[ 27 47 ]
[ 31 ]
[ 46 ]
[ 40 43 ]
[ 26 57 ]
[ ]
[ ]
[ ]
[ 40 53 55 ]
[ 60 ]
[ 34 35 41 54 ]
[ 42 ]
[ 44 51 54 ]
[ 37 47 49 ]
[ 55 ]
[ 56 57 ]
[ ]
[ ]
[ 51 56 ]
[ 54 ]
[ 48 ]
[ 49 51 ]
[ ]
[ ]
[ 60 ]
[ 47 ]
[ ]
[ ]
[ 50 ]
[ ]
[ 51 ]
[ ]
[ 54 ]
[ ]
[ ]
[ ]
[ ]
[ ]
[ 59 ]
[ ]
[ ]
]

ShouldNotWorkTogetherCost: [ (1 25) 396 (2 8) 198 (2 48) 297 (3 21) 396 (3 25) 297 (4 55) 396 (5 9) 297 (5 48) 99 (6 7) 297 (6 55) 198 (6 59) 99 (7 27) 99 (7 34) 99 (7 37) 396 (7 47) 297 (8 14) 99 (8 33) 297 (8 41) 198 (8 42) 198 (8 49) 297 (8 51) 297 (8 55) 396 (8 60) 297 (9 45) 297 (9 60) 396 (10 16) 99 (10 17) 198 (10 21) 198 (10 28) 396 (10 31) 99 (10 51) 396 (12 26) 396 (12 36) 99 (12 39) 99 (12 44) 396 (12 48) 99 (13 23) 99 (13 27) 297 (13 48) 198 (13 50) 99 (13 52) 198 (14 44) 198 (15 46) 396 (15 58) 99 (16 20) 297 (16 24) 198 (16 52) 198 (17 23) 99 (17 34) 198 (19 26) 99 (19 27) 198 (19 42) 198 (20 27) 396 (20 47) 99 (21 31) 396 (22 46) 396 (23 40) 99 (23 43) 396 (24 26) 99 (24 57) 198 (28 40) 297 (28 53) 99 (28 55) 198 (29 60) 99 (30 34) 198 (30 35) 99 (30 41) 198 (30 54) 297 (31 42) 297 (32 44) 99 (32 51) 198 (32 54) 396 (33 37) 198 (33 47) 99 (33 49) 198 (34 55) 297 (35 56) 396 (35 57) 99 (38 51) 297 (38 56) 396 (39 54) 297 (40 48) 297 (41 49) 99 (41 51) 198 (44 60) 198 (45 47) 99 (48 50) 396 (50 51) 396 (52 54) 198 (58 59) 396 ]

ImmediatePredecessorsToActivity: [
[ ]
[ 1 ]
[ 1 ]
[ 1 ]
[ 2 ]
[ 3 ]
[ 1 ]
[ 1 ]
[ 2 7 ]
[ 4 9 ]
[ 1 ]
[ 1 ]
[ 7 ]
[ 2 6 ]
[ ]
[ 15 ]
[ 15 ]
[ 16 17 ]
[ 17 ]
[ 15 ]
[ 15 ]
[ 15 ]
[ 18 21 ]
[ 18 19 ]
[ 17 20 ]
[ 17 ]
[ 20 24 ]
[ 18 ]
[ 15 ]
[ ]
[ 30 ]
[ 30 ]
[ 30 ]
[ 32 ]
[ 33 ]
[ 34 ]
[ 30 ]
[ 33 ]
[ 37 38 ]
[ 34 ]
[ 34 38 ]
[ 33 40 ]
[ 31 32 ]
[ 33 34 37 ]
[ ]
[ 45 ]
[ 45 ]
[ 45 ]
[ 45 ]
[ 49 ]
[ 46 50 ]
[ 46 47 49 ]
[ 45 ]
[ 51 52 53 ]
[ 50 53 ]
[ 48 53 ]
[ 47 56 ]
[ 47 51 ]
[ 51 ]
[ 47 48 49 51 ]
[ 45 ]
[ 57 59 ]
[ 46 56 ]
[ ]
[ 64 ]
[ 64 ]
[ 64 ]
[ 66 ]
[ 64 ]
[ 64 ]
[ 67 68 ]
[ ]
[ 72 ]
[ 72 ]
[ 73 ]
[ 73 74 ]
[ 75 76 ]
[ 73 ]
[ 76 ]
[ 72 ]
[ 74 75 80 ]
[ 74 75 ]
[ 75 79 80 ]
[ 80 ]
[ ]
[ 85 ]
[ 85 ]
[ 87 ]
[ 86 ]
[ 85 ]
[ 85 ]
[ 90 ]
[ 87 89 92 ]
[ 93 ]
[ 91 ]
[ ]
[ 96 ]
[ 96 ]
[ 96 ]
[ 96 ]
[ 96 ]
[ 101 ]
[ ]
[ 103 ]
[ 103 ]
[ 103 ]
[ 103 ]
[ 103 ]
[ 104 ]
[ 107 ]
[ 103 ]
[ 108 ]
[ 103 ]
[ 105 106 107 108 ]
[ 106 110 ]
[ 103 ]
[ ]
[ 117 ]
[ 117 ]
[ 117 ]
[ 119 120 ]
[ 117 ]
[ 117 ]
[ 121 ]
[ 119 122 ]
[ 118 125 ]
[ 119 123 ]
[ 120 124 127 ]
[ 117 ]
[ 121 126 ]
[ 118 124 125 ]
[ 128 130 ]
[ 121 123 ]
[ 119 124 126 ]
]

ActivitiesInProject: [
[ 1 2 3 4 5 6 7 8 9 10 11 12 13 14 ]
[ 15 16 17 18 19 20 21 22 23 24 25 26 27 28 29 ]
[ 30 31 32 33 34 35 36 37 38 39 40 41 42 43 44 ]
[ 45 46 47 48 49 50 51 52 53 54 55 56 57 58 59 60 61 62 63 ]
[ 64 65 66 67 68 69 70 71 ]
[ 72 73 74 75 76 77 78 79 80 81 82 83 84 ]
[ 85 86 87 88 89 90 91 92 93 94 95 ]
[ 96 97 98 99 100 101 102 ]
[ 103 104 105 106 107 108 109 110 111 112 113 114 115 116 ]
[ 117 118 119 120 121 122 123 124 125 126 127 128 129 130 131 132 133 134 ]
]

nActivityModes: [ 3 3 3 3 3 3 3 3 3 3 3 3 3 3 3 3 3 3 3 3 3 3 3 3 3 3 3 3 3 3 3 3 3 3 3 3 3 3 3 3 3 3 3 3 3 3 3 3 3 3 3 3 3 3 3 3 3 3 3 3 3 3 3 3 3 3 3 3 3 3 3 3 3 3 3 3 3 3 3 3 3 3 3 3 3 3 3 3 3 3 3 3 3 3 3 3 3 3 3 3 3 3 3 3 3 3 3 3 3 3 3 3 3 3 3 3 3 3 3 3 3 3 3 3 3 3 3 3 3 3 3 3 3 3 ]

ActivityDurationWithMode: [
1	1	1	
12	8	16	
10	7	14	
4	3	6	
21	14	28	
4	3	6	
4	3	6	
10	7	14	
21	14	28	
4	3	6	
5	4	7	
5	4	7	
8	6	11	
6	4	8	
1	1	1	
8	6	11	
5	4	7	
6	4	8	
7	5	10	
19	13	26	
23	16	31	
27	18	36	
5	4	7	
6	4	8	
6	4	8	
11	8	15	
7	5	10	
3	2	4	
28	19	38	
1	1	1	
13	9	18	
4	3	6	
6	4	8	
7	5	10	
8	6	11	
6	4	8	
7	5	10	
14	10	19	
8	6	11	
12	8	16	
7	5	10	
6	4	8	
6	4	8	
8	6	11	
1	1	1	
7	5	10	
7	5	10	
5	4	7	
4	3	6	
5	4	7	
5	4	7	
18	12	24	
20	14	27	
8	6	11	
15	10	20	
5	4	7	
5	4	7	
18	12	24	
18	12	24	
23	16	31	
22	15	30	
5	4	7	
5	4	7	
1	1	1	
8	6	11	
4	3	6	
2	2	3	
2	2	3	
9	6	12	
8	6	11	
3	2	4	
1	1	1	
4	3	6	
8	6	11	
4	3	6	
3	2	4	
10	7	14	
4	3	6	
5	4	7	
5	4	7	
11	8	15	
9	6	12	
3	2	4	
14	10	19	
1	1	1	
3	2	4	
7	5	10	
4	3	6	
4	3	6	
4	3	6	
4	3	6	
3	2	4	
5	4	7	
5	4	7	
3	2	4	
1	1	1	
2	2	3	
3	2	4	
9	6	12	
3	2	4	
2	2	3	
2	2	3	
1	1	1	
8	6	11	
8	6	11	
12	8	16	
14	10	19	
5	4	7	
8	6	11	
5	4	7	
10	7	14	
31	21	42	
8	6	11	
12	8	16	
11	8	15	
38	26	51	
1	1	1	
5	4	7	
6	4	8	
10	7	14	
5	4	7	
5	4	7	
4	3	6	
7	5	10	
6	4	8	
6	4	8	
13	9	18	
7	5	10	
4	3	6	
8	6	11	
8	6	11	
5	4	7	
10	7	14	
10	7	14	
]

StintsInProject: [
[ 1 2 3 4 5 ]
[ 6 7 8 9 10 11 12 13 14 ]
[ 15 16 17 18 19 ]
[ 20 21 22 23 24 25 26 27 28 ]
[ 29 30 31 32 33 ]
[ 34 35 36 37 38 39 40 41 42 ]
[ 43 44 45 46 47 ]
[ 48 49 50 51 52 53 54 55 56 ]
[ 57 58 59 60 61 ]
[ 62 63 64 65 66 67 68 69 70 ]
]

WorkingStintsOnDay: [
[ 1 6 15 20 29 34 43 48 57 62 ]
[ 1 6 15 20 29 34 43 48 57 62 ]
[ 1 6 15 20 29 34 43 48 57 62 ]
[ 1 6 15 20 29 34 43 48 57 62 ]
[ 1 6 15 20 29 34 43 48 57 62 ]
[ 1 15 29 43 57 ]
[ 1 15 29 43 57 ]
[ 1 7 15 21 29 35 43 49 57 63 ]
[ 1 7 15 21 29 35 43 49 57 63 ]
[ 1 7 15 21 29 35 43 49 57 63 ]
[ 1 7 15 21 29 35 43 49 57 63 ]
[ 1 7 15 21 29 35 43 49 57 63 ]
[ 1 43 57 ]
[ 1 43 57 ]
[ 2 8 16 22 30 36 44 50 58 64 ]
[ 2 8 16 22 30 36 44 50 58 64 ]
[ 2 8 16 22 30 36 44 50 58 64 ]
[ 2 8 16 22 30 36 44 50 58 64 ]
[ 2 8 16 22 30 36 44 50 58 64 ]
[ 2 16 30 44 58 ]
[ 2 16 30 44 58 ]
[ 2 9 16 23 30 37 44 51 58 65 ]
[ 2 9 16 23 30 37 44 51 58 65 ]
[ 2 9 16 23 30 37 44 51 58 65 ]
[ 2 9 16 23 30 37 44 51 58 65 ]
[ 2 9 16 23 30 37 44 51 58 65 ]
[ 2 44 58 ]
[ 2 44 58 ]
[ 3 10 17 24 31 38 45 52 59 66 ]
[ 3 10 17 24 31 38 45 52 59 66 ]
[ 3 10 17 24 31 38 45 52 59 66 ]
[ 3 10 17 24 31 38 45 52 59 66 ]
[ 3 10 17 24 31 38 45 52 59 66 ]
[ 3 17 31 45 59 ]
[ 3 17 31 45 59 ]
[ 3 11 17 25 31 39 45 53 59 67 ]
[ 3 11 17 25 31 39 45 53 59 67 ]
[ 3 11 17 25 31 39 45 53 59 67 ]
[ 3 11 17 25 31 39 45 53 59 67 ]
[ 3 11 17 25 31 39 45 53 59 67 ]
[ 3 45 59 ]
[ 3 45 59 ]
[ 4 12 18 26 32 40 46 54 60 68 ]
[ 4 12 18 26 32 40 46 54 60 68 ]
[ 4 12 18 26 32 40 46 54 60 68 ]
[ 4 12 18 26 32 40 46 54 60 68 ]
[ 4 12 18 26 32 40 46 54 60 68 ]
[ 4 18 32 46 60 ]
[ 4 18 32 46 60 ]
[ 4 13 18 27 32 41 46 55 60 69 ]
[ 4 13 18 27 32 41 46 55 60 69 ]
[ 4 13 18 27 32 41 46 55 60 69 ]
[ 4 13 18 27 32 41 46 55 60 69 ]
[ 4 13 18 27 32 41 46 55 60 69 ]
[ 4 46 60 ]
[ 4 46 60 ]
[ 5 14 19 28 33 42 47 56 61 70 ]
[ 5 14 19 28 33 42 47 56 61 70 ]
[ 5 14 19 28 33 42 47 56 61 70 ]
[ 5 14 19 28 33 42 47 56 61 70 ]
]

ProjectStart: [ 9 10 15 2 13 7 5 15 4 1 ]

ProjectEnd: [ 47 51 56 55 32 41 33 32 43 50 ]

EarliestStartDayForActivity: [ 1 9 9 9 21 19 9 9 21 42 9 9 13 23 1 10 10 20 17 10 10 10 41 30 37 17 38 30 10 1 15 15 15 19 21 26 15 21 37 26 37 40 30 26 1 2 2 2 2 6 13 11 2 37 30 30 37 20 20 20 2 46 37 1 13 13 13 19 13 13 21 1 7 7 12 18 23 12 23 7 18 18 30 13 1 5 5 12 8 5 5 9 12 17 9 1 15 15 15 15 15 17 1 4 4 4 4 4 12 18 4 9 4 18 23 4 1 2 1 1 13 1 1 20 9 17 9 31 1 25 31 40 20 31 ]

LatestStartDayForActivity: [ 1 47 47 47 47 47 47 47 47 47 47 47 47 47 1 51 51 51 51 51 51 51 51 51 51 51 51 51 51 1 56 56 56 56 56 56 56 56 56 56 56 56 56 56 1 55 55 55 55 55 55 55 55 55 55 55 55 55 55 55 55 55 55 1 32 32 32 32 32 32 32 1 41 41 41 41 41 41 41 41 41 41 41 41 1 33 33 33 33 33 33 33 33 33 33 1 32 32 32 32 32 32 1 43 43 43 43 43 43 43 43 43 43 43 43 43 1 50 50 50 50 50 50 50 50 50 50 50 50 50 50 50 50 50 ]

EquipmentTypeDemandInActivityWithMode: [
0	0	0	
0	1	0	
0	1	0	
1	3	1	
0	1	0	
1	3	1	
1	3	1	
0	1	0	
0	1	0	
1	3	1	
2	4	2	
0	1	0	
0	1	0	
0	1	0	
0	0	0	
1	3	1	
0	1	0	
0	1	0	
0	1	0	
0	1	0	
2	4	2	
1	3	1	
0	1	0	
0	1	0	
0	1	0	
0	1	0	
0	1	0	
0	1	0	
0	1	0	
0	0	0	
0	1	0	
1	3	1	
0	1	0	
1	3	1	
2	4	2	
1	3	1	
0	1	0	
0	1	0	
3	6	2	
1	3	1	
0	1	0	
0	1	0	
0	1	0	
1	3	1	
0	0	0	
1	3	1	
1	3	1	
0	1	0	
0	1	0	
0	1	0	
0	1	0	
1	3	1	
0	1	0	
0	1	0	
0	1	0	
1	3	1	
0	1	0	
1	3	1	
0	1	0	
0	1	0	
0	1	0	
1	3	1	
1	3	1	
0	0	0	
0	1	0	
0	1	0	
0	1	0	
0	1	0	
0	1	0	
1	3	1	
0	1	0	
0	0	0	
0	1	0	
1	3	1	
0	1	0	
0	1	0	
1	3	1	
0	1	0	
0	1	0	
1	3	1	
0	1	0	
2	4	2	
0	1	0	
1	3	1	
0	0	0	
1	3	1	
0	1	0	
1	3	1	
1	3	1	
0	1	0	
0	1	0	
0	1	0	
1	3	1	
1	3	1	
0	1	0	
0	0	0	
2	4	2	
0	1	0	
1	3	1	
0	1	0	
1	3	1	
0	1	0	
0	0	0	
0	1	0	
0	1	0	
1	3	1	
0	1	0	
0	1	0	
0	1	0	
1	3	1	
0	1	0	
1	3	1	
0	1	0	
2	4	2	
0	1	0	
0	1	0	
0	0	0	
0	1	0	
0	1	0	
2	4	2	
1	3	1	
0	1	0	
1	3	1	
0	1	0	
1	3	1	
0	1	0	
0	1	0	
0	1	0	
0	1	0	
0	1	0	
1	3	1	
1	3	1	
2	4	2	
1	3	1	

0	0	0	
0	1	0	
0	1	0	
0	1	0	
1	3	1	
0	1	0	
1	3	1	
1	3	1	
0	1	0	
1	3	1	
0	1	0	
0	1	0	
0	1	0	
1	3	1	
0	0	0	
0	1	0	
1	3	1	
0	1	0	
0	1	0	
0	1	0	
1	3	1	
1	3	1	
0	1	0	
0	1	0	
2	4	2	
1	3	1	
0	1	0	
0	1	0	
0	1	0	
0	0	0	
0	1	0	
0	1	0	
0	1	0	
0	1	0	
0	1	0	
1	3	1	
0	1	0	
1	3	1	
0	1	0	
0	1	0	
1	3	1	
1	3	1	
0	1	0	
0	1	0	
0	0	0	
0	1	0	
1	3	1	
0	1	0	
1	3	1	
1	3	1	
0	1	0	
0	1	0	
0	1	0	
1	3	1	
0	1	0	
0	1	0	
0	1	0	
1	3	1	
1	3	1	
0	1	0	
0	1	0	
2	4	2	
1	3	1	
0	0	0	
2	4	2	
0	1	0	
0	1	0	
0	1	0	
0	1	0	
0	1	0	
0	1	0	
0	0	0	
0	1	0	
0	1	0	
1	3	1	
1	3	1	
0	1	0	
0	1	0	
0	1	0	
0	1	0	
0	1	0	
0	1	0	
0	1	0	
0	1	0	
0	0	0	
0	1	0	
0	1	0	
1	3	1	
0	1	0	
0	1	0	
0	1	0	
0	1	0	
0	1	0	
1	3	1	
1	3	1	
0	0	0	
0	1	0	
0	1	0	
0	1	0	
0	1	0	
0	1	0	
1	3	1	
0	0	0	
0	1	0	
0	1	0	
1	3	1	
1	3	1	
0	1	0	
0	1	0	
2	4	2	
0	1	0	
2	4	2	
0	1	0	
0	1	0	
1	3	1	
0	1	0	
0	0	0	
0	1	0	
2	4	2	
0	1	0	
0	1	0	
1	3	1	
0	1	0	
1	3	1	
1	3	1	
1	3	1	
0	1	0	
1	3	1	
1	3	1	
1	3	1	
0	1	0	
0	1	0	
1	3	1	
1	3	1	

0	0	0	
1	3	1	
2	4	2	
0	1	0	
1	3	1	
0	1	0	
1	3	1	
0	1	0	
0	1	0	
0	1	0	
0	1	0	
1	3	1	
0	1	0	
0	1	0	
0	0	0	
0	1	0	
0	1	0	
0	1	0	
0	1	0	
0	1	0	
1	3	1	
0	1	0	
1	3	1	
1	3	1	
0	1	0	
1	3	1	
0	1	0	
1	3	1	
0	1	0	
0	0	0	
0	1	0	
2	4	2	
0	1	0	
1	3	1	
0	1	0	
0	1	0	
0	1	0	
0	1	0	
0	1	0	
0	1	0	
0	1	0	
1	3	1	
0	1	0	
0	1	0	
0	0	0	
0	1	0	
0	1	0	
0	1	0	
0	1	0	
1	3	1	
0	1	0	
0	1	0	
0	1	0	
0	1	0	
0	1	0	
0	1	0	
0	1	0	
1	3	1	
1	3	1	
0	1	0	
0	1	0	
0	1	0	
1	3	1	
0	0	0	
0	1	0	
1	3	1	
0	1	0	
0	1	0	
0	1	0	
0	1	0	
0	1	0	
0	0	0	
0	1	0	
0	1	0	
0	1	0	
0	1	0	
1	3	1	
0	1	0	
0	1	0	
0	1	0	
0	1	0	
0	1	0	
0	1	0	
0	1	0	
0	0	0	
0	1	0	
2	4	2	
1	3	1	
0	1	0	
0	1	0	
0	1	0	
0	1	0	
1	3	1	
1	3	1	
0	1	0	
0	0	0	
0	1	0	
0	1	0	
0	1	0	
0	1	0	
1	3	1	
1	3	1	
0	0	0	
0	1	0	
0	1	0	
0	1	0	
0	1	0	
1	3	1	
0	1	0	
0	1	0	
1	3	1	
1	3	1	
0	1	0	
0	1	0	
0	1	0	
0	1	0	
0	0	0	
0	1	0	
1	3	1	
1	3	1	
0	1	0	
0	1	0	
0	1	0	
0	1	0	
0	1	0	
0	1	0	
1	3	1	
1	3	1	
1	3	1	
0	1	0	
0	1	0	
0	1	0	
0	1	0	
0	1	0	

0	0	0	
0	1	0	
0	1	0	
0	1	0	
0	1	0	
0	1	0	
1	3	1	
1	3	1	
1	3	1	
0	1	0	
0	1	0	
0	1	0	
0	1	0	
1	3	1	
0	0	0	
0	1	0	
0	1	0	
0	1	0	
2	4	2	
0	1	0	
1	3	1	
1	3	1	
0	1	0	
0	1	0	
0	1	0	
0	1	0	
0	1	0	
0	1	0	
0	1	0	
0	0	0	
0	1	0	
0	1	0	
1	3	1	
1	3	1	
0	1	0	
0	1	0	
0	1	0	
0	1	0	
0	1	0	
0	1	0	
0	1	0	
1	3	1	
0	1	0	
2	4	2	
0	0	0	
0	1	0	
0	1	0	
0	1	0	
0	1	0	
0	1	0	
1	3	1	
1	3	1	
0	1	0	
0	1	0	
0	1	0	
1	3	1	
1	3	1	
1	3	1	
0	1	0	
0	1	0	
0	1	0	
0	1	0	
0	1	0	
0	0	0	
0	1	0	
0	1	0	
0	1	0	
0	1	0	
0	1	0	
1	3	1	
0	1	0	
0	0	0	
2	4	2	
0	1	0	
0	1	0	
0	1	0	
0	1	0	
0	1	0	
0	1	0	
0	1	0	
0	1	0	
0	1	0	
1	3	1	
0	1	0	
0	0	0	
0	1	0	
1	3	1	
1	3	1	
0	1	0	
1	3	1	
0	1	0	
0	1	0	
1	3	1	
0	1	0	
3	6	2	
0	0	0	
1	3	1	
0	1	0	
0	1	0	
1	3	1	
0	1	0	
0	1	0	
0	0	0	
0	1	0	
1	3	1	
0	1	0	
1	3	1	
0	1	0	
0	1	0	
0	1	0	
1	3	1	
1	3	1	
0	1	0	
0	1	0	
0	1	0	
0	1	0	
0	0	0	
1	3	1	
1	3	1	
0	1	0	
0	1	0	
0	1	0	
0	1	0	
0	1	0	
1	3	1	
0	1	0	
0	1	0	
0	1	0	
0	1	0	
0	1	0	
1	3	1	
1	3	1	
0	1	0	
1	3	1	

0	0	0	
0	1	0	
1	3	1	
0	1	0	
1	3	1	
0	1	0	
0	1	0	
0	1	0	
0	1	0	
0	1	0	
0	1	0	
1	3	1	
0	1	0	
0	1	0	
0	0	0	
2	4	2	
0	1	0	
1	3	1	
0	1	0	
1	3	1	
0	1	0	
0	1	0	
0	1	0	
0	1	0	
0	1	0	
0	1	0	
0	1	0	
1	3	1	
0	1	0	
0	0	0	
0	1	0	
0	1	0	
1	3	1	
0	1	0	
0	1	0	
1	3	1	
0	1	0	
0	1	0	
0	1	0	
0	1	0	
1	3	1	
1	3	1	
0	1	0	
0	1	0	
0	0	0	
0	1	0	
0	1	0	
1	3	1	
0	1	0	
1	3	1	
1	3	1	
0	1	0	
1	3	1	
0	1	0	
0	1	0	
0	1	0	
0	1	0	
1	3	1	
0	1	0	
0	1	0	
2	4	2	
0	1	0	
1	3	1	
0	0	0	
0	1	0	
0	1	0	
0	1	0	
1	3	1	
1	3	1	
0	1	0	
0	1	0	
0	0	0	
1	3	1	
1	3	1	
0	1	0	
3	6	2	
1	3	1	
0	1	0	
1	3	1	
1	3	1	
0	1	0	
1	3	1	
1	3	1	
0	1	0	
0	0	0	
1	3	1	
0	1	0	
0	1	0	
1	3	1	
0	1	0	
0	1	0	
0	1	0	
1	3	1	
1	3	1	
1	3	1	
0	0	0	
1	3	1	
0	1	0	
0	1	0	
0	1	0	
0	1	0	
0	1	0	
0	0	0	
0	1	0	
0	1	0	
1	3	1	
0	1	0	
0	1	0	
0	1	0	
0	1	0	
0	1	0	
0	1	0	
0	1	0	
1	3	1	
0	1	0	
0	1	0	
0	0	0	
1	3	1	
0	1	0	
0	1	0	
0	1	0	
0	1	0	
0	1	0	
0	1	0	
0	1	0	
0	1	0	
0	1	0	
1	3	1	
0	1	0	
1	3	1	
0	1	0	
1	3	1	
0	1	0	
0	1	0	

]

ExternalEquipmentRentingCost: [
1152	3997	1911	5715	5542	5083	3476	5607	5469	1517	1489	5618	2924	1247	2058	2296	1848	3979	3814	1207	5027	1200	1160	1337	3643	3622	2520	2212	5118	4799	4929	2927	3723	4639	4008	3269	3498	1314	5766	2120	5540	2160	3936	5897	1470	4128	4937	4112	1284	2325	3357	3103	1998	4635	3723	5388	3639	1693	3970	3479	1296	4538	2895	5898	2030	4798	3622	1649	4281	5284	3536	3662	1921	4156	4778	3643	1435	1738	2061	1845	5327	5203	1722	3694	2970	2436	3006	3452	3452	4121	1844	4017	4210	3526	2975	1608	3504	3364	1741	4576	4689	1360	4438	4828	3796	2155	2826	1838	1352	4008	3174	5046	1044	5792	1602	3365	1726	2151	4294	5240	1031	4848	2920	4368	2568	4636	2926	4833	4116	4498	5141	4349	4688	2513	
5916	3902	1845	1180	3487	1561	4027	2475	5952	4338	2344	1289	4045	2123	1859	5848	2524	1127	1534	1314	1626	4285	3471	5584	3230	4976	5349	1321	1224	4414	2196	3170	1145	5245	2161	4403	3477	5771	4616	1039	2929	5009	1894	1309	2851	4293	4906	3629	4030	5553	2264	2262	4915	1307	4115	1068	1574	1904	4663	1951	1152	4143	2611	3961	3374	1932	3799	5910	5996	5383	4941	3150	2635	2195	3495	1592	4867	5018	3703	3364	1152	5371	3996	5113	3489	5675	3109	3929	2654	4114	1113	5406	4984	1733	5949	1293	4951	2115	2095	3413	5566	4790	2904	2706	3475	1922	4013	4949	2027	1357	5325	1434	3786	3989	3507	1270	4901	5872	1911	1559	4597	1206	4387	1931	1497	1524	1814	2960	4275	4587	1886	3092	4488	4281	
2850	4711	4418	5072	1000	3724	1284	4364	3330	4292	2186	4084	2463	2348	1176	4397	1672	4792	1991	4047	5914	3620	3272	3122	4572	5957	3730	5429	1545	3815	1002	3427	1183	1933	3780	5350	4295	2060	3326	3624	3105	5212	4306	3197	2784	3591	2667	4232	5720	5628	1869	5997	5182	1773	3178	1230	1662	5101	1780	3856	4554	3375	1697	2335	1827	5990	4428	1913	2600	2322	4069	3921	5851	4930	1036	3142	3696	2992	3558	3113	2094	2158	5187	1891	5443	4758	3964	1258	4925	3791	4860	2667	1833	2262	5999	4209	1532	1922	3312	4512	2556	4897	5594	1902	4485	3933	2289	4963	4539	2076	1317	5949	1879	4613	3892	1393	4412	4693	5429	2020	5281	1896	4658	3883	4532	5045	2130	2540	2513	2027	3076	4423	1845	5537	
2786	1370	1914	1637	3474	3604	1542	5358	5787	1228	5429	3257	4158	3400	2990	4389	3508	5202	4953	1199	3325	4417	2315	4787	5106	3469	4292	4911	2740	2591	5463	2910	4357	4483	5678	3554	4168	1493	1341	1045	3723	2719	1930	4454	3684	1463	5168	5940	1615	5987	2966	2475	3432	2179	3903	5453	3187	1828	2364	4324	2203	3711	1339	5629	2011	2061	4480	2223	3206	2098	3372	3319	4350	2702	3981	2896	1334	3908	4605	4659	1624	5705	2319	4682	4814	1871	3662	4460	3236	3607	4627	4336	5684	2431	5048	5825	2208	3229	5543	2155	5771	5244	3532	3752	1939	5768	1543	1466	1856	5805	3637	1820	3841	2616	2443	2852	4434	3344	3326	4874	5774	4535	3877	2866	1473	2536	3152	1086	2865	1527	2395	5490	1888	3576	
5359	2084	3714	3343	5184	4286	4004	4768	2659	3927	2601	3241	2959	4293	3952	5035	1946	3972	5192	2323	3749	4654	5721	2000	2897	3908	5070	5939	4292	4622	5608	4150	2067	5596	4138	5714	3948	2888	3546	5778	1943	5558	1633	3633	4471	4654	5616	5647	4593	1038	1747	1310	2602	4099	5787	2165	2851	2318	3360	4358	1084	3083	4804	5263	3012	2665	2834	4651	3725	5052	3667	4608	4416	5714	3754	5841	4865	2619	3166	2807	2810	2791	2828	2008	1916	2675	1900	3525	3151	5532	2727	4649	4134	3924	5434	3671	4686	1806	3099	4592	4614	1957	2665	4987	1717	3703	1242	1824	5542	4526	2749	1777	2900	4023	5915	3824	2844	2289	4405	5594	3805	2984	4842	3722	3375	2396	3687	3755	4289	4121	1850	4331	4567	3259	
]

EquipmentTypeTransportationCost: [
1	4556	4045	3970	4589	3779	4010	3883	4270	3526	
4556	1	4152	4126	3744	4860	4122	4157	3573	4315	
4045	4152	1	1000	3947	4449	1000	3711	3662	3696	
3970	4126	1000	1	3972	4516	1000	3727	3712	3650	
4589	3744	3947	3972	1	4858	3953	4213	3835	4318	
3779	4860	4449	4516	4858	1	4514	4396	4585	4117	
4010	4122	1000	1000	3953	4514	1	3779	3660	3677	
3883	4157	3711	3727	4213	4396	3779	1	3665	3295	
4270	3573	3662	3712	3835	4585	3660	3665	1	3947	
3526	4315	3696	3650	4318	4117	3677	3295	3947	1	

1	4900	4269	4338	4913	4050	4312	4182	4670	3793	
4900	1	4382	4441	3941	5248	4367	4451	3857	4707	
4269	4382	1	1000	4316	4848	1000	4048	3886	3939	
4338	4441	1000	1	4278	4798	1000	4045	3977	3960	
4913	3941	4316	4278	1	5262	4237	4555	4025	4646	
4050	5248	4848	4798	5262	1	4809	4760	5135	4564	
4312	4367	1000	1000	4237	4809	1	4032	3932	3994	
4182	4451	4048	4045	4555	4760	4032	1	3975	3538	
4670	3857	3886	3977	4025	5135	3932	3975	1	4181	
3793	4707	3939	3960	4646	4564	3994	3538	4181	1	

1	3772	3303	3294	3673	3165	3303	3180	3471	2951	
3772	1	3400	3368	3032	3955	3407	3335	2987	3565	
3303	3400	1	1000	3284	3635	1000	3103	3041	3038	
3294	3368	1000	1	3240	3594	1000	3134	3008	3027	
3673	3032	3284	3240	1	3949	3229	3461	3119	3510	
3165	3955	3635	3594	3949	1	3626	3563	3735	3445	
3303	3407	1000	1000	3229	3626	1	3041	3082	3025	
3180	3335	3103	3134	3461	3563	3041	1	3027	2772	
3471	2987	3041	3008	3119	3735	3082	3027	1	3192	
2951	3565	3038	3027	3510	3445	3025	2772	3192	1	

1	3700	3317	3337	3647	3105	3244	3202	3495	2949	
3700	1	3418	3398	3085	3939	3340	3324	2985	3463	
3317	3418	1	1000	3205	3575	1000	3067	3050	3067	
3337	3398	1000	1	3304	3604	1000	3133	3036	2985	
3647	3085	3205	3304	1	3910	3221	3499	3110	3547	
3105	3939	3575	3604	3910	1	3629	3648	3761	3423	
3244	3340	1000	1000	3221	3629	1	3052	3105	3072	
3202	3324	3067	3133	3499	3648	3052	1	3043	2757	
3495	2985	3050	3036	3110	3761	3105	3043	1	3196	
2949	3463	3067	2985	3547	3423	3072	2757	3196	1	

1	3965	3486	3467	3909	3361	3540	3425	3617	3111	
3965	1	3567	3574	3257	4195	3540	3594	3133	3745	
3486	3567	1	1000	3431	3792	1000	3238	3213	3212	
3467	3574	1000	1	3413	3810	1000	3314	3213	3233	
3909	3257	3431	3413	1	4241	3478	3695	3322	3688	
3361	4195	3792	3810	4241	1	3833	3776	3934	3638	
3540	3540	1000	1000	3478	3833	1	3272	3218	3192	
3425	3594	3238	3314	3695	3776	3272	1	3207	2888	
3617	3133	3213	3213	3322	3934	3218	3207	1	3406	
3111	3745	3212	3233	3688	3638	3192	2888	3406	1	

]

TransportationTimeForEquipmentTypeBetweenProjects: [
1	3	1	1	3	1	1	1	3	1	
3	1	1	1	1	5	1	3	1	3	
1	1	1	1	1	3	1	1	1	1	
1	1	1	1	1	3	1	1	1	1	
3	1	1	1	1	5	1	3	1	3	
1	5	3	3	5	1	3	3	3	3	
1	1	1	1	1	3	1	1	1	1	
1	3	1	1	3	3	1	1	1	1	
3	1	1	1	1	3	1	1	1	1	
1	3	1	1	3	3	1	1	1	1	

1	3	1	1	3	1	1	1	3	1	
3	1	1	1	1	6	1	3	1	3	
1	1	1	1	1	3	1	1	1	1	
1	1	1	1	1	3	1	1	1	1	
3	1	1	1	1	6	1	3	1	3	
1	6	3	3	6	1	3	3	3	3	
1	1	1	1	1	3	1	1	1	1	
1	3	1	1	3	3	1	1	1	1	
3	1	1	1	1	3	1	1	1	1	
1	3	1	1	3	3	1	1	1	1	

1	3	1	1	3	1	1	1	3	1	
3	1	1	1	1	4	1	3	1	3	
1	1	1	1	1	3	1	1	1	1	
1	1	1	1	1	3	1	1	1	1	
3	1	1	1	1	4	1	3	1	3	
1	4	3	3	4	1	3	3	3	3	
1	1	1	1	1	3	1	1	1	1	
1	3	1	1	3	3	1	1	1	1	
3	1	1	1	1	3	1	1	1	1	
1	3	1	1	3	3	1	1	1	1	

1	3	1	1	3	1	1	1	3	1	
3	1	1	1	1	4	1	3	1	3	
1	1	1	1	1	3	1	1	1	1	
1	1	1	1	1	3	1	1	1	1	
3	1	1	1	1	4	1	3	1	3	
1	4	3	3	4	1	3	3	3	3	
1	1	1	1	1	3	1	1	1	1	
1	3	1	1	3	3	1	1	1	1	
3	1	1	1	1	3	1	1	1	1	
1	3	1	1	3	3	1	1	1	1	

1	3	1	1	3	1	1	1	3	1	
3	1	1	1	1	5	1	3	1	3	
1	1	1	1	1	3	1	1	1	1	
1	1	1	1	1	3	1	1	1	1	
3	1	1	1	1	5	1	3	1	3	
1	5	3	3	5	1	3	3	3	3	
1	1	1	1	1	3	1	1	1	1	
1	3	1	1	3	3	1	1	1	1	
3	1	1	1	1	3	1	1	1	1	
1	3	1	1	3	3	1	1	1	1	

]

TotalNumberOfInitialEquipmentTypeLocation: [
(1 45) 2 (1 64) 1 (1 85) 1 (1 96) 2 (1 103) 1 
(2 72) 1 (2 96) 1 (2 103) 1 (2 117) 5 
(3 1) 1 (3 15) 1 (3 30) 1 (3 72) 1 (3 103) 1 
(4 30) 2 (4 45) 1 (4 117) 1 
(5 1) 2 (5 64) 2 (5 103) 1 (5 117) 1 
]

DepotActivities: [ 1 15 30 45 64 72 85 96 103 117 ]

MaximalStintCliques: [
[ 2 44 58 67 3 39 11 45 17 25 59 53 31 ]
[ 2 44 58 16 30 1 43 57 65 9 51 37 23 ]
[ 2 44 58 16 30 1 43 57 36 8 15 50 29 22 64 ]
[ 2 44 58 16 30 66 3 38 10 45 17 59 52 31 24 ]
[ 4 18 32 46 60 33 5 70 42 14 47 19 28 61 56 ]
[ 4 18 32 46 60 3 59 45 68 40 12 17 26 54 31 ]
[ 4 18 32 46 60 3 59 45 69 41 27 13 55 ]
[ 6 1 34 43 15 48 57 20 29 62 ]
[ 7 1 35 43 15 49 57 21 29 63 ]
]
