nEmployees: 60
nSkills: 3
nProjects: 10
nDays: 90
nActivities: 185
nEquipmentTypes: 6
nStints: 82
nMaxModes: 2
nStintCliques: 13

EmployeeInStintCost: [
28280 28280 28280 28280 28280 27704 13076 26292 26292 26292 26292 26292 25716 11358 29952 29952 29952 29952 29952 25344 11200 11520 11520 11520 11520 11520 10944 2880 34004 34004 34004 34004 34004 33428 17762 30750 30750 30750 30750 30750 26142 10326 32100 32100 32100 32100 32100 31524 15618 15076 15076 15076 15076 15076 15076 15076 15076 15076 15076 15076 15076 14500 17440 17440 17440 17440 17440 16864 8800 10955 10955 10955 10955 10955 10955 10955 10955 10955 10955 10955 10955 10379 
12600 12600 12600 12600 12600 11970 3150 30284 30284 30284 30284 30284 29654 14540 34770 34770 34770 34770 34770 29730 14830 26540 26540 26540 26540 26540 25910 11936 38356 38356 38356 38356 38356 37726 21304 34112 34112 34112 34112 34112 29072 12500 29660 29660 29660 29660 29660 29030 12368 18672 18672 18672 18672 18672 18672 18672 18672 18672 18672 18672 18672 18042 32964 32964 32964 32964 32964 32334 14988 14191 14191 14191 14191 14191 14191 14191 14191 14191 14191 14191 14191 13561 
30576 30576 30576 30576 30576 29982 15102 14560 14560 14560 14560 14560 13966 5650 28254 28254 28254 28254 28254 23502 9106 24612 24612 24612 24612 24612 24018 10548 32076 32076 32076 32076 32076 31482 15564 31708 31708 31708 31708 31708 26956 10888 34156 34156 34156 34156 34156 33562 17404 12896 12896 12896 12896 12896 12896 12896 12896 12896 12896 12896 12896 12302 31188 31188 31188 31188 31188 30594 13752 6244 6244 6244 6244 6244 6244 6244 6244 6244 6244 6244 6244 5650 
35776 35776 35776 35776 35776 35188 20392 30300 30300 30300 30300 30300 29712 15186 30364 30364 30364 30364 30364 25660 11348 29420 29420 29420 29420 29420 28832 15446 28892 28892 28892 28892 28892 28304 12470 36970 36970 36970 36970 36970 32266 16282 39436 39436 39436 39436 39436 38848 22774 9796 9796 9796 9796 9796 9796 9796 9796 9796 9796 9796 9796 9208 36428 36428 36428 36428 36428 35840 19082 14795 14795 14795 14795 14795 14795 14795 14795 14795 14795 14795 14795 14207 
29160 29160 29160 29160 29160 28572 13776 26028 26028 26028 26028 26028 25440 10914 30156 30156 30156 30156 30156 25452 11140 24828 24828 24828 24828 24828 24240 10854 33612 33612 33612 33612 33612 33024 17190 21756 21756 21756 21756 21756 17052 8820 32412 32412 32412 32412 32412 31824 15750 14516 14516 14516 14516 14516 14516 14516 14516 14516 14516 14516 14516 13928 30476 30476 30476 30476 30476 29888 13130 10523 10523 10523 10523 10523 10523 10523 10523 10523 10523 10523 10523 9935 
35768 35768 35768 35768 35768 35108 19304 30236 30236 30236 30236 30236 29576 14042 30804 30804 30804 30804 30804 25524 10204 29492 29492 29492 29492 29492 28832 14438 30076 30076 30076 30076 30076 29416 12574 37418 37418 37418 37418 37418 32138 15146 39396 39396 39396 39396 39396 38736 21654 9972 9972 9972 9972 9972 9972 9972 9972 9972 9972 9972 9972 9312 36404 36404 36404 36404 36404 35744 17978 13723 13723 13723 13723 13723 13723 13723 13723 13723 13723 13723 13723 13063 
37120 37120 37120 37120 37120 36448 20476 31484 31484 31484 31484 31484 30812 15110 32296 32296 32296 32296 32296 26920 11432 31028 31028 31028 31028 31028 30356 15794 13440 13440 13440 13440 13440 12768 3360 38750 38750 38750 38750 38750 33374 16214 40636 40636 40636 40636 40636 39964 22714 4032 4032 4032 4032 4032 4032 4032 4032 4032 4032 4032 4032 3360 37740 37740 37740 37740 37740 37068 19134 14803 14803 14803 14803 14803 14803 14803 14803 14803 14803 14803 14803 14131 
27992 27992 27992 27992 27992 27380 12248 28308 28308 28308 28308 28308 27696 12834 32300 32300 32300 32300 32300 27404 12756 23916 23916 23916 23916 23916 23304 9582 36100 36100 36100 36100 36100 35488 19318 32530 32530 32530 32530 32530 27634 11314 31916 31916 31916 31916 31916 31304 14894 16668 16668 16668 16668 16668 16668 16668 16668 16668 16668 16668 16668 16056 31260 31260 31260 31260 31260 30648 13554 12467 12467 12467 12467 12467 12467 12467 12467 12467 12467 12467 12467 11855 
35392 35392 35392 35392 35392 34816 20188 29772 29772 29772 29772 29772 29196 14838 30088 30088 30088 30088 30088 25480 11336 29460 29460 29460 29460 29460 28884 15666 15760 15760 15760 15760 15760 15184 7120 36326 36326 36326 36326 36326 31718 15902 38828 38828 38828 38828 38828 38252 22346 7696 7696 7696 7696 7696 7696 7696 7696 7696 7696 7696 7696 7120 36036 36036 36036 36036 36036 35460 18870 14435 14435 14435 14435 14435 14435 14435 14435 14435 14435 14435 14435 13859 
40144 40144 40144 40144 40144 39484 23680 34548 34548 34548 34548 34548 33888 18354 35156 35156 35156 35156 35156 29876 14556 33876 33876 33876 33876 33876 33216 18822 31852 31852 31852 31852 31852 31192 14350 41746 41746 41746 41746 41746 36466 19474 43732 43732 43732 43732 43732 43072 25990 11748 11748 11748 11748 11748 11748 11748 11748 11748 11748 11748 11748 11088 40764 40764 40764 40764 40764 40104 22338 18035 18035 18035 18035 18035 18035 18035 18035 18035 18035 18035 18035 17375 
30960 30960 30960 30960 30960 30282 14226 27828 27828 27828 27828 27828 27150 11364 32586 32586 32586 32586 32586 27162 11590 26628 26628 26628 26628 26628 25950 11304 35412 35412 35412 35412 35412 34734 17640 24186 24186 24186 24186 24186 18762 9270 34212 34212 34212 34212 34212 33534 16200 15056 15056 15056 15056 15056 15056 15056 15056 15056 15056 15056 15056 14378 32276 32276 32276 32276 32276 31598 13580 11063 11063 11063 11063 11063 11063 11063 11063 11063 11063 11063 11063 10385 
30696 30696 30696 30696 30696 30096 15132 14680 14680 14680 14680 14680 14080 5680 28416 28416 28416 28416 28416 23616 9136 24732 24732 24732 24732 24732 24132 10578 32196 32196 32196 32196 32196 31596 15594 31870 31870 31870 31870 31870 27070 10918 34276 34276 34276 34276 34276 33676 17434 12932 12932 12932 12932 12932 12932 12932 12932 12932 12932 12932 12932 12332 31308 31308 31308 31308 31308 30708 13782 6280 6280 6280 6280 6280 6280 6280 6280 6280 6280 6280 6280 5680 
29160 29160 29160 29160 29160 28572 13776 26028 26028 26028 26028 26028 25440 10914 30156 30156 30156 30156 30156 25452 11140 24828 24828 24828 24828 24828 24240 10854 33612 33612 33612 33612 33612 33024 17190 21756 21756 21756 21756 21756 17052 8820 32412 32412 32412 32412 32412 31824 15750 14516 14516 14516 14516 14516 14516 14516 14516 14516 14516 14516 14516 13928 30476 30476 30476 30476 30476 29888 13130 10523 10523 10523 10523 10523 10523 10523 10523 10523 10523 10523 10523 9935 
34168 34168 34168 34168 34168 33472 17164 28612 28612 28612 28612 28612 27916 11878 18792 18792 18792 18792 18792 13224 3480 27988 27988 27988 27988 27988 27292 12394 32636 32636 32636 32636 32636 31940 14594 36046 36046 36046 36046 36046 30478 12982 37772 37772 37772 37772 37772 37076 19490 12028 12028 12028 12028 12028 12028 12028 12028 12028 12028 12028 12028 11332 34788 34788 34788 34788 34788 34092 15822 11595 11595 11595 11595 11595 11595 11595 11595 11595 11595 11595 11595 10899 
36128 36128 36128 36128 36128 35450 19394 30596 30596 30596 30596 30596 29918 14132 31290 31290 31290 31290 31290 25866 10294 29852 29852 29852 29852 29852 29174 14528 30436 30436 30436 30436 30436 29758 12664 37904 37904 37904 37904 37904 32480 15236 39756 39756 39756 39756 39756 39078 21744 10080 10080 10080 10080 10080 10080 10080 10080 10080 10080 10080 10080 9402 36764 36764 36764 36764 36764 36086 18068 13831 13831 13831 13831 13831 13831 13831 13831 13831 13831 13831 13831 13153 
28064 28064 28064 28064 28064 27386 11330 32236 32236 32236 32236 32236 31558 15772 37114 37114 37114 37114 37114 31690 16118 28764 28764 28764 28764 28764 28086 13440 40276 40276 40276 40276 40276 39598 22504 36360 36360 36360 36360 36360 30936 13692 13560 13560 13560 13560 13560 12882 3390 19920 19920 19920 19920 19920 19920 19920 19920 19920 19920 19920 19920 19242 34980 34980 34980 34980 34980 34302 16284 15471 15471 15471 15471 15471 15471 15471 15471 15471 15471 15471 15471 14793 
30440 30440 30440 30440 30440 29756 13616 28452 28452 28452 28452 28452 27768 11898 32868 32868 32868 32868 32868 27396 11740 13680 13680 13680 13680 13680 12996 3420 36164 36164 36164 36164 36164 35480 18302 33666 33666 33666 33666 33666 28194 10866 34260 34260 34260 34260 34260 33576 16158 15724 15724 15724 15724 15724 15724 15724 15724 15724 15724 15724 15724 15040 19600 19600 19600 19600 19600 18916 9340 11603 11603 11603 11603 11603 11603 11603 11603 11603 11603 11603 11603 10919 
29144 29144 29144 29144 29144 28520 13220 26660 26660 26660 26660 26660 26036 11006 31176 31176 31176 31176 31176 26184 11368 24420 24420 24420 24420 24420 23796 9906 34724 34724 34724 34724 34724 34100 17762 16848 16848 16848 16848 16848 11856 3120 32652 32652 32652 32652 32652 32028 15450 15124 15124 15124 15124 15124 15124 15124 15124 15124 15124 15124 15124 14500 14920 14920 14920 14920 14920 14296 5560 10651 10651 10651 10651 10651 10651 10651 10651 10651 10651 10651 10651 10027 
26600 26600 26600 26600 26600 26012 11216 27964 27964 27964 27964 27964 27376 12850 32228 32228 32228 32228 32228 27524 13212 24820 24820 24820 24820 24820 24232 10846 36004 36004 36004 36004 36004 35416 19582 31458 31458 31458 31458 31458 26754 10770 29916 29916 29916 29916 29916 29328 13254 16908 16908 16908 16908 16908 16908 16908 16908 16908 16908 16908 16908 16320 30772 30772 30772 30772 30772 30184 13426 12459 12459 12459 12459 12459 12459 12459 12459 12459 12459 12459 12459 11871 
35768 35768 35768 35768 35768 35108 19304 30236 30236 30236 30236 30236 29576 14042 30804 30804 30804 30804 30804 25524 10204 29492 29492 29492 29492 29492 28832 14438 30076 30076 30076 30076 30076 29416 12574 37418 37418 37418 37418 37418 32138 15146 39396 39396 39396 39396 39396 38736 21654 9972 9972 9972 9972 9972 9972 9972 9972 9972 9972 9972 9972 9312 36404 36404 36404 36404 36404 35744 17978 13723 13723 13723 13723 13723 13723 13723 13723 13723 13723 13723 13723 13063 
29600 29600 29600 29600 29600 28958 13406 27612 27612 27612 27612 27612 26970 11688 31734 31734 31734 31734 31734 26598 11530 12840 12840 12840 12840 12840 12198 3210 35324 35324 35324 35324 35324 34682 18092 32532 32532 32532 32532 32532 27396 10656 33420 33420 33420 33420 33420 32778 15948 15472 15472 15472 15472 15472 15472 15472 15472 15472 15472 15472 15472 14830 18760 18760 18760 18760 18760 18118 9130 11351 11351 11351 11351 11351 11351 11351 11351 11351 11351 11351 11351 10709 
12720 12720 12720 12720 12720 12084 3180 30404 30404 30404 30404 30404 29768 14570 34932 34932 34932 34932 34932 29844 14860 26660 26660 26660 26660 26660 26024 11966 38476 38476 38476 38476 38476 37840 21334 34274 34274 34274 34274 34274 29186 12530 29780 29780 29780 29780 29780 29144 12398 18708 18708 18708 18708 18708 18708 18708 18708 18708 18708 18708 18708 18072 33084 33084 33084 33084 33084 32448 15018 14227 14227 14227 14227 14227 14227 14227 14227 14227 14227 14227 14227 13591 
13440 13440 13440 13440 13440 12768 3360 31124 31124 31124 31124 31124 30452 14750 35904 35904 35904 35904 35904 30528 15040 27380 27380 27380 27380 27380 26708 12146 39196 39196 39196 39196 39196 38524 21514 35246 35246 35246 35246 35246 29870 12710 30500 30500 30500 30500 30500 29828 12578 18924 18924 18924 18924 18924 18924 18924 18924 18924 18924 18924 18924 18252 33804 33804 33804 33804 33804 33132 15198 14443 14443 14443 14443 14443 14443 14443 14443 14443 14443 14443 14443 13771 
33328 33328 33328 33328 33328 32674 16954 27772 27772 27772 27772 27772 27118 11668 17658 17658 17658 17658 17658 12426 3270 27148 27148 27148 27148 27148 26494 12184 31796 31796 31796 31796 31796 31142 14384 34912 34912 34912 34912 34912 29680 12772 36932 36932 36932 36932 36932 36278 19280 11776 11776 11776 11776 11776 11776 11776 11776 11776 11776 11776 11776 11122 33948 33948 33948 33948 33948 33294 15612 11343 11343 11343 11343 11343 11343 11343 11343 11343 11343 11343 11343 10689 
30344 30344 30344 30344 30344 29738 14690 12120 12120 12120 12120 12120 11514 3030 29106 29106 29106 29106 29106 24258 9694 24612 24612 24612 24612 24612 24006 10368 32780 32780 32780 32780 32780 32174 16088 31520 31520 31520 31520 31520 26672 10436 33892 33892 33892 33892 33892 33286 16960 13432 13432 13432 13432 13432 13432 13432 13432 13432 13432 13432 13432 12826 30972 30972 30972 30972 30972 30366 13356 3636 3636 3636 3636 3636 3636 3636 3636 3636 3636 3636 3636 3030 
28712 28712 28712 28712 28712 28064 12428 29028 29028 29028 29028 29028 28380 13014 33272 33272 33272 33272 33272 28088 12936 24636 24636 24636 24636 24636 23988 9762 36820 36820 36820 36820 36820 36172 19498 33502 33502 33502 33502 33502 28318 11494 32636 32636 32636 32636 32636 31988 15074 16884 16884 16884 16884 16884 16884 16884 16884 16884 16884 16884 16884 16236 31980 31980 31980 31980 31980 31332 13734 12683 12683 12683 12683 12683 12683 12683 12683 12683 12683 12683 12683 12035 
29192 29192 29192 29192 29192 28520 12548 29508 29508 29508 29508 29508 28836 13134 33920 33920 33920 33920 33920 28544 13056 25116 25116 25116 25116 25116 24444 9882 37300 37300 37300 37300 37300 36628 19618 34150 34150 34150 34150 34150 28774 11614 33116 33116 33116 33116 33116 32444 15194 17028 17028 17028 17028 17028 17028 17028 17028 17028 17028 17028 17028 16356 32460 32460 32460 32460 32460 31788 13854 12827 12827 12827 12827 12827 12827 12827 12827 12827 12827 12827 12827 12155 
35648 35648 35648 35648 35648 34994 19274 30116 30116 30116 30116 30116 29462 14012 30642 30642 30642 30642 30642 25410 10174 29372 29372 29372 29372 29372 28718 14408 29956 29956 29956 29956 29956 29302 12544 37256 37256 37256 37256 37256 32024 15116 39276 39276 39276 39276 39276 38622 21624 9936 9936 9936 9936 9936 9936 9936 9936 9936 9936 9936 9936 9282 36284 36284 36284 36284 36284 35630 17948 13687 13687 13687 13687 13687 13687 13687 13687 13687 13687 13687 13687 13033 
28424 28424 28424 28424 28424 27728 11420 32596 32596 32596 32596 32596 31900 15862 37600 37600 37600 37600 37600 32032 16208 29124 29124 29124 29124 29124 28428 13530 40636 40636 40636 40636 40636 39940 22594 36846 36846 36846 36846 36846 31278 13782 13920 13920 13920 13920 13920 13224 3480 20028 20028 20028 20028 20028 20028 20028 20028 20028 20028 20028 20028 19332 35340 35340 35340 35340 35340 34644 16374 15579 15579 15579 15579 15579 15579 15579 15579 15579 15579 15579 15579 14883 
13320 13320 13320 13320 13320 12654 3330 31004 31004 31004 31004 31004 30338 14720 35742 35742 35742 35742 35742 30414 15010 27260 27260 27260 27260 27260 26594 12116 39076 39076 39076 39076 39076 38410 21484 35084 35084 35084 35084 35084 29756 12680 30380 30380 30380 30380 30380 29714 12548 18888 18888 18888 18888 18888 18888 18888 18888 18888 18888 18888 18888 18222 33684 33684 33684 33684 33684 33018 15168 14407 14407 14407 14407 14407 14407 14407 14407 14407 14407 14407 14407 13741 
31296 31296 31296 31296 31296 30666 15282 15280 15280 15280 15280 15280 14650 5830 29226 29226 29226 29226 29226 24186 9286 25332 25332 25332 25332 25332 24702 10728 32796 32796 32796 32796 32796 32166 15744 32680 32680 32680 32680 32680 27640 11068 34876 34876 34876 34876 34876 34246 17584 13112 13112 13112 13112 13112 13112 13112 13112 13112 13112 13112 13112 12482 31908 31908 31908 31908 31908 31278 13932 6460 6460 6460 6460 6460 6460 6460 6460 6460 6460 6460 6460 5830 
39376 39376 39376 39376 39376 38728 23092 33748 33748 33748 33748 33748 33100 17734 34472 34472 34472 34472 34472 29288 14136 33372 33372 33372 33372 33372 32724 18498 30988 30988 30988 30988 30988 30340 13666 40814 40814 40814 40814 40814 35630 18806 42820 42820 42820 42820 42820 42172 25258 11052 11052 11052 11052 11052 11052 11052 11052 11052 11052 11052 11052 10404 40012 40012 40012 40012 40012 39364 21766 17403 17403 17403 17403 17403 17403 17403 17403 17403 17403 17403 17403 16755 
36624 36624 36624 36624 36624 35964 20160 31036 31036 31036 31036 31036 30376 14842 32084 32084 32084 32084 32084 26804 11484 30788 30788 30788 30788 30788 30128 15734 29636 29636 29636 29636 29636 28976 12134 38146 38146 38146 38146 38146 32866 15874 40020 40020 40020 40020 40020 39360 22278 9532 9532 9532 9532 9532 9532 9532 9532 9532 9532 9532 9532 8872 37292 37292 37292 37292 37292 36632 18866 14523 14523 14523 14523 14523 14523 14523 14523 14523 14523 14523 14523 13863 
29880 29880 29880 29880 29880 29256 13956 26748 26748 26748 26748 26748 26124 11094 31128 31128 31128 31128 31128 26136 11320 25548 25548 25548 25548 25548 24924 11034 34332 34332 34332 34332 34332 33708 17370 22728 22728 22728 22728 22728 17736 9000 33132 33132 33132 33132 33132 32508 15930 14732 14732 14732 14732 14732 14732 14732 14732 14732 14732 14732 14732 14108 31196 31196 31196 31196 31196 30572 13310 10739 10739 10739 10739 10739 10739 10739 10739 10739 10739 10739 10739 10115 
38296 38296 38296 38296 38296 37702 22822 32668 32668 32668 32668 32668 32074 17464 33014 33014 33014 33014 33014 28262 13866 32292 32292 32292 32292 32292 31698 18228 29908 29908 29908 29908 29908 29314 13396 39356 39356 39356 39356 39356 34604 18536 41740 41740 41740 41740 41740 41146 24988 10728 10728 10728 10728 10728 10728 10728 10728 10728 10728 10728 10728 10134 38932 38932 38932 38932 38932 38338 21496 17079 17079 17079 17079 17079 17079 17079 17079 17079 17079 17079 17079 16485 
28280 28280 28280 28280 28280 27608 11636 29644 29644 29644 29644 29644 28972 13270 34496 34496 34496 34496 34496 29120 13632 26500 26500 26500 26500 26500 25828 11266 37684 37684 37684 37684 37684 37012 20002 33726 33726 33726 33726 33726 28350 11190 31596 31596 31596 31596 31596 30924 13674 17412 17412 17412 17412 17412 17412 17412 17412 17412 17412 17412 17412 16740 32452 32452 32452 32452 32452 31780 13846 12963 12963 12963 12963 12963 12963 12963 12963 12963 12963 12963 12963 12291 
28520 28520 28520 28520 28520 27836 11696 29884 29884 29884 29884 29884 29200 13330 34820 34820 34820 34820 34820 29348 13692 26740 26740 26740 26740 26740 26056 11326 37924 37924 37924 37924 37924 37240 20062 34050 34050 34050 34050 34050 28578 11250 31836 31836 31836 31836 31836 31152 13734 17484 17484 17484 17484 17484 17484 17484 17484 17484 17484 17484 17484 16800 32692 32692 32692 32692 32692 32008 13906 13035 13035 13035 13035 13035 13035 13035 13035 13035 13035 13035 13035 12351 
29672 29672 29672 29672 29672 28976 12668 29988 29988 29988 29988 29988 29292 13254 34568 34568 34568 34568 34568 29000 13176 25596 25596 25596 25596 25596 24900 10002 37780 37780 37780 37780 37780 37084 19738 34798 34798 34798 34798 34798 29230 11734 33596 33596 33596 33596 33596 32900 15314 17172 17172 17172 17172 17172 17172 17172 17172 17172 17172 17172 17172 16476 32940 32940 32940 32940 32940 32244 13974 12971 12971 12971 12971 12971 12971 12971 12971 12971 12971 12971 12971 12275 
36400 36400 36400 36400 36400 35764 20296 30764 30764 30764 30764 30764 30128 14930 31324 31324 31324 31324 31324 26236 11252 30308 30308 30308 30308 30308 29672 15614 12720 12720 12720 12720 12720 12084 3180 37778 37778 37778 37778 37778 32690 16034 39916 39916 39916 39916 39916 39280 22534 3816 3816 3816 3816 3816 3816 3816 3816 3816 3816 3816 3816 3180 37020 37020 37020 37020 37020 36384 18954 14587 14587 14587 14587 14587 14587 14587 14587 14587 14587 14587 14587 13951 
36832 36832 36832 36832 36832 36184 20548 31212 31212 31212 31212 31212 30564 15198 32032 32032 32032 32032 32032 26848 11696 30900 30900 30900 30900 30900 30252 16026 17200 17200 17200 17200 17200 16552 7480 38270 38270 38270 38270 38270 33086 16262 40268 40268 40268 40268 40268 39620 22706 8128 8128 8128 8128 8128 8128 8128 8128 8128 8128 8128 8128 7480 37476 37476 37476 37476 37476 36828 19230 14867 14867 14867 14867 14867 14867 14867 14867 14867 14867 14867 14867 14219 
29984 29984 29984 29984 29984 29318 13430 27500 27500 27500 27500 27500 26834 11216 32310 32310 32310 32310 32310 26982 11578 25260 25260 25260 25260 25260 24594 10116 35564 35564 35564 35564 35564 34898 17972 17982 17982 17982 17982 17982 12654 3330 33492 33492 33492 33492 33492 32826 15660 15376 15376 15376 15376 15376 15376 15376 15376 15376 15376 15376 15376 14710 15760 15760 15760 15760 15760 15094 5770 10903 10903 10903 10903 10903 10903 10903 10903 10903 10903 10903 10903 10237 
34688 34688 34688 34688 34688 34082 19034 29156 29156 29156 29156 29156 28550 13772 29346 29346 29346 29346 29346 24498 9934 28412 28412 28412 28412 28412 27806 14168 28996 28996 28996 28996 28996 28390 12304 35960 35960 35960 35960 35960 31112 14876 38316 38316 38316 38316 38316 37710 21384 9648 9648 9648 9648 9648 9648 9648 9648 9648 9648 9648 9648 9042 35324 35324 35324 35324 35324 34718 17708 13399 13399 13399 13399 13399 13399 13399 13399 13399 13399 13399 13399 12793 
26064 26064 26064 26064 26064 25482 10770 29876 29876 29876 29876 29876 29294 14852 33874 33874 33874 33874 33874 29218 14990 25740 25740 25740 25740 25740 25158 11856 37868 37868 37868 37868 37868 37286 21536 33496 33496 33496 33496 33496 28840 12940 29652 29652 29652 29652 29652 29070 13080 18856 18856 18856 18856 18856 18856 18856 18856 18856 18856 18856 18856 18274 32564 32564 32564 32564 32564 31982 15308 14455 14455 14455 14455 14455 14455 14455 14455 14455 14455 14455 14455 13873 
35408 35408 35408 35408 35408 34766 19214 29876 29876 29876 29876 29876 29234 13952 30318 30318 30318 30318 30318 25182 10114 29132 29132 29132 29132 29132 28490 14348 29716 29716 29716 29716 29716 29074 12484 36932 36932 36932 36932 36932 31796 15056 39036 39036 39036 39036 39036 38394 21564 9864 9864 9864 9864 9864 9864 9864 9864 9864 9864 9864 9864 9222 36044 36044 36044 36044 36044 35402 17888 13615 13615 13615 13615 13615 13615 13615 13615 13615 13615 13615 13615 12973 
12600 12600 12600 12600 12600 11970 3150 30284 30284 30284 30284 30284 29654 14540 34770 34770 34770 34770 34770 29730 14830 26540 26540 26540 26540 26540 25910 11936 38356 38356 38356 38356 38356 37726 21304 34112 34112 34112 34112 34112 29072 12500 29660 29660 29660 29660 29660 29030 12368 18672 18672 18672 18672 18672 18672 18672 18672 18672 18672 18672 18672 18042 32964 32964 32964 32964 32964 32334 14988 14191 14191 14191 14191 14191 14191 14191 14191 14191 14191 14191 14191 13561 
11520 11520 11520 11520 11520 10944 2880 29204 29204 29204 29204 29204 28628 14270 33312 33312 33312 33312 33312 28704 14560 25460 25460 25460 25460 25460 24884 11666 37276 37276 37276 37276 37276 36700 21034 32654 32654 32654 32654 32654 28046 12230 28580 28580 28580 28580 28580 28004 12098 18348 18348 18348 18348 18348 18348 18348 18348 18348 18348 18348 18348 17772 31884 31884 31884 31884 31884 31308 14718 13867 13867 13867 13867 13867 13867 13867 13867 13867 13867 13867 13867 13291 
37792 37792 37792 37792 37792 37096 20788 32172 32172 32172 32172 32172 31476 15438 33328 33328 33328 33328 33328 27760 11936 31860 31860 31860 31860 31860 31164 16266 18160 18160 18160 18160 18160 17464 7720 39566 39566 39566 39566 39566 33998 16502 41228 41228 41228 41228 41228 40532 22946 8416 8416 8416 8416 8416 8416 8416 8416 8416 8416 8416 8416 7720 38436 38436 38436 38436 38436 37740 19470 15155 15155 15155 15155 15155 15155 15155 15155 15155 15155 15155 15155 14459 
29280 29280 29280 29280 29280 28686 13806 26148 26148 26148 26148 26148 25554 10944 30318 30318 30318 30318 30318 25566 11170 24948 24948 24948 24948 24948 24354 10884 33732 33732 33732 33732 33732 33138 17220 21918 21918 21918 21918 21918 17166 8850 32532 32532 32532 32532 32532 31938 15780 14552 14552 14552 14552 14552 14552 14552 14552 14552 14552 14552 14552 13958 30596 30596 30596 30596 30596 30002 13160 10559 10559 10559 10559 10559 10559 10559 10559 10559 10559 10559 10559 9965 
31184 31184 31184 31184 31184 30536 14900 12960 12960 12960 12960 12960 12312 3240 30240 30240 30240 30240 30240 25056 9904 25452 25452 25452 25452 25452 24804 10578 33620 33620 33620 33620 33620 32972 16298 32654 32654 32654 32654 32654 27470 10646 34732 34732 34732 34732 34732 34084 17170 13684 13684 13684 13684 13684 13684 13684 13684 13684 13684 13684 13684 13036 31812 31812 31812 31812 31812 31164 13566 3888 3888 3888 3888 3888 3888 3888 3888 3888 3888 3888 3888 3240 
29624 29624 29624 29624 29624 28976 13340 27140 27140 27140 27140 27140 26492 11126 31824 31824 31824 31824 31824 26640 11488 24900 24900 24900 24900 24900 24252 10026 35204 35204 35204 35204 35204 34556 17882 17496 17496 17496 17496 17496 12312 3240 33132 33132 33132 33132 33132 32484 15570 15268 15268 15268 15268 15268 15268 15268 15268 15268 15268 15268 15268 14620 15400 15400 15400 15400 15400 14752 5680 10795 10795 10795 10795 10795 10795 10795 10795 10795 10795 10795 10795 10147 
27104 27104 27104 27104 27104 26474 11090 31276 31276 31276 31276 31276 30646 15532 35818 35818 35818 35818 35818 30778 15878 27804 27804 27804 27804 27804 27174 13200 39316 39316 39316 39316 39316 38686 22264 35064 35064 35064 35064 35064 30024 13452 12600 12600 12600 12600 12600 11970 3150 19632 19632 19632 19632 19632 19632 19632 19632 19632 19632 19632 19632 19002 34020 34020 34020 34020 34020 33390 16044 15183 15183 15183 15183 15183 15183 15183 15183 15183 15183 15183 15183 14553 
38776 38776 38776 38776 38776 38158 22942 33148 33148 33148 33148 33148 32530 17584 33662 33662 33662 33662 33662 28718 13986 32772 32772 32772 32772 32772 32154 18348 30388 30388 30388 30388 30388 29770 13516 40004 40004 40004 40004 40004 35060 18656 42220 42220 42220 42220 42220 41602 25108 10872 10872 10872 10872 10872 10872 10872 10872 10872 10872 10872 10872 10254 39412 39412 39412 39412 39412 38794 21616 17223 17223 17223 17223 17223 17223 17223 17223 17223 17223 17223 17223 16605 
27320 27320 27320 27320 27320 26696 11396 28684 28684 28684 28684 28684 28060 13030 33200 33200 33200 33200 33200 28208 13392 25540 25540 25540 25540 25540 24916 11026 36724 36724 36724 36724 36724 36100 19762 32430 32430 32430 32430 32430 27438 10950 30636 30636 30636 30636 30636 30012 13434 17124 17124 17124 17124 17124 17124 17124 17124 17124 17124 17124 17124 16500 31492 31492 31492 31492 31492 30868 13606 12675 12675 12675 12675 12675 12675 12675 12675 12675 12675 12675 12675 12051 
35440 35440 35440 35440 35440 34852 20056 29804 29804 29804 29804 29804 29216 14690 30028 30028 30028 30028 30028 25324 11012 29348 29348 29348 29348 29348 28760 15374 11760 11760 11760 11760 11760 11172 2940 36482 36482 36482 36482 36482 31778 15794 38956 38956 38956 38956 38956 38368 22294 3528 3528 3528 3528 3528 3528 3528 3528 3528 3528 3528 3528 2940 36060 36060 36060 36060 36060 35472 18714 14299 14299 14299 14299 14299 14299 14299 14299 14299 14299 14299 14299 13711 
29400 29400 29400 29400 29400 28752 13116 27348 27348 27348 27348 27348 26700 11334 31952 31952 31952 31952 31952 26768 11616 18880 18880 18880 18880 18880 18232 9160 35412 35412 35412 35412 35412 34764 18090 19936 19936 19936 19936 19936 14752 5680 33012 33012 33012 33012 33012 32364 15450 15476 15476 15476 15476 15476 15476 15476 15476 15476 15476 15476 15476 14828 12960 12960 12960 12960 12960 12312 3240 11003 11003 11003 11003 11003 11003 11003 11003 11003 11003 11003 11003 10355 
37000 37000 37000 37000 37000 36334 20446 31364 31364 31364 31364 31364 30698 15080 32134 32134 32134 32134 32134 26806 11402 30908 30908 30908 30908 30908 30242 15764 13320 13320 13320 13320 13320 12654 3330 38588 38588 38588 38588 38588 33260 16184 40516 40516 40516 40516 40516 39850 22684 3996 3996 3996 3996 3996 3996 3996 3996 3996 3996 3996 3996 3330 37620 37620 37620 37620 37620 36954 19104 14767 14767 14767 14767 14767 14767 14767 14767 14767 14767 14767 14767 14101 
37224 37224 37224 37224 37224 36534 20310 31636 31636 31636 31636 31636 30946 14992 32894 32894 32894 32894 32894 27374 11634 31388 31388 31388 31388 31388 30698 15884 30236 30236 30236 30236 30236 29546 12284 38956 38956 38956 38956 38956 33436 16024 40620 40620 40620 40620 40620 39930 22428 9712 9712 9712 9712 9712 9712 9712 9712 9712 9712 9712 9712 9022 37892 37892 37892 37892 37892 37202 19016 14703 14703 14703 14703 14703 14703 14703 14703 14703 14703 14703 14703 14013 
26480 26480 26480 26480 26480 25898 11186 27844 27844 27844 27844 27844 27262 12820 32066 32066 32066 32066 32066 27410 13182 24700 24700 24700 24700 24700 24118 10816 35884 35884 35884 35884 35884 35302 19552 31296 31296 31296 31296 31296 26640 10740 29796 29796 29796 29796 29796 29214 13224 16872 16872 16872 16872 16872 16872 16872 16872 16872 16872 16872 16872 16290 30652 30652 30652 30652 30652 30070 13396 12423 12423 12423 12423 12423 12423 12423 12423 12423 12423 12423 12423 11841 
35544 35544 35544 35544 35544 34938 19890 29956 29956 29956 29956 29956 29350 14572 30626 30626 30626 30626 30626 25778 11214 29708 29708 29708 29708 29708 29102 15464 28556 28556 28556 28556 28556 27950 11864 36688 36688 36688 36688 36688 31840 15604 38940 38940 38940 38940 38940 38334 22008 9208 9208 9208 9208 9208 9208 9208 9208 9208 9208 9208 9208 8602 36212 36212 36212 36212 36212 35606 18596 14199 14199 14199 14199 14199 14199 14199 14199 14199 14199 14199 14199 13593 
30600 30600 30600 30600 30600 29940 14136 27468 27468 27468 27468 27468 26808 11274 32100 32100 32100 32100 32100 26820 11500 26268 26268 26268 26268 26268 25608 11214 35052 35052 35052 35052 35052 34392 17550 23700 23700 23700 23700 23700 18420 9180 33852 33852 33852 33852 33852 33192 16110 14948 14948 14948 14948 14948 14948 14948 14948 14948 14948 14948 14948 14288 31916 31916 31916 31916 31916 31256 13490 10955 10955 10955 10955 10955 10955 10955 10955 10955 10955 10955 10955 10295 
]

ExternalWorkerWithSkillOnStintCost: [
39240 37296 36072 37296 32616 36648 16776 33984 33840 30600 30384 37008 41544 17280 35196 47628 34272 36624 43596 49728 17424 30384 30240 42768 42408 32400 35424 19296 38952 35136 34128 34632 40464 37008 16740 38052 43428 42168 50316 37548 43512 14904 39600 36216 34776 42552 39528 39096 17892 14700 16260 14670 17610 17430 15180 17580 13830 16350 17940 13890 14850 13830 42768 38016 42768 33048 35712 35352 19800 16920 14520 16290 15990 15810 12540 13530 12090 15360 15270 16830 17520 14010 
32472 33336 36576 38232 35568 32328 15228 33048 31464 39672 37152 32256 31176 21420 49056 37632 41832 33600 34104 41664 16956 38088 31176 34848 33120 43128 31680 20556 29376 34488 39024 30600 40752 29736 16416 41664 39228 43260 34020 49056 35280 17064 41256 32904 30528 35208 34416 33408 15192 17310 15870 14880 15960 17700 16890 15750 16680 14910 14250 13800 17010 12690 31896 42696 39960 35064 35352 39096 16632 15540 15330 15540 12960 14100 12450 17070 13890 12330 16590 14520 14010 12120 
30744 31752 41400 34920 36504 39672 17676 41184 36504 31752 39096 32328 39960 15912 38052 36960 38052 41580 34776 44352 16488 33768 41616 33192 31104 34200 30456 19944 38880 30240 29952 40968 41040 31248 15336 49980 36372 41244 39396 50064 47880 19224 33552 35280 35064 42480 36288 36792 20268 14340 16320 17700 15720 12210 17130 17490 15180 17610 15360 16260 14610 14940 42120 32400 41904 41832 38736 33624 20880 15180 16050 13590 12990 12900 12840 17760 16590 13020 17490 15150 12720 16140 
]

OverlappingStints: [
[ 2 8 9 15 16 22 23 29 30 36 37 43 44 50 51 52 63 64 70 71 72 ]
[ 3 8 9 10 15 16 17 22 23 24 29 30 31 36 37 38 43 44 45 52 53 54 63 64 65 72 73 74 ]
[ 4 9 10 11 16 17 18 23 24 25 30 31 32 37 38 39 44 45 46 54 55 56 64 65 66 74 75 76 ]
[ 5 10 11 12 17 18 19 24 25 26 31 32 33 38 39 40 45 46 47 56 57 58 65 66 67 76 77 78 ]
[ 6 11 12 13 18 19 20 25 26 27 32 33 34 39 40 41 46 47 48 58 59 60 66 67 68 78 79 80 ]
[ 7 12 13 14 19 20 21 26 27 28 33 34 35 40 41 42 47 48 49 60 61 62 67 68 69 80 81 82 ]
[ 13 14 20 21 27 28 34 35 41 42 48 49 62 68 69 82 ]
[ 9 15 16 22 23 29 30 36 37 43 44 50 51 52 63 64 70 71 72 ]
[ 10 15 16 17 22 23 24 29 30 31 36 37 38 43 44 45 52 53 54 63 64 65 72 73 74 ]
[ 11 16 17 18 23 24 25 30 31 32 37 38 39 44 45 46 54 55 56 64 65 66 74 75 76 ]
[ 12 17 18 19 24 25 26 31 32 33 38 39 40 45 46 47 56 57 58 65 66 67 76 77 78 ]
[ 13 18 19 20 25 26 27 32 33 34 39 40 41 46 47 48 58 59 60 66 67 68 78 79 80 ]
[ 14 19 20 21 26 27 28 33 34 35 40 41 42 47 48 49 60 61 62 67 68 69 80 81 82 ]
[ 20 21 27 28 34 35 41 42 48 49 62 68 69 82 ]
[ 16 22 23 29 30 36 37 43 44 50 51 52 53 63 64 70 71 72 73 ]
[ 17 22 23 24 29 30 31 36 37 38 43 44 45 52 53 54 55 63 64 65 72 73 74 75 ]
[ 18 23 24 25 30 31 32 37 38 39 44 45 46 54 55 56 57 64 65 66 74 75 76 77 ]
[ 19 24 25 26 31 32 33 38 39 40 45 46 47 56 57 58 59 65 66 67 76 77 78 79 ]
[ 20 25 26 27 32 33 34 39 40 41 46 47 48 58 59 60 61 66 67 68 78 79 80 81 ]
[ 21 26 27 28 33 34 35 40 41 42 47 48 49 60 61 62 67 68 69 80 81 82 ]
[ 27 28 34 35 41 42 48 49 62 68 69 82 ]
[ 23 29 30 36 37 43 44 50 51 52 63 64 70 71 72 ]
[ 24 29 30 31 36 37 38 43 44 45 52 53 54 63 64 65 72 73 74 ]
[ 25 30 31 32 37 38 39 44 45 46 54 55 56 64 65 66 74 75 76 ]
[ 26 31 32 33 38 39 40 45 46 47 56 57 58 65 66 67 76 77 78 ]
[ 27 32 33 34 39 40 41 46 47 48 58 59 60 66 67 68 78 79 80 ]
[ 28 33 34 35 40 41 42 47 48 49 60 61 62 67 68 69 80 81 82 ]
[ 34 35 41 42 48 49 62 68 69 82 ]
[ 30 36 37 43 44 50 51 52 63 64 70 71 72 ]
[ 31 36 37 38 43 44 45 52 53 54 63 64 65 72 73 74 ]
[ 32 37 38 39 44 45 46 54 55 56 64 65 66 74 75 76 ]
[ 33 38 39 40 45 46 47 56 57 58 65 66 67 76 77 78 ]
[ 34 39 40 41 46 47 48 58 59 60 66 67 68 78 79 80 ]
[ 35 40 41 42 47 48 49 60 61 62 67 68 69 80 81 82 ]
[ 41 42 48 49 62 68 69 82 ]
[ 37 43 44 50 51 52 53 63 64 70 71 72 73 ]
[ 38 43 44 45 52 53 54 55 63 64 65 72 73 74 75 ]
[ 39 44 45 46 54 55 56 57 64 65 66 74 75 76 77 ]
[ 40 45 46 47 56 57 58 59 65 66 67 76 77 78 79 ]
[ 41 46 47 48 58 59 60 61 66 67 68 78 79 80 81 ]
[ 42 47 48 49 60 61 62 67 68 69 80 81 82 ]
[ 48 49 62 68 69 82 ]
[ 44 50 51 52 63 64 70 71 72 ]
[ 45 52 53 54 63 64 65 72 73 74 ]
[ 46 54 55 56 64 65 66 74 75 76 ]
[ 47 56 57 58 65 66 67 76 77 78 ]
[ 48 58 59 60 66 67 68 78 79 80 ]
[ 49 60 61 62 67 68 69 80 81 82 ]
[ 62 68 69 82 ]
[ 63 70 ]
[ 63 71 ]
[ 63 64 72 ]
[ 64 73 ]
[ 64 65 74 ]
[ 65 75 ]
[ 65 66 76 ]
[ 66 77 ]
[ 66 67 78 ]
[ 67 79 ]
[ 67 68 80 ]
[ 68 81 ]
[ 68 69 82 ]
[ 64 70 71 72 ]
[ 65 72 73 74 ]
[ 66 74 75 76 ]
[ 67 76 77 78 ]
[ 68 78 79 80 ]
[ 69 80 81 82 ]
[ 82 ]
[ ]
[ ]
[ ]
[ ]
[ ]
[ ]
[ ]
[ ]
[ ]
[ ]
[ ]
[ ]
[ ]
]

EmployeesWithSkill: [
[ 1 2 3 4 5 6 7 8 9 10 11 12 13 14 15 16 17 18 19 20 21 22 23 24 25 26 27 28 29 30 31 32 33 34 35 36 37 38 39 40 41 42 43 44 45 46 47 48 49 50 51 52 53 54 55 56 57 58 59 60 ]
[ 1 4 5 6 7 8 9 10 11 12 13 14 15 16 17 18 19 20 21 22 23 24 25 26 27 28 29 30 31 32 33 34 36 37 38 39 40 41 42 43 44 45 46 47 48 49 50 51 52 53 54 55 56 57 58 59 60 ]
[ 59 ]
]

SkillDemandInActivityWithMode: [
0	1	
2	4	
6	10	
5	9	
3	6	
11	18	
4	7	
7	12	
2	4	
4	7	
8	13	
2	4	
6	10	
2	4	
6	10	
4	7	
11	18	
7	12	
3	6	
3	6	
4	7	
8	13	
11	18	
0	1	
42	64	
55	84	
30	46	
55	84	
66	100	
19	30	
82	124	
55	84	
41	63	
47	72	
66	100	
82	124	
55	84	
66	100	
0	1	
7	12	
10	16	
10	16	
4	7	
7	12	
5	9	
7	12	
7	12	
7	12	
3	6	
4	7	
10	16	
3	6	
8	13	
0	1	
2	4	
5	9	
2	4	
5	9	
5	9	
4	7	
5	9	
5	9	
3	6	
3	6	
5	9	
2	4	
4	7	
5	9	
5	9	
5	9	
2	4	
6	10	
0	1	
2	4	
1	3	
1	3	
2	4	
1	3	
1	3	
2	4	
2	4	
1	3	
1	3	
1	3	
1	3	
2	4	
1	3	
1	3	
1	3	
1	3	
1	3	
1	3	
2	4	
2	4	
1	3	
1	3	
0	1	
9	15	
9	15	
7	12	
4	7	
7	12	
2	4	
2	4	
5	9	
2	4	
6	10	
8	13	
8	13	
9	15	
11	18	
3	6	
2	4	
2	4	
9	15	
8	13	
6	10	
0	1	
7	12	
11	18	
5	9	
8	13	
5	9	
8	13	
2	4	
4	7	
8	13	
5	9	
5	9	
3	6	
6	10	
4	7	
5	9	
7	12	
5	9	
4	7	
3	6	
2	4	
9	15	
8	13	
11	18	
0	1	
82	124	
49	75	
49	75	
49	75	
49	75	
49	75	
82	124	
82	124	
19	30	
82	124	
0	1	
7	12	
5	9	
13	21	
20	31	
17	27	
14	22	
20	31	
11	18	
17	27	
8	13	
16	25	
16	25	
20	31	
8	13	
0	1	
4	7	
6	10	
2	4	
6	10	
3	6	
6	10	
2	4	
5	9	
3	6	
6	10	
1	3	
6	10	
4	7	
8	13	
4	7	
6	10	
6	10	

0	1	
2	4	
7	12	
6	10	
3	6	
14	22	
4	7	
9	15	
2	4	
5	9	
10	16	
2	4	
7	12	
2	4	
7	12	
5	9	
14	22	
9	15	
3	6	
3	6	
4	7	
10	16	
14	22	
0	1	
16	25	
22	34	
12	19	
22	34	
26	40	
7	12	
33	51	
22	34	
16	25	
18	28	
26	40	
33	51	
22	34	
26	40	
0	1	
30	46	
48	73	
48	73	
18	28	
34	52	
24	37	
30	46	
30	46	
30	46	
12	19	
18	28	
48	73	
12	19	
40	61	
0	1	
1	3	
2	4	
0	1	
2	4	
2	4	
1	3	
2	4	
2	4	
1	3	
1	3	
2	4	
0	1	
2	4	
2	4	
2	4	
2	4	
0	1	
3	6	
0	1	
1	3	
1	3	
0	1	
1	3	
0	1	
0	1	
1	3	
1	3	
1	3	
1	3	
0	1	
0	1	
1	3	
0	1	
1	3	
0	1	
0	1	
0	1	
0	1	
1	3	
1	3	
0	1	
0	1	
0	1	
7	12	
7	12	
6	10	
3	6	
6	10	
0	1	
0	1	
3	6	
1	3	
4	7	
6	10	
6	10	
7	12	
9	15	
2	4	
1	3	
1	3	
7	12	
6	10	
4	7	
0	1	
9	15	
16	25	
7	12	
12	19	
7	12	
12	19	
2	4	
5	9	
12	19	
6	10	
7	12	
4	7	
8	13	
5	9	
7	12	
10	16	
7	12	
6	10	
4	7	
2	4	
14	22	
12	19	
16	25	
0	1	
58	88	
35	54	
35	54	
35	54	
35	54	
35	54	
58	88	
58	88	
13	21	
58	88	
0	1	
0	1	
0	1	
1	3	
2	4	
2	4	
1	3	
2	4	
1	3	
2	4	
0	1	
2	4	
2	4	
2	4	
0	1	
0	1	
3	6	
6	10	
2	4	
6	10	
2	4	
6	10	
1	3	
5	9	
2	4	
6	10	
1	3	
6	10	
3	6	
7	12	
3	6	
6	10	
6	10	

0	1	
0	1	
0	1	
0	1	
0	1	
0	1	
0	1	
0	1	
0	1	
0	1	
0	1	
0	1	
0	1	
0	1	
0	1	
0	1	
0	1	
0	1	
0	1	
0	1	
0	1	
0	1	
0	1	
0	1	
0	1	
0	1	
0	1	
0	1	
0	1	
0	1	
0	1	
0	1	
0	1	
0	1	
0	1	
0	1	
0	1	
0	1	
0	1	
0	1	
0	1	
0	1	
0	1	
0	1	
0	1	
0	1	
0	1	
0	1	
0	1	
0	1	
0	1	
0	1	
0	1	
0	1	
0	1	
0	1	
0	1	
0	1	
0	1	
0	1	
0	1	
0	1	
0	1	
0	1	
0	1	
0	1	
0	1	
0	1	
0	1	
0	1	
0	1	
0	1	
0	1	
0	1	
0	1	
0	1	
0	1	
0	1	
0	1	
0	1	
0	1	
0	1	
0	1	
0	1	
0	1	
0	1	
0	1	
0	1	
0	1	
0	1	
0	1	
0	1	
0	1	
0	1	
0	1	
0	1	
0	1	
0	1	
0	1	
0	1	
0	1	
0	1	
0	1	
0	1	
0	1	
0	1	
0	1	
0	1	
0	1	
0	1	
0	1	
0	1	
0	1	
0	1	
0	1	
0	1	
0	1	
0	1	
0	1	
0	1	
0	1	
0	1	
0	1	
0	1	
0	1	
0	1	
0	1	
0	1	
0	1	
0	1	
0	1	
0	1	
0	1	
0	1	
0	1	
0	1	
0	1	
0	1	
0	1	
0	1	
0	1	
0	1	
0	1	
0	1	
0	1	
0	1	
0	1	
0	1	
0	1	
0	1	
0	1	
0	1	
0	1	
0	1	
0	1	
0	1	
0	1	
0	1	
0	1	
0	1	
0	1	
0	1	
0	1	
0	1	
0	1	
0	1	
0	1	
0	1	
0	1	
0	1	
0	1	
0	1	
0	1	
0	1	
0	1	
0	1	
0	1	
0	1	
0	1	
0	1	
0	1	
0	1	
0	1	
0	1	
0	1	

]

EmployeeAvailability: [
1 1 1 0 0 1 1 1 1 1 0 0 1 1 1 1 1 0 0 1 1 1 1 1 0 0 1 1 1 1 1 0 0 1 1 1 1 1 0 0 1 1 1 1 1 0 0 1 1 1 1 1 1 1 1 1 1 1 0 1 1 1 1 1 1 0 0 1 1 1 1 1 1 1 1 1 1 1 0 1 1 1 
1 1 1 0 1 1 1 1 1 1 0 1 1 1 1 1 1 0 1 1 1 1 1 1 0 1 1 1 1 1 1 0 1 1 1 1 1 1 0 1 1 1 1 1 1 0 1 1 1 1 1 1 1 1 1 1 0 1 1 1 1 1 1 1 1 0 1 1 1 1 1 1 1 1 1 1 0 1 1 1 1 1 
0 1 1 0 0 1 1 0 1 1 0 0 1 1 0 1 1 0 0 1 1 0 1 1 0 0 1 1 0 1 1 0 0 1 1 0 1 1 0 0 1 1 0 1 1 0 0 1 1 1 0 1 1 1 1 1 0 0 1 1 1 1 0 1 1 0 0 1 1 1 0 1 1 1 1 1 0 0 1 1 1 1 
1 0 1 0 1 1 1 1 0 1 0 1 1 1 1 0 1 0 1 1 1 1 0 1 0 1 1 1 1 0 1 0 1 1 1 1 0 1 0 1 1 1 1 0 1 0 1 1 1 1 1 0 1 1 1 0 1 1 1 1 1 1 1 0 1 0 1 1 1 1 1 0 1 1 1 0 1 1 1 1 1 1 
1 0 1 0 1 1 1 1 0 1 0 1 1 1 1 0 1 0 1 1 1 1 0 1 0 1 1 1 1 0 1 0 1 1 1 1 0 1 0 1 1 1 1 0 1 0 1 1 1 1 1 0 1 1 1 0 1 1 1 1 1 1 1 0 1 0 1 1 1 1 1 0 1 1 1 0 1 1 1 1 1 1 
1 1 1 1 1 0 1 1 1 1 1 1 0 1 1 1 1 1 1 0 1 1 1 1 1 1 0 1 1 1 1 1 1 0 1 1 1 1 1 1 0 1 1 1 1 1 1 0 1 1 1 1 1 1 1 1 1 1 1 0 1 1 1 1 1 1 1 0 1 1 1 1 1 1 1 1 1 1 1 0 1 1 
1 1 1 1 1 1 1 1 1 1 1 1 1 1 1 1 1 1 1 1 1 1 1 1 1 1 1 1 1 1 1 1 1 1 1 1 1 1 1 1 1 1 1 1 1 1 1 1 1 1 1 1 1 1 1 1 1 1 1 1 1 1 1 1 1 1 1 1 1 1 1 1 1 1 1 1 1 1 1 1 1 1 
1 0 1 0 0 1 1 1 0 1 0 0 1 1 1 0 1 0 0 1 1 1 0 1 0 0 1 1 1 0 1 0 0 1 1 1 0 1 0 0 1 1 1 0 1 0 0 1 1 1 1 0 1 1 1 1 0 1 1 1 1 1 1 0 1 0 0 1 1 1 1 0 1 1 1 1 0 1 1 1 1 1 
1 0 1 1 0 1 1 1 0 1 1 0 1 1 1 0 1 1 0 1 1 1 0 1 1 0 1 1 1 0 1 1 0 1 1 1 0 1 1 0 1 1 1 0 1 1 0 1 1 1 1 1 1 1 1 1 1 1 0 1 1 1 1 0 1 1 0 1 1 1 1 1 1 1 1 1 1 1 0 1 1 1 
1 1 0 1 1 1 1 1 1 0 1 1 1 1 1 1 0 1 1 1 1 1 1 0 1 1 1 1 1 1 0 1 1 1 1 1 1 0 1 1 1 1 1 1 0 1 1 1 1 1 1 1 1 0 0 1 1 1 1 1 1 1 1 1 0 1 1 1 1 1 1 1 1 0 0 1 1 1 1 1 1 1 
1 1 0 1 1 1 0 1 1 0 1 1 1 0 1 1 0 1 1 1 0 1 1 0 1 1 1 0 1 1 0 1 1 1 0 1 1 0 1 1 1 0 1 1 0 1 1 1 0 1 1 1 1 1 0 1 1 1 1 1 1 0 1 1 0 1 1 1 0 1 1 1 1 1 0 1 1 1 1 1 1 0 
1 0 1 0 0 1 1 1 0 1 0 0 1 1 1 0 1 0 0 1 1 1 0 1 0 0 1 1 1 0 1 0 0 1 1 1 0 1 0 0 1 1 1 0 1 0 0 1 1 1 1 0 1 1 1 1 1 1 1 1 1 1 1 0 1 0 0 1 1 1 1 0 1 1 1 1 1 1 1 1 1 1 
1 1 1 1 1 1 1 1 1 1 1 1 1 1 1 1 1 1 1 1 1 1 1 1 1 1 1 1 1 1 1 1 1 1 1 1 1 1 1 1 1 1 1 1 1 1 1 1 1 1 1 1 1 1 1 1 1 1 1 1 1 1 1 1 1 1 1 1 1 1 1 1 1 1 1 1 1 1 1 1 1 1 
1 1 1 0 0 1 1 1 1 1 0 0 1 1 1 1 1 0 0 1 1 1 1 1 0 0 1 1 1 1 1 0 0 1 1 1 1 1 0 0 1 1 1 1 1 0 0 1 1 1 1 1 1 1 1 0 1 1 0 1 1 1 1 1 1 0 0 1 1 1 1 1 1 1 1 0 1 1 0 1 1 1 
1 0 1 1 0 1 1 1 0 1 1 0 1 1 1 0 1 1 0 1 1 1 0 1 1 0 1 1 1 0 1 1 0 1 1 1 0 1 1 0 1 1 1 0 1 1 0 1 1 1 1 1 1 1 1 1 1 1 0 1 1 1 1 0 1 1 0 1 1 1 1 1 1 1 1 1 1 1 0 1 1 1 
1 1 1 1 1 1 1 1 1 1 1 1 1 1 1 1 1 1 1 1 1 1 1 1 1 1 1 1 1 1 1 1 1 1 1 1 1 1 1 1 1 1 1 1 1 1 1 1 1 1 1 1 1 1 1 1 1 1 1 1 1 1 1 1 1 1 1 1 1 1 1 1 1 1 1 1 1 1 1 1 1 1 
1 1 1 1 1 1 1 1 1 1 1 1 1 1 1 1 1 1 1 1 1 1 1 1 1 1 1 1 1 1 1 1 1 1 1 1 1 1 1 1 1 1 1 1 1 1 1 1 1 1 1 1 1 1 1 1 1 1 1 1 1 1 1 1 1 1 1 1 1 1 1 1 1 1 1 1 1 1 1 1 1 1 
1 1 1 1 1 1 1 1 1 1 1 1 1 1 1 1 1 1 1 1 1 1 1 1 1 1 1 1 1 1 1 1 1 1 1 1 1 1 1 1 1 1 1 1 1 1 1 1 1 1 1 1 1 1 1 1 1 1 1 1 1 1 1 1 1 1 1 1 1 1 1 1 1 1 1 1 1 1 1 1 1 1 
1 1 0 1 1 1 1 1 1 0 1 1 1 1 1 1 0 1 1 1 1 1 1 0 1 1 1 1 1 1 0 1 1 1 1 1 1 0 1 1 1 1 1 1 0 1 1 1 1 1 1 1 1 0 1 1 1 1 1 1 1 1 1 1 0 1 1 1 1 1 1 1 1 0 1 1 1 1 1 1 1 1 
1 0 1 1 1 1 1 1 0 1 1 1 1 1 1 0 1 1 1 1 1 1 0 1 1 1 1 1 1 0 1 1 1 1 1 1 0 1 1 1 1 1 1 0 1 1 1 1 1 1 1 1 0 1 1 1 1 1 1 1 1 1 1 0 1 1 1 1 1 1 1 1 0 1 1 1 1 1 1 1 1 1 
1 1 1 0 1 1 1 1 1 1 0 1 1 1 1 1 1 0 1 1 1 1 1 1 0 1 1 1 1 1 1 0 1 1 1 1 1 1 0 1 1 1 1 1 1 0 1 1 1 1 1 1 1 1 1 0 1 1 1 1 1 1 1 1 1 0 1 1 1 1 1 1 1 1 1 0 1 1 1 1 1 1 
1 1 1 1 1 1 1 1 1 1 1 1 1 1 1 1 1 1 1 1 1 1 1 1 1 1 1 1 1 1 1 1 1 1 1 1 1 1 1 1 1 1 1 1 1 1 1 1 1 1 1 1 1 1 1 1 1 1 1 1 1 1 1 1 1 1 1 1 1 1 1 1 1 1 1 1 1 1 1 1 1 1 
1 0 1 1 1 1 1 1 0 1 1 1 1 1 1 0 1 1 1 1 1 1 0 1 1 1 1 1 1 0 1 1 1 1 1 1 0 1 1 1 1 1 1 0 1 1 1 1 1 1 1 0 1 1 1 1 1 1 1 1 1 1 1 0 1 1 1 1 1 1 1 0 1 1 1 1 1 1 1 1 1 1 
1 1 1 1 1 1 1 1 1 1 1 1 1 1 1 1 1 1 1 1 1 1 1 1 1 1 1 1 1 1 1 1 1 1 1 1 1 1 1 1 1 1 1 1 1 1 1 1 1 1 1 1 1 1 1 1 1 1 1 1 1 1 1 1 1 1 1 1 1 1 1 1 1 1 1 1 1 1 1 1 1 1 
1 1 1 1 1 1 1 1 1 1 1 1 1 1 1 1 1 1 1 1 1 1 1 1 1 1 1 1 1 1 1 1 1 1 1 1 1 1 1 1 1 1 1 1 1 1 1 1 1 1 1 1 1 1 1 1 1 1 1 1 1 1 1 1 1 1 1 1 1 1 1 1 1 1 1 1 1 1 1 1 1 1 
1 1 0 0 0 1 1 1 1 0 0 0 1 1 1 1 0 0 0 1 1 1 1 0 0 0 1 1 1 1 0 0 0 1 1 1 1 0 0 0 1 1 1 1 0 0 0 1 1 1 1 1 1 1 0 1 0 0 1 1 1 1 1 1 0 0 0 1 1 1 1 1 1 1 0 1 0 0 1 1 1 1 
1 1 1 1 1 1 0 1 1 1 1 1 1 0 1 1 1 1 0 0 0 1 1 1 1 1 1 0 1 1 1 1 1 1 0 1 1 1 1 0 0 0 1 1 1 1 1 1 0 1 1 1 1 1 1 1 1 1 1 1 1 1 1 1 1 1 1 1 0 1 1 1 1 1 1 1 1 1 1 1 1 1 
1 1 1 1 1 1 1 1 1 1 1 1 1 1 1 1 1 1 1 1 1 1 1 1 1 1 1 1 1 1 1 1 1 1 1 1 1 1 1 1 1 1 1 1 1 1 1 1 1 1 1 1 1 1 1 1 1 1 1 1 1 1 1 1 1 1 1 1 1 1 1 1 1 1 1 1 1 1 1 1 1 1 
1 1 0 1 1 1 1 1 1 0 1 1 1 1 1 1 0 1 1 1 1 1 1 0 1 1 1 1 1 1 0 1 1 1 1 1 1 0 1 1 1 1 1 1 0 1 1 1 1 1 1 1 1 0 1 1 1 1 1 1 1 1 1 1 0 1 1 1 1 1 1 1 1 0 1 1 1 1 1 1 1 1 
0 1 0 1 1 0 1 0 1 0 1 1 0 1 0 1 0 1 1 0 1 0 1 0 1 1 0 1 0 1 0 1 1 0 1 0 1 0 1 1 0 1 0 1 0 1 1 0 1 0 1 1 1 0 1 1 1 1 1 1 0 1 0 1 0 1 1 0 1 0 1 1 1 0 1 1 1 1 1 1 0 1 
1 1 1 0 0 0 1 1 1 1 0 0 0 1 1 1 1 0 0 0 1 1 1 1 0 0 0 1 1 1 1 0 0 0 1 1 1 1 0 0 0 1 1 1 1 0 0 0 1 1 1 1 1 1 1 1 0 0 1 0 1 1 1 1 1 0 0 0 1 1 1 1 1 1 1 1 0 0 1 0 1 1 
1 1 0 1 1 1 1 1 1 0 1 1 1 1 1 1 0 1 1 1 1 1 1 0 1 1 1 1 1 1 0 1 1 1 1 1 1 0 1 1 1 1 1 1 0 1 1 1 1 1 1 1 1 1 0 1 1 1 1 1 1 1 1 1 0 1 1 1 1 1 1 1 1 1 0 1 1 1 1 1 1 1 
1 0 1 0 1 0 1 1 0 1 0 1 0 1 1 0 1 0 1 0 1 1 0 1 0 1 0 1 1 0 1 0 1 0 1 1 0 1 0 1 0 1 1 0 1 0 1 0 1 1 1 1 0 1 1 1 1 1 1 1 0 1 1 0 1 0 1 0 1 1 1 1 0 1 1 1 1 1 1 1 0 1 
1 1 1 1 1 1 1 1 1 1 1 1 1 1 1 1 1 1 1 1 1 1 1 1 1 1 1 1 1 1 1 1 1 1 1 1 1 1 1 1 1 1 1 1 1 1 1 1 1 1 1 1 1 1 1 1 1 1 1 1 1 1 1 1 1 1 1 1 1 1 1 1 1 1 1 1 1 1 1 1 1 1 
0 1 1 1 1 1 1 0 1 1 1 1 1 1 0 1 1 1 1 1 1 0 1 1 1 1 1 1 0 1 1 1 1 1 1 0 1 1 1 1 1 1 0 1 1 1 1 1 1 1 1 1 1 1 1 1 1 1 1 1 1 1 0 1 1 1 1 1 1 1 1 1 1 1 1 1 1 1 1 1 1 1 
1 1 1 1 1 1 0 1 1 1 1 1 1 0 1 1 1 1 1 1 0 1 1 1 1 1 1 0 1 1 1 1 1 1 0 1 1 1 1 1 1 0 1 1 1 1 1 1 0 1 1 1 1 1 1 1 1 1 1 1 1 0 1 1 1 1 1 1 0 1 1 1 1 1 1 1 1 1 1 1 1 0 
1 1 0 1 1 1 1 1 1 0 1 1 1 1 1 1 0 1 1 1 1 1 1 0 1 1 1 1 1 1 0 1 1 1 1 1 1 0 1 1 1 1 1 1 0 1 1 1 1 1 1 1 1 0 0 1 1 1 1 1 1 1 1 1 0 1 1 1 1 1 1 1 1 0 0 1 1 1 1 1 1 1 
1 1 0 0 1 1 1 1 1 0 0 1 1 1 1 1 0 0 1 1 1 1 1 0 0 1 1 1 1 1 0 0 1 1 1 1 1 0 0 1 1 1 1 1 0 0 1 1 1 1 1 1 1 0 1 0 1 1 1 1 1 1 1 1 0 0 1 1 1 1 1 1 1 0 1 0 1 1 1 1 1 1 
1 1 0 1 1 1 1 1 1 0 1 1 1 1 1 1 0 1 1 1 1 1 1 0 1 1 1 1 1 1 0 1 1 1 1 1 1 0 1 1 1 1 1 1 0 1 1 1 1 1 1 1 1 0 1 1 1 1 1 1 1 1 1 1 0 1 1 1 1 1 1 1 1 0 1 1 1 1 1 1 1 1 
1 1 1 1 0 0 1 1 1 1 1 0 0 1 1 1 1 1 0 0 1 1 1 1 1 0 0 1 1 1 1 1 0 0 1 1 1 1 1 0 0 1 1 1 1 1 0 0 1 1 1 1 1 1 1 1 1 1 0 0 1 1 1 1 1 1 0 0 1 1 1 1 1 1 1 1 1 1 0 0 1 1 
1 1 0 1 0 1 1 1 1 0 1 0 1 1 1 1 0 1 0 1 1 1 1 0 1 0 1 1 1 1 0 1 0 1 1 1 1 0 1 0 1 1 1 1 0 1 0 1 1 1 1 1 1 0 1 1 1 1 0 1 1 1 1 1 0 1 0 1 1 1 1 1 1 0 1 1 1 1 0 1 1 1 
1 1 0 0 1 1 1 1 1 0 0 1 1 1 1 1 0 0 1 1 1 1 1 0 0 1 1 1 1 1 0 0 1 1 1 1 1 0 0 1 1 1 1 1 0 0 1 1 1 1 1 1 1 1 0 1 0 1 1 1 1 1 1 1 0 0 1 1 1 1 1 1 1 1 0 1 0 1 1 1 1 1 
1 1 1 0 1 1 1 1 1 1 0 1 1 1 1 1 1 0 1 1 1 1 1 1 0 1 1 1 1 1 1 0 1 1 1 1 1 1 0 1 1 1 1 1 1 0 1 1 1 1 1 1 1 1 1 1 1 1 1 1 1 1 1 1 1 0 1 1 1 1 1 1 1 1 1 1 1 1 1 1 1 1 
1 1 1 1 1 1 1 1 1 1 1 1 1 1 1 1 1 1 1 1 1 1 1 1 1 1 1 1 1 1 1 1 1 1 1 1 1 1 1 1 1 1 1 1 1 1 1 1 1 1 1 1 1 1 1 1 1 1 1 1 1 1 1 1 1 1 1 1 1 1 1 1 1 1 1 1 1 1 1 1 1 1 
0 0 1 1 1 1 0 0 0 1 1 1 1 0 0 0 1 1 1 1 0 0 0 1 1 1 1 0 0 0 1 1 1 1 0 0 0 1 1 1 1 0 0 0 1 1 1 1 0 1 0 1 0 1 1 1 1 1 1 1 1 0 0 0 1 1 1 1 0 1 0 1 0 1 1 1 1 1 1 1 1 0 
1 1 1 1 1 0 1 1 1 1 1 1 0 1 1 1 1 1 1 0 1 1 1 1 1 1 0 1 1 1 1 1 1 0 1 1 1 1 1 1 0 1 1 1 1 1 1 0 1 1 1 1 1 1 1 1 1 1 1 0 1 1 1 1 1 1 1 0 1 1 1 1 1 1 1 1 1 1 1 0 1 1 
1 1 1 1 1 1 1 1 1 1 1 1 1 1 1 1 1 0 1 1 1 1 1 1 1 1 1 1 1 1 1 1 1 1 1 1 1 1 0 1 1 1 1 1 1 1 1 1 1 1 1 1 1 1 1 1 1 1 1 1 1 1 1 1 1 1 1 1 1 1 1 1 1 1 1 1 1 1 1 1 1 1 
1 1 0 1 1 1 1 1 1 0 1 1 1 1 1 1 0 1 1 1 1 1 1 0 1 1 1 1 1 1 0 1 1 1 1 1 1 0 1 1 1 1 1 1 0 1 1 1 1 1 1 1 1 1 1 1 1 1 1 1 1 1 1 1 0 1 1 1 1 1 1 1 1 1 1 1 1 1 1 1 1 1 
1 1 1 1 1 1 1 1 1 1 1 1 1 1 1 1 1 1 1 1 1 1 1 1 1 1 1 1 1 1 1 1 1 1 1 1 1 1 1 1 1 1 1 1 1 1 1 1 1 1 1 1 1 1 1 1 1 1 1 1 1 1 1 1 1 1 1 1 1 1 1 1 1 1 1 1 1 1 1 1 1 1 
0 1 1 0 1 1 1 0 1 1 0 1 1 1 0 1 1 0 1 1 1 0 1 1 0 1 1 1 0 1 1 0 1 1 1 0 1 1 0 1 1 1 0 1 1 0 1 1 1 1 0 1 1 1 1 0 1 1 1 1 1 1 0 1 1 0 1 1 1 1 0 1 1 1 1 0 1 1 1 1 1 1 
1 1 1 1 1 1 1 1 1 1 1 1 1 1 1 1 1 1 1 1 1 1 1 1 1 1 1 1 1 1 1 1 1 1 1 1 1 1 1 1 1 1 1 1 1 1 1 1 1 1 1 1 1 1 1 1 1 1 1 1 1 1 1 1 1 1 1 1 1 1 1 1 1 1 1 1 1 1 1 1 1 1 
1 1 1 1 1 1 1 1 1 1 1 1 1 1 1 1 1 1 1 1 1 1 1 1 1 1 1 1 1 1 1 1 1 1 1 1 1 1 1 1 1 1 1 1 1 1 1 1 1 1 1 1 1 1 1 1 1 1 1 1 1 1 1 1 1 1 1 1 1 1 1 1 1 1 1 1 1 1 1 1 1 1 
0 1 1 1 1 0 1 0 1 1 1 1 0 1 0 1 1 1 0 0 1 0 1 1 1 1 0 1 0 1 1 1 1 0 1 0 1 1 1 0 0 1 0 1 1 1 1 0 1 1 0 1 1 1 1 1 1 1 1 1 0 1 0 1 1 1 1 0 1 1 0 1 1 1 1 1 1 1 1 1 0 1 
1 0 0 1 1 1 1 1 0 0 1 1 1 1 1 0 0 1 1 1 1 1 0 0 1 1 1 1 1 0 0 1 1 1 1 1 0 0 1 1 1 1 1 0 0 1 1 1 1 1 1 1 1 1 0 1 1 1 1 1 1 1 1 0 0 1 1 1 1 1 1 1 1 1 0 1 1 1 1 1 1 1 
1 0 1 1 1 1 1 1 0 1 1 1 1 1 1 0 1 1 1 1 1 1 0 1 1 1 1 1 1 0 1 1 1 1 1 1 0 1 1 1 1 1 1 0 1 1 1 1 1 1 1 0 1 1 1 1 1 1 1 1 1 1 1 0 1 1 1 1 1 1 1 0 1 1 1 1 1 1 1 1 1 1 
0 1 1 0 1 1 1 0 1 1 0 1 1 1 0 1 1 0 1 1 1 0 1 1 0 1 1 1 0 1 1 0 1 1 1 0 1 1 0 1 1 1 0 1 1 0 1 1 1 1 1 1 1 1 1 1 0 1 1 1 1 1 0 1 1 0 1 1 1 1 1 1 1 1 1 1 0 1 1 1 1 1 
1 1 1 0 1 1 1 1 1 1 0 1 1 1 1 0 1 0 1 1 1 1 1 1 0 1 1 1 1 1 1 0 1 1 1 1 0 1 0 1 1 1 1 1 1 0 1 1 1 1 1 1 1 1 1 1 0 1 1 1 1 1 1 1 1 0 1 1 1 1 1 1 1 1 1 1 0 1 1 1 1 1 
0 1 1 0 1 1 1 0 1 1 0 1 1 1 0 1 1 0 1 1 1 0 1 1 0 1 1 1 0 1 1 0 1 1 1 0 1 1 0 1 1 1 0 1 1 0 1 1 1 0 1 1 1 1 1 1 0 1 1 1 1 1 0 1 1 0 1 1 1 0 1 1 1 1 1 1 0 1 1 1 1 1 
1 0 1 0 1 1 1 1 0 1 0 1 1 1 1 0 1 0 1 1 1 1 0 1 0 1 1 1 1 0 1 0 1 1 1 1 0 1 0 1 1 1 1 0 1 0 1 1 1 1 1 0 1 1 1 1 1 1 1 1 1 1 1 0 1 0 1 1 1 1 1 0 1 1 1 1 1 1 1 1 1 1 
1 1 0 1 1 0 1 1 1 0 1 1 0 1 1 1 0 1 1 0 1 1 1 0 1 1 0 1 1 1 0 1 1 0 1 1 1 0 1 1 0 1 1 1 0 1 1 0 1 1 1 1 1 1 1 1 1 1 1 0 1 1 1 1 0 1 1 0 1 1 1 1 1 1 1 1 1 1 1 0 1 1 
]

EmployeeWantedInStint: [ (1 3) 1 (1 6) 1 (1 17) 1 (1 52) 1 (4 72) 1 (4 81) 1 (5 28) 1 (5 49) 1 (6 10) 1 (6 39) 1 (6 59) 1 (6 78) 1 (7 28) 1 (7 70) 1 (8 21) 1 (8 34) 1 (8 42) 1 (8 44) 1 (9 5) 1 (10 19) 1 (12 55) 1 (12 75) 1 (13 16) 1 (13 46) 1 (14 4) 1 (14 23) 1 (14 40) 1 (16 9) 1 (16 22) 1 (17 35) 1 (17 38) 1 (19 19) 1 (19 23) 1 (19 37) 1 (20 52) 1 (20 74) 1 (21 10) 1 (21 68) 1 (21 73) 1 (22 16) 1 (22 33) 1 (22 39) 1 (23 55) 1 (23 79) 1 (24 4) 1 (25 36) 1 (26 11) 1 (26 47) 1 (26 82) 1 (27 16) 1 (27 63) 1 (29 6) 1 (29 19) 1 (29 25) 1 (30 18) 1 (31 7) 1 (31 82) 1 (32 16) 1 (32 54) 1 (33 26) 1 (34 30) 1 (35 47) 1 (35 55) 1 (35 81) 1 (37 38) 1 (37 45) 1 (38 64) 1 (38 77) 1 (39 15) 1 (39 46) 1 (41 10) 1 (42 3) 1 (42 13) 1 (42 31) 1 (42 41) 1 (42 74) 1 (42 79) 1 (43 54) 1 (44 10) 1 (45 5) 1 (46 11) 1 (46 17) 1 (46 62) 1 (47 50) 1 (48 60) 1 (48 61) 1 (49 17) 1 (50 55) 1 (50 72) 1 (51 54) 1 (52 47) 1 (53 15) 1 (53 36) 1 (55 40) 1 (55 52) 1 (55 62) 1 (57 20) 1 (59 10) 1 (59 82) 1 ]

EmployeeWantedViolationCost: [ (1 3) 5000 (1 6) 9000 (1 17) 11000 (1 52) 8000 (4 72) 7000 (4 81) 7000 (5 28) 11000 (5 49) 13000 (6 10) 11000 (6 39) 11000 (6 59) 15000 (6 78) 13000 (7 28) 9000 (7 70) 6000 (8 21) 8000 (8 34) 15000 (8 42) 9000 (8 44) 8000 (9 5) 10000 (10 19) 10000 (12 55) 15000 (12 75) 14000 (13 16) 12000 (13 46) 9000 (14 4) 14000 (14 23) 9000 (14 40) 13000 (16 9) 8000 (16 22) 13000 (17 35) 5000 (17 38) 8000 (19 19) 8000 (19 23) 6000 (19 37) 12000 (20 52) 9000 (20 74) 15000 (21 10) 9000 (21 68) 13000 (21 73) 15000 (22 16) 9000 (22 33) 8000 (22 39) 8000 (23 55) 9000 (23 79) 12000 (24 4) 8000 (25 36) 11000 (26 11) 9000 (26 47) 10000 (26 82) 15000 (27 16) 15000 (27 63) 12000 (29 6) 15000 (29 19) 15000 (29 25) 13000 (30 18) 7000 (31 7) 10000 (31 82) 7000 (32 16) 12000 (32 54) 12000 (33 26) 10000 (34 30) 13000 (35 47) 12000 (35 55) 13000 (35 81) 13000 (37 38) 7000 (37 45) 6000 (38 64) 9000 (38 77) 14000 (39 15) 12000 (39 46) 6000 (41 10) 11000 (42 3) 12000 (42 13) 5000 (42 31) 15000 (42 41) 10000 (42 74) 13000 (42 79) 11000 (43 54) 5000 (44 10) 11000 (45 5) 10000 (46 11) 5000 (46 17) 11000 (46 62) 11000 (47 50) 14000 (48 60) 11000 (48 61) 15000 (49 17) 14000 (50 55) 9000 (50 72) 12000 (51 54) 14000 (52 47) 12000 (53 15) 8000 (53 36) 12000 (55 40) 7000 (55 52) 11000 (55 62) 8000 (57 20) 14000 (59 10) 13000 (59 82) 13000 ]

EmployeesThatShouldNotWorkTogetherWithEmployee: [
[ 31 45 46 60 ]
[ 33 52 ]
[ ]
[ 13 35 ]
[ 32 ]
[ 20 59 ]
[ 53 ]
[ ]
[ ]
[ 35 40 ]
[ 19 27 ]
[ 48 ]
[ 49 ]
[ 21 26 32 ]
[ 56 ]
[ 39 46 ]
[ 58 ]
[ 41 44 ]
[ ]
[ ]
[ 39 50 ]
[ 32 46 ]
[ 44 ]
[ 58 ]
[ ]
[ ]
[ 53 57 ]
[ ]
[ 39 54 ]
[ 60 ]
[ ]
[ 60 ]
[ ]
[ ]
[ 38 ]
[ ]
[ ]
[ 40 46 52 58 ]
[ ]
[ ]
[ 54 57 ]
[ 60 ]
[ ]
[ 54 ]
[ ]
[ 59 ]
[ 55 ]
[ ]
[ 54 ]
[ ]
[ ]
[ ]
[ ]
[ 58 ]
[ ]
[ ]
[ ]
[ ]
[ ]
[ ]
]

ShouldNotWorkTogetherCost: [ (1 31) 396 (1 45) 297 (1 46) 198 (1 60) 297 (2 33) 297 (2 52) 297 (4 13) 198 (4 35) 297 (5 32) 198 (6 20) 396 (6 59) 396 (7 53) 198 (10 35) 396 (10 40) 99 (11 19) 198 (11 27) 99 (12 48) 99 (13 49) 396 (14 21) 99 (14 26) 396 (14 32) 198 (15 56) 198 (16 39) 99 (16 46) 99 (17 58) 396 (18 41) 297 (18 44) 198 (21 39) 198 (21 50) 297 (22 32) 198 (22 46) 297 (23 44) 396 (24 58) 396 (27 53) 297 (27 57) 99 (29 39) 297 (29 54) 297 (30 60) 99 (32 60) 297 (35 38) 198 (38 40) 198 (38 46) 198 (38 52) 99 (38 58) 297 (41 54) 99 (41 57) 198 (42 60) 297 (44 54) 396 (46 59) 198 (47 55) 297 (49 54) 99 (54 58) 198 ]

ImmediatePredecessorsToActivity: [
[ ]
[ 1 ]
[ 1 ]
[ 1 ]
[ 3 ]
[ 5 ]
[ 1 ]
[ 2 4 6 ]
[ 1 ]
[ 3 4 ]
[ 5 9 10 ]
[ 1 ]
[ 2 5 ]
[ 3 ]
[ 1 ]
[ 1 ]
[ 2 10 15 ]
[ 7 ]
[ 18 ]
[ 1 ]
[ 10 16 ]
[ 3 4 9 12 15 ]
[ 15 ]
[ ]
[ 24 ]
[ 24 ]
[ 24 ]
[ 25 ]
[ 26 ]
[ 25 ]
[ 30 ]
[ 25 ]
[ 26 32 ]
[ 25 ]
[ 26 32 ]
[ 27 31 33 ]
[ 33 ]
[ 28 29 33 35 ]
[ ]
[ 39 ]
[ 39 ]
[ 40 ]
[ 42 ]
[ 41 ]
[ 42 44 ]
[ 39 ]
[ 43 45 ]
[ 41 43 ]
[ 42 46 ]
[ 40 45 ]
[ 43 44 50 ]
[ 42 ]
[ 40 47 48 49 52 ]
[ ]
[ 54 ]
[ 54 ]
[ 54 ]
[ 55 ]
[ 57 ]
[ 57 ]
[ 56 58 ]
[ 55 61 ]
[ 60 61 ]
[ 60 62 ]
[ 57 ]
[ 58 ]
[ 56 ]
[ 59 61 ]
[ 54 ]
[ 61 69 ]
[ 58 ]
[ 58 65 69 ]
[ ]
[ 73 ]
[ 74 ]
[ 75 ]
[ 73 ]
[ 74 77 ]
[ 73 ]
[ 75 ]
[ 76 ]
[ 77 ]
[ 76 78 ]
[ 80 ]
[ 77 ]
[ 78 79 ]
[ 85 86 ]
[ 78 ]
[ 75 79 84 85 88 ]
[ 78 79 80 82 ]
[ 79 ]
[ 73 ]
[ 86 ]
[ 89 ]
[ 77 88 91 ]
[ 74 82 ]
[ ]
[ 97 ]
[ 97 ]
[ 97 ]
[ 97 ]
[ 98 ]
[ 97 ]
[ 97 ]
[ 99 102 ]
[ 98 100 ]
[ 98 100 ]
[ 98 101 ]
[ 105 ]
[ 98 100 105 ]
[ 97 ]
[ 101 ]
[ 99 100 102 ]
[ 98 99 ]
[ 98 112 ]
[ 109 111 112 ]
[ 98 100 109 112 ]
[ ]
[ 118 ]
[ 118 ]
[ 118 ]
[ 118 ]
[ 120 ]
[ 121 122 ]
[ 120 ]
[ 118 ]
[ 118 ]
[ 119 122 ]
[ 123 126 ]
[ 124 128 129 ]
[ 122 ]
[ 119 120 ]
[ 124 127 ]
[ 119 126 ]
[ 121 126 ]
[ 120 129 133 ]
[ 118 ]
[ 118 ]
[ 127 131 134 ]
[ 120 133 135 139 ]
[ 121 128 131 132 133 134 138 ]
[ ]
[ 142 ]
[ 142 ]
[ 143 ]
[ 144 ]
[ 146 ]
[ 146 ]
[ 147 ]
[ 144 ]
[ 142 ]
[ 145 146 ]
[ ]
[ 153 ]
[ 153 ]
[ 155 ]
[ 154 ]
[ 154 ]
[ 153 ]
[ 155 157 158 159 ]
[ 158 159 ]
[ 154 159 ]
[ 159 ]
[ 155 157 ]
[ 157 ]
[ 155 ]
[ 153 ]
[ ]
[ 168 ]
[ 168 ]
[ 168 ]
[ 170 171 ]
[ 168 ]
[ 169 171 ]
[ 168 ]
[ 170 171 173 ]
[ 169 172 ]
[ 172 ]
[ 168 ]
[ 172 173 179 ]
[ 170 171 ]
[ 179 ]
[ 173 178 181 ]
[ 170 173 174 179 ]
[ 169 ]
]

ActivitiesInProject: [
[ 1 2 3 4 5 6 7 8 9 10 11 12 13 14 15 16 17 18 19 20 21 22 23 ]
[ 24 25 26 27 28 29 30 31 32 33 34 35 36 37 38 ]
[ 39 40 41 42 43 44 45 46 47 48 49 50 51 52 53 ]
[ 54 55 56 57 58 59 60 61 62 63 64 65 66 67 68 69 70 71 72 ]
[ 73 74 75 76 77 78 79 80 81 82 83 84 85 86 87 88 89 90 91 92 93 94 95 96 ]
[ 97 98 99 100 101 102 103 104 105 106 107 108 109 110 111 112 113 114 115 116 117 ]
[ 118 119 120 121 122 123 124 125 126 127 128 129 130 131 132 133 134 135 136 137 138 139 140 141 ]
[ 142 143 144 145 146 147 148 149 150 151 152 ]
[ 153 154 155 156 157 158 159 160 161 162 163 164 165 166 167 ]
[ 168 169 170 171 172 173 174 175 176 177 178 179 180 181 182 183 184 185 ]
]

nActivityModes: [ 2 2 2 2 2 2 2 2 2 2 2 2 2 2 2 2 2 2 2 2 2 2 2 2 2 2 2 2 2 2 2 2 2 2 2 2 2 2 2 2 2 2 2 2 2 2 2 2 2 2 2 2 2 2 2 2 2 2 2 2 2 2 2 2 2 2 2 2 2 2 2 2 2 2 2 2 2 2 2 2 2 2 2 2 2 2 2 2 2 2 2 2 2 2 2 2 2 2 2 2 2 2 2 2 2 2 2 2 2 2 2 2 2 2 2 2 2 2 2 2 2 2 2 2 2 2 2 2 2 2 2 2 2 2 2 2 2 2 2 2 2 2 2 2 2 2 2 2 2 2 2 2 2 2 2 2 2 2 2 2 2 2 2 2 2 2 2 2 2 2 2 2 2 2 2 2 2 2 2 2 2 2 2 2 2 ]

ActivityDurationWithMode: [
1	1	
39	26	
11	8	
14	10	
28	19	
6	4	
18	12	
9	6	
40	27	
17	12	
8	6	
42	28	
11	8	
39	26	
12	8	
17	12	
6	4	
9	6	
27	18	
22	15	
17	12	
8	6	
6	4	
1	1	
8	6	
6	4	
11	8	
6	4	
5	4	
18	12	
4	3	
6	4	
8	6	
7	5	
5	4	
4	3	
6	4	
5	4	
1	1	
8	6	
5	4	
5	4	
13	9	
7	5	
10	7	
8	6	
8	6	
8	6	
20	14	
13	9	
5	4	
20	14	
6	4	
1	1	
16	11	
6	4	
23	16	
6	4	
6	4	
9	6	
6	4	
6	4	
10	7	
10	7	
6	4	
21	14	
8	6	
6	4	
6	4	
6	4	
17	12	
5	4	
1	1	
7	5	
8	6	
30	20	
7	5	
12	8	
18	12	
7	5	
7	5	
10	7	
8	6	
13	9	
17	12	
7	5	
17	12	
10	7	
14	10	
14	10	
24	16	
24	16	
6	4	
6	4	
15	10	
13	9	
1	1	
7	5	
7	5	
9	6	
16	11	
9	6	
55	37	
57	38	
14	10	
45	30	
11	8	
8	6	
8	6	
7	5	
6	4	
23	16	
37	25	
44	30	
7	5	
8	6	
12	8	
1	1	
10	7	
6	4	
13	9	
8	6	
13	9	
8	6	
36	24	
17	12	
8	6	
15	10	
13	9	
23	16	
12	8	
18	12	
14	10	
9	6	
13	9	
16	11	
24	16	
42	28	
7	5	
8	6	
6	4	
1	1	
3	2	
5	4	
5	4	
5	4	
5	4	
5	4	
3	2	
3	2	
13	9	
3	2	
1	1	
16	11	
24	16	
8	6	
5	4	
6	4	
7	5	
5	4	
9	6	
6	4	
13	9	
6	4	
6	4	
5	4	
13	9	
1	1	
8	6	
5	4	
15	10	
5	4	
13	9	
5	4	
28	19	
6	4	
14	10	
5	4	
31	21	
5	4	
8	6	
4	3	
9	6	
5	4	
5	4	
]

StintsInProject: [
[ 1 2 3 4 5 6 7 ]
[ 8 9 10 11 12 13 14 ]
[ 15 16 17 18 19 20 21 ]
[ 22 23 24 25 26 27 28 ]
[ 29 30 31 32 33 34 35 ]
[ 36 37 38 39 40 41 42 ]
[ 43 44 45 46 47 48 49 ]
[ 50 51 52 53 54 55 56 57 58 59 60 61 62 ]
[ 63 64 65 66 67 68 69 ]
[ 70 71 72 73 74 75 76 77 78 79 80 81 82 ]
]

WorkingStintsOnDay: [
[ 1 8 15 22 29 36 43 50 63 70 ]
[ 1 8 15 22 29 36 43 50 63 70 ]
[ 1 8 15 22 29 36 43 50 63 70 ]
[ 1 8 15 22 29 36 43 50 63 70 ]
[ 1 8 15 22 29 36 43 50 63 70 ]
[ 1 8 15 22 29 36 43 63 ]
[ 1 8 15 22 29 36 43 63 ]
[ 1 8 15 22 29 36 43 51 63 71 ]
[ 1 8 15 22 29 36 43 51 63 71 ]
[ 1 8 15 22 29 36 43 51 63 71 ]
[ 1 8 15 22 29 36 43 51 63 71 ]
[ 1 8 15 22 29 36 43 51 63 71 ]
[ 15 36 ]
[ 15 36 ]
[ 2 9 16 23 30 37 44 52 64 72 ]
[ 2 9 16 23 30 37 44 52 64 72 ]
[ 2 9 16 23 30 37 44 52 64 72 ]
[ 2 9 16 23 30 37 44 52 64 72 ]
[ 2 9 16 23 30 37 44 52 64 72 ]
[ 2 9 16 23 30 37 44 64 ]
[ 2 9 16 23 30 37 44 64 ]
[ 2 9 16 23 30 37 44 53 64 73 ]
[ 2 9 16 23 30 37 44 53 64 73 ]
[ 2 9 16 23 30 37 44 53 64 73 ]
[ 2 9 16 23 30 37 44 53 64 73 ]
[ 2 9 16 23 30 37 44 53 64 73 ]
[ 16 37 ]
[ 16 37 ]
[ 3 10 17 24 31 38 45 54 65 74 ]
[ 3 10 17 24 31 38 45 54 65 74 ]
[ 3 10 17 24 31 38 45 54 65 74 ]
[ 3 10 17 24 31 38 45 54 65 74 ]
[ 3 10 17 24 31 38 45 54 65 74 ]
[ 3 10 17 24 31 38 45 65 ]
[ 3 10 17 24 31 38 45 65 ]
[ 3 10 17 24 31 38 45 55 65 75 ]
[ 3 10 17 24 31 38 45 55 65 75 ]
[ 3 10 17 24 31 38 45 55 65 75 ]
[ 3 10 17 24 31 38 45 55 65 75 ]
[ 3 10 17 24 31 38 45 55 65 75 ]
[ 17 38 ]
[ 17 38 ]
[ 4 11 18 25 32 39 46 56 66 76 ]
[ 4 11 18 25 32 39 46 56 66 76 ]
[ 4 11 18 25 32 39 46 56 66 76 ]
[ 4 11 18 25 32 39 46 56 66 76 ]
[ 4 11 18 25 32 39 46 56 66 76 ]
[ 4 11 18 25 32 39 46 66 ]
[ 4 11 18 25 32 39 46 66 ]
[ 4 11 18 25 32 39 46 57 66 77 ]
[ 4 11 18 25 32 39 46 57 66 77 ]
[ 4 11 18 25 32 39 46 57 66 77 ]
[ 4 11 18 25 32 39 46 57 66 77 ]
[ 4 11 18 25 32 39 46 57 66 77 ]
[ 18 39 ]
[ 18 39 ]
[ 5 12 19 26 33 40 47 58 67 78 ]
[ 5 12 19 26 33 40 47 58 67 78 ]
[ 5 12 19 26 33 40 47 58 67 78 ]
[ 5 12 19 26 33 40 47 58 67 78 ]
[ 5 12 19 26 33 40 47 58 67 78 ]
[ 5 12 19 26 33 40 47 67 ]
[ 5 12 19 26 33 40 47 67 ]
[ 5 12 19 26 33 40 47 59 67 79 ]
[ 5 12 19 26 33 40 47 59 67 79 ]
[ 5 12 19 26 33 40 47 59 67 79 ]
[ 5 12 19 26 33 40 47 59 67 79 ]
[ 5 12 19 26 33 40 47 59 67 79 ]
[ 19 40 ]
[ 19 40 ]
[ 6 13 20 27 34 41 48 60 68 80 ]
[ 6 13 20 27 34 41 48 60 68 80 ]
[ 6 13 20 27 34 41 48 60 68 80 ]
[ 6 13 20 27 34 41 48 60 68 80 ]
[ 6 13 20 27 34 41 48 60 68 80 ]
[ 6 13 20 27 34 41 48 68 ]
[ 6 13 20 27 34 41 48 68 ]
[ 6 13 20 27 34 41 48 61 68 81 ]
[ 6 13 20 27 34 41 48 61 68 81 ]
[ 6 13 20 27 34 41 48 61 68 81 ]
[ 6 13 20 27 34 41 48 61 68 81 ]
[ 6 13 20 27 34 41 48 61 68 81 ]
[ 20 41 ]
[ 20 41 ]
[ 7 14 21 28 35 42 49 62 69 82 ]
[ 7 14 21 28 35 42 49 62 69 82 ]
[ 7 14 21 28 35 42 49 62 69 82 ]
[ 7 14 21 28 35 42 49 62 69 82 ]
[ 7 14 21 28 35 42 49 62 69 82 ]
[ 7 14 21 28 35 42 49 69 ]
]

ProjectStart: [ 23 7 29 15 12 27 21 21 12 7 ]

ProjectEnd: [ 89 48 71 67 80 85 90 51 52 58 ]

EarliestStartDayForActivity: [ 1 23 23 23 36 68 23 76 23 39 69 23 68 36 23 23 68 45 54 23 60 73 37 1 7 7 7 17 13 17 37 17 23 17 23 41 33 33 1 29 29 37 42 34 42 29 55 55 42 52 65 42 63 1 15 15 15 33 40 40 39 47 51 53 40 39 21 48 15 47 39 48 1 12 21 31 12 21 12 31 65 21 65 38 21 35 44 35 53 38 34 12 44 69 62 33 1 27 27 27 27 34 27 27 43 36 36 43 57 57 27 43 43 34 66 66 66 1 21 21 21 21 27 36 27 21 21 33 44 59 31 33 46 40 40 62 21 21 51 62 69 1 21 21 25 27 34 34 41 27 21 34 1 12 12 40 32 32 12 40 38 32 21 40 37 40 12 1 7 7 7 27 7 27 7 27 34 34 7 51 27 51 41 51 18 ]

LatestStartDayForActivity: [ 1 89 89 89 89 89 89 89 89 89 89 89 89 89 89 89 89 89 89 89 89 89 89 1 48 48 48 48 48 48 48 48 48 48 48 48 48 48 1 71 71 71 71 71 71 71 71 71 71 71 71 71 71 1 67 67 67 67 67 67 67 67 67 67 67 67 67 67 67 67 67 67 1 80 80 80 80 80 80 80 80 80 80 80 80 80 80 80 80 80 80 80 80 80 80 80 1 85 85 85 85 85 85 85 85 85 85 85 85 85 85 85 85 85 85 85 85 1 90 90 90 90 90 90 90 90 90 90 90 90 90 90 90 90 90 90 90 90 90 90 90 1 51 51 51 51 51 51 51 51 51 51 1 52 52 52 52 52 52 52 52 52 52 52 52 52 52 1 58 58 58 58 58 58 58 58 58 58 58 58 58 58 58 58 58 ]

EquipmentTypeDemandInActivityWithMode: [
0	1	
0	1	
0	1	
1	3	
0	1	
0	1	
0	1	
0	1	
0	1	
1	3	
0	1	
0	1	
0	1	
0	1	
0	1	
0	1	
0	1	
0	1	
0	1	
0	1	
0	1	
0	1	
0	1	
0	1	
0	1	
0	1	
0	1	
0	1	
0	1	
0	1	
1	3	
0	1	
1	3	
1	3	
0	1	
0	1	
0	1	
1	3	
0	1	
1	3	
0	1	
0	1	
0	1	
0	1	
0	1	
0	1	
0	1	
0	1	
1	3	
0	1	
0	1	
0	1	
1	3	
0	1	
0	1	
0	1	
0	1	
0	1	
0	1	
0	1	
0	1	
0	1	
0	1	
0	1	
0	1	
0	1	
1	3	
0	1	
1	3	
0	1	
1	3	
0	1	
0	1	
1	3	
1	3	
0	1	
0	1	
1	3	
2	4	
0	1	
1	3	
0	1	
0	1	
0	1	
0	1	
1	3	
0	1	
0	1	
1	3	
0	1	
0	1	
0	1	
1	3	
1	3	
1	3	
0	1	
0	1	
1	3	
0	1	
0	1	
0	1	
1	3	
2	4	
0	1	
0	1	
1	3	
0	1	
1	3	
1	3	
2	4	
1	3	
0	1	
0	1	
1	3	
0	1	
0	1	
0	1	
0	1	
0	1	
1	3	
1	3	
0	1	
0	1	
0	1	
1	3	
1	3	
0	1	
1	3	
1	3	
1	3	
0	1	
0	1	
0	1	
0	1	
0	1	
0	1	
0	1	
1	3	
0	1	
0	1	
0	1	
0	1	
0	1	
0	1	
0	1	
1	3	
2	4	
1	3	
0	1	
0	1	
0	1	
1	3	
0	1	
0	1	
0	1	
1	3	
0	1	
0	1	
0	1	
0	1	
1	3	
0	1	
1	3	
0	1	
0	1	
0	1	
0	1	
0	1	
1	3	
1	3	
0	1	
1	3	
0	1	
0	1	
0	1	
0	1	
0	1	
0	1	
0	1	
0	1	
1	3	
1	3	
0	1	
0	1	
1	3	

0	1	
1	3	
0	1	
1	3	
1	3	
1	3	
1	3	
1	3	
0	1	
1	3	
1	3	
1	3	
0	1	
1	3	
1	3	
1	3	
0	1	
0	1	
1	3	
0	1	
0	1	
0	1	
0	1	
0	1	
1	3	
0	1	
1	3	
1	3	
0	1	
0	1	
0	1	
0	1	
0	1	
0	1	
0	1	
1	3	
0	1	
0	1	
0	1	
1	3	
0	1	
0	1	
1	3	
0	1	
1	3	
0	1	
0	1	
2	4	
1	3	
0	1	
0	1	
1	3	
1	3	
0	1	
0	1	
0	1	
1	3	
0	1	
2	4	
0	1	
1	3	
0	1	
0	1	
0	1	
1	3	
0	1	
0	1	
0	1	
0	1	
0	1	
1	3	
0	1	
0	1	
1	3	
0	1	
0	1	
0	1	
1	3	
1	3	
1	3	
0	1	
1	3	
0	1	
0	1	
0	1	
1	3	
0	1	
0	1	
0	1	
0	1	
0	1	
2	4	
0	1	
1	3	
1	3	
0	1	
0	1	
0	1	
1	3	
1	3	
1	3	
0	1	
0	1	
1	3	
0	1	
0	1	
1	3	
0	1	
2	4	
1	3	
0	1	
0	1	
1	3	
0	1	
0	1	
0	1	
0	1	
0	1	
0	1	
0	1	
0	1	
0	1	
1	3	
0	1	
0	1	
1	3	
0	1	
2	4	
0	1	
1	3	
1	3	
1	3	
0	1	
1	3	
1	3	
0	1	
1	3	
0	1	
1	3	
1	3	
0	1	
0	1	
1	3	
2	4	
0	1	
1	3	
0	1	
1	3	
1	3	
1	3	
0	1	
1	3	
0	1	
1	3	
1	3	
1	3	
0	1	
0	1	
2	4	
0	1	
0	1	
0	1	
0	1	
0	1	
1	3	
1	3	
0	1	
0	1	
0	1	
1	3	
1	3	
0	1	
2	4	
1	3	
1	3	
1	3	
0	1	
0	1	
0	1	
0	1	
1	3	
1	3	
1	3	
1	3	
0	1	

0	1	
0	1	
0	1	
0	1	
2	4	
1	3	
1	3	
0	1	
0	1	
0	1	
0	1	
0	1	
1	3	
1	3	
1	3	
0	1	
0	1	
0	1	
1	3	
0	1	
1	3	
0	1	
1	3	
0	1	
0	1	
0	1	
1	3	
1	3	
0	1	
1	3	
0	1	
0	1	
1	3	
1	3	
0	1	
1	3	
0	1	
2	4	
0	1	
0	1	
0	1	
0	1	
1	3	
0	1	
1	3	
0	1	
0	1	
0	1	
1	3	
1	3	
0	1	
1	3	
0	1	
0	1	
0	1	
0	1	
0	1	
1	3	
0	1	
0	1	
0	1	
0	1	
1	3	
1	3	
0	1	
1	3	
1	3	
1	3	
0	1	
0	1	
0	1	
0	1	
0	1	
0	1	
0	1	
0	1	
0	1	
1	3	
1	3	
0	1	
0	1	
0	1	
0	1	
0	1	
2	4	
0	1	
0	1	
0	1	
0	1	
0	1	
1	3	
0	1	
1	3	
1	3	
1	3	
1	3	
0	1	
0	1	
1	3	
0	1	
0	1	
0	1	
0	1	
0	1	
0	1	
0	1	
0	1	
0	1	
0	1	
1	3	
1	3	
0	1	
0	1	
0	1	
1	3	
1	3	
0	1	
0	1	
0	1	
1	3	
0	1	
1	3	
0	1	
1	3	
0	1	
1	3	
1	3	
1	3	
1	3	
1	3	
0	1	
1	3	
1	3	
0	1	
0	1	
0	1	
0	1	
0	1	
0	1	
1	3	
0	1	
0	1	
1	3	
1	3	
1	3	
0	1	
1	3	
0	1	
1	3	
0	1	
1	3	
1	3	
0	1	
1	3	
1	3	
0	1	
0	1	
1	3	
0	1	
1	3	
0	1	
0	1	
0	1	
0	1	
0	1	
0	1	
0	1	
0	1	
1	3	
0	1	
0	1	
0	1	
0	1	
0	1	
0	1	
0	1	
0	1	
0	1	
0	1	
0	1	
1	3	
0	1	
0	1	
0	1	
0	1	

0	1	
2	4	
1	3	
0	1	
0	1	
0	1	
2	4	
0	1	
0	1	
0	1	
0	1	
0	1	
1	3	
0	1	
0	1	
0	1	
0	1	
0	1	
0	1	
1	3	
1	3	
0	1	
0	1	
0	1	
0	1	
0	1	
0	1	
1	3	
1	3	
0	1	
2	4	
0	1	
1	3	
1	3	
1	3	
1	3	
0	1	
1	3	
0	1	
1	3	
0	1	
1	3	
1	3	
0	1	
0	1	
0	1	
0	1	
0	1	
0	1	
0	1	
0	1	
1	3	
2	4	
0	1	
0	1	
0	1	
0	1	
0	1	
1	3	
1	3	
0	1	
1	3	
0	1	
1	3	
1	3	
1	3	
0	1	
2	4	
0	1	
0	1	
0	1	
1	3	
0	1	
1	3	
0	1	
0	1	
0	1	
1	3	
1	3	
1	3	
1	3	
1	3	
0	1	
0	1	
1	3	
0	1	
0	1	
0	1	
1	3	
1	3	
0	1	
0	1	
1	3	
1	3	
0	1	
0	1	
0	1	
0	1	
0	1	
1	3	
2	4	
0	1	
0	1	
1	3	
1	3	
0	1	
0	1	
2	4	
0	1	
0	1	
0	1	
0	1	
1	3	
0	1	
1	3	
1	3	
0	1	
0	1	
1	3	
0	1	
0	1	
0	1	
0	1	
0	1	
0	1	
1	3	
1	3	
0	1	
1	3	
2	4	
0	1	
0	1	
0	1	
1	3	
0	1	
0	1	
0	1	
1	3	
1	3	
0	1	
0	1	
0	1	
0	1	
0	1	
0	1	
1	3	
0	1	
1	3	
0	1	
0	1	
0	1	
0	1	
0	1	
1	3	
0	1	
3	6	
0	1	
1	3	
0	1	
0	1	
0	1	
2	4	
0	1	
0	1	
1	3	
1	3	
1	3	
0	1	
1	3	
0	1	
0	1	
0	1	
0	1	
0	1	
0	1	
0	1	
0	1	
0	1	
0	1	
1	3	
0	1	
0	1	
0	1	
1	3	
1	3	

0	1	
0	1	
1	3	
1	3	
2	4	
0	1	
1	3	
0	1	
0	1	
1	3	
0	1	
0	1	
1	3	
0	1	
0	1	
0	1	
0	1	
0	1	
1	3	
0	1	
0	1	
1	3	
0	1	
0	1	
1	3	
1	3	
0	1	
0	1	
0	1	
1	3	
0	1	
0	1	
0	1	
0	1	
2	4	
0	1	
0	1	
0	1	
0	1	
0	1	
0	1	
0	1	
0	1	
0	1	
0	1	
0	1	
0	1	
0	1	
1	3	
1	3	
0	1	
0	1	
1	3	
0	1	
0	1	
0	1	
2	4	
0	1	
0	1	
0	1	
1	3	
1	3	
0	1	
0	1	
0	1	
1	3	
0	1	
0	1	
1	3	
0	1	
1	3	
0	1	
0	1	
0	1	
0	1	
0	1	
1	3	
1	3	
0	1	
0	1	
0	1	
0	1	
0	1	
1	3	
0	1	
0	1	
0	1	
1	3	
1	3	
0	1	
1	3	
0	1	
0	1	
0	1	
0	1	
1	3	
0	1	
1	3	
0	1	
0	1	
0	1	
0	1	
0	1	
0	1	
0	1	
1	3	
0	1	
0	1	
0	1	
1	3	
1	3	
1	3	
0	1	
0	1	
1	3	
2	4	
0	1	
0	1	
0	1	
0	1	
0	1	
0	1	
1	3	
0	1	
0	1	
0	1	
1	3	
0	1	
1	3	
0	1	
1	3	
0	1	
0	1	
0	1	
0	1	
0	1	
0	1	
0	1	
0	1	
0	1	
1	3	
0	1	
1	3	
0	1	
1	3	
0	1	
0	1	
0	1	
1	3	
1	3	
1	3	
0	1	
0	1	
0	1	
0	1	
0	1	
0	1	
0	1	
2	4	
0	1	
0	1	
0	1	
1	3	
0	1	
1	3	
0	1	
0	1	
0	1	
0	1	
1	3	
0	1	
1	3	
0	1	
0	1	
0	1	
0	1	
2	4	
2	4	
0	1	
0	1	
2	4	
0	1	
0	1	
0	1	
2	4	

0	1	
0	1	
0	1	
1	3	
1	3	
2	4	
0	1	
0	1	
1	3	
0	1	
1	3	
0	1	
1	3	
1	3	
0	1	
1	3	
1	3	
0	1	
1	3	
0	1	
2	4	
0	1	
1	3	
0	1	
1	3	
0	1	
0	1	
1	3	
1	3	
0	1	
0	1	
1	3	
1	3	
0	1	
1	3	
1	3	
1	3	
1	3	
0	1	
1	3	
0	1	
2	4	
1	3	
0	1	
0	1	
2	4	
1	3	
0	1	
0	1	
0	1	
0	1	
0	1	
1	3	
0	1	
0	1	
0	1	
0	1	
1	3	
0	1	
0	1	
1	3	
1	3	
0	1	
0	1	
1	3	
0	1	
1	3	
0	1	
1	3	
0	1	
0	1	
1	3	
0	1	
0	1	
0	1	
0	1	
1	3	
0	1	
0	1	
0	1	
0	1	
0	1	
0	1	
0	1	
0	1	
0	1	
0	1	
1	3	
0	1	
2	4	
1	3	
0	1	
0	1	
0	1	
0	1	
1	3	
0	1	
0	1	
0	1	
1	3	
2	4	
0	1	
1	3	
0	1	
0	1	
0	1	
1	3	
0	1	
1	3	
0	1	
1	3	
0	1	
0	1	
0	1	
1	3	
1	3	
0	1	
0	1	
0	1	
1	3	
1	3	
0	1	
0	1	
1	3	
1	3	
0	1	
0	1	
2	4	
0	1	
1	3	
0	1	
2	4	
0	1	
1	3	
1	3	
0	1	
1	3	
0	1	
1	3	
1	3	
0	1	
0	1	
0	1	
0	1	
0	1	
1	3	
0	1	
1	3	
0	1	
2	4	
0	1	
0	1	
0	1	
0	1	
0	1	
0	1	
2	4	
0	1	
0	1	
0	1	
0	1	
1	3	
0	1	
0	1	
1	3	
0	1	
0	1	
0	1	
0	1	
0	1	
0	1	
1	3	
0	1	
0	1	
0	1	
0	1	
3	6	
0	1	
0	1	
0	1	
1	3	
1	3	
2	4	
1	3	
0	1	

]

ExternalEquipmentRentingCost: [
3294	3487	3707	1531	5534	2547	3405	4879	2346	4079	5629	4620	4130	2298	2102	5567	5676	5020	5224	2757	5442	4468	3085	2412	5047	3104	3568	2902	3873	3116	1014	1214	3217	1066	1438	4954	3237	5750	5268	3017	2567	5316	3354	3560	3478	3383	3121	1687	1137	3619	3828	2324	1273	4114	4145	1610	3663	3311	5846	5119	2713	5562	2323	3648	4859	5618	1681	1593	1470	4406	5883	3410	5811	2026	2994	3130	3496	5488	4231	3483	3229	2391	2643	4725	1653	4853	1193	4443	1643	3566	4473	3279	5628	2627	3892	1491	1537	1559	1025	1998	1973	5703	4678	3632	4529	4294	2318	5616	1483	4735	3758	2429	1682	2446	2286	3620	5177	4500	4761	1116	2719	1484	2431	4890	5806	3641	2041	5105	5541	1417	4656	5659	2217	2677	3938	3880	1307	2573	5621	1811	3198	5192	2085	4525	3649	1799	5912	5544	2472	5570	3854	3499	3864	2959	1753	2887	5591	5105	2184	2502	1756	3245	2800	4152	1106	1669	2150	2911	3925	5151	3801	3566	4461	4523	1365	5033	2401	5682	3343	5918	1081	3746	4816	1723	2972	
1966	4739	3733	5763	2314	1964	5663	1354	1575	2640	4940	3755	5247	1274	2664	5492	5987	4087	3220	1176	3105	1149	3941	1264	2485	1280	5699	4077	5308	3353	3584	1346	5228	1021	2352	4627	5718	2305	2544	4876	3322	4336	1485	1057	5959	4686	2338	5084	2335	2348	2805	3243	1996	2722	1403	1665	3777	5401	3115	2731	4798	3599	2033	2935	1597	1668	4563	4529	4023	3122	2121	2427	1178	3577	2907	4721	5366	2832	4638	5064	2278	4833	4641	3069	3388	1128	4909	2236	3593	4296	1104	5646	5499	5737	3645	4895	2680	1747	2097	2954	2612	4433	4408	3915	2999	5388	4115	1803	3373	3452	1185	4531	3376	3193	4007	2432	3210	3449	2651	2557	3765	4296	3482	4496	1655	5598	3274	3012	3945	1553	3393	3082	4637	3248	1315	4140	4118	2398	5607	3082	2654	5663	3722	1708	5395	5412	3256	4389	4633	3513	5008	4204	5704	2807	1361	1146	3256	1658	4789	4039	3341	4356	2111	3637	3612	4700	1703	2609	1956	3688	1922	1706	4548	1494	3252	4625	1570	1791	1607	3058	1186	4453	1685	1814	4287	
4504	1051	3599	1599	5729	1534	3564	2797	3894	4827	5924	1057	1587	3400	4889	5807	4645	2251	3979	2464	1799	4131	2243	2067	3176	2962	4458	3671	1276	1244	4960	4221	4393	2319	5959	2651	5955	3574	4994	2796	3041	1524	3060	5063	4340	2171	5755	5883	2738	5105	3149	4037	1526	4882	3305	5310	1925	2266	1836	1020	5676	4517	3092	2822	3364	3151	3305	3785	2549	1154	4969	4514	4537	5453	1796	5177	1010	2961	5855	5548	2311	1312	1790	5455	4925	3165	2669	4040	4138	1949	3661	2703	2564	2556	1479	1956	1204	3454	5935	5988	1650	3196	4747	1563	1266	1853	1466	2861	5653	5337	5577	4652	5765	2431	5792	1086	2641	2936	3095	2041	1450	3514	2971	3432	1292	5967	1620	5997	1534	1995	5016	5015	5422	2915	3917	3498	5947	1695	4874	3657	4020	3880	2485	3792	4254	4753	5585	4307	3544	5435	1461	5571	2391	3787	4760	1481	5715	4888	2672	1333	1825	4025	2090	3321	5051	2242	2669	4469	1501	2841	2397	3773	3312	2643	5966	4944	3426	3688	3865	4733	4462	2465	2022	5149	3938	
4465	2500	3052	3219	1043	2418	4564	1234	5447	3968	4151	2074	3616	1415	3464	1449	3682	5187	4266	5947	4532	5662	1029	2116	1606	3517	1042	3687	1695	4407	5291	3620	4498	4868	4372	2284	5217	3561	4074	4404	3559	3817	5956	3771	5211	3550	4589	4299	1994	4326	3739	3910	2235	1624	1398	3140	2358	1371	5445	4014	3750	4983	1953	5345	2678	4852	2333	1294	4835	4734	5997	3984	2287	4982	5634	3292	2405	4678	1179	4372	2811	3866	3517	2993	2037	4512	5437	4681	1234	5492	2562	4592	2107	5052	3131	1316	2420	3543	5530	1547	3603	4417	3885	1126	3315	2525	4180	1698	1593	4100	5980	3113	2060	5020	1162	1423	3673	3327	2562	1738	2917	2180	4844	4198	3763	2340	3272	3182	3587	1192	1658	2621	1462	3489	1686	5313	1973	1025	2566	3030	3161	2045	5101	4988	5078	1938	3514	5780	1929	1679	4739	2708	4146	3307	5483	2983	5843	2710	2461	5723	2170	5462	2746	2815	2454	5622	5690	3441	1691	5700	3323	1690	1292	3661	1559	1113	4911	5264	3302	5549	3477	3414	1224	3425	3180	
4189	3928	4958	5428	4617	3657	4198	2615	1778	3261	5070	5258	5201	2141	4967	2626	2155	3301	1370	4950	3276	2635	4751	3022	2840	3209	3864	5283	2179	5747	2668	4929	3884	4687	5773	1689	3799	4851	4265	3032	3746	5276	4009	2957	4813	1393	4022	5302	1929	5309	1602	1133	4928	2055	1067	4277	1095	2677	3851	2314	3362	1836	4018	3484	4481	3068	2363	2606	1481	4113	4052	3008	1947	3410	3418	4157	2588	1632	5659	5281	2716	4869	4610	1069	3785	2526	5524	2736	5053	2493	5872	4069	4122	1819	5829	1981	4889	5142	3965	5141	3243	4658	3339	3018	4642	3151	5827	5315	4531	2849	4403	4838	1922	2250	5514	1889	1096	3883	5336	2491	1010	4534	1386	4601	1221	3097	1689	1021	4692	3736	4203	2906	5086	5133	1339	3452	5222	5209	3078	4350	5878	3730	2697	2509	5629	2458	2101	5239	5055	2377	5513	2405	2212	3152	1337	2193	1162	1407	3884	4774	2536	4473	3944	5411	3661	5218	2686	1110	3340	3569	3983	1575	5852	3449	2291	1498	2003	3085	5678	5905	4862	1563	1610	5202	1557	
2455	1923	2302	1922	1847	2886	4997	5988	5880	5650	4284	1890	5977	5658	4558	4115	3738	2222	4902	4926	5754	2723	1384	5557	4649	1361	5403	5281	4536	1678	5766	4722	5553	5644	1163	3919	2785	1917	2394	3158	5035	4897	2492	2751	4746	4514	5928	5709	5442	2415	3286	1608	5839	4099	4048	1324	3940	5995	5702	5268	3217	4148	3827	4590	3706	4001	2888	1447	5499	4121	1562	5186	4367	1159	4505	3502	2612	4502	2334	5907	1898	4427	5660	2632	3761	2979	5418	1960	4778	4552	3922	3885	2583	5906	4293	5285	4441	1617	3510	4751	5244	4703	4879	1189	5504	1733	5574	3201	1877	3407	3569	4829	1485	3275	5876	4901	5344	2219	2768	4479	4983	1865	3622	4206	4958	4621	2566	5842	2655	3045	2042	5070	5692	4095	2639	3057	3743	3236	4282	1290	5889	2337	2209	4360	3905	4802	3997	5387	5121	3714	2379	1102	2064	5718	2638	3125	2345	1882	4281	5433	5962	4631	3496	5136	2244	1972	2465	5930	1289	3770	2239	2518	5087	1391	5677	5557	2603	1609	2361	5491	3980	3904	4540	1363	5244	
]

EquipmentTypeTransportationCost: [
1	3309	3509	3104	3779	3134	2648	3776	3055	3321	
3309	1	2868	2856	3322	2741	3403	3343	2795	1000	
3509	2868	1	3115	3113	3140	3555	3147	3168	2872	
3104	2856	3115	1	3469	2720	3273	3507	2639	2897	
3779	3322	3113	3469	1	3488	3860	1000	3523	3336	
3134	2741	3140	2720	3488	1	3236	3514	2286	2724	
2648	3403	3555	3273	3860	3236	1	3802	3190	3415	
3776	3343	3147	3507	1000	3514	3802	1	3581	3348	
3055	2795	3168	2639	3523	2286	3190	3581	1	2813	
3321	1000	2872	2897	3336	2724	3415	3348	2813	1	

1	4209	4431	3947	4726	3920	3295	4739	3849	4189	
4209	1	3552	3572	4180	3338	4292	4281	3415	1000	
4431	3552	1	3932	3883	3941	4541	3863	3896	3571	
3947	3572	3932	1	4490	3389	4131	4446	3199	3597	
4726	4180	3883	4490	1	4446	4825	1000	4438	4258	
3920	3338	3941	3389	4446	1	4065	4442	2776	3391	
3295	4292	4541	4131	4825	4065	1	4877	3968	4328	
4739	4281	3863	4446	1000	4442	4877	1	4502	4213	
3849	3415	3896	3199	4438	2776	3968	4502	1	3460	
4189	1000	3571	3597	4258	3391	4328	4213	3460	1	

1	3776	3901	3497	4236	3445	2900	4235	3377	3760	
3776	1	3139	3167	3704	2962	3790	3767	3038	1000	
3901	3139	1	3527	3428	3459	3963	3392	3534	3153	
3497	3167	3527	1	3901	3012	3662	3979	2878	3188	
4236	3704	3428	3901	1	3921	4282	1000	3909	3757	
3445	2962	3459	3012	3921	1	3587	3984	2519	2992	
2900	3790	3963	3662	4282	3587	1	4367	3577	3782	
4235	3767	3392	3979	1000	3984	4367	1	3925	3799	
3377	3038	3534	2878	3909	2519	3577	3925	1	3129	
3760	1000	3153	3188	3757	2992	3782	3799	3129	1	

1	4363	4653	4035	4979	3988	3448	5010	4000	4266	
4363	1	3647	3680	4424	3449	4435	4447	3591	1000	
4653	3647	1	4090	4018	4073	4735	3983	4095	3634	
4035	3680	4090	1	4627	3503	4285	4654	3311	3702	
4979	4424	4018	4627	1	4632	5146	1000	4585	4384	
3988	3449	4073	3503	4632	1	4209	4586	2837	3480	
3448	4435	4735	4285	5146	4209	1	5064	4168	4494	
5010	4447	3983	4654	1000	4586	5064	1	4613	4359	
4000	3591	4095	3311	4585	2837	4168	4613	1	3499	
4266	1000	3634	3702	4384	3480	4494	4359	3499	1	

1	4218	4663	4074	4984	4032	3383	4837	3927	4288	
4218	1	3649	3645	4409	3425	4400	4272	3581	1000	
4663	3649	1	4043	3991	3991	4739	4074	4017	3629	
4074	3645	4043	1	4609	3449	4166	4549	3314	3633	
4984	4409	3991	4609	1	4709	5072	1000	4652	4343	
4032	3425	3991	3449	4709	1	4133	4604	2836	3486	
3383	4400	4739	4166	5072	4133	1	5053	4190	4426	
4837	4272	4074	4549	1000	4604	5053	1	4701	4316	
3927	3581	4017	3314	4652	2836	4190	4701	1	3499	
4288	1000	3629	3633	4343	3486	4426	4316	3499	1	

1	4470	4626	4141	5105	4141	3489	5094	4051	4379	
4470	1	3742	3771	4449	3567	4574	4542	3662	1000	
4626	3742	1	4124	4143	4171	4818	4178	4197	3707	
4141	3771	4124	1	4743	3577	4405	4723	3342	3771	
5105	4449	4143	4743	1	4678	5237	1000	4726	4467	
4141	3567	4171	3577	4678	1	4375	4768	2918	3556	
3489	4574	4818	4405	5237	4375	1	5201	4294	4635	
5094	4542	4178	4723	1000	4768	5201	1	4740	4440	
4051	3662	4197	3342	4726	2918	4294	4740	1	3655	
4379	1000	3707	3771	4467	3556	4635	4440	3655	1	

]

TransportationTimeForEquipmentTypeBetweenProjects: [
1	3	3	1	4	1	1	4	1	3	
3	1	1	1	3	1	3	3	1	1	
3	1	1	1	1	1	4	1	1	1	
1	1	1	1	3	1	3	3	1	1	
4	3	1	3	1	3	4	1	3	3	
1	1	1	1	3	1	3	3	1	1	
1	3	4	3	4	3	1	4	3	3	
4	3	1	3	1	3	4	1	3	3	
1	1	1	1	3	1	3	3	1	1	
3	1	1	1	3	1	3	3	1	1	

1	3	3	1	5	1	1	5	1	3	
3	1	1	1	3	1	3	3	1	1	
3	1	1	1	1	1	5	1	1	1	
1	1	1	1	3	1	3	3	1	1	
5	3	1	3	1	3	5	1	3	3	
1	1	1	1	3	1	3	3	1	1	
1	3	5	3	5	3	1	5	3	3	
5	3	1	3	1	3	5	1	3	3	
1	1	1	1	3	1	3	3	1	1	
3	1	1	1	3	1	3	3	1	1	

1	3	3	1	4	1	1	4	1	3	
3	1	1	1	3	1	3	3	1	1	
3	1	1	1	1	1	4	1	1	1	
1	1	1	1	3	1	3	3	1	1	
4	3	1	3	1	3	4	1	3	3	
1	1	1	1	3	1	3	3	1	1	
1	3	4	3	4	3	1	4	3	3	
4	3	1	3	1	3	4	1	3	3	
1	1	1	1	3	1	3	3	1	1	
3	1	1	1	3	1	3	3	1	1	

1	3	3	1	6	1	1	6	1	3	
3	1	1	1	3	1	3	3	1	1	
3	1	1	1	1	1	6	1	1	1	
1	1	1	1	3	1	3	3	1	1	
6	3	1	3	1	3	6	1	3	3	
1	1	1	1	3	1	3	3	1	1	
1	3	6	3	6	3	1	6	3	3	
6	3	1	3	1	3	6	1	3	3	
1	1	1	1	3	1	3	3	1	1	
3	1	1	1	3	1	3	3	1	1	

1	3	3	1	5	1	1	5	1	3	
3	1	1	1	3	1	3	3	1	1	
3	1	1	1	1	1	5	1	1	1	
1	1	1	1	3	1	3	3	1	1	
5	3	1	3	1	3	5	1	3	3	
1	1	1	1	3	1	3	3	1	1	
1	3	5	3	5	3	1	5	3	3	
5	3	1	3	1	3	5	1	3	3	
1	1	1	1	3	1	3	3	1	1	
3	1	1	1	3	1	3	3	1	1	

1	3	3	1	5	1	1	5	1	3	
3	1	1	1	3	1	3	3	1	1	
3	1	1	1	1	1	5	1	1	1	
1	1	1	1	3	1	3	3	1	1	
5	3	1	3	1	3	5	1	3	3	
1	1	1	1	3	1	3	3	1	1	
1	3	5	3	5	3	1	5	3	3	
5	3	1	3	1	3	5	1	3	3	
1	1	1	1	3	1	3	3	1	1	
3	1	1	1	3	1	3	3	1	1	

]

TotalNumberOfInitialEquipmentTypeLocation: [
(1 1) 1 (1 118) 2 (1 142) 1 (1 153) 1 
(2 1) 1 (2 24) 3 (2 39) 1 (2 54) 1 (2 73) 1 (2 97) 1 
(3 1) 1 (3 24) 1 (3 39) 1 (3 73) 1 (3 142) 1 
(4 1) 2 (4 24) 1 (4 39) 2 (4 73) 1 (4 168) 2 
(5 54) 2 (5 73) 1 (5 142) 1 (5 168) 1 
(6 24) 2 (6 54) 1 (6 73) 1 (6 97) 1 (6 142) 2 (6 153) 2 
]

DepotActivities: [ 1 24 39 54 73 97 118 142 153 168 ]

MaximalStintCliques: [
[ 4 11 18 25 32 39 46 66 33 67 5 40 12 78 26 58 19 47 ]
[ 4 11 18 25 32 39 46 66 17 38 65 3 10 76 45 56 31 24 ]
[ 4 11 18 25 32 39 46 66 17 38 57 77 ]
[ 5 12 19 26 33 40 47 67 34 68 6 41 13 48 60 27 20 80 ]
[ 5 12 19 26 33 40 47 67 18 39 59 79 ]
[ 6 13 20 27 34 41 48 68 35 69 7 42 14 49 82 28 21 62 ]
[ 6 13 20 27 34 41 48 68 19 40 81 61 ]
[ 16 37 2 9 23 30 44 64 65 3 38 74 10 45 17 54 31 24 ]
[ 16 37 2 9 23 30 44 64 15 36 1 8 72 43 52 29 22 63 ]
[ 16 37 2 9 23 30 44 64 15 36 73 53 ]
[ 16 37 75 65 3 38 10 45 17 55 31 24 ]
[ 50 1 36 70 8 43 63 29 22 15 ]
[ 51 1 36 71 8 43 63 29 22 15 ]
]
