nEmployees: 90
nSkills: 4
nProjects: 10
nDays: 60
nActivities: 135
nEquipmentTypes: 6
nStints: 62
nMaxModes: 3
nStintCliques: 9

EmployeeInStintCost: [
32190 32190 32190 25290 7790 25936 25936 25936 23866 7598 14139 14139 14139 14139 14139 14139 14139 14139 11002 36340 36340 36340 29440 9610 16573 16573 16573 16573 16573 16573 16573 16573 13034 38532 38532 38532 36462 15802 27144 27144 27144 25074 8406 35164 35164 35164 28264 9274 15849 15849 15849 15849 15849 15849 15849 15849 12674 35308 35308 35308 33238 13362 
33780 33780 33780 26940 9524 26736 26736 26736 24684 8500 11711 11711 11711 11711 11711 11711 11711 11711 8592 38794 38794 38794 31954 12208 19217 19217 19217 19217 19217 19217 19217 19217 15696 40908 40908 40908 38856 18280 16040 16040 16040 13988 4412 37618 37618 37618 30778 11872 18269 18269 18269 18269 18269 18269 18269 18269 15112 37644 37644 37644 35592 15800 
29158 29158 29158 22978 6486 25008 25008 25008 23154 7894 15403 15403 15403 15403 15403 15403 15403 15403 12482 32700 32700 32700 26520 7698 13893 13893 13893 13893 13893 13893 13893 13893 10570 33924 33924 33924 32070 12418 28912 28912 28912 27058 11398 31524 31524 31524 25344 7362 12249 12249 12249 12249 12249 12249 12249 12249 9290 30700 30700 30700 28846 9978 
32238 32238 32238 25578 8414 25232 25232 25232 23234 7302 11235 11235 11235 11235 11235 11235 11235 11235 8170 37556 37556 37556 30896 11402 18349 18349 18349 18349 18349 18349 18349 18349 14882 39580 39580 39580 37582 17258 25720 25720 25720 23722 7390 36380 36380 36380 29720 11066 17193 17193 17193 17193 17193 17193 17193 17193 14090 36316 36316 36316 34318 14778 
31198 31198 31198 24298 6798 18200 18200 18200 16130 6470 13435 13435 13435 13435 13435 13435 13435 13435 10298 36180 36180 36180 29280 9450 16477 16477 16477 16477 16477 16477 16477 16477 12938 38196 38196 38196 36126 15466 27296 27296 27296 25226 8558 35004 35004 35004 28104 9114 15473 15473 15473 15473 15473 15473 15473 15473 12298 34932 34932 34932 32862 12986 
29922 29922 29922 23862 7538 24256 24256 24256 22438 7346 13635 13635 13635 13635 13635 13635 13635 13635 10750 34072 34072 34072 28012 9358 16069 16069 16069 16069 16069 16069 16069 16069 12782 36852 36852 36852 35034 15550 25464 25464 25464 23646 8154 32896 32896 32896 26836 9022 15345 15345 15345 15345 15345 15345 15345 15345 12422 33628 33628 33628 31810 13110 
29908 29908 29908 23788 7380 25848 25848 25848 24012 8836 16391 16391 16391 16391 16391 16391 16391 16391 13488 32162 32162 32162 26042 7304 12873 12873 12873 12873 12873 12873 12873 12873 9568 32796 32796 32796 30960 11392 29616 29616 29616 27780 12204 30986 30986 30986 24866 6968 11181 11181 11181 11181 11181 11181 11181 11181 8240 29548 29548 29548 27712 8928 
30624 30624 30624 24624 8384 24088 24088 24088 22288 7280 10775 10775 10775 10775 10775 10775 10775 10775 7908 35910 35910 35910 29910 11340 18089 18089 18089 18089 18089 18089 18089 18089 14820 38428 38428 38428 36628 17228 24208 24208 24208 22408 7000 34734 34734 34734 28734 11004 16965 16965 16965 16965 16965 16965 16965 16965 14060 35164 35164 35164 33364 14748 
31914 31914 31914 25374 8378 24992 24992 24992 23030 7266 11163 11163 11163 11163 11163 11163 11163 11163 8134 37232 37232 37232 30692 11366 18277 18277 18277 18277 18277 18277 18277 18277 14846 39340 39340 39340 37378 17222 25480 25480 25480 23518 7354 36056 36056 36056 29516 11030 17121 17121 17121 17121 17121 17121 17121 17121 14054 36076 36076 36076 34114 14742 
29064 29064 29064 23064 6824 25032 25032 25032 23232 8224 15647 15647 15647 15647 15647 15647 15647 15647 12780 32310 32310 32310 26310 7740 13641 13641 13641 13641 13641 13641 13641 13641 10372 33220 33220 33220 31420 12020 28944 28944 28944 27144 11736 31134 31134 31134 25134 7404 11821 11821 11821 11821 11821 11821 11821 11821 8916 30020 30020 30020 28220 9604 
16200 16200 16200 10200 1800 23200 23200 23200 21400 6392 13943 13943 13943 13943 13943 13943 13943 13943 11076 32718 32718 32718 26718 8148 14785 14785 14785 14785 14785 14785 14785 14785 11516 34972 34972 34972 33172 13772 27056 27056 27056 25256 9848 31542 31542 31542 25542 7812 13517 13517 13517 13517 13517 13517 13517 13517 10612 31716 31716 31716 29916 11300 
32234 32234 32234 25454 8122 25328 25328 25328 23294 7194 12387 12387 12387 12387 12387 12387 12387 12387 9286 37208 37208 37208 30428 10766 17757 17757 17757 17757 17757 17757 17757 17757 14254 39356 39356 39356 37322 16830 25664 25664 25664 23630 7130 36032 36032 36032 29252 10430 16801 16801 16801 16801 16801 16801 16801 16801 13662 36092 36092 36092 34058 14350 
31332 31332 31332 24492 7076 26712 26712 26712 24660 8476 16151 16151 16151 16151 16151 16151 16151 16151 13032 34578 34578 34578 27738 7992 14145 14145 14145 14145 14145 14145 14145 14145 10624 34900 34900 34900 32848 12272 30624 30624 30624 28572 11988 33402 33402 33402 26562 7656 12325 12325 12325 12325 12325 12325 12325 12325 9168 31700 31700 31700 29648 9856 
18972 18972 18972 12612 3708 18520 18520 18520 16612 7708 14047 14047 14047 14047 14047 14047 14047 14047 11072 33706 33706 33706 27346 8272 15081 15081 15081 15081 15081 15081 15081 15081 11704 35892 35892 35892 33984 14080 27496 27496 27496 25588 9676 32530 32530 32530 26170 7936 13917 13917 13917 13917 13917 13917 13917 13917 10904 32620 32620 32620 30712 11592 
34296 34296 34296 28056 11480 30152 30152 30152 28280 12936 20503 20503 20503 20503 20503 20503 20503 20503 17564 35838 35838 35838 29598 10692 14329 14329 14329 14329 14329 14329 14329 14329 10988 12480 12480 12480 10608 1872 33840 33840 33840 31968 16224 34662 34662 34662 28422 10356 11357 11357 11357 11357 11357 11357 11357 11357 8380 29892 29892 29892 28020 9068 
29598 29598 29598 23178 6350 12840 12840 12840 10914 1926 12923 12923 12923 12923 12923 12923 12923 12923 9930 35028 35028 35028 28608 9450 16277 16277 16277 16277 16277 16277 16277 16277 12882 37100 37100 37100 35174 15186 26760 26760 26760 24834 8838 33852 33852 33852 27432 9114 15057 15057 15057 15057 15057 15057 15057 15057 12026 33844 33844 33844 31918 12714 
33502 33502 33502 26842 9678 26640 26640 26640 24642 8710 12035 12035 12035 12035 12035 12035 12035 12035 8970 38380 38380 38380 31720 12226 19165 19165 19165 19165 19165 19165 19165 19165 15698 40668 40668 40668 38670 18346 13320 13320 13320 11322 1998 37204 37204 37204 30544 11890 18289 18289 18289 18289 18289 18289 18289 18289 15186 37412 37412 37412 35414 15874 
30894 30894 30894 23994 6494 13800 13800 13800 11730 2070 13211 13211 13211 13211 13211 13211 13211 13211 10074 36324 36324 36324 29424 9594 16565 16565 16565 16565 16565 16565 16565 16565 13026 38060 38060 38060 35990 15330 27720 27720 27720 25650 8982 35148 35148 35148 28248 9258 15345 15345 15345 15345 15345 15345 15345 15345 12170 34804 34804 34804 32734 12858 
30948 30948 30948 24828 8420 24328 24328 24328 22492 7316 10847 10847 10847 10847 10847 10847 10847 10847 7944 36234 36234 36234 30114 11376 18161 18161 18161 18161 18161 18161 18161 18161 14856 38668 38668 38668 36832 17264 24448 24448 24448 22612 7036 35058 35058 35058 28938 11040 17037 17037 17037 17037 17037 17037 17037 17037 14096 35404 35404 35404 33568 14784 
31350 31350 31350 25410 9254 24936 24936 24936 23154 8230 11171 11171 11171 11171 11171 11171 11171 11171 8322 36364 36364 36364 30424 11938 18677 18677 18677 18677 18677 18677 18677 18677 15426 39108 39108 39108 37326 18010 14240 14240 14240 12458 4142 35188 35188 35188 29248 11602 17729 17729 17729 17729 17729 17729 17729 17729 14842 35844 35844 35844 34062 15530 
32500 32500 32500 25420 7668 27768 27768 27768 25644 9124 16967 16967 16967 16967 16967 16967 16967 16967 13776 34754 34754 34754 27674 7592 13449 13449 13449 13449 13449 13449 13449 13449 9856 34716 34716 34716 32592 11680 31536 31536 31536 29412 12492 33578 33578 33578 26498 7256 11757 11757 11757 11757 11757 11757 11757 11757 8528 31468 31468 31468 29344 9216 
32216 32216 32216 25976 9400 28072 28072 28072 26200 10856 18447 18447 18447 18447 18447 18447 18447 18447 15508 33822 33822 33822 27582 8676 12617 12617 12617 12617 12617 12617 12617 12617 9276 31068 31068 31068 29196 9460 31760 31760 31760 29888 14144 32646 32646 32646 26406 8340 3744 3744 3744 3744 3744 3744 3744 3744 1872 12480 12480 12480 10608 1872 
31204 31204 31204 24604 7524 26808 26808 26808 24828 8980 16679 16679 16679 16679 16679 16679 16679 16679 13632 33458 33458 33458 26858 7448 13161 13161 13161 13161 13161 13161 13161 13161 9712 33756 33756 33756 31776 11536 30576 30576 30576 28596 12348 32282 32282 32282 25682 7112 11469 11469 11469 11469 11469 11469 11469 11469 8384 30508 30508 30508 28528 9072 
30064 30064 30064 23584 6672 17360 17360 17360 15416 6344 13183 13183 13183 13183 13183 13183 13183 13183 10172 35046 35046 35046 28566 9324 16225 16225 16225 16225 16225 16225 16225 16225 12812 37356 37356 37356 35412 15340 26456 26456 26456 24512 8432 33870 33870 33870 27390 8988 15221 15221 15221 15221 15221 15221 15221 15221 12172 34092 34092 34092 32148 12860 
31218 31218 31218 24198 6530 14040 14040 14040 11934 2106 13283 13283 13283 13283 13283 13283 13283 13283 10110 36648 36648 36648 29628 9630 16637 16637 16637 16637 16637 16637 16637 16637 13062 38300 38300 38300 36194 15366 27960 27960 27960 25854 9018 35472 35472 35472 28452 9294 15417 15417 15417 15417 15417 15417 15417 15417 12206 35044 35044 35044 32938 12894 
33998 33998 33998 27098 9598 29392 29392 29392 27322 11054 18843 18843 18843 18843 18843 18843 18843 18843 15706 35604 35604 35604 28704 8874 13013 13013 13013 13013 13013 13013 13013 13013 9474 32388 32388 32388 30318 9658 33080 33080 33080 31010 14342 34428 34428 34428 27528 8538 4140 4140 4140 4140 4140 4140 4140 4140 2070 13800 13800 13800 11730 2070 
21564 21564 21564 14244 3996 20440 20440 20440 18244 7996 14623 14623 14623 14623 14623 14623 14623 14623 11360 36298 36298 36298 28978 8560 15657 15657 15657 15657 15657 15657 15657 15657 11992 37812 37812 37812 35616 14368 29416 29416 29416 27220 9964 35122 35122 35122 27802 8224 14493 14493 14493 14493 14493 14493 14493 14493 11192 34540 34540 34540 32344 11880 
30064 30064 30064 23584 6672 17360 17360 17360 15416 6344 13183 13183 13183 13183 13183 13183 13183 13183 10172 35046 35046 35046 28566 9324 16225 16225 16225 16225 16225 16225 16225 16225 12812 37356 37356 37356 35412 15340 26456 26456 26456 24512 8432 33870 33870 33870 27390 8988 15221 15221 15221 15221 15221 15221 15221 15221 12172 34092 34092 34092 32148 12860 
28684 28684 28684 22804 6732 14920 14920 14920 13156 4924 12199 12199 12199 12199 12199 12199 12199 12199 9368 33962 33962 33962 28082 9680 16385 16385 16385 16385 16385 16385 16385 16385 13152 36556 36556 36556 34792 15560 25048 25048 25048 23284 8044 32786 32786 32786 26906 9344 15261 15261 15261 15261 15261 15261 15261 15261 12392 33292 33292 33292 31528 13080 
32646 32646 32646 26226 9398 25896 25896 25896 23970 8374 11459 11459 11459 11459 11459 11459 11459 11459 8466 37660 37660 37660 31240 12082 18965 18965 18965 18965 18965 18965 18965 18965 15570 40068 40068 40068 38142 18154 15200 15200 15200 13274 4286 36484 36484 36484 30064 11746 18017 18017 18017 18017 18017 18017 18017 18017 14986 36804 36804 36804 34878 15674 
31140 31140 31140 25020 8612 24528 24528 24528 22692 7516 10375 10375 10375 10375 10375 10375 10375 10375 7472 36594 36594 36594 30474 11736 18481 18481 18481 18481 18481 18481 18481 18481 15176 38796 38796 38796 36960 17392 25280 25280 25280 23444 7868 35418 35418 35418 29298 11400 17189 17189 17189 17189 17189 17189 17189 17189 14248 35556 35556 35556 33720 14936 
29642 29642 29642 23822 7834 23408 23408 23408 21662 6906 11811 11811 11811 11811 11811 11811 11811 11811 8998 34616 34616 34616 28796 10478 17181 17181 17181 17181 17181 17181 17181 17181 13966 37436 37436 37436 35690 16542 23744 23744 23744 21998 6842 33440 33440 33440 27620 10142 16225 16225 16225 16225 16225 16225 16225 16225 13374 34172 34172 34172 32426 14062 
30142 30142 30142 23722 6894 16000 16000 16000 14074 5086 12523 12523 12523 12523 12523 12523 12523 12523 9530 35420 35420 35420 29000 9842 16709 16709 16709 16709 16709 16709 16709 16709 13314 37636 37636 37636 35710 15722 26128 26128 26128 24202 8206 34244 34244 34244 27824 9506 15585 15585 15585 15585 15585 15585 15585 15585 12554 34372 34372 34372 32446 13242 
33486 33486 33486 27546 11390 29552 29552 29552 27770 12846 20323 20323 20323 20323 20323 20323 20323 20323 17474 35028 35028 35028 29088 10602 14149 14149 14149 14149 14149 14149 14149 14149 10898 11880 11880 11880 10098 1782 33240 33240 33240 31458 16134 33852 33852 33852 27912 10266 11177 11177 11177 11177 11177 11177 11177 11177 8290 29292 29292 29292 27510 8978 
32530 32530 32530 26230 9570 25920 25920 25920 24030 8602 11819 11819 11819 11819 11819 11819 11819 11819 8862 37408 37408 37408 31108 12118 18949 18949 18949 18949 18949 18949 18949 18949 15590 39948 39948 39948 38058 18238 12600 12600 12600 10710 1890 36232 36232 36232 29932 11782 18073 18073 18073 18073 18073 18073 18073 18073 15078 36692 36692 36692 34802 15766 
18630 18630 18630 11730 2070 25000 25000 25000 22930 6662 14483 14483 14483 14483 14483 14483 14483 14483 11346 35148 35148 35148 28248 8418 15325 15325 15325 15325 15325 15325 15325 15325 11786 36772 36772 36772 34702 14042 28856 28856 28856 26786 10118 33972 33972 33972 27072 8082 14057 14057 14057 14057 14057 14057 14057 14057 10882 33516 33516 33516 31446 11570 
30360 30360 30360 23880 6968 25992 25992 25992 24048 8368 15935 15935 15935 15935 15935 15935 15935 15935 12924 33606 33606 33606 27126 7884 13929 13929 13929 13929 13929 13929 13929 13929 10516 34180 34180 34180 32236 12164 29904 29904 29904 27960 11880 32430 32430 32430 25950 7548 12109 12109 12109 12109 12109 12109 12109 12109 9060 30980 30980 30980 29036 9748 
18792 18792 18792 11832 2088 25120 25120 25120 23032 6680 14519 14519 14519 14519 14519 14519 14519 14519 11364 35310 35310 35310 28350 8436 15361 15361 15361 15361 15361 15361 15361 15361 11804 36892 36892 36892 34804 14060 28976 28976 28976 26888 10136 34134 34134 34134 27174 8100 14093 14093 14093 14093 14093 14093 14093 14093 10900 33636 33636 33636 31548 11588 
34782 34782 34782 28362 11534 30512 30512 30512 28586 12990 20611 20611 20611 20611 20611 20611 20611 20611 17618 36324 36324 36324 29904 10746 14437 14437 14437 14437 14437 14437 14437 14437 11042 12840 12840 12840 10914 1926 34200 34200 34200 32274 16278 35148 35148 35148 28728 10410 11465 11465 11465 11465 11465 11465 11465 11465 8434 30252 30252 30252 28326 9122 
30776 30776 30776 24536 7960 24248 24248 24248 22376 7032 12063 12063 12063 12063 12063 12063 12063 12063 9124 35750 35750 35750 29510 10604 17433 17433 17433 17433 17433 17433 17433 17433 14092 38276 38276 38276 36404 16668 24584 24584 24584 22712 6968 34574 34574 34574 28334 10268 16477 16477 16477 16477 16477 16477 16477 16477 13500 35012 35012 35012 33140 14188 
34128 34128 34128 27408 10160 27088 27088 27088 25072 9056 4032 4032 4032 4032 4032 4032 4032 4032 2016 39558 39558 39558 32838 13260 20201 20201 20201 20201 20201 20201 20201 20201 16716 41364 41364 41364 39348 18940 26656 26656 26656 24640 8224 38382 38382 38382 31662 12924 18925 18925 18925 18925 18925 18925 18925 18925 15804 38132 38132 38132 36116 16492 
28768 28768 28768 22768 6528 16400 16400 16400 14600 6200 12895 12895 12895 12895 12895 12895 12895 12895 10028 33750 33750 33750 27750 9180 15937 15937 15937 15937 15937 15937 15937 15937 12668 36396 36396 36396 34596 15196 25496 25496 25496 23696 8288 32574 32574 32574 26574 8844 14933 14933 14933 14933 14933 14933 14933 14933 12028 33132 33132 33132 31332 12716 
31590 31590 31590 25170 8342 24752 24752 24752 22826 7230 11091 11091 11091 11091 11091 11091 11091 11091 8098 36908 36908 36908 30488 11330 18205 18205 18205 18205 18205 18205 18205 18205 14810 39100 39100 39100 37174 17186 25240 25240 25240 23314 7318 35732 35732 35732 29312 10994 17049 17049 17049 17049 17049 17049 17049 17049 14018 35836 35836 35836 33910 14706 
36078 36078 36078 29178 11678 31472 31472 31472 29402 13134 20899 20899 20899 20899 20899 20899 20899 20899 17762 37620 37620 37620 30720 10890 14725 14725 14725 14725 14725 14725 14725 14725 11186 13800 13800 13800 11730 2070 35160 35160 35160 33090 16422 36444 36444 36444 29544 10554 11753 11753 11753 11753 11753 11753 11753 11753 8578 31212 31212 31212 29142 9266 
31748 31748 31748 25148 8068 24968 24968 24968 22988 7140 12279 12279 12279 12279 12279 12279 12279 12279 9232 36722 36722 36722 30122 10712 17649 17649 17649 17649 17649 17649 17649 17649 14200 38996 38996 38996 37016 16776 25304 25304 25304 23324 7076 35546 35546 35546 28946 10376 16693 16693 16693 16693 16693 16693 16693 16693 13608 35732 35732 35732 33752 14296 
32994 32994 32994 26694 10034 26248 26248 26248 24358 8930 3780 3780 3780 3780 3780 3780 3780 3780 1890 38424 38424 38424 32124 13134 19949 19949 19949 19949 19949 19949 19949 19949 16590 40524 40524 40524 38634 18814 25816 25816 25816 23926 8098 37248 37248 37248 30948 12798 18673 18673 18673 18673 18673 18673 18673 18673 15678 37292 37292 37292 35402 16366 
30408 30408 30408 24168 7592 24616 24616 24616 22744 7400 13743 13743 13743 13743 13743 13743 13743 13743 10804 34558 34558 34558 28318 9412 16177 16177 16177 16177 16177 16177 16177 16177 12836 37212 37212 37212 35340 15604 25824 25824 25824 23952 8208 33382 33382 33382 27142 9076 15453 15453 15453 15453 15453 15453 15453 15453 12476 33988 33988 33988 32116 13164 
18468 18468 18468 11628 2052 24880 24880 24880 22828 6644 14447 14447 14447 14447 14447 14447 14447 14447 11328 34986 34986 34986 28146 8400 15289 15289 15289 15289 15289 15289 15289 15289 11768 36652 36652 36652 34600 14024 28736 28736 28736 26684 10100 33810 33810 33810 26970 8064 14021 14021 14021 14021 14021 14021 14021 14021 10864 33396 33396 33396 31344 11552 
32474 32474 32474 25934 8938 28072 28072 28072 26110 10346 18083 18083 18083 18083 18083 18083 18083 18083 15054 33576 33576 33576 27036 7710 3924 3924 3924 3924 3924 3924 3924 3924 1962 32820 32820 32820 30858 10702 31416 31416 31416 29454 13290 32400 32400 32400 25860 7374 10977 10977 10977 10977 10977 10977 10977 10977 7910 29932 29932 29932 27970 8598 
19620 19620 19620 13020 3780 19000 19000 19000 17020 7780 14191 14191 14191 14191 14191 14191 14191 14191 11144 34354 34354 34354 27754 8344 15225 15225 15225 15225 15225 15225 15225 15225 11776 36372 36372 36372 34392 14152 27976 27976 27976 25996 9748 33178 33178 33178 26578 8008 14061 14061 14061 14061 14061 14061 14061 14061 10976 33100 33100 33100 31120 11664 
35100 35100 35100 28020 10268 27808 27808 27808 25684 9164 4248 4248 4248 4248 4248 4248 4248 4248 2124 40530 40530 40530 33450 13368 20417 20417 20417 20417 20417 20417 20417 20417 16824 42084 42084 42084 39960 19048 27376 27376 27376 25252 8332 39354 39354 39354 32274 13032 19141 19141 19141 19141 19141 19141 19141 19141 15912 38852 38852 38852 36728 16600 
20268 20268 20268 13428 3852 19480 19480 19480 17428 7852 14335 14335 14335 14335 14335 14335 14335 14335 11216 35002 35002 35002 28162 8416 15369 15369 15369 15369 15369 15369 15369 15369 11848 36852 36852 36852 34800 14224 28456 28456 28456 26404 9820 33826 33826 33826 26986 8080 14205 14205 14205 14205 14205 14205 14205 14205 11048 33580 33580 33580 31528 11736 
32558 32558 32558 25658 8158 25568 25568 25568 23498 7230 12459 12459 12459 12459 12459 12459 12459 12459 9322 37532 37532 37532 30632 10802 17829 17829 17829 17829 17829 17829 17829 17829 14290 39596 39596 39596 37526 16866 25904 25904 25904 23834 7166 36356 36356 36356 29456 10466 16873 16873 16873 16873 16873 16873 16873 16873 13698 36332 36332 36332 34262 14386 
33372 33372 33372 26292 8540 26072 26072 26072 23948 7428 11487 11487 11487 11487 11487 11487 11487 11487 8296 38690 38690 38690 31610 11528 18601 18601 18601 18601 18601 18601 18601 18601 15008 40420 40420 40420 38296 17384 26560 26560 26560 24436 7516 37514 37514 37514 30434 11192 17445 17445 17445 17445 17445 17445 17445 17445 14216 37156 37156 37156 35032 14904 
31434 31434 31434 25134 8474 24688 24688 24688 22798 7370 10955 10955 10955 10955 10955 10955 10955 10955 7998 36720 36720 36720 30420 11430 18269 18269 18269 18269 18269 18269 18269 18269 14910 39028 39028 39028 37138 17318 24808 24808 24808 22918 7090 35544 35544 35544 29244 11094 17145 17145 17145 17145 17145 17145 17145 17145 14150 35764 35764 35764 33874 14838 
32406 32406 32406 25746 8582 25408 25408 25408 23410 7478 11171 11171 11171 11171 11171 11171 11171 11171 8106 37692 37692 37692 31032 11538 18485 18485 18485 18485 18485 18485 18485 18485 15018 39748 39748 39748 37750 17426 25528 25528 25528 23530 7198 36516 36516 36516 29856 11202 17361 17361 17361 17361 17361 17361 17361 17361 14258 36484 36484 36484 34486 14946 
34614 34614 34614 27714 10214 27448 27448 27448 25378 9110 4140 4140 4140 4140 4140 4140 4140 4140 2070 40044 40044 40044 33144 13314 20309 20309 20309 20309 20309 20309 20309 20309 16770 41724 41724 41724 39654 18994 27016 27016 27016 24946 8278 38868 38868 38868 31968 12978 19033 19033 19033 19033 19033 19033 19033 19033 15858 38492 38492 38492 36422 16546 
18000 18000 18000 12000 3600 17800 17800 17800 16000 7600 13831 13831 13831 13831 13831 13831 13831 13831 10964 32734 32734 32734 26734 8164 14865 14865 14865 14865 14865 14865 14865 14865 11596 35172 35172 35172 33372 13972 26776 26776 26776 24976 9568 31558 31558 31558 25558 7828 13701 13701 13701 13701 13701 13701 13701 13701 10796 31900 31900 31900 30100 11484 
29422 29422 29422 23482 7326 25488 25488 25488 23706 8782 16283 16283 16283 16283 16283 16283 16283 16283 13434 31676 31676 31676 25736 7250 12765 12765 12765 12765 12765 12765 12765 12765 9514 32436 32436 32436 30654 11338 29256 29256 29256 27474 12150 30500 30500 30500 24560 6914 11073 11073 11073 11073 11073 11073 11073 11073 8186 29188 29188 29188 27406 8874 
32008 32008 32008 24808 6888 18800 18800 18800 16640 6560 13615 13615 13615 13615 13615 13615 13615 13615 10388 36990 36990 36990 29790 9540 16657 16657 16657 16657 16657 16657 16657 16657 13028 38796 38796 38796 36636 15556 27896 27896 27896 25736 8648 35814 35814 35814 28614 9204 15653 15653 15653 15653 15653 15653 15653 15653 12388 35532 35532 35532 33372 13076 
32234 32234 32234 25454 8122 25328 25328 25328 23294 7194 12387 12387 12387 12387 12387 12387 12387 12387 9286 37208 37208 37208 30428 10766 17757 17757 17757 17757 17757 17757 17757 17757 14254 39356 39356 39356 37322 16830 25664 25664 25664 23630 7130 36032 36032 36032 29252 10430 16801 16801 16801 16801 16801 16801 16801 16801 13662 36092 36092 36092 34058 14350 
35430 35430 35430 28770 11606 30992 30992 30992 28994 13062 20755 20755 20755 20755 20755 20755 20755 20755 17690 36972 36972 36972 30312 10818 14581 14581 14581 14581 14581 14581 14581 14581 11114 13320 13320 13320 11322 1998 34680 34680 34680 32682 16350 35796 35796 35796 29136 10482 11609 11609 11609 11609 11609 11609 11609 11609 8506 30732 30732 30732 28734 9194 
30330 30330 30330 24510 8522 23928 23928 23928 22182 7426 10195 10195 10195 10195 10195 10195 10195 10195 7382 35784 35784 35784 29964 11646 18301 18301 18301 18301 18301 18301 18301 18301 15086 38196 38196 38196 36450 17302 24680 24680 24680 22934 7778 34608 34608 34608 28788 11310 17009 17009 17009 17009 17009 17009 17009 17009 14158 34956 34956 34956 33210 14846 
30732 30732 30732 23892 6476 13680 13680 13680 11628 2052 13175 13175 13175 13175 13175 13175 13175 13175 10056 36162 36162 36162 29322 9576 16529 16529 16529 16529 16529 16529 16529 16529 13008 37940 37940 37940 35888 15312 27600 27600 27600 25548 8964 34986 34986 34986 28146 9240 15309 15309 15309 15309 15309 15309 15309 15309 12152 34684 34684 34684 32632 12840 
31674 31674 31674 25614 9290 25176 25176 25176 23358 8266 11243 11243 11243 11243 11243 11243 11243 11243 8358 36688 36688 36688 30628 11974 18749 18749 18749 18749 18749 18749 18749 18749 15462 39348 39348 39348 37530 18046 14480 14480 14480 12662 4178 35512 35512 35512 29452 11638 17801 17801 17801 17801 17801 17801 17801 17801 14878 36084 36084 36084 34266 15566 
32636 32636 32636 26036 8956 28192 28192 28192 26212 10364 18119 18119 18119 18119 18119 18119 18119 18119 15072 33738 33738 33738 27138 7728 3960 3960 3960 3960 3960 3960 3960 3960 1980 32940 32940 32940 30960 10720 31536 31536 31536 29556 13308 32562 32562 32562 25962 7392 11013 11013 11013 11013 11013 11013 11013 11013 7928 30052 30052 30052 28072 8616 
31008 31008 31008 24288 7040 26472 26472 26472 24456 8440 16079 16079 16079 16079 16079 16079 16079 16079 12996 34254 34254 34254 27534 7956 14073 14073 14073 14073 14073 14073 14073 14073 10588 34660 34660 34660 32644 12236 30384 30384 30384 28368 11952 33078 33078 33078 26358 7620 12253 12253 12253 12253 12253 12253 12253 12253 9132 31460 31460 31460 29444 9820 
30684 30684 30684 24084 7004 26232 26232 26232 24252 8404 16007 16007 16007 16007 16007 16007 16007 16007 12960 33930 33930 33930 27330 7920 14001 14001 14001 14001 14001 14001 14001 14001 10552 34420 34420 34420 32440 12200 30144 30144 30144 28164 11916 32754 32754 32754 26154 7584 12181 12181 12181 12181 12181 12181 12181 12181 9096 31220 31220 31220 29240 9784 
31748 31748 31748 25148 8068 24968 24968 24968 22988 7140 12279 12279 12279 12279 12279 12279 12279 12279 9232 36722 36722 36722 30122 10712 17649 17649 17649 17649 17649 17649 17649 17649 14200 38996 38996 38996 37016 16776 25304 25304 25304 23324 7076 35546 35546 35546 28946 10376 16693 16693 16693 16693 16693 16693 16693 16693 13608 35732 35732 35732 33752 14296 
33648 33648 33648 27648 11408 29672 29672 29672 27872 12864 20359 20359 20359 20359 20359 20359 20359 20359 17492 35190 35190 35190 29190 10620 14185 14185 14185 14185 14185 14185 14185 14185 10916 12000 12000 12000 10200 1800 33360 33360 33360 31560 16152 34014 34014 34014 28014 10284 11213 11213 11213 11213 11213 11213 11213 11213 8308 29412 29412 29412 27612 8996 
31826 31826 31826 25526 8866 27592 27592 27592 25702 10274 17939 17939 17939 17939 17939 17939 17939 17939 14982 32928 32928 32928 26628 7638 3780 3780 3780 3780 3780 3780 3780 3780 1890 32340 32340 32340 30450 10630 30936 30936 30936 29046 13218 31752 31752 31752 25452 7302 10833 10833 10833 10833 10833 10833 10833 10833 7838 29452 29452 29452 27562 8526 
35592 35592 35592 28872 11624 31112 31112 31112 29096 13080 20791 20791 20791 20791 20791 20791 20791 20791 17708 37134 37134 37134 30414 10836 14617 14617 14617 14617 14617 14617 14617 14617 11132 13440 13440 13440 11424 2016 34800 34800 34800 32784 16368 35958 35958 35958 29238 10500 11645 11645 11645 11645 11645 11645 11645 11645 8524 30852 30852 30852 28836 9212 
32150 32150 32150 25730 8902 27832 27832 27832 25906 10310 18011 18011 18011 18011 18011 18011 18011 18011 15018 33252 33252 33252 26832 7674 3852 3852 3852 3852 3852 3852 3852 3852 1926 32580 32580 32580 30654 10666 31176 31176 31176 29250 13254 32076 32076 32076 25656 7338 10905 10905 10905 10905 10905 10905 10905 10905 7874 29692 29692 29692 27766 8562 
29970 29970 29970 24150 8162 23552 23552 23552 21806 7050 10731 10731 10731 10731 10731 10731 10731 10731 7918 35288 35288 35288 29468 11150 17845 17845 17845 17845 17845 17845 17845 17845 14630 37900 37900 37900 36154 17006 24040 24040 24040 22294 7138 34112 34112 34112 28292 10814 16689 16689 16689 16689 16689 16689 16689 16689 13838 34636 34636 34636 32890 14526 
33998 33998 33998 27098 9598 29392 29392 29392 27322 11054 18843 18843 18843 18843 18843 18843 18843 18843 15706 35604 35604 35604 28704 8874 13013 13013 13013 13013 13013 13013 13013 13013 9474 32388 32388 32388 30318 9658 33080 33080 33080 31010 14342 34428 34428 34428 27528 8538 4140 4140 4140 4140 4140 4140 4140 4140 2070 13800 13800 13800 11730 2070 
31750 31750 31750 24610 6774 26928 26928 26928 24786 8182 15979 15979 15979 15979 15979 15979 15979 15979 12770 35292 35292 35292 28152 7986 14469 14469 14469 14469 14469 14469 14469 14469 10858 35844 35844 35844 33702 12706 30832 30832 30832 28690 11686 34116 34116 34116 26976 7650 12825 12825 12825 12825 12825 12825 12825 12825 9578 32620 32620 32620 30478 10266 
31748 31748 31748 25148 8068 24968 24968 24968 22988 7140 12279 12279 12279 12279 12279 12279 12279 12279 9232 36722 36722 36722 30122 10712 17649 17649 17649 17649 17649 17649 17649 17649 14200 38996 38996 38996 37016 16776 25304 25304 25304 23324 7076 35546 35546 35546 28946 10376 16693 16693 16693 16693 16693 16693 16693 16693 13608 35732 35732 35732 33752 14296 
30894 30894 30894 24474 7646 24976 24976 24976 23050 7454 13851 13851 13851 13851 13851 13851 13851 13851 10858 35044 35044 35044 28624 9466 16285 16285 16285 16285 16285 16285 16285 16285 12890 37572 37572 37572 35646 15658 26184 26184 26184 24258 8262 33868 33868 33868 27448 9130 15561 15561 15561 15561 15561 15561 15561 15561 12530 34348 34348 34348 32422 13218 
34798 34798 34798 27658 9822 27600 27600 27600 25458 8854 12323 12323 12323 12323 12323 12323 12323 12323 9114 39676 39676 39676 32536 12370 19453 19453 19453 19453 19453 19453 19453 19453 15842 41628 41628 41628 39486 18490 14280 14280 14280 12138 2142 38500 38500 38500 31360 12034 18577 18577 18577 18577 18577 18577 18577 18577 15330 38372 38372 38372 36230 16018 
29320 29320 29320 23080 6504 25128 25128 25128 23256 7912 15439 15439 15439 15439 15439 15439 15439 15439 12500 32862 32862 32862 26622 7716 13929 13929 13929 13929 13929 13929 13929 13929 10588 34044 34044 34044 32172 12436 29032 29032 29032 27160 11416 31686 31686 31686 25446 7380 12285 12285 12285 12285 12285 12285 12285 12285 9308 30820 30820 30820 28948 9996 
31528 31528 31528 24808 7560 27048 27048 27048 25032 9016 16751 16751 16751 16751 16751 16751 16751 16751 13668 33782 33782 33782 27062 7484 13233 13233 13233 13233 13233 13233 13233 13233 9748 33996 33996 33996 31980 11572 30816 30816 30816 28800 12384 32606 32606 32606 25886 7148 11541 11541 11541 11541 11541 11541 11541 11541 8420 30748 30748 30748 28732 9108 
31730 31730 31730 25670 9346 27712 27712 27712 25894 10802 18339 18339 18339 18339 18339 18339 18339 18339 15454 33336 33336 33336 27276 8622 12509 12509 12509 12509 12509 12509 12509 12509 9222 30708 30708 30708 28890 9406 31400 31400 31400 29582 14090 32160 32160 32160 26100 8286 3636 3636 3636 3636 3636 3636 3636 3636 1818 12120 12120 12120 10302 1818 
16686 16686 16686 10506 1854 23560 23560 23560 21706 6446 14051 14051 14051 14051 14051 14051 14051 14051 11130 33204 33204 33204 27024 8202 14893 14893 14893 14893 14893 14893 14893 14893 11570 35332 35332 35332 33478 13826 27416 27416 27416 25562 9902 32028 32028 32028 25848 7866 13625 13625 13625 13625 13625 13625 13625 13625 10666 32076 32076 32076 30222 11354 
32082 32082 32082 25542 8546 25168 25168 25168 23206 7442 11099 11099 11099 11099 11099 11099 11099 11099 8070 37368 37368 37368 30828 11502 18413 18413 18413 18413 18413 18413 18413 18413 14982 39508 39508 39508 37546 17390 25288 25288 25288 23326 7162 36192 36192 36192 29652 11166 17289 17289 17289 17289 17289 17289 17289 17289 14222 36244 36244 36244 34282 14910 
31008 31008 31008 24288 7040 26472 26472 26472 24456 8440 16079 16079 16079 16079 16079 16079 16079 16079 12996 34254 34254 34254 27534 7956 14073 14073 14073 14073 14073 14073 14073 14073 10588 34660 34660 34660 32644 12236 30384 30384 30384 28368 11952 33078 33078 33078 26358 7620 12253 12253 12253 12253 12253 12253 12253 12253 9132 31460 31460 31460 29444 9820 
31910 31910 31910 25250 8086 25088 25088 25088 23090 7158 12315 12315 12315 12315 12315 12315 12315 12315 9250 36884 36884 36884 30224 10730 17685 17685 17685 17685 17685 17685 17685 17685 14218 39116 39116 39116 37118 16794 25424 25424 25424 23426 7094 35708 35708 35708 29048 10394 16729 16729 16729 16729 16729 16729 16729 16729 13626 35852 35852 35852 33854 14314 
30408 30408 30408 23688 6440 13440 13440 13440 11424 2016 13103 13103 13103 13103 13103 13103 13103 13103 10020 35838 35838 35838 29118 9540 16457 16457 16457 16457 16457 16457 16457 16457 12972 37700 37700 37700 35684 15276 27360 27360 27360 25344 8928 34662 34662 34662 27942 9204 15237 15237 15237 15237 15237 15237 15237 15237 12116 34444 34444 34444 32428 12804 
30428 30428 30428 24068 7324 26088 26088 26088 24180 8668 16327 16327 16327 16327 16327 16327 16327 16327 13352 17172 17172 17172 10812 1908 12841 12841 12841 12841 12841 12841 12841 12841 9464 33972 33972 33972 32064 12160 29392 29392 29392 27484 11572 17172 17172 17172 10812 1908 12077 12077 12077 12077 12077 12077 12077 12077 9064 30780 30780 30780 28872 9752 
33864 33864 33864 26664 8744 26488 26488 26488 24328 7640 11495 11495 11495 11495 11495 11495 11495 11495 8268 39150 39150 39150 31950 11700 18809 18809 18809 18809 18809 18809 18809 18809 15180 40828 40828 40828 38668 17588 26608 26608 26608 24448 7360 37974 37974 37974 30774 11364 17685 17685 17685 17685 17685 17685 17685 17685 14420 37564 37564 37564 35404 15108 
29818 29818 29818 23518 6858 15760 15760 15760 13870 5050 12451 12451 12451 12451 12451 12451 12451 12451 9494 35096 35096 35096 28796 9806 16637 16637 16637 16637 16637 16637 16637 16637 13278 37396 37396 37396 35506 15686 25888 25888 25888 23998 8170 33920 33920 33920 27620 9470 15513 15513 15513 15513 15513 15513 15513 15513 12518 34132 34132 34132 32242 13206 
]

ExternalWorkerWithSkillOnStintCost: [
39648 42336 38304 47796 10608 36720 40104 30168 28872 13608 15750 17490 16320 17850 12060 13650 16950 12810 14352 38976 35112 47460 49644 11640 17640 12840 16200 15720 13650 15330 15840 13290 12720 40320 38160 31320 41544 10992 42048 42624 29952 35136 13320 39732 34440 38136 48468 12576 12750 14670 16650 14370 16740 17940 12150 17760 14376 41400 39024 40536 34200 9720 
43176 47796 46452 47460 10728 39456 38880 39816 42408 13224 16950 17550 14700 15450 15270 13290 14310 15150 11040 45696 33684 48468 49728 14280 12570 15630 17010 14880 15840 13500 13230 16290 10440 33768 35424 33480 33408 13704 29520 39456 29808 31032 10752 35532 34860 35028 40320 11784 12870 13050 14970 13470 13590 14070 17490 16620 13224 31320 41904 30528 30168 13608 
45276 35532 40068 41412 11424 30528 35496 35424 31824 12480 13770 12540 16020 17610 12870 15510 15840 14400 13776 34356 46788 35364 42504 12600 17010 12990 13770 15090 15420 14250 15030 15540 14160 38880 31176 35856 42264 10488 37944 39672 38088 41112 12072 46032 46032 36288 40656 10248 16230 12900 16350 16770 13620 12900 17700 14070 10560 32544 30960 36864 40896 10704 
42504 37044 45780 42840 9672 39168 31896 39096 39384 12552 17010 15420 13950 17130 16500 14490 15870 12930 11304 45444 44436 39480 33936 13008 13800 12720 13290 16920 15630 15930 17730 12420 13752 32544 31896 40536 36000 11520 36792 30168 31320 41688 10008 34440 43176 41748 42672 12696 14070 16980 12210 15870 17310 13050 13680 15900 11496 40752 37656 43128 31392 11808 
]

OverlappingStints: [
[ 2 6 7 11 12 13 14 20 21 25 26 27 28 34 35 39 40 44 45 49 50 51 52 58 59 ]
[ 3 6 7 8 13 14 15 16 20 21 22 27 28 29 30 34 35 36 39 40 41 44 45 46 51 52 53 54 58 59 60 ]
[ 4 7 8 9 15 16 17 18 21 22 23 29 30 31 32 35 36 37 40 41 42 45 46 47 53 54 55 56 59 60 61 ]
[ 5 8 9 10 17 18 19 22 23 24 31 32 33 36 37 38 41 42 43 46 47 48 55 56 57 60 61 62 ]
[ 9 10 19 23 24 33 37 38 42 43 47 48 57 61 62 ]
[ 7 11 12 13 20 21 25 26 27 34 35 39 40 44 45 49 50 51 58 59 ]
[ 8 13 14 15 20 21 22 27 28 29 34 35 36 39 40 41 44 45 46 51 52 53 58 59 60 ]
[ 9 15 16 17 21 22 23 29 30 31 35 36 37 40 41 42 45 46 47 53 54 55 59 60 61 ]
[ 10 17 18 19 22 23 24 31 32 33 36 37 38 41 42 43 46 47 48 55 56 57 60 61 62 ]
[ 19 23 24 33 37 38 42 43 47 48 57 61 62 ]
[ 20 25 34 39 44 49 58 ]
[ 20 26 34 39 44 50 58 ]
[ 20 21 27 34 35 39 40 44 45 51 58 59 ]
[ 20 21 28 35 40 44 45 52 59 ]
[ 21 22 29 35 36 40 41 45 46 53 59 60 ]
[ 21 22 30 36 41 45 46 54 60 ]
[ 22 23 31 36 37 41 42 46 47 55 60 61 ]
[ 22 23 32 37 42 46 47 56 61 ]
[ 23 24 33 37 38 42 43 47 48 57 61 62 ]
[ 21 25 26 27 28 34 35 39 40 44 45 49 50 51 52 58 59 ]
[ 22 27 28 29 30 34 35 36 39 40 41 44 45 46 51 52 53 54 58 59 60 ]
[ 23 29 30 31 32 35 36 37 40 41 42 45 46 47 53 54 55 56 59 60 61 ]
[ 24 31 32 33 36 37 38 41 42 43 46 47 48 55 56 57 60 61 62 ]
[ 33 37 38 42 43 47 48 57 61 62 ]
[ 34 39 44 49 58 ]
[ 34 39 44 50 58 ]
[ 34 35 39 40 44 45 51 58 59 ]
[ 35 40 44 45 52 59 ]
[ 35 36 40 41 45 46 53 59 60 ]
[ 36 41 45 46 54 60 ]
[ 36 37 41 42 46 47 55 60 61 ]
[ 37 42 46 47 56 61 ]
[ 37 38 42 43 47 48 57 61 62 ]
[ 35 39 40 44 45 49 50 51 58 59 ]
[ 36 39 40 41 44 45 46 51 52 53 58 59 60 ]
[ 37 40 41 42 45 46 47 53 54 55 59 60 61 ]
[ 38 41 42 43 46 47 48 55 56 57 60 61 62 ]
[ 42 43 47 48 57 61 62 ]
[ 40 44 45 49 50 51 58 59 ]
[ 41 44 45 46 51 52 53 58 59 60 ]
[ 42 45 46 47 53 54 55 59 60 61 ]
[ 43 46 47 48 55 56 57 60 61 62 ]
[ 47 48 57 61 62 ]
[ 45 49 50 51 52 58 59 ]
[ 46 51 52 53 54 58 59 60 ]
[ 47 53 54 55 56 59 60 61 ]
[ 48 55 56 57 60 61 62 ]
[ 57 61 62 ]
[ 58 ]
[ 58 ]
[ 58 59 ]
[ 59 ]
[ 59 60 ]
[ 60 ]
[ 60 61 ]
[ 61 ]
[ 61 62 ]
[ 59 ]
[ 60 ]
[ 61 ]
[ 62 ]
[ ]
]

EmployeesWithSkill: [
[ 1 2 3 4 5 6 7 8 9 10 11 12 13 14 15 16 17 18 19 20 21 22 23 24 25 26 27 28 29 30 31 32 33 34 35 36 37 38 39 40 41 42 43 44 45 46 47 48 49 50 51 52 53 54 55 56 57 58 59 60 61 62 63 64 65 66 67 68 69 70 71 72 73 74 75 76 77 78 79 80 81 82 83 84 85 86 87 88 89 90 ]
[ 1 2 4 5 7 8 11 12 13 14 17 18 21 22 23 24 25 26 27 28 29 31 33 34 36 38 40 41 43 44 47 48 49 51 54 55 56 58 60 61 72 73 74 75 76 78 84 85 86 88 89 90 ]
[ 3 4 5 8 10 12 13 14 15 16 17 19 20 21 22 23 24 25 27 28 31 32 38 39 40 41 42 44 45 46 47 49 51 52 53 55 56 60 62 63 65 66 67 68 69 70 71 73 75 76 77 78 79 82 83 85 89 90 ]
[ 2 4 6 7 9 10 11 12 13 14 15 16 17 18 19 20 21 22 24 25 26 27 28 30 31 33 34 35 36 39 40 42 43 45 46 47 48 49 51 52 53 54 55 56 57 58 59 60 61 62 64 66 67 69 70 71 76 77 79 81 82 83 84 86 88 89 ]
]

SkillDemandInActivityWithMode: [
0	0	0	
1	3	1	
5	9	4	
2	4	2	
1	3	1	
5	9	4	
2	4	2	
3	6	2	
2	4	2	
4	7	3	
2	4	2	
4	7	3	
3	6	2	
2	4	2	
0	0	0	
5	9	4	
1	3	1	
2	4	2	
3	6	2	
4	7	3	
4	7	3	
4	7	3	
4	7	3	
5	9	4	
4	7	3	
3	6	2	
3	6	2	
4	7	3	
4	7	3	
0	0	0	
3	6	2	
2	4	2	
3	6	2	
3	6	2	
2	4	2	
2	4	2	
3	6	2	
1	3	1	
0	0	0	
53	81	36	
30	46	20	
13	21	9	
53	81	36	
16	25	11	
25	39	17	
34	52	23	
67	102	45	
53	81	36	
27	42	18	
45	69	30	
38	58	26	
53	81	36	
44	67	30	
0	0	0	
31	48	21	
76	115	51	
51	78	34	
51	78	34	
31	48	21	
0	0	0	
4	7	3	
4	7	3	
4	7	3	
2	4	2	
3	6	2	
4	7	3	
3	6	2	
4	7	3	
1	3	1	
2	4	2	
2	4	2	
4	7	3	
3	6	2	
3	6	2	
3	6	2	
3	6	2	
2	4	2	
4	7	3	
0	0	0	
3	6	2	
11	18	8	
9	15	6	
8	13	6	
12	19	8	
12	19	8	
12	19	8	
12	19	8	
8	13	6	
12	19	8	
9	15	6	
12	19	8	
9	15	6	
7	12	5	
7	12	5	
10	16	7	
5	9	4	
12	19	8	
0	0	0	
28	43	19	
9	15	6	
14	22	10	
28	43	19	
6	10	4	
28	43	19	
22	34	15	
9	15	6	
28	43	19	
22	34	15	
22	34	15	
19	30	13	
0	0	0	
146	220	98	
88	133	59	
44	67	30	
88	133	59	
146	220	98	
88	133	59	
0	0	0	
41	63	28	
15	24	10	
11	18	8	
41	63	28	
23	36	16	
35	54	24	
49	75	33	
25	39	17	
16	25	11	
31	48	21	
9	15	6	
11	18	8	
14	22	10	
15	24	10	
31	48	21	
49	75	33	
41	63	28	

0	0	0	
3	6	2	
16	25	11	
7	12	5	
2	4	2	
16	25	11	
5	9	4	
11	18	8	
7	12	5	
13	21	9	
5	9	4	
13	21	9	
8	13	6	
4	7	3	
0	0	0	
36	55	24	
6	10	4	
10	16	7	
18	28	12	
30	46	20	
30	46	20	
30	46	20	
30	46	20	
36	55	24	
30	46	20	
18	28	12	
18	28	12	
30	46	20	
30	46	20	
0	0	0	
15	24	10	
9	15	6	
15	24	10	
15	24	10	
6	10	4	
9	15	6	
15	24	10	
3	6	2	
0	0	0	
4	7	3	
2	4	2	
1	3	1	
4	7	3	
1	3	1	
2	4	2	
2	4	2	
5	9	4	
4	7	3	
2	4	2	
3	6	2	
3	6	2	
4	7	3	
3	6	2	
0	0	0	
21	33	14	
54	82	36	
36	55	24	
36	55	24	
21	33	14	
0	0	0	
4	7	3	
4	7	3	
4	7	3	
2	4	2	
2	4	2	
4	7	3	
3	6	2	
5	9	4	
0	1	0	
2	4	2	
1	3	1	
4	7	3	
2	4	2	
3	6	2	
3	6	2	
3	6	2	
2	4	2	
4	7	3	
0	0	0	
0	1	0	
3	6	2	
3	6	2	
2	4	2	
4	7	3	
4	7	3	
4	7	3	
4	7	3	
2	4	2	
4	7	3	
3	6	2	
4	7	3	
3	6	2	
2	4	2	
2	4	2	
3	6	2	
1	3	1	
4	7	3	
0	0	0	
3	6	2	
1	3	1	
1	3	1	
3	6	2	
0	1	0	
3	6	2	
3	6	2	
1	3	1	
3	6	2	
3	6	2	
3	6	2	
2	4	2	
0	0	0	
10	16	7	
6	10	4	
2	4	2	
5	9	4	
9	15	6	
5	9	4	
0	0	0	
25	39	17	
9	15	6	
6	10	4	
25	39	17	
14	22	10	
22	34	15	
31	48	21	
15	24	10	
9	15	6	
19	30	13	
5	9	4	
6	10	4	
8	13	6	
9	15	6	
19	30	13	
30	46	20	
25	39	17	

0	0	0	
0	1	0	
1	3	1	
0	1	0	
0	1	0	
1	3	1	
0	1	0	
1	3	1	
0	1	0	
1	3	1	
0	1	0	
1	3	1	
0	1	0	
0	1	0	
0	0	0	
3	6	2	
0	1	0	
0	1	0	
1	3	1	
2	4	2	
2	4	2	
2	4	2	
2	4	2	
3	6	2	
2	4	2	
1	3	1	
1	3	1	
2	4	2	
2	4	2	
0	0	0	
46	70	31	
27	42	18	
46	70	31	
46	70	31	
19	30	13	
27	42	18	
46	70	31	
11	18	8	
0	0	0	
18	28	12	
10	16	7	
4	7	3	
18	28	12	
5	9	4	
8	13	6	
11	18	8	
23	36	16	
18	28	12	
9	15	6	
15	24	10	
13	21	9	
18	28	12	
15	24	10	
0	0	0	
75	114	50	
188	283	126	
125	189	84	
125	189	84	
75	114	50	
0	0	0	
0	1	0	
0	1	0	
0	1	0	
0	1	0	
0	1	0	
0	1	0	
0	1	0	
0	1	0	
0	1	0	
0	1	0	
0	1	0	
0	1	0	
0	1	0	
0	1	0	
0	1	0	
0	1	0	
0	1	0	
0	1	0	
0	0	0	
2	4	2	
12	19	8	
10	16	7	
8	13	6	
14	22	10	
14	22	10	
14	22	10	
14	22	10	
9	15	6	
14	22	10	
10	16	7	
13	21	9	
10	16	7	
7	12	5	
8	13	6	
11	18	8	
5	9	4	
13	21	9	
0	0	0	
9	15	6	
3	6	2	
4	7	3	
9	15	6	
1	3	1	
9	15	6	
7	12	5	
2	4	2	
9	15	6	
7	12	5	
7	12	5	
6	10	4	
0	0	0	
9	15	6	
5	9	4	
2	4	2	
5	9	4	
9	15	6	
5	9	4	
0	0	0	
26	40	18	
9	15	6	
6	10	4	
26	40	18	
14	22	10	
22	34	15	
31	48	21	
15	24	10	
9	15	6	
19	30	13	
5	9	4	
6	10	4	
8	13	6	
9	15	6	
19	30	13	
31	48	21	
25	39	17	

0	0	0	
1	3	1	
8	13	6	
3	6	2	
1	3	1	
8	13	6	
2	4	2	
5	9	4	
3	6	2	
6	10	4	
2	4	2	
6	10	4	
4	7	3	
2	4	2	
0	0	0	
21	33	14	
3	6	2	
5	9	4	
10	16	7	
17	27	12	
17	27	12	
17	27	12	
17	27	12	
21	33	14	
17	27	12	
10	16	7	
10	16	7	
17	27	12	
17	27	12	
0	0	0	
216	325	144	
130	196	87	
216	325	144	
216	325	144	
92	139	62	
130	196	87	
216	325	144	
54	82	36	
0	0	0	
14	22	10	
8	13	6	
3	6	2	
14	22	10	
4	7	3	
6	10	4	
9	15	6	
18	28	12	
14	22	10	
7	12	5	
12	19	8	
10	16	7	
14	22	10	
12	19	8	
0	0	0	
76	115	51	
191	288	128	
127	192	85	
127	192	85	
76	115	51	
0	0	0	
1	3	1	
1	3	1	
1	3	1	
0	1	0	
1	3	1	
1	3	1	
1	3	1	
1	3	1	
0	1	0	
0	1	0	
0	1	0	
1	3	1	
1	3	1	
1	3	1	
1	3	1	
1	3	1	
0	1	0	
1	3	1	
0	0	0	
0	1	0	
0	1	0	
0	1	0	
0	1	0	
0	1	0	
0	1	0	
0	1	0	
0	1	0	
0	1	0	
0	1	0	
0	1	0	
0	1	0	
0	1	0	
0	1	0	
0	1	0	
0	1	0	
0	1	0	
0	1	0	
0	0	0	
2	4	2	
0	1	0	
1	3	1	
2	4	2	
0	1	0	
2	4	2	
2	4	2	
0	1	0	
2	4	2	
2	4	2	
2	4	2	
1	3	1	
0	0	0	
9	15	6	
5	9	4	
2	4	2	
5	9	4	
9	15	6	
5	9	4	
0	0	0	
2	4	2	
0	1	0	
0	1	0	
2	4	2	
1	3	1	
1	3	1	
2	4	2	
1	3	1	
0	1	0	
1	3	1	
0	1	0	
0	1	0	
0	1	0	
0	1	0	
1	3	1	
2	4	2	
1	3	1	

]

EmployeeAvailability: [
1 0 1 1 1 1 0 1 1 1 1 1 0 1 1 1 1 1 1 1 0 1 1 1 1 1 0 1 1 1 1 1 1 1 0 1 1 1 1 0 1 1 1 1 0 1 1 1 1 1 0 1 1 1 1 1 1 1 0 1 1 1 
1 1 0 1 1 1 1 1 1 1 1 1 1 1 1 1 1 1 1 1 1 0 1 1 1 1 1 1 1 1 1 1 1 1 1 1 1 1 1 1 1 1 1 1 1 0 1 1 1 1 1 1 1 1 1 1 1 1 1 1 1 1 
1 1 1 0 1 1 1 1 1 1 1 1 1 1 1 1 1 1 1 1 1 1 0 1 1 1 1 1 1 1 1 1 1 1 1 1 1 1 1 1 1 1 1 1 1 1 0 1 1 1 1 1 1 1 1 1 1 1 1 1 1 1 
0 1 0 0 1 0 1 0 0 1 1 0 1 1 1 0 0 1 1 0 1 0 0 1 1 0 1 1 1 0 0 1 1 0 1 0 0 1 0 1 0 0 1 0 1 0 0 1 1 0 1 1 1 0 0 1 1 0 1 0 0 1 
1 1 1 1 1 1 1 1 1 1 1 1 1 1 1 1 1 1 1 1 1 1 1 1 1 1 1 1 1 1 1 1 1 1 1 1 1 1 1 1 1 1 1 1 1 1 1 1 1 1 1 1 1 1 1 1 1 1 1 1 1 1 
1 1 1 1 0 1 1 1 1 0 1 1 1 1 1 1 1 1 0 1 1 1 1 0 1 1 1 1 1 1 1 1 0 1 1 1 1 0 1 1 1 1 0 1 1 1 1 0 1 1 1 1 1 1 1 1 0 1 1 1 1 0 
0 0 1 1 1 0 0 1 1 1 0 1 1 0 1 1 1 1 1 0 0 1 1 1 0 1 1 0 1 1 1 1 1 0 0 1 1 1 0 0 1 1 1 0 0 1 1 1 0 1 1 0 1 1 1 1 1 0 0 1 1 1 
0 1 1 0 1 0 1 1 0 1 1 1 1 1 1 1 1 1 1 0 1 1 0 1 1 1 1 1 1 1 1 1 1 0 1 1 0 1 0 1 1 0 1 0 1 1 0 1 1 1 1 1 1 1 1 1 1 0 1 1 0 1 
1 1 1 0 1 1 1 1 0 1 1 1 1 1 1 1 0 1 1 1 1 1 0 1 1 1 1 1 1 1 0 1 1 1 1 1 0 1 1 1 1 0 1 1 1 1 0 1 1 1 1 1 1 1 0 1 1 1 1 1 0 1 
1 0 1 1 1 1 0 1 1 1 1 1 0 0 1 1 1 1 1 1 0 1 1 1 1 1 0 0 1 1 1 1 1 1 0 1 1 1 1 0 1 1 1 1 0 1 1 1 1 1 0 0 1 1 1 1 1 1 0 1 1 1 
1 1 0 0 1 1 1 0 0 1 1 1 1 1 0 1 0 1 1 1 1 0 0 1 1 1 1 1 0 1 0 1 1 1 1 0 0 1 1 1 0 0 1 1 1 0 0 1 1 1 1 1 0 1 0 1 1 1 1 0 0 1 
1 1 1 0 1 1 1 1 1 1 1 1 1 1 1 1 1 1 1 1 1 1 0 1 1 1 1 1 1 1 1 1 1 1 1 1 1 1 1 1 1 1 1 1 1 1 0 1 1 1 1 1 1 1 1 1 1 1 1 1 1 1 
1 1 1 1 1 1 1 1 1 1 1 1 1 1 1 1 1 1 1 1 1 1 1 1 1 1 1 1 1 1 1 1 1 1 1 1 1 1 1 1 1 1 1 1 1 1 1 1 1 1 1 1 1 1 1 1 1 1 1 1 1 1 
1 0 1 1 1 1 0 1 1 1 1 1 1 0 1 1 1 1 1 1 0 1 1 1 1 1 1 0 1 1 1 1 1 1 0 1 1 1 1 0 1 1 1 1 0 1 1 1 1 1 1 0 1 1 1 1 1 1 0 1 1 1 
1 1 1 1 1 1 1 1 1 1 1 1 1 1 1 1 1 1 1 1 1 1 1 1 1 1 1 1 1 1 1 1 1 1 1 1 1 1 1 1 1 1 1 1 1 1 1 1 1 1 1 1 1 1 1 1 1 1 1 1 1 1 
1 1 0 1 1 1 1 0 1 1 1 1 1 1 0 1 1 1 1 1 1 0 1 1 1 1 1 1 0 1 1 1 1 1 1 0 1 1 1 1 0 1 1 1 1 0 1 1 1 1 1 1 0 1 1 1 1 1 1 0 1 1 
0 0 1 1 1 0 0 1 1 1 1 0 0 1 1 1 1 1 1 0 0 1 1 1 1 0 0 1 1 1 1 1 1 0 0 1 1 1 0 0 1 1 1 0 0 1 1 1 1 0 0 1 1 1 1 1 1 0 0 1 1 1 
0 0 0 1 1 0 0 0 1 1 1 0 0 1 1 1 1 1 1 0 0 0 1 1 1 0 0 1 1 1 1 1 1 0 0 0 1 1 0 0 0 1 1 0 0 0 1 1 1 0 0 1 1 1 1 1 1 0 0 0 1 1 
0 1 1 1 1 0 1 1 1 1 0 1 1 1 1 1 1 1 1 0 1 1 1 1 0 1 1 1 1 1 1 1 1 0 1 1 1 1 0 1 1 1 1 0 1 1 1 1 0 1 1 1 1 1 1 1 1 0 1 1 1 1 
1 0 1 1 1 1 0 1 1 1 1 1 1 0 1 1 1 1 1 1 0 1 1 1 1 1 1 0 1 1 1 1 1 1 0 1 1 1 1 0 1 1 1 1 0 1 1 1 1 1 1 0 1 1 1 1 1 1 0 1 1 1 
1 1 1 1 1 1 1 1 1 1 1 1 1 1 1 1 1 1 1 1 1 1 1 1 1 1 1 1 1 1 1 1 1 1 1 1 1 1 1 1 1 1 1 1 1 1 1 1 1 1 1 1 1 1 1 1 1 1 1 1 1 1 
0 0 1 0 1 0 0 1 0 1 1 0 1 0 1 1 1 0 1 0 0 1 0 1 1 0 1 0 1 1 1 0 1 0 0 1 0 1 0 0 1 0 1 0 0 1 0 1 1 0 1 0 1 1 1 0 1 0 0 1 0 1 
1 1 1 0 1 1 1 1 1 1 1 1 1 1 1 1 1 1 1 1 1 1 0 1 1 1 1 1 1 1 1 1 1 1 1 1 1 1 1 1 1 1 1 1 1 1 0 1 1 1 1 1 1 1 1 1 1 1 1 1 1 1 
1 0 0 1 1 1 0 1 1 1 1 1 0 1 1 1 1 1 1 1 0 0 1 1 1 1 0 1 1 1 1 1 1 1 0 1 1 1 1 0 1 1 1 1 0 0 1 1 1 1 0 1 1 1 1 1 1 1 0 1 1 1 
1 0 0 1 1 1 0 0 1 1 1 1 1 1 1 0 1 1 1 1 0 0 1 1 1 1 1 1 1 0 1 1 1 1 0 0 1 1 1 0 0 1 1 1 0 0 1 1 1 1 1 1 1 0 1 1 1 1 0 0 1 1 
1 1 1 0 0 1 1 1 0 0 1 1 1 1 1 1 1 0 0 1 1 1 0 0 1 1 1 1 1 1 1 0 0 1 1 1 0 0 1 1 1 0 0 1 1 1 0 0 1 1 1 1 1 1 1 0 0 1 1 1 0 0 
1 1 0 1 1 1 1 0 1 1 1 1 1 1 1 0 1 1 1 1 1 0 1 1 1 1 1 1 1 0 1 1 1 1 1 0 1 1 1 1 0 1 1 1 1 0 1 1 1 1 1 1 1 0 1 1 1 1 1 0 1 1 
1 1 0 0 1 1 1 0 0 1 1 1 1 1 0 1 1 1 1 1 1 0 0 1 1 1 1 1 0 1 1 1 1 1 1 0 0 1 1 1 0 0 1 1 1 0 0 1 1 1 1 1 0 1 1 1 1 1 1 0 0 1 
1 0 1 0 1 1 0 1 0 1 1 1 0 1 1 1 1 1 1 1 0 1 0 1 1 1 0 1 1 1 1 1 1 1 0 1 0 1 1 0 1 0 1 1 0 1 0 1 1 1 0 1 1 1 1 1 1 1 0 1 0 1 
1 0 1 1 1 1 0 1 1 1 1 1 0 1 1 1 1 1 1 1 0 1 1 1 1 1 0 1 1 1 1 1 1 1 0 1 1 1 1 0 1 1 1 1 0 1 1 1 1 1 0 1 1 1 1 1 1 1 0 1 1 1 
1 1 1 1 1 1 1 1 1 1 1 1 1 1 1 1 1 1 1 1 1 1 1 1 1 1 1 1 1 1 1 1 1 1 1 1 1 1 1 1 1 1 1 1 1 1 1 1 1 1 1 1 1 1 1 1 1 1 1 1 1 1 
1 1 0 1 0 1 1 0 1 0 1 1 1 1 1 1 1 1 0 1 1 0 1 0 1 1 1 1 1 1 1 1 0 1 1 0 1 0 1 1 0 1 0 1 1 0 1 0 1 1 1 1 1 1 1 1 0 1 1 0 1 0 
0 0 1 1 1 1 1 1 1 1 1 1 1 1 1 1 1 1 1 0 0 1 1 1 1 1 1 1 1 1 1 1 1 1 1 1 1 1 1 1 1 1 1 0 0 1 1 1 1 1 1 1 1 1 1 1 1 1 1 1 1 1 
0 0 0 1 1 0 0 0 1 1 0 1 1 1 0 1 1 1 1 0 0 0 1 1 0 1 1 1 0 1 1 1 1 0 0 0 1 1 0 0 0 1 1 0 0 0 1 1 0 1 1 1 0 1 1 1 1 0 0 0 1 1 
1 1 1 1 1 1 1 1 1 1 1 1 1 1 1 1 1 1 1 1 1 1 1 1 1 1 1 1 1 1 1 1 1 1 1 1 1 1 1 1 1 1 1 1 1 1 1 1 1 1 1 1 1 1 1 1 1 1 1 1 1 1 
1 0 1 1 1 1 0 1 1 1 1 1 1 0 1 1 1 1 1 1 0 1 1 1 1 1 1 0 1 1 1 1 1 1 0 1 1 1 1 0 1 1 1 1 0 1 1 1 1 1 1 0 1 1 1 1 1 1 0 1 1 1 
0 1 0 0 1 0 1 1 0 1 0 1 1 1 1 1 1 1 1 0 1 0 0 1 0 1 1 1 1 1 1 1 1 0 1 1 0 1 0 1 1 0 1 0 1 0 0 1 0 1 1 1 1 1 1 1 1 0 1 1 0 1 
1 1 1 1 1 1 1 1 1 1 1 1 1 1 1 1 1 1 1 1 1 1 1 1 1 1 1 1 1 1 1 1 1 1 1 1 1 1 1 1 1 1 1 1 1 1 1 1 1 1 1 1 1 1 1 1 1 1 1 1 1 1 
0 0 1 0 1 1 0 1 1 1 1 1 1 0 1 1 1 1 1 0 0 1 0 1 1 1 1 0 1 1 1 1 1 1 0 1 1 1 1 0 1 1 1 0 0 1 0 1 1 1 1 0 1 1 1 1 1 1 0 1 1 1 
1 1 0 0 1 1 1 1 0 1 1 1 1 1 1 1 1 0 1 1 1 0 0 1 1 1 1 1 1 1 1 0 1 1 1 1 0 1 1 1 1 0 1 1 1 0 0 1 1 1 1 1 1 1 1 0 1 1 1 1 0 1 
0 1 1 0 1 0 1 1 0 1 1 0 1 1 1 1 0 1 1 0 1 1 0 1 1 0 1 1 1 1 0 1 1 0 1 1 0 1 0 1 1 0 1 0 1 1 0 1 1 0 1 1 1 1 0 1 1 0 1 1 0 1 
1 0 0 0 1 1 0 0 0 1 1 1 1 1 1 1 1 1 1 1 0 0 0 1 1 1 1 1 1 1 1 1 1 1 0 0 0 1 1 0 0 0 1 1 0 0 0 1 1 1 1 1 1 1 1 1 1 1 0 0 0 1 
1 1 1 1 1 1 1 1 1 1 1 1 1 1 1 1 1 1 1 1 1 1 1 1 1 1 1 1 1 1 1 1 1 1 1 1 1 1 1 1 1 1 1 1 1 1 1 1 1 1 1 1 1 1 1 1 1 1 1 1 1 1 
1 1 1 0 1 1 1 1 0 1 1 1 1 1 1 1 1 1 1 1 1 1 0 1 1 1 1 1 1 1 1 1 1 1 1 1 0 1 1 1 1 0 1 1 1 1 0 1 1 1 1 1 1 1 1 1 1 1 1 1 0 1 
0 1 1 0 1 0 1 1 0 1 1 0 1 1 1 1 0 1 1 0 1 1 0 1 1 0 1 1 1 1 0 1 1 0 1 1 0 1 0 1 1 0 1 0 1 1 0 1 1 0 1 1 1 1 0 1 1 0 1 1 0 1 
1 1 0 1 1 1 1 0 1 1 1 1 1 1 0 1 1 1 1 1 1 0 1 1 1 1 1 1 0 1 1 1 1 1 1 0 1 1 1 1 0 1 1 1 1 0 1 1 1 1 1 1 0 1 1 1 1 1 1 0 1 1 
1 1 1 1 1 1 1 1 1 1 1 1 1 1 1 1 1 1 1 1 1 1 1 1 1 1 1 1 1 1 1 1 1 1 1 1 1 1 1 1 1 1 1 1 1 1 1 1 1 1 1 1 1 1 1 1 1 1 1 1 1 1 
1 0 0 1 1 1 0 0 1 1 1 1 1 0 0 1 1 1 1 1 0 0 1 1 1 1 1 0 0 1 1 1 1 1 0 0 1 1 1 0 0 1 1 1 0 0 1 1 1 1 1 0 0 1 1 1 1 1 0 0 1 1 
0 1 1 1 1 0 1 1 1 1 0 0 1 1 1 1 1 1 1 0 1 1 1 1 0 0 1 1 1 1 1 1 1 0 1 1 1 1 0 1 1 1 1 0 1 1 1 1 0 0 1 1 1 1 1 1 1 0 1 1 1 1 
1 1 0 0 1 1 1 0 0 1 1 1 1 1 0 1 0 0 1 1 1 0 0 1 1 1 1 1 0 1 0 0 1 1 1 0 0 1 1 1 0 0 1 1 1 0 0 1 1 1 1 1 0 1 0 0 1 1 1 0 0 1 
1 1 0 1 0 1 1 0 1 0 1 1 1 1 0 1 1 1 0 1 1 0 1 0 1 1 1 1 0 1 1 1 0 1 1 0 1 0 1 1 0 1 0 1 1 0 1 0 1 1 1 1 0 1 1 1 0 1 1 0 1 0 
0 1 1 0 1 0 1 1 0 1 0 1 1 1 1 1 1 0 1 0 1 1 0 1 0 1 1 1 1 1 1 0 1 0 1 1 0 1 0 1 1 0 1 0 1 1 0 1 0 1 1 1 1 1 1 0 1 0 1 1 0 1 
1 1 1 1 0 1 1 1 1 0 1 1 1 1 1 1 1 1 0 1 1 1 1 0 1 1 1 1 1 1 1 1 0 1 1 1 1 0 1 1 1 1 0 1 1 1 1 0 1 1 1 1 1 1 1 1 0 1 1 1 1 0 
1 1 1 1 1 1 1 1 1 1 1 1 1 1 1 1 1 1 1 1 1 1 1 1 1 1 1 1 1 1 1 1 1 1 1 1 1 1 1 1 1 1 1 1 1 1 1 1 1 1 1 1 1 1 1 1 1 1 1 1 1 1 
1 0 1 0 1 1 1 1 0 1 1 1 1 1 1 1 1 1 1 1 0 1 0 1 1 1 1 1 1 1 1 1 1 1 1 1 0 1 1 1 1 0 1 1 0 1 0 1 1 1 1 1 1 1 1 1 1 1 1 1 0 1 
0 1 1 1 1 0 1 1 1 1 1 1 1 1 1 1 1 1 1 0 1 1 1 1 1 1 1 1 1 1 1 1 1 0 1 1 1 1 0 1 1 1 1 0 1 1 1 1 1 1 1 1 1 1 1 1 1 0 1 1 1 1 
1 1 1 0 1 1 1 1 0 1 1 1 1 1 1 1 0 0 1 1 1 1 0 1 1 1 1 1 1 1 0 0 1 1 1 1 0 1 1 1 1 0 1 1 1 1 0 1 1 1 1 1 1 1 0 0 1 1 1 1 0 1 
1 1 1 1 1 1 1 1 1 1 1 1 1 1 1 1 1 1 1 1 1 1 1 1 1 1 1 1 1 1 1 1 1 1 1 1 1 1 1 1 1 1 1 1 1 1 1 1 1 1 1 1 1 1 1 1 1 1 1 1 1 1 
1 1 0 1 1 1 1 0 1 1 1 1 1 1 0 0 1 1 1 1 1 0 1 1 1 1 1 1 0 0 1 1 1 1 1 0 1 1 1 1 0 1 1 1 1 0 1 1 1 1 1 1 0 0 1 1 1 1 1 0 1 1 
1 1 0 1 1 1 1 0 1 1 1 1 1 1 0 1 1 1 1 1 1 0 1 1 1 1 1 1 0 1 1 1 1 1 1 0 1 1 1 1 0 1 1 1 1 0 1 1 1 1 1 1 0 1 1 1 1 1 1 0 1 1 
0 1 0 1 1 0 1 0 1 1 0 1 1 1 0 1 1 1 1 0 1 0 1 1 0 1 1 1 0 1 1 1 1 0 1 0 1 1 0 1 0 1 1 0 1 0 1 1 0 1 1 1 0 1 1 1 1 0 1 0 1 1 
1 1 1 1 1 1 1 1 1 1 1 1 1 1 1 1 1 1 1 1 1 1 1 1 1 1 1 1 1 1 1 1 1 1 1 1 1 1 1 1 1 1 1 1 1 1 1 1 1 1 1 1 1 1 1 1 1 1 1 1 1 1 
1 1 1 0 1 1 1 1 0 1 1 1 1 1 1 1 1 1 1 1 1 1 0 1 1 1 1 1 1 1 1 1 1 1 1 1 0 1 1 1 1 0 1 1 1 1 0 1 1 1 1 1 1 1 1 1 1 1 1 1 0 1 
0 1 0 1 1 1 1 0 1 1 1 1 1 1 0 1 1 1 1 0 1 0 1 1 1 1 1 1 0 1 1 1 1 1 1 0 1 1 1 1 0 1 1 0 1 0 1 1 1 1 1 1 0 1 1 1 1 1 1 0 1 1 
1 1 1 1 1 1 1 1 1 1 1 1 1 1 1 1 1 1 1 1 1 1 1 1 1 1 1 1 1 1 1 1 1 1 1 1 1 1 1 1 1 1 1 1 1 1 1 1 1 1 1 1 1 1 1 1 1 1 1 1 1 1 
1 0 1 0 1 1 0 1 0 1 1 1 1 0 1 1 0 1 1 1 0 1 0 1 1 1 1 0 1 1 0 1 1 1 0 1 0 1 1 0 1 0 1 1 0 1 0 1 1 1 1 0 1 1 0 1 1 1 0 1 0 1 
1 1 1 1 1 1 1 1 1 1 1 1 1 1 1 1 1 1 1 1 1 1 1 1 1 1 1 1 1 1 1 1 1 1 1 1 1 1 1 1 1 1 1 1 1 1 1 1 1 1 1 1 1 1 1 1 1 1 1 1 1 1 
1 1 1 1 1 1 1 1 1 1 1 1 1 1 1 1 1 1 1 1 1 1 1 1 1 1 1 1 1 1 1 1 1 1 1 1 1 1 1 1 1 1 1 1 1 1 1 1 1 1 1 1 1 1 1 1 1 1 1 1 1 1 
0 1 0 0 1 0 1 0 0 1 0 1 1 1 0 1 0 1 1 0 1 0 0 1 0 1 1 1 0 1 0 1 1 0 1 0 0 1 0 1 0 0 1 0 1 0 0 1 0 1 1 1 0 1 0 1 1 0 1 0 0 1 
1 0 0 1 1 1 0 1 1 1 1 1 1 0 1 1 1 1 1 1 0 0 1 1 1 1 1 0 1 1 1 1 1 1 0 1 1 1 1 0 1 1 1 1 0 0 1 1 1 1 1 0 1 1 1 1 1 1 0 1 1 1 
0 1 1 1 1 0 1 1 1 1 1 0 1 1 1 1 1 1 1 0 1 1 1 1 1 0 1 1 1 1 1 1 1 0 1 1 1 1 0 1 1 1 1 0 1 1 1 1 1 0 1 1 1 1 1 1 1 0 1 1 1 1 
1 1 0 1 1 1 1 0 1 1 1 1 1 1 1 0 1 1 1 1 1 0 1 1 1 1 1 1 1 0 1 1 1 1 1 0 1 1 1 1 0 1 1 1 1 0 1 1 1 1 1 1 1 0 1 1 1 1 1 0 1 1 
0 1 0 1 0 0 1 1 1 0 0 1 1 1 1 1 1 1 0 0 1 0 1 0 0 1 1 1 1 1 1 1 0 0 1 1 1 0 0 1 1 1 0 0 1 0 1 0 0 1 1 1 1 1 1 1 0 0 1 1 1 0 
0 1 0 0 1 0 1 0 1 1 1 1 1 1 0 1 1 1 1 0 1 0 0 1 1 1 1 1 0 1 1 1 1 0 1 0 1 1 0 1 0 1 1 0 1 0 0 1 1 1 1 1 0 1 1 1 1 0 1 0 1 1 
1 0 1 1 1 1 0 1 1 1 1 1 0 1 1 1 1 1 1 1 0 1 1 1 1 1 0 1 1 1 1 1 1 1 0 1 1 1 1 0 1 1 1 1 0 1 1 1 1 1 0 1 1 1 1 1 1 1 0 1 1 1 
1 1 0 0 1 1 1 0 0 1 1 1 1 1 1 0 1 1 1 1 1 0 0 1 1 1 1 1 1 0 1 1 1 1 1 0 0 1 1 1 0 0 1 1 1 0 0 1 1 1 1 1 1 0 1 1 1 1 1 0 0 1 
0 0 1 0 1 0 0 1 1 1 1 1 1 0 1 1 1 1 1 0 0 1 0 1 1 1 1 0 1 1 1 1 1 0 0 1 1 1 0 0 1 1 1 0 0 1 0 1 1 1 1 0 1 1 1 1 1 0 0 1 1 1 
1 1 1 1 1 1 1 1 1 1 1 1 1 1 1 1 1 1 1 1 1 1 1 1 1 1 1 1 1 1 1 1 1 1 1 1 1 1 1 1 1 1 1 1 1 1 1 1 1 1 1 1 1 1 1 1 1 1 1 1 1 1 
0 0 1 1 1 0 0 1 1 1 0 1 1 0 1 1 1 1 1 0 0 1 1 1 0 1 1 0 1 1 1 1 1 0 0 1 1 1 0 0 1 1 1 0 0 1 1 1 0 1 1 0 1 1 1 1 1 0 0 1 1 1 
1 1 1 0 1 1 1 1 0 1 1 1 1 1 1 1 1 0 1 1 1 1 0 1 1 1 1 1 1 1 1 0 1 1 1 1 0 1 1 1 1 0 1 1 1 1 0 1 1 1 1 1 1 1 1 0 1 1 1 1 0 1 
0 0 0 1 1 0 0 0 1 1 0 1 1 0 0 1 1 1 1 0 0 0 1 1 0 1 1 0 0 1 1 1 1 0 0 0 1 1 0 0 0 1 1 0 0 0 1 1 0 1 1 0 0 1 1 1 1 0 0 0 1 1 
1 1 1 0 1 1 1 1 0 1 1 1 1 1 1 1 1 0 1 1 1 1 0 1 1 1 1 1 1 1 1 0 1 1 1 1 0 1 1 1 1 0 1 1 1 1 0 1 1 1 1 1 1 1 1 0 1 1 1 1 0 1 
1 1 1 1 1 1 1 1 1 1 1 1 1 1 1 1 1 1 1 1 1 1 1 1 1 1 1 1 1 1 1 1 1 1 1 1 1 1 1 1 1 1 1 1 1 1 1 1 1 1 1 1 1 1 1 1 1 1 1 1 1 1 
1 1 0 1 1 1 1 1 1 1 1 1 1 1 1 1 1 1 1 1 1 0 1 1 1 1 1 1 1 1 1 1 1 1 1 1 1 1 1 1 1 1 1 1 1 0 1 1 1 1 1 1 1 1 1 1 1 1 1 1 1 1 
1 1 0 1 1 1 1 0 1 1 1 1 1 1 1 0 1 1 1 1 1 0 1 1 1 1 1 1 1 0 1 1 1 1 1 0 1 1 1 1 0 1 1 1 1 0 1 1 1 1 1 1 1 0 1 1 1 1 1 0 1 1 
1 1 1 1 1 1 1 1 1 1 1 1 1 1 1 1 1 1 1 1 1 1 1 1 1 1 1 1 1 1 1 1 1 1 1 1 1 1 1 1 1 1 1 1 1 1 1 1 1 1 1 1 1 1 1 1 1 1 1 1 1 1 
1 1 1 1 1 1 1 1 1 1 1 1 1 1 1 1 1 1 1 1 1 1 1 1 1 1 1 1 1 1 1 1 1 1 1 1 1 1 1 1 1 1 1 1 1 1 1 1 1 1 1 1 1 1 1 1 1 1 1 1 1 1 
1 1 1 1 1 1 1 1 1 1 1 1 1 1 1 1 1 1 1 1 1 1 1 1 1 1 1 1 1 1 1 1 1 1 1 1 1 1 1 1 1 1 1 1 1 1 1 1 1 1 1 1 1 1 1 1 1 1 1 1 1 1 
1 1 1 1 1 1 1 1 1 1 1 1 1 1 1 1 1 1 1 1 1 1 1 1 1 1 1 1 1 1 1 1 1 1 1 1 1 1 1 1 1 1 1 1 1 1 1 1 1 1 1 1 1 1 1 1 1 1 1 1 1 1 
0 1 0 1 1 1 1 0 1 1 1 1 1 1 1 1 1 1 1 0 1 0 1 1 1 1 1 1 1 1 1 1 1 1 1 0 1 1 1 1 0 1 1 0 1 0 1 1 1 1 1 1 1 1 1 1 1 1 1 0 1 1 
]

EmployeeWantedInStint: [ (1 12) 1 (2 44) 1 (2 46) 1 (2 53) 1 (4 43) 1 (4 61) 1 (4 62) 1 (5 14) 1 (5 24) 1 (6 26) 1 (7 43) 1 (9 4) 1 (9 16) 1 (9 36) 1 (9 37) 1 (9 43) 1 (10 2) 1 (12 41) 1 (13 12) 1 (13 36) 1 (13 44) 1 (14 26) 1 (15 24) 1 (15 37) 1 (15 44) 1 (15 58) 1 (18 36) 1 (20 60) 1 (21 50) 1 (23 31) 1 (24 4) 1 (25 19) 1 (25 51) 1 (25 52) 1 (26 11) 1 (27 2) 1 (27 6) 1 (28 27) 1 (28 37) 1 (28 38) 1 (31 58) 1 (33 14) 1 (33 52) 1 (34 22) 1 (38 45) 1 (38 54) 1 (39 19) 1 (39 22) 1 (40 42) 1 (40 60) 1 (41 2) 1 (41 3) 1 (45 24) 1 (46 3) 1 (46 53) 1 (47 55) 1 (48 57) 1 (49 38) 1 (50 38) 1 (50 50) 1 (51 40) 1 (51 47) 1 (52 21) 1 (53 13) 1 (54 35) 1 (54 60) 1 (55 36) 1 (55 60) 1 (56 50) 1 (58 61) 1 (60 1) 1 (60 12) 1 (61 28) 1 (61 40) 1 (62 18) 1 (62 39) 1 (62 45) 1 (63 20) 1 (64 42) 1 (65 52) 1 (66 9) 1 (66 16) 1 (66 36) 1 (69 57) 1 (70 8) 1 (70 29) 1 (70 55) 1 (71 31) 1 (72 3) 1 (72 20) 1 (73 62) 1 (74 30) 1 (74 59) 1 (75 1) 1 (75 3) 1 (75 46) 1 (76 48) 1 (76 52) 1 (77 2) 1 (77 16) 1 (77 24) 1 (78 32) 1 (80 7) 1 (82 21) 1 (82 24) 1 (82 54) 1 (85 15) 1 (86 37) 1 (86 47) 1 (87 13) 1 (87 51) 1 (89 3) 1 (89 11) 1 (89 18) 1 (90 16) 1 ]

EmployeeWantedViolationCost: [ (1 12) 6000 (2 44) 8000 (2 46) 13000 (2 53) 10000 (4 43) 5000 (4 61) 13000 (4 62) 11000 (5 14) 5000 (5 24) 9000 (6 26) 14000 (7 43) 13000 (9 4) 10000 (9 16) 11000 (9 36) 14000 (9 37) 13000 (9 43) 8000 (10 2) 9000 (12 41) 12000 (13 12) 11000 (13 36) 13000 (13 44) 6000 (14 26) 10000 (15 24) 9000 (15 37) 12000 (15 44) 11000 (15 58) 9000 (18 36) 10000 (20 60) 10000 (21 50) 10000 (23 31) 8000 (24 4) 13000 (25 19) 14000 (25 51) 9000 (25 52) 11000 (26 11) 13000 (27 2) 12000 (27 6) 7000 (28 27) 11000 (28 37) 6000 (28 38) 12000 (31 58) 9000 (33 14) 10000 (33 52) 6000 (34 22) 11000 (38 45) 8000 (38 54) 15000 (39 19) 11000 (39 22) 12000 (40 42) 10000 (40 60) 9000 (41 2) 15000 (41 3) 8000 (45 24) 7000 (46 3) 8000 (46 53) 13000 (47 55) 11000 (48 57) 6000 (49 38) 10000 (50 38) 14000 (50 50) 15000 (51 40) 10000 (51 47) 11000 (52 21) 12000 (53 13) 6000 (54 35) 15000 (54 60) 11000 (55 36) 8000 (55 60) 6000 (56 50) 6000 (58 61) 7000 (60 1) 6000 (60 12) 6000 (61 28) 14000 (61 40) 14000 (62 18) 7000 (62 39) 11000 (62 45) 10000 (63 20) 11000 (64 42) 10000 (65 52) 10000 (66 9) 14000 (66 16) 11000 (66 36) 9000 (69 57) 6000 (70 8) 14000 (70 29) 14000 (70 55) 8000 (71 31) 9000 (72 3) 14000 (72 20) 14000 (73 62) 11000 (74 30) 7000 (74 59) 11000 (75 1) 8000 (75 3) 13000 (75 46) 5000 (76 48) 12000 (76 52) 11000 (77 2) 10000 (77 16) 6000 (77 24) 5000 (78 32) 14000 (80 7) 8000 (82 21) 10000 (82 24) 6000 (82 54) 11000 (85 15) 10000 (86 37) 10000 (86 47) 8000 (87 13) 8000 (87 51) 7000 (89 3) 14000 (89 11) 10000 (89 18) 6000 (90 16) 15000 ]

EmployeesThatShouldNotWorkTogetherWithEmployee: [
[ 29 49 ]
[ 4 14 35 50 77 ]
[ 15 ]
[ 28 29 39 52 ]
[ 29 82 85 ]
[ 37 43 65 71 ]
[ 23 54 75 ]
[ 39 59 69 73 ]
[ 21 49 69 ]
[ 13 66 ]
[ 29 42 73 90 ]
[ 16 49 ]
[ 22 41 46 64 ]
[ 15 43 44 52 86 ]
[ 17 31 35 68 72 ]
[ 29 84 ]
[ 32 37 54 68 71 76 80 ]
[ 87 ]
[ 38 46 56 68 ]
[ 74 75 84 89 ]
[ 26 42 56 ]
[ 28 61 ]
[ 33 62 ]
[ 33 70 ]
[ 31 46 50 60 ]
[ 43 48 57 ]
[ 38 47 77 ]
[ 42 55 ]
[ 89 ]
[ 33 66 74 ]
[ 67 ]
[ 62 72 73 77 78 ]
[ 61 ]
[ 44 53 83 ]
[ 39 56 82 ]
[ 54 82 85 ]
[ 40 51 ]
[ 81 ]
[ 75 ]
[ 75 ]
[ 45 76 88 ]
[ 45 55 88 ]
[ 64 68 72 78 ]
[ 47 54 ]
[ 50 ]
[ ]
[ 52 63 ]
[ 52 61 69 77 86 88 ]
[ 70 ]
[ ]
[ 56 85 89 ]
[ 60 73 80 ]
[ 60 ]
[ ]
[ 56 84 ]
[ 57 ]
[ 64 69 ]
[ 60 76 85 ]
[ ]
[ 83 ]
[ 62 63 64 ]
[ 64 84 89 ]
[ 70 ]
[ 67 74 76 ]
[ 75 78 89 ]
[ ]
[ 90 ]
[ ]
[ 87 ]
[ 79 ]
[ 74 81 ]
[ ]
[ 84 ]
[ ]
[ 88 ]
[ ]
[ 79 ]
[ 89 ]
[ ]
[ ]
[ 83 84 90 ]
[ ]
[ ]
[ 85 ]
[ ]
[ ]
[ ]
[ ]
[ ]
[ ]
]

ShouldNotWorkTogetherCost: [ (1 29) 396 (1 49) 297 (2 4) 99 (2 14) 99 (2 35) 99 (2 50) 198 (2 77) 396 (3 15) 297 (4 28) 297 (4 29) 99 (4 39) 198 (4 52) 297 (5 29) 198 (5 82) 99 (5 85) 198 (6 37) 99 (6 43) 396 (6 65) 198 (6 71) 297 (7 23) 198 (7 54) 198 (7 75) 297 (8 39) 99 (8 59) 198 (8 69) 198 (8 73) 396 (9 21) 99 (9 49) 297 (9 69) 297 (10 13) 396 (10 66) 396 (11 29) 297 (11 42) 99 (11 73) 198 (11 90) 99 (12 16) 396 (12 49) 198 (13 22) 99 (13 41) 99 (13 46) 99 (13 64) 198 (14 15) 297 (14 43) 297 (14 44) 198 (14 52) 198 (14 86) 297 (15 17) 198 (15 31) 198 (15 35) 99 (15 68) 297 (15 72) 396 (16 29) 297 (16 84) 396 (17 32) 198 (17 37) 396 (17 54) 99 (17 68) 198 (17 71) 396 (17 76) 396 (17 80) 396 (18 87) 198 (19 38) 99 (19 46) 99 (19 56) 297 (19 68) 198 (20 74) 396 (20 75) 99 (20 84) 99 (20 89) 396 (21 26) 396 (21 42) 297 (21 56) 297 (22 28) 396 (22 61) 297 (23 33) 396 (23 62) 297 (24 33) 297 (24 70) 396 (25 31) 396 (25 46) 396 (25 50) 198 (25 60) 396 (26 43) 99 (26 48) 198 (26 57) 198 (27 38) 99 (27 47) 99 (27 77) 198 (28 42) 297 (28 55) 297 (29 89) 297 (30 33) 99 (30 66) 297 (30 74) 198 (31 67) 198 (32 62) 198 (32 72) 198 (32 73) 396 (32 77) 99 (32 78) 99 (33 61) 396 (34 44) 297 (34 53) 198 (34 83) 396 (35 39) 396 (35 56) 198 (35 82) 396 (36 54) 297 (36 82) 99 (36 85) 297 (37 40) 198 (37 51) 99 (38 81) 99 (39 75) 396 (40 75) 297 (41 45) 297 (41 76) 99 (41 88) 198 (42 45) 198 (42 55) 396 (42 88) 297 (43 64) 99 (43 68) 396 (43 72) 297 (43 78) 297 (44 47) 99 (44 54) 297 (45 50) 297 (47 52) 297 (47 63) 198 (48 52) 99 (48 61) 99 (48 69) 198 (48 77) 396 (48 86) 99 (48 88) 396 (49 70) 198 (51 56) 396 (51 85) 396 (51 89) 99 (52 60) 99 (52 73) 396 (52 80) 396 (53 60) 99 (55 56) 99 (55 84) 198 (56 57) 99 (57 64) 297 (57 69) 396 (58 60) 396 (58 76) 297 (58 85) 198 (60 83) 198 (61 62) 198 (61 63) 297 (61 64) 396 (62 64) 396 (62 84) 198 (62 89) 297 (63 70) 297 (64 67) 297 (64 74) 198 (64 76) 297 (65 75) 99 (65 78) 198 (65 89) 297 (67 90) 396 (69 87) 198 (70 79) 99 (71 74) 396 (71 81) 297 (73 84) 396 (75 88) 99 (77 79) 99 (78 89) 297 (81 83) 99 (81 84) 297 (81 90) 198 (84 85) 396 ]

ImmediatePredecessorsToActivity: [
[ ]
[ 1 ]
[ 1 ]
[ 1 ]
[ 4 ]
[ 1 ]
[ 4 6 ]
[ 2 ]
[ 2 ]
[ 6 8 9 ]
[ 3 7 ]
[ 10 ]
[ 2 6 ]
[ 7 ]
[ ]
[ 15 ]
[ 15 ]
[ 15 ]
[ 18 ]
[ 16 ]
[ 19 ]
[ 20 ]
[ 15 ]
[ 18 ]
[ 24 ]
[ 23 ]
[ 23 ]
[ 19 ]
[ 23 ]
[ ]
[ 30 ]
[ 31 ]
[ 31 ]
[ 31 ]
[ 32 ]
[ 30 ]
[ 32 ]
[ 30 ]
[ ]
[ 39 ]
[ 40 ]
[ 39 ]
[ 41 ]
[ 42 ]
[ 39 ]
[ 42 ]
[ 41 46 ]
[ 43 47 ]
[ 40 ]
[ 41 ]
[ 39 ]
[ 43 50 ]
[ 52 ]
[ ]
[ 54 ]
[ 54 ]
[ 54 ]
[ 54 ]
[ 58 ]
[ ]
[ 60 ]
[ 60 ]
[ 60 ]
[ 63 ]
[ 62 ]
[ 65 ]
[ 64 65 ]
[ 64 66 ]
[ 60 ]
[ 64 66 ]
[ 63 ]
[ 62 63 67 70 ]
[ 63 ]
[ 61 65 72 73 ]
[ 61 65 ]
[ 71 72 73 ]
[ 70 71 73 75 ]
[ 66 67 71 ]
[ ]
[ 79 ]
[ 80 ]
[ 80 ]
[ 79 ]
[ 80 83 ]
[ 79 ]
[ 80 ]
[ 86 ]
[ 79 ]
[ 83 88 ]
[ 85 88 ]
[ 84 90 ]
[ 83 ]
[ 80 90 92 ]
[ 89 92 ]
[ 89 ]
[ 83 90 95 ]
[ 79 ]
[ ]
[ 98 ]
[ 98 ]
[ 99 ]
[ 101 ]
[ 99 ]
[ 101 ]
[ 100 102 ]
[ 105 ]
[ 104 ]
[ 102 107 ]
[ 102 107 ]
[ 99 108 109 ]
[ ]
[ 111 ]
[ 111 ]
[ 111 ]
[ 111 ]
[ 111 ]
[ 112 ]
[ ]
[ 118 ]
[ 118 ]
[ 118 ]
[ 120 ]
[ 119 ]
[ 118 ]
[ 122 124 ]
[ 123 125 ]
[ 118 ]
[ 119 ]
[ 119 ]
[ 124 ]
[ 119 127 ]
[ 122 ]
[ 121 124 ]
[ 119 133 ]
[ 125 131 ]
]

ActivitiesInProject: [
[ 1 2 3 4 5 6 7 8 9 10 11 12 13 14 ]
[ 15 16 17 18 19 20 21 22 23 24 25 26 27 28 29 ]
[ 30 31 32 33 34 35 36 37 38 ]
[ 39 40 41 42 43 44 45 46 47 48 49 50 51 52 53 ]
[ 54 55 56 57 58 59 ]
[ 60 61 62 63 64 65 66 67 68 69 70 71 72 73 74 75 76 77 78 ]
[ 79 80 81 82 83 84 85 86 87 88 89 90 91 92 93 94 95 96 97 ]
[ 98 99 100 101 102 103 104 105 106 107 108 109 110 ]
[ 111 112 113 114 115 116 117 ]
[ 118 119 120 121 122 123 124 125 126 127 128 129 130 131 132 133 134 135 ]
]

nActivityModes: [ 3 3 3 3 3 3 3 3 3 3 3 3 3 3 3 3 3 3 3 3 3 3 3 3 3 3 3 3 3 3 3 3 3 3 3 3 3 3 3 3 3 3 3 3 3 3 3 3 3 3 3 3 3 3 3 3 3 3 3 3 3 3 3 3 3 3 3 3 3 3 3 3 3 3 3 3 3 3 3 3 3 3 3 3 3 3 3 3 3 3 3 3 3 3 3 3 3 3 3 3 3 3 3 3 3 3 3 3 3 3 3 3 3 3 3 3 3 3 3 3 3 3 3 3 3 3 3 3 3 3 3 3 3 3 3 ]

ActivitiyDurationWithMode: [
1	1	1	
18	12	24	
4	3	6	
9	6	12	
28	19	38	
4	3	6	
12	8	16	
6	4	8	
9	6	12	
5	4	7	
13	9	18	
5	4	7	
8	6	11	
15	10	20	
1	1	1	
5	4	7	
27	18	36	
18	12	24	
10	7	14	
6	4	8	
6	4	8	
6	4	8	
6	4	8	
5	4	7	
6	4	8	
10	7	14	
10	7	14	
6	4	8	
6	4	8	
1	1	1	
3	2	4	
5	4	7	
3	2	4	
3	2	4	
7	5	10	
5	4	7	
3	2	4	
12	8	16	
1	1	1	
5	4	7	
9	6	12	
22	15	30	
5	4	7	
17	12	23	
11	8	15	
8	6	11	
4	3	6	
5	4	7	
10	7	14	
6	4	8	
7	5	10	
5	4	7	
6	4	8	
1	1	1	
5	4	7	
2	2	3	
3	2	4	
3	2	4	
5	4	7	
1	1	1	
6	4	8	
6	4	8	
6	4	8	
12	8	16	
9	6	12	
6	4	8	
8	6	11	
5	4	7	
40	27	54	
12	8	16	
14	10	19	
6	4	8	
9	6	12	
7	5	10	
7	5	10	
7	5	10	
10	7	14	
6	4	8	
1	1	1	
32	22	43	
7	5	10	
8	6	11	
10	7	14	
6	4	8	
6	4	8	
6	4	8	
6	4	8	
9	6	12	
6	4	8	
8	6	11	
6	4	8	
8	6	11	
11	8	15	
10	7	14	
7	5	10	
16	11	22	
6	4	8	
1	1	1	
4	3	6	
13	9	18	
8	6	11	
4	3	6	
21	14	28	
4	3	6	
5	4	7	
13	9	18	
4	3	6	
5	4	7	
5	4	7	
6	4	8	
1	1	1	
3	2	4	
5	4	7	
10	7	14	
5	4	7	
3	2	4	
5	4	7	
1	1	1	
6	4	8	
17	12	23	
23	16	31	
6	4	8	
11	8	15	
7	5	10	
5	4	7	
10	7	14	
16	11	22	
8	6	11	
30	20	40	
24	16	32	
18	12	24	
17	12	23	
8	6	11	
5	4	7	
6	4	8	
]
StintsInProject: [
[ 1 2 3 4 5 ]
[ 6 7 8 9 10 ]
[ 11 12 13 14 15 16 17 18 19 ]
[ 20 21 22 23 24 ]
[ 25 26 27 28 29 30 31 32 33 ]
[ 34 35 36 37 38 ]
[ 39 40 41 42 43 ]
[ 44 45 46 47 48 ]
[ 49 50 51 52 53 54 55 56 57 ]
[ 58 59 60 61 62 ]
]

WorkingStintsOnDay: [
[ 1 6 11 20 25 34 39 44 49 58 ]
[ 1 6 11 20 25 34 39 44 49 58 ]
[ 1 6 11 20 25 34 39 44 49 58 ]
[ 1 6 11 20 25 34 39 44 49 58 ]
[ 1 6 11 20 25 34 39 44 49 58 ]
[ 1 6 20 34 39 44 58 ]
[ 1 6 20 34 39 44 58 ]
[ 1 6 12 20 26 34 39 44 50 58 ]
[ 1 6 12 20 26 34 39 44 50 58 ]
[ 1 6 12 20 26 34 39 44 50 58 ]
[ 1 6 12 20 26 34 39 44 50 58 ]
[ 1 6 12 20 26 34 39 44 50 58 ]
[ 1 20 44 ]
[ 1 20 44 ]
[ 2 7 13 21 27 35 40 45 51 59 ]
[ 2 7 13 21 27 35 40 45 51 59 ]
[ 2 7 13 21 27 35 40 45 51 59 ]
[ 2 7 13 21 27 35 40 45 51 59 ]
[ 2 7 13 21 27 35 40 45 51 59 ]
[ 2 7 21 35 40 45 59 ]
[ 2 7 21 35 40 45 59 ]
[ 2 7 14 21 28 35 40 45 52 59 ]
[ 2 7 14 21 28 35 40 45 52 59 ]
[ 2 7 14 21 28 35 40 45 52 59 ]
[ 2 7 14 21 28 35 40 45 52 59 ]
[ 2 7 14 21 28 35 40 45 52 59 ]
[ 2 21 45 ]
[ 2 21 45 ]
[ 3 8 15 22 29 36 41 46 53 60 ]
[ 3 8 15 22 29 36 41 46 53 60 ]
[ 3 8 15 22 29 36 41 46 53 60 ]
[ 3 8 15 22 29 36 41 46 53 60 ]
[ 3 8 15 22 29 36 41 46 53 60 ]
[ 3 8 22 36 41 46 60 ]
[ 3 8 22 36 41 46 60 ]
[ 3 8 16 22 30 36 41 46 54 60 ]
[ 3 8 16 22 30 36 41 46 54 60 ]
[ 3 8 16 22 30 36 41 46 54 60 ]
[ 3 8 16 22 30 36 41 46 54 60 ]
[ 3 8 16 22 30 36 41 46 54 60 ]
[ 3 22 46 ]
[ 3 22 46 ]
[ 4 9 17 23 31 37 42 47 55 61 ]
[ 4 9 17 23 31 37 42 47 55 61 ]
[ 4 9 17 23 31 37 42 47 55 61 ]
[ 4 9 17 23 31 37 42 47 55 61 ]
[ 4 9 17 23 31 37 42 47 55 61 ]
[ 4 9 23 37 42 47 61 ]
[ 4 9 23 37 42 47 61 ]
[ 4 9 18 23 32 37 42 47 56 61 ]
[ 4 9 18 23 32 37 42 47 56 61 ]
[ 4 9 18 23 32 37 42 47 56 61 ]
[ 4 9 18 23 32 37 42 47 56 61 ]
[ 4 9 18 23 32 37 42 47 56 61 ]
[ 4 23 47 ]
[ 4 23 47 ]
[ 5 10 19 24 33 38 43 48 57 62 ]
[ 5 10 19 24 33 38 43 48 57 62 ]
[ 5 10 19 24 33 38 43 48 57 62 ]
[ 5 10 19 24 33 38 43 48 57 62 ]
]

ProjectStart: [ 13 3 18 14 18 4 3 18 18 9 ]

ProjectEnd: [ 52 44 41 54 33 58 56 53 34 58 ]

EarliestStartDayForActivity: [ 1 13 13 13 22 13 22 31 31 40 34 45 31 34 1 3 3 3 23 8 35 16 3 23 30 9 9 35 9 1 18 23 23 23 30 18 30 18 1 14 19 14 28 36 14 36 44 48 19 28 14 34 39 1 18 18 18 18 23 1 4 4 4 10 10 21 24 27 4 27 10 41 10 49 21 49 41 34 1 3 39 39 3 39 3 39 47 3 13 12 47 13 39 23 21 30 3 1 18 18 22 30 22 30 34 39 34 38 38 43 1 18 18 18 18 18 23 1 9 9 9 30 17 9 36 41 9 17 17 18 27 36 36 46 49 ]

LatestStartDayForActivity: [ 1 52 52 52 52 52 52 52 52 52 52 52 52 52 1 44 44 44 44 44 44 44 44 44 44 44 44 44 44 1 41 41 41 41 41 41 41 41 1 54 54 54 54 54 54 54 54 54 54 54 54 54 54 1 33 33 33 33 33 1 58 58 58 58 58 58 58 58 58 58 58 58 58 58 58 58 58 58 1 56 56 56 56 56 56 56 56 56 56 56 56 56 56 56 56 56 56 1 53 53 53 53 53 53 53 53 53 53 53 53 1 34 34 34 34 34 34 1 58 58 58 58 58 58 58 58 58 58 58 58 58 58 58 58 58 ]

EquipmentTypeDemandInActivityWithMode: [
0	0	0	
0	1	0	
1	3	1	
1	3	1	
0	1	0	
0	1	0	
2	4	2	
0	1	0	
1	3	1	
0	1	0	
0	1	0	
0	1	0	
0	1	0	
0	1	0	
0	0	0	
1	3	1	
0	1	0	
1	3	1	
0	1	0	
0	1	0	
0	1	0	
0	1	0	
0	1	0	
2	4	2	
2	4	2	
0	1	0	
1	3	1	
2	4	2	
0	1	0	
0	0	0	
0	1	0	
1	3	1	
0	1	0	
0	1	0	
0	1	0	
1	3	1	
0	1	0	
0	1	0	
0	0	0	
1	3	1	
0	1	0	
0	1	0	
2	4	2	
1	3	1	
0	1	0	
1	3	1	
1	3	1	
1	3	1	
1	3	1	
0	1	0	
0	1	0	
0	1	0	
0	1	0	
0	0	0	
0	1	0	
0	1	0	
0	1	0	
1	3	1	
0	1	0	
0	0	0	
0	1	0	
0	1	0	
0	1	0	
1	3	1	
0	1	0	
0	1	0	
1	3	1	
1	3	1	
1	3	1	
0	1	0	
2	4	2	
3	6	2	
0	1	0	
0	1	0	
2	4	2	
0	1	0	
1	3	1	
1	3	1	
0	0	0	
0	1	0	
1	3	1	
1	3	1	
1	3	1	
1	3	1	
1	3	1	
0	1	0	
1	3	1	
1	3	1	
0	1	0	
0	1	0	
1	3	1	
0	1	0	
0	1	0	
0	1	0	
1	3	1	
0	1	0	
0	1	0	
0	0	0	
1	3	1	
1	3	1	
2	4	2	
0	1	0	
0	1	0	
0	1	0	
0	1	0	
0	1	0	
0	1	0	
2	4	2	
0	1	0	
1	3	1	
0	0	0	
2	4	2	
1	3	1	
0	1	0	
0	1	0	
1	3	1	
0	1	0	
0	0	0	
1	3	1	
0	1	0	
1	3	1	
1	3	1	
0	1	0	
1	3	1	
1	3	1	
1	3	1	
1	3	1	
0	1	0	
1	3	1	
0	1	0	
1	3	1	
0	1	0	
0	1	0	
0	1	0	
1	3	1	

0	0	0	
0	1	0	
0	1	0	
0	1	0	
1	3	1	
0	1	0	
1	3	1	
0	1	0	
0	1	0	
1	3	1	
1	3	1	
0	1	0	
0	1	0	
0	1	0	
0	0	0	
0	1	0	
0	1	0	
0	1	0	
0	1	0	
0	1	0	
0	1	0	
0	1	0	
1	3	1	
1	3	1	
0	1	0	
0	1	0	
0	1	0	
2	4	2	
0	1	0	
0	0	0	
0	1	0	
0	1	0	
0	1	0	
0	1	0	
0	1	0	
0	1	0	
0	1	0	
0	1	0	
0	0	0	
0	1	0	
0	1	0	
0	1	0	
0	1	0	
0	1	0	
0	1	0	
0	1	0	
1	3	1	
0	1	0	
0	1	0	
0	1	0	
0	1	0	
1	3	1	
1	3	1	
0	0	0	
1	3	1	
0	1	0	
0	1	0	
0	1	0	
0	1	0	
0	0	0	
0	1	0	
0	1	0	
1	3	1	
0	1	0	
0	1	0	
0	1	0	
0	1	0	
1	3	1	
0	1	0	
0	1	0	
0	1	0	
0	1	0	
1	3	1	
0	1	0	
0	1	0	
0	1	0	
0	1	0	
0	1	0	
0	0	0	
0	1	0	
0	1	0	
0	1	0	
0	1	0	
0	1	0	
1	3	1	
1	3	1	
0	1	0	
0	1	0	
1	3	1	
0	1	0	
1	3	1	
1	3	1	
0	1	0	
0	1	0	
1	3	1	
0	1	0	
0	1	0	
0	0	0	
0	1	0	
1	3	1	
1	3	1	
0	1	0	
1	3	1	
0	1	0	
0	1	0	
0	1	0	
0	1	0	
0	1	0	
0	1	0	
1	3	1	
0	0	0	
0	1	0	
0	1	0	
0	1	0	
1	3	1	
0	1	0	
1	3	1	
0	0	0	
1	3	1	
0	1	0	
0	1	0	
0	1	0	
0	1	0	
0	1	0	
0	1	0	
0	1	0	
0	1	0	
0	1	0	
1	3	1	
1	3	1	
2	4	2	
0	1	0	
0	1	0	
0	1	0	
0	1	0	

0	0	0	
0	1	0	
2	4	2	
1	3	1	
2	4	2	
0	1	0	
0	1	0	
0	1	0	
0	1	0	
0	1	0	
0	1	0	
1	3	1	
0	1	0	
0	1	0	
0	0	0	
1	3	1	
1	3	1	
1	3	1	
0	1	0	
2	4	2	
1	3	1	
0	1	0	
0	1	0	
0	1	0	
0	1	0	
0	1	0	
1	3	1	
0	1	0	
1	3	1	
0	0	0	
0	1	0	
1	3	1	
0	1	0	
0	1	0	
0	1	0	
0	1	0	
0	1	0	
1	3	1	
0	0	0	
0	1	0	
0	1	0	
0	1	0	
0	1	0	
0	1	0	
1	3	1	
0	1	0	
0	1	0	
0	1	0	
0	1	0	
0	1	0	
0	1	0	
1	3	1	
0	1	0	
0	0	0	
0	1	0	
1	3	1	
0	1	0	
0	1	0	
0	1	0	
0	0	0	
0	1	0	
0	1	0	
0	1	0	
1	3	1	
0	1	0	
0	1	0	
0	1	0	
0	1	0	
1	3	1	
0	1	0	
1	3	1	
0	1	0	
1	3	1	
1	3	1	
0	1	0	
0	1	0	
1	3	1	
2	4	2	
0	0	0	
1	3	1	
0	1	0	
1	3	1	
0	1	0	
0	1	0	
0	1	0	
1	3	1	
0	1	0	
0	1	0	
0	1	0	
2	4	2	
0	1	0	
0	1	0	
0	1	0	
0	1	0	
0	1	0	
0	1	0	
0	1	0	
0	0	0	
0	1	0	
0	1	0	
0	1	0	
1	3	1	
0	1	0	
0	1	0	
1	3	1	
0	1	0	
0	1	0	
1	3	1	
1	3	1	
0	1	0	
0	0	0	
0	1	0	
0	1	0	
1	3	1	
0	1	0	
0	1	0	
0	1	0	
0	0	0	
1	3	1	
0	1	0	
0	1	0	
1	3	1	
0	1	0	
0	1	0	
0	1	0	
1	3	1	
1	3	1	
0	1	0	
1	3	1	
0	1	0	
1	3	1	
1	3	1	
1	3	1	
1	3	1	
1	3	1	

0	0	0	
0	1	0	
1	3	1	
1	3	1	
0	1	0	
1	3	1	
0	1	0	
0	1	0	
0	1	0	
1	3	1	
0	1	0	
1	3	1	
1	3	1	
0	1	0	
0	0	0	
0	1	0	
1	3	1	
0	1	0	
1	3	1	
1	3	1	
1	3	1	
0	1	0	
0	1	0	
0	1	0	
1	3	1	
2	4	2	
0	1	0	
0	1	0	
0	1	0	
0	0	0	
0	1	0	
2	4	2	
0	1	0	
0	1	0	
0	1	0	
1	3	1	
1	3	1	
0	1	0	
0	0	0	
1	3	1	
1	3	1	
0	1	0	
1	3	1	
0	1	0	
1	3	1	
0	1	0	
0	1	0	
1	3	1	
2	4	2	
0	1	0	
0	1	0	
0	1	0	
0	1	0	
0	0	0	
0	1	0	
1	3	1	
0	1	0	
1	3	1	
1	3	1	
0	0	0	
2	4	2	
1	3	1	
1	3	1	
0	1	0	
0	1	0	
0	1	0	
0	1	0	
0	1	0	
1	3	1	
1	3	1	
1	3	1	
0	1	0	
0	1	0	
1	3	1	
0	1	0	
0	1	0	
0	1	0	
0	1	0	
0	0	0	
0	1	0	
0	1	0	
0	1	0	
0	1	0	
1	3	1	
0	1	0	
1	3	1	
0	1	0	
0	1	0	
0	1	0	
0	1	0	
2	4	2	
0	1	0	
0	1	0	
0	1	0	
0	1	0	
1	3	1	
0	1	0	
0	0	0	
2	4	2	
0	1	0	
0	1	0	
1	3	1	
0	1	0	
1	3	1	
1	3	1	
0	1	0	
1	3	1	
1	3	1	
1	3	1	
0	1	0	
0	0	0	
1	3	1	
0	1	0	
2	4	2	
0	1	0	
0	1	0	
0	1	0	
0	0	0	
1	3	1	
1	3	1	
0	1	0	
1	3	1	
1	3	1	
0	1	0	
0	1	0	
0	1	0	
0	1	0	
0	1	0	
1	3	1	
1	3	1	
1	3	1	
0	1	0	
1	3	1	
0	1	0	
0	1	0	

0	0	0	
0	1	0	
0	1	0	
2	4	2	
0	1	0	
0	1	0	
1	3	1	
1	3	1	
2	4	2	
0	1	0	
1	3	1	
0	1	0	
2	4	2	
2	4	2	
0	0	0	
0	1	0	
0	1	0	
1	3	1	
0	1	0	
1	3	1	
0	1	0	
1	3	1	
0	1	0	
0	1	0	
1	3	1	
0	1	0	
0	1	0	
0	1	0	
0	1	0	
0	0	0	
1	3	1	
0	1	0	
0	1	0	
0	1	0	
0	1	0	
0	1	0	
0	1	0	
0	1	0	
0	0	0	
1	3	1	
1	3	1	
0	1	0	
0	1	0	
1	3	1	
0	1	0	
0	1	0	
1	3	1	
0	1	0	
0	1	0	
0	1	0	
0	1	0	
0	1	0	
1	3	1	
0	0	0	
0	1	0	
0	1	0	
0	1	0	
0	1	0	
1	3	1	
0	0	0	
0	1	0	
1	3	1	
0	1	0	
1	3	1	
0	1	0	
0	1	0	
0	1	0	
0	1	0	
0	1	0	
0	1	0	
0	1	0	
0	1	0	
0	1	0	
0	1	0	
0	1	0	
0	1	0	
0	1	0	
0	1	0	
0	0	0	
1	3	1	
0	1	0	
1	3	1	
0	1	0	
0	1	0	
0	1	0	
0	1	0	
0	1	0	
0	1	0	
0	1	0	
0	1	0	
0	1	0	
0	1	0	
0	1	0	
1	3	1	
0	1	0	
0	1	0	
0	1	0	
0	0	0	
1	3	1	
0	1	0	
0	1	0	
0	1	0	
0	1	0	
0	1	0	
0	1	0	
1	3	1	
0	1	0	
0	1	0	
0	1	0	
1	3	1	
0	0	0	
0	1	0	
0	1	0	
0	1	0	
1	3	1	
0	1	0	
0	1	0	
0	0	0	
0	1	0	
0	1	0	
0	1	0	
0	1	0	
0	1	0	
1	3	1	
0	1	0	
0	1	0	
1	3	1	
1	3	1	
2	4	2	
1	3	1	
0	1	0	
1	3	1	
1	3	1	
1	3	1	
0	1	0	

0	0	0	
1	3	1	
1	3	1	
0	1	0	
0	1	0	
1	3	1	
0	1	0	
0	1	0	
0	1	0	
0	1	0	
1	3	1	
0	1	0	
0	1	0	
0	1	0	
0	0	0	
2	4	2	
0	1	0	
0	1	0	
0	1	0	
0	1	0	
1	3	1	
0	1	0	
1	3	1	
1	3	1	
0	1	0	
0	1	0	
0	1	0	
1	3	1	
0	1	0	
0	0	0	
0	1	0	
1	3	1	
0	1	0	
1	3	1	
0	1	0	
0	1	0	
1	3	1	
0	1	0	
0	0	0	
0	1	0	
1	3	1	
0	1	0	
1	3	1	
0	1	0	
1	3	1	
1	3	1	
0	1	0	
1	3	1	
0	1	0	
1	3	1	
0	1	0	
1	3	1	
1	3	1	
0	0	0	
0	1	0	
0	1	0	
0	1	0	
1	3	1	
1	3	1	
0	0	0	
0	1	0	
1	3	1	
0	1	0	
0	1	0	
0	1	0	
2	4	2	
0	1	0	
0	1	0	
0	1	0	
2	4	2	
0	1	0	
0	1	0	
1	3	1	
2	4	2	
1	3	1	
2	4	2	
0	1	0	
0	1	0	
0	0	0	
1	3	1	
0	1	0	
1	3	1	
0	1	0	
0	1	0	
0	1	0	
0	1	0	
0	1	0	
1	3	1	
0	1	0	
0	1	0	
0	1	0	
0	1	0	
1	3	1	
0	1	0	
0	1	0	
0	1	0	
0	1	0	
0	0	0	
0	1	0	
0	1	0	
1	3	1	
0	1	0	
0	1	0	
0	1	0	
0	1	0	
0	1	0	
0	1	0	
2	4	2	
0	1	0	
0	1	0	
0	0	0	
0	1	0	
0	1	0	
0	1	0	
1	3	1	
0	1	0	
0	1	0	
0	0	0	
1	3	1	
0	1	0	
1	3	1	
1	3	1	
0	1	0	
0	1	0	
0	1	0	
0	1	0	
2	4	2	
2	4	2	
0	1	0	
0	1	0	
0	1	0	
0	1	0	
1	3	1	
0	1	0	
0	1	0	

]

ExternalEquipmentRentingCost: [
3871	3428	2810	3305	2194	5639	1401	5786	4796	5661	3334	2651	2884	5672	5479	3378	2916	1663	4066	3730	1158	1814	1638	4018	5439	1635	2016	5221	5398	4285	2241	2836	1391	1525	2302	5066	4570	3988	1676	1832	4474	1420	3423	2620	2284	4615	3234	5959	1251	1927	5508	4885	2410	4763	1142	5952	5095	5756	3367	1479	4146	3790	4859	1234	2433	5318	2852	3624	4087	3425	2104	2730	1824	3135	5032	1240	2320	1890	4295	3737	1385	4633	3034	1727	3743	4508	2281	5595	1621	4403	2647	3960	2979	2772	2444	5718	1790	3765	1977	1536	1235	4861	1716	1835	4373	1747	1592	2526	4319	4394	1735	1410	5312	3347	5281	1014	4150	5133	3631	1852	3107	4971	3588	3972	4268	1946	2362	2992	3996	4362	5107	2214	3415	2849	5631	
2169	1583	5537	1129	2215	2374	3058	2484	3125	4126	3682	1244	5305	4257	3072	4113	4006	4714	3338	3273	1604	4659	1618	4805	2326	3101	4120	1190	3826	4671	2804	4911	2930	4642	4938	1216	3485	2954	2773	2956	4253	4025	4489	5300	3087	3780	3082	1438	1880	2868	2362	2169	5374	1177	5609	1024	1995	2399	4835	1278	1762	3952	4376	3985	5379	2118	5169	5740	4391	5858	5642	5436	2580	2601	1301	3082	1438	4178	2226	4544	2162	4832	2743	4017	2488	3024	2624	1638	2898	5000	4300	5377	5376	3228	3622	4790	2452	4430	3697	4539	5878	5786	3135	3688	5231	2974	3228	1392	4744	2044	3215	4975	5082	1521	2725	3921	1482	1362	4890	3315	4340	5176	5195	5546	2012	5920	2153	3500	3689	5765	4772	2994	5178	2829	1939	
3099	5876	5595	5678	1917	4856	4014	5093	3163	3417	4522	2209	3691	1027	4078	3351	2985	2753	1844	5132	4010	2353	1002	2355	2655	2558	2243	5283	1322	3315	5283	3022	5941	3281	4223	1241	3728	2771	1984	3455	4336	2034	2987	2044	2475	3184	2716	4048	4273	2565	4717	5196	1797	1295	2918	5792	1384	1399	3195	4374	2408	2344	2996	4531	1635	5476	3010	4267	1983	4136	2903	2656	3369	1475	5627	4803	4969	3262	5182	5570	5754	5757	2265	1602	4305	1083	2510	1484	3604	4136	4703	2439	5434	4283	1068	1636	4616	3274	1841	2981	4157	5616	2163	3600	1709	5951	5699	3239	4547	1738	1724	4033	2913	1236	5406	2467	2974	4536	5512	4057	3224	3402	3125	2440	2123	3761	1766	1202	4898	2274	4735	3246	3297	1638	4675	
1106	1395	4886	5961	1234	2602	3577	1417	5962	1313	4661	3617	3411	1337	4651	1045	5183	4343	3845	5600	2153	5392	5767	4808	3411	3148	3407	3902	5240	1228	2149	2361	5305	3551	1038	2583	2263	2213	5787	1107	4624	5747	1461	2164	5095	2407	5631	3121	1028	4962	2546	1064	5194	4650	1948	3381	1755	1327	1589	4615	5291	4028	1491	5977	1081	2111	2760	4866	2634	2997	5868	1356	4585	5447	3783	4358	3672	5189	2118	2204	1310	4504	4482	5195	3426	1063	2335	2561	2160	5630	4389	3061	4730	3426	4260	5509	1151	5834	2844	4800	3898	1413	1286	3501	4415	2201	2105	4844	3474	5631	4285	1711	2329	1471	4970	1200	5542	4579	4710	2283	5024	5727	2150	1872	2331	3311	2539	3862	3663	1293	1015	5612	2743	2130	4183	
4377	5727	4893	2476	2806	5892	1120	2685	3168	4580	5507	3501	1270	1290	1469	2637	1029	4230	1033	2723	3647	5020	3938	5486	4291	4484	4492	5862	1101	2900	4129	2165	3247	5513	5771	5031	4917	4106	4916	5184	2617	1771	5384	1465	3987	3692	4935	3045	1312	1982	2960	5831	2035	1978	1464	3141	2507	5454	2078	4467	5661	2036	2770	1436	4949	2156	1023	3464	2032	5280	2260	3671	2597	5254	3800	3582	2450	1538	4245	4454	5612	4099	1733	5745	4088	5995	4213	3600	3582	2547	1017	1222	1332	3851	5108	4801	4198	5514	2043	2154	4560	2993	1940	4728	1289	1195	4577	4786	4007	3606	1960	1822	1831	4575	3919	2783	2387	1285	2894	4103	5566	3646	1298	1660	5999	2124	2741	1661	2940	1192	5901	3751	5251	3500	1495	
5839	2127	2656	2515	1036	3322	2287	3557	1845	1735	2290	5616	1142	1612	4038	3416	2407	1472	5832	5863	2495	5980	2671	4364	2722	2473	4106	1421	4628	2832	3395	2581	4334	4547	2467	3627	5258	1489	5454	2475	1194	5380	1600	2662	2808	1640	1078	5745	2546	2317	3764	2309	2618	4213	5056	5031	2895	4463	2130	4923	1820	4326	2545	2677	4071	4056	5215	1171	3349	5476	2463	5808	2412	2683	1677	1256	3757	1379	5220	5839	3125	1309	2275	3388	5601	5878	2906	1264	3835	4109	2516	5421	1267	4881	2024	5345	4545	4373	2434	1179	4156	5022	5543	4207	1658	3172	2310	3857	3802	1445	4100	2556	5070	5158	5460	1912	2730	1502	2449	4805	5245	2790	3036	2370	4808	1317	5114	4017	4601	3330	4284	1755	1777	3588	3508	
]

EquipmentTypeTransportationCost: [
1	2987	3820	3293	3620	3953	3792	3319	3662	3698	
2987	1	3617	3540	3807	4085	3555	3561	3877	3885	
3820	3617	1	4058	4155	4396	3429	4076	4309	4346	
3293	3540	4058	1	3154	3784	3968	1000	3409	3395	
3620	3807	4155	3154	1	3521	4174	3077	3080	3089	
3953	4085	4396	3784	3521	1	4352	3793	3243	3247	
3792	3555	3429	3968	4174	4352	1	3925	4284	4223	
3319	3561	4076	1000	3077	3793	3925	1	3394	3420	
3662	3877	4309	3409	3080	3243	4284	3394	1	1000	
3698	3885	4346	3395	3089	3247	4223	3420	1000	1	

1	3173	4049	3505	3795	4135	3968	3450	3988	3789	
3173	1	3824	3762	4006	4368	3728	3696	4162	4157	
4049	3824	1	4241	4464	4817	3632	4301	4428	4590	
3505	3762	4241	1	3274	3940	4244	1000	3569	3600	
3795	4006	4464	3274	1	3647	4393	3276	3270	3211	
4135	4368	4817	3940	3647	1	4628	3936	3411	3411	
3968	3728	3632	4244	4393	4628	1	4140	4433	4538	
3450	3696	4301	1000	3276	3936	4140	1	3611	3610	
3988	4162	4428	3569	3270	3411	4433	3611	1	1000	
3789	4157	4590	3600	3211	3411	4538	3610	1000	1	

1	2946	3652	3153	3502	3860	3665	3205	3562	3647	
2946	1	3499	3395	3702	3982	3444	3452	3756	3760	
3652	3499	1	3912	4035	4319	3332	3956	4129	4124	
3153	3395	3912	1	3039	3636	3818	1000	3297	3316	
3502	3702	4035	3039	1	3428	3981	3023	3020	2984	
3860	3982	4319	3636	3428	1	4226	3648	3115	3192	
3665	3444	3332	3818	3981	4226	1	3793	4076	4040	
3205	3452	3956	1000	3023	3648	3793	1	3325	3255	
3562	3756	4129	3297	3020	3115	4076	3325	1	1000	
3647	3760	4124	3316	2984	3192	4040	3255	1000	1	

1	2898	3659	3223	3565	3901	3649	3227	3641	3618	
2898	1	3528	3498	3737	4034	3441	3434	3741	3781	
3659	3528	1	3981	4063	4323	3346	3969	4142	4185	
3223	3498	3981	1	3050	3653	3887	1000	3352	3312	
3565	3737	4063	3050	1	3435	3995	3039	3026	3007	
3901	4034	4323	3653	3435	1	4267	3715	3192	3191	
3649	3441	3346	3887	3995	4267	1	3829	4137	4118	
3227	3434	3969	1000	3039	3715	3829	1	3320	3354	
3641	3741	4142	3352	3026	3192	4137	3320	1	1000	
3618	3781	4185	3312	3007	3191	4118	3354	1000	1	

1	3213	4099	3538	3906	4255	4088	3542	3951	3966	
3213	1	3904	3824	4060	4362	3830	3777	4167	4148	
4099	3904	1	4360	4559	4826	3639	4401	4562	4607	
3538	3824	4360	1	3349	4006	4149	1000	3681	3564	
3906	4060	4559	3349	1	3779	4472	3389	3307	3281	
4255	4362	4826	4006	3779	1	4794	4036	3456	3463	
4088	3830	3639	4149	4472	4794	1	4177	4470	4484	
3542	3777	4401	1000	3389	4036	4177	1	3628	3675	
3951	4167	4562	3681	3307	3456	4470	3628	1	1000	
3966	4148	4607	3564	3281	3463	4484	3675	1000	1	

1	3400	4422	3764	4222	4646	4330	3771	4296	4325	
3400	1	4212	4093	4403	4833	4080	4174	4471	4521	
4422	4212	1	4799	4864	5180	3868	4738	4943	4955	
3764	4093	4799	1	3571	4393	4584	1000	3939	3908	
4222	4403	4864	3571	1	3987	4784	3547	3555	3540	
4646	4833	5180	4393	3987	1	5175	4377	3725	3714	
4330	4080	3868	4584	4784	5175	1	4561	4859	4953	
3771	4174	4738	1000	3547	4377	4561	1	3922	3862	
4296	4471	4943	3939	3555	3725	4859	3922	1	1000	
4325	4521	4955	3908	3540	3714	4953	3862	1000	1	

]

TransportationTimeForEquipmentTypeBetweenProjects: [
1	1	3	1	1	3	3	1	3	3	
1	1	1	1	3	3	1	1	3	3	
3	1	1	3	4	4	1	3	4	4	
1	1	3	1	1	3	3	1	1	1	
1	3	4	1	1	1	3	1	1	1	
3	3	4	3	1	1	4	3	1	1	
3	1	1	3	3	4	1	3	4	4	
1	1	3	1	1	3	3	1	1	1	
3	3	4	1	1	1	4	1	1	1	
3	3	4	1	1	1	4	1	1	1	

1	1	3	1	1	3	3	1	3	3	
1	1	1	1	3	3	1	1	3	3	
3	1	1	3	5	5	1	3	5	5	
1	1	3	1	1	3	3	1	1	1	
1	3	5	1	1	1	3	1	1	1	
3	3	5	3	1	1	5	3	1	1	
3	1	1	3	3	5	1	3	5	5	
1	1	3	1	1	3	3	1	1	1	
3	3	5	1	1	1	5	1	1	1	
3	3	5	1	1	1	5	1	1	1	

1	1	3	1	1	3	3	1	3	3	
1	1	1	1	3	3	1	1	3	3	
3	1	1	3	4	4	1	3	4	4	
1	1	3	1	1	3	3	1	1	1	
1	3	4	1	1	1	3	1	1	1	
3	3	4	3	1	1	4	3	1	1	
3	1	1	3	3	4	1	3	4	4	
1	1	3	1	1	3	3	1	1	1	
3	3	4	1	1	1	4	1	1	1	
3	3	4	1	1	1	4	1	1	1	

1	1	3	1	1	3	3	1	3	3	
1	1	1	1	3	3	1	1	3	3	
3	1	1	3	4	4	1	3	4	4	
1	1	3	1	1	3	3	1	1	1	
1	3	4	1	1	1	3	1	1	1	
3	3	4	3	1	1	4	3	1	1	
3	1	1	3	3	4	1	3	4	4	
1	1	3	1	1	3	3	1	1	1	
3	3	4	1	1	1	4	1	1	1	
3	3	4	1	1	1	4	1	1	1	

1	1	3	1	1	3	3	1	3	3	
1	1	1	1	3	3	1	1	3	3	
3	1	1	3	5	5	1	3	5	5	
1	1	3	1	1	3	3	1	1	1	
1	3	5	1	1	1	3	1	1	1	
3	3	5	3	1	1	5	3	1	1	
3	1	1	3	3	5	1	3	5	5	
1	1	3	1	1	3	3	1	1	1	
3	3	5	1	1	1	5	1	1	1	
3	3	5	1	1	1	5	1	1	1	

1	1	3	1	1	3	3	1	3	3	
1	1	1	1	3	3	1	1	3	3	
3	1	1	3	5	5	1	3	5	5	
1	1	3	1	1	3	3	1	1	1	
1	3	5	1	1	1	3	1	1	1	
3	3	5	3	1	1	5	3	1	1	
3	1	1	3	3	5	1	3	5	5	
1	1	3	1	1	3	3	1	1	1	
3	3	5	1	1	1	5	1	1	1	
3	3	5	1	1	1	5	1	1	1	

]

TotalNumberOfInitialEquipmentTypeLocation: [
(1 15) 1 (1 30) 1 (1 54) 1 (1 79) 1 (1 98) 4 (1 111) 1 (1 118) 1 
(2 30) 1 (2 54) 1 (2 60) 1 (2 111) 1 
(3 39) 2 (3 60) 2 (3 79) 1 
(4 1) 1 (4 30) 1 (4 60) 1 (4 79) 1 (4 98) 1 (4 118) 2 
(5 30) 1 (5 39) 2 (5 54) 1 (5 60) 2 
(6 15) 3 (6 60) 1 (6 111) 3 (6 118) 1 
]

DepotActivities: [ 1 15 30 39 54 60 79 98 111 118 ]

MaximalStintCliques: [
[ 2 21 45 54 3 36 8 41 46 30 60 22 16 ]
[ 2 21 45 7 35 40 59 1 44 20 28 52 14 ]
[ 2 21 45 7 35 40 59 1 44 20 34 6 39 58 51 27 13 ]
[ 2 21 45 7 35 40 59 3 36 8 41 46 15 29 60 53 22 ]
[ 4 9 23 37 42 47 61 33 5 38 10 43 48 57 19 62 24 ]
[ 4 9 23 37 42 47 61 3 46 22 18 32 56 ]
[ 4 9 23 37 42 47 61 3 46 22 36 8 41 17 60 55 31 ]
[ 11 1 34 6 39 44 49 25 58 20 ]
[ 12 1 34 6 39 44 50 26 58 20 ]
]
