nEmployees: 90
nSkills: 4
nProjects: 10
nDays: 60
nActivities: 135
nEquipmentTypes: 4
nStints: 58
nMaxModes: 3
nStintCliques: 9

EmployeeInStintCost: [
39090 39090 39090 32370 14172 27484 27484 27484 25468 8724 33792 33792 33792 27072 7704 34612 34612 34612 27892 8184 12635 12635 12635 12635 12635 12635 12635 12635 9676 33268 33268 33268 26548 7800 30368 30368 30368 28352 9952 32332 32332 32332 25612 8424 37108 37108 37108 30388 10640 12573 12573 12573 12573 12573 12573 12573 12573 9340 
36772 36772 36772 29992 11710 26020 26020 26020 23986 7158 34658 34658 34658 27878 8426 37662 37662 37662 30882 11090 4068 4068 4068 4068 4068 4068 4068 4068 2034 36318 36318 36318 29538 10706 19480 19480 19480 17446 7954 30438 30438 30438 23658 6386 35814 35814 35814 29034 9202 15825 15825 15825 15825 15825 15825 15825 15825 12574 
40092 40092 40092 33312 15030 28380 28380 28380 26346 9518 34410 34410 34410 27630 8178 34078 34078 34078 27298 7506 13303 13303 13303 13303 13303 13303 13303 13303 10326 32734 32734 32734 25954 7122 30952 30952 30952 28918 10434 33262 33262 33262 26482 9210 38110 38110 38110 31330 11498 11785 11785 11785 11785 11785 11785 11785 11785 8534 
36286 36286 36286 29686 11656 25660 25660 25660 23680 7104 34172 34172 34172 27572 8372 37176 37176 37176 30576 11036 3960 3960 3960 3960 3960 3960 3960 3960 1980 35832 35832 35832 29232 10652 19120 19120 19120 17140 7900 29952 29952 29952 23352 6332 35328 35328 35328 28728 9148 15717 15717 15717 15717 15717 15717 15717 15717 12520 
39106 39106 39106 32146 13612 27060 27060 27060 24972 7892 18792 18792 18792 11832 2088 35772 35772 35772 28812 8768 11299 11299 11299 11299 11299 11299 11299 11299 8268 34428 34428 34428 27468 8384 29160 29160 29160 27072 8336 31980 31980 31980 25020 7496 37332 37332 37332 30372 10288 13533 13533 13533 13533 13533 13533 13533 13533 10228 
39444 39444 39444 32904 14958 27900 27900 27900 25938 9446 33762 33762 33762 27222 8106 33430 33430 33430 26890 7434 13159 13159 13159 13159 13159 13159 13159 13159 10254 32086 32086 32086 25546 7050 30472 30472 30472 28510 10362 32614 32614 32614 26074 9138 37462 37462 37462 30922 11426 11641 11641 11641 11641 11641 11641 11641 11641 8462 
17496 17496 17496 11016 1944 29836 29836 29836 27892 11484 39448 39448 39448 32968 13936 42356 42356 42356 35876 16504 14763 14763 14763 14763 14763 14763 14763 14763 11876 41012 41012 41012 34532 16120 33792 33792 33792 31848 13784 34100 34100 34100 27620 10768 36132 36132 36132 29652 10240 21013 21013 21013 21013 21013 21013 21013 21013 17852 
34610 34610 34610 27890 9692 26460 26460 26460 24444 7700 36152 36152 36152 29432 10064 38916 38916 38916 32196 12488 11779 11779 11779 11779 11779 11779 11779 11779 8820 37572 37572 37572 30852 12104 30936 30936 30936 28920 10520 31028 31028 31028 24308 7120 18144 18144 18144 11424 2016 17021 17021 17021 17021 17021 17021 17021 17021 13788 
34840 34840 34840 28420 10642 25180 25180 25180 23254 6930 34430 34430 34430 28010 9062 37090 37090 37090 30670 11382 11263 11263 11263 11263 11263 11263 11263 11263 8394 35746 35746 35746 29326 10998 29768 29768 29768 27842 9862 29690 29690 29690 23270 6502 22534 22534 22534 16114 7126 15809 15809 15809 15809 15809 15809 15809 15809 12666 
40410 40410 40410 34170 16644 28884 28884 28884 27012 10940 34056 34056 34056 27816 9120 32796 32796 32796 26556 7520 13787 13787 13787 13787 13787 13787 13787 13787 10972 31452 31452 31452 25212 7136 30200 30200 30200 28328 10600 33284 33284 33284 27044 10528 38644 38644 38644 32404 13328 11677 11677 11677 11677 11677 11677 11677 11677 8588 
41330 41330 41330 34370 15836 29340 29340 29340 27252 10172 35168 35168 35168 28208 8504 20352 20352 20352 13392 3648 13731 13731 13731 13731 13731 13731 13731 13731 10700 20352 20352 20352 13392 3648 31408 31408 31408 29320 10584 34316 34316 34316 27356 9832 39388 39388 39388 32428 12344 8376 8376 8376 8376 8376 8376 8376 8376 6288 
33110 33110 33110 26270 7904 29316 29316 29316 27264 10352 39036 39036 39036 32196 12660 42064 42064 42064 35224 15348 13235 13235 13235 13235 13235 13235 13235 13235 10240 40720 40720 40720 33880 14964 32744 32744 32744 30692 12124 33752 33752 33752 26912 9556 36560 36560 36560 29720 9804 20045 20045 20045 20045 20045 20045 20045 20045 16776 
41538 41538 41538 34578 16044 29524 29524 29524 27436 10356 35296 35296 35296 28336 8632 18792 18792 18792 11832 2088 13827 13827 13827 13827 13827 13827 13827 13827 10796 18792 18792 18792 11832 2088 31456 31456 31456 29368 10632 34492 34492 34492 27532 10008 39620 39620 39620 32660 12576 8016 8016 8016 8016 8016 8016 8016 8016 5928 
33544 33544 33544 27604 10498 24220 24220 24220 22438 6786 33134 33134 33134 27194 8918 35794 35794 35794 29854 11238 10975 10975 10975 10975 10975 10975 10975 10975 8250 34450 34450 34450 28510 10854 28808 28808 28808 27026 9718 28394 28394 28394 22454 6358 21238 21238 21238 15298 6982 15521 15521 15521 15521 15521 15521 15521 15521 12522 
39282 39282 39282 32802 14940 27780 27780 27780 25836 9428 33600 33600 33600 27120 8088 33268 33268 33268 26788 7416 13123 13123 13123 13123 13123 13123 13123 13123 10236 31924 31924 31924 25444 7032 30352 30352 30352 28408 10344 32452 32452 32452 25972 9120 37300 37300 37300 30820 11408 11605 11605 11605 11605 11605 11605 11605 11605 8444 
40520 40520 40520 33860 15746 28740 28740 28740 26742 10082 34358 34358 34358 27698 8414 19542 19542 19542 12882 3558 13551 13551 13551 13551 13551 13551 13551 13551 10610 19542 19542 19542 12882 3558 30808 30808 30808 28810 10494 33506 33506 33506 26846 9742 38578 38578 38578 31918 12254 8196 8196 8196 8196 8196 8196 8196 8196 6198 
34192 34192 34192 28012 10570 24700 24700 24700 22846 6858 33782 33782 33782 27602 8990 36442 36442 36442 30262 11310 11119 11119 11119 11119 11119 11119 11119 11119 8322 35098 35098 35098 28918 10926 29288 29288 29288 27434 9790 29042 29042 29042 22862 6430 21886 21886 21886 15706 7054 15665 15665 15665 15665 15665 15665 15665 15665 12594 
36660 36660 36660 30360 12750 25700 25700 25700 23810 7654 32706 32706 32706 26406 7626 35478 35478 35478 29178 10058 9700 9700 9700 9700 9700 9700 9700 9700 7810 34134 34134 34134 27834 9674 12600 12600 12600 10710 1890 29926 29926 29926 23626 7026 35494 35494 35494 29194 10034 14673 14673 14673 14673 14673 14673 14673 14673 11566 
37686 37686 37686 31086 13056 26020 26020 26020 24040 7464 22900 22900 22900 16300 7060 35136 35136 35136 28536 8996 11379 11379 11379 11379 11379 11379 11379 11379 8456 33792 33792 33792 27192 8612 29144 29144 29144 27164 8932 30784 30784 30784 24184 7164 35752 35752 35752 29152 9572 13525 13525 13525 13525 13525 13525 13525 13525 10328 
39414 39414 39414 32574 14208 27724 27724 27724 25672 8760 34116 34116 34116 27276 7740 34936 34936 34936 28096 8220 12707 12707 12707 12707 12707 12707 12707 12707 9712 33592 33592 33592 26752 7836 30608 30608 30608 28556 9988 32656 32656 32656 25816 8460 37432 37432 37432 30592 10676 12645 12645 12645 12645 12645 12645 12645 12645 9376 
41538 41538 41538 34578 16044 29524 29524 29524 27436 10356 35296 35296 35296 28336 8632 18792 18792 18792 11832 2088 13827 13827 13827 13827 13827 13827 13827 13827 10796 18792 18792 18792 11832 2088 31456 31456 31456 29368 10632 34492 34492 34492 27532 10008 39620 39620 39620 32660 12576 8016 8016 8016 8016 8016 8016 8016 8016 5928 
40740 40740 40740 33720 15102 28860 28860 28860 26754 9590 35058 35058 35058 28038 8250 34726 34726 34726 27706 7578 13447 13447 13447 13447 13447 13447 13447 13447 10398 33382 33382 33382 26362 7194 31432 31432 31432 29326 10506 33910 33910 33910 26890 9282 38758 38758 38758 31738 11570 11929 11929 11929 11929 11929 11929 11929 11929 8606 
32170 32170 32170 25690 7828 31556 31556 31556 29612 13204 41096 41096 41096 34616 15584 44100 44100 44100 37620 18248 16099 16099 16099 16099 16099 16099 16099 16099 13212 42756 42756 42756 36276 17864 35104 35104 35104 33160 15096 35764 35764 35764 29284 12432 38164 38164 38164 31684 12272 22813 22813 22813 22813 22813 22813 22813 22813 19652 
33152 33152 33152 26972 9530 25380 25380 25380 23526 7538 34694 34694 34694 28514 9902 37458 37458 37458 31278 12326 11455 11455 11455 11455 11455 11455 11455 11455 8658 36114 36114 36114 29934 11942 29856 29856 29856 28002 10358 29570 29570 29570 23390 6958 16686 16686 16686 10506 1854 16697 16697 16697 16697 16697 16697 16697 16697 13626 
40890 40890 40890 34170 15972 29044 29044 29044 27028 10284 34648 34648 34648 27928 8560 18144 18144 18144 11424 2016 13683 13683 13683 13683 13683 13683 13683 13683 10724 18144 18144 18144 11424 2016 30976 30976 30976 28960 10560 33844 33844 33844 27124 9936 38972 38972 38972 32252 12504 7872 7872 7872 7872 7872 7872 7872 7872 5856 
39870 39870 39870 33750 16392 28492 28492 28492 26656 10752 33740 33740 33740 27620 9092 20364 20364 20364 14244 5676 14059 14059 14059 14059 14059 14059 14059 14059 11280 20364 20364 20364 14244 5676 30536 30536 30536 28700 11140 32888 32888 32888 26768 10420 37904 37904 37904 31784 12876 3672 3672 3672 3672 3672 3672 3672 3672 1836 
34060 34060 34060 27040 8422 30148 30148 30148 28042 10878 39906 39906 39906 32886 13098 42942 42942 42942 35922 15794 13631 13631 13631 13631 13631 13631 13631 13631 10582 41598 41598 41598 34578 15410 33352 33352 33352 31246 12426 34694 34694 34694 27674 10066 37702 37702 37702 30682 10514 20569 20569 20569 20569 20569 20569 20569 20569 17246 
18630 18630 18630 11730 2070 30676 30676 30676 28606 11610 40582 40582 40582 33682 14062 43490 43490 43490 36590 16630 15015 15015 15015 15015 15015 15015 15015 15015 12002 42146 42146 42146 35246 16246 34632 34632 34632 32562 13910 35234 35234 35234 28334 10894 37266 37266 37266 30366 10366 21265 21265 21265 21265 21265 21265 21265 21265 17978 
33736 33736 33736 26836 8386 29908 29908 29908 27838 10842 39582 39582 39582 32682 13062 42618 42618 42618 35718 15758 13559 13559 13559 13559 13559 13559 13559 13559 10546 41274 41274 41274 34374 15374 33112 33112 33112 31042 12390 34370 34370 34370 27470 10030 37378 37378 37378 30478 10478 20497 20497 20497 20497 20497 20497 20497 20497 17210 
33628 33628 33628 26608 7990 32636 32636 32636 30530 13366 42554 42554 42554 35534 15746 45558 45558 45558 38538 18410 16423 16423 16423 16423 16423 16423 16423 16423 13374 44214 44214 44214 37194 18026 36184 36184 36184 34078 15258 37222 37222 37222 30202 12594 39622 39622 39622 32602 12434 23137 23137 23137 23137 23137 23137 23137 23137 19814 
36298 36298 36298 29338 10804 26260 26260 26260 24172 7092 35888 35888 35888 28928 9224 38548 38548 38548 31588 11544 11587 11587 11587 11587 11587 11587 11587 11587 8556 37204 37204 37204 30244 11160 30848 30848 30848 28760 10024 31148 31148 31148 24188 6664 23992 23992 23992 17032 7288 16133 16133 16133 16133 16133 16133 16133 16133 12828 
36066 36066 36066 30066 12876 24820 24820 24820 23020 7284 21280 21280 21280 15280 6880 33516 33516 33516 27516 8816 11019 11019 11019 11019 11019 11019 11019 11019 8276 32172 32172 32172 26172 8432 27944 27944 27944 26144 8752 29164 29164 29164 23164 6984 34132 34132 34132 28132 9392 13165 13165 13165 13165 13165 13165 13165 13165 10148 
18792 18792 18792 11832 2088 30796 30796 30796 28708 11628 40744 40744 40744 33784 14080 43652 43652 43652 36692 16648 15051 15051 15051 15051 15051 15051 15051 15051 12020 42308 42308 42308 35348 16264 34752 34752 34752 32664 13928 35396 35396 35396 28436 10912 37428 37428 37428 30468 10384 21301 21301 21301 21301 21301 21301 21301 21301 17996 
34702 34702 34702 28582 11224 12240 12240 12240 10404 1836 32604 32604 32604 26484 7956 35544 35544 35544 29424 10556 9843 9843 9843 9843 9843 9843 9843 9843 7064 34200 34200 34200 28080 10172 27824 27824 27824 25988 8428 17964 17964 17964 11844 3276 33016 33016 33016 26896 7988 15005 15005 15005 15005 15005 15005 15005 15005 11952 
31652 31652 31652 25352 7742 28236 28236 28236 26346 10190 37578 37578 37578 31278 12498 40606 40606 40606 34306 15186 12911 12911 12911 12911 12911 12911 12911 12911 10078 39262 39262 39262 32962 14802 31664 31664 31664 29774 11962 32294 32294 32294 25994 9394 35102 35102 35102 28802 9642 19721 19721 19721 19721 19721 19721 19721 19721 16614 
37146 37146 37146 30666 12804 26060 26060 26060 24116 7708 33192 33192 33192 26712 7680 35964 35964 35964 29484 10112 9808 9808 9808 9808 9808 9808 9808 9808 7864 34620 34620 34620 28140 9728 12960 12960 12960 11016 1944 30412 30412 30412 23932 7080 35980 35980 35980 29500 10088 14781 14781 14781 14781 14781 14781 14781 14781 11620 
39756 39756 39756 33456 15846 28204 28204 28204 26314 10158 33514 33514 33514 27214 8434 17010 17010 17010 10710 1890 13431 13431 13431 13431 13431 13431 13431 13431 10598 17010 17010 17010 10710 1890 30136 30136 30136 28246 10434 32710 32710 32710 26410 9810 37838 37838 37838 31538 12378 7620 7620 7620 7620 7620 7620 7620 7620 5730 
35850 35850 35850 29850 12660 25100 25100 25100 23300 7564 31896 31896 31896 25896 7536 34668 34668 34668 28668 9968 9520 9520 9520 9520 9520 9520 9520 9520 7720 33324 33324 33324 27324 9584 12000 12000 12000 10200 1800 29116 29116 29116 23116 6936 34684 34684 34684 28684 9944 14493 14493 14493 14493 14493 14493 14493 14493 11476 
37132 37132 37132 30112 11494 14040 14040 14040 11934 2106 35034 35034 35034 28014 8226 37974 37974 37974 30954 10826 10383 10383 10383 10383 10383 10383 10383 10383 7334 36630 36630 36630 29610 10442 29624 29624 29624 27518 8698 20394 20394 20394 13374 3546 35446 35446 35446 28426 8258 15545 15545 15545 15545 15545 15545 15545 15545 12222 
40734 40734 40734 34374 16680 29124 29124 29124 27216 10976 34380 34380 34380 28020 9156 33120 33120 33120 26760 7556 13859 13859 13859 13859 13859 13859 13859 13859 11008 31776 31776 31776 25416 7172 30440 30440 30440 28532 10636 33608 33608 33608 27248 10564 38968 38968 38968 32608 13364 11749 11749 11749 11749 11749 11749 11749 11749 8624 
31954 31954 31954 25714 8188 28588 28588 28588 26716 10644 37800 37800 37800 31560 12864 40836 40836 40836 34596 15560 13163 13163 13163 13163 13163 13163 13163 13163 10348 39492 39492 39492 33252 15176 31792 31792 31792 29920 12192 32588 32588 32588 26348 9832 35596 35596 35596 29356 10280 20101 20101 20101 20101 20101 20101 20101 20101 17012 
36772 36772 36772 29992 11710 26020 26020 26020 23986 7158 34658 34658 34658 27878 8426 37662 37662 37662 30882 11090 4068 4068 4068 4068 4068 4068 4068 4068 2034 36318 36318 36318 29538 10706 19480 19480 19480 17446 7954 30438 30438 30438 23658 6386 35814 35814 35814 29034 9202 15825 15825 15825 15825 15825 15825 15825 15825 12574 
38928 38928 38928 32268 14154 27364 27364 27364 25366 8706 33630 33630 33630 26970 7686 34450 34450 34450 27790 8166 12599 12599 12599 12599 12599 12599 12599 12599 9658 33106 33106 33106 26446 7782 30248 30248 30248 28250 9934 32170 32170 32170 25510 8406 36946 36946 36946 30286 10622 12537 12537 12537 12537 12537 12537 12537 12537 9322 
37632 37632 37632 30972 12858 26420 26420 26420 24422 7762 33678 33678 33678 27018 7734 36450 36450 36450 29790 10166 9916 9916 9916 9916 9916 9916 9916 9916 7918 35106 35106 35106 28446 9782 13320 13320 13320 11322 1998 30898 30898 30898 24238 7134 36466 36466 36466 29806 10142 14889 14889 14889 14889 14889 14889 14889 14889 11674 
36448 36448 36448 29788 11674 25780 25780 25780 23782 7122 34334 34334 34334 27674 8390 37338 37338 37338 30678 11054 3996 3996 3996 3996 3996 3996 3996 3996 1998 35994 35994 35994 29334 10670 19240 19240 19240 17242 7918 30114 30114 30114 23454 6350 35490 35490 35490 28830 9166 15753 15753 15753 15753 15753 15753 15753 15753 12538 
29962 29962 29962 23962 6772 28356 28356 28356 26556 10820 37560 37560 37560 31560 13200 40564 40564 40564 34564 15864 13627 13627 13627 13627 13627 13627 13627 13627 10884 39220 39220 39220 33220 15480 31976 31976 31976 30176 12784 32228 32228 32228 26228 10048 34708 34708 34708 28708 9968 20285 20285 20285 20285 20285 20285 20285 20285 17268 
31522 31522 31522 25282 7756 31076 31076 31076 29204 13132 40448 40448 40448 34208 15512 43452 43452 43452 37212 18176 15955 15955 15955 15955 15955 15955 15955 15955 13140 42108 42108 42108 35868 17792 34624 34624 34624 32752 15024 35116 35116 35116 28876 12360 37516 37516 37516 31276 12200 22669 22669 22669 22669 22669 22669 22669 22669 19580 
39930 39930 39930 33210 15012 28260 28260 28260 26244 9500 34248 34248 34248 27528 8160 33916 33916 33916 27196 7488 13267 13267 13267 13267 13267 13267 13267 13267 10308 32572 32572 32572 25852 7104 30832 30832 30832 28816 10416 33100 33100 33100 26380 9192 37948 37948 37948 31228 11480 11749 11749 11749 11749 11749 11749 11749 11749 8516 
29962 29962 29962 23962 6772 28356 28356 28356 26556 10820 37560 37560 37560 31560 13200 40564 40564 40564 34564 15864 13627 13627 13627 13627 13627 13627 13627 13627 10884 39220 39220 39220 33220 15480 31976 31976 31976 30176 12784 32228 32228 32228 26228 10048 34708 34708 34708 28708 9968 20285 20285 20285 20285 20285 20285 20285 20285 17268 
18630 18630 18630 11730 2070 30676 30676 30676 28606 11610 40582 40582 40582 33682 14062 43490 43490 43490 36590 16630 15015 15015 15015 15015 15015 15015 15015 15015 12002 42146 42146 42146 35246 16246 34632 34632 34632 32562 13910 35234 35234 35234 28334 10894 37266 37266 37266 30366 10366 21265 21265 21265 21265 21265 21265 21265 21265 17978 
35350 35350 35350 28990 11296 12720 12720 12720 10812 1908 33252 33252 33252 26892 8028 36192 36192 36192 29832 10628 9987 9987 9987 9987 9987 9987 9987 9987 7136 34848 34848 34848 28488 10244 28304 28304 28304 26396 8500 18612 18612 18612 12252 3348 33664 33664 33664 27304 8060 15149 15149 15149 15149 15149 15149 15149 15149 12024 
40224 40224 40224 33084 14298 28324 28324 28324 26182 8850 34926 34926 34926 27786 7830 35746 35746 35746 28606 8310 12887 12887 12887 12887 12887 12887 12887 12887 9802 34402 34402 34402 27262 7926 31208 31208 31208 29066 10078 33466 33466 33466 26326 8550 38242 38242 38242 31102 10766 12825 12825 12825 12825 12825 12825 12825 12825 9466 
39468 39468 39468 32208 13254 27340 27340 27340 25162 7662 24682 24682 24682 17422 7258 36918 36918 36918 29658 9194 11775 11775 11775 11775 11775 11775 11775 11775 8654 35574 35574 35574 28314 8810 30464 30464 30464 28286 9130 32566 32566 32566 25306 7362 37534 37534 37534 30274 9770 13921 13921 13921 13921 13921 13921 13921 13921 10526 
33272 33272 33272 26372 7922 29436 29436 29436 27366 10370 39198 39198 39198 32298 12678 42226 42226 42226 35326 15366 13271 13271 13271 13271 13271 13271 13271 13271 10258 40882 40882 40882 33982 14982 32864 32864 32864 30794 12142 33914 33914 33914 27014 9574 36722 36722 36722 29822 9822 20081 20081 20081 20081 20081 20081 20081 20081 16794 
31684 31684 31684 25384 7774 31196 31196 31196 29306 13150 40610 40610 40610 34310 15530 43614 43614 43614 37314 18194 15991 15991 15991 15991 15991 15991 15991 15991 13158 42270 42270 42270 35970 17810 34744 34744 34744 32854 15042 35278 35278 35278 28978 12378 37678 37678 37678 31378 12218 22705 22705 22705 22705 22705 22705 22705 22705 19598 
41544 41544 41544 34884 16770 29724 29724 29724 27726 11066 35190 35190 35190 28530 9246 33930 33930 33930 27270 7646 14039 14039 14039 14039 14039 14039 14039 14039 11098 32586 32586 32586 25926 7262 31040 31040 31040 29042 10726 34418 34418 34418 27758 10654 39778 39778 39778 33118 13454 11929 11929 11929 11929 11929 11929 11929 11929 8714 
36324 36324 36324 29544 11262 15000 15000 15000 12966 3474 34546 34546 34546 27766 8314 37534 37534 37534 30754 10962 10023 10023 10023 10023 10023 10023 10023 10023 7046 36190 36190 36190 29410 10578 29072 29072 29072 27038 8554 18306 18306 18306 11526 2034 34774 34774 34774 27994 8162 15625 15625 15625 15625 15625 15625 15625 15625 12374 
31036 31036 31036 24976 7702 30716 30716 30716 28898 13078 39962 39962 39962 33902 15458 42966 42966 42966 36906 18122 15847 15847 15847 15847 15847 15847 15847 15847 13086 41622 41622 41622 35562 17738 34264 34264 34264 32446 14970 34630 34630 34630 28570 12306 37030 37030 37030 30970 12146 22561 22561 22561 22561 22561 22561 22561 22561 19526 
35850 35850 35850 29850 12660 25100 25100 25100 23300 7564 31896 31896 31896 25896 7536 34668 34668 34668 28668 9968 9520 9520 9520 9520 9520 9520 9520 9520 7720 33324 33324 33324 27324 9584 12000 12000 12000 10200 1800 29116 29116 29116 23116 6936 34684 34684 34684 28684 9944 14493 14493 14493 14493 14493 14493 14493 14493 11476 
39144 39144 39144 32004 13218 27100 27100 27100 24958 7626 24358 24358 24358 17218 7222 36594 36594 36594 29454 9158 11703 11703 11703 11703 11703 11703 11703 11703 8618 35250 35250 35250 28110 8774 30224 30224 30224 28082 9094 32242 32242 32242 25102 7326 37210 37210 37210 30070 9734 13849 13849 13849 13849 13849 13849 13849 13849 10490 
39062 39062 39062 32942 15584 27660 27660 27660 25824 9920 32900 32900 32900 26780 8252 18084 18084 18084 11964 3396 13227 13227 13227 13227 13227 13227 13227 13227 10448 18084 18084 18084 11964 3396 29728 29728 29728 27892 10332 32048 32048 32048 25928 9580 37120 37120 37120 31000 12092 7872 7872 7872 7872 7872 7872 7872 7872 6036 
41376 41376 41376 34476 16026 29404 29404 29404 27334 10338 35134 35134 35134 28234 8614 18630 18630 18630 11730 2070 13791 13791 13791 13791 13791 13791 13791 13791 10778 18630 18630 18630 11730 2070 31336 31336 31336 29266 10614 34330 34330 34330 27430 9990 39458 39458 39458 32558 12558 7980 7980 7980 7980 7980 7980 7980 7980 5910 
33736 33736 33736 26836 8386 29908 29908 29908 27838 10842 39582 39582 39582 32682 13062 42618 42618 42618 35718 15758 13559 13559 13559 13559 13559 13559 13559 13559 10546 41274 41274 41274 34374 15374 33112 33112 33112 31042 12390 34370 34370 34370 27470 10030 37378 37378 37378 30478 10478 20497 20497 20497 20497 20497 20497 20497 20497 17210 
34504 34504 34504 28564 11458 24340 24340 24340 22558 6906 32390 32390 32390 26450 8174 35394 35394 35394 29454 10838 3564 3564 3564 3564 3564 3564 3564 3564 1782 34050 34050 34050 28110 10454 17800 17800 17800 16018 7702 28170 28170 28170 22230 6134 33546 33546 33546 27606 8950 15321 15321 15321 15321 15321 15321 15321 15321 12322 
35962 35962 35962 29482 11620 25420 25420 25420 23476 7068 33848 33848 33848 27368 8336 36852 36852 36852 30372 11000 3888 3888 3888 3888 3888 3888 3888 3888 1944 35508 35508 35508 29028 10616 18880 18880 18880 16936 7864 29628 29628 29628 23148 6296 35004 35004 35004 28524 9112 15645 15645 15645 15645 15645 15645 15645 15645 12484 
31328 31328 31328 25148 7706 27996 27996 27996 26142 10154 37254 37254 37254 31074 12462 40282 40282 40282 34102 15150 12839 12839 12839 12839 12839 12839 12839 12839 10042 38938 38938 38938 32758 14766 31424 31424 31424 29570 11926 31970 31970 31970 25790 9358 34778 34778 34778 28598 9606 19649 19649 19649 19649 19649 19649 19649 19649 16578 
42138 42138 42138 35178 16644 30172 30172 30172 28084 11004 36008 36008 36008 29048 9344 22632 22632 22632 15672 5928 14563 14563 14563 14563 14563 14563 14563 14563 11532 22632 22632 22632 15672 5928 32216 32216 32216 30128 11392 35156 35156 35156 28196 10672 40172 40172 40172 33212 13128 4176 4176 4176 4176 4176 4176 4176 4176 2088 
39708 39708 39708 33648 16374 28372 28372 28372 26554 10734 33578 33578 33578 27518 9074 20202 20202 20202 14142 5658 14023 14023 14023 14023 14023 14023 14023 14023 11262 20202 20202 20202 14142 5658 30416 30416 30416 28598 11122 32726 32726 32726 26666 10402 37742 37742 37742 31682 12858 3636 3636 3636 3636 3636 3636 3636 3636 1818 
39268 39268 39268 32248 13630 27180 27180 27180 25074 7910 18954 18954 18954 11934 2106 35934 35934 35934 28914 8786 11335 11335 11335 11335 11335 11335 11335 11335 8286 34590 34590 34590 27570 8402 29280 29280 29280 27174 8354 32142 32142 32142 25122 7514 37494 37494 37494 30474 10306 13569 13569 13569 13569 13569 13569 13569 13569 10246 
33626 33626 33626 26666 8132 28420 28420 28420 26332 9252 38352 38352 38352 31392 11688 41180 41180 41180 34220 14176 13019 13019 13019 13019 13019 13019 13019 13019 9988 39836 39836 39836 32876 13792 32664 32664 32664 30576 11840 33068 33068 33068 26108 8584 34908 34908 34908 27948 7864 18805 18805 18805 18805 18805 18805 18805 18805 15500 
33302 33302 33302 26462 8096 28180 28180 28180 26128 9216 38028 38028 38028 31188 11652 40856 40856 40856 34016 14140 12947 12947 12947 12947 12947 12947 12947 12947 9952 39512 39512 39512 32672 13756 32424 32424 32424 30372 11804 32744 32744 32744 25904 8548 34584 34584 34584 27744 7828 18733 18733 18733 18733 18733 18733 18733 18733 15464 
38442 38442 38442 31482 12948 27020 27020 27020 24932 7852 34488 34488 34488 27528 7824 37260 37260 37260 30300 10256 10096 10096 10096 10096 10096 10096 10096 10096 8008 35916 35916 35916 28956 9872 13920 13920 13920 11832 2088 31708 31708 31708 24748 7224 37276 37276 37276 30316 10232 15069 15069 15069 15069 15069 15069 15069 15069 11764 
42348 42348 42348 35088 16134 30124 30124 30124 27946 10446 36106 36106 36106 28846 8722 19602 19602 19602 12342 2178 14007 14007 14007 14007 14007 14007 14007 14007 10886 19602 19602 19602 12342 2178 32056 32056 32056 29878 10722 35302 35302 35302 28042 10098 40430 40430 40430 33170 12666 8196 8196 8196 8196 8196 8196 8196 8196 6018 
33596 33596 33596 26576 7958 29676 29676 29676 27570 10406 39522 39522 39522 32502 12714 42550 42550 42550 35530 15402 13343 13343 13343 13343 13343 13343 13343 13343 10294 41206 41206 41206 34186 15018 33104 33104 33104 30998 12178 34238 34238 34238 27218 9610 37046 37046 37046 30026 9858 20153 20153 20153 20153 20153 20153 20153 20153 16830 
36784 36784 36784 29644 10858 26620 26620 26620 24478 7146 36374 36374 36374 29234 9278 39034 39034 39034 31894 11598 11695 11695 11695 11695 11695 11695 11695 11695 8610 37690 37690 37690 30550 11214 31208 31208 31208 29066 10078 31634 31634 31634 24494 6718 24478 24478 24478 17338 7342 16241 16241 16241 16241 16241 16241 16241 16241 12882 
34018 34018 34018 28258 11404 23980 23980 23980 22252 6852 31904 31904 31904 26144 8120 34908 34908 34908 29148 10784 3456 3456 3456 3456 3456 3456 3456 3456 1728 33564 33564 33564 27804 10400 17440 17440 17440 15712 7648 27684 27684 27684 21924 6080 33060 33060 33060 27300 8896 15213 15213 15213 15213 15213 15213 15213 15213 12268 
38118 38118 38118 31758 14064 26764 26764 26764 24856 8616 32820 32820 32820 26460 7596 33640 33640 33640 27280 8076 12419 12419 12419 12419 12419 12419 12419 12419 9568 32296 32296 32296 25936 7692 29648 29648 29648 27740 9844 31360 31360 31360 25000 8316 36136 36136 36136 29776 10532 12357 12357 12357 12357 12357 12357 12357 12357 9232 
42354 42354 42354 35394 16860 30324 30324 30324 28236 11156 36000 36000 36000 29040 9336 34740 34740 34740 27780 7736 14219 14219 14219 14219 14219 14219 14219 14219 11188 33396 33396 33396 26436 7352 31640 31640 31640 29552 10816 35228 35228 35228 28268 10744 40588 40588 40588 33628 13544 12109 12109 12109 12109 12109 12109 12109 12109 8804 
36610 36610 36610 29890 11692 25900 25900 25900 23884 7140 34496 34496 34496 27776 8408 37500 37500 37500 30780 11072 4032 4032 4032 4032 4032 4032 4032 4032 2016 36156 36156 36156 29436 10688 19360 19360 19360 17344 7936 30276 30276 30276 23556 6368 35652 35652 35652 28932 9184 15789 15789 15789 15789 15789 15789 15789 15789 12556 
37456 37456 37456 30316 11530 14280 14280 14280 12138 2142 35358 35358 35358 28218 8262 38298 38298 38298 31158 10862 10455 10455 10455 10455 10455 10455 10455 10455 7370 36954 36954 36954 29814 10478 29864 29864 29864 27722 8734 20718 20718 20718 13578 3582 35770 35770 35770 28630 8294 15617 15617 15617 15617 15617 15617 15617 15617 12258 
39432 39432 39432 33252 15810 27964 27964 27964 26110 10122 33190 33190 33190 27010 8398 16686 16686 16686 10506 1854 13359 13359 13359 13359 13359 13359 13359 13359 10562 16686 16686 16686 10506 1854 29896 29896 29896 28042 10398 32386 32386 32386 26206 9774 37514 37514 37514 31334 12342 7548 7548 7548 7548 7548 7548 7548 7548 5694 
34864 34864 34864 28684 11242 12360 12360 12360 10506 1854 32766 32766 32766 26586 7974 35706 35706 35706 29526 10574 9879 9879 9879 9879 9879 9879 9879 9879 7082 34362 34362 34362 28182 10190 27944 27944 27944 26090 8446 18126 18126 18126 11946 3294 33178 33178 33178 26998 8006 15041 15041 15041 15041 15041 15041 15041 15041 11970 
34540 34540 34540 28480 11206 12120 12120 12120 10302 1818 32442 32442 32442 26382 7938 35382 35382 35382 29322 10538 9807 9807 9807 9807 9807 9807 9807 9807 7046 34038 34038 34038 27978 10154 27704 27704 27704 25886 8410 17802 17802 17802 11742 3258 32854 32854 32854 26794 7970 14969 14969 14969 14969 14969 14969 14969 14969 11934 
31196 31196 31196 25136 7862 26620 26620 26620 24802 8982 35922 35922 35922 29862 11418 38750 38750 38750 32690 13906 12479 12479 12479 12479 12479 12479 12479 12479 9718 37406 37406 37406 31346 13522 30864 30864 30864 29046 11570 30638 30638 30638 24578 8314 32478 32478 32478 26418 7594 18265 18265 18265 18265 18265 18265 18265 18265 15230 
33476 33476 33476 27176 9566 25620 25620 25620 23730 7574 35018 35018 35018 28718 9938 37782 37782 37782 31482 12362 11527 11527 11527 11527 11527 11527 11527 11527 8694 36438 36438 36438 30138 11978 30096 30096 30096 28206 10394 29894 29894 29894 23594 6994 17010 17010 17010 10710 1890 16769 16769 16769 16769 16769 16769 16769 16769 13662 
38634 38634 38634 32394 14868 27300 27300 27300 25428 9356 32952 32952 32952 26712 8016 32620 32620 32620 26380 7344 12979 12979 12979 12979 12979 12979 12979 12979 10164 31276 31276 31276 25036 6960 29872 29872 29872 28000 10272 31804 31804 31804 25564 9048 36652 36652 36652 30412 11336 11461 11461 11461 11461 11461 11461 11461 11461 8372 
41382 41382 41382 34782 16752 29604 29604 29604 27624 11048 35028 35028 35028 28428 9228 33768 33768 33768 27168 7628 14003 14003 14003 14003 14003 14003 14003 14003 11080 32424 32424 32424 25824 7244 30920 30920 30920 28940 10708 34256 34256 34256 27656 10636 39616 39616 39616 33016 13436 11893 11893 11893 11893 11893 11893 11893 11893 8696 
39708 39708 39708 33648 16374 28372 28372 28372 26554 10734 33578 33578 33578 27518 9074 20202 20202 20202 14142 5658 14023 14023 14023 14023 14023 14023 14023 14023 11262 20202 20202 20202 14142 5658 30416 30416 30416 28598 11122 32726 32726 32726 26666 10402 37742 37742 37742 31682 12858 3636 3636 3636 3636 3636 3636 3636 3636 1818 
34702 34702 34702 28582 11224 12240 12240 12240 10404 1836 32604 32604 32604 26484 7956 35544 35544 35544 29424 10556 9843 9843 9843 9843 9843 9843 9843 9843 7064 34200 34200 34200 28080 10172 27824 27824 27824 25988 8428 17964 17964 17964 11844 3276 33016 33016 33016 26896 7988 15005 15005 15005 15005 15005 15005 15005 15005 11952 
35674 35674 35674 29194 11332 12960 12960 12960 11016 1944 33576 33576 33576 27096 8064 36516 36516 36516 30036 10664 10059 10059 10059 10059 10059 10059 10059 10059 7172 35172 35172 35172 28692 10280 28544 28544 28544 26600 8536 18936 18936 18936 12456 3384 33988 33988 33988 27508 8096 15221 15221 15221 15221 15221 15221 15221 15221 12060 
]

ExternalWorkerWithSkillOnStintCost: [
39480 38556 48888 33768 10392 33696 33552 35280 32040 13128 40740 49644 42840 37884 10680 43344 45528 45108 36624 13368 12120 13080 16620 15000 13740 16740 17010 12060 11688 45360 45864 48048 48552 13680 29088 37296 35496 38880 10320 38388 47292 46620 46704 12360 46032 47544 44856 36624 11424 15150 15300 16350 15060 16680 15780 15120 15690 9984 
40236 36288 39564 36540 11448 41544 31896 37152 32256 9600 35196 37548 40656 41160 11016 47040 49392 40152 50148 13392 16860 12090 16740 13410 15750 12120 17400 13590 10272 34524 35868 40152 39312 10512 29808 30960 31536 33696 13200 48468 36288 47208 33684 10584 45528 35280 42588 35868 14304 15870 15150 15810 17070 12900 13920 12840 16410 14304 
35196 44268 45444 39144 11976 31392 35856 35712 33552 14352 41664 49224 43428 46620 11352 40908 46704 39396 34776 9816 13140 15570 13470 13350 17070 17220 12150 16770 9912 42252 42756 42168 50232 10944 37512 30960 39384 29016 11520 33768 37716 47040 43344 13080 46536 38472 36036 35196 12744 15960 16620 12840 17580 12900 13800 16110 14520 11928 
49980 42252 39564 34608 11880 42048 33048 39096 35640 11136 47796 39648 38808 44016 12672 39648 41748 40656 38136 12720 17160 13620 14490 17070 16530 15270 13350 13800 11520 37884 43008 47880 44520 14136 38664 35208 35064 40032 14232 38304 34776 38052 48468 12720 48636 49644 48636 34104 13392 13590 17790 16770 13770 12930 16860 13710 16350 10464 
]

OverlappingStints: [
[ 2 6 7 11 12 16 17 21 22 23 24 30 31 35 36 40 41 45 46 50 51 52 53 ]
[ 3 6 7 8 11 12 13 16 17 18 23 24 25 26 30 31 32 35 36 37 40 41 42 45 46 47 52 53 54 55 ]
[ 4 7 8 9 12 13 14 17 18 19 25 26 27 28 31 32 33 36 37 38 41 42 43 46 47 48 54 55 56 57 ]
[ 5 8 9 10 13 14 15 18 19 20 27 28 29 32 33 34 37 38 39 42 43 44 47 48 49 56 57 58 ]
[ 9 10 14 15 19 20 29 33 34 38 39 43 44 48 49 58 ]
[ 7 11 12 16 17 21 22 23 30 31 35 36 40 41 45 46 50 51 52 ]
[ 8 11 12 13 16 17 18 23 24 25 30 31 32 35 36 37 40 41 42 45 46 47 52 53 54 ]
[ 9 12 13 14 17 18 19 25 26 27 31 32 33 36 37 38 41 42 43 46 47 48 54 55 56 ]
[ 10 13 14 15 18 19 20 27 28 29 32 33 34 37 38 39 42 43 44 47 48 49 56 57 58 ]
[ 14 15 19 20 29 33 34 38 39 43 44 48 49 58 ]
[ 12 16 17 21 22 23 24 30 31 35 36 40 41 45 46 50 51 52 53 ]
[ 13 16 17 18 23 24 25 26 30 31 32 35 36 37 40 41 42 45 46 47 52 53 54 55 ]
[ 14 17 18 19 25 26 27 28 31 32 33 36 37 38 41 42 43 46 47 48 54 55 56 57 ]
[ 15 18 19 20 27 28 29 32 33 34 37 38 39 42 43 44 47 48 49 56 57 58 ]
[ 19 20 29 33 34 38 39 43 44 48 49 58 ]
[ 17 21 22 23 24 30 31 35 36 40 41 45 46 50 51 52 53 ]
[ 18 23 24 25 26 30 31 32 35 36 37 40 41 42 45 46 47 52 53 54 55 ]
[ 19 25 26 27 28 31 32 33 36 37 38 41 42 43 46 47 48 54 55 56 57 ]
[ 20 27 28 29 32 33 34 37 38 39 42 43 44 47 48 49 56 57 58 ]
[ 29 33 34 38 39 43 44 48 49 58 ]
[ 30 35 40 45 50 ]
[ 30 35 40 45 51 ]
[ 30 31 35 36 40 41 45 46 52 ]
[ 30 31 36 40 41 45 46 53 ]
[ 31 32 36 37 41 42 46 47 54 ]
[ 31 32 37 41 42 46 47 55 ]
[ 32 33 37 38 42 43 47 48 56 ]
[ 32 33 38 42 43 47 48 57 ]
[ 33 34 38 39 43 44 48 49 58 ]
[ 31 35 36 40 41 45 46 50 51 52 53 ]
[ 32 35 36 37 40 41 42 45 46 47 52 53 54 55 ]
[ 33 36 37 38 41 42 43 46 47 48 54 55 56 57 ]
[ 34 37 38 39 42 43 44 47 48 49 56 57 58 ]
[ 38 39 43 44 48 49 58 ]
[ 36 40 41 45 46 50 51 52 ]
[ 37 40 41 42 45 46 47 52 53 54 ]
[ 38 41 42 43 46 47 48 54 55 56 ]
[ 39 42 43 44 47 48 49 56 57 58 ]
[ 43 44 48 49 58 ]
[ 41 45 46 50 51 52 53 ]
[ 42 45 46 47 52 53 54 55 ]
[ 43 46 47 48 54 55 56 57 ]
[ 44 47 48 49 56 57 58 ]
[ 48 49 58 ]
[ 46 50 51 52 53 ]
[ 47 52 53 54 55 ]
[ 48 54 55 56 57 ]
[ 49 56 57 58 ]
[ 58 ]
[ ]
[ ]
[ ]
[ ]
[ ]
[ ]
[ ]
[ ]
[ ]
]

EmployeesWithSkill: [
[ 1 2 3 4 5 6 7 8 9 10 11 12 13 14 15 16 17 18 19 20 21 22 23 24 25 26 27 28 29 30 31 32 33 34 35 36 37 38 39 40 41 42 43 44 45 46 47 48 49 50 51 52 53 54 55 56 57 58 59 60 61 62 63 64 65 66 67 68 69 70 71 72 73 74 75 76 77 78 79 80 81 82 83 84 85 86 87 88 89 90 ]
[ 1 2 3 4 5 6 8 9 10 12 16 17 18 20 21 22 23 24 25 26 27 28 29 30 31 32 34 35 36 38 40 41 42 43 44 45 48 50 51 52 53 54 55 57 58 59 60 63 64 65 66 67 68 69 70 72 73 74 75 77 78 81 82 83 84 85 86 87 88 89 ]
[ 1 2 3 5 6 7 8 9 10 11 12 14 16 17 18 20 21 22 23 25 27 34 35 36 38 39 46 48 50 51 52 53 54 56 58 60 61 62 63 64 65 68 72 73 74 75 76 77 79 80 86 87 89 90 ]
[ 1 2 3 4 5 6 7 8 9 10 11 13 14 17 18 19 21 23 24 25 26 27 28 29 30 31 33 37 39 40 41 43 44 45 46 47 48 52 53 54 56 57 59 66 67 69 70 71 72 73 74 80 82 85 86 87 89 ]
]

SkillDemandInActivityWithMode: [
0	0	0	
7	12	5	
8	13	6	
12	19	8	
9	15	6	
12	19	8	
3	6	2	
2	4	2	
3	6	2	
12	19	8	
6	10	4	
9	15	6	
12	19	8	
4	7	3	
6	10	4	
8	13	6	
12	19	8	
10	16	7	
8	13	6	
0	0	0	
53	81	36	
32	49	22	
20	31	14	
40	61	27	
40	61	27	
32	49	22	
40	61	27	
40	61	27	
23	36	16	
40	61	27	
18	28	12	
0	0	0	
1	3	1	
4	7	3	
4	7	3	
2	4	2	
3	6	2	
3	6	2	
3	6	2	
4	7	3	
4	7	3	
4	7	3	
3	6	2	
4	7	3	
3	6	2	
4	7	3	
4	7	3	
0	0	0	
14	22	10	
2	4	2	
11	18	8	
5	9	4	
11	18	8	
6	10	4	
14	22	10	
3	6	2	
5	9	4	
14	22	10	
14	22	10	
11	18	8	
0	0	0	
6	10	4	
3	6	2	
4	7	3	
3	6	2	
3	6	2	
5	9	4	
3	6	2	
6	10	4	
6	10	4	
6	10	4	
2	4	2	
1	3	1	
0	0	0	
6	10	4	
3	6	2	
5	9	4	
8	13	6	
7	12	5	
11	18	8	
4	7	3	
2	4	2	
9	15	6	
2	4	2	
6	10	4	
3	6	2	
11	18	8	
9	15	6	
9	15	6	
0	0	0	
9	15	6	
18	28	12	
18	28	12	
23	36	16	
23	36	16	
18	28	12	
5	9	4	
23	36	16	
12	19	8	
18	28	12	
0	0	0	
10	16	7	
26	40	18	
15	24	10	
22	34	15	
19	30	13	
33	51	22	
10	16	7	
7	12	5	
10	16	7	
26	40	18	
8	13	6	
26	40	18	
26	40	18	
0	0	0	
135	204	90	
101	153	68	
101	153	68	
81	123	54	
135	204	90	
135	204	90	
24	37	16	
24	37	16	
0	0	0	
72	109	48	
90	136	60	
90	136	60	
90	136	60	
90	136	60	
72	109	48	
45	69	30	
120	181	80	
120	181	80	
45	69	30	
120	181	80	

0	0	0	
24	37	16	
29	45	20	
44	67	30	
33	51	22	
44	67	30	
10	16	7	
4	7	3	
9	15	6	
44	67	30	
20	31	14	
33	51	22	
44	67	30	
12	19	8	
19	30	13	
29	45	20	
44	67	30	
38	58	26	
29	45	20	
0	0	0	
0	1	0	
0	1	0	
0	1	0	
0	1	0	
0	1	0	
0	1	0	
0	1	0	
0	1	0	
0	1	0	
0	1	0	
0	1	0	
0	0	0	
1	3	1	
10	16	7	
10	16	7	
5	9	4	
8	13	6	
8	13	6	
8	13	6	
9	15	6	
9	15	6	
9	15	6	
8	13	6	
9	15	6	
6	10	4	
9	15	6	
9	15	6	
0	0	0	
3	6	2	
0	1	0	
2	4	2	
0	1	0	
2	4	2	
1	3	1	
2	4	2	
0	1	0	
0	1	0	
2	4	2	
2	4	2	
2	4	2	
0	0	0	
38	58	26	
19	30	13	
23	36	16	
14	22	10	
14	22	10	
29	45	20	
16	25	11	
38	58	26	
38	58	26	
38	58	26	
14	22	10	
4	7	3	
0	0	0	
5	9	4	
2	4	2	
3	6	2	
6	10	4	
5	9	4	
9	15	6	
3	6	2	
1	3	1	
7	12	5	
1	3	1	
5	9	4	
2	4	2	
9	15	6	
7	12	5	
7	12	5	
0	0	0	
10	16	7	
21	33	14	
21	33	14	
29	45	20	
28	43	19	
21	33	14	
5	9	4	
28	43	19	
14	22	10	
21	33	14	
0	0	0	
9	15	6	
24	37	16	
13	21	9	
20	31	14	
17	27	12	
30	46	20	
9	15	6	
5	9	4	
8	13	6	
23	36	16	
7	12	5	
23	36	16	
23	36	16	
0	0	0	
16	25	11	
12	19	8	
12	19	8	
9	15	6	
16	25	11	
16	25	11	
2	4	2	
2	4	2	
0	0	0	
10	16	7	
13	21	9	
13	21	9	
13	21	9	
13	21	9	
10	16	7	
6	10	4	
17	27	12	
17	27	12	
6	10	4	
17	27	12	

0	0	0	
1	3	1	
2	4	2	
3	6	2	
2	4	2	
3	6	2	
0	1	0	
0	1	0	
0	1	0	
3	6	2	
1	3	1	
2	4	2	
3	6	2	
0	1	0	
1	3	1	
2	4	2	
3	6	2	
2	4	2	
2	4	2	
0	0	0	
15	24	10	
9	15	6	
5	9	4	
11	18	8	
11	18	8	
9	15	6	
11	18	8	
11	18	8	
6	10	4	
11	18	8	
5	9	4	
0	0	0	
1	3	1	
13	21	9	
13	21	9	
6	10	4	
11	18	8	
11	18	8	
11	18	8	
13	21	9	
13	21	9	
13	21	9	
11	18	8	
13	21	9	
8	13	6	
13	21	9	
13	21	9	
0	0	0	
11	18	8	
1	3	1	
9	15	6	
3	6	2	
9	15	6	
5	9	4	
11	18	8	
1	3	1	
3	6	2	
11	18	8	
11	18	8	
8	13	6	
0	0	0	
27	42	18	
13	21	9	
16	25	11	
10	16	7	
10	16	7	
20	31	14	
11	18	8	
26	40	18	
26	40	18	
26	40	18	
10	16	7	
3	6	2	
0	0	0	
9	15	6	
3	6	2	
7	12	5	
12	19	8	
10	16	7	
17	27	12	
6	10	4	
2	4	2	
14	22	10	
2	4	2	
9	15	6	
4	7	3	
17	27	12	
14	22	10	
14	22	10	
0	0	0	
9	15	6	
19	30	13	
19	30	13	
25	39	17	
25	39	17	
19	30	13	
5	9	4	
25	39	17	
12	19	8	
19	30	13	
0	0	0	
2	4	2	
5	9	4	
2	4	2	
4	7	3	
3	6	2	
6	10	4	
1	3	1	
1	3	1	
1	3	1	
5	9	4	
1	3	1	
5	9	4	
5	9	4	
0	0	0	
36	55	24	
27	42	18	
26	40	18	
21	33	14	
35	54	24	
35	54	24	
6	10	4	
6	10	4	
0	0	0	
35	54	24	
44	67	30	
44	67	30	
44	67	30	
44	67	30	
35	54	24	
22	34	15	
59	90	40	
59	90	40	
22	34	15	
59	90	40	

0	0	0	
5	9	4	
7	12	5	
10	16	7	
7	12	5	
10	16	7	
2	4	2	
1	3	1	
2	4	2	
10	16	7	
4	7	3	
7	12	5	
10	16	7	
2	4	2	
4	7	3	
6	10	4	
10	16	7	
8	13	6	
6	10	4	
0	0	0	
14	22	10	
8	13	6	
5	9	4	
11	18	8	
10	16	7	
8	13	6	
10	16	7	
10	16	7	
6	10	4	
10	16	7	
4	7	3	
0	0	0	
1	3	1	
12	19	8	
12	19	8	
6	10	4	
10	16	7	
10	16	7	
10	16	7	
12	19	8	
11	18	8	
11	18	8	
9	15	6	
11	18	8	
7	12	5	
11	18	8	
11	18	8	
0	0	0	
9	15	6	
1	3	1	
7	12	5	
3	6	2	
7	12	5	
4	7	3	
9	15	6	
1	3	1	
2	4	2	
9	15	6	
9	15	6	
7	12	5	
0	0	0	
66	100	44	
33	51	22	
39	60	26	
24	37	16	
24	37	16	
49	75	33	
28	43	19	
66	100	44	
66	100	44	
66	100	44	
24	37	16	
7	12	5	
0	0	0	
2	4	2	
1	3	1	
2	4	2	
3	6	2	
3	6	2	
4	7	3	
1	3	1	
0	1	0	
3	6	2	
0	1	0	
2	4	2	
1	3	1	
4	7	3	
3	6	2	
3	6	2	
0	0	0	
18	28	12	
37	57	25	
37	57	25	
49	75	33	
49	75	33	
37	57	25	
9	15	6	
49	75	33	
24	37	16	
37	57	25	
0	0	0	
5	9	4	
14	22	10	
8	13	6	
12	19	8	
10	16	7	
18	28	12	
5	9	4	
3	6	2	
5	9	4	
14	22	10	
4	7	3	
14	22	10	
14	22	10	
0	0	0	
33	51	22	
24	37	16	
24	37	16	
19	30	13	
32	49	22	
32	49	22	
5	9	4	
5	9	4	
0	0	0	
3	6	2	
4	7	3	
4	7	3	
4	7	3	
4	7	3	
3	6	2	
2	4	2	
6	10	4	
6	10	4	
2	4	2	
5	9	4	

]

EmployeeAvailability: [
1 1 0 0 1 1 1 0 0 1 1 1 0 0 1 1 1 0 0 1 1 1 1 1 1 1 1 0 1 1 1 0 0 1 1 1 0 0 1 1 1 0 0 1 1 1 0 0 1 1 1 1 1 1 1 1 0 1 
1 0 0 0 1 1 0 0 0 1 1 0 0 0 1 1 0 0 0 1 1 1 1 1 1 0 1 1 1 1 0 0 0 1 1 0 0 0 1 1 0 0 0 1 1 0 0 0 1 1 1 1 1 1 0 1 1 1 
1 1 1 1 1 1 1 1 1 1 1 1 1 1 1 1 1 1 1 1 1 1 1 1 1 1 1 1 1 1 1 1 1 1 1 1 1 1 1 1 1 1 1 1 1 1 1 1 1 1 1 1 1 1 1 1 1 1 
1 1 0 0 1 1 1 0 0 1 1 1 0 0 1 1 1 0 0 1 1 1 1 1 0 1 1 1 1 1 1 0 0 1 1 1 0 0 1 1 1 0 0 1 1 1 0 0 1 1 1 1 1 0 1 1 1 1 
1 1 1 1 1 1 1 1 1 1 1 1 1 1 1 1 1 1 1 1 1 1 1 1 1 1 1 1 1 1 1 1 1 1 1 1 1 1 1 1 1 1 1 1 1 1 1 1 1 1 1 1 1 1 1 1 1 1 
1 0 0 1 1 1 0 0 1 1 1 0 0 1 1 1 0 0 1 1 1 1 1 1 1 1 1 1 1 1 0 0 1 1 1 0 0 1 1 1 0 0 1 1 1 0 0 1 1 1 1 1 1 1 1 1 1 1 
1 1 1 1 1 1 1 1 1 1 1 1 1 1 1 1 1 1 1 1 1 1 1 1 1 1 1 1 1 1 1 1 1 1 1 1 1 1 1 1 1 1 1 1 1 1 1 1 1 1 1 1 1 1 1 1 1 1 
0 1 0 1 1 1 1 0 1 1 0 1 0 1 1 0 1 0 1 1 1 1 1 1 0 1 1 1 1 0 1 0 1 1 1 1 0 1 1 0 1 0 1 1 0 1 0 1 1 1 1 1 1 0 1 1 1 1 
1 1 0 1 1 1 1 1 1 1 1 1 0 1 1 1 1 0 1 1 1 1 1 1 1 1 1 1 1 1 1 0 1 1 1 1 1 1 1 1 1 0 1 1 1 1 0 1 1 1 1 1 1 1 1 1 1 1 
1 1 1 1 1 1 1 1 1 1 1 1 1 1 1 1 1 1 1 1 1 1 1 1 1 1 1 1 1 1 1 1 1 1 1 1 1 1 1 1 1 1 1 1 1 1 1 1 1 1 1 1 1 1 1 1 1 1 
1 1 1 1 1 1 1 1 1 1 1 1 1 1 1 1 1 1 1 1 1 1 1 1 1 1 1 1 1 1 1 1 1 1 1 1 1 1 1 1 1 1 1 1 1 1 1 1 1 1 1 1 1 1 1 1 1 1 
0 1 1 0 1 0 1 1 0 1 0 1 1 0 1 0 1 1 0 1 1 1 1 1 1 1 1 0 1 0 1 1 0 1 0 1 1 0 1 0 1 1 0 1 0 1 1 0 1 1 1 1 1 1 1 1 0 1 
1 1 1 1 1 1 1 1 1 1 1 1 1 1 1 1 1 1 1 1 1 1 1 1 1 1 1 1 1 1 1 1 1 1 1 1 1 1 1 1 1 1 1 1 1 1 1 1 1 1 1 1 1 1 1 1 1 1 
0 1 1 0 1 0 1 1 0 1 0 1 1 0 1 0 1 1 0 1 1 0 1 1 1 1 1 0 1 0 1 1 0 1 0 1 1 0 1 0 1 1 0 1 0 1 1 0 1 1 0 1 1 1 1 1 0 1 
1 1 0 1 1 1 1 0 1 1 1 1 0 1 1 1 1 0 1 1 1 1 1 1 0 1 1 1 1 1 1 0 1 1 1 1 0 1 1 1 1 0 1 1 1 1 0 1 1 1 1 1 1 0 1 1 1 1 
1 1 1 1 1 1 1 1 1 1 1 1 1 1 1 1 1 1 1 1 1 1 1 1 1 1 1 1 1 1 1 1 1 1 1 1 1 1 1 1 1 1 1 1 1 1 1 1 1 1 1 1 1 1 1 1 1 1 
1 0 1 1 0 1 0 1 1 0 1 0 1 1 0 1 0 1 1 0 1 1 0 1 1 1 1 1 0 1 0 1 1 0 1 0 1 1 0 1 0 1 1 0 1 0 1 1 0 1 1 0 1 1 1 1 1 0 
1 1 1 0 1 1 1 1 0 1 1 1 1 0 1 1 1 1 0 1 1 1 1 1 1 1 1 0 1 1 1 1 0 1 1 1 1 0 1 1 1 1 0 1 1 1 1 0 1 1 1 1 1 1 1 1 0 1 
1 1 1 1 1 1 1 1 1 1 1 1 1 1 1 1 1 1 1 1 1 1 1 1 1 1 1 1 1 1 1 1 1 1 1 1 1 1 1 1 1 1 1 1 1 1 1 1 1 1 1 1 1 1 1 1 1 1 
1 0 1 1 0 1 0 1 1 0 1 0 1 1 0 1 0 1 1 0 1 1 1 0 1 1 1 1 0 1 0 1 1 0 1 0 1 1 0 1 0 1 1 0 1 0 1 1 0 1 1 1 0 1 1 1 1 0 
0 1 0 1 0 0 1 0 1 0 0 1 0 1 0 0 1 0 1 0 1 0 1 1 1 0 1 1 0 0 1 0 1 0 0 1 0 1 0 0 1 0 1 0 0 1 0 1 0 1 0 1 1 1 0 1 1 0 
1 0 0 1 1 1 0 0 1 1 1 0 0 1 1 1 0 0 1 1 1 1 0 1 0 1 1 1 1 1 0 0 1 1 1 0 0 1 1 1 0 0 1 1 1 0 0 1 1 1 1 0 1 0 1 1 1 1 
1 1 1 0 1 1 1 1 0 1 1 1 1 0 1 1 1 1 0 1 1 1 1 1 1 1 1 0 1 1 1 1 0 1 1 1 1 0 1 1 1 1 0 1 1 1 1 0 1 1 1 1 1 1 1 1 0 1 
1 1 1 1 1 1 1 1 1 1 1 1 1 1 1 1 1 1 1 1 1 1 1 1 1 1 1 1 1 1 1 1 1 1 1 1 1 1 1 1 1 1 1 1 1 1 1 1 1 1 1 1 1 1 1 1 1 1 
0 1 0 0 1 1 1 0 0 1 0 1 0 0 1 0 1 0 0 1 1 1 1 1 0 1 1 0 1 0 1 0 0 1 1 1 0 0 1 0 1 0 0 1 0 1 0 0 1 1 1 1 1 0 1 1 0 1 
0 1 1 1 1 0 1 1 1 1 0 1 1 1 1 0 1 1 1 1 1 0 1 1 1 1 1 1 1 0 1 1 1 1 0 1 1 1 1 0 1 1 1 1 0 1 1 1 1 1 0 1 1 1 1 1 1 1 
1 1 1 0 1 1 1 1 0 1 1 1 1 0 1 1 1 1 0 1 1 1 1 1 1 1 1 1 1 1 1 1 0 1 1 1 1 0 1 1 1 1 0 1 1 1 1 0 1 1 1 1 1 1 1 1 1 1 
1 1 1 1 1 1 1 1 1 1 1 1 1 1 1 1 1 1 1 1 1 1 1 1 1 1 1 1 1 1 1 1 1 1 1 1 1 1 1 1 1 1 1 1 1 1 1 1 1 1 1 1 1 1 1 1 1 1 
1 1 1 0 1 1 1 1 0 1 1 1 1 0 1 1 1 1 0 1 1 1 1 1 1 1 1 0 1 1 1 1 0 1 1 1 1 0 1 1 1 1 0 1 1 1 1 0 1 1 1 1 1 1 1 1 0 1 
1 0 0 0 1 1 0 0 0 1 1 0 0 0 1 1 0 0 0 1 1 1 0 1 1 0 0 1 1 1 0 0 0 1 1 0 0 0 1 1 0 0 0 1 1 0 0 0 1 1 1 0 1 1 0 0 1 1 
1 1 0 1 1 1 1 0 1 1 1 1 0 1 1 1 1 0 1 1 1 1 1 1 1 0 1 1 1 1 1 0 1 1 1 1 0 1 1 1 1 0 1 1 1 1 0 1 1 1 1 1 1 1 0 1 1 1 
0 1 0 1 1 0 1 0 1 1 0 1 0 1 1 0 1 0 1 1 0 1 1 1 1 0 1 1 1 0 1 0 1 1 0 1 0 1 1 0 1 0 1 1 0 1 0 1 1 0 1 1 1 1 0 1 1 1 
1 1 1 1 1 1 1 1 1 1 1 1 1 1 1 1 1 1 1 1 1 1 1 1 1 1 1 1 1 1 1 1 1 1 1 1 1 1 1 1 1 1 1 1 1 1 1 1 1 1 1 1 1 1 1 1 1 1 
0 1 1 1 1 0 1 1 1 1 0 1 1 1 1 0 1 1 1 1 1 0 1 1 1 1 1 1 1 0 1 1 1 1 0 1 1 1 1 0 1 1 1 1 0 1 1 1 1 1 0 1 1 1 1 1 1 1 
1 1 1 1 0 1 1 1 1 0 1 1 1 1 0 1 1 1 1 0 1 1 1 1 1 1 1 1 0 1 1 1 1 0 1 1 1 1 0 1 1 1 1 0 1 1 1 1 0 1 1 1 1 1 1 1 1 0 
1 1 0 0 1 1 1 0 0 1 1 1 0 0 1 1 1 0 0 1 1 1 1 1 0 1 0 1 1 1 1 0 0 1 1 1 0 0 1 1 1 0 0 1 1 1 0 0 1 1 1 1 1 0 1 0 1 1 
0 1 1 1 0 0 1 1 1 0 0 1 1 1 0 0 1 1 1 0 1 1 1 1 1 1 1 1 0 0 1 1 1 0 0 1 1 1 0 0 1 1 1 0 0 1 1 1 0 1 1 1 1 1 1 1 1 0 
1 0 0 1 1 1 0 0 1 1 1 0 0 1 1 1 0 0 1 1 1 1 0 1 0 1 1 1 1 1 0 0 1 1 1 0 0 1 1 1 0 0 1 1 1 0 0 1 1 1 1 0 1 0 1 1 1 1 
1 1 0 1 1 1 1 0 1 1 1 1 0 1 1 1 1 0 1 1 1 1 1 1 1 0 1 1 1 1 1 0 1 1 1 1 0 1 1 1 1 0 1 1 1 1 0 1 1 1 1 1 1 1 0 1 1 1 
0 1 1 1 1 0 1 1 1 1 0 1 1 1 1 0 1 1 1 1 1 0 1 1 1 1 1 1 1 0 1 1 1 1 0 1 1 1 1 0 1 1 1 1 0 1 1 1 1 1 0 1 1 1 1 1 1 1 
1 1 1 1 1 1 1 1 1 1 1 1 1 1 1 1 1 1 1 1 1 1 1 1 1 1 1 1 1 1 1 1 1 1 1 1 1 1 1 1 1 1 1 1 1 1 1 1 1 1 1 1 1 1 1 1 1 1 
1 0 0 1 1 1 0 0 1 1 1 0 0 1 1 1 0 0 1 1 1 1 0 1 1 1 1 1 1 1 0 0 1 1 1 0 0 1 1 1 0 0 1 1 1 0 0 1 1 1 1 0 1 1 1 1 1 1 
1 1 0 0 1 1 1 0 0 1 1 1 0 0 1 1 1 0 0 1 1 1 1 1 1 0 1 1 1 1 1 0 0 1 1 1 0 0 1 1 1 0 0 1 1 1 0 0 1 1 1 1 1 1 0 1 1 1 
1 0 1 1 1 1 0 1 1 1 1 0 1 1 1 1 0 1 1 1 1 1 0 1 1 1 1 1 1 1 0 1 1 1 1 0 1 1 1 1 0 1 1 1 1 0 1 1 1 1 1 0 1 1 1 1 1 1 
1 1 1 1 1 1 1 1 1 1 1 1 1 1 1 1 1 1 1 1 1 1 1 1 1 1 1 1 1 1 1 1 1 1 1 1 1 1 1 1 1 1 1 1 1 1 1 1 1 1 1 1 1 1 1 1 1 1 
1 0 1 0 1 1 0 1 0 1 1 0 1 0 1 1 0 1 0 1 1 1 0 1 1 1 0 1 1 1 0 1 0 1 1 0 1 0 1 1 0 1 0 1 1 0 1 0 1 1 1 0 1 1 1 0 1 1 
1 0 1 0 1 1 0 1 0 1 1 0 1 0 1 1 0 1 0 1 1 1 1 0 1 1 1 0 1 1 0 1 0 1 1 0 1 0 1 1 0 1 0 1 1 0 1 0 1 1 1 1 0 1 1 1 0 1 
1 1 1 1 1 1 1 1 1 1 1 1 1 1 1 1 1 1 1 1 1 1 1 1 1 1 1 1 1 1 1 1 1 1 1 1 1 1 1 1 1 1 1 1 1 1 1 1 1 1 1 1 1 1 1 1 1 1 
1 1 1 0 1 1 1 1 0 1 1 1 1 0 1 1 1 1 0 1 1 1 1 1 1 1 1 0 1 1 1 1 0 1 1 1 1 0 1 1 1 1 0 1 1 1 1 0 1 1 1 1 1 1 1 1 0 1 
1 0 1 1 0 1 0 1 1 0 1 0 1 1 0 1 0 1 1 0 1 1 1 0 1 1 1 1 0 1 0 1 1 0 1 0 1 1 0 1 0 1 1 0 1 0 1 1 0 1 1 1 0 1 1 1 1 0 
0 1 1 1 1 0 1 1 1 1 0 1 1 1 1 0 1 1 1 1 1 1 1 1 1 1 1 1 1 0 1 1 1 1 0 1 1 1 1 0 1 1 1 1 0 1 1 1 1 1 1 1 1 1 1 1 1 1 
1 0 1 0 1 1 0 1 1 1 1 0 1 0 1 1 0 1 0 1 1 1 1 1 1 1 1 1 1 1 0 1 0 1 1 0 1 1 1 1 0 1 0 1 1 0 1 0 1 1 1 1 1 1 1 1 1 1 
0 1 1 0 1 0 1 1 0 1 0 1 1 0 1 0 1 1 0 1 0 1 1 1 1 1 1 1 1 0 1 1 0 1 0 1 1 0 1 0 1 1 0 1 0 1 1 0 1 0 1 1 1 1 1 1 1 1 
0 1 0 1 1 0 1 0 1 1 0 1 0 1 1 0 1 0 1 1 1 0 1 1 0 1 1 1 1 0 1 0 1 1 0 1 0 1 1 0 1 0 1 1 0 1 0 1 1 1 0 1 1 0 1 1 1 1 
1 0 1 0 1 1 0 1 0 1 1 0 1 0 1 1 0 1 0 1 1 1 1 0 1 1 1 1 1 1 0 1 0 1 1 0 1 0 1 1 0 1 0 1 1 0 1 0 1 1 1 1 0 1 1 1 1 1 
1 1 1 1 1 1 1 1 1 1 1 1 1 1 1 1 1 1 1 1 1 1 1 1 1 1 1 1 1 1 1 1 1 1 1 1 1 1 1 1 1 1 1 1 1 1 1 1 1 1 1 1 1 1 1 1 1 1 
0 1 0 1 1 0 1 0 1 1 0 1 0 1 1 0 1 0 1 1 0 1 1 1 0 1 1 1 1 0 1 0 1 1 0 1 0 1 1 0 1 0 1 1 0 1 0 1 1 0 1 1 1 0 1 1 1 1 
0 1 1 0 1 0 1 1 0 1 0 1 1 0 1 0 1 1 0 1 1 1 1 1 1 1 1 0 1 0 1 1 0 1 0 1 1 0 1 0 1 1 0 1 0 1 1 0 1 1 1 1 1 1 1 1 0 1 
1 0 1 0 1 1 0 1 0 1 1 0 1 0 1 1 0 1 0 1 1 1 0 1 1 1 1 1 1 1 0 1 0 1 1 0 1 0 1 1 0 1 0 1 1 0 1 0 1 1 1 0 1 1 1 1 1 1 
0 1 0 1 0 0 1 1 1 0 0 1 0 1 0 0 1 0 1 0 0 1 1 1 1 1 1 1 0 0 1 0 1 0 0 1 1 1 0 0 1 0 1 0 0 1 0 1 0 0 1 1 1 1 1 1 1 0 
1 1 1 1 1 1 1 1 1 1 1 1 1 1 1 1 1 1 1 1 1 1 1 1 1 1 1 1 1 1 1 1 1 1 1 1 1 1 1 1 1 1 1 1 1 1 1 1 1 1 1 1 1 1 1 1 1 1 
0 1 1 1 1 0 1 1 1 1 0 1 1 1 1 0 1 1 1 1 0 1 1 1 1 1 1 1 1 0 1 1 1 1 0 1 1 1 1 0 1 1 1 1 0 1 1 1 1 0 1 1 1 1 1 1 1 1 
1 1 0 1 1 1 1 0 1 1 1 1 0 1 1 1 1 0 1 1 1 1 1 1 0 1 1 1 1 1 1 0 1 1 1 1 0 1 1 1 1 0 1 1 1 1 0 1 1 1 1 1 1 0 1 1 1 1 
0 1 1 1 1 0 1 1 1 1 0 1 1 1 1 0 1 1 1 1 0 1 1 1 1 1 1 1 1 0 1 1 1 1 0 1 1 1 1 0 1 1 1 1 0 1 1 1 1 0 1 1 1 1 1 1 1 1 
1 1 0 0 1 1 1 0 0 1 1 1 0 0 1 1 1 0 0 1 1 1 1 1 0 1 1 0 1 1 1 0 0 1 1 1 0 0 1 1 1 0 0 1 1 1 0 0 1 1 1 1 1 0 1 1 0 1 
1 0 1 1 0 1 0 1 1 0 1 0 1 1 0 1 0 1 1 0 1 1 0 0 1 1 1 1 0 1 0 1 1 0 1 0 1 1 0 1 0 1 1 0 1 0 1 1 0 1 1 0 0 1 1 1 1 0 
0 1 1 0 1 1 1 1 1 1 0 1 1 0 1 0 1 1 0 1 1 1 1 1 1 1 1 1 1 0 1 1 0 1 1 1 1 1 1 0 1 1 0 1 0 1 1 0 1 1 1 1 1 1 1 1 1 1 
0 1 1 0 0 0 1 1 0 0 0 1 1 0 0 0 1 1 0 0 0 1 1 1 1 1 1 0 0 0 1 1 0 0 0 1 1 0 0 0 1 1 0 0 0 1 1 0 0 0 1 1 1 1 1 1 0 0 
1 1 1 1 1 1 1 1 1 1 1 1 1 1 1 1 1 1 1 1 1 1 1 1 1 1 1 1 1 1 1 1 1 1 1 1 1 1 1 1 1 1 1 1 1 1 1 1 1 1 1 1 1 1 1 1 1 1 
1 1 0 1 1 1 1 0 1 1 1 1 0 1 1 1 1 0 1 1 1 1 1 1 0 1 1 1 1 1 1 0 1 1 1 1 0 1 1 1 1 0 1 1 1 1 0 1 1 1 1 1 1 0 1 1 1 1 
0 0 1 0 1 0 0 1 0 1 0 0 1 0 1 0 0 1 0 1 1 0 0 1 1 1 1 0 1 0 0 1 0 1 0 0 1 0 1 0 0 1 0 1 0 0 1 0 1 1 0 0 1 1 1 1 0 1 
1 1 1 0 1 1 1 1 0 1 1 1 1 0 1 1 1 1 0 1 1 1 1 1 1 1 0 0 1 1 1 1 0 1 1 1 1 0 1 1 1 1 0 1 1 1 1 0 1 1 1 1 1 1 1 0 0 1 
1 0 1 0 1 1 0 1 1 1 1 0 1 0 1 1 0 1 0 1 1 1 0 1 1 1 1 1 1 1 0 1 0 1 1 0 1 1 1 1 0 1 0 1 1 0 1 0 1 1 1 0 1 1 1 1 1 1 
1 0 1 0 1 1 0 1 0 1 1 0 1 0 1 1 0 1 0 1 1 1 1 1 1 1 0 1 1 1 0 1 0 1 1 0 1 0 1 1 0 1 0 1 1 0 1 0 1 1 1 1 1 1 1 0 1 1 
1 1 1 1 1 1 1 1 1 1 1 1 1 1 1 1 1 1 1 1 1 1 1 1 1 1 1 1 1 1 1 1 1 1 1 1 1 1 1 1 1 1 1 1 1 1 1 1 1 1 1 1 1 1 1 1 1 1 
1 1 1 1 1 1 1 1 1 1 1 1 1 1 1 1 1 1 1 1 1 1 1 1 1 1 1 1 1 1 1 1 1 1 1 1 1 1 1 1 1 1 1 1 1 1 1 1 1 1 1 1 1 1 1 1 1 1 
1 0 1 1 1 1 0 1 1 1 1 0 1 1 1 1 0 1 1 1 1 1 1 1 1 1 1 1 1 1 0 1 1 1 1 0 1 1 1 1 0 1 1 1 1 0 1 1 1 1 1 1 1 1 1 1 1 1 
1 1 0 0 1 1 1 0 0 1 1 1 0 0 1 1 1 0 0 1 1 1 1 1 0 1 0 1 1 1 1 0 0 1 1 1 0 0 1 1 1 0 0 1 1 1 0 0 1 1 1 1 1 0 1 0 1 1 
1 1 0 1 1 1 1 0 1 1 1 1 0 1 1 1 1 0 1 1 1 1 1 1 1 1 1 1 1 1 1 0 1 1 1 1 0 1 1 1 1 0 1 1 1 1 0 1 1 1 1 1 1 1 1 1 1 1 
1 1 1 1 1 1 1 1 1 1 1 1 1 1 1 1 1 1 1 1 1 1 1 1 1 1 1 1 1 1 1 1 1 1 1 1 1 1 1 1 1 1 1 1 1 1 1 1 1 1 1 1 1 1 1 1 1 1 
0 1 0 1 1 0 1 0 1 1 0 1 0 1 1 0 1 0 1 1 1 0 1 1 1 0 1 1 1 0 1 0 1 1 0 1 0 1 1 0 1 0 1 1 0 1 0 1 1 1 0 1 1 1 0 1 1 1 
1 0 0 1 0 1 0 0 1 0 1 0 0 1 0 1 0 0 1 0 1 1 1 1 0 1 1 1 0 1 0 0 1 0 1 0 0 1 0 1 0 0 1 0 1 0 0 1 0 1 1 1 1 0 1 1 1 0 
1 1 1 1 1 1 1 1 1 1 1 1 1 1 1 1 1 1 1 1 1 1 1 1 1 1 1 1 1 1 1 1 1 1 1 1 1 1 1 1 1 1 1 1 1 1 1 1 1 1 1 1 1 1 1 1 1 1 
1 1 1 1 1 1 1 1 1 1 1 1 1 1 1 1 1 1 1 1 1 1 1 1 1 1 1 1 1 1 1 1 1 1 1 1 1 1 1 1 1 1 1 1 1 1 1 1 1 1 1 1 1 1 1 1 1 1 
1 1 1 1 1 1 1 1 1 1 1 1 1 1 1 1 1 1 1 1 1 1 1 1 1 1 1 1 1 1 1 1 1 1 1 1 1 1 1 1 1 1 1 1 1 1 1 1 1 1 1 1 1 1 1 1 1 1 
1 1 0 0 1 1 1 1 0 1 1 1 0 0 1 1 1 0 0 1 1 1 1 1 1 1 0 1 1 1 1 0 0 1 1 1 1 0 1 1 1 0 0 1 1 1 0 0 1 1 1 1 1 1 1 0 1 1 
1 1 1 0 1 1 1 1 0 1 1 1 1 0 1 1 1 1 0 1 1 1 1 1 1 1 1 1 1 1 1 1 0 1 1 1 1 0 1 1 1 1 0 1 1 1 1 0 1 1 1 1 1 1 1 1 1 1 
0 1 1 0 0 0 1 1 0 0 0 1 1 0 0 0 1 1 0 0 0 1 1 1 1 1 0 1 0 0 1 1 0 0 0 1 1 0 0 0 1 1 0 0 0 1 1 0 0 0 1 1 1 1 1 0 1 0 
1 0 1 0 1 1 0 1 0 1 1 0 1 0 1 1 0 1 0 1 1 1 1 0 1 1 1 0 1 1 0 1 0 1 1 0 1 0 1 1 0 1 0 1 1 0 1 0 1 1 1 1 0 1 1 1 0 1 
0 1 0 1 1 0 1 1 1 1 0 1 0 1 1 0 1 0 1 1 0 1 1 1 1 1 1 1 1 0 1 0 1 1 0 1 1 1 1 0 1 0 1 1 0 1 0 1 1 0 1 1 1 1 1 1 1 1 
]

EmployeeWantedInStint: [ (1 34) 1 (1 53) 1 (3 39) 1 (5 39) 1 (7 12) 1 (7 18) 1 (9 44) 1 (10 13) 1 (13 25) 1 (13 36) 1 (13 56) 1 (14 12) 1 (15 23) 1 (16 5) 1 (19 7) 1 (20 48) 1 (22 48) 1 (22 51) 1 (23 10) 1 (23 23) 1 (23 29) 1 (26 19) 1 (27 23) 1 (28 37) 1 (28 49) 1 (29 25) 1 (29 34) 1 (29 39) 1 (29 50) 1 (31 21) 1 (33 11) 1 (34 5) 1 (35 53) 1 (36 57) 1 (37 26) 1 (38 22) 1 (39 2) 1 (41 52) 1 (42 45) 1 (42 58) 1 (43 36) 1 (45 11) 1 (45 14) 1 (45 54) 1 (46 19) 1 (46 28) 1 (48 7) 1 (49 57) 1 (50 31) 1 (50 43) 1 (52 19) 1 (52 27) 1 (52 50) 1 (53 6) 1 (53 31) 1 (54 28) 1 (55 33) 1 (55 36) 1 (56 15) 1 (56 55) 1 (57 9) 1 (57 37) 1 (57 55) 1 (58 7) 1 (59 48) 1 (60 39) 1 (61 28) 1 (62 39) 1 (62 56) 1 (63 4) 1 (63 12) 1 (64 4) 1 (65 11) 1 (67 5) 1 (71 1) 1 (71 50) 1 (73 56) 1 (74 12) 1 (74 30) 1 (75 53) 1 (76 15) 1 (77 17) 1 (78 4) 1 (79 57) 1 (80 49) 1 (82 5) 1 (82 17) 1 (82 40) 1 (83 20) 1 (83 23) 1 (83 58) 1 (84 49) 1 (84 56) 1 (86 41) 1 (87 55) 1 (88 15) 1 (88 19) 1 (88 34) 1 (89 46) 1 (89 50) 1 (89 54) 1 ]

EmployeeWantedViolationCost: [ (1 34) 9000 (1 53) 13000 (3 39) 7000 (5 39) 7000 (7 12) 5000 (7 18) 12000 (9 44) 15000 (10 13) 6000 (13 25) 15000 (13 36) 13000 (13 56) 12000 (14 12) 8000 (15 23) 11000 (16 5) 6000 (19 7) 10000 (20 48) 10000 (22 48) 9000 (22 51) 6000 (23 10) 11000 (23 23) 13000 (23 29) 14000 (26 19) 5000 (27 23) 5000 (28 37) 8000 (28 49) 5000 (29 25) 10000 (29 34) 7000 (29 39) 11000 (29 50) 13000 (31 21) 8000 (33 11) 13000 (34 5) 10000 (35 53) 12000 (36 57) 13000 (37 26) 11000 (38 22) 10000 (39 2) 15000 (41 52) 13000 (42 45) 6000 (42 58) 15000 (43 36) 9000 (45 11) 14000 (45 14) 14000 (45 54) 7000 (46 19) 13000 (46 28) 14000 (48 7) 15000 (49 57) 12000 (50 31) 9000 (50 43) 15000 (52 19) 15000 (52 27) 15000 (52 50) 5000 (53 6) 9000 (53 31) 12000 (54 28) 15000 (55 33) 10000 (55 36) 11000 (56 15) 6000 (56 55) 12000 (57 9) 7000 (57 37) 10000 (57 55) 13000 (58 7) 7000 (59 48) 11000 (60 39) 9000 (61 28) 12000 (62 39) 8000 (62 56) 13000 (63 4) 10000 (63 12) 11000 (64 4) 12000 (65 11) 8000 (67 5) 12000 (71 1) 10000 (71 50) 14000 (73 56) 6000 (74 12) 13000 (74 30) 9000 (75 53) 7000 (76 15) 15000 (77 17) 14000 (78 4) 7000 (79 57) 14000 (80 49) 6000 (82 5) 7000 (82 17) 10000 (82 40) 5000 (83 20) 5000 (83 23) 8000 (83 58) 5000 (84 49) 15000 (84 56) 7000 (86 41) 5000 (87 55) 14000 (88 15) 12000 (88 19) 5000 (88 34) 13000 (89 46) 11000 (89 50) 6000 (89 54) 14000 ]

EmployeesThatShouldNotWorkTogetherWithEmployee: [
[ 33 50 75 88 89 ]
[ ]
[ ]
[ 41 58 80 ]
[ 19 46 61 ]
[ 15 ]
[ 88 ]
[ 66 ]
[ ]
[ 15 43 46 ]
[ 75 82 ]
[ 19 42 57 70 72 82 ]
[ 14 46 48 64 85 ]
[ 39 64 71 78 ]
[ 34 50 60 ]
[ 17 46 53 67 ]
[ 32 44 57 ]
[ 27 51 67 73 ]
[ 41 59 ]
[ 23 ]
[ 49 79 ]
[ 80 89 ]
[ 64 88 ]
[ 71 ]
[ 47 ]
[ 43 59 ]
[ 56 ]
[ 59 72 73 78 ]
[ 50 58 ]
[ 36 59 82 ]
[ 32 43 45 88 ]
[ 35 47 53 58 69 72 ]
[ 73 83 ]
[ 40 47 62 83 ]
[ 86 ]
[ 67 69 ]
[ 81 86 ]
[ ]
[ 47 63 80 ]
[ 45 49 51 88 ]
[ 74 ]
[ 59 ]
[ ]
[ 69 ]
[ 50 72 ]
[ 48 54 ]
[ 58 75 ]
[ 71 ]
[ 52 53 ]
[ 61 ]
[ 57 62 ]
[ ]
[ 67 84 ]
[ 57 70 77 ]
[ 82 ]
[ 58 65 80 86 ]
[ 62 73 ]
[ 62 76 78 ]
[ 60 65 ]
[ ]
[ 78 ]
[ 78 ]
[ ]
[ 71 73 ]
[ 80 ]
[ ]
[ 74 ]
[ ]
[ 79 ]
[ 82 84 ]
[ 80 86 ]
[ 83 ]
[ ]
[ 77 88 ]
[ ]
[ 79 ]
[ ]
[ ]
[ 88 ]
[ ]
[ 87 ]
[ ]
[ ]
[ ]
[ ]
[ ]
[ ]
[ ]
[ ]
[ ]
]

ShouldNotWorkTogetherCost: [ (1 33) 99 (1 50) 198 (1 75) 297 (1 88) 396 (1 89) 396 (4 41) 396 (4 58) 99 (4 80) 297 (5 19) 99 (5 46) 297 (5 61) 99 (6 15) 396 (7 88) 99 (8 66) 297 (10 15) 297 (10 43) 198 (10 46) 396 (11 75) 396 (11 82) 297 (12 19) 99 (12 42) 99 (12 57) 198 (12 70) 297 (12 72) 198 (12 82) 99 (13 14) 297 (13 46) 297 (13 48) 396 (13 64) 99 (13 85) 198 (14 39) 99 (14 64) 198 (14 71) 297 (14 78) 396 (15 34) 99 (15 50) 198 (15 60) 99 (16 17) 99 (16 46) 198 (16 53) 99 (16 67) 198 (17 32) 297 (17 44) 297 (17 57) 198 (18 27) 396 (18 51) 99 (18 67) 198 (18 73) 297 (19 41) 396 (19 59) 396 (20 23) 297 (21 49) 396 (21 79) 396 (22 80) 396 (22 89) 99 (23 64) 396 (23 88) 396 (24 71) 297 (25 47) 99 (26 43) 396 (26 59) 198 (27 56) 396 (28 59) 99 (28 72) 297 (28 73) 396 (28 78) 198 (29 50) 297 (29 58) 297 (30 36) 99 (30 59) 198 (30 82) 99 (31 32) 396 (31 43) 396 (31 45) 198 (31 88) 198 (32 35) 396 (32 47) 396 (32 53) 396 (32 58) 198 (32 69) 99 (32 72) 198 (33 73) 99 (33 83) 99 (34 40) 396 (34 47) 198 (34 62) 198 (34 83) 297 (35 86) 297 (36 67) 99 (36 69) 396 (37 81) 99 (37 86) 198 (39 47) 99 (39 63) 198 (39 80) 198 (40 45) 198 (40 49) 198 (40 51) 198 (40 88) 198 (41 74) 297 (42 59) 396 (44 69) 396 (45 50) 99 (45 72) 396 (46 48) 198 (46 54) 99 (47 58) 396 (47 75) 297 (48 71) 396 (49 52) 198 (49 53) 99 (50 61) 198 (51 57) 396 (51 62) 198 (53 67) 198 (53 84) 198 (54 57) 99 (54 70) 297 (54 77) 99 (55 82) 99 (56 58) 396 (56 65) 198 (56 80) 99 (56 86) 198 (57 62) 198 (57 73) 198 (58 62) 198 (58 76) 198 (58 78) 198 (59 60) 198 (59 65) 297 (61 78) 297 (62 78) 396 (64 71) 297 (64 73) 297 (65 80) 99 (67 74) 198 (69 79) 396 (70 82) 297 (70 84) 297 (71 80) 396 (71 86) 396 (72 83) 99 (74 77) 396 (74 88) 396 (76 79) 198 (79 88) 297 (81 87) 198 ]

ImmediatePredecessorsToActivity: [
[ ]
[ 1 ]
[ 1 ]
[ 3 ]
[ 1 ]
[ 5 ]
[ 2 ]
[ 1 ]
[ 4 ]
[ 7 9 ]
[ 2 4 ]
[ 5 ]
[ 4 6 ]
[ 2 6 ]
[ 6 ]
[ 3 15 ]
[ 5 7 9 11 ]
[ 9 11 14 15 ]
[ 5 11 13 16 ]
[ ]
[ 20 ]
[ 20 ]
[ 20 ]
[ 20 ]
[ 20 ]
[ 21 ]
[ 25 ]
[ 21 27 ]
[ 25 ]
[ 24 ]
[ 28 29 ]
[ ]
[ 32 ]
[ 33 ]
[ 33 ]
[ 32 ]
[ 32 ]
[ 32 ]
[ 36 ]
[ 32 ]
[ 40 ]
[ 36 ]
[ 33 39 ]
[ 32 ]
[ 38 44 ]
[ 37 38 39 ]
[ 33 41 45 46 ]
[ ]
[ 48 ]
[ 48 ]
[ 48 ]
[ 48 ]
[ 49 ]
[ 52 53 ]
[ 51 53 ]
[ 49 ]
[ 48 ]
[ 48 ]
[ 53 ]
[ 51 54 ]
[ ]
[ 61 ]
[ 62 ]
[ 61 ]
[ 61 ]
[ 61 ]
[ 62 64 ]
[ 64 66 ]
[ 68 ]
[ 62 64 65 ]
[ 67 ]
[ 68 71 ]
[ 61 ]
[ ]
[ 74 ]
[ 74 ]
[ 74 ]
[ 75 76 ]
[ 78 ]
[ 74 ]
[ 74 ]
[ 74 ]
[ 74 ]
[ 77 ]
[ 78 ]
[ 74 ]
[ 76 ]
[ 83 86 ]
[ 75 80 87 ]
[ ]
[ 90 ]
[ 90 ]
[ 92 ]
[ 93 ]
[ 90 ]
[ 95 ]
[ 93 96 ]
[ 92 ]
[ 96 ]
[ 96 ]
[ ]
[ 101 ]
[ 101 ]
[ 101 ]
[ 103 ]
[ 101 ]
[ 102 104 106 ]
[ 101 ]
[ 102 106 ]
[ 107 ]
[ 108 ]
[ 107 ]
[ 101 ]
[ 104 105 108 ]
[ ]
[ 115 ]
[ 115 ]
[ 115 ]
[ 115 ]
[ 116 117 118 ]
[ 119 ]
[ 116 118 ]
[ 116 118 ]
[ ]
[ 124 ]
[ 125 ]
[ 124 ]
[ 124 ]
[ 127 ]
[ 126 ]
[ 130 ]
[ 130 ]
[ 129 132 ]
[ 124 ]
[ 127 ]
]

ActivitiesInProject: [
[ 1 2 3 4 5 6 7 8 9 10 11 12 13 14 15 16 17 18 19 ]
[ 20 21 22 23 24 25 26 27 28 29 30 31 ]
[ 32 33 34 35 36 37 38 39 40 41 42 43 44 45 46 47 ]
[ 48 49 50 51 52 53 54 55 56 57 58 59 60 ]
[ 61 62 63 64 65 66 67 68 69 70 71 72 73 ]
[ 74 75 76 77 78 79 80 81 82 83 84 85 86 87 88 89 ]
[ 90 91 92 93 94 95 96 97 98 99 100 ]
[ 101 102 103 104 105 106 107 108 109 110 111 112 113 114 ]
[ 115 116 117 118 119 120 121 122 123 ]
[ 124 125 126 127 128 129 130 131 132 133 134 135 ]
]

nActivityModes: [ 3 3 3 3 3 3 3 3 3 3 3 3 3 3 3 3 3 3 3 3 3 3 3 3 3 3 3 3 3 3 3 3 3 3 3 3 3 3 3 3 3 3 3 3 3 3 3 3 3 3 3 3 3 3 3 3 3 3 3 3 3 3 3 3 3 3 3 3 3 3 3 3 3 3 3 3 3 3 3 3 3 3 3 3 3 3 3 3 3 3 3 3 3 3 3 3 3 3 3 3 3 3 3 3 3 3 3 3 3 3 3 3 3 3 3 3 3 3 3 3 3 3 3 3 3 3 3 3 3 3 3 3 3 3 3 ]

ActivityDurationWithMode: [
1	1	1	
11	8	15	
9	6	12	
6	4	8	
8	6	11	
6	4	8	
26	18	35	
54	36	72	
27	18	36	
6	4	8	
13	9	18	
8	6	11	
6	4	8	
22	15	30	
14	10	19	
9	6	12	
6	4	8	
7	5	10	
9	6	12	
1	1	1	
3	2	4	
5	4	7	
8	6	11	
4	3	6	
4	3	6	
5	4	7	
4	3	6	
4	3	6	
7	5	10	
4	3	6	
9	6	12	
1	1	1	
36	24	48	
5	4	7	
5	4	7	
10	7	14	
6	4	8	
6	4	8	
6	4	8	
5	4	7	
5	4	7	
5	4	7	
6	4	8	
5	4	7	
8	6	11	
5	4	7	
5	4	7	
1	1	1	
4	3	6	
34	23	46	
5	4	7	
12	8	16	
5	4	7	
9	6	12	
4	3	6	
26	18	35	
13	9	18	
4	3	6	
4	3	6	
5	4	7	
1	1	1	
3	2	4	
6	4	8	
5	4	7	
8	6	11	
8	6	11	
4	3	6	
7	5	10	
3	2	4	
3	2	4	
3	2	4	
8	6	11	
25	17	34	
1	1	1	
9	6	12	
23	16	31	
12	8	16	
7	5	10	
8	6	11	
5	4	7	
14	10	19	
39	26	52	
6	4	8	
31	21	42	
9	6	12	
20	14	27	
5	4	7	
6	4	8	
6	4	8	
1	1	1	
8	6	11	
4	3	6	
4	3	6	
3	2	4	
3	2	4	
4	3	6	
15	10	20	
3	2	4	
6	4	8	
4	3	6	
1	1	1	
13	9	18	
5	4	7	
9	6	12	
6	4	8	
7	5	10	
4	3	6	
13	9	18	
21	14	28	
14	10	19	
5	4	7	
16	11	22	
5	4	7	
5	4	7	
1	1	1	
3	2	4	
4	3	6	
4	3	6	
5	4	7	
3	2	4	
3	2	4	
17	12	23	
17	12	23	
1	1	1	
5	4	7	
4	3	6	
4	3	6	
4	3	6	
4	3	6	
5	4	7	
8	6	11	
3	2	4	
3	2	4	
8	6	11	
3	2	4	
]

StintsInProject: [
[ 1 2 3 4 5 ]
[ 6 7 8 9 10 ]
[ 11 12 13 14 15 ]
[ 16 17 18 19 20 ]
[ 21 22 23 24 25 26 27 28 29 ]
[ 30 31 32 33 34 ]
[ 35 36 37 38 39 ]
[ 40 41 42 43 44 ]
[ 45 46 47 48 49 ]
[ 50 51 52 53 54 55 56 57 58 ]
]

WorkingStintsOnDay: [
[ 1 6 11 16 21 30 35 40 45 50 ]
[ 1 6 11 16 21 30 35 40 45 50 ]
[ 1 6 11 16 21 30 35 40 45 50 ]
[ 1 6 11 16 21 30 35 40 45 50 ]
[ 1 6 11 16 21 30 35 40 45 50 ]
[ 1 6 11 16 30 35 40 45 ]
[ 1 6 11 16 30 35 40 45 ]
[ 1 6 11 16 22 30 35 40 45 51 ]
[ 1 6 11 16 22 30 35 40 45 51 ]
[ 1 6 11 16 22 30 35 40 45 51 ]
[ 1 6 11 16 22 30 35 40 45 51 ]
[ 1 6 11 16 22 30 35 40 45 51 ]
[ 1 11 16 30 40 45 ]
[ 1 11 16 30 40 45 ]
[ 2 7 12 17 23 31 36 41 46 52 ]
[ 2 7 12 17 23 31 36 41 46 52 ]
[ 2 7 12 17 23 31 36 41 46 52 ]
[ 2 7 12 17 23 31 36 41 46 52 ]
[ 2 7 12 17 23 31 36 41 46 52 ]
[ 2 7 12 17 31 36 41 46 ]
[ 2 7 12 17 31 36 41 46 ]
[ 2 7 12 17 24 31 36 41 46 53 ]
[ 2 7 12 17 24 31 36 41 46 53 ]
[ 2 7 12 17 24 31 36 41 46 53 ]
[ 2 7 12 17 24 31 36 41 46 53 ]
[ 2 7 12 17 24 31 36 41 46 53 ]
[ 2 12 17 31 41 46 ]
[ 2 12 17 31 41 46 ]
[ 3 8 13 18 25 32 37 42 47 54 ]
[ 3 8 13 18 25 32 37 42 47 54 ]
[ 3 8 13 18 25 32 37 42 47 54 ]
[ 3 8 13 18 25 32 37 42 47 54 ]
[ 3 8 13 18 25 32 37 42 47 54 ]
[ 3 8 13 18 32 37 42 47 ]
[ 3 8 13 18 32 37 42 47 ]
[ 3 8 13 18 26 32 37 42 47 55 ]
[ 3 8 13 18 26 32 37 42 47 55 ]
[ 3 8 13 18 26 32 37 42 47 55 ]
[ 3 8 13 18 26 32 37 42 47 55 ]
[ 3 8 13 18 26 32 37 42 47 55 ]
[ 3 13 18 32 42 47 ]
[ 3 13 18 32 42 47 ]
[ 4 9 14 19 27 33 38 43 48 56 ]
[ 4 9 14 19 27 33 38 43 48 56 ]
[ 4 9 14 19 27 33 38 43 48 56 ]
[ 4 9 14 19 27 33 38 43 48 56 ]
[ 4 9 14 19 27 33 38 43 48 56 ]
[ 4 9 14 19 33 38 43 48 ]
[ 4 9 14 19 33 38 43 48 ]
[ 4 9 14 19 28 33 38 43 48 57 ]
[ 4 9 14 19 28 33 38 43 48 57 ]
[ 4 9 14 19 28 33 38 43 48 57 ]
[ 4 9 14 19 28 33 38 43 48 57 ]
[ 4 9 14 19 28 33 38 43 48 57 ]
[ 4 14 19 33 43 48 ]
[ 4 14 19 33 43 48 ]
[ 5 10 15 20 29 34 39 44 49 58 ]
[ 5 10 15 20 29 34 39 44 49 58 ]
[ 5 10 15 20 29 34 39 44 49 58 ]
[ 5 10 15 20 29 34 39 44 49 58 ]
]

ProjectStart: [ 3 6 11 19 6 6 20 9 9 2 ]

ProjectEnd: [ 57 37 56 55 41 50 48 46 32 35 ]

EarliestStartDayForActivity: [ 1 3 3 12 3 11 14 3 18 45 18 11 18 17 17 31 45 45 40 1 6 6 6 6 6 9 10 16 10 10 20 1 11 47 47 11 11 11 21 11 16 21 47 11 17 27 47 1 19 19 19 19 23 31 28 23 19 19 28 40 1 6 11 6 6 6 13 18 27 18 19 27 6 1 6 6 6 29 36 6 6 6 6 18 36 6 29 26 34 1 20 20 24 30 20 23 30 24 27 27 1 9 9 9 14 9 22 9 22 26 22 26 9 22 1 9 9 9 9 13 14 13 13 1 2 9 2 2 6 13 20 20 25 2 6 ]

LatestStartDayForActivity: [ 1 57 57 57 57 57 57 57 57 57 57 57 57 57 57 57 57 57 57 1 37 37 37 37 37 37 37 37 37 37 37 1 56 56 56 56 56 56 56 56 56 56 56 56 56 56 56 1 55 55 55 55 55 55 55 55 55 55 55 55 1 41 41 41 41 41 41 41 41 41 41 41 41 1 50 50 50 50 50 50 50 50 50 50 50 50 50 50 50 1 48 48 48 48 48 48 48 48 48 48 1 46 46 46 46 46 46 46 46 46 46 46 46 46 1 32 32 32 32 32 32 32 32 1 35 35 35 35 35 35 35 35 35 35 35 ]

EquipmentTypeDemandInActivityWithMode: [
0	0	0	
0	1	0	
0	1	0	
1	3	1	
1	3	1	
0	1	0	
0	1	0	
0	1	0	
0	1	0	
1	3	1	
0	1	0	
1	3	1	
1	3	1	
0	1	0	
0	1	0	
1	3	1	
0	1	0	
1	3	1	
0	1	0	
0	0	0	
0	1	0	
0	1	0	
0	1	0	
0	1	0	
0	1	0	
0	1	0	
0	1	0	
0	1	0	
0	1	0	
0	1	0	
0	1	0	
0	0	0	
1	3	1	
0	1	0	
1	3	1	
1	3	1	
0	1	0	
0	1	0	
0	1	0	
0	1	0	
0	1	0	
0	1	0	
0	1	0	
0	1	0	
0	1	0	
1	3	1	
1	3	1	
0	0	0	
0	1	0	
0	1	0	
0	1	0	
0	1	0	
0	1	0	
0	1	0	
0	1	0	
0	1	0	
0	1	0	
0	1	0	
0	1	0	
0	1	0	
0	0	0	
0	1	0	
0	1	0	
0	1	0	
0	1	0	
0	1	0	
0	1	0	
0	1	0	
0	1	0	
0	1	0	
0	1	0	
0	1	0	
0	1	0	
0	0	0	
0	1	0	
0	1	0	
1	3	1	
0	1	0	
0	1	0	
0	1	0	
1	3	1	
0	1	0	
0	1	0	
0	1	0	
0	1	0	
0	1	0	
0	1	0	
0	1	0	
0	1	0	
0	0	0	
0	1	0	
0	1	0	
0	1	0	
1	3	1	
0	1	0	
1	3	1	
0	1	0	
0	1	0	
0	1	0	
0	1	0	
0	0	0	
0	1	0	
0	1	0	
1	3	1	
0	1	0	
1	3	1	
0	1	0	
0	1	0	
1	3	1	
1	3	1	
1	3	1	
0	1	0	
0	1	0	
0	1	0	
0	0	0	
2	4	2	
0	1	0	
0	1	0	
0	1	0	
0	1	0	
0	1	0	
1	3	1	
1	3	1	
0	0	0	
0	1	0	
0	1	0	
0	1	0	
0	1	0	
0	1	0	
1	3	1	
0	1	0	
1	3	1	
1	3	1	
0	1	0	
0	1	0	

0	0	0	
0	1	0	
0	1	0	
0	1	0	
0	1	0	
0	1	0	
0	1	0	
1	3	1	
0	1	0	
1	3	1	
0	1	0	
0	1	0	
0	1	0	
0	1	0	
0	1	0	
1	3	1	
0	1	0	
0	1	0	
1	3	1	
0	0	0	
2	4	2	
0	1	0	
0	1	0	
0	1	0	
2	4	2	
1	3	1	
1	3	1	
0	1	0	
0	1	0	
0	1	0	
0	1	0	
0	0	0	
0	1	0	
0	1	0	
1	3	1	
1	3	1	
0	1	0	
1	3	1	
0	1	0	
0	1	0	
1	3	1	
0	1	0	
2	4	2	
0	1	0	
0	1	0	
1	3	1	
1	3	1	
0	0	0	
1	3	1	
0	1	0	
1	3	1	
0	1	0	
0	1	0	
0	1	0	
2	4	2	
0	1	0	
1	3	1	
0	1	0	
1	3	1	
0	1	0	
0	0	0	
0	1	0	
0	1	0	
0	1	0	
0	1	0	
1	3	1	
1	3	1	
1	3	1	
0	1	0	
1	3	1	
0	1	0	
1	3	1	
1	3	1	
0	0	0	
0	1	0	
0	1	0	
0	1	0	
1	3	1	
0	1	0	
0	1	0	
0	1	0	
1	3	1	
1	3	1	
0	1	0	
1	3	1	
0	1	0	
1	3	1	
0	1	0	
0	1	0	
0	0	0	
0	1	0	
1	3	1	
1	3	1	
0	1	0	
0	1	0	
1	3	1	
1	3	1	
0	1	0	
0	1	0	
0	1	0	
0	0	0	
0	1	0	
0	1	0	
1	3	1	
0	1	0	
0	1	0	
0	1	0	
0	1	0	
0	1	0	
0	1	0	
1	3	1	
1	3	1	
0	1	0	
0	1	0	
0	0	0	
0	1	0	
1	3	1	
0	1	0	
0	1	0	
1	3	1	
2	4	2	
0	1	0	
1	3	1	
0	0	0	
0	1	0	
0	1	0	
1	3	1	
1	3	1	
0	1	0	
0	1	0	
0	1	0	
0	1	0	
0	1	0	
1	3	1	
0	1	0	

0	0	0	
1	3	1	
0	1	0	
0	1	0	
0	1	0	
0	1	0	
0	1	0	
0	1	0	
0	1	0	
2	4	2	
1	3	1	
0	1	0	
1	3	1	
0	1	0	
2	4	2	
1	3	1	
0	1	0	
1	3	1	
0	1	0	
0	0	0	
0	1	0	
1	3	1	
0	1	0	
1	3	1	
2	4	2	
0	1	0	
1	3	1	
1	3	1	
0	1	0	
0	1	0	
1	3	1	
0	0	0	
0	1	0	
0	1	0	
0	1	0	
0	1	0	
2	4	2	
1	3	1	
1	3	1	
1	3	1	
0	1	0	
0	1	0	
0	1	0	
1	3	1	
0	1	0	
0	1	0	
0	1	0	
0	0	0	
0	1	0	
0	1	0	
0	1	0	
0	1	0	
1	3	1	
0	1	0	
0	1	0	
2	4	2	
2	4	2	
0	1	0	
0	1	0	
0	1	0	
0	0	0	
1	3	1	
2	4	2	
1	3	1	
0	1	0	
0	1	0	
0	1	0	
1	3	1	
0	1	0	
1	3	1	
0	1	0	
0	1	0	
1	3	1	
0	0	0	
0	1	0	
0	1	0	
1	3	1	
0	1	0	
0	1	0	
1	3	1	
0	1	0	
0	1	0	
1	3	1	
0	1	0	
0	1	0	
0	1	0	
0	1	0	
0	1	0	
1	3	1	
0	0	0	
1	3	1	
1	3	1	
0	1	0	
1	3	1	
0	1	0	
1	3	1	
0	1	0	
2	4	2	
0	1	0	
0	1	0	
0	0	0	
0	1	0	
0	1	0	
0	1	0	
1	3	1	
1	3	1	
0	1	0	
0	1	0	
1	3	1	
0	1	0	
0	1	0	
0	1	0	
0	1	0	
1	3	1	
0	0	0	
0	1	0	
0	1	0	
0	1	0	
1	3	1	
1	3	1	
0	1	0	
0	1	0	
0	1	0	
0	0	0	
0	1	0	
0	1	0	
0	1	0	
0	1	0	
1	3	1	
0	1	0	
1	3	1	
0	1	0	
2	4	2	
0	1	0	
0	1	0	

0	0	0	
0	1	0	
0	1	0	
0	1	0	
0	1	0	
0	1	0	
0	1	0	
0	1	0	
1	3	1	
0	1	0	
0	1	0	
0	1	0	
0	1	0	
2	4	2	
0	1	0	
0	1	0	
0	1	0	
0	1	0	
0	1	0	
0	0	0	
0	1	0	
0	1	0	
1	3	1	
0	1	0	
0	1	0	
0	1	0	
0	1	0	
0	1	0	
1	3	1	
1	3	1	
0	1	0	
0	0	0	
0	1	0	
0	1	0	
0	1	0	
0	1	0	
0	1	0	
0	1	0	
1	3	1	
1	3	1	
0	1	0	
0	1	0	
1	3	1	
0	1	0	
1	3	1	
1	3	1	
0	1	0	
0	0	0	
0	1	0	
0	1	0	
0	1	0	
0	1	0	
0	1	0	
0	1	0	
0	1	0	
0	1	0	
1	3	1	
0	1	0	
0	1	0	
0	1	0	
0	0	0	
0	1	0	
0	1	0	
1	3	1	
0	1	0	
0	1	0	
0	1	0	
0	1	0	
0	1	0	
1	3	1	
0	1	0	
0	1	0	
0	1	0	
0	0	0	
0	1	0	
0	1	0	
0	1	0	
0	1	0	
0	1	0	
1	3	1	
0	1	0	
0	1	0	
1	3	1	
0	1	0	
0	1	0	
0	1	0	
0	1	0	
0	1	0	
1	3	1	
0	0	0	
0	1	0	
0	1	0	
1	3	1	
1	3	1	
0	1	0	
2	4	2	
0	1	0	
0	1	0	
0	1	0	
1	3	1	
0	0	0	
1	3	1	
1	3	1	
0	1	0	
1	3	1	
0	1	0	
0	1	0	
1	3	1	
0	1	0	
0	1	0	
2	4	2	
0	1	0	
0	1	0	
2	4	2	
0	0	0	
0	1	0	
0	1	0	
0	1	0	
1	3	1	
0	1	0	
0	1	0	
0	1	0	
0	1	0	
0	0	0	
0	1	0	
0	1	0	
0	1	0	
0	1	0	
0	1	0	
0	1	0	
0	1	0	
0	1	0	
0	1	0	
0	1	0	
1	3	1	

]

ExternalEquipmentRentingCost: [
4395	1510	4119	2271	3531	1547	4613	2126	3790	1634	3479	2655	5183	1369	4538	3825	5878	2035	1353	4769	3031	1269	3636	5105	3495	4228	5082	1121	4266	2405	5426	2519	1015	5662	1753	3701	4068	5346	1451	2418	3624	5627	1859	3669	3313	3784	4098	5249	1644	4734	3844	2114	1274	2140	3102	4052	2173	2020	2259	4551	2768	2186	3543	3505	2254	4065	2840	5250	3393	2928	1115	5542	3090	4699	3429	5410	2443	1546	5984	1921	3636	2962	3187	1149	5281	1732	1544	4276	3314	4650	5887	3634	3250	5997	5434	3908	5909	3975	1539	5450	1641	1124	3672	2822	4102	5311	3363	1725	1001	2353	2062	1544	1265	5455	2363	4818	4670	2065	5904	5092	1935	3338	1139	2213	3134	4358	1327	5106	3205	5794	2431	1620	4341	2539	3244	
1217	2574	5467	3134	4989	5686	3456	3463	4263	2483	5489	1440	3806	5346	1117	5167	1487	3160	3338	1955	2481	3785	4784	3134	1065	1556	4801	3749	5462	1201	1912	5481	3149	2815	1096	4493	1002	5712	5305	3053	2045	5491	3518	3607	1564	2058	4612	4658	3315	1907	3625	3706	5317	1723	2580	1072	2617	5048	5470	2822	2267	5506	4751	3962	4317	4526	5186	5896	2372	2267	4942	5130	3781	1464	5035	1067	1385	1865	2595	5959	4507	1133	3101	3157	1346	5638	1743	3869	4280	1337	4990	4498	2422	2661	4932	5776	5273	1908	1076	2101	2329	2619	5030	1687	1993	5269	3727	2076	1280	4682	4807	4079	2354	2673	5266	5843	4652	1541	5589	5945	1727	4453	2786	5680	5366	5970	5175	1379	5716	3704	3818	5009	1558	3158	2278	
3324	2047	3722	5086	4348	1532	3761	3488	4820	1218	1913	5496	2071	5547	3024	2143	1660	2970	2686	2383	3887	3119	3387	5005	4879	2199	1509	2741	2310	1361	1056	3775	4717	4984	1931	5722	1747	1091	4422	4259	1818	1912	1168	5377	4202	1980	1524	3977	5364	5253	2849	5427	2961	4563	5040	4015	2109	2147	4865	2772	2458	1473	3203	3000	5865	2948	1846	3836	3632	3959	5168	1874	1600	4574	5005	4185	3391	3753	3875	5685	4610	1043	5691	4200	4186	1409	1220	3318	3064	2938	4083	1056	3281	4279	3638	1580	3247	2770	4761	3621	2813	4450	4434	3942	1235	5956	2144	5688	4693	2117	4877	2511	4367	4828	5574	1859	2948	1941	4753	4295	5245	5052	4779	1558	3531	4304	5236	5699	4533	3749	5862	4621	4393	4657	3787	
1495	2493	4144	2170	3002	3442	5773	5674	5680	4283	1390	5358	2411	4609	4869	4183	3475	4135	5358	2539	2719	5146	3507	1221	4753	3475	2221	5651	3339	1014	5777	5224	4912	4365	2202	2953	2616	5813	5858	5330	2737	3406	3567	5948	2854	4981	5616	4942	4040	2611	5097	3098	3234	4011	1077	3140	2572	5485	2914	5783	5507	1833	5209	1494	3957	5449	4051	3714	3010	3785	2799	1721	2796	3641	2261	5575	1032	2351	2752	2681	4252	2648	1199	3903	3404	1249	2070	1530	1324	4296	3460	3868	2228	1713	5448	5823	2362	4371	4309	5610	2648	1352	2396	4443	5473	1789	4759	3973	3841	5066	5362	4952	5300	4225	1264	3918	2372	5416	2672	2950	3791	4181	3579	3392	4075	1612	1567	3494	2583	2500	5188	3579	2513	1678	1088	
]

EquipmentTypeTransportationCost: [
1	3202	3467	3528	3246	3548	3320	3166	2976	3567	
3202	1	2691	3039	2546	3117	2710	2033	2657	3176	
3467	2691	1	2771	2761	2750	2627	2702	3054	2956	
3528	3039	2771	1	3156	1000	2994	3120	3291	2315	
3246	2546	2761	3156	1	3059	2521	2473	2837	3156	
3548	3117	2750	1000	3059	1	3060	3119	3304	2342	
3320	2710	2627	2994	2521	3060	1	2671	2974	3109	
3166	2033	2702	3120	2473	3119	2671	1	2684	3199	
2976	2657	3054	3291	2837	3304	2974	2684	1	3300	
3567	3176	2956	2315	3156	2342	3109	3199	3300	1	

1	4068	4360	4536	4179	4497	4228	4035	3858	4567	
4068	1	3412	3902	3144	3919	3371	2447	3325	4004	
4360	3412	1	3496	3430	3529	3255	3478	3777	3611	
4536	3902	3496	1	3890	1000	3768	3931	4074	2829	
4179	3144	3430	3890	1	3926	3037	3113	3587	4032	
4497	3919	3529	1000	3926	1	3778	3929	4097	2816	
4228	3371	3255	3768	3037	3778	1	3356	3772	3891	
4035	2447	3478	3931	3113	3929	3356	1	3330	3994	
3858	3325	3777	4074	3587	4097	3772	3330	1	4168	
4567	4004	3611	2829	4032	2816	3891	3994	4168	1	

1	3559	3683	3852	3579	3906	3647	3484	3302	3943	
3559	1	2969	3369	2782	3410	2931	2181	2952	3448	
3683	2969	1	3066	3035	3057	2886	2975	3331	3221	
3852	3369	3066	1	3449	1000	3283	3373	3561	2473	
3579	2782	3035	3449	1	3393	2691	2683	3158	3494	
3906	3410	3057	1000	3393	1	3238	3346	3533	2502	
3647	2931	2886	3283	2691	3238	1	2949	3247	3381	
3484	2181	2975	3373	2683	3346	2949	1	2921	3469	
3302	2952	3331	3561	3158	3533	3247	2921	1	3634	
3943	3448	3221	2473	3494	2502	3381	3469	3634	1	

1	5003	5262	5419	4952	5562	5140	4908	4563	5736	
5003	1	4069	4635	3772	4751	4015	2834	4008	4898	
5262	4069	1	4225	4082	4157	3818	4104	4507	4496	
5419	4635	4225	1	4706	1000	4648	4685	5032	3433	
4952	3772	4082	4706	1	4867	3648	3708	4353	4894	
5562	4751	4157	1000	4867	1	4552	4637	5084	3372	
5140	4015	3818	4648	3648	4552	1	3912	4532	4762	
4908	2834	4104	4685	3708	4637	3912	1	4033	4880	
4563	4008	4507	5032	4353	5084	4532	4033	1	5102	
5736	4898	4496	3433	4894	3372	4762	4880	5102	1	

]

TransportationTimeForEquipmentTypeBetweenProjects: [
1	2	4	4	2	4	2	2	2	4	
2	1	1	2	1	2	1	1	1	2	
4	1	1	1	1	1	1	1	2	1	
4	2	1	1	2	1	2	2	2	1	
2	1	1	2	1	2	1	1	1	2	
4	2	1	1	2	1	2	2	2	1	
2	1	1	2	1	2	1	1	2	2	
2	1	1	2	1	2	1	1	1	2	
2	1	2	2	1	2	2	1	1	2	
4	2	1	1	2	1	2	2	2	1	

1	3	5	5	3	5	3	3	3	5	
3	1	1	3	1	3	1	1	1	3	
5	1	1	1	1	1	1	1	3	1	
5	3	1	1	3	1	3	3	3	1	
3	1	1	3	1	3	1	1	1	3	
5	3	1	1	3	1	3	3	3	1	
3	1	1	3	1	3	1	1	3	3	
3	1	1	3	1	3	1	1	1	3	
3	1	3	3	1	3	3	1	1	3	
5	3	1	1	3	1	3	3	3	1	

1	2	4	4	2	4	2	2	2	4	
2	1	1	2	1	2	1	1	1	2	
4	1	1	1	1	1	1	1	2	1	
4	2	1	1	2	1	2	2	2	1	
2	1	1	2	1	2	1	1	1	2	
4	2	1	1	2	1	2	2	2	1	
2	1	1	2	1	2	1	1	2	2	
2	1	1	2	1	2	1	1	1	2	
2	1	2	2	1	2	2	1	1	2	
4	2	1	1	2	1	2	2	2	1	

1	3	6	6	3	6	3	3	3	6	
3	1	1	3	1	3	1	1	1	3	
6	1	1	1	1	1	1	1	3	1	
6	3	1	1	3	1	3	3	3	1	
3	1	1	3	1	3	1	1	1	3	
6	3	1	1	3	1	3	3	3	1	
3	1	1	3	1	3	1	1	3	3	
3	1	1	3	1	3	1	1	1	3	
3	1	3	3	1	3	3	1	1	3	
6	3	1	1	3	1	3	3	3	1	

]

TotalNumberOfInitialEquipmentTypeLocation: [
(1 61) 1 (1 74) 1 (1 115) 1 (1 124) 1 
(2 20) 1 (2 48) 1 (2 74) 1 (2 90) 1 (2 101) 1 (2 124) 1 
(3 1) 1 (3 32) 2 (3 48) 1 (3 61) 1 (3 74) 1 (3 115) 1 
(4 1) 2 (4 90) 1 
]

DepotActivities: [ 1 20 32 48 61 74 90 101 115 124 ]

MaximalStintCliques: [
[ 2 12 17 31 41 46 55 3 37 8 42 13 18 26 47 32 ]
[ 2 12 17 31 41 46 7 36 1 40 11 45 16 30 35 52 6 23 ]
[ 2 12 17 31 41 46 7 36 1 40 11 45 16 30 53 24 ]
[ 2 12 17 31 41 46 7 36 3 37 8 42 13 47 25 18 54 32 ]
[ 4 9 14 19 33 38 43 48 34 5 39 10 44 15 49 58 20 29 ]
[ 4 9 14 19 33 38 43 48 3 42 13 47 18 32 57 28 ]
[ 4 9 14 19 33 38 43 48 3 42 13 47 18 32 37 27 8 56 ]
[ 21 1 35 6 40 11 50 45 30 16 ]
[ 22 1 35 6 40 11 51 45 30 16 ]
]
