nEmployees: 90
nSkills: 4
nProjects: 10
nDays: 60
nActivities: 152
nEquipmentTypes: 3
nStints: 62
nMaxModes: 1
nStintCliques: 9

EmployeeInStintCost: [
17334 17334 17334 10914 1926 43898 43898 43898 37478 15310 28944 28944 28944 27018 11294 13674 13674 13674 13674 13674 13674 13674 13674 10974 16422 16422 16422 16422 16422 16422 16422 16422 13374 28008 28008 28008 26082 8998 38884 38884 38884 32464 11586 47542 47542 47542 41122 17214 25872 25872 25872 23946 8286 17112 17112 17112 17112 17112 17112 17112 17112 13734 
47984 47984 47984 41444 19438 40526 40526 40526 33986 11650 30216 30216 30216 28254 12362 14194 14194 14194 14194 14194 14194 14194 14194 11458 15430 15430 15430 15430 15430 15430 15430 15430 12346 37896 37896 37896 35934 18682 41800 41800 41800 35260 14214 41602 41602 41602 35062 10986 35760 35760 35760 33798 17970 18216 18216 18216 18216 18216 18216 18216 18216 14802 
41334 41334 41334 35334 14084 21760 21760 21760 15760 7360 23624 23624 23624 21824 6688 8982 8982 8982 8982 8982 8982 8982 8982 6408 5840 5840 5840 5840 5840 5840 5840 5840 4040 31288 31288 31288 29488 12992 35142 35142 35142 29142 8852 39608 39608 39608 33608 10288 29152 29152 29152 27352 12280 12380 12380 12380 12380 12380 12380 12380 12380 9128 
43220 43220 43220 36080 13234 39938 39938 39938 32798 9622 26152 26152 26152 24010 7278 4284 4284 4284 4284 4284 4284 4284 4284 2142 11534 11534 11534 11534 11534 11534 11534 11534 8270 32912 32912 32912 30770 12678 24798 24798 24798 17658 7662 43534 43534 43534 36394 11478 30776 30776 30776 28634 11966 13312 13312 13312 13312 13312 13312 13312 13312 9718 
39980 39980 39980 34040 12874 36698 36698 36698 30758 9262 23752 23752 23752 21970 6918 3564 3564 3564 3564 3564 3564 3564 3564 1782 10814 10814 10814 10814 10814 10814 10814 10814 7910 30512 30512 30512 28730 12318 21558 21558 21558 15618 7302 40294 40294 40294 34354 11118 28376 28376 28376 26594 11606 12592 12592 12592 12592 12592 12592 12592 12592 9358 
41580 41580 41580 34920 12746 39178 39178 39178 32518 10014 15920 15920 15920 13922 4598 9274 9274 9274 9274 9274 9274 9274 9274 6502 10974 10974 10974 10974 10974 10974 10974 10974 7854 30968 30968 30968 28970 11550 23742 23742 23742 17082 7758 42998 42998 42998 36338 12094 28832 28832 28832 26834 10838 6596 6596 6596 6596 6596 6596 6596 6596 4598 
44736 44736 44736 37956 15614 38438 38438 38438 31658 8986 27536 27536 27536 25502 9274 10586 10586 10586 10586 10586 10586 10586 10586 7778 12606 12606 12606 12606 12606 12606 12606 12606 9450 34840 34840 34840 32806 15218 38696 38696 38696 31916 10534 40546 40546 40546 33766 9354 32704 32704 32704 30670 14506 15200 15200 15200 15200 15200 15200 15200 15200 11714 
37374 37374 37374 30894 8972 44324 44324 44324 37844 15592 28992 28992 28992 27048 11240 14182 14182 14182 14182 14182 14182 14182 14182 11464 16522 16522 16522 16522 16522 16522 16522 16522 13456 18960 18960 18960 17016 7944 39462 39462 39462 32982 12020 48096 48096 48096 41616 17624 18960 18960 18960 17016 7944 17076 17076 17076 17076 17076 17076 17076 17076 13680 
38052 38052 38052 31392 9218 42986 42986 42986 36326 13822 27592 27592 27592 25594 9534 12434 12434 12434 12434 12434 12434 12434 12434 9662 14838 14838 14838 14838 14838 14838 14838 14838 11718 27624 27624 27624 25626 8206 38092 38092 38092 31432 10218 46742 46742 46742 40082 15838 25488 25488 25488 23490 7494 15424 15424 15424 15424 15424 15424 15424 15424 11974 
37698 37698 37698 31098 9008 44648 44648 44648 38048 15628 29232 29232 29232 27252 11276 14254 14254 14254 14254 14254 14254 14254 14254 11500 16594 16594 16594 16594 16594 16594 16594 16594 13492 19200 19200 19200 17220 7980 39786 39786 39786 33186 12056 48420 48420 48420 41820 17660 19200 19200 19200 17220 7980 17148 17148 17148 17148 17148 17148 17148 17148 13716 
45274 45274 45274 38674 16584 38848 38848 38848 32248 9828 28272 28272 28272 26292 10316 11582 11582 11582 11582 11582 11582 11582 11582 8828 13538 13538 13538 13538 13538 13538 13538 13538 10436 35592 35592 35592 33612 16276 39314 39314 39314 32714 11584 40284 40284 40284 33684 9524 33456 33456 33456 31476 15564 16188 16188 16188 16188 16188 16188 16188 16188 12756 
41352 41352 41352 34332 11654 41190 41190 41190 34170 11162 25816 25816 25816 23710 7146 9938 9938 9938 9938 9938 9938 9938 9938 7058 12374 12374 12374 12374 12374 12374 12374 12374 9146 30816 30816 30816 28710 10786 22994 22994 22994 15974 6146 44938 44938 44938 37918 13170 28680 28680 28680 26574 10074 13144 13144 13144 13144 13144 13144 13144 13144 9586 
36240 36240 36240 30180 8846 43190 43190 43190 37130 15466 28152 28152 28152 26334 11114 13930 13930 13930 13930 13930 13930 13930 13930 11338 16270 16270 16270 16270 16270 16270 16270 16270 13330 18120 18120 18120 16302 7818 38328 38328 38328 32268 11894 46962 46962 46962 40902 17498 18120 18120 18120 16302 7818 16824 16824 16824 16824 16824 16824 16824 16824 13554 
42944 42944 42944 35924 13246 40038 40038 40038 33018 10010 14040 14040 14040 11934 2106 9850 9850 9850 9850 9850 9850 9850 9850 6970 9892 9892 9892 9892 9892 9892 9892 9892 7786 31856 31856 31856 29750 11826 37280 37280 37280 30260 8542 43882 43882 43882 36862 12114 29720 29720 29720 27614 11114 4212 4212 4212 4212 4212 4212 4212 4212 2106 
35916 35916 35916 29976 8810 42866 42866 42866 36926 15430 27912 27912 27912 26130 11078 13858 13858 13858 13858 13858 13858 13858 13858 11302 16198 16198 16198 16198 16198 16198 16198 16198 13294 17880 17880 17880 16098 7782 38004 38004 38004 32064 11858 46638 46638 46638 40698 17462 17880 17880 17880 16098 7782 16752 16752 16752 16752 16752 16752 16752 16752 13518 
39818 39818 39818 33938 12856 36536 36536 36536 30656 9244 23632 23632 23632 21868 6900 3528 3528 3528 3528 3528 3528 3528 3528 1764 10778 10778 10778 10778 10778 10778 10778 10778 7892 30392 30392 30392 28628 12300 21396 21396 21396 15516 7284 40132 40132 40132 34252 11100 28256 28256 28256 26492 11588 12556 12556 12556 12556 12556 12556 12556 12556 9340 
42468 42468 42468 36528 15362 36170 36170 36170 30230 8734 25856 25856 25856 24074 9022 10082 10082 10082 10082 10082 10082 10082 10082 7526 12102 12102 12102 12102 12102 12102 12102 12102 9198 33160 33160 33160 31378 14966 36428 36428 36428 30488 10282 38278 38278 38278 32338 9102 31024 31024 31024 29242 14254 14696 14696 14696 14696 14696 14696 14696 14696 11462 
43268 43268 43268 36128 13282 40362 40362 40362 33222 10046 14280 14280 14280 12138 2142 9922 9922 9922 9922 9922 9922 9922 9922 7006 9964 9964 9964 9964 9964 9964 9964 9964 7822 32096 32096 32096 29954 11862 37604 37604 37604 30464 8578 44206 44206 44206 37066 12150 29960 29960 29960 27818 11150 4284 4284 4284 4284 4284 4284 4284 4284 2142 
42836 42836 42836 36896 15730 20998 20998 20998 15058 6742 25576 25576 25576 23794 8742 10290 10290 10290 10290 10290 10290 10290 10290 7734 11670 11670 11670 11670 11670 11670 11670 11670 8766 33176 33176 33176 31394 14982 36620 36620 36620 30680 10474 18558 18558 18558 12618 4302 31040 31040 31040 29258 14270 14416 14416 14416 14416 14416 14416 14416 14416 11182 
42464 42464 42464 36404 15070 16362 16362 16362 10302 1818 24856 24856 24856 23038 7818 9714 9714 9714 9714 9714 9714 9714 9714 7122 10758 10758 10758 10758 10758 10758 10758 10758 7818 32512 32512 32512 30694 14114 36216 36216 36216 30156 9782 38658 38658 38658 32598 9194 30376 30376 30376 28558 13402 13528 13528 13528 13528 13528 13528 13528 13528 10258 
44250 44250 44250 37650 15560 37952 37952 37952 31352 8932 27176 27176 27176 25196 9220 10478 10478 10478 10478 10478 10478 10478 10478 7724 12498 12498 12498 12498 12498 12498 12498 12498 9396 34480 34480 34480 32500 15164 38210 38210 38210 31610 10480 40060 40060 40060 33460 9300 32344 32344 32344 30364 14452 15092 15092 15092 15092 15092 15092 15092 15092 11660 
42144 42144 42144 35844 14174 22570 22570 22570 16270 7450 24224 24224 24224 22334 6778 9162 9162 9162 9162 9162 9162 9162 9162 6498 6020 6020 6020 6020 6020 6020 6020 6020 4130 31888 31888 31888 29998 13082 35952 35952 35952 29652 8942 40418 40418 40418 34118 10378 29752 29752 29752 27862 12370 12560 12560 12560 12560 12560 12560 12560 12560 9218 
39474 39474 39474 33594 12512 37072 37072 37072 31192 9780 14360 14360 14360 12596 4364 8806 8806 8806 8806 8806 8806 8806 8806 6268 10506 10506 10506 10506 10506 10506 10506 10506 7620 29408 29408 29408 27644 11316 21636 21636 21636 15756 7524 40892 40892 40892 35012 11860 27272 27272 27272 25508 10604 6128 6128 6128 6128 6128 6128 6128 6128 4364 
38112 38112 38112 32292 11294 37950 37950 37950 32130 10802 23416 23416 23416 21670 6786 9218 9218 9218 9218 9218 9218 9218 9218 6698 11654 11654 11654 11654 11654 11654 11654 11654 8786 28416 28416 28416 26670 10426 19754 19754 19754 13934 5786 41698 41698 41698 35878 12810 26280 26280 26280 24534 9714 12424 12424 12424 12424 12424 12424 12424 12424 9226 
43646 43646 43646 37406 15820 21808 21808 21808 15568 6832 26176 26176 26176 24304 8832 10470 10470 10470 10470 10470 10470 10470 10470 7824 11850 11850 11850 11850 11850 11850 11850 11850 8856 33776 33776 33776 31904 15072 37430 37430 37430 31190 10564 19368 19368 19368 13128 4392 31640 31640 31640 29768 14360 14596 14596 14596 14596 14596 14596 14596 14596 11272 
36402 36402 36402 30282 8864 43352 43352 43352 37232 15484 28272 28272 28272 26436 11132 13966 13966 13966 13966 13966 13966 13966 13966 11356 16306 16306 16306 16306 16306 16306 16306 16306 13348 18240 18240 18240 16404 7836 38490 38490 38490 32370 11912 47124 47124 47124 41004 17516 18240 18240 18240 16404 7836 16860 16860 16860 16860 16860 16860 16860 16860 13572 
38102 38102 38102 31622 9700 41836 41836 41836 35356 13104 26576 26576 26576 24632 8824 11694 11694 11694 11694 11694 11694 11694 11694 8976 14066 14066 14066 14066 14066 14066 14066 14066 11000 27744 27744 27744 25800 8632 36974 36974 36974 30494 9532 45600 45600 45600 39120 15128 25608 25608 25608 23664 7920 14660 14660 14660 14660 14660 14660 14660 14660 11264 
40676 40676 40676 34496 12994 37770 37770 37770 31590 9758 12360 12360 12360 10506 1854 9346 9346 9346 9346 9346 9346 9346 9346 6718 9388 9388 9388 9388 9388 9388 9388 9388 7534 30176 30176 30176 28322 11574 35012 35012 35012 28832 8290 41614 41614 41614 35434 11862 28040 28040 28040 26186 10862 3708 3708 3708 3708 3708 3708 3708 3708 1854 
51106 51106 51106 44026 21264 44352 44352 44352 37272 14180 33656 33656 33656 31532 14884 16470 16470 16470 16470 16470 16470 16470 16470 13572 18162 18162 18162 18162 18162 18162 18162 18162 14916 41136 41136 41136 39012 21004 45210 45210 45210 38130 16328 45396 45396 45396 38316 13484 39000 39000 39000 36876 20292 20900 20900 20900 20900 20900 20900 20900 20900 17324 
46850 46850 46850 40730 19312 39392 39392 39392 33272 11524 29376 29376 29376 27540 12236 13942 13942 13942 13942 13942 13942 13942 13942 11332 15178 15178 15178 15178 15178 15178 15178 15178 12220 37056 37056 37056 35220 18556 40666 40666 40666 34546 14088 40468 40468 40468 34348 10860 34920 34920 34920 33084 17844 17964 17964 17964 17964 17964 17964 17964 17964 14676 
39644 39644 39644 32744 10234 45330 45330 45330 38430 15590 29576 29576 29576 27506 11110 14498 14498 14498 14498 14498 14498 14498 14498 11654 16558 16558 16558 16558 16558 16558 16558 16558 13366 13800 13800 13800 11730 2070 40684 40684 40684 33784 12234 49150 49150 49150 42250 17670 13800 13800 13800 11730 2070 17072 17072 17072 17072 17072 17072 17072 17072 13550 
49648 49648 49648 43108 21102 42894 42894 42894 36354 14018 32576 32576 32576 30614 14722 16146 16146 16146 16146 16146 16146 16146 16146 13410 17838 17838 17838 17838 17838 17838 17838 17838 14754 40056 40056 40056 38094 20842 43752 43752 43752 37212 16166 43938 43938 43938 37398 13322 37920 37920 37920 35958 20130 20576 20576 20576 20576 20576 20576 20576 20576 17162 
36806 36806 36806 30806 9556 40540 40540 40540 34540 12960 25616 25616 25616 23816 8680 11406 11406 11406 11406 11406 11406 11406 11406 8832 13778 13778 13778 13778 13778 13778 13778 13778 10856 26784 26784 26784 24984 8488 35678 35678 35678 29678 9388 44304 44304 44304 38304 14984 24648 24648 24648 22848 7776 14372 14372 14372 14372 14372 14372 14372 14372 11120 
47074 47074 47074 39754 16656 39624 39624 39624 32304 8876 28784 28784 28784 26588 9604 11630 11630 11630 11630 11630 11630 11630 11630 8660 12922 12922 12922 12922 12922 12922 12922 12922 9604 36416 36416 36416 34220 15876 40858 40858 40858 33538 11400 19764 19764 19764 12444 2196 34280 34280 34280 32084 15164 15692 15692 15692 15692 15692 15692 15692 15692 12044 
42788 42788 42788 36608 15106 16686 16686 16686 10506 1854 25096 25096 25096 23242 7854 9786 9786 9786 9786 9786 9786 9786 9786 7158 10830 10830 10830 10830 10830 10830 10830 10830 7854 32752 32752 32752 30898 14150 36540 36540 36540 30360 9818 38982 38982 38982 32802 9230 30616 30616 30616 28762 13438 13600 13600 13600 13600 13600 13600 13600 13600 10294 
43926 43926 43926 36966 14372 24352 24352 24352 17392 7648 25544 25544 25544 23456 6976 9558 9558 9558 9558 9558 9558 9558 9558 6696 6416 6416 6416 6416 6416 6416 6416 6416 4328 33208 33208 33208 31120 13280 37734 37734 37734 30774 9140 42200 42200 42200 35240 10576 31072 31072 31072 28984 12568 12956 12956 12956 12956 12956 12956 12956 12956 9416 
36888 36888 36888 30588 8918 43838 43838 43838 37538 15538 28632 28632 28632 26742 11186 14074 14074 14074 14074 14074 14074 14074 14074 11410 16414 16414 16414 16414 16414 16414 16414 16414 13402 18600 18600 18600 16710 7890 38976 38976 38976 32676 11966 47610 47610 47610 41310 17570 18600 18600 18600 16710 7890 16968 16968 16968 16968 16968 16968 16968 16968 13626 
18468 18468 18468 11628 2052 45032 45032 45032 38192 15436 29784 29784 29784 27732 11420 13926 13926 13926 13926 13926 13926 13926 13926 11100 16674 16674 16674 16674 16674 16674 16674 16674 13500 28848 28848 28848 26796 9124 40018 40018 40018 33178 11712 48676 48676 48676 41836 17340 26712 26712 26712 24660 8412 17364 17364 17364 17364 17364 17364 17364 17364 13860 
42552 42552 42552 35532 12854 40150 40150 40150 33130 10122 16640 16640 16640 14534 4706 9490 9490 9490 9490 9490 9490 9490 9490 6610 11190 11190 11190 11190 11190 11190 11190 11190 7962 31688 31688 31688 29582 11658 24714 24714 24714 17694 7866 43970 43970 43970 36950 12202 29552 29552 29552 27446 10946 6812 6812 6812 6812 6812 6812 6812 6812 4706 
42468 42468 42468 36528 15362 36170 36170 36170 30230 8734 25856 25856 25856 24074 9022 10082 10082 10082 10082 10082 10082 10082 10082 7526 12102 12102 12102 12102 12102 12102 12102 12102 9198 33160 33160 33160 31378 14966 36428 36428 36428 30488 10282 38278 38278 38278 32338 9102 31024 31024 31024 29242 14254 14696 14696 14696 14696 14696 14696 14696 14696 11462 
48470 48470 48470 41750 19492 41012 41012 41012 34292 11704 30576 30576 30576 28560 12416 14302 14302 14302 14302 14302 14302 14302 14302 11512 15538 15538 15538 15538 15538 15538 15538 15538 12400 38256 38256 38256 36240 18736 42286 42286 42286 35566 14268 42088 42088 42088 35368 11040 36120 36120 36120 34104 18024 18324 18324 18324 18324 18324 18324 18324 18324 14856 
38922 38922 38922 32802 11384 38760 38760 38760 32640 10892 24016 24016 24016 22180 6876 9398 9398 9398 9398 9398 9398 9398 9398 6788 11834 11834 11834 11834 11834 11834 11834 11834 8876 29016 29016 29016 27180 10516 20564 20564 20564 14444 5876 42508 42508 42508 36388 12900 26880 26880 26880 25044 9804 12604 12604 12604 12604 12604 12604 12604 12604 9316 
16524 16524 16524 10404 1836 43088 43088 43088 36968 15220 28344 28344 28344 26508 11204 13494 13494 13494 13494 13494 13494 13494 13494 10884 16242 16242 16242 16242 16242 16242 16242 16242 13284 27408 27408 27408 25572 8908 38074 38074 38074 31954 11496 46732 46732 46732 40612 17124 25272 25272 25272 23436 8196 16932 16932 16932 16932 16932 16932 16932 16932 13644 
37242 37242 37242 30882 9128 42176 42176 42176 35816 13732 26992 26992 26992 25084 9444 12254 12254 12254 12254 12254 12254 12254 12254 9572 14658 14658 14658 14658 14658 14658 14658 14658 11628 27024 27024 27024 25116 8116 37282 37282 37282 30922 10128 45932 45932 45932 39572 15748 24888 24888 24888 22980 7404 15244 15244 15244 15244 15244 15244 15244 15244 11884 
40284 40284 40284 34104 12602 37882 37882 37882 31702 9870 14960 14960 14960 13106 4454 8986 8986 8986 8986 8986 8986 8986 8986 6358 10686 10686 10686 10686 10686 10686 10686 10686 7710 30008 30008 30008 28154 11406 22446 22446 22446 16266 7614 41702 41702 41702 35522 11950 27872 27872 27872 26018 10694 6308 6308 6308 6308 6308 6308 6308 6308 4454 
38672 38672 38672 32132 10126 44358 44358 44358 37818 15482 28856 28856 28856 26894 11002 14282 14282 14282 14282 14282 14282 14282 14282 11546 16342 16342 16342 16342 16342 16342 16342 16342 13258 13080 13080 13080 11118 1962 39712 39712 39712 33172 12126 48178 48178 48178 41638 17562 13080 13080 13080 11118 1962 16856 16856 16856 16856 16856 16856 16856 16856 13442 
50792 50792 50792 43772 21094 44078 44078 44078 37058 14050 33416 33416 33416 31310 14746 16298 16298 16298 16298 16298 16298 16298 16298 13418 18006 18006 18006 18006 18006 18006 18006 18006 14778 40888 40888 40888 38782 20858 44904 44904 44904 37884 16166 45122 45122 45122 38102 13354 38752 38752 38752 36646 20146 20744 20744 20744 20744 20744 20744 20744 20744 17186 
49324 49324 49324 42904 21066 42570 42570 42570 36150 13982 32336 32336 32336 30410 14686 16074 16074 16074 16074 16074 16074 16074 16074 13374 17766 17766 17766 17766 17766 17766 17766 17766 14718 39816 39816 39816 37890 20806 43428 43428 43428 37008 16130 43614 43614 43614 37194 13286 37680 37680 37680 35754 20094 20504 20504 20504 20504 20504 20504 20504 20504 17126 
44950 44950 44950 38470 16548 38524 38524 38524 32044 9792 28032 28032 28032 26088 10280 11510 11510 11510 11510 11510 11510 11510 11510 8792 13466 13466 13466 13466 13466 13466 13466 13466 10400 35352 35352 35352 33408 16240 38990 38990 38990 32510 11548 39960 39960 39960 33480 9488 33216 33216 33216 31272 15528 16116 16116 16116 16116 16116 16116 16116 16116 12720 
41848 41848 41848 34828 12150 40614 40614 40614 33594 10586 25824 25824 25824 23718 7154 9732 9732 9732 9732 9732 9732 9732 9732 7626 12038 12038 12038 12038 12038 12038 12038 12038 8810 31592 31592 31592 29486 11562 18954 18954 18954 11934 2106 44290 44290 44290 37270 12522 29456 29456 29456 27350 10850 13152 13152 13152 13152 13152 13152 13152 13152 9594 
44158 44158 44158 37918 16332 36708 36708 36708 30468 8552 26624 26624 26624 24752 9280 10982 10982 10982 10982 10982 10982 10982 10982 8336 12274 12274 12274 12274 12274 12274 12274 12274 9280 34256 34256 34256 32384 15552 37942 37942 37942 31702 11076 16848 16848 16848 10608 1872 32120 32120 32120 30248 14840 15044 15044 15044 15044 15044 15044 15044 15044 11720 
41256 41256 41256 34716 12710 38854 38854 38854 32314 9978 15680 15680 15680 13718 4562 9202 9202 9202 9202 9202 9202 9202 9202 6466 10902 10902 10902 10902 10902 10902 10902 10902 7818 30728 30728 30728 28766 11514 23418 23418 23418 16878 7722 42674 42674 42674 36134 12058 28592 28592 28592 26630 10802 6524 6524 6524 6524 6524 6524 6524 6524 4562 
40352 40352 40352 34292 12958 37446 37446 37446 31386 9722 12120 12120 12120 10302 1818 9274 9274 9274 9274 9274 9274 9274 9274 6682 9316 9316 9316 9316 9316 9316 9316 9316 7498 29936 29936 29936 28118 11538 34688 34688 34688 28628 8254 41290 41290 41290 35230 11826 27800 27800 27800 25982 10826 3636 3636 3636 3636 3636 3636 3636 3636 1818 
45454 45454 45454 38734 16476 38004 38004 38004 31284 8696 27584 27584 27584 25568 9424 11270 11270 11270 11270 11270 11270 11270 11270 8480 12562 12562 12562 12562 12562 12562 12562 12562 9424 35216 35216 35216 33200 15696 39238 39238 39238 32518 11220 18144 18144 18144 11424 2016 33080 33080 33080 31064 14984 15332 15332 15332 15332 15332 15332 15332 15332 11864 
42446 42446 42446 35966 14044 37460 37460 37460 30980 8728 18640 18640 18640 16696 7624 9398 9398 9398 9398 9398 9398 9398 9398 6680 3888 3888 3888 3888 3888 3888 3888 3888 1944 31912 31912 31912 29968 12800 36358 36358 36358 29878 8916 41304 41304 41304 34824 10832 29776 29776 29776 27832 12088 9568 9568 9568 9568 9568 9568 9568 9568 7624 
48838 48838 48838 42598 21012 42084 42084 42084 35844 13928 31976 31976 31976 30104 14632 15966 15966 15966 15966 15966 15966 15966 15966 13320 17658 17658 17658 17658 17658 17658 17658 17658 14664 39456 39456 39456 37584 20752 42942 42942 42942 36702 16076 43128 43128 43128 36888 13232 37320 37320 37320 35448 20040 20396 20396 20396 20396 20396 20396 20396 20396 17072 
39246 39246 39246 33006 11420 39084 39084 39084 32844 10928 24256 24256 24256 22384 6912 9470 9470 9470 9470 9470 9470 9470 9470 6824 11906 11906 11906 11906 11906 11906 11906 11906 8912 29256 29256 29256 27384 10552 20888 20888 20888 14648 5912 42832 42832 42832 36592 12936 27120 27120 27120 25248 9840 12676 12676 12676 12676 12676 12676 12676 12676 9352 
51602 51602 51602 44282 21184 44888 44888 44888 37568 14140 34016 34016 34016 31820 14836 16478 16478 16478 16478 16478 16478 16478 16478 13508 18186 18186 18186 18186 18186 18186 18186 18186 14868 41488 41488 41488 39292 20948 45714 45714 45714 38394 16256 45932 45932 45932 38612 13444 39352 39352 39352 37156 20236 20924 20924 20924 20924 20924 20924 20924 20924 17276 
41150 41150 41150 35150 13900 36164 36164 36164 30164 8584 17680 17680 17680 15880 7480 9110 9110 9110 9110 9110 9110 9110 9110 6536 3600 3600 3600 3600 3600 3600 3600 3600 1800 30952 30952 30952 29152 12656 35062 35062 35062 29062 8772 40008 40008 40008 34008 10688 28816 28816 28816 27016 11944 9280 9280 9280 9280 9280 9280 9280 9280 7480 
37616 37616 37616 31316 9646 41350 41350 41350 35050 13050 26216 26216 26216 24326 8770 11586 11586 11586 11586 11586 11586 11586 11586 8922 13958 13958 13958 13958 13958 13958 13958 13958 10946 27384 27384 27384 25494 8578 36488 36488 36488 30188 9478 45114 45114 45114 38814 15074 25248 25248 25248 23358 7866 14552 14552 14552 14552 14552 14552 14552 14552 11210 
16848 16848 16848 10608 1872 43412 43412 43412 37172 15256 28584 28584 28584 26712 11240 13566 13566 13566 13566 13566 13566 13566 13566 10920 16314 16314 16314 16314 16314 16314 16314 16314 13320 27648 27648 27648 25776 8944 38398 38398 38398 32158 11532 47056 47056 47056 40816 17160 25512 25512 25512 23640 8232 17004 17004 17004 17004 17004 17004 17004 17004 13680 
48514 48514 48514 42394 20976 41760 41760 41760 35640 13892 31736 31736 31736 29900 14596 15894 15894 15894 15894 15894 15894 15894 15894 13284 17586 17586 17586 17586 17586 17586 17586 17586 14628 39216 39216 39216 37380 20716 42618 42618 42618 36498 16040 42804 42804 42804 36684 13196 37080 37080 37080 35244 20004 20324 20324 20324 20324 20324 20324 20324 20324 17036 
38538 38538 38538 31698 9272 43472 43472 43472 36632 13876 27952 27952 27952 25900 9588 12542 12542 12542 12542 12542 12542 12542 12542 9716 14946 14946 14946 14946 14946 14946 14946 14946 11772 27984 27984 27984 25932 8260 38578 38578 38578 31738 10272 47228 47228 47228 40388 15892 25848 25848 25848 23796 7548 15532 15532 15532 15532 15532 15532 15532 15532 12028 
39256 39256 39256 33196 11862 38022 38022 38022 31962 10298 23904 23904 23904 22086 6866 9156 9156 9156 9156 9156 9156 9156 9156 7338 11462 11462 11462 11462 11462 11462 11462 11462 8522 29672 29672 29672 27854 11274 16362 16362 16362 10302 1818 41698 41698 41698 35638 12234 27536 27536 27536 25718 10562 12576 12576 12576 12576 12576 12576 12576 12576 9306 
42782 42782 42782 35822 13228 39876 39876 39876 32916 9992 13920 13920 13920 11832 2088 9814 9814 9814 9814 9814 9814 9814 9814 6952 9856 9856 9856 9856 9856 9856 9856 9856 7768 31736 31736 31736 29648 11808 37118 37118 37118 30158 8524 43720 43720 43720 36760 12096 29600 29600 29600 27512 11096 4176 4176 4176 4176 4176 4176 4176 4176 2088 
43116 43116 43116 36936 15434 36818 36818 36818 30638 8806 26336 26336 26336 24482 9094 10226 10226 10226 10226 10226 10226 10226 10226 7598 12246 12246 12246 12246 12246 12246 12246 12246 9270 33640 33640 33640 31786 15038 37076 37076 37076 30896 10354 38926 38926 38926 32746 9174 31504 31504 31504 29650 14326 14840 14840 14840 14840 14840 14840 14840 14840 11534 
43510 43510 43510 37510 16260 36060 36060 36060 30060 8480 26144 26144 26144 24344 9208 10838 10838 10838 10838 10838 10838 10838 10838 8264 12130 12130 12130 12130 12130 12130 12130 12130 9208 33776 33776 33776 31976 15480 37294 37294 37294 31294 11004 16200 16200 16200 10200 1800 31640 31640 31640 29840 14768 14900 14900 14900 14900 14900 14900 14900 14900 11648 
41150 41150 41150 35150 13900 36164 36164 36164 30164 8584 17680 17680 17680 15880 7480 9110 9110 9110 9110 9110 9110 9110 9110 6536 3600 3600 3600 3600 3600 3600 3600 3600 1800 30952 30952 30952 29152 12656 35062 35062 35062 29062 8772 40008 40008 40008 34008 10688 28816 28816 28816 27016 11944 9280 9280 9280 9280 9280 9280 9280 9280 7480 
47218 47218 47218 39898 16800 40792 40792 40792 33472 10044 29712 29712 29712 27516 10532 12014 12014 12014 12014 12014 12014 12014 12014 9044 13970 13970 13970 13970 13970 13970 13970 13970 10652 37032 37032 37032 34836 16492 41258 41258 41258 33938 11800 42228 42228 42228 34908 9740 34896 34896 34896 32700 15780 16620 16620 16620 16620 16620 16620 16620 16620 12972 
47876 47876 47876 41936 20770 41162 41162 41162 35222 13726 31256 31256 31256 29474 14422 15650 15650 15650 15650 15650 15650 15650 15650 13094 17358 17358 17358 17358 17358 17358 17358 17358 14454 38728 38728 38728 36946 20534 41988 41988 41988 36048 15842 42206 42206 42206 36266 13030 36592 36592 36592 34810 19822 20096 20096 20096 20096 20096 20096 20096 20096 16862 
37960 37960 37960 32380 11718 36726 36726 36726 31146 10154 22944 22944 22944 21270 6722 8868 8868 8868 8868 8868 8868 8868 8868 7194 11174 11174 11174 11174 11174 11174 11174 11174 8378 28712 28712 28712 27038 11130 15066 15066 15066 9486 1674 40402 40402 40402 34822 12090 26576 26576 26576 24902 10418 12288 12288 12288 12288 12288 12288 12288 12288 9162 
38214 38214 38214 31494 9236 43148 43148 43148 36428 13840 27712 27712 27712 25696 9552 12470 12470 12470 12470 12470 12470 12470 12470 9680 14874 14874 14874 14874 14874 14874 14874 14874 11736 27744 27744 27744 25728 8224 38254 38254 38254 31534 10236 46904 46904 46904 40184 15856 25608 25608 25608 23592 7512 15460 15460 15460 15460 15460 15460 15460 15460 11992 
37212 37212 37212 30792 8954 44162 44162 44162 37742 15574 28872 28872 28872 26946 11222 14146 14146 14146 14146 14146 14146 14146 14146 11446 16486 16486 16486 16486 16486 16486 16486 16486 13438 18840 18840 18840 16914 7926 39300 39300 39300 32880 12002 47934 47934 47934 41514 17606 18840 18840 18840 16914 7926 17040 17040 17040 17040 17040 17040 17040 17040 13662 
35946 35946 35946 30066 8984 40880 40880 40880 35000 13588 26032 26032 26032 24268 9300 11966 11966 11966 11966 11966 11966 11966 11966 9428 14370 14370 14370 14370 14370 14370 14370 14370 11484 26064 26064 26064 24300 7972 35986 35986 35986 30106 9984 44636 44636 44636 38756 15604 23928 23928 23928 22164 7260 14956 14956 14956 14956 14956 14956 14956 14956 11740 
42782 42782 42782 35822 13228 39876 39876 39876 32916 9992 13920 13920 13920 11832 2088 9814 9814 9814 9814 9814 9814 9814 9814 6952 9856 9856 9856 9856 9856 9856 9856 9856 7768 31736 31736 31736 29648 11808 37118 37118 37118 30158 8524 43720 43720 43720 36760 12096 29600 29600 29600 27512 11096 4176 4176 4176 4176 4176 4176 4176 4176 2088 
43112 43112 43112 36812 15142 17010 17010 17010 10710 1890 25336 25336 25336 23446 7890 9858 9858 9858 9858 9858 9858 9858 9858 7194 10902 10902 10902 10902 10902 10902 10902 10902 7890 32992 32992 32992 31102 14186 36864 36864 36864 30564 9854 39306 39306 39306 33006 9266 30856 30856 30856 28966 13474 13672 13672 13672 13672 13672 13672 13672 13672 10330 
41028 41028 41028 34128 11618 40866 40866 40866 33966 11126 25576 25576 25576 23506 7110 9866 9866 9866 9866 9866 9866 9866 9866 7022 12302 12302 12302 12302 12302 12302 12302 12302 9110 30576 30576 30576 28506 10750 22670 22670 22670 15770 6110 44614 44614 44614 37714 13134 28440 28440 28440 26370 10038 13072 13072 13072 13072 13072 13072 13072 13072 9550 
45436 45436 45436 38776 16602 39010 39010 39010 32350 9846 28392 28392 28392 26394 10334 11618 11618 11618 11618 11618 11618 11618 11618 8846 13574 13574 13574 13574 13574 13574 13574 13574 10454 35712 35712 35712 33714 16294 39476 39476 39476 32816 11602 40446 40446 40446 33786 9542 33576 33576 33576 31578 15582 16224 16224 16224 16224 16224 16224 16224 16224 12774 
40122 40122 40122 34002 12584 37720 37720 37720 31600 9852 14840 14840 14840 13004 4436 8950 8950 8950 8950 8950 8950 8950 8950 6340 10650 10650 10650 10650 10650 10650 10650 10650 7692 29888 29888 29888 28052 11388 22284 22284 22284 16164 7596 41540 41540 41540 35420 11932 27752 27752 27752 25916 10676 6272 6272 6272 6272 6272 6272 6272 6272 4436 
41000 41000 41000 34700 13030 38094 38094 38094 31794 9794 12600 12600 12600 10710 1890 9418 9418 9418 9418 9418 9418 9418 9418 6754 9460 9460 9460 9460 9460 9460 9460 9460 7570 30416 30416 30416 28526 11610 35336 35336 35336 29036 8326 41938 41938 41938 35638 11898 28280 28280 28280 26390 10898 3780 3780 3780 3780 3780 3780 3780 3780 1890 
45940 45940 45940 39040 16530 38490 38490 38490 31590 8750 27944 27944 27944 25874 9478 11378 11378 11378 11378 11378 11378 11378 11378 8534 12670 12670 12670 12670 12670 12670 12670 12670 9478 35576 35576 35576 33506 15750 39724 39724 39724 32824 11274 18630 18630 18630 11730 2070 33440 33440 33440 31370 15038 15440 15440 15440 15440 15440 15440 15440 15440 11918 
42630 42630 42630 36630 15380 36332 36332 36332 30332 8752 25976 25976 25976 24176 9040 10118 10118 10118 10118 10118 10118 10118 10118 7544 12138 12138 12138 12138 12138 12138 12138 12138 9216 33280 33280 33280 31480 14984 36590 36590 36590 30590 10300 38440 38440 38440 32440 9120 31144 31144 31144 29344 14272 14732 14732 14732 14732 14732 14732 14732 14732 11480 
47984 47984 47984 41444 19438 40526 40526 40526 33986 11650 30216 30216 30216 28254 12362 14194 14194 14194 14194 14194 14194 14194 14194 11458 15430 15430 15430 15430 15430 15430 15430 15430 12346 37896 37896 37896 35934 18682 41800 41800 41800 35260 14214 41602 41602 41602 35062 10986 35760 35760 35760 33798 17970 18216 18216 18216 18216 18216 18216 18216 18216 14802 
47866 47866 47866 41986 20904 41112 41112 41112 35232 13820 31256 31256 31256 29492 14524 15750 15750 15750 15750 15750 15750 15750 15750 13212 17442 17442 17442 17442 17442 17442 17442 17442 14556 38736 38736 38736 36972 20644 41970 41970 41970 36090 15968 42156 42156 42156 36276 13124 36600 36600 36600 34836 19932 20180 20180 20180 20180 20180 20180 20180 20180 16964 
48676 48676 48676 42496 20994 41922 41922 41922 35742 13910 31856 31856 31856 30002 14614 15930 15930 15930 15930 15930 15930 15930 15930 13302 17622 17622 17622 17622 17622 17622 17622 17622 14646 39336 39336 39336 37482 20734 42780 42780 42780 36600 16058 42966 42966 42966 36786 13214 37200 37200 37200 35346 20022 20360 20360 20360 20360 20360 20360 20360 20360 17054 
39968 39968 39968 32948 10270 45654 45654 45654 38634 15626 29816 29816 29816 27710 11146 14570 14570 14570 14570 14570 14570 14570 14570 11690 16630 16630 16630 16630 16630 16630 16630 16630 13402 14040 14040 14040 11934 2106 41008 41008 41008 33988 12270 49474 49474 49474 42454 17706 14040 14040 14040 11934 2106 17144 17144 17144 17144 17144 17144 17144 17144 13586 
43094 43094 43094 36374 14116 38108 38108 38108 31388 8800 19120 19120 19120 17104 7696 9542 9542 9542 9542 9542 9542 9542 9542 6752 4032 4032 4032 4032 4032 4032 4032 4032 2016 32392 32392 32392 30376 12872 37006 37006 37006 30286 8988 41952 41952 41952 35232 10904 30256 30256 30256 28240 12160 9712 9712 9712 9712 9712 9712 9712 9712 7696 
43922 43922 43922 37322 15232 17820 17820 17820 11220 1980 25936 25936 25936 23956 7980 10038 10038 10038 10038 10038 10038 10038 10038 7284 11082 11082 11082 11082 11082 11082 11082 11082 7980 33592 33592 33592 31612 14276 37674 37674 37674 31074 9944 40116 40116 40116 33516 9356 31456 31456 31456 29476 13564 13852 13852 13852 13852 13852 13852 13852 13852 10420 
47866 47866 47866 41986 20904 41112 41112 41112 35232 13820 31256 31256 31256 29492 14524 15750 15750 15750 15750 15750 15750 15750 15750 13212 17442 17442 17442 17442 17442 17442 17442 17442 14556 38736 38736 38736 36972 20644 41970 41970 41970 36090 15968 42156 42156 42156 36276 13124 36600 36600 36600 34836 19932 20180 20180 20180 20180 20180 20180 20180 20180 16964 
44412 44412 44412 37272 14426 24838 24838 24838 17698 7702 25904 25904 25904 23762 7030 9666 9666 9666 9666 9666 9666 9666 9666 6750 6524 6524 6524 6524 6524 6524 6524 6524 4382 33568 33568 33568 31426 13334 38220 38220 38220 31080 9194 42686 42686 42686 35546 10630 31432 31432 31432 29290 12622 13064 13064 13064 13064 13064 13064 13064 13064 9470 
]

ExternalWorkerWithSkillOnStintCost: [
37212 36456 40320 45444 10776 39144 45360 49056 49140 13464 34416 38664 39528 29160 13536 17760 13710 12960 15870 16440 12090 14910 17550 11952 17340 14250 12690 13590 15180 17520 13380 16380 9624 36792 34560 33264 38664 11064 38472 49056 35112 48300 9768 42252 50064 37380 34440 12672 33264 38952 43128 38160 12240 15420 12510 12300 15690 13560 17550 16620 17940 11088 
48384 36708 50148 47124 10176 40824 43008 36876 44856 10008 29736 33984 40896 33696 10920 13080 14580 14400 16800 12780 16740 15300 16710 10632 15180 13170 16350 12030 15300 17790 15630 15690 13680 41688 33552 40608 32328 14256 38136 36960 36540 46284 10128 45192 40236 49140 43260 14064 40608 36576 40464 41184 13200 13320 14160 15870 16890 17310 12120 12600 13410 14136 
37380 49392 35364 35784 13392 34944 36204 41748 44184 10656 33984 31176 32760 32688 10872 17640 12960 12300 16230 17580 16560 12000 15120 12144 12870 12900 15090 13560 12090 15750 13530 17040 12120 36432 37584 33624 39600 9792 47376 42336 36540 36288 13752 45864 43512 49812 35952 10200 37944 30888 33768 38952 12048 17370 13590 12000 15120 13230 14010 17190 17430 12216 
39060 44940 45780 47880 10704 43848 37800 42336 33936 10224 30744 37008 39384 35856 13248 17340 15540 17730 14820 17490 12450 15390 12630 10800 14070 16620 15480 15360 17400 12090 16260 14670 10992 42192 42048 41760 34488 14160 39984 39396 38640 44016 13656 40068 39900 37548 33600 11880 30240 42696 39168 30528 10560 14340 17220 14070 15600 17490 12180 16320 16830 12096 
]

OverlappingStints: [
[ 2 6 7 11 12 16 17 18 19 25 26 27 28 34 35 39 40 44 45 49 50 54 55 56 57 ]
[ 3 6 7 8 11 12 13 18 19 20 21 27 28 29 30 34 35 36 39 40 41 44 45 46 49 50 51 56 57 58 59 ]
[ 4 7 8 9 12 13 14 20 21 22 23 29 30 31 32 35 36 37 40 41 42 45 46 47 50 51 52 58 59 60 61 ]
[ 5 8 9 10 13 14 15 22 23 24 31 32 33 36 37 38 41 42 43 46 47 48 51 52 53 60 61 62 ]
[ 9 10 14 15 24 33 37 38 42 43 47 48 52 53 62 ]
[ 7 11 12 16 17 18 19 25 26 27 28 34 35 39 40 44 45 49 50 54 55 56 57 ]
[ 8 11 12 13 18 19 20 21 27 28 29 30 34 35 36 39 40 41 44 45 46 49 50 51 56 57 58 59 ]
[ 9 12 13 14 20 21 22 23 29 30 31 32 35 36 37 40 41 42 45 46 47 50 51 52 58 59 60 61 ]
[ 10 13 14 15 22 23 24 31 32 33 36 37 38 41 42 43 46 47 48 51 52 53 60 61 62 ]
[ 14 15 24 33 37 38 42 43 47 48 52 53 62 ]
[ 12 16 17 18 25 26 27 34 35 39 40 44 45 49 50 54 55 56 ]
[ 13 18 19 20 27 28 29 34 35 36 39 40 41 44 45 46 49 50 51 56 57 58 ]
[ 14 20 21 22 29 30 31 35 36 37 40 41 42 45 46 47 50 51 52 58 59 60 ]
[ 15 22 23 24 31 32 33 36 37 38 41 42 43 46 47 48 51 52 53 60 61 62 ]
[ 24 33 37 38 42 43 47 48 52 53 62 ]
[ 25 34 39 44 49 54 ]
[ 26 34 39 44 49 55 ]
[ 27 34 35 39 40 44 45 49 50 56 ]
[ 28 35 39 40 44 45 50 57 ]
[ 29 35 36 40 41 45 46 50 51 58 ]
[ 30 36 40 41 45 46 51 59 ]
[ 31 36 37 41 42 46 47 51 52 60 ]
[ 32 37 41 42 46 47 52 61 ]
[ 33 37 38 42 43 47 48 52 53 62 ]
[ 34 39 44 49 54 ]
[ 34 39 44 49 55 ]
[ 34 35 39 40 44 45 49 50 56 ]
[ 35 39 40 44 45 50 57 ]
[ 35 36 40 41 45 46 50 51 58 ]
[ 36 40 41 45 46 51 59 ]
[ 36 37 41 42 46 47 51 52 60 ]
[ 37 41 42 46 47 52 61 ]
[ 37 38 42 43 47 48 52 53 62 ]
[ 35 39 40 44 45 49 50 54 55 56 ]
[ 36 39 40 41 44 45 46 49 50 51 56 57 58 ]
[ 37 40 41 42 45 46 47 50 51 52 58 59 60 ]
[ 38 41 42 43 46 47 48 51 52 53 60 61 62 ]
[ 42 43 47 48 52 53 62 ]
[ 40 44 45 49 50 54 55 56 57 ]
[ 41 44 45 46 49 50 51 56 57 58 59 ]
[ 42 45 46 47 50 51 52 58 59 60 61 ]
[ 43 46 47 48 51 52 53 60 61 62 ]
[ 47 48 52 53 62 ]
[ 45 49 50 54 55 56 57 ]
[ 46 49 50 51 56 57 58 59 ]
[ 47 50 51 52 58 59 60 61 ]
[ 48 51 52 53 60 61 62 ]
[ 52 53 62 ]
[ 50 54 55 56 ]
[ 51 56 57 58 ]
[ 52 58 59 60 ]
[ 53 60 61 62 ]
[ 62 ]
[ ]
[ ]
[ ]
[ ]
[ ]
[ ]
[ ]
[ ]
[ ]
]

EmployeesWithSkill: [
[ 1 2 3 4 5 6 7 8 9 10 11 12 13 14 15 16 17 18 19 20 21 22 23 24 25 26 27 28 29 30 31 32 33 34 35 36 37 38 39 40 41 42 43 44 45 46 47 48 49 50 51 52 53 54 55 56 57 58 59 60 61 62 63 64 65 66 67 68 69 70 71 72 73 74 75 76 77 78 79 80 81 82 83 84 85 86 87 88 89 90 ]
[ 2 3 4 6 8 13 14 18 19 20 26 27 29 30 31 32 33 34 36 37 38 39 40 41 44 45 47 50 51 54 55 57 58 60 62 63 64 65 66 67 68 69 70 72 73 74 75 76 77 79 80 81 83 86 87 88 90 ]
[ 2 12 13 14 18 20 29 33 34 38 41 42 43 46 52 53 57 58 59 61 66 68 69 70 75 82 83 88 90 ]
[ 1 2 3 4 5 7 8 10 11 12 14 15 16 17 19 22 23 25 27 28 29 30 31 32 34 35 37 38 39 41 42 43 44 45 47 49 50 51 52 55 56 58 59 60 61 63 65 66 69 72 73 75 78 79 80 82 83 84 86 89 90 ]
]

SkillDemandInActivityWithMode: [
0	
14	
5	
25	
25	
32	
8	
5	
32	
6	
21	
18	
16	
0	
6	
3	
5	
4	
4	
7	
6	
2	
2	
4	
5	
5	
2	
2	
4	
4	
0	
2	
4	
3	
2	
9	
9	
7	
7	
7	
3	
9	
7	
7	
4	
6	
7	
0	
30	
30	
5	
5	
30	
30	
24	
17	
30	
8	
7	
6	
24	
24	
29	
0	
5	
7	
5	
2	
3	
4	
6	
3	
2	
2	
7	
5	
0	
17	
4	
21	
21	
17	
26	
17	
17	
20	
5	
13	
6	
10	
20	
0	
31	
22	
6	
5	
25	
5	
11	
30	
30	
4	
25	
13	
19	
17	
0	
4	
7	
7	
2	
5	
5	
7	
3	
6	
3	
6	
6	
2	
5	
7	
7	
5	
0	
164	
164	
66	
55	
164	
51	
131	
164	
94	
60	
164	
0	
20	
9	
9	
10	
7	
16	
5	
16	
4	
11	
3	
6	
20	
9	
16	

0	
8	
2	
15	
15	
19	
4	
2	
18	
3	
12	
10	
9	
0	
5	
3	
4	
3	
3	
6	
5	
1	
1	
3	
4	
4	
1	
1	
3	
4	
0	
0	
1	
1	
0	
3	
3	
2	
2	
2	
0	
3	
2	
2	
1	
2	
2	
0	
11	
11	
1	
1	
11	
11	
8	
6	
11	
2	
2	
2	
8	
8	
10	
0	
14	
23	
14	
5	
8	
11	
17	
8	
7	
4	
23	
17	
0	
13	
2	
16	
15	
13	
19	
13	
13	
15	
3	
9	
4	
7	
15	
0	
23	
16	
4	
3	
19	
3	
8	
23	
23	
3	
19	
9	
14	
12	
0	
13	
26	
26	
5	
19	
17	
26	
10	
22	
9	
22	
22	
5	
19	
26	
26	
19	
0	
13	
13	
5	
4	
13	
4	
11	
13	
7	
4	
13	
0	
27	
12	
12	
13	
9	
21	
6	
21	
4	
15	
3	
8	
27	
12	
21	

0	
0	
0	
0	
0	
1	
0	
0	
0	
0	
0	
0	
0	
0	
21	
11	
15	
14	
14	
25	
21	
6	
6	
14	
18	
15	
6	
5	
12	
15	
0	
0	
0	
0	
0	
1	
1	
0	
0	
0	
0	
1	
0	
0	
0	
0	
0	
0	
2	
2	
0	
0	
2	
2	
2	
1	
2	
0	
0	
0	
1	
1	
2	
0	
3	
4	
2	
1	
1	
2	
3	
1	
1	
0	
4	
3	
0	
1	
0	
1	
1	
1	
2	
1	
1	
1	
0	
1	
0	
0	
1	
0	
11	
8	
2	
1	
9	
1	
4	
11	
11	
1	
9	
4	
7	
6	
0	
5	
10	
10	
2	
7	
6	
10	
4	
8	
3	
8	
8	
2	
7	
10	
10	
7	
0	
23	
23	
9	
7	
23	
7	
18	
23	
13	
8	
23	
0	
0	
0	
0	
0	
0	
0	
0	
0	
0	
0	
0	
0	
0	
0	
0	

0	
8	
2	
15	
15	
19	
4	
2	
19	
3	
12	
11	
9	
0	
11	
6	
8	
7	
7	
14	
11	
3	
3	
7	
10	
8	
3	
2	
7	
8	
0	
0	
0	
0	
0	
0	
0	
0	
0	
0	
0	
0	
0	
0	
0	
0	
0	
0	
22	
22	
3	
3	
22	
22	
17	
12	
22	
5	
5	
4	
17	
17	
22	
0	
10	
17	
10	
3	
6	
8	
12	
6	
5	
3	
16	
12	
0	
24	
5	
29	
29	
24	
37	
24	
24	
29	
7	
18	
7	
13	
29	
0	
18	
13	
3	
3	
15	
2	
6	
18	
18	
2	
15	
7	
11	
10	
0	
4	
9	
9	
2	
6	
6	
9	
3	
7	
3	
7	
7	
1	
6	
9	
9	
6	
0	
68	
68	
27	
22	
68	
21	
55	
68	
39	
24	
68	
0	
3	
1	
1	
1	
1	
2	
0	
2	
0	
1	
0	
1	
3	
1	
2	

]

EmployeeAvailability: [
1 1 1 1 1 1 1 1 1 1 1 1 1 1 1 1 1 1 1 1 1 1 1 1 1 1 1 1 1 1 1 1 1 1 1 1 1 1 1 1 1 1 1 1 1 1 1 1 1 1 1 1 1 1 1 1 1 1 1 1 1 1 
1 1 1 1 1 1 1 1 1 1 1 1 1 1 1 1 1 1 1 1 1 1 1 1 1 1 1 1 1 1 1 1 1 1 1 1 1 1 1 1 1 1 1 1 1 1 1 1 1 1 1 1 1 1 1 1 1 1 1 1 1 1 
1 1 1 1 1 1 1 1 1 1 1 1 1 1 1 1 1 1 1 1 1 1 1 1 1 1 1 1 1 1 1 1 1 1 1 1 1 1 1 1 1 1 1 1 1 1 1 1 1 1 1 1 1 1 1 1 1 1 1 1 1 1 
1 1 0 0 1 1 1 0 0 1 1 1 0 1 1 1 1 1 1 0 1 1 1 1 1 1 1 1 0 1 1 1 1 1 1 0 1 1 1 1 0 0 1 1 1 0 0 1 1 1 0 1 1 1 1 1 1 0 1 1 1 1 
1 0 1 1 1 1 0 1 1 1 1 0 1 1 1 1 1 0 1 1 1 1 1 1 1 1 0 1 1 1 1 1 1 1 0 1 1 1 1 0 1 1 1 1 0 1 1 1 1 0 1 1 1 1 1 0 1 1 1 1 1 1 
1 1 1 1 1 1 1 1 1 1 1 1 1 1 1 1 1 1 1 1 1 1 1 1 1 1 1 1 1 1 1 1 1 1 1 1 1 1 1 1 1 1 1 1 1 1 1 1 1 1 1 1 1 1 1 1 1 1 1 1 1 1 
1 1 0 1 1 1 1 0 1 1 1 1 0 1 1 1 1 1 1 0 1 1 1 1 1 1 1 1 0 1 1 1 1 1 1 0 1 1 1 1 0 1 1 1 1 0 1 1 1 1 0 1 1 1 1 1 1 0 1 1 1 1 
1 1 0 1 1 1 1 0 1 1 1 1 0 1 1 1 1 1 1 1 1 1 1 1 1 1 1 1 1 1 1 1 1 1 1 0 1 1 1 1 0 1 1 1 1 0 1 1 1 1 0 1 1 1 1 1 1 1 1 1 1 1 
1 0 0 0 1 1 0 0 0 1 1 0 0 0 1 1 1 0 1 1 0 0 1 1 1 1 0 1 1 0 0 1 1 1 0 0 0 1 1 0 0 0 1 1 0 0 0 1 1 0 0 0 1 1 1 0 1 1 0 0 1 1 
1 1 1 1 1 1 1 1 1 1 1 1 1 1 1 1 1 1 1 1 1 1 1 1 1 1 1 1 1 1 1 1 1 1 1 1 1 1 1 1 1 1 1 1 1 1 1 1 1 1 1 1 1 1 1 1 1 1 1 1 1 1 
1 1 1 1 1 1 1 1 1 1 1 1 1 1 1 1 1 1 1 1 1 1 1 1 1 1 1 1 1 1 1 1 1 1 1 1 1 1 1 1 1 1 1 1 1 1 1 1 1 1 1 1 1 1 1 1 1 1 1 1 1 1 
1 1 1 1 1 1 1 1 1 1 1 1 1 1 1 1 1 1 1 1 1 1 1 1 1 1 1 1 1 1 1 1 1 1 1 1 1 1 1 1 1 1 1 1 1 1 1 1 1 1 1 1 1 1 1 1 1 1 1 1 1 1 
1 1 1 1 1 1 1 1 1 1 1 1 1 1 1 1 1 1 1 1 1 1 1 1 1 1 1 1 1 1 1 1 1 1 1 1 1 1 1 1 1 1 1 1 1 1 1 1 1 1 1 1 1 1 1 1 1 1 1 1 1 1 
1 0 0 0 1 1 0 0 0 1 1 0 0 0 1 1 1 1 0 1 0 1 0 1 1 1 1 0 1 0 1 0 1 1 0 0 0 1 1 0 0 0 1 1 0 0 0 1 1 0 0 0 1 1 1 1 0 1 0 1 0 1 
1 1 1 1 1 1 1 1 1 1 1 1 1 1 1 1 1 1 1 1 1 1 1 1 1 1 1 1 1 1 1 1 1 1 1 1 1 1 1 1 1 1 1 1 1 1 1 1 1 1 1 1 1 1 1 1 1 1 1 1 1 1 
1 0 1 1 1 1 0 1 1 1 1 0 1 1 1 1 1 1 0 1 1 1 1 1 1 1 1 0 1 1 1 1 1 1 0 1 1 1 1 0 1 1 1 1 0 1 1 1 1 0 1 1 1 1 1 1 0 1 1 1 1 1 
1 1 1 1 0 1 1 1 1 0 1 1 1 1 0 1 1 1 1 1 1 1 1 0 1 1 1 1 1 1 1 1 0 1 1 1 1 0 1 1 1 1 0 1 1 1 1 0 1 1 1 1 0 1 1 1 1 1 1 1 1 0 
1 0 1 0 1 1 0 1 0 1 1 0 1 0 1 1 1 1 0 1 1 1 0 1 1 1 1 0 1 1 1 0 1 1 0 1 0 1 1 0 1 0 1 1 0 1 0 1 1 0 1 0 1 1 1 1 0 1 1 1 0 1 
1 1 1 1 1 1 1 1 1 1 1 1 1 1 1 1 1 1 1 1 1 1 1 1 1 1 1 1 1 1 1 1 1 1 1 1 1 1 1 1 1 1 1 1 1 1 1 1 1 1 1 1 1 1 1 1 1 1 1 1 1 1 
0 0 1 1 1 0 0 1 1 1 0 0 1 1 1 1 1 0 1 1 1 1 1 1 1 1 0 1 1 1 1 1 1 0 0 1 1 1 0 0 1 1 1 0 0 1 1 1 0 0 1 1 1 1 1 0 1 1 1 1 1 1 
0 1 1 1 1 0 1 1 1 1 1 1 1 1 1 1 1 1 1 1 1 1 1 1 1 1 1 1 1 1 1 1 1 1 1 1 1 1 0 1 1 1 1 0 1 1 1 1 1 1 1 1 1 1 1 1 1 1 1 1 1 1 
1 0 1 0 1 1 0 1 0 1 1 0 1 0 1 1 1 1 0 1 1 1 1 1 1 1 1 0 1 1 1 1 1 1 0 1 0 1 1 0 1 0 1 1 0 1 0 1 1 0 1 0 1 1 1 1 0 1 1 1 1 1 
0 1 1 1 1 0 1 1 1 1 0 1 1 1 1 1 0 1 1 1 1 1 1 1 1 0 1 1 1 1 1 1 1 0 1 1 1 1 0 1 1 1 1 0 1 1 1 1 0 1 1 1 1 1 0 1 1 1 1 1 1 1 
0 1 1 1 1 0 1 1 1 1 0 1 1 1 1 1 0 1 1 1 1 1 1 1 1 0 1 1 1 1 1 1 1 0 1 1 1 1 0 1 1 1 1 0 1 1 1 1 0 1 1 1 1 1 0 1 1 1 1 1 1 1 
1 1 1 1 1 1 1 1 1 1 1 1 1 1 1 1 1 1 1 1 1 1 1 1 1 1 1 1 1 1 1 1 1 1 1 1 1 1 1 1 1 1 1 1 1 1 1 1 1 1 1 1 1 1 1 1 1 1 1 1 1 1 
0 1 1 1 1 0 1 1 1 1 0 1 1 1 1 0 1 1 1 1 1 1 1 1 0 1 1 1 1 1 1 1 1 0 1 1 1 1 0 1 1 1 1 0 1 1 1 1 0 1 1 1 1 0 1 1 1 1 1 1 1 1 
0 1 0 0 1 0 1 0 0 1 0 1 1 0 1 1 1 1 1 1 1 1 1 1 1 1 1 1 1 1 1 1 1 0 1 1 0 1 0 1 0 0 1 0 1 0 0 1 0 1 1 0 1 1 1 1 1 1 1 1 1 1 
1 1 1 1 1 1 1 1 1 1 1 1 1 1 1 1 1 1 1 1 1 1 1 1 1 1 1 1 1 1 1 1 1 1 1 1 1 1 1 1 1 1 1 1 1 1 1 1 1 1 1 1 1 1 1 1 1 1 1 1 1 1 
1 0 0 1 1 1 0 0 1 1 1 0 0 1 1 1 1 1 0 1 0 1 1 1 1 1 1 0 1 0 1 1 1 1 0 0 1 1 1 0 0 1 1 1 0 0 1 1 1 0 0 1 1 1 1 1 0 1 0 1 1 1 
0 1 0 0 1 0 1 0 0 1 0 1 1 0 1 1 0 1 1 1 1 1 1 1 1 0 1 1 1 1 1 1 1 0 1 1 0 1 0 1 0 0 1 0 1 0 0 1 0 1 1 0 1 1 0 1 1 1 1 1 1 1 
0 1 0 0 1 0 1 0 0 1 0 1 1 0 1 0 1 1 1 1 1 1 0 1 0 1 1 1 1 1 1 0 1 0 1 1 0 1 0 1 0 0 1 0 1 0 0 1 0 1 1 0 1 0 1 1 1 1 1 1 0 1 
0 1 1 0 1 0 1 1 0 1 0 1 1 0 1 0 1 1 1 1 1 0 0 1 0 1 1 1 1 1 0 0 1 0 1 1 0 1 0 1 1 0 1 0 1 1 0 1 0 1 1 0 1 0 1 1 1 1 1 0 0 1 
0 1 0 1 1 0 1 0 1 1 0 1 0 1 1 1 0 1 1 1 0 1 1 1 1 0 1 1 1 0 1 1 1 0 1 0 1 1 0 1 0 1 1 0 1 0 1 1 0 1 0 1 1 1 0 1 1 1 0 1 1 1 
1 0 0 0 1 1 0 0 0 1 1 0 0 0 1 1 1 0 1 0 1 1 0 1 1 1 0 1 0 1 1 0 1 1 0 0 0 1 1 0 0 0 1 1 0 0 0 1 1 0 0 0 1 1 1 0 1 0 1 1 0 1 
1 0 1 1 1 1 0 1 1 1 1 1 1 1 1 1 1 1 1 1 1 1 1 1 1 1 1 1 1 1 1 1 1 1 1 1 1 1 1 0 1 1 1 1 0 1 1 1 1 1 1 1 1 1 1 1 1 1 1 1 1 1 
0 0 1 1 1 0 0 1 1 1 0 0 1 1 1 0 1 0 1 1 1 1 1 1 0 1 0 1 1 1 1 1 1 0 0 1 1 1 0 0 1 1 1 0 0 1 1 1 0 0 1 1 1 0 1 0 1 1 1 1 1 1 
1 1 1 0 1 1 1 1 0 1 1 1 1 0 1 1 1 1 1 1 1 0 1 1 1 1 1 1 1 1 0 1 1 1 1 1 0 1 1 1 1 0 1 1 1 1 0 1 1 1 1 0 1 1 1 1 1 1 1 0 1 1 
1 1 0 1 1 1 1 0 1 1 1 1 1 1 1 1 1 1 1 1 1 1 1 1 1 1 1 1 1 1 1 1 1 1 1 1 1 1 1 1 0 1 1 1 1 0 1 1 1 1 1 1 1 1 1 1 1 1 1 1 1 1 
1 0 1 1 1 1 0 1 1 1 1 0 1 1 1 1 1 0 1 1 1 1 1 1 1 1 0 1 1 1 1 1 1 1 0 1 1 1 1 0 1 1 1 1 0 1 1 1 1 0 1 1 1 1 1 0 1 1 1 1 1 1 
1 0 1 1 1 1 0 1 1 1 1 0 1 1 1 1 1 1 0 1 1 1 1 1 1 1 1 0 1 1 1 1 1 1 0 1 1 1 1 0 1 1 1 1 0 1 1 1 1 0 1 1 1 1 1 1 0 1 1 1 1 1 
0 1 1 1 1 0 1 1 1 1 0 1 1 1 1 1 0 1 1 1 1 1 1 1 1 0 1 1 1 1 1 1 1 0 1 1 1 1 0 1 1 1 1 0 1 1 1 1 0 1 1 1 1 1 0 1 1 1 1 1 1 1 
1 1 1 1 1 1 1 1 1 1 1 1 1 1 1 1 1 1 1 1 1 1 1 1 1 1 1 1 1 1 1 1 1 1 1 1 1 1 1 1 1 1 1 1 1 1 1 1 1 1 1 1 1 1 1 1 1 1 1 1 1 1 
1 1 0 0 1 1 1 0 0 1 1 1 0 0 1 1 1 1 1 1 0 0 1 1 1 1 1 1 1 0 0 1 1 1 1 0 0 1 1 1 0 0 1 1 1 0 0 1 1 1 0 0 1 1 1 1 1 1 0 0 1 1 
0 1 1 1 1 0 1 1 1 1 1 1 1 1 1 1 1 1 1 1 1 1 1 1 1 1 1 1 1 1 1 1 1 1 1 1 1 1 0 1 1 1 1 0 1 1 1 1 1 1 1 1 1 1 1 1 1 1 1 1 1 1 
1 1 0 1 1 1 1 0 1 1 1 1 0 1 1 1 1 1 1 0 0 1 1 1 1 1 1 1 0 0 1 1 1 1 1 0 1 1 1 1 0 1 1 1 1 0 1 1 1 1 0 1 1 1 1 1 1 0 0 1 1 1 
1 1 1 0 1 1 1 1 0 1 1 1 1 0 1 1 1 1 1 1 1 0 1 1 1 1 1 1 1 1 0 1 1 1 1 1 0 1 1 1 1 0 1 1 1 1 0 1 1 1 1 0 1 1 1 1 1 1 1 0 1 1 
1 0 1 1 1 1 0 1 1 1 1 0 1 1 1 1 1 1 0 1 1 1 1 1 1 1 1 0 1 1 1 1 1 1 0 1 1 1 1 0 1 1 1 1 0 1 1 1 1 0 1 1 1 1 1 1 0 1 1 1 1 1 
1 1 1 1 1 1 1 1 1 1 1 1 1 1 1 1 1 1 1 1 1 1 1 1 1 1 1 1 1 1 1 1 1 1 1 1 1 1 1 1 1 1 1 1 1 1 1 1 1 1 1 1 1 1 1 1 1 1 1 1 1 1 
0 0 1 1 1 0 0 1 1 1 0 1 1 1 1 0 1 1 1 1 1 1 1 1 0 1 1 1 1 1 1 1 1 0 1 1 1 1 0 0 1 1 1 0 0 1 1 1 0 1 1 1 1 0 1 1 1 1 1 1 1 1 
0 1 1 1 1 0 1 1 1 1 0 1 1 1 1 1 0 1 1 1 1 1 1 1 1 0 1 1 1 1 1 1 1 0 1 1 1 1 0 1 1 1 1 0 1 1 1 1 0 1 1 1 1 1 0 1 1 1 1 1 1 1 
1 1 0 1 1 1 1 0 1 1 1 1 0 1 1 1 1 1 1 0 1 1 1 1 1 1 1 1 0 1 1 1 1 1 1 0 1 1 1 1 0 1 1 1 1 0 1 1 1 1 0 1 1 1 1 1 1 0 1 1 1 1 
1 1 1 1 1 1 1 1 1 1 1 1 1 1 1 1 1 1 1 1 1 1 1 1 1 1 1 1 1 1 1 1 1 1 1 1 1 1 1 1 1 1 1 1 1 1 1 1 1 1 1 1 1 1 1 1 1 1 1 1 1 1 
1 1 0 0 1 1 1 0 0 1 1 1 0 0 1 1 1 1 1 0 1 1 0 1 1 1 1 1 0 1 1 0 1 1 1 0 0 1 1 1 0 0 1 1 1 0 0 1 1 1 0 0 1 1 1 1 1 0 1 1 0 1 
0 1 1 0 1 0 1 1 0 1 0 1 1 0 1 1 0 1 1 1 1 0 1 1 1 0 1 1 1 1 0 1 1 0 1 1 0 1 0 1 1 0 1 0 1 1 0 1 0 1 1 0 1 1 0 1 1 1 1 0 1 1 
1 1 1 0 1 1 1 1 0 1 1 1 1 0 1 1 1 1 1 1 1 0 1 1 1 1 1 1 1 1 0 1 1 1 1 1 0 1 1 1 1 0 1 1 1 1 0 1 1 1 1 0 1 1 1 1 1 1 1 0 1 1 
0 0 1 1 1 0 0 1 1 1 0 0 1 1 1 0 1 0 0 1 1 1 1 1 0 1 0 0 1 1 1 1 1 0 0 1 1 1 0 0 1 1 1 0 0 1 1 1 0 0 1 1 1 0 1 0 0 1 1 1 1 1 
1 1 1 0 0 1 1 1 0 0 1 1 1 0 0 1 1 1 1 1 1 0 0 0 1 1 1 1 1 1 0 0 0 1 1 1 0 0 1 1 1 0 0 1 1 1 0 0 1 1 1 0 0 1 1 1 1 1 1 0 0 0 
1 0 1 1 0 1 0 1 1 0 1 0 1 1 0 1 1 1 0 1 1 1 1 0 1 1 1 0 1 1 1 1 0 1 0 1 1 0 1 0 1 1 0 1 0 1 1 0 1 0 1 1 0 1 1 1 0 1 1 1 1 0 
0 1 1 1 1 0 1 1 1 1 0 1 1 1 1 0 1 1 1 1 1 1 1 1 0 1 1 1 1 1 1 1 1 0 1 1 1 1 0 1 1 1 1 0 1 1 1 1 0 1 1 1 1 0 1 1 1 1 1 1 1 1 
1 1 0 0 1 1 1 0 0 1 1 1 0 0 1 1 1 1 1 1 0 0 1 1 1 1 1 1 1 0 0 1 1 1 1 0 0 1 1 1 0 0 1 1 1 0 0 1 1 1 0 0 1 1 1 1 1 1 0 0 1 1 
1 1 1 1 1 1 1 1 1 1 1 1 1 1 1 1 1 1 1 1 1 1 1 1 1 1 1 1 1 1 1 1 1 1 1 1 1 1 1 1 1 1 1 1 1 1 1 1 1 1 1 1 1 1 1 1 1 1 1 1 1 1 
1 1 0 1 1 1 1 0 1 1 1 1 0 1 1 1 1 1 1 1 0 1 1 1 1 1 1 1 1 0 1 1 1 1 1 0 1 1 1 1 0 1 1 1 1 0 1 1 1 1 0 1 1 1 1 1 1 1 0 1 1 1 
0 0 1 1 1 0 0 1 1 1 0 0 1 1 1 0 0 1 1 1 1 1 1 1 0 0 1 1 1 1 1 1 1 0 0 1 1 1 0 0 1 1 1 0 0 1 1 1 0 0 1 1 1 0 0 1 1 1 1 1 1 1 
1 0 1 1 1 1 0 1 1 1 1 0 1 1 1 1 1 1 0 1 1 1 1 1 1 1 1 0 1 1 1 1 1 1 0 1 1 1 1 0 1 1 1 1 0 1 1 1 1 0 1 1 1 1 1 1 0 1 1 1 1 1 
0 1 0 1 1 0 1 0 1 1 0 1 0 1 1 1 1 1 1 0 1 1 1 1 1 1 1 1 0 1 1 1 1 0 1 0 1 1 0 1 0 1 1 0 1 0 1 1 0 1 0 1 1 1 1 1 1 0 1 1 1 1 
0 1 1 1 1 0 1 1 1 1 0 1 1 1 1 0 0 1 1 1 1 1 1 1 0 0 1 1 1 1 1 1 1 0 1 1 1 1 0 1 1 1 1 0 1 1 1 1 0 1 1 1 1 0 0 1 1 1 1 1 1 1 
1 0 1 1 0 1 0 1 1 0 1 0 1 1 0 1 1 0 1 1 1 1 1 0 1 1 0 1 1 1 1 1 0 1 0 1 1 0 1 0 1 1 0 1 0 1 1 0 1 0 1 1 0 1 1 0 1 1 1 1 1 0 
1 1 1 1 1 1 1 1 1 1 1 1 1 1 1 1 1 1 1 1 1 1 1 1 1 1 1 1 1 1 1 1 1 1 1 1 1 1 1 1 1 1 1 1 1 1 1 1 1 1 1 1 1 1 1 1 1 1 1 1 1 1 
1 1 1 0 1 1 1 1 0 1 1 1 1 0 1 1 1 1 1 1 1 1 0 1 1 1 1 1 1 1 1 0 1 1 1 1 0 1 1 1 1 0 1 1 1 1 0 1 1 1 1 0 1 1 1 1 1 1 1 1 0 1 
0 1 1 1 1 0 1 1 1 1 0 1 1 1 1 1 0 1 1 1 1 1 1 1 1 0 1 1 1 1 1 1 1 0 1 1 1 1 0 1 1 1 1 0 1 1 1 1 0 1 1 1 1 1 0 1 1 1 1 1 1 1 
0 0 1 1 0 0 0 1 1 0 1 1 1 1 0 1 1 1 1 1 1 1 1 0 1 1 1 1 1 1 1 1 0 1 1 1 1 0 0 0 1 1 0 0 0 1 1 0 1 1 1 1 0 1 1 1 1 1 1 1 1 0 
0 1 1 0 1 0 1 1 0 1 0 1 1 0 1 1 0 1 1 1 1 1 0 1 1 0 1 1 1 1 1 0 1 0 1 1 0 1 0 1 1 0 1 0 1 1 0 1 0 1 1 0 1 1 0 1 1 1 1 1 0 1 
1 1 0 1 1 1 1 0 1 1 1 1 1 1 1 1 1 1 1 1 1 1 1 1 1 1 1 1 1 1 1 1 1 1 1 1 1 1 1 1 0 1 1 1 1 0 1 1 1 1 1 1 1 1 1 1 1 1 1 1 1 1 
0 1 1 1 1 0 1 1 1 1 0 1 1 1 1 0 1 1 1 1 1 1 1 1 0 1 1 1 1 1 1 1 1 0 1 1 1 1 0 1 1 1 1 0 1 1 1 1 0 1 1 1 1 0 1 1 1 1 1 1 1 1 
0 1 1 1 0 0 1 1 1 0 0 1 1 1 0 0 1 1 1 1 1 1 1 0 0 1 1 1 1 1 1 1 0 0 1 1 1 0 0 1 1 1 0 0 1 1 1 0 0 1 1 1 0 0 1 1 1 1 1 1 1 0 
0 0 0 1 1 0 0 0 1 1 0 0 0 1 1 0 1 1 1 1 0 1 1 1 0 1 1 1 1 0 1 1 1 0 0 0 1 1 0 0 0 1 1 0 0 0 1 1 0 0 0 1 1 0 1 1 1 1 0 1 1 1 
0 1 1 1 1 0 1 1 1 1 0 1 1 1 1 1 0 1 1 1 1 1 1 1 1 0 1 1 1 1 1 1 1 0 1 1 1 1 0 1 1 1 1 0 1 1 1 1 0 1 1 1 1 1 0 1 1 1 1 1 1 1 
1 1 1 0 1 1 1 1 0 1 1 1 1 0 1 1 1 1 1 1 1 1 1 1 1 1 1 1 1 1 1 1 1 1 1 1 0 1 1 1 1 0 1 1 1 1 0 1 1 1 1 0 1 1 1 1 1 1 1 1 1 1 
0 1 1 1 1 0 1 1 1 1 0 1 1 1 1 0 1 1 1 1 1 1 1 1 0 1 1 1 1 1 1 1 1 0 1 1 1 1 0 1 1 1 1 0 1 1 1 1 0 1 1 1 1 0 1 1 1 1 1 1 1 1 
1 1 1 0 1 1 1 1 0 1 1 1 1 0 1 1 1 1 1 1 1 0 1 1 1 1 1 1 1 1 0 1 1 1 1 1 0 1 1 1 1 0 1 1 1 1 0 1 1 1 1 0 1 1 1 1 1 1 1 0 1 1 
0 1 1 1 1 0 1 1 1 1 0 1 1 1 1 0 1 1 1 1 1 1 1 1 0 1 1 1 1 1 1 1 1 0 1 1 1 1 0 1 1 1 1 0 1 1 1 1 0 1 1 1 1 0 1 1 1 1 1 1 1 1 
1 1 0 1 1 1 1 0 1 1 1 1 0 1 1 1 1 1 1 0 1 1 1 1 1 1 1 1 0 1 1 1 1 1 1 0 1 1 1 1 0 1 1 1 1 0 1 1 1 1 0 1 1 1 1 1 1 0 1 1 1 1 
1 1 1 1 1 1 1 1 1 1 1 1 1 1 1 1 1 1 1 1 1 1 1 1 1 1 1 1 1 1 1 1 1 1 1 1 1 1 1 1 1 1 1 1 1 1 1 1 1 1 1 1 1 1 1 1 1 1 1 1 1 1 
1 1 1 0 1 1 1 1 0 1 1 1 1 0 1 1 1 1 1 1 1 1 0 1 1 1 1 1 1 1 1 0 1 1 1 1 0 1 1 1 1 0 1 1 1 1 0 1 1 1 1 0 1 1 1 1 1 1 1 1 0 1 
1 1 1 1 1 1 1 1 1 1 1 1 1 1 1 1 1 1 1 1 1 1 1 1 1 1 1 1 1 1 1 1 1 1 1 1 1 1 1 1 1 1 1 1 1 1 1 1 1 1 1 1 1 1 1 1 1 1 1 1 1 1 
1 1 1 1 1 1 1 1 1 1 1 1 1 1 1 1 1 1 1 1 1 1 1 1 1 1 1 1 1 1 1 1 1 1 1 1 1 1 1 1 1 1 1 1 1 1 1 1 1 1 1 1 1 1 1 1 1 1 1 1 1 1 
1 1 1 1 1 1 1 1 1 1 1 1 1 1 1 1 1 1 1 1 1 1 1 1 1 1 1 1 1 1 1 1 1 1 1 1 1 1 1 1 1 1 1 1 1 1 1 1 1 1 1 1 1 1 1 1 1 1 1 1 1 1 
0 1 0 1 1 0 1 0 1 1 0 1 0 1 1 0 1 1 1 1 0 1 1 1 0 1 1 1 1 0 1 1 1 0 1 0 1 1 0 1 0 1 1 0 1 0 1 1 0 1 0 1 1 0 1 1 1 1 0 1 1 1 
1 0 0 1 1 1 0 0 1 1 1 0 0 1 1 1 1 0 1 0 1 1 1 1 1 1 0 1 0 1 1 1 1 1 0 0 1 1 1 0 0 1 1 1 0 0 1 1 1 0 0 1 1 1 1 0 1 0 1 1 1 1 
1 1 1 1 1 1 1 1 1 1 1 1 1 1 1 1 1 1 1 1 1 1 1 1 1 1 1 1 1 1 1 1 1 1 1 1 1 1 1 1 1 1 1 1 1 1 1 1 1 1 1 1 1 1 1 1 1 1 1 1 1 1 
]

EmployeeWantedInStint: [ (1 31) 1 (2 44) 1 (4 36) 1 (5 14) 1 (7 59) 1 (8 2) 1 (8 36) 1 (8 39) 1 (8 47) 1 (9 6) 1 (9 45) 1 (10 28) 1 (12 4) 1 (12 18) 1 (12 53) 1 (12 60) 1 (13 57) 1 (14 33) 1 (14 45) 1 (14 51) 1 (16 52) 1 (17 24) 1 (18 12) 1 (19 62) 1 (20 23) 1 (20 38) 1 (20 47) 1 (21 23) 1 (22 19) 1 (22 20) 1 (23 28) 1 (25 17) 1 (26 23) 1 (26 39) 1 (28 9) 1 (29 22) 1 (29 31) 1 (30 16) 1 (32 34) 1 (32 60) 1 (34 12) 1 (34 24) 1 (34 25) 1 (34 45) 1 (35 41) 1 (36 53) 1 (37 28) 1 (38 37) 1 (39 23) 1 (40 24) 1 (40 38) 1 (41 3) 1 (41 24) 1 (41 29) 1 (42 7) 1 (44 47) 1 (45 25) 1 (46 20) 1 (46 32) 1 (47 27) 1 (47 48) 1 (48 4) 1 (49 18) 1 (49 21) 1 (50 15) 1 (50 32) 1 (51 8) 1 (54 6) 1 (54 33) 1 (54 36) 1 (55 34) 1 (56 24) 1 (57 1) 1 (58 39) 1 (58 45) 1 (59 16) 1 (59 18) 1 (59 52) 1 (60 23) 1 (60 56) 1 (61 18) 1 (61 34) 1 (63 46) 1 (64 8) 1 (65 49) 1 (66 52) 1 (67 17) 1 (68 37) 1 (70 5) 1 (70 26) 1 (70 61) 1 (72 32) 1 (72 41) 1 (72 47) 1 (73 44) 1 (73 49) 1 (74 1) 1 (74 4) 1 (74 5) 1 (74 6) 1 (74 44) 1 (76 45) 1 (79 31) 1 (81 33) 1 (82 18) 1 (82 38) 1 (82 54) 1 (82 55) 1 (83 27) 1 (85 17) 1 (86 24) 1 (87 21) 1 (88 35) 1 (88 44) 1 (88 59) 1 (89 22) 1 (89 26) 1 (89 55) 1 ]

EmployeeWantedViolationCost: [ (1 31) 5000 (2 44) 14000 (4 36) 8000 (5 14) 9000 (7 59) 9000 (8 2) 8000 (8 36) 5000 (8 39) 5000 (8 47) 10000 (9 6) 10000 (9 45) 6000 (10 28) 12000 (12 4) 8000 (12 18) 12000 (12 53) 10000 (12 60) 8000 (13 57) 13000 (14 33) 6000 (14 45) 6000 (14 51) 7000 (16 52) 8000 (17 24) 11000 (18 12) 12000 (19 62) 10000 (20 23) 15000 (20 38) 8000 (20 47) 8000 (21 23) 13000 (22 19) 9000 (22 20) 12000 (23 28) 8000 (25 17) 15000 (26 23) 9000 (26 39) 10000 (28 9) 9000 (29 22) 7000 (29 31) 12000 (30 16) 15000 (32 34) 7000 (32 60) 5000 (34 12) 5000 (34 24) 7000 (34 25) 9000 (34 45) 12000 (35 41) 10000 (36 53) 9000 (37 28) 14000 (38 37) 12000 (39 23) 6000 (40 24) 7000 (40 38) 13000 (41 3) 15000 (41 24) 12000 (41 29) 11000 (42 7) 12000 (44 47) 6000 (45 25) 11000 (46 20) 9000 (46 32) 9000 (47 27) 8000 (47 48) 6000 (48 4) 8000 (49 18) 10000 (49 21) 8000 (50 15) 15000 (50 32) 12000 (51 8) 5000 (54 6) 12000 (54 33) 15000 (54 36) 10000 (55 34) 14000 (56 24) 11000 (57 1) 6000 (58 39) 7000 (58 45) 9000 (59 16) 11000 (59 18) 15000 (59 52) 14000 (60 23) 6000 (60 56) 7000 (61 18) 13000 (61 34) 6000 (63 46) 5000 (64 8) 10000 (65 49) 14000 (66 52) 6000 (67 17) 15000 (68 37) 5000 (70 5) 12000 (70 26) 14000 (70 61) 14000 (72 32) 9000 (72 41) 14000 (72 47) 5000 (73 44) 12000 (73 49) 6000 (74 1) 7000 (74 4) 5000 (74 5) 10000 (74 6) 15000 (74 44) 8000 (76 45) 6000 (79 31) 9000 (81 33) 10000 (82 18) 12000 (82 38) 7000 (82 54) 11000 (82 55) 5000 (83 27) 11000 (85 17) 9000 (86 24) 14000 (87 21) 10000 (88 35) 13000 (88 44) 13000 (88 59) 9000 (89 22) 12000 (89 26) 15000 (89 55) 5000 ]

EmployeesThatShouldNotWorkTogetherWithEmployee: [
[ 67 73 ]
[ 77 ]
[ 4 16 22 54 ]
[ 11 85 ]
[ 41 70 72 75 89 ]
[ 69 ]
[ 18 22 33 67 79 ]
[ 13 39 47 63 ]
[ 24 80 ]
[ 34 ]
[ ]
[ 36 78 ]
[ 21 49 ]
[ 57 ]
[ 21 25 38 75 88 ]
[ 36 38 59 ]
[ 68 78 90 ]
[ 70 ]
[ 50 62 82 ]
[ 36 38 43 ]
[ 68 ]
[ 73 ]
[ 30 49 51 54 63 75 ]
[ 30 52 55 63 72 78 ]
[ 76 84 ]
[ 45 ]
[ 72 76 ]
[ 36 67 74 ]
[ 59 61 73 78 ]
[ 43 47 51 52 63 70 72 86 ]
[ 67 68 79 ]
[ 74 84 ]
[ 58 67 78 ]
[ 53 57 71 ]
[ 63 64 71 84 ]
[ 41 81 ]
[ 65 88 ]
[ 49 74 86 ]
[ 43 54 82 ]
[ 60 87 ]
[ 62 86 89 ]
[ 43 79 83 87 ]
[ 82 ]
[ 77 84 ]
[ ]
[ ]
[ 51 ]
[ 82 ]
[ 65 76 77 80 ]
[ ]
[ 58 61 70 ]
[ 71 73 89 ]
[ ]
[ 76 ]
[ ]
[ 70 ]
[ 58 ]
[ 65 79 ]
[ 85 86 ]
[ 83 ]
[ ]
[ ]
[ ]
[ 87 ]
[ 71 ]
[ 68 77 88 ]
[ 90 ]
[ 74 77 78 85 ]
[ ]
[ 80 84 ]
[ 73 ]
[ 84 ]
[ 83 ]
[ ]
[ 87 ]
[ 85 ]
[ ]
[ ]
[ 81 86 ]
[ ]
[ ]
[ ]
[ 90 ]
[ 85 ]
[ ]
[ ]
[ ]
[ ]
[ ]
[ ]
]

ShouldNotWorkTogetherCost: [ (1 67) 396 (1 73) 396 (2 77) 396 (3 4) 297 (3 16) 396 (3 22) 297 (3 54) 396 (4 11) 198 (4 85) 297 (5 41) 396 (5 70) 297 (5 72) 396 (5 75) 198 (5 89) 198 (6 69) 396 (7 18) 297 (7 22) 198 (7 33) 198 (7 67) 396 (7 79) 396 (8 13) 297 (8 39) 99 (8 47) 396 (8 63) 198 (9 24) 198 (9 80) 396 (10 34) 99 (12 36) 297 (12 78) 396 (13 21) 99 (13 49) 396 (14 57) 99 (15 21) 99 (15 25) 99 (15 38) 396 (15 75) 198 (15 88) 396 (16 36) 99 (16 38) 396 (16 59) 198 (17 68) 198 (17 78) 297 (17 90) 396 (18 70) 396 (19 50) 396 (19 62) 396 (19 82) 99 (20 36) 297 (20 38) 99 (20 43) 396 (21 68) 198 (22 73) 99 (23 30) 297 (23 49) 198 (23 51) 99 (23 54) 198 (23 63) 297 (23 75) 99 (24 30) 297 (24 52) 198 (24 55) 396 (24 63) 198 (24 72) 99 (24 78) 99 (25 76) 99 (25 84) 99 (26 45) 198 (27 72) 99 (27 76) 396 (28 36) 99 (28 67) 396 (28 74) 99 (29 59) 297 (29 61) 198 (29 73) 198 (29 78) 99 (30 43) 198 (30 47) 99 (30 51) 198 (30 52) 396 (30 63) 297 (30 70) 198 (30 72) 297 (30 86) 99 (31 67) 198 (31 68) 99 (31 79) 297 (32 74) 198 (32 84) 396 (33 58) 297 (33 67) 297 (33 78) 198 (34 53) 396 (34 57) 297 (34 71) 99 (35 63) 297 (35 64) 198 (35 71) 198 (35 84) 396 (36 41) 99 (36 81) 396 (37 65) 99 (37 88) 99 (38 49) 99 (38 74) 396 (38 86) 297 (39 43) 198 (39 54) 99 (39 82) 198 (40 60) 198 (40 87) 198 (41 62) 198 (41 86) 198 (41 89) 297 (42 43) 198 (42 79) 198 (42 83) 198 (42 87) 99 (43 82) 396 (44 77) 297 (44 84) 198 (47 51) 297 (48 82) 99 (49 65) 297 (49 76) 99 (49 77) 99 (49 80) 99 (51 58) 297 (51 61) 297 (51 70) 99 (52 71) 198 (52 73) 396 (52 89) 297 (54 76) 198 (56 70) 198 (57 58) 99 (58 65) 396 (58 79) 99 (59 85) 198 (59 86) 198 (60 83) 198 (64 87) 297 (65 71) 99 (66 68) 99 (66 77) 99 (66 88) 297 (67 90) 99 (68 74) 396 (68 77) 396 (68 78) 297 (68 85) 198 (70 80) 396 (70 84) 198 (71 73) 396 (72 84) 99 (73 83) 396 (75 87) 198 (76 85) 99 (79 81) 297 (79 86) 297 (83 90) 198 (84 85) 198 ]

ImmediatePredecessorsToActivity: [
[ ]
[ 1 ]
[ 1 ]
[ 1 ]
[ 1 ]
[ 2 5 ]
[ 5 ]
[ 1 ]
[ 6 ]
[ 5 ]
[ 7 8 ]
[ 3 9 ]
[ 1 ]
[ ]
[ 14 ]
[ 14 ]
[ 14 ]
[ 14 ]
[ 14 ]
[ 16 19 ]
[ 15 16 17 ]
[ 14 ]
[ 21 ]
[ 19 22 ]
[ 24 ]
[ 23 25 ]
[ 20 ]
[ 16 ]
[ 18 28 ]
[ 15 20 25 28 ]
[ ]
[ 31 ]
[ 32 ]
[ 31 ]
[ 31 ]
[ 34 ]
[ 31 ]
[ 32 36 ]
[ 32 ]
[ 36 39 ]
[ 31 ]
[ 38 ]
[ 35 37 39 ]
[ 39 ]
[ 36 ]
[ 41 ]
[ 37 39 46 ]
[ ]
[ 48 ]
[ 48 ]
[ 48 ]
[ 48 ]
[ 48 ]
[ 53 ]
[ 49 54 ]
[ 50 53 55 ]
[ 55 ]
[ 49 54 ]
[ 50 ]
[ 49 ]
[ 56 ]
[ 53 58 60 ]
[ 50 53 58 61 ]
[ ]
[ 64 ]
[ 64 ]
[ 64 ]
[ 65 ]
[ 64 ]
[ 67 69 ]
[ 66 69 ]
[ 65 ]
[ 65 71 ]
[ 67 ]
[ 69 ]
[ 66 70 ]
[ ]
[ 77 ]
[ 77 ]
[ 77 ]
[ 77 ]
[ 79 80 ]
[ 77 ]
[ 77 ]
[ 79 ]
[ 81 83 84 ]
[ 81 83 ]
[ 77 ]
[ 77 ]
[ 78 80 86 ]
[ 79 87 88 ]
[ ]
[ 92 ]
[ 93 ]
[ 93 ]
[ 92 ]
[ 94 95 ]
[ 93 ]
[ 94 ]
[ 95 ]
[ 93 96 99 ]
[ 92 ]
[ 95 99 ]
[ 92 ]
[ 92 ]
[ 96 105 ]
[ ]
[ 107 ]
[ 108 ]
[ 109 ]
[ 107 ]
[ 107 ]
[ 107 ]
[ 110 ]
[ 107 ]
[ 108 113 115 ]
[ 109 114 116 ]
[ 111 113 ]
[ 109 112 118 ]
[ 109 ]
[ 111 ]
[ 116 119 ]
[ 114 115 ]
[ 108 111 114 115 ]
[ ]
[ 125 ]
[ 125 ]
[ 127 ]
[ 126 ]
[ 126 127 ]
[ 130 ]
[ 128 130 ]
[ 128 130 ]
[ 128 129 ]
[ 127 ]
[ 131 ]
[ ]
[ 137 ]
[ 137 ]
[ 137 ]
[ 140 ]
[ 139 140 ]
[ 142 ]
[ 137 ]
[ 142 ]
[ 137 ]
[ 138 142 ]
[ 137 ]
[ 139 140 ]
[ 143 146 149 ]
[ 137 ]
[ 138 141 142 146 151 ]
]

ActivitiesInProject: [
[ 1 2 3 4 5 6 7 8 9 10 11 12 13 ]
[ 14 15 16 17 18 19 20 21 22 23 24 25 26 27 28 29 30 ]
[ 31 32 33 34 35 36 37 38 39 40 41 42 43 44 45 46 47 ]
[ 48 49 50 51 52 53 54 55 56 57 58 59 60 61 62 63 ]
[ 64 65 66 67 68 69 70 71 72 73 74 75 76 ]
[ 77 78 79 80 81 82 83 84 85 86 87 88 89 90 91 ]
[ 92 93 94 95 96 97 98 99 100 101 102 103 104 105 106 ]
[ 107 108 109 110 111 112 113 114 115 116 117 118 119 120 121 122 123 124 ]
[ 125 126 127 128 129 130 131 132 133 134 135 136 ]
[ 137 138 139 140 141 142 143 144 145 146 147 148 149 150 151 152 ]
]

nActivityModes: [ 1 1 1 1 1 1 1 1 1 1 1 1 1 1 1 1 1 1 1 1 1 1 1 1 1 1 1 1 1 1 1 1 1 1 1 1 1 1 1 1 1 1 1 1 1 1 1 1 1 1 1 1 1 1 1 1 1 1 1 1 1 1 1 1 1 1 1 1 1 1 1 1 1 1 1 1 1 1 1 1 1 1 1 1 1 1 1 1 1 1 1 1 1 1 1 1 1 1 1 1 1 1 1 1 1 1 1 1 1 1 1 1 1 1 1 1 1 1 1 1 1 1 1 1 1 1 1 1 1 1 1 1 1 1 1 1 1 1 1 1 1 1 1 1 1 1 1 1 1 1 1 1 ]

ActivityDurationWithMode: [
1	
9	
28	
5	
5	
4	
16	
28	
4	
22	
6	
7	
8	
1	
6	
11	
8	
9	
9	
5	
6	
20	
19	
9	
7	
8	
19	
25	
10	
8	
1	
25	
12	
14	
25	
5	
5	
6	
6	
6	
19	
5	
6	
6	
12	
7	
6	
1	
4	
4	
29	
29	
4	
4	
5	
7	
4	
15	
17	
20	
5	
5	
4	
1	
5	
3	
5	
14	
8	
6	
4	
8	
10	
16	
3	
4	
1	
6	
27	
5	
5	
6	
4	
6	
6	
5	
21	
8	
19	
11	
5	
1	
5	
7	
29	
30	
6	
35	
14	
5	
5	
38	
6	
12	
8	
9	
1	
12	
6	
6	
27	
8	
9	
6	
15	
7	
16	
7	
7	
31	
8	
6	
6	
8	
1	
4	
4	
10	
12	
4	
13	
5	
4	
7	
11	
4	
1	
4	
9	
9	
8	
11	
5	
18	
5	
23	
7	
28	
13	
4	
9	
5	
]

StintsInProject: [
[ 1 2 3 4 5 ]
[ 6 7 8 9 10 ]
[ 11 12 13 14 15 ]
[ 16 17 18 19 20 21 22 23 24 ]
[ 25 26 27 28 29 30 31 32 33 ]
[ 34 35 36 37 38 ]
[ 39 40 41 42 43 ]
[ 44 45 46 47 48 ]
[ 49 50 51 52 53 ]
[ 54 55 56 57 58 59 60 61 62 ]
]

WorkingStintsOnDay: [
[ 1 6 11 16 25 34 39 44 49 54 ]
[ 1 6 11 16 25 34 39 44 49 54 ]
[ 1 6 11 16 25 34 39 44 49 54 ]
[ 1 6 11 16 25 34 39 44 49 54 ]
[ 1 6 11 16 25 34 39 44 49 54 ]
[ 1 6 11 34 39 44 49 ]
[ 1 6 11 34 39 44 49 ]
[ 1 6 11 17 26 34 39 44 49 55 ]
[ 1 6 11 17 26 34 39 44 49 55 ]
[ 1 6 11 17 26 34 39 44 49 55 ]
[ 1 6 11 17 26 34 39 44 49 55 ]
[ 1 6 11 17 26 34 39 44 49 55 ]
[ 1 6 39 44 ]
[ 1 6 39 44 ]
[ 2 7 12 18 27 35 40 45 50 56 ]
[ 2 7 12 18 27 35 40 45 50 56 ]
[ 2 7 12 18 27 35 40 45 50 56 ]
[ 2 7 12 18 27 35 40 45 50 56 ]
[ 2 7 12 18 27 35 40 45 50 56 ]
[ 2 7 12 35 40 45 50 ]
[ 2 7 12 35 40 45 50 ]
[ 2 7 12 19 28 35 40 45 50 57 ]
[ 2 7 12 19 28 35 40 45 50 57 ]
[ 2 7 12 19 28 35 40 45 50 57 ]
[ 2 7 12 19 28 35 40 45 50 57 ]
[ 2 7 12 19 28 35 40 45 50 57 ]
[ 2 7 40 45 ]
[ 2 7 40 45 ]
[ 3 8 13 20 29 36 41 46 51 58 ]
[ 3 8 13 20 29 36 41 46 51 58 ]
[ 3 8 13 20 29 36 41 46 51 58 ]
[ 3 8 13 20 29 36 41 46 51 58 ]
[ 3 8 13 20 29 36 41 46 51 58 ]
[ 3 8 13 36 41 46 51 ]
[ 3 8 13 36 41 46 51 ]
[ 3 8 13 21 30 36 41 46 51 59 ]
[ 3 8 13 21 30 36 41 46 51 59 ]
[ 3 8 13 21 30 36 41 46 51 59 ]
[ 3 8 13 21 30 36 41 46 51 59 ]
[ 3 8 13 21 30 36 41 46 51 59 ]
[ 3 8 41 46 ]
[ 3 8 41 46 ]
[ 4 9 14 22 31 37 42 47 52 60 ]
[ 4 9 14 22 31 37 42 47 52 60 ]
[ 4 9 14 22 31 37 42 47 52 60 ]
[ 4 9 14 22 31 37 42 47 52 60 ]
[ 4 9 14 22 31 37 42 47 52 60 ]
[ 4 9 14 37 42 47 52 ]
[ 4 9 14 37 42 47 52 ]
[ 4 9 14 23 32 37 42 47 52 61 ]
[ 4 9 14 23 32 37 42 47 52 61 ]
[ 4 9 14 23 32 37 42 47 52 61 ]
[ 4 9 14 23 32 37 42 47 52 61 ]
[ 4 9 14 23 32 37 42 47 52 61 ]
[ 4 9 42 47 ]
[ 4 9 42 47 ]
[ 5 10 15 24 33 38 43 48 53 62 ]
[ 5 10 15 24 33 38 43 48 53 62 ]
[ 5 10 15 24 33 38 43 48 53 62 ]
[ 5 10 15 24 33 38 43 48 53 62 ]
]

ProjectStart: [ 2 8 7 4 7 3 7 8 10 11 ]

ProjectEnd: [ 38 55 53 47 41 43 48 59 42 55 ]

EarliestStartDayForActivity: [ 1 2 2 2 2 11 7 2 15 7 30 30 2 1 8 8 8 8 8 19 19 8 25 28 37 44 24 19 44 44 1 7 36 7 7 23 7 36 36 44 7 44 44 44 30 30 44 1 4 4 4 4 4 10 16 23 23 16 10 10 32 38 39 1 7 7 7 13 7 18 18 13 24 13 18 26 1 3 3 3 3 34 3 3 34 9 8 3 3 16 34 1 7 12 12 7 41 12 19 41 37 7 41 7 7 37 1 8 20 26 8 8 8 32 8 23 38 35 42 26 35 49 38 38 1 10 10 16 16 16 20 26 26 30 16 35 1 11 11 11 24 24 39 11 39 11 39 11 24 46 11 44 ]

LatestStartDayForActivity: [ 1 38 38 38 38 38 38 38 38 38 38 38 38 1 55 55 55 55 55 55 55 55 55 55 55 55 55 55 55 55 1 53 53 53 53 53 53 53 53 53 53 53 53 53 53 53 53 1 47 47 47 47 47 47 47 47 47 47 47 47 47 47 47 1 41 41 41 41 41 41 41 41 41 41 41 41 1 43 43 43 43 43 43 43 43 43 43 43 43 43 43 1 48 48 48 48 48 48 48 48 48 48 48 48 48 48 1 59 59 59 59 59 59 59 59 59 59 59 59 59 59 59 59 59 1 42 42 42 42 42 42 42 42 42 42 42 1 55 55 55 55 55 55 55 55 55 55 55 55 55 55 55 ]

EquipmentTypeDemandInActivityWithMode: [
0	
0	
0	
1	
0	
0	
0	
0	
1	
0	
0	
0	
0	
0	
0	
0	
0	
0	
1	
0	
0	
1	
0	
0	
1	
0	
0	
0	
0	
0	
0	
0	
0	
0	
0	
1	
0	
0	
0	
1	
0	
0	
0	
0	
1	
0	
1	
0	
0	
0	
0	
0	
0	
0	
0	
0	
0	
0	
0	
0	
0	
1	
0	
0	
0	
0	
0	
0	
0	
1	
0	
0	
0	
0	
0	
1	
0	
0	
0	
0	
0	
0	
0	
0	
0	
1	
0	
0	
0	
1	
0	
0	
0	
0	
1	
0	
1	
0	
0	
0	
1	
1	
0	
1	
0	
1	
0	
0	
1	
0	
0	
0	
1	
0	
0	
0	
1	
1	
0	
0	
1	
1	
0	
0	
0	
2	
0	
0	
0	
0	
1	
0	
1	
0	
0	
1	
0	
1	
0	
0	
0	
0	
0	
0	
0	
0	
1	
0	
0	
0	
1	
0	

0	
0	
0	
0	
0	
0	
0	
0	
0	
0	
0	
0	
0	
0	
0	
0	
0	
0	
0	
0	
1	
1	
0	
0	
1	
1	
0	
0	
1	
0	
0	
0	
0	
0	
0	
0	
0	
0	
0	
0	
0	
0	
0	
0	
1	
0	
0	
0	
0	
0	
0	
0	
0	
0	
0	
1	
1	
0	
0	
0	
1	
0	
1	
0	
1	
1	
0	
0	
0	
0	
0	
1	
0	
0	
0	
1	
0	
0	
0	
0	
0	
0	
0	
1	
0	
0	
0	
1	
0	
0	
0	
0	
1	
0	
1	
1	
0	
0	
0	
0	
0	
0	
0	
0	
0	
0	
0	
0	
0	
1	
0	
0	
0	
0	
0	
0	
0	
0	
0	
1	
1	
0	
0	
1	
0	
0	
0	
0	
0	
1	
0	
0	
0	
0	
0	
0	
0	
0	
0	
0	
0	
0	
0	
0	
0	
0	
0	
0	
0	
0	
0	
0	

0	
0	
0	
1	
0	
0	
1	
0	
0	
0	
0	
0	
0	
0	
2	
0	
0	
0	
0	
0	
0	
1	
0	
1	
0	
1	
1	
0	
0	
0	
0	
0	
0	
1	
1	
0	
0	
0	
0	
1	
1	
0	
0	
0	
0	
0	
0	
0	
1	
0	
0	
0	
0	
0	
0	
0	
0	
1	
1	
1	
0	
0	
0	
0	
0	
1	
1	
0	
0	
1	
1	
0	
0	
0	
1	
1	
0	
0	
0	
0	
1	
0	
1	
1	
0	
0	
0	
0	
0	
0	
0	
0	
0	
0	
0	
0	
0	
0	
0	
0	
1	
1	
0	
1	
0	
0	
0	
0	
0	
1	
0	
0	
0	
0	
0	
1	
0	
0	
1	
0	
1	
1	
1	
0	
0	
1	
0	
0	
1	
1	
0	
0	
0	
1	
0	
1	
0	
0	
0	
1	
1	
0	
1	
0	
0	
0	
0	
0	
0	
0	
0	
0	

]

ExternalEquipmentRentingCost: [
4888	4048	1552	3103	5651	4542	2647	4148	4689	5005	1959	2339	1785	3731	4328	4120	1573	4845	2450	5518	3567	4892	3364	2950	2244	3282	3395	1948	1439	1775	1146	5496	3605	3267	2420	3005	3846	4076	1269	5747	2055	3802	5166	4480	2546	1580	5693	3620	2322	3870	5623	4045	5516	5268	1459	2284	3669	2354	2361	1023	3590	3888	4891	2570	1060	5859	2993	2028	1053	4129	4235	5527	1277	4210	2238	2078	2479	5735	3731	3924	4725	1956	4019	2346	2264	4178	4061	1078	5341	2873	1459	1692	1498	1510	1311	1197	1472	1543	3392	2706	5143	5358	4838	1336	1599	2567	3222	5946	5107	2286	4055	3484	5796	1865	1959	1887	2180	5604	1123	1922	3543	2990	4966	5582	5748	5178	4086	1931	5430	5980	4501	3321	5780	5098	4198	3357	4913	4426	3346	5557	1901	4798	1007	5873	5911	4356	5603	5256	1451	2826	4870	3950	
5033	3026	4117	2312	3681	5339	5063	5501	5285	1263	1057	2926	5304	1152	3166	2996	1273	1938	5993	5942	2028	5302	4345	1589	5602	1682	2902	3264	3672	1329	1972	3888	3710	5558	3717	2449	3817	3589	4616	3632	5430	5455	5134	4310	1195	1896	5954	4111	3785	4773	1025	1287	3157	1274	5300	1828	3132	1661	3732	5055	4970	2563	5753	2198	3502	3007	2053	5154	2804	2472	3172	4152	5336	5089	2391	3614	5280	3877	3810	2201	5531	4136	4457	4264	3190	5613	5281	3950	3160	5495	4012	1064	4217	5358	2930	3729	3333	4126	3492	4836	3047	1953	3856	4954	4234	4307	3813	4580	3152	4789	1521	1323	4747	4436	1530	3460	2462	4695	1521	5041	5003	3890	3615	2713	3641	3342	5803	3315	4734	1768	5556	5577	1312	2125	4590	1063	3883	5203	2215	1359	5418	1405	4811	2717	1118	2816	1976	2333	3087	1701	5961	4127	
2967	5385	1091	1058	5706	5656	1478	2678	5026	5090	1004	3332	3044	4271	4485	1358	5690	4532	3575	4071	1219	4429	4798	5232	4063	1505	1852	2286	2804	4677	2178	4740	4441	4766	1121	1822	4906	1994	1561	3945	3216	3123	2319	5701	3698	5709	5141	1088	2198	4660	3675	2659	5695	3887	3298	2223	3439	5242	4258	5596	5280	3157	1781	5548	3089	1266	3642	4812	5951	3836	2311	2183	3322	5221	5303	3887	1994	2787	3785	5770	2799	4603	2637	4028	1763	5759	4048	1292	1281	4595	4548	2320	4026	3031	3956	3885	2226	4734	2779	1463	3266	4861	4141	4451	5141	4842	2429	2502	5387	5056	3874	4653	2218	2206	1490	1886	5349	3347	4515	1539	3988	5874	2969	1887	5912	1670	1648	1538	3895	1577	1782	4572	2907	4652	5102	5158	5894	3444	4119	3543	5690	5923	4359	1050	2308	5009	5458	1162	2582	1432	3359	5372	
]

EquipmentTypeTransportationCost: [
1	5451	5156	5099	5350	4476	5073	5618	4495	5084	
5451	1	4284	4248	3940	5502	4473	3872	5456	4400	
5156	4284	1	3997	3719	5163	3996	4862	4995	1000	
5099	4248	3997	1	3937	5234	3751	4578	5124	4099	
5350	3940	3719	3937	1	5243	4121	4535	5135	3802	
4476	5502	5163	5234	5243	1	4883	5648	1000	5154	
5073	4473	3996	3751	4121	4883	1	4835	4956	3970	
5618	3872	4862	4578	4535	5648	4835	1	5618	4733	
4495	5456	4995	5124	5135	1000	4956	5618	1	5079	
5084	4400	1000	4099	3802	5154	3970	4733	5079	1	

1	4973	4937	4768	5021	4113	4597	5252	4129	4827	
4973	1	4116	3877	3727	5084	4359	3723	4987	4037	
4937	4116	1	3747	3555	4701	3773	4369	4687	1000	
4768	3877	3747	1	3657	4922	3428	4323	4762	3731	
5021	3727	3555	3657	1	4956	3802	4212	4792	3444	
4113	5084	4701	4922	4956	1	4619	5282	1000	4730	
4597	4359	3773	3428	3802	4619	1	4456	4642	3837	
5252	3723	4369	4323	4212	5282	4456	1	5261	4395	
4129	4987	4687	4762	4792	1000	4642	5261	1	4829	
4827	4037	1000	3731	3444	4730	3837	4395	4829	1	

1	3976	3806	3809	3874	3353	3603	4158	3388	3736	
3976	1	3258	3172	2948	3959	3408	2865	4029	3300	
3806	3258	1	3042	2780	3729	2979	3541	3702	1000	
3809	3172	3042	1	3020	3803	2837	3440	3877	2987	
3874	2948	2780	3020	1	3853	3136	3349	3881	2854	
3353	3959	3729	3803	3853	1	3724	4022	1000	3721	
3603	3408	2979	2837	3136	3724	1	3529	3687	3045	
4158	2865	3541	3440	3349	4022	3529	1	4089	3520	
3388	4029	3702	3877	3881	1000	3687	4089	1	3734	
3736	3300	1000	2987	2854	3721	3045	3520	3734	1	

]

TransportationTimeForEquipmentTypeBetweenProjects: [
1	6	3	3	3	1	3	6	1	3	
6	1	1	1	1	6	1	1	6	1	
3	1	1	1	1	3	1	3	3	1	
3	1	1	1	1	3	1	1	3	1	
3	1	1	1	1	3	1	1	3	1	
1	6	3	3	3	1	3	6	1	3	
3	1	1	1	1	3	1	3	3	1	
6	1	3	1	1	6	3	1	6	3	
1	6	3	3	3	1	3	6	1	3	
3	1	1	1	1	3	1	3	3	1	

1	5	3	3	3	1	3	5	1	3	
5	1	1	1	1	5	1	1	5	1	
3	1	1	1	1	3	1	3	3	1	
3	1	1	1	1	3	1	1	3	1	
3	1	1	1	1	3	1	1	3	1	
1	5	3	3	3	1	3	5	1	3	
3	1	1	1	1	3	1	3	3	1	
5	1	3	1	1	5	3	1	5	3	
1	5	3	3	3	1	3	5	1	3	
3	1	1	1	1	3	1	3	3	1	

1	4	3	3	3	1	3	4	1	3	
4	1	1	1	1	4	1	1	4	1	
3	1	1	1	1	3	1	3	3	1	
3	1	1	1	1	3	1	1	3	1	
3	1	1	1	1	3	1	1	3	1	
1	4	3	3	3	1	3	4	1	3	
3	1	1	1	1	3	1	3	3	1	
4	1	3	1	1	4	3	1	4	3	
1	4	3	3	3	1	3	4	1	3	
3	1	1	1	1	3	1	3	3	1	

]

TotalNumberOfInitialEquipmentTypeLocation: [
(1 1) 1 (1 31) 1 (1 92) 1 (1 137) 1 
(2 1) 1 (2 137) 1 
(3 31) 1 (3 92) 2 (3 107) 1 
]

DepotActivities: [ 1 14 31 48 64 77 92 107 125 137 ]

MaximalStintCliques: [
[ 2 7 40 45 59 3 36 8 41 13 51 46 21 30 ]
[ 2 7 40 45 12 35 50 1 6 39 44 57 19 28 ]
[ 2 7 40 45 12 35 50 1 6 39 44 34 11 49 18 27 56 ]
[ 2 7 40 45 12 35 50 3 36 8 41 13 46 58 51 20 29 ]
[ 4 9 14 37 42 47 52 33 5 38 10 43 15 62 53 24 48 ]
[ 4 9 14 37 42 47 52 3 8 41 46 36 13 51 60 22 31 ]
[ 4 9 14 37 42 47 52 3 8 41 46 61 23 32 ]
[ 16 1 34 6 39 11 49 25 44 54 ]
[ 17 1 34 6 39 11 49 26 44 55 ]
]
