nEmployees: 90
nSkills: 4
nProjects: 10
nDays: 90
nActivities: 176
nEquipmentTypes: 6
nStints: 76
nMaxModes: 3
nStintCliques: 13

EmployeeInStintCost: [
35356 35356 35356 35356 35356 30220 13448 13633 13633 13633 13633 13633 13633 13633 13633 13633 13633 13633 13633 12991 38786 38786 38786 38786 38786 33650 15110 31554 31554 31554 31554 31554 26418 11366 35798 35798 35798 35798 35798 30662 12234 42420 42420 42420 42420 42420 37284 17920 14920 14920 14920 14920 14920 14278 5290 31974 31974 31974 31974 31974 26838 11546 28208 28208 28208 28208 28208 27566 12482 27060 27060 27060 27060 27060 26418 11784 
38520 38520 38520 38520 38520 32904 15292 15937 15937 15937 15937 15937 15937 15937 15937 15937 15937 15937 15937 15235 42350 42350 42350 42350 42350 36734 17354 35150 35150 35150 35150 35150 29534 13642 39442 39442 39442 39442 39442 33826 14558 42080 42080 42080 42080 42080 36464 16260 32260 32260 32260 32260 32260 31558 13444 35570 35570 35570 35570 35570 29954 13822 30624 30624 30624 30624 30624 29922 13998 29404 29404 29404 29404 29404 28702 13228 
36652 36652 36652 36652 36652 31132 13688 13921 13921 13921 13921 13921 13921 13921 13921 13921 13921 13921 13921 13231 40082 40082 40082 40082 40082 34562 15350 32850 32850 32850 32850 32850 27330 11606 37094 37094 37094 37094 37094 31574 12474 43716 43716 43716 43716 43716 38196 18160 15880 15880 15880 15880 15880 15190 5530 33270 33270 33270 33270 33270 27750 11786 29168 29168 29168 29168 29168 28478 12722 28020 28020 28020 28020 28020 27330 12024 
32314 32314 32314 32314 32314 27226 10538 10717 10717 10717 10717 10717 10717 10717 10717 10717 10717 10717 10717 10081 35744 35744 35744 35744 35744 30656 12200 23172 23172 23172 23172 23172 18084 9180 35452 35452 35452 35452 35452 30364 12020 45250 45250 45250 45250 45250 40162 20882 32668 32668 32668 32668 32668 32032 14842 23172 23172 23172 23172 23172 18084 9180 26648 26648 26648 26648 26648 26012 11012 25884 25884 25884 25884 25884 25248 10698 
36764 36764 36764 36764 36764 31436 14328 14633 14633 14633 14633 14633 14633 14633 14633 14633 14633 14633 14633 13967 40290 40290 40290 40290 40290 34962 16086 33058 33058 33058 33058 33058 27730 12342 37278 37278 37278 37278 37278 31950 13186 42220 42220 42220 42220 42220 36892 17192 16400 16400 16400 16400 16400 15734 6410 33478 33478 33478 33478 33478 28150 12522 29312 29312 29312 29312 29312 28646 13226 28132 28132 28132 28132 28132 27466 12496 
32304 32304 32304 32304 32304 27264 10660 7860 7860 7860 7860 7860 7860 7860 7860 7860 7860 7860 7860 7230 21090 21090 21090 21090 21090 16050 7230 20890 20890 20890 20890 20890 15850 7030 35842 35842 35842 35842 35842 30802 12542 46056 46056 46056 46056 46056 41016 21820 33476 33476 33476 33476 33476 32846 15740 20890 20890 20890 20890 20890 15850 7030 27432 27432 27432 27432 27432 26802 11886 26732 26732 26732 26732 26732 26102 11636 
35014 35014 35014 35014 35014 30022 13502 13837 13837 13837 13837 13837 13837 13837 13837 13837 13837 13837 13837 13213 38612 38612 38612 38612 38612 33620 15332 31396 31396 31396 31396 31396 26404 11604 35688 35688 35688 35688 35688 30696 12520 41606 41606 41606 41606 41606 36614 17502 12480 12480 12480 12480 12480 11856 3120 31816 31816 31816 31816 31816 26824 11784 27872 27872 27872 27872 27872 27248 12416 26692 26692 26692 26692 26692 26068 11686 
32676 32676 32676 32676 32676 27540 10768 12321 12321 12321 12321 12321 12321 12321 12321 12321 12321 12321 12321 11679 37474 37474 37474 37474 37474 32338 13798 30890 30890 30890 30890 30890 25754 10702 36702 36702 36702 36702 36702 31566 13138 44660 44660 44660 44660 44660 39524 20160 32612 32612 32612 32612 32612 31970 14696 31310 31310 31310 31310 31310 26174 10882 12840 12840 12840 12840 12840 12198 3210 14440 14440 14440 14440 14440 13798 4810 
35362 35362 35362 35362 35362 29890 12530 12069 12069 12069 12069 12069 12069 12069 12069 12069 12069 12069 12069 11385 38104 38104 38104 38104 38104 32632 13504 30816 30816 30816 30816 30816 25344 9704 18468 18468 18468 18468 18468 12996 3420 45482 45482 45482 45482 45482 40010 20058 32572 32572 32572 32572 32572 31888 14026 31236 31236 31236 31236 31236 25764 9884 28720 28720 28720 28720 28720 28036 12364 27748 27748 27748 27748 27748 27064 11842 
31866 31866 31866 31866 31866 26970 10618 12141 12141 12141 12141 12141 12141 12141 12141 12141 12141 12141 12141 11529 36664 36664 36664 36664 36664 31768 13648 30080 30080 30080 30080 30080 25184 10552 35892 35892 35892 35892 35892 30996 12988 43850 43850 43850 43850 43850 38954 20010 32012 32012 32012 32012 32012 31400 14546 30500 30500 30500 30500 30500 25604 10732 12240 12240 12240 12240 12240 11628 3060 13840 13840 13840 13840 13840 13228 4660 
34734 34734 34734 34734 34734 28974 11110 8400 8400 8400 8400 8400 8400 8400 8400 8400 8400 8400 8400 7680 23520 23520 23520 23520 23520 17760 7680 23320 23320 23320 23320 23320 17560 7480 38272 38272 38272 38272 38272 32512 12992 48486 48486 48486 48486 48486 42726 22270 35276 35276 35276 35276 35276 34556 16190 23320 23320 23320 23320 23320 17560 7480 29232 29232 29232 29232 29232 28512 12336 28532 28532 28532 28532 28532 27812 12086 
32190 32190 32190 32190 32190 27198 10678 12213 12213 12213 12213 12213 12213 12213 12213 12213 12213 12213 12213 11589 36988 36988 36988 36988 36988 31996 13708 30404 30404 30404 30404 30404 25412 10612 36216 36216 36216 36216 36216 31224 13048 44174 44174 44174 44174 44174 39182 20070 32252 32252 32252 32252 32252 31628 14606 30824 30824 30824 30824 30824 25832 10792 12480 12480 12480 12480 12480 11856 3120 14080 14080 14080 14080 14080 13456 4720 
38222 38222 38222 38222 38222 32462 14598 14957 14957 14957 14957 14957 14957 14957 14957 14957 14957 14957 14957 14237 41748 41748 41748 41748 41748 35988 16356 34516 34516 34516 34516 34516 28756 12612 38736 38736 38736 38736 38736 32976 13456 43678 43678 43678 43678 43678 37918 17462 17480 17480 17480 17480 17480 16760 6680 34936 34936 34936 34936 34936 29176 12792 30392 30392 30392 30392 30392 29672 13496 29212 29212 29212 29212 29212 28492 12766 
37544 37544 37544 37544 37544 31928 14316 14961 14961 14961 14961 14961 14961 14961 14961 14961 14961 14961 14961 14259 41374 41374 41374 41374 41374 35758 16378 34198 34198 34198 34198 34198 28582 12690 38546 38546 38546 38546 38546 32930 13662 43064 43064 43064 43064 43064 37448 17244 17920 17920 17920 17920 17920 17218 7390 34618 34618 34618 34618 34618 29002 12870 29688 29688 29688 29688 29688 28986 13062 28484 28484 28484 28484 28484 27782 12308 
32178 32178 32178 32178 32178 27282 10930 12349 12349 12349 12349 12349 12349 12349 12349 12349 12349 12349 12349 11737 36872 36872 36872 36872 36872 31976 13856 30200 30200 30200 30200 30200 25304 10672 35820 35820 35820 35820 35820 30924 12916 43530 43530 43530 43530 43530 38634 19690 31732 31732 31732 31732 31732 31120 14266 30620 30620 30620 30620 30620 25724 10852 13840 13840 13840 13840 13840 13228 4660 12240 12240 12240 12240 12240 11628 3060 
43786 43786 43786 43786 43786 38314 20954 21941 21941 21941 21941 21941 21941 21941 21941 21941 21941 21941 21941 21257 47976 47976 47976 47976 47976 42504 23376 40824 40824 40824 40824 40824 35352 19712 45148 45148 45148 45148 45148 39676 20660 38570 38570 38570 38570 38570 33098 13146 38092 38092 38092 38092 38092 37408 19546 41244 41244 41244 41244 41244 35772 19892 35856 35856 35856 35856 35856 35172 19500 34636 34636 34636 34636 34636 33952 18730 
35288 35288 35288 35288 35288 29864 12588 12233 12233 12233 12233 12233 12233 12233 12233 12233 12233 12233 12233 11555 38142 38142 38142 38142 38142 32718 13674 30862 30862 30862 30862 30862 25438 9882 19386 19386 19386 19386 19386 13962 4470 45104 45104 45104 45104 45104 39680 19812 32236 32236 32236 32236 32236 31558 13780 31282 31282 31282 31282 31282 25858 10062 28568 28568 28568 28568 28568 27890 12302 27580 27580 27580 27580 27580 26902 11764 
34708 34708 34708 34708 34708 29764 13328 13489 13489 13489 13489 13489 13489 13489 13489 13489 13489 13489 13489 12871 38138 38138 38138 38138 38138 33194 14990 30906 30906 30906 30906 30906 25962 11246 35150 35150 35150 35150 35150 30206 12114 41772 41772 41772 41772 41772 36828 17800 14440 14440 14440 14440 14440 13822 5170 31326 31326 31326 31326 31326 26382 11426 27728 27728 27728 27728 27728 27110 12362 26580 26580 26580 26580 26580 25962 11664 
42490 42490 42490 42490 42490 37402 20714 21653 21653 21653 21653 21653 21653 21653 21653 21653 21653 21653 21653 21017 46680 46680 46680 46680 46680 41592 23136 39528 39528 39528 39528 39528 34440 19472 43852 43852 43852 43852 43852 38764 20420 37274 37274 37274 37274 37274 32186 12906 37132 37132 37132 37132 37132 36496 19306 39948 39948 39948 39948 39948 34860 19652 34896 34896 34896 34896 34896 34260 19260 33676 33676 33676 33676 33676 33040 18490 
34154 34154 34154 34154 34154 29066 12378 11981 11981 11981 11981 11981 11981 11981 11981 11981 11981 11981 11981 11345 37008 37008 37008 37008 37008 31920 13464 29728 29728 29728 29728 29728 24640 9672 18252 18252 18252 18252 18252 13164 4260 43970 43970 43970 43970 43970 38882 19602 31396 31396 31396 31396 31396 30760 13570 30148 30148 30148 30148 30148 25060 9852 27728 27728 27728 27728 27728 27092 12092 26740 26740 26740 26740 26740 26104 11554 
33742 33742 33742 33742 33742 28750 12230 11709 11709 11709 11709 11709 11709 11709 11709 11709 11709 11709 11709 11085 36484 36484 36484 36484 36484 31492 13204 29196 29196 29196 29196 29196 24204 9404 16848 16848 16848 16848 16848 11856 3120 43862 43862 43862 43862 43862 38870 19758 31372 31372 31372 31372 31372 30748 13726 29616 29616 29616 29616 29616 24624 9584 27520 27520 27520 27520 27520 26896 12064 26548 26548 26548 26548 26548 25924 11542 
35560 35560 35560 35560 35560 30328 13388 14313 14313 14313 14313 14313 14313 14313 14313 14313 14313 14313 14313 13659 39718 39718 39718 39718 39718 34486 15778 32654 32654 32654 32654 32654 27422 12202 37258 37258 37258 37258 37258 32026 13430 42360 42360 42360 42360 42360 37128 17596 30948 30948 30948 30948 30948 30294 12852 33074 33074 33074 33074 33074 27842 12382 27920 27920 27920 27920 27920 27266 12014 26700 26700 26700 26700 26700 26046 11244 
36652 36652 36652 36652 36652 31132 13688 13921 13921 13921 13921 13921 13921 13921 13921 13921 13921 13921 13921 13231 40082 40082 40082 40082 40082 34562 15350 32850 32850 32850 32850 32850 27330 11606 37094 37094 37094 37094 37094 31574 12474 43716 43716 43716 43716 43716 38196 18160 15880 15880 15880 15880 15880 15190 5530 33270 33270 33270 33270 33270 27750 11786 29168 29168 29168 29168 29168 28478 12722 28020 28020 28020 28020 28020 27330 12024 
34708 34708 34708 34708 34708 29764 13328 13489 13489 13489 13489 13489 13489 13489 13489 13489 13489 13489 13489 12871 38138 38138 38138 38138 38138 33194 14990 30906 30906 30906 30906 30906 25962 11246 35150 35150 35150 35150 35150 30206 12114 41772 41772 41772 41772 41772 36828 17800 14440 14440 14440 14440 14440 13822 5170 31326 31326 31326 31326 31326 26382 11426 27728 27728 27728 27728 27728 27110 12362 26580 26580 26580 26580 26580 25962 11664 
33480 33480 33480 33480 33480 28248 11308 3924 3924 3924 3924 3924 3924 3924 3924 3924 3924 3924 3924 3270 17658 17658 17658 17658 17658 12426 3270 23578 23578 23578 23578 23578 18346 9190 37098 37098 37098 37098 37098 31866 13270 47464 47464 47464 47464 47464 42232 22700 34700 34700 34700 34700 34700 34046 16604 23578 23578 23578 23578 23578 18346 9190 28696 28696 28696 28696 28696 28042 12790 28004 28004 28004 28004 28004 27350 12548 
34802 34802 34802 34802 34802 29522 12498 12125 12125 12125 12125 12125 12125 12125 12125 12125 12125 12125 12125 11465 37656 37656 37656 37656 37656 32376 13584 30376 30376 30376 30376 30376 25096 9792 18900 18900 18900 18900 18900 13620 4380 44618 44618 44618 44618 44618 39338 19722 31876 31876 31876 31876 31876 31216 13690 30796 30796 30796 30796 30796 25516 9972 28208 28208 28208 28208 28208 27548 12212 27220 27220 27220 27220 27220 26560 11674 
41742 41742 41742 41742 41742 36750 20230 20821 20821 20821 20821 20821 20821 20821 20821 20821 20821 20821 20821 20197 45596 45596 45596 45596 45596 40604 22316 38372 38372 38372 38372 38372 33380 18580 42584 42584 42584 42584 42584 37592 19416 19448 19448 19448 19448 19448 14456 5720 36036 36036 36036 36036 36036 35412 18390 38792 38792 38792 38792 38792 33800 18760 34296 34296 34296 34296 34296 33672 18840 33076 33076 33076 33076 33076 32452 18070 
35774 35774 35774 35774 35774 30206 12678 12341 12341 12341 12341 12341 12341 12341 12341 12341 12341 12341 12341 11645 38628 38628 38628 38628 38628 33060 13764 31348 31348 31348 31348 31348 25780 9972 19872 19872 19872 19872 19872 14304 4560 45590 45590 45590 45590 45590 40022 19902 32596 32596 32596 32596 32596 31900 13870 31768 31768 31768 31768 31768 26200 10152 28928 28928 28928 28928 28928 28232 12392 27940 27940 27940 27940 27940 27244 11854 
36464 36464 36464 36464 36464 31424 14820 15489 15489 15489 15489 15489 15489 15489 15489 15489 15489 15489 15489 14859 40390 40390 40390 40390 40390 35350 16978 33222 33222 33222 33222 33222 28182 13298 37554 37554 37554 37554 37554 32514 14254 40192 40192 40192 40192 40192 35152 15956 30876 30876 30876 30876 30876 30246 13140 33642 33642 33642 33642 33642 28602 13478 29024 29024 29024 29024 29024 28394 13478 27804 27804 27804 27804 27804 27174 12708 
35194 35194 35194 35194 35194 30106 13418 13597 13597 13597 13597 13597 13597 13597 13597 13597 13597 13597 13597 12961 38624 38624 38624 38624 38624 33536 15080 31392 31392 31392 31392 31392 26304 11336 35636 35636 35636 35636 35636 30548 12204 42258 42258 42258 42258 42258 37170 17890 14800 14800 14800 14800 14800 14164 5260 31812 31812 31812 31812 31812 26724 11516 28088 28088 28088 28088 28088 27452 12452 26940 26940 26940 26940 26940 26304 11754 
34446 34446 34446 34446 34446 28878 11350 12853 12853 12853 12853 12853 12853 12853 12853 12853 12853 12853 12853 12157 39140 39140 39140 39140 39140 33572 14276 32468 32468 32468 32468 32468 26900 11092 38088 38088 38088 38088 38088 32520 13336 45798 45798 45798 45798 45798 40230 20110 33412 33412 33412 33412 33412 32716 14686 32888 32888 32888 32888 32888 27320 11272 15520 15520 15520 15520 15520 14824 5080 13920 13920 13920 13920 13920 13224 3480 
39330 39330 39330 39330 39330 33474 15442 16117 16117 16117 16117 16117 16117 16117 16117 16117 16117 16117 16117 15385 43160 43160 43160 43160 43160 37304 17504 35960 35960 35960 35960 35960 30104 13792 40252 40252 40252 40252 40252 34396 14708 42890 42890 42890 42890 42890 37034 16410 32860 32860 32860 32860 32860 32128 13594 36380 36380 36380 36380 36380 30524 13972 31224 31224 31224 31224 31224 30492 14148 30004 30004 30004 30004 30004 29272 13378 
37018 37018 37018 37018 37018 31354 13658 14637 14637 14637 14637 14637 14637 14637 14637 14637 14637 14637 14637 13929 41176 41176 41176 41176 41176 35512 16048 34112 34112 34112 34112 34112 28448 12472 38716 38716 38716 38716 38716 33052 13700 43818 43818 43818 43818 43818 38154 17866 32028 32028 32028 32028 32028 31320 13122 34532 34532 34532 34532 34532 28868 12652 29000 29000 29000 29000 29000 28292 12284 27780 27780 27780 27780 27780 27072 11514 
34776 34776 34776 34776 34776 29160 11548 4212 4212 4212 4212 4212 4212 4212 4212 4212 4212 4212 4212 3510 18954 18954 18954 18954 18954 13338 3510 24874 24874 24874 24874 24874 19258 9430 38394 38394 38394 38394 38394 32778 13510 48760 48760 48760 48760 48760 43144 22940 35660 35660 35660 35660 35660 34958 16844 24874 24874 24874 24874 24874 19258 9430 29656 29656 29656 29656 29656 28954 13030 28964 28964 28964 28964 28964 28262 12788 
18468 18468 18468 18468 18468 12996 3420 11349 11349 11349 11349 11349 11349 11349 11349 11349 11349 11349 11349 10665 37384 37384 37384 37384 37384 31912 12784 31432 31432 31432 31432 31432 25960 10320 38260 38260 38260 38260 38260 32788 13772 47450 47450 47450 47450 47450 41978 22026 34796 34796 34796 34796 34796 34112 16250 31852 31852 31852 31852 31852 26380 10500 27592 27592 27592 27592 27592 26908 11236 27004 27004 27004 27004 27004 26320 11098 
43848 43848 43848 43848 43848 38232 20620 21289 21289 21289 21289 21289 21289 21289 21289 21289 21289 21289 21289 20587 47702 47702 47702 47702 47702 42086 22706 40478 40478 40478 40478 40478 34862 18970 44690 44690 44690 44690 44690 39074 19806 21554 21554 21554 21554 21554 15938 6110 37596 37596 37596 37596 37596 36894 18780 40898 40898 40898 40898 40898 35282 19150 35856 35856 35856 35856 35856 35154 19230 34636 34636 34636 34636 34636 33934 18460 
43300 43300 43300 43300 43300 37972 20864 21833 21833 21833 21833 21833 21833 21833 21833 21833 21833 21833 21833 21167 47490 47490 47490 47490 47490 42162 23286 40338 40338 40338 40338 40338 35010 19622 44662 44662 44662 44662 44662 39334 20570 38084 38084 38084 38084 38084 32756 13056 37732 37732 37732 37732 37732 37066 19456 40758 40758 40758 40758 40758 35430 19802 35496 35496 35496 35496 35496 34830 19410 34276 34276 34276 34276 34276 33610 18640 
34154 34154 34154 34154 34154 29066 12378 11981 11981 11981 11981 11981 11981 11981 11981 11981 11981 11981 11981 11345 37008 37008 37008 37008 37008 31920 13464 29728 29728 29728 29728 29728 24640 9672 18252 18252 18252 18252 18252 13164 4260 43970 43970 43970 43970 43970 38882 19602 31396 31396 31396 31396 31396 30760 13570 30148 30148 30148 30148 30148 25060 9852 27728 27728 27728 27728 27728 27092 12092 26740 26740 26740 26740 26740 26104 11554 
33898 33898 33898 33898 33898 29194 13178 13309 13309 13309 13309 13309 13309 13309 13309 13309 13309 13309 13309 12721 37328 37328 37328 37328 37328 32624 14840 30096 30096 30096 30096 30096 25392 11096 34340 34340 34340 34340 34340 29636 11964 40962 40962 40962 40962 40962 36258 17650 13840 13840 13840 13840 13840 13252 5020 30516 30516 30516 30516 30516 25812 11276 27128 27128 27128 27128 27128 26540 12212 25980 25980 25980 25980 25980 25392 11514 
17982 17982 17982 17982 17982 12654 3330 11241 11241 11241 11241 11241 11241 11241 11241 11241 11241 11241 11241 10575 36898 36898 36898 36898 36898 31570 12694 30946 30946 30946 30946 30946 25618 10230 37774 37774 37774 37774 37774 32446 13682 46964 46964 46964 46964 46964 41636 21936 34436 34436 34436 34436 34436 33770 16160 31366 31366 31366 31366 31366 26038 10410 27232 27232 27232 27232 27232 26566 11146 26644 26644 26644 26644 26644 25978 11008 
42490 42490 42490 42490 42490 37402 20714 21653 21653 21653 21653 21653 21653 21653 21653 21653 21653 21653 21653 21017 46680 46680 46680 46680 46680 41592 23136 39528 39528 39528 39528 39528 34440 19472 43852 43852 43852 43852 43852 38764 20420 37274 37274 37274 37274 37274 32186 12906 37132 37132 37132 37132 37132 36496 19306 39948 39948 39948 39948 39948 34860 19652 34896 34896 34896 34896 34896 34260 19260 33676 33676 33676 33676 33676 33040 18490 
33448 33448 33448 33448 33448 28024 10748 10969 10969 10969 10969 10969 10969 10969 10969 10969 10969 10969 10969 10291 36878 36878 36878 36878 36878 31454 12410 24306 24306 24306 24306 24306 18882 9390 36586 36586 36586 36586 36586 31162 12230 46384 46384 46384 46384 46384 40960 21092 33508 33508 33508 33508 33508 32830 15052 24306 24306 24306 24306 24306 18882 9390 27488 27488 27488 27488 27488 26810 11222 26724 26724 26724 26724 26724 26046 10908 
33448 33448 33448 33448 33448 28024 10748 10969 10969 10969 10969 10969 10969 10969 10969 10969 10969 10969 10969 10291 36878 36878 36878 36878 36878 31454 12410 24306 24306 24306 24306 24306 18882 9390 36586 36586 36586 36586 36586 31162 12230 46384 46384 46384 46384 46384 40960 21092 33508 33508 33508 33508 33508 32830 15052 24306 24306 24306 24306 24306 18882 9390 27488 27488 27488 27488 27488 26810 11222 26724 26724 26724 26724 26724 26046 10908 
44596 44596 44596 44596 44596 38884 21104 22121 22121 22121 22121 22121 22121 22121 22121 22121 22121 22121 22121 21407 48786 48786 48786 48786 48786 43074 23526 41634 41634 41634 41634 41634 35922 19862 45958 45958 45958 45958 45958 40246 20810 39380 39380 39380 39380 39380 33668 13296 38692 38692 38692 38692 38692 37978 19696 42054 42054 42054 42054 42054 36342 20042 36456 36456 36456 36456 36456 35742 19650 35236 35236 35236 35236 35236 34522 18880 
35118 35118 35118 35118 35118 30510 14662 15181 15181 15181 15181 15181 15181 15181 15181 15181 15181 15181 15181 14605 38948 38948 38948 38948 38948 34340 16724 31748 31748 31748 31748 31748 27140 13012 36040 36040 36040 36040 36040 31432 13928 38678 38678 38678 38678 38678 34070 15630 29740 29740 29740 29740 29740 29164 12814 32168 32168 32168 32168 32168 27560 13192 28104 28104 28104 28104 28104 27528 13368 26884 26884 26884 26884 26884 26308 12598 
32534 32534 32534 32534 32534 27926 12078 11621 11621 11621 11621 11621 11621 11621 11621 11621 11621 11621 11621 11045 35388 35388 35388 35388 35388 30780 13164 28108 28108 28108 28108 28108 23500 9372 16632 16632 16632 16632 16632 12024 3960 42350 42350 42350 42350 42350 37742 19302 30196 30196 30196 30196 30196 29620 13270 28528 28528 28528 28528 28528 23920 9552 26528 26528 26528 26528 26528 25952 11792 25540 25540 25540 25540 25540 24964 11254 
33960 33960 33960 33960 33960 28536 11260 12745 12745 12745 12745 12745 12745 12745 12745 12745 12745 12745 12745 12067 38654 38654 38654 38654 38654 33230 14186 31982 31982 31982 31982 31982 26558 11002 37602 37602 37602 37602 37602 32178 13246 45312 45312 45312 45312 45312 39888 20020 33052 33052 33052 33052 33052 32374 14596 32402 32402 32402 32402 32402 26978 11182 15160 15160 15160 15160 15160 14482 4990 13560 13560 13560 13560 13560 12882 3390 
36046 36046 36046 36046 36046 30670 13478 14421 14421 14421 14421 14421 14421 14421 14421 14421 14421 14421 14421 13749 40204 40204 40204 40204 40204 34828 15868 33140 33140 33140 33140 33140 27764 12292 37744 37744 37744 37744 37744 32368 13520 42846 42846 42846 42846 42846 37470 17686 31308 31308 31308 31308 31308 30636 12942 33560 33560 33560 33560 33560 28184 12472 28280 28280 28280 28280 28280 27608 12104 27060 27060 27060 27060 27060 26388 11334 
37220 37220 37220 37220 37220 31700 14256 14889 14889 14889 14889 14889 14889 14889 14889 14889 14889 14889 14889 14199 41050 41050 41050 41050 41050 35530 16318 33874 33874 33874 33874 33874 28354 12630 38222 38222 38222 38222 38222 32702 13602 42740 42740 42740 42740 42740 37220 17184 17680 17680 17680 17680 17680 16990 7330 34294 34294 34294 34294 34294 28774 12810 29448 29448 29448 29448 29448 28758 13002 28244 28244 28244 28244 28244 27554 12248 
35194 35194 35194 35194 35194 30106 13418 13597 13597 13597 13597 13597 13597 13597 13597 13597 13597 13597 13597 12961 38624 38624 38624 38624 38624 33536 15080 31392 31392 31392 31392 31392 26304 11336 35636 35636 35636 35636 35636 30548 12204 42258 42258 42258 42258 42258 37170 17890 14800 14800 14800 14800 14800 14164 5260 31812 31812 31812 31812 31812 26724 11516 28088 28088 28088 28088 28088 27452 12452 26940 26940 26940 26940 26940 26304 11754 
37872 37872 37872 37872 37872 32448 15172 15793 15793 15793 15793 15793 15793 15793 15793 15793 15793 15793 15793 15115 41702 41702 41702 41702 41702 36278 17234 34502 34502 34502 34502 34502 29078 13522 38794 38794 38794 38794 38794 33370 14438 41432 41432 41432 41432 41432 36008 16140 31780 31780 31780 31780 31780 31102 13324 34922 34922 34922 34922 34922 29498 13702 30144 30144 30144 30144 30144 29466 13878 28924 28924 28924 28924 28924 28246 13108 
33480 33480 33480 33480 33480 28248 11308 3924 3924 3924 3924 3924 3924 3924 3924 3924 3924 3924 3924 3270 17658 17658 17658 17658 17658 12426 3270 23578 23578 23578 23578 23578 18346 9190 37098 37098 37098 37098 37098 31866 13270 47464 47464 47464 47464 47464 42232 22700 34700 34700 34700 34700 34700 34046 16604 23578 23578 23578 23578 23578 18346 9190 28696 28696 28696 28696 28696 28042 12790 28004 28004 28004 28004 28004 27350 12548 
34222 34222 34222 34222 34222 29422 13238 13381 13381 13381 13381 13381 13381 13381 13381 13381 13381 13381 13381 12781 37652 37652 37652 37652 37652 32852 14900 30420 30420 30420 30420 30420 25620 11156 34664 34664 34664 34664 34664 29864 12024 41286 41286 41286 41286 41286 36486 17710 14080 14080 14080 14080 14080 13480 5080 30840 30840 30840 30840 30840 26040 11336 27368 27368 27368 27368 27368 26768 12272 26220 26220 26220 26220 26220 25620 11574 
34628 34628 34628 34628 34628 29876 13776 14313 14313 14313 14313 14313 14313 14313 14313 14313 14313 14313 14313 13719 38458 38458 38458 38458 38458 33706 15838 31282 31282 31282 31282 31282 26530 12150 35630 35630 35630 35630 35630 30878 13122 40148 40148 40148 40148 40148 35396 16704 15760 15760 15760 15760 15760 15166 6850 31702 31702 31702 31702 31702 26950 12330 27528 27528 27528 27528 27528 26934 12522 26324 26324 26324 26324 26324 25730 11768 
43524 43524 43524 43524 43524 38004 20560 21217 21217 21217 21217 21217 21217 21217 21217 21217 21217 21217 21217 20527 47378 47378 47378 47378 47378 41858 22646 40154 40154 40154 40154 40154 34634 18910 44366 44366 44366 44366 44366 38846 19746 21230 21230 21230 21230 21230 15710 6050 37356 37356 37356 37356 37356 36666 18720 40574 40574 40574 40574 40574 35054 19090 35616 35616 35616 35616 35616 34926 19170 34396 34396 34396 34396 34396 33706 18400 
36572 36572 36572 36572 36572 31244 14136 14745 14745 14745 14745 14745 14745 14745 14745 14745 14745 14745 14745 14079 40402 40402 40402 40402 40402 35074 16198 33226 33226 33226 33226 33226 27898 12510 37574 37574 37574 37574 37574 32246 13482 42092 42092 42092 42092 42092 36764 17064 17200 17200 17200 17200 17200 16534 7210 33646 33646 33646 33646 33646 28318 12690 28968 28968 28968 28968 28968 28302 12882 27764 27764 27764 27764 27764 27098 12128 
33156 33156 33156 33156 33156 28020 11248 3852 3852 3852 3852 3852 3852 3852 3852 3852 3852 3852 3852 3210 17334 17334 17334 17334 17334 12198 3210 23254 23254 23254 23254 23254 18118 9130 36774 36774 36774 36774 36774 31638 13210 47140 47140 47140 47140 47140 42004 22640 34460 34460 34460 34460 34460 33818 16544 23254 23254 23254 23254 23254 18118 9130 28456 28456 28456 28456 28456 27814 12730 27764 27764 27764 27764 27764 27122 12488 
42044 42044 42044 42044 42044 36524 19080 20233 20233 20233 20233 20233 20233 20233 20233 20233 20233 20233 20233 19543 46394 46394 46394 46394 46394 40874 21662 39306 39306 39306 39306 39306 33786 18062 43718 43718 43718 43718 43718 38198 19098 39356 39356 39356 39356 39356 33836 13800 36636 36636 36636 36636 36636 35946 18000 39726 39726 39726 39726 39726 34206 18242 34064 34064 34064 34064 34064 33374 17618 32852 32852 32852 32852 32852 32162 16856 
37018 37018 37018 37018 37018 31354 13658 14637 14637 14637 14637 14637 14637 14637 14637 14637 14637 14637 14637 13929 41176 41176 41176 41176 41176 35512 16048 34112 34112 34112 34112 34112 28448 12472 38716 38716 38716 38716 38716 33052 13700 43818 43818 43818 43818 43818 38154 17866 32028 32028 32028 32028 32028 31320 13122 34532 34532 34532 34532 34532 28868 12652 29000 29000 29000 29000 29000 28292 12284 27780 27780 27780 27780 27780 27072 11514 
37342 37342 37342 37342 37342 31582 13718 14709 14709 14709 14709 14709 14709 14709 14709 14709 14709 14709 14709 13989 41500 41500 41500 41500 41500 35740 16108 34436 34436 34436 34436 34436 28676 12532 39040 39040 39040 39040 39040 33280 13760 44142 44142 44142 44142 44142 38382 17926 32268 32268 32268 32268 32268 31548 13182 34856 34856 34856 34856 34856 29096 12712 29240 29240 29240 29240 29240 28520 12344 28020 28020 28020 28020 28020 27300 11574 
32190 32190 32190 32190 32190 27198 10678 12213 12213 12213 12213 12213 12213 12213 12213 12213 12213 12213 12213 11589 36988 36988 36988 36988 36988 31996 13708 30404 30404 30404 30404 30404 25412 10612 36216 36216 36216 36216 36216 31224 13048 44174 44174 44174 44174 44174 39182 20070 32252 32252 32252 32252 32252 31628 14606 30824 30824 30824 30824 30824 25832 10792 12480 12480 12480 12480 12480 11856 3120 14080 14080 14080 14080 14080 13456 4720 
36576 36576 36576 36576 36576 31536 14932 15505 15505 15505 15505 15505 15505 15505 15505 15505 15505 15505 15505 14875 40406 40406 40406 40406 40406 35366 16994 33206 33206 33206 33206 33206 28166 13282 37498 37498 37498 37498 37498 32458 14198 40136 40136 40136 40136 40136 35096 15900 30820 30820 30820 30820 30820 30190 13084 33626 33626 33626 33626 33626 28586 13462 29184 29184 29184 29184 29184 28554 13638 27964 27964 27964 27964 27964 27334 12868 
35468 35468 35468 35468 35468 30524 14088 14345 14345 14345 14345 14345 14345 14345 14345 14345 14345 14345 14345 13727 38994 38994 38994 38994 38994 34050 15846 31762 31762 31762 31762 31762 26818 12102 35982 35982 35982 35982 35982 31038 12946 40924 40924 40924 40924 40924 35980 16952 15440 15440 15440 15440 15440 14822 6170 32182 32182 32182 32182 32182 27238 12282 28352 28352 28352 28352 28352 27734 12986 27172 27172 27172 27172 27172 26554 12256 
18954 18954 18954 18954 18954 13338 3510 11457 11457 11457 11457 11457 11457 11457 11457 11457 11457 11457 11457 10755 37870 37870 37870 37870 37870 32254 12874 31918 31918 31918 31918 31918 26302 10410 38746 38746 38746 38746 38746 33130 13862 47936 47936 47936 47936 47936 42320 22116 35156 35156 35156 35156 35156 34454 16340 32338 32338 32338 32338 32338 26722 10590 27952 27952 27952 27952 27952 27250 11326 27364 27364 27364 27364 27364 26662 11188 
34446 34446 34446 34446 34446 28878 11350 12853 12853 12853 12853 12853 12853 12853 12853 12853 12853 12853 12853 12157 39140 39140 39140 39140 39140 33572 14276 32468 32468 32468 32468 32468 26900 11092 38088 38088 38088 38088 38088 32520 13336 45798 45798 45798 45798 45798 40230 20110 33412 33412 33412 33412 33412 32716 14686 32888 32888 32888 32888 32888 27320 11272 15520 15520 15520 15520 15520 14824 5080 13920 13920 13920 13920 13920 13224 3480 
31828 31828 31828 31828 31828 26884 10448 10609 10609 10609 10609 10609 10609 10609 10609 10609 10609 10609 10609 9991 35258 35258 35258 35258 35258 30314 12110 22686 22686 22686 22686 22686 17742 9090 34966 34966 34966 34966 34966 30022 11930 44764 44764 44764 44764 44764 39820 20792 32308 32308 32308 32308 32308 31690 14752 22686 22686 22686 22686 22686 17742 9090 26288 26288 26288 26288 26288 25670 10922 25524 25524 25524 25524 25524 24906 10608 
38246 38246 38246 38246 38246 32678 15150 15885 15885 15885 15885 15885 15885 15885 15885 15885 15885 15885 15885 15189 42172 42172 42172 42172 42172 36604 17308 35004 35004 35004 35004 35004 29436 13628 39336 39336 39336 39336 39336 33768 14584 41974 41974 41974 41974 41974 36406 16286 32196 32196 32196 32196 32196 31500 13470 35424 35424 35424 35424 35424 29856 13808 30344 30344 30344 30344 30344 29648 13808 29124 29124 29124 29124 29124 28428 13038 
37872 37872 37872 37872 37872 32448 15172 15793 15793 15793 15793 15793 15793 15793 15793 15793 15793 15793 15793 15115 41702 41702 41702 41702 41702 36278 17234 34502 34502 34502 34502 34502 29078 13522 38794 38794 38794 38794 38794 33370 14438 41432 41432 41432 41432 41432 36008 16140 31780 31780 31780 31780 31780 31102 13324 34922 34922 34922 34922 34922 29498 13702 30144 30144 30144 30144 30144 29466 13878 28924 28924 28924 28924 28924 28246 13108 
34280 34280 34280 34280 34280 28856 11580 9988 9988 9988 9988 9988 9988 9988 9988 9988 9988 9988 9988 9310 24226 24226 24226 24226 24226 18802 9310 18306 18306 18306 18306 18306 12882 3390 36562 36562 36562 36562 36562 31138 12206 47000 47000 47000 47000 47000 41576 21708 34068 34068 34068 34068 34068 33390 15612 18306 18306 18306 18306 18306 12882 3390 28696 28696 28696 28696 28696 28018 12430 27916 27916 27916 27916 27916 27238 12100 
40484 40484 40484 40484 40484 35732 19632 20257 20257 20257 20257 20257 20257 20257 20257 20257 20257 20257 20257 19663 44402 44402 44402 44402 44402 39650 21782 37186 37186 37186 37186 37186 32434 18054 41414 41414 41414 41414 41414 36662 18906 16038 16038 16038 16038 16038 11286 2970 35052 35052 35052 35052 35052 34458 17856 37606 37606 37606 37606 37606 32854 18234 33240 33240 33240 33240 33240 32646 18234 32020 32020 32020 32020 32020 31426 17464 
34944 34944 34944 34944 34944 29136 11188 12825 12825 12825 12825 12825 12825 12825 12825 12825 12825 12825 12825 12099 39742 39742 39742 39742 39742 33934 14218 33158 33158 33158 33158 33158 27350 11122 38970 38970 38970 38970 38970 33162 13558 46928 46928 46928 46928 46928 41120 20580 34292 34292 34292 34292 34292 33566 15116 33578 33578 33578 33578 33578 27770 11302 14520 14520 14520 14520 14520 13794 3630 16120 16120 16120 16120 16120 15394 5230 
34708 34708 34708 34708 34708 29764 13328 13489 13489 13489 13489 13489 13489 13489 13489 13489 13489 13489 13489 12871 38138 38138 38138 38138 38138 33194 14990 30906 30906 30906 30906 30906 25962 11246 35150 35150 35150 35150 35150 30206 12114 41772 41772 41772 41772 41772 36828 17800 14440 14440 14440 14440 14440 13822 5170 31326 31326 31326 31326 31326 26382 11426 27728 27728 27728 27728 27728 27110 12362 26580 26580 26580 26580 26580 25962 11664 
36658 36658 36658 36658 36658 30802 12770 12357 12357 12357 12357 12357 12357 12357 12357 12357 12357 12357 12357 11625 39400 39400 39400 39400 39400 33544 13744 32112 32112 32112 32112 32112 26256 9944 19764 19764 19764 19764 19764 13908 3660 46778 46778 46778 46778 46778 40922 20298 33532 33532 33532 33532 33532 32800 14266 32532 32532 32532 32532 32532 26676 10124 29680 29680 29680 29680 29680 28948 12604 28708 28708 28708 28708 28708 27976 12082 
35414 35414 35414 35414 35414 29654 11790 10240 10240 10240 10240 10240 10240 10240 10240 10240 10240 10240 10240 9520 25360 25360 25360 25360 25360 19600 9520 19440 19440 19440 19440 19440 13680 3600 37696 37696 37696 37696 37696 31936 12416 48134 48134 48134 48134 48134 42374 21918 34908 34908 34908 34908 34908 34188 15822 19440 19440 19440 19440 19440 13680 3600 29536 29536 29536 29536 29536 28816 12640 28756 28756 28756 28756 28756 28036 12310 
33904 33904 33904 33904 33904 28864 12260 11745 11745 11745 11745 11745 11745 11745 11745 11745 11745 11745 11745 11115 36646 36646 36646 36646 36646 31606 13234 29358 29358 29358 29358 29358 24318 9434 17010 17010 17010 17010 17010 11970 3150 44024 44024 44024 44024 44024 38984 19788 31492 31492 31492 31492 31492 30862 13756 29778 29778 29778 29778 29778 24738 9614 27640 27640 27640 27640 27640 27010 12094 26668 26668 26668 26668 26668 26038 11572 
44496 44496 44496 44496 44496 38688 20740 21433 21433 21433 21433 21433 21433 21433 21433 21433 21433 21433 21433 20707 48350 48350 48350 48350 48350 42542 22826 41126 41126 41126 41126 41126 35318 19090 45338 45338 45338 45338 45338 39530 19926 22202 22202 22202 22202 22202 16394 6230 38076 38076 38076 38076 38076 37350 18900 41546 41546 41546 41546 41546 35738 19270 36336 36336 36336 36336 36336 35610 19350 35116 35116 35116 35116 35116 34390 18580 
45082 45082 45082 45082 45082 39226 21194 22229 22229 22229 22229 22229 22229 22229 22229 22229 22229 22229 22229 21497 49272 49272 49272 49272 49272 43416 23616 42120 42120 42120 42120 42120 36264 19952 46444 46444 46444 46444 46444 40588 20900 39866 39866 39866 39866 39866 34010 13386 39052 39052 39052 39052 39052 38320 19786 42540 42540 42540 42540 42540 36684 20132 36816 36816 36816 36816 36816 36084 19740 35596 35596 35596 35596 35596 34864 18970 
35762 35762 35762 35762 35762 30674 13986 14565 14565 14565 14565 14565 14565 14565 14565 14565 14565 14565 14565 13929 39592 39592 39592 39592 39592 34504 16048 32416 32416 32416 32416 32416 27328 12360 36764 36764 36764 36764 36764 31676 13332 41282 41282 41282 41282 41282 36194 16914 16600 16600 16600 16600 16600 15964 7060 32836 32836 32836 32836 32836 27748 12540 28368 28368 28368 28368 28368 27732 12732 27164 27164 27164 27164 27164 26528 11978 
35928 35928 35928 35928 35928 31080 14812 15361 15361 15361 15361 15361 15361 15361 15361 15361 15361 15361 15361 14755 39758 39758 39758 39758 39758 34910 16874 32558 32558 32558 32558 32558 27710 13162 36850 36850 36850 36850 36850 32002 14078 39488 39488 39488 39488 39488 34640 15780 30340 30340 30340 30340 30340 29734 12964 32978 32978 32978 32978 32978 28130 13342 28704 28704 28704 28704 28704 28098 13518 27484 27484 27484 27484 27484 26878 12748 
34802 34802 34802 34802 34802 29522 12498 12125 12125 12125 12125 12125 12125 12125 12125 12125 12125 12125 12125 11465 37656 37656 37656 37656 37656 32376 13584 30376 30376 30376 30376 30376 25096 9792 18900 18900 18900 18900 18900 13620 4380 44618 44618 44618 44618 44618 39338 19722 31876 31876 31876 31876 31876 31216 13690 30796 30796 30796 30796 30796 25516 9972 28208 28208 28208 28208 28208 27548 12212 27220 27220 27220 27220 27220 26560 11674 
34608 34608 34608 34608 34608 28992 11380 12889 12889 12889 12889 12889 12889 12889 12889 12889 12889 12889 12889 12187 39302 39302 39302 39302 39302 33686 14306 32630 32630 32630 32630 32630 27014 11122 38250 38250 38250 38250 38250 32634 13366 45960 45960 45960 45960 45960 40344 20140 33532 33532 33532 33532 33532 32830 14716 33050 33050 33050 33050 33050 27434 11302 15640 15640 15640 15640 15640 14938 5110 14040 14040 14040 14040 14040 13338 3510 
34938 34938 34938 34938 34938 29274 11578 4248 4248 4248 4248 4248 4248 4248 4248 4248 4248 4248 4248 3540 19116 19116 19116 19116 19116 13452 3540 25036 25036 25036 25036 25036 19372 9460 38556 38556 38556 38556 38556 32892 13540 48922 48922 48922 48922 48922 43258 22970 35780 35780 35780 35780 35780 35072 16874 25036 25036 25036 25036 25036 19372 9460 29776 29776 29776 29776 29776 29068 13060 29084 29084 29084 29084 29084 28376 12818 
33966 33966 33966 33966 33966 28590 11398 4032 4032 4032 4032 4032 4032 4032 4032 4032 4032 4032 4032 3360 18144 18144 18144 18144 18144 12768 3360 24064 24064 24064 24064 24064 18688 9280 37584 37584 37584 37584 37584 32208 13360 47950 47950 47950 47950 47950 42574 22790 35060 35060 35060 35060 35060 34388 16694 24064 24064 24064 24064 24064 18688 9280 29056 29056 29056 29056 29056 28384 12880 28364 28364 28364 28364 28364 27692 12638 
42104 42104 42104 42104 42104 36872 19932 20617 20617 20617 20617 20617 20617 20617 20617 20617 20617 20617 20617 19963 46022 46022 46022 46022 46022 40790 22082 38806 38806 38806 38806 38806 33574 18354 43034 43034 43034 43034 43034 37802 19206 17658 17658 17658 17658 17658 12426 3270 36252 36252 36252 36252 36252 35598 18156 39226 39226 39226 39226 39226 33994 18534 34440 34440 34440 34440 34440 33786 18534 33220 33220 33220 33220 33220 32566 17764 
42752 42752 42752 42752 42752 37328 20052 20761 20761 20761 20761 20761 20761 20761 20761 20761 20761 20761 20761 20083 46670 46670 46670 46670 46670 41246 22202 39454 39454 39454 39454 39454 34030 18474 43682 43682 43682 43682 43682 38258 19326 18306 18306 18306 18306 18306 12882 3390 36732 36732 36732 36732 36732 36054 18276 39874 39874 39874 39874 39874 34450 18654 34920 34920 34920 34920 34920 34242 18654 33700 33700 33700 33700 33700 33022 17884 
35766 35766 35766 35766 35766 30966 14782 15325 15325 15325 15325 15325 15325 15325 15325 15325 15325 15325 15325 14725 39596 39596 39596 39596 39596 34796 16844 32396 32396 32396 32396 32396 27596 13132 36688 36688 36688 36688 36688 31888 14048 39326 39326 39326 39326 39326 34526 15750 30220 30220 30220 30220 30220 29620 12934 32816 32816 32816 32816 32816 28016 13312 28584 28584 28584 28584 28584 27984 13488 27364 27364 27364 27364 27364 26764 12718 
34714 34714 34714 34714 34714 29434 12410 11925 11925 11925 11925 11925 11925 11925 11925 11925 11925 11925 11925 11265 37456 37456 37456 37456 37456 32176 13384 30168 30168 30168 30168 30168 24888 9584 17820 17820 17820 17820 17820 12540 3300 44834 44834 44834 44834 44834 39554 19938 32092 32092 32092 32092 32092 31432 13906 30588 30588 30588 30588 30588 25308 9764 28240 28240 28240 28240 28240 27580 12244 27268 27268 27268 27268 27268 26608 11722 
34366 34366 34366 34366 34366 29566 13382 13693 13693 13693 13693 13693 13693 13693 13693 13693 13693 13693 13693 13093 37964 37964 37964 37964 37964 33164 15212 30748 30748 30748 30748 30748 25948 11484 35040 35040 35040 35040 35040 30240 12400 40958 40958 40958 40958 40958 36158 17382 12000 12000 12000 12000 12000 11400 3000 31168 31168 31168 31168 31168 26368 11664 27392 27392 27392 27392 27392 26792 12296 26212 26212 26212 26212 26212 25612 11566 
36950 36950 36950 36950 36950 31766 14910 15597 15597 15597 15597 15597 15597 15597 15597 15597 15597 15597 15597 14949 40876 40876 40876 40876 40876 35692 17068 33708 33708 33708 33708 33708 28524 13388 38040 38040 38040 38040 38040 32856 14344 40678 40678 40678 40678 40678 35494 16046 31236 31236 31236 31236 31236 30588 13230 34128 34128 34128 34128 34128 28944 13568 29384 29384 29384 29384 29384 28736 13568 28164 28164 28164 28164 28164 27516 12798 
37760 37760 37760 37760 37760 32336 15060 15777 15777 15777 15777 15777 15777 15777 15777 15777 15777 15777 15777 15099 41686 41686 41686 41686 41686 36262 17218 34518 34518 34518 34518 34518 29094 13538 38850 38850 38850 38850 38850 33426 14494 41488 41488 41488 41488 41488 36064 16196 31836 31836 31836 31836 31836 31158 13380 34938 34938 34938 34938 34938 29514 13718 29984 29984 29984 29984 29984 29306 13718 28764 28764 28764 28764 28764 28086 12948 
]

ExternalWorkerWithSkillOnStintCost: [
38976 49140 39228 37464 39564 33936 15984 12360 16290 12240 14610 16710 14760 12870 16740 13770 17430 14670 16200 13500 46620 46116 43848 49308 46872 41664 15372 39312 42588 46368 41160 45444 40152 20520 49476 36960 49560 44604 47544 38472 17640 43008 43680 35700 47964 50148 45276 15660 32904 42120 41400 31176 38448 42336 19188 35112 39984 38892 37044 35700 34608 20520 36792 42480 38952 29376 39240 29088 20772 41832 33624 36072 36720 29736 36576 16884 
47544 40572 49812 40320 36456 49980 15120 16380 16920 14490 13590 13950 14280 12960 17520 14670 13080 12450 15150 17790 49476 35448 41244 43176 41916 41244 16884 43848 42672 42336 44604 40152 41832 16452 38892 33936 47964 46704 49980 49644 21456 33768 34440 34356 46704 34440 46872 19980 37080 37368 32616 34272 33264 40104 19944 48384 49560 35112 46620 35952 48132 21204 36792 31824 34560 32688 29592 31608 21312 38376 39240 31248 34488 34344 37656 18036 
41748 37296 40236 34524 42420 34020 14724 14430 15990 17340 15090 13740 15360 16950 14070 16800 14790 15030 14310 13470 35532 50316 45780 41160 41244 44688 18756 48216 34776 40488 42672 35532 40152 20664 37548 46872 40656 42084 36792 37716 16128 39228 43764 36120 43008 49560 46956 14436 42696 42336 29808 42192 39816 36216 15624 45948 40488 45864 34524 48804 35112 17028 31392 35568 36792 31104 41256 42192 17964 32184 32904 37224 39816 42552 39960 19620 
47124 41580 47544 43512 41412 35868 19584 17700 13740 16140 14100 13800 12540 17040 13890 15720 14760 17220 14370 13590 34272 43848 38976 47712 42924 40152 20916 49644 49728 47796 48216 47712 46704 21060 42000 38472 39816 45276 41412 39984 17244 41496 46032 44520 37800 33936 40908 20448 37368 41688 33984 40032 38304 33264 15192 35616 39564 33684 34440 38892 46200 21456 35208 34272 39888 36288 29376 36576 20016 42552 41184 41400 39600 32328 30528 18108 
]

OverlappingStints: [
[ 2 8 9 10 11 21 22 28 29 35 36 42 43 49 50 56 57 63 64 70 71 ]
[ 3 10 11 12 13 21 22 23 28 29 30 35 36 37 42 43 44 49 50 51 56 57 58 63 64 65 70 71 72 ]
[ 4 12 13 14 15 22 23 24 29 30 31 36 37 38 43 44 45 50 51 52 57 58 59 64 65 66 71 72 73 ]
[ 5 14 15 16 17 23 24 25 30 31 32 37 38 39 44 45 46 51 52 53 58 59 60 65 66 67 72 73 74 ]
[ 6 16 17 18 19 24 25 26 31 32 33 38 39 40 45 46 47 52 53 54 59 60 61 66 67 68 73 74 75 ]
[ 7 18 19 20 25 26 27 32 33 34 39 40 41 46 47 48 53 54 55 60 61 62 67 68 69 74 75 76 ]
[ 20 26 27 33 34 40 41 47 48 54 55 61 62 68 69 75 76 ]
[ 21 28 35 42 49 56 63 70 ]
[ 21 28 35 42 49 56 63 70 ]
[ 21 22 28 29 35 36 42 43 49 50 56 57 63 64 70 71 ]
[ 21 22 28 29 35 36 42 43 50 56 57 64 71 ]
[ 22 23 29 30 36 37 43 44 50 51 57 58 64 65 71 72 ]
[ 22 23 29 30 36 37 43 44 51 57 58 65 72 ]
[ 23 24 30 31 37 38 44 45 51 52 58 59 65 66 72 73 ]
[ 23 24 30 31 37 38 44 45 52 58 59 66 73 ]
[ 24 25 31 32 38 39 45 46 52 53 59 60 66 67 73 74 ]
[ 24 25 31 32 38 39 45 46 53 59 60 67 74 ]
[ 25 26 32 33 39 40 46 47 53 54 60 61 67 68 74 75 ]
[ 25 26 32 33 39 40 46 47 54 60 61 68 75 ]
[ 26 27 33 34 40 41 47 48 54 55 61 62 68 69 75 76 ]
[ 22 28 29 35 36 42 43 49 50 56 57 63 64 70 71 ]
[ 23 28 29 30 35 36 37 42 43 44 49 50 51 56 57 58 63 64 65 70 71 72 ]
[ 24 29 30 31 36 37 38 43 44 45 50 51 52 57 58 59 64 65 66 71 72 73 ]
[ 25 30 31 32 37 38 39 44 45 46 51 52 53 58 59 60 65 66 67 72 73 74 ]
[ 26 31 32 33 38 39 40 45 46 47 52 53 54 59 60 61 66 67 68 73 74 75 ]
[ 27 32 33 34 39 40 41 46 47 48 53 54 55 60 61 62 67 68 69 74 75 76 ]
[ 33 34 40 41 47 48 54 55 61 62 68 69 75 76 ]
[ 29 35 36 42 43 49 50 56 57 63 64 70 71 ]
[ 30 35 36 37 42 43 44 49 50 51 56 57 58 63 64 65 70 71 72 ]
[ 31 36 37 38 43 44 45 50 51 52 57 58 59 64 65 66 71 72 73 ]
[ 32 37 38 39 44 45 46 51 52 53 58 59 60 65 66 67 72 73 74 ]
[ 33 38 39 40 45 46 47 52 53 54 59 60 61 66 67 68 73 74 75 ]
[ 34 39 40 41 46 47 48 53 54 55 60 61 62 67 68 69 74 75 76 ]
[ 40 41 47 48 54 55 61 62 68 69 75 76 ]
[ 36 42 43 49 50 56 57 63 64 70 71 ]
[ 37 42 43 44 49 50 51 56 57 58 63 64 65 70 71 72 ]
[ 38 43 44 45 50 51 52 57 58 59 64 65 66 71 72 73 ]
[ 39 44 45 46 51 52 53 58 59 60 65 66 67 72 73 74 ]
[ 40 45 46 47 52 53 54 59 60 61 66 67 68 73 74 75 ]
[ 41 46 47 48 53 54 55 60 61 62 67 68 69 74 75 76 ]
[ 47 48 54 55 61 62 68 69 75 76 ]
[ 43 49 50 56 57 63 64 70 71 ]
[ 44 49 50 51 56 57 58 63 64 65 70 71 72 ]
[ 45 50 51 52 57 58 59 64 65 66 71 72 73 ]
[ 46 51 52 53 58 59 60 65 66 67 72 73 74 ]
[ 47 52 53 54 59 60 61 66 67 68 73 74 75 ]
[ 48 53 54 55 60 61 62 67 68 69 74 75 76 ]
[ 54 55 61 62 68 69 75 76 ]
[ 50 56 57 63 64 70 71 ]
[ 51 56 57 58 63 64 65 70 71 72 ]
[ 52 57 58 59 64 65 66 71 72 73 ]
[ 53 58 59 60 65 66 67 72 73 74 ]
[ 54 59 60 61 66 67 68 73 74 75 ]
[ 55 60 61 62 67 68 69 74 75 76 ]
[ 61 62 68 69 75 76 ]
[ 57 63 64 70 71 ]
[ 58 63 64 65 70 71 72 ]
[ 59 64 65 66 71 72 73 ]
[ 60 65 66 67 72 73 74 ]
[ 61 66 67 68 73 74 75 ]
[ 62 67 68 69 74 75 76 ]
[ 68 69 75 76 ]
[ 64 70 71 ]
[ 65 70 71 72 ]
[ 66 71 72 73 ]
[ 67 72 73 74 ]
[ 68 73 74 75 ]
[ 69 74 75 76 ]
[ 75 76 ]
[ 71 ]
[ 72 ]
[ 73 ]
[ 74 ]
[ 75 ]
[ 76 ]
[ ]
]

EmployeesWithSkill: [
[ 1 2 3 4 5 6 7 8 9 10 11 12 13 14 15 16 17 18 19 20 21 22 23 24 25 26 27 28 29 30 31 32 33 34 35 36 37 38 39 40 41 42 43 44 45 46 47 48 49 50 51 52 53 54 55 56 57 58 59 60 61 62 63 64 65 66 67 68 69 70 71 72 73 74 75 76 77 78 79 80 81 82 83 84 85 86 87 88 89 90 ]
[ 1 4 5 8 11 13 14 15 17 18 19 21 25 26 27 32 33 34 35 37 40 42 49 50 51 52 53 59 60 61 62 63 65 66 68 70 71 72 73 74 76 77 81 83 84 89 90 ]
[ 1 2 3 4 5 6 8 9 10 11 12 13 14 15 16 17 18 19 20 21 22 23 24 25 26 27 28 30 31 32 33 34 35 36 37 38 39 40 42 43 44 47 49 50 52 54 55 56 58 59 60 62 63 64 65 66 67 68 69 71 73 74 75 76 77 78 79 80 81 82 84 85 86 87 88 89 90 ]
[ 1 2 3 4 5 7 8 9 10 11 12 13 14 15 16 17 18 19 20 21 22 23 24 25 26 27 28 30 32 33 34 35 36 37 38 40 41 42 43 44 46 47 48 49 50 51 52 53 55 56 57 58 59 60 61 62 63 64 65 66 67 68 69 70 71 72 73 74 75 76 77 78 79 80 81 82 83 84 85 86 87 88 89 90 ]
]

SkillDemandInActivityWithMode: [
0	0	0	
19	30	13	
41	63	28	
54	82	36	
19	30	13	
65	99	44	
30	46	20	
54	82	36	
47	72	32	
54	82	36	
30	46	20	
65	99	44	
27	42	18	
41	63	28	
22	34	15	
0	0	0	
36	55	24	
31	48	21	
10	16	7	
70	106	47	
35	54	24	
53	81	36	
27	42	18	
21	33	14	
12	19	8	
70	106	47	
0	0	0	
14	22	10	
5	9	4	
6	10	4	
10	16	7	
16	25	11	
24	37	16	
36	55	24	
8	13	6	
16	25	11	
29	45	20	
13	21	9	
36	55	24	
0	0	0	
25	39	17	
12	19	8	
25	39	17	
14	22	10	
29	45	20	
29	45	20	
10	16	7	
11	18	8	
12	19	8	
29	45	20	
12	19	8	
21	33	14	
9	15	6	
36	55	24	
0	0	0	
11	18	8	
7	12	5	
7	12	5	
9	15	6	
14	22	10	
4	7	3	
6	10	4	
15	24	10	
5	9	4	
17	27	12	
11	18	8	
14	22	10	
4	7	3	
17	27	12	
14	22	10	
9	15	6	
19	30	13	
12	19	8	
15	24	10	
17	27	12	
4	7	3	
0	0	0	
14	22	10	
22	34	15	
31	48	21	
26	40	18	
31	48	21	
19	30	13	
17	27	12	
16	25	11	
22	34	15	
19	30	13	
31	48	21	
26	40	18	
17	27	12	
13	21	9	
11	18	8	
0	0	0	
7	12	5	
5	9	4	
8	13	6	
9	15	6	
5	9	4	
9	15	6	
9	15	6	
4	7	3	
2	4	2	
3	6	2	
8	13	6	
9	15	6	
5	9	4	
3	6	2	
4	7	3	
9	15	6	
5	9	4	
2	4	2	
3	6	2	
9	15	6	
0	0	0	
1	3	1	
1	3	1	
1	3	1	
2	4	2	
2	4	2	
1	3	1	
1	3	1	
1	3	1	
1	3	1	
2	4	2	
2	4	2	
1	3	1	
1	3	1	
1	3	1	
2	4	2	
1	3	1	
2	4	2	
1	3	1	
1	3	1	
1	3	1	
2	4	2	
1	3	1	
1	3	1	
1	3	1	
0	0	0	
6	10	4	
16	25	11	
19	30	13	
16	25	11	
16	25	11	
19	30	13	
11	18	8	
8	13	6	
12	19	8	
16	25	11	
11	18	8	
11	18	8	
19	30	13	
5	9	4	
16	25	11	
0	0	0	
5	9	4	
6	10	4	
5	9	4	
4	7	3	
5	9	4	
4	7	3	
7	12	5	
2	4	2	
4	7	3	
5	9	4	
6	10	4	
2	4	2	
7	12	5	
4	7	3	
7	12	5	
6	10	4	
5	9	4	
6	10	4	
3	6	2	
6	10	4	
3	6	2	

0	0	0	
3	6	2	
6	10	4	
8	13	6	
3	6	2	
10	16	7	
4	7	3	
8	13	6	
7	12	5	
8	13	6	
4	7	3	
10	16	7	
4	7	3	
6	10	4	
3	6	2	
0	0	0	
9	15	6	
7	12	5	
2	4	2	
18	28	12	
9	15	6	
13	21	9	
6	10	4	
5	9	4	
3	6	2	
17	27	12	
0	0	0	
10	16	7	
3	6	2	
4	7	3	
7	12	5	
12	19	8	
19	30	13	
28	43	19	
5	9	4	
12	19	8	
22	34	15	
10	16	7	
28	43	19	
0	0	0	
6	10	4	
2	4	2	
6	10	4	
3	6	2	
7	12	5	
7	12	5	
2	4	2	
2	4	2	
2	4	2	
7	12	5	
2	4	2	
5	9	4	
2	4	2	
8	13	6	
0	0	0	
5	9	4	
3	6	2	
4	7	3	
5	9	4	
7	12	5	
1	3	1	
2	4	2	
8	13	6	
2	4	2	
9	15	6	
6	10	4	
7	12	5	
1	3	1	
9	15	6	
7	12	5	
5	9	4	
10	16	7	
6	10	4	
8	13	6	
9	15	6	
1	3	1	
0	0	0	
0	1	0	
0	1	0	
0	1	0	
0	1	0	
0	1	0	
0	1	0	
0	1	0	
0	1	0	
0	1	0	
0	1	0	
0	1	0	
0	1	0	
0	1	0	
0	1	0	
0	1	0	
0	0	0	
8	13	6	
6	10	4	
10	16	7	
11	18	8	
7	12	5	
11	18	8	
11	18	8	
4	7	3	
2	4	2	
3	6	2	
9	15	6	
11	18	8	
5	9	4	
3	6	2	
4	7	3	
11	18	8	
6	10	4	
1	3	1	
3	6	2	
11	18	8	
0	0	0	
0	1	0	
0	1	0	
0	1	0	
0	1	0	
1	3	1	
0	1	0	
0	1	0	
0	1	0	
0	1	0	
0	1	0	
0	1	0	
0	1	0	
0	1	0	
0	1	0	
0	1	0	
0	1	0	
0	1	0	
0	1	0	
0	1	0	
0	1	0	
1	3	1	
0	1	0	
0	1	0	
0	1	0	
0	0	0	
7	12	5	
20	31	14	
25	39	17	
20	31	14	
20	31	14	
25	39	17	
13	21	9	
10	16	7	
15	24	10	
20	31	14	
13	21	9	
13	21	9	
25	39	17	
6	10	4	
20	31	14	
0	0	0	
8	13	6	
10	16	7	
9	15	6	
6	10	4	
8	13	6	
7	12	5	
12	19	8	
3	6	2	
6	10	4	
9	15	6	
10	16	7	
3	6	2	
12	19	8	
7	12	5	
12	19	8	
10	16	7	
8	13	6	
10	16	7	
4	7	3	
10	16	7	
5	9	4	

0	0	0	
0	1	0	
1	3	1	
2	4	2	
0	1	0	
3	6	2	
1	3	1	
2	4	2	
2	4	2	
2	4	2	
1	3	1	
2	4	2	
1	3	1	
1	3	1	
0	1	0	
0	0	0	
101	153	68	
87	132	58	
29	45	20	
203	306	136	
101	153	68	
152	229	102	
76	115	51	
61	93	41	
33	51	22	
203	306	136	
0	0	0	
12	19	8	
4	7	3	
5	9	4	
9	15	6	
14	22	10	
22	34	15	
33	51	22	
6	10	4	
14	22	10	
26	40	18	
12	19	8	
33	51	22	
0	0	0	
29	45	20	
13	21	9	
29	45	20	
15	24	10	
35	54	24	
35	54	24	
11	18	8	
12	19	8	
13	21	9	
34	52	23	
14	22	10	
24	37	16	
10	16	7	
43	66	29	
0	0	0	
8	13	6	
5	9	4	
5	9	4	
7	12	5	
10	16	7	
2	4	2	
4	7	3	
12	19	8	
3	6	2	
13	21	9	
9	15	6	
10	16	7	
2	4	2	
13	21	9	
10	16	7	
7	12	5	
15	24	10	
9	15	6	
12	19	8	
13	21	9	
2	4	2	
0	0	0	
0	1	0	
1	3	1	
2	4	2	
1	3	1	
2	4	2	
1	3	1	
1	3	1	
0	1	0	
1	3	1	
1	3	1	
1	3	1	
1	3	1	
1	3	1	
0	1	0	
0	1	0	
0	0	0	
7	12	5	
5	9	4	
8	13	6	
10	16	7	
6	10	4	
10	16	7	
10	16	7	
4	7	3	
2	4	2	
3	6	2	
8	13	6	
10	16	7	
5	9	4	
2	4	2	
4	7	3	
10	16	7	
6	10	4	
1	3	1	
3	6	2	
10	16	7	
0	0	0	
3	6	2	
3	6	2	
1	3	1	
4	7	3	
5	9	4	
2	4	2	
2	4	2	
2	4	2	
3	6	2	
4	7	3	
4	7	3	
2	4	2	
4	7	3	
4	7	3	
5	9	4	
1	3	1	
4	7	3	
2	4	2	
2	4	2	
3	6	2	
6	10	4	
3	6	2	
2	4	2	
1	3	1	
0	0	0	
0	1	0	
1	3	1	
2	4	2	
1	3	1	
1	3	1	
2	4	2	
1	3	1	
0	1	0	
1	3	1	
1	3	1	
1	3	1	
1	3	1	
1	3	1	
0	1	0	
1	3	1	
0	0	0	
4	7	3	
5	9	4	
4	7	3	
3	6	2	
3	6	2	
3	6	2	
5	9	4	
1	3	1	
3	6	2	
4	7	3	
5	9	4	
1	3	1	
5	9	4	
3	6	2	
5	9	4	
5	9	4	
3	6	2	
5	9	4	
2	4	2	
5	9	4	
2	4	2	

0	0	0	
24	37	16	
52	79	35	
70	106	47	
24	37	16	
84	127	56	
38	58	26	
70	106	47	
60	91	40	
70	106	47	
38	58	26	
84	127	56	
35	54	24	
52	79	35	
28	43	19	
0	0	0	
25	39	17	
21	33	14	
7	12	5	
50	76	34	
25	39	17	
37	57	25	
18	28	12	
15	24	10	
8	13	6	
50	76	34	
0	0	0	
5	9	4	
2	4	2	
2	4	2	
4	7	3	
6	10	4	
10	16	7	
15	24	10	
3	6	2	
6	10	4	
12	19	8	
5	9	4	
15	24	10	
0	0	0	
36	55	24	
16	25	11	
36	55	24	
19	30	13	
43	66	29	
43	66	29	
14	22	10	
15	24	10	
16	25	11	
43	66	29	
18	28	12	
31	48	21	
12	19	8	
54	82	36	
0	0	0	
0	1	0	
0	1	0	
0	1	0	
0	1	0	
1	3	1	
0	1	0	
0	1	0	
1	3	1	
0	1	0	
1	3	1	
0	1	0	
1	3	1	
0	1	0	
1	3	1	
1	3	1	
0	1	0	
1	3	1	
1	3	1	
1	3	1	
1	3	1	
0	1	0	
0	0	0	
3	6	2	
5	9	4	
7	12	5	
6	10	4	
7	12	5	
4	7	3	
4	7	3	
3	6	2	
5	9	4	
4	7	3	
7	12	5	
6	10	4	
4	7	3	
3	6	2	
2	4	2	
0	0	0	
15	24	10	
11	18	8	
17	27	12	
20	31	14	
12	19	8	
20	31	14	
20	31	14	
8	13	6	
4	7	3	
6	10	4	
17	27	12	
20	31	14	
10	16	7	
5	9	4	
8	13	6	
20	31	14	
12	19	8	
2	4	2	
6	10	4	
20	31	14	
0	0	0	
1	3	1	
1	3	1	
1	3	1	
2	4	2	
2	4	2	
1	3	1	
1	3	1	
1	3	1	
1	3	1	
2	4	2	
2	4	2	
1	3	1	
2	4	2	
2	4	2	
2	4	2	
0	1	0	
2	4	2	
1	3	1	
1	3	1	
1	3	1	
3	6	2	
1	3	1	
1	3	1	
0	1	0	
0	0	0	
4	7	3	
10	16	7	
13	21	9	
10	16	7	
10	16	7	
13	21	9	
7	12	5	
5	9	4	
8	13	6	
10	16	7	
7	12	5	
7	12	5	
13	21	9	
3	6	2	
10	16	7	
0	0	0	
7	12	5	
10	16	7	
8	13	6	
6	10	4	
7	12	5	
7	12	5	
11	18	8	
2	4	2	
6	10	4	
8	13	6	
10	16	7	
3	6	2	
11	18	8	
7	12	5	
11	18	8	
10	16	7	
7	12	5	
10	16	7	
4	7	3	
9	15	6	
4	7	3	

]

EmployeeAvailability: [
1 1 1 1 1 1 1 1 1 1 1 1 1 1 1 1 1 1 1 1 1 1 1 1 1 1 1 1 1 1 1 1 1 1 1 1 1 1 1 1 1 1 1 1 1 1 1 1 1 1 1 1 1 1 1 1 1 1 1 1 1 1 1 1 1 1 1 1 1 1 1 1 1 1 1 1 
1 0 0 1 1 1 1 1 1 1 1 1 1 1 1 1 1 1 1 1 1 0 0 1 1 1 1 1 0 0 1 1 1 1 1 0 0 1 1 1 1 1 0 0 1 1 1 1 1 0 0 1 1 1 1 1 0 0 1 1 1 1 1 0 0 1 1 1 1 1 0 0 1 1 1 1 
0 1 1 1 1 0 1 0 1 1 1 1 1 1 1 1 1 0 1 1 0 1 1 1 1 0 1 0 1 1 1 1 0 1 0 1 1 1 1 0 1 0 1 1 1 1 0 1 0 1 1 1 1 0 1 0 1 1 1 1 0 1 0 1 1 1 1 0 1 0 1 1 1 1 0 1 
1 1 1 1 0 1 1 1 1 1 1 1 1 1 1 0 1 1 1 1 1 1 1 1 0 1 1 1 1 1 1 0 1 1 1 1 1 1 0 1 1 1 1 1 1 0 1 1 1 1 1 1 0 1 1 1 1 1 1 0 1 1 1 1 1 1 0 1 1 1 1 1 1 0 1 1 
1 1 1 1 1 1 1 1 1 1 1 1 1 1 1 1 1 1 1 1 1 1 1 1 1 1 1 1 1 1 1 1 1 1 1 1 1 1 1 1 1 1 1 1 1 1 1 1 1 1 1 1 1 1 1 1 1 1 1 1 1 1 1 1 1 1 1 1 1 1 1 1 1 1 1 1 
1 1 1 1 1 1 1 1 1 1 1 1 1 1 1 1 1 1 1 1 1 1 1 1 1 1 1 1 1 1 1 1 1 1 1 1 1 1 1 1 1 1 1 1 1 1 1 1 1 1 1 1 1 1 1 1 1 1 1 1 1 1 1 1 1 1 1 1 1 1 1 1 1 1 1 1 
1 0 0 1 1 1 1 1 1 0 1 1 1 1 1 1 1 1 1 1 1 0 0 1 1 1 1 1 0 0 1 1 1 1 1 0 0 1 1 1 1 1 0 0 1 1 1 1 1 0 0 1 1 1 1 1 0 0 1 1 1 1 1 0 0 1 1 1 1 1 0 0 1 1 1 1 
0 1 0 1 1 1 0 0 1 1 1 0 1 1 1 1 1 1 1 0 0 1 0 1 1 1 0 0 1 0 1 1 1 0 0 1 0 1 1 1 0 0 1 0 1 1 1 0 0 1 0 1 1 1 0 0 1 0 1 1 1 0 0 1 0 1 1 1 0 0 1 0 1 1 1 0 
1 1 1 0 1 1 1 1 1 1 1 1 1 0 1 1 1 1 1 1 1 1 1 0 1 1 1 1 1 1 0 1 1 1 1 1 1 0 1 1 1 1 1 1 0 1 1 1 1 1 1 0 1 1 1 1 1 1 0 1 1 1 1 1 1 0 1 1 1 1 1 1 0 1 1 1 
1 1 1 1 1 1 1 1 1 1 1 1 1 1 1 1 1 1 1 1 1 1 1 1 1 1 1 1 1 1 1 1 1 1 1 1 1 1 1 1 1 1 1 1 1 1 1 1 1 1 1 1 1 1 1 1 1 1 1 1 1 1 1 1 1 1 1 1 1 1 1 1 1 1 1 1 
1 0 1 0 0 1 1 1 1 1 0 1 1 1 1 0 1 1 1 1 1 0 1 0 0 1 1 1 0 1 0 0 1 1 1 0 1 0 0 1 1 1 0 1 0 0 1 1 1 0 1 0 0 1 1 1 0 1 0 0 1 1 1 0 1 0 0 1 1 1 0 1 0 0 1 1 
1 1 1 1 1 1 1 1 1 1 1 1 1 1 1 1 1 1 1 1 1 1 1 1 1 1 1 1 1 1 1 1 1 1 1 1 1 1 1 1 1 1 1 1 1 1 1 1 1 1 1 1 1 1 1 1 1 1 1 1 1 1 1 1 1 1 1 1 1 1 1 1 1 1 1 1 
0 1 0 1 1 1 1 1 0 1 1 0 1 1 1 1 1 1 1 1 0 1 0 1 1 1 1 0 1 0 1 1 1 1 0 1 0 1 1 1 1 0 1 0 1 1 1 1 0 1 0 1 1 1 1 0 1 0 1 1 1 1 0 1 0 1 1 1 1 0 1 0 1 1 1 1 
0 1 0 1 1 1 1 0 1 1 1 1 1 1 1 1 1 1 1 1 0 1 0 1 1 1 1 0 1 0 1 1 1 1 0 1 0 1 1 1 1 0 1 0 1 1 1 1 0 1 1 1 1 1 1 0 1 0 1 1 1 1 0 1 1 1 1 1 1 0 1 1 1 1 1 1 
0 1 1 0 1 1 1 1 0 1 1 1 1 0 1 1 1 1 1 1 0 1 1 0 1 1 1 0 1 1 0 1 1 1 0 1 1 0 1 1 1 0 1 1 0 1 1 1 0 1 1 0 1 1 1 0 1 1 0 1 1 1 0 1 1 0 1 1 1 0 1 1 0 1 1 1 
1 1 1 1 1 1 1 1 1 1 1 1 1 1 1 1 1 1 1 1 1 1 1 1 1 1 1 1 1 1 1 1 1 1 1 1 1 1 1 1 1 1 1 1 1 1 1 1 1 1 1 1 1 1 1 1 1 1 1 1 1 1 1 1 1 1 1 1 1 1 1 1 1 1 1 1 
0 1 1 0 1 0 1 0 1 1 1 1 1 0 1 1 1 1 0 1 0 1 1 0 1 0 1 0 1 1 0 1 0 1 0 1 1 0 1 0 1 0 1 1 0 1 0 1 0 1 1 0 1 0 1 0 1 1 0 1 0 1 0 1 1 0 1 0 1 0 1 1 0 1 0 1 
1 1 1 1 1 1 1 1 1 1 1 1 1 1 1 1 1 1 1 1 1 1 1 1 1 1 1 1 1 1 1 1 1 1 1 1 1 1 1 1 1 1 1 1 1 1 1 1 1 1 1 1 1 1 1 1 1 1 1 1 1 1 1 1 1 1 1 1 1 1 1 1 1 1 1 1 
1 0 1 1 1 0 1 1 1 1 0 1 1 1 1 1 1 0 1 1 1 0 1 1 1 0 1 1 0 1 1 1 0 1 1 0 1 1 1 0 1 1 0 1 1 1 0 1 1 0 1 1 1 0 1 1 0 1 1 1 0 1 1 0 1 1 1 0 1 1 0 1 1 1 0 1 
1 1 1 0 1 0 0 1 1 1 1 1 1 1 0 1 1 1 0 0 1 1 1 0 1 0 0 1 1 1 0 1 0 0 1 1 1 0 1 0 0 1 1 1 0 1 0 0 1 1 1 0 1 0 0 1 1 1 0 1 0 0 1 1 1 0 1 0 0 1 1 1 0 1 0 0 
1 0 1 1 1 0 1 1 1 1 0 1 1 1 1 1 1 1 0 1 1 0 1 1 1 0 1 1 0 1 1 1 0 1 1 0 1 1 1 0 1 1 0 1 1 1 0 1 1 0 1 1 1 0 1 1 0 1 1 1 0 1 1 0 1 1 1 0 1 1 0 1 1 1 0 1 
1 1 1 1 1 1 1 1 1 1 1 1 1 1 1 1 1 1 1 1 1 1 1 1 1 1 1 1 1 1 1 1 1 1 1 1 1 1 1 1 1 1 1 1 1 1 1 1 1 1 1 1 1 1 1 1 1 1 1 1 1 1 1 1 1 1 1 1 1 1 1 1 1 1 1 1 
1 1 1 0 1 0 1 1 1 1 1 1 1 1 0 1 1 0 1 1 1 1 1 0 1 0 1 1 1 1 0 1 0 1 1 1 1 0 1 0 1 1 1 1 0 1 0 1 1 1 1 0 1 0 1 1 1 1 0 1 0 1 1 1 1 0 1 0 1 1 1 1 0 1 0 1 
0 1 1 1 0 1 1 0 1 1 1 1 1 1 1 1 1 1 1 1 0 1 1 1 0 1 1 0 1 1 1 0 1 1 0 1 1 1 0 1 1 0 1 1 1 0 1 1 0 1 1 1 0 1 1 0 1 1 1 0 1 1 0 1 1 1 0 1 1 0 1 1 1 0 1 1 
1 0 1 1 1 0 1 1 1 0 1 1 1 1 1 1 1 0 1 1 1 0 1 1 1 0 1 1 0 1 1 1 0 1 1 0 1 1 1 0 1 1 0 1 1 1 0 1 1 0 1 1 1 0 1 1 0 1 1 1 0 1 1 0 1 1 1 0 1 1 0 1 1 1 0 1 
1 0 1 1 1 1 1 1 1 1 0 1 1 1 1 1 1 1 1 1 1 0 1 1 1 1 1 1 0 1 1 1 1 1 1 0 1 1 1 1 1 1 0 1 1 1 1 1 1 0 1 1 1 1 1 1 0 1 1 1 1 1 1 0 1 1 1 1 1 1 0 1 1 1 1 1 
0 1 1 1 0 1 1 1 0 1 1 1 1 1 1 1 0 1 1 1 0 1 1 1 0 1 1 0 1 1 1 0 1 1 0 1 1 1 0 1 1 0 1 1 1 0 1 1 0 1 1 1 0 1 1 0 1 1 1 0 1 1 0 1 1 1 0 1 1 0 1 1 1 0 1 1 
1 1 1 1 1 1 1 1 1 1 1 1 1 1 1 1 1 1 1 1 1 1 1 1 1 1 1 1 1 1 1 1 1 1 1 1 1 1 1 1 1 1 1 1 1 1 1 1 1 1 1 1 1 1 1 1 1 1 1 1 1 1 1 1 1 1 1 1 1 1 1 1 1 1 1 1 
1 1 1 1 1 0 1 1 1 1 1 1 1 1 1 1 1 0 1 1 1 1 1 1 1 0 1 1 1 1 1 1 0 1 1 1 1 1 1 0 1 1 1 1 1 1 0 1 1 1 1 1 1 0 1 1 1 1 1 1 0 1 1 1 1 1 1 0 1 1 1 1 1 1 0 1 
1 0 0 0 1 1 1 1 1 1 1 0 1 0 1 1 1 1 1 1 1 0 0 0 1 1 1 1 0 0 0 1 1 1 1 0 0 0 1 1 1 1 0 0 0 1 1 1 1 1 0 0 1 1 1 1 0 0 0 1 1 1 1 1 0 0 1 1 1 1 1 0 0 1 1 1 
1 0 1 1 0 1 1 1 1 0 1 1 1 1 1 0 1 1 1 1 1 0 1 1 0 1 1 1 0 1 1 0 1 1 1 0 1 1 0 1 1 1 0 1 1 0 1 1 1 0 1 1 0 1 1 1 0 1 1 0 1 1 1 0 1 1 0 1 1 1 0 1 1 0 1 1 
1 1 1 0 1 0 1 1 1 1 1 1 1 1 1 1 1 1 0 1 1 1 1 0 1 0 1 1 1 1 0 1 0 1 1 1 1 0 1 0 1 1 1 1 0 1 0 1 1 1 1 1 1 0 1 1 1 1 0 1 0 1 1 1 1 1 1 0 1 1 1 1 1 1 0 1 
0 1 1 1 1 1 0 0 1 1 1 1 1 1 1 1 1 1 1 0 0 1 1 1 1 1 0 0 1 1 1 1 1 0 0 1 1 1 1 1 0 0 1 1 1 1 1 0 0 1 1 1 1 1 0 0 1 1 1 1 1 0 0 1 1 1 1 1 0 0 1 1 1 1 1 0 
1 1 1 0 0 1 1 1 1 1 1 1 1 1 0 0 1 1 1 1 1 1 1 0 0 1 1 1 1 1 0 0 1 1 1 1 1 0 0 1 1 1 1 1 0 0 1 1 1 1 1 0 0 1 1 1 1 1 0 0 1 1 1 1 1 0 0 1 1 1 1 1 0 0 1 1 
1 1 1 1 1 1 1 1 1 1 1 1 1 1 1 1 1 1 1 1 1 1 1 1 1 1 1 1 1 1 1 1 1 1 1 1 1 1 1 1 1 1 1 1 1 1 1 1 1 1 1 1 1 1 1 1 1 1 1 1 1 1 1 1 1 1 1 1 1 1 1 1 1 1 1 1 
0 1 0 1 1 1 1 1 1 1 1 1 0 1 1 1 1 1 1 1 0 1 0 1 1 1 1 0 1 0 1 1 1 1 0 1 0 1 1 1 1 0 1 0 1 1 1 1 1 1 0 1 1 1 1 0 1 0 1 1 1 1 1 1 0 1 1 1 1 1 1 0 1 1 1 1 
1 1 1 1 1 0 1 1 1 1 1 1 1 1 1 1 1 1 1 1 1 1 1 1 1 0 1 1 1 1 1 1 0 1 1 1 1 1 1 0 1 1 1 1 1 1 0 1 1 1 1 1 1 0 1 1 1 1 1 1 0 1 1 1 1 1 1 0 1 1 1 1 1 1 0 1 
1 1 1 1 1 1 1 1 1 1 1 1 1 1 1 1 1 1 1 1 1 1 1 1 1 1 1 1 1 1 1 1 1 1 1 1 1 1 1 1 1 1 1 1 1 1 1 1 1 1 1 1 1 1 1 1 1 1 1 1 1 1 1 1 1 1 1 1 1 1 1 1 1 1 1 1 
1 1 0 1 1 1 1 1 1 1 1 1 1 1 1 1 1 1 1 1 1 1 0 1 1 1 1 1 1 0 1 1 1 1 1 1 0 1 1 1 1 1 1 0 1 1 1 1 1 1 0 1 1 1 1 1 1 0 1 1 1 1 1 1 0 1 1 1 1 1 1 0 1 1 1 1 
0 0 0 1 1 1 1 1 0 1 1 1 1 1 1 1 1 1 1 1 0 0 0 1 1 1 1 0 0 0 1 1 1 1 0 0 0 1 1 1 1 0 0 0 1 1 1 1 0 1 1 1 1 1 1 0 0 0 1 1 1 1 0 1 1 1 1 1 1 0 1 1 1 1 1 1 
1 1 1 1 0 0 1 1 1 1 1 1 1 1 1 1 1 0 1 1 1 1 1 1 0 0 1 1 1 1 1 0 0 1 1 1 1 1 0 0 1 1 1 1 1 0 0 1 1 1 1 1 0 0 1 1 1 1 1 0 0 1 1 1 1 1 0 0 1 1 1 1 1 0 0 1 
1 0 1 0 1 0 1 1 1 1 0 1 1 1 0 1 1 1 0 1 1 0 1 0 1 0 1 1 0 1 0 1 0 1 1 0 1 0 1 0 1 1 0 1 0 1 0 1 1 0 1 0 1 0 1 1 0 1 0 1 0 1 1 0 1 0 1 0 1 1 0 1 0 1 0 1 
0 0 0 1 1 1 1 0 1 0 1 1 1 1 1 1 1 1 1 1 0 0 0 1 1 1 1 0 0 0 1 1 1 1 0 0 0 1 1 1 1 0 0 0 1 1 1 1 0 0 0 1 1 1 1 0 0 0 1 1 1 1 0 0 0 1 1 1 1 0 0 0 1 1 1 1 
0 1 0 0 1 1 1 1 1 1 1 1 1 1 0 1 1 1 1 1 0 1 0 0 1 1 1 0 1 0 0 1 1 1 0 1 0 0 1 1 1 0 1 0 0 1 1 1 0 1 1 0 1 1 1 0 1 0 0 1 1 1 0 1 1 0 1 1 1 0 1 1 0 1 1 1 
1 1 0 0 1 0 1 1 1 1 1 1 1 1 1 1 1 1 0 1 1 1 0 0 1 0 1 1 1 0 0 1 0 1 1 1 0 0 1 0 1 1 1 0 0 1 0 1 1 1 1 1 1 0 1 1 1 0 0 1 0 1 1 1 1 1 1 0 1 1 1 1 1 1 0 1 
1 0 1 1 1 1 1 1 1 0 1 1 1 1 1 1 1 1 1 1 1 0 1 1 1 1 1 1 0 1 1 1 1 1 1 0 1 1 1 1 1 1 0 1 1 1 1 1 1 0 1 1 1 1 1 1 0 1 1 1 1 1 1 0 1 1 1 1 1 1 0 1 1 1 1 1 
1 0 1 1 1 1 1 1 1 1 1 1 1 1 1 1 1 1 1 1 1 0 1 1 1 1 1 1 0 1 1 1 1 1 1 0 1 1 1 1 1 1 0 1 1 1 1 1 1 0 1 1 1 1 1 1 0 1 1 1 1 1 1 0 1 1 1 1 1 1 0 1 1 1 1 1 
1 1 1 0 0 0 1 1 1 1 1 1 1 0 1 1 1 1 0 1 1 1 1 0 0 0 1 1 1 1 0 0 0 1 1 1 1 0 0 0 1 1 1 1 0 0 0 1 1 1 1 0 0 0 1 1 1 1 0 0 0 1 1 1 1 0 0 0 1 1 1 1 0 0 0 1 
1 1 1 0 1 1 1 1 1 1 1 1 1 0 1 1 1 1 1 1 1 1 1 0 1 1 1 1 1 1 0 1 1 1 1 1 1 0 1 1 1 1 1 1 0 1 1 1 1 1 1 0 1 1 1 1 1 1 0 1 1 1 1 1 1 0 1 1 1 1 1 1 0 1 1 1 
1 1 1 1 1 1 1 1 1 1 1 1 1 1 1 1 1 1 1 1 1 1 1 1 1 1 1 1 1 1 1 1 1 1 1 1 1 1 1 1 1 1 1 1 1 1 1 1 1 1 1 1 1 1 1 1 1 1 1 1 1 1 1 1 1 1 1 1 1 1 1 1 1 1 1 1 
1 1 1 1 1 1 1 1 1 1 1 1 1 1 1 1 1 1 1 1 1 1 1 1 1 1 1 1 1 1 1 1 1 1 1 1 1 1 1 1 1 1 1 1 1 1 1 1 1 1 1 1 1 1 1 1 1 1 1 1 1 1 1 1 1 1 1 1 1 1 1 1 1 1 1 1 
1 1 0 1 1 1 1 1 1 1 1 0 0 1 1 1 1 1 1 1 1 1 0 1 1 1 1 1 1 0 1 1 1 1 1 1 0 1 1 1 1 1 1 0 1 1 1 1 1 1 0 1 1 1 1 1 1 0 1 1 1 1 1 1 0 1 1 1 1 1 1 0 1 1 1 1 
1 1 1 0 1 1 1 1 1 1 1 1 1 1 0 1 1 1 1 1 1 1 1 0 1 1 1 1 1 1 0 1 1 1 1 1 1 0 1 1 1 1 1 1 0 1 1 1 1 1 1 0 1 1 1 1 1 1 0 1 1 1 1 1 1 0 1 1 1 1 1 1 0 1 1 1 
1 1 1 1 1 1 1 1 1 1 1 1 1 1 1 1 1 1 1 1 1 1 1 1 1 1 1 1 1 1 1 1 1 1 1 1 1 1 1 1 1 1 1 1 1 1 1 1 1 1 1 1 1 1 1 1 1 1 1 1 1 1 1 1 1 1 1 1 1 1 1 1 1 1 1 1 
1 0 1 1 1 1 1 1 1 0 1 1 1 1 1 1 1 1 1 1 1 0 1 1 1 1 1 1 0 1 1 1 1 1 1 0 1 1 1 1 1 1 0 1 1 1 1 1 1 0 1 1 1 1 1 1 0 1 1 1 1 1 1 0 1 1 1 1 1 1 0 1 1 1 1 1 
0 1 1 1 1 1 1 1 0 1 1 1 1 1 1 1 1 1 1 1 0 1 1 1 1 1 1 0 1 1 1 1 1 1 0 1 1 1 1 1 1 0 1 1 1 1 1 1 0 1 1 1 1 1 1 0 1 1 1 1 1 1 0 1 1 1 1 1 1 0 1 1 1 1 1 1 
1 1 1 1 0 1 1 1 1 1 1 1 1 1 1 1 1 1 1 1 1 1 1 1 0 1 1 1 1 1 1 0 1 1 1 1 1 1 0 1 1 1 1 1 1 0 1 1 1 1 1 1 1 1 1 1 1 1 1 0 1 1 1 1 1 1 1 1 1 1 1 1 1 1 1 1 
0 1 1 0 1 1 1 1 1 1 1 1 1 0 1 1 1 1 1 1 0 1 1 0 1 1 1 0 1 1 0 1 1 1 0 1 1 0 1 1 1 0 1 1 0 1 1 1 0 1 1 0 1 1 1 0 1 1 0 1 1 1 0 1 1 0 1 1 1 0 1 1 0 1 1 1 
0 0 0 1 1 1 1 0 1 1 0 0 1 1 1 1 1 1 1 1 0 0 0 1 1 1 1 0 0 0 1 1 1 1 0 0 0 1 1 1 1 0 0 0 1 1 1 1 0 0 0 1 1 1 1 0 0 0 1 1 1 1 0 0 0 1 1 1 1 0 0 0 1 1 1 1 
1 1 1 1 1 1 1 1 1 1 1 1 1 1 1 1 1 1 1 1 1 1 1 1 1 1 1 1 1 1 1 1 1 1 1 1 1 1 1 1 1 1 1 1 1 1 1 1 1 1 1 1 1 1 1 1 1 1 1 1 1 1 1 1 1 1 1 1 1 1 1 1 1 1 1 1 
1 0 1 1 0 1 0 1 1 1 1 1 1 1 1 0 1 1 1 0 1 0 1 1 0 1 0 1 0 1 1 0 1 0 1 0 1 1 0 1 0 1 0 1 1 0 1 0 1 0 1 1 0 1 0 1 0 1 1 0 1 0 1 0 1 1 0 1 0 1 0 1 1 0 1 0 
0 1 1 0 1 1 1 1 1 1 1 1 1 0 1 1 1 1 1 1 0 1 1 0 1 1 1 0 1 1 0 1 1 1 0 1 1 0 1 1 1 0 1 1 0 1 1 1 0 1 1 0 1 1 1 0 1 1 0 1 1 1 0 1 1 0 1 1 1 0 1 1 0 1 1 1 
1 1 1 0 1 0 1 1 1 1 1 1 1 0 1 1 1 1 1 1 1 1 1 0 1 0 1 1 1 1 0 1 0 1 1 1 1 0 1 0 1 1 1 1 0 1 0 1 1 1 1 0 1 1 1 1 1 1 0 1 0 1 1 1 1 0 1 1 1 1 1 1 0 1 1 1 
0 1 1 1 1 1 1 0 1 1 1 1 1 1 1 1 1 1 1 1 0 1 1 1 1 1 1 0 1 1 1 1 1 1 0 1 1 1 1 1 1 0 1 1 1 1 1 1 0 1 1 1 1 1 1 0 1 1 1 1 1 1 0 1 1 1 1 1 1 0 1 1 1 1 1 1 
1 1 1 1 1 1 1 1 1 1 1 1 1 1 1 1 1 1 1 1 1 1 1 1 1 1 1 1 1 1 1 1 1 1 1 1 1 1 1 1 1 1 1 1 1 1 1 1 1 1 1 1 1 1 1 1 1 1 1 1 1 1 1 1 1 1 1 1 1 1 1 1 1 1 1 1 
1 0 1 1 0 1 1 1 1 1 0 1 1 1 1 0 1 1 1 1 1 0 1 1 0 1 1 1 0 1 1 0 1 1 1 0 1 1 0 1 1 1 0 1 1 0 1 1 1 0 1 1 0 1 1 1 0 1 1 0 1 1 1 0 1 1 0 1 1 1 0 1 1 0 1 1 
1 1 1 1 0 0 1 1 1 1 1 1 1 1 1 1 0 1 1 1 1 1 1 1 0 0 1 1 1 1 1 0 0 1 1 1 1 1 0 0 1 1 1 1 1 0 0 1 1 1 1 1 0 1 1 1 1 1 1 0 0 1 1 1 1 1 0 1 1 1 1 1 1 0 1 1 
0 1 0 0 1 1 1 0 1 1 1 1 1 0 1 1 1 1 1 1 0 1 0 0 1 1 1 0 1 0 0 1 1 1 0 1 0 0 1 1 1 0 1 0 0 1 1 1 0 1 0 0 1 1 1 0 1 0 0 1 1 1 0 1 0 0 1 1 1 0 1 0 0 1 1 1 
1 1 1 1 1 1 1 1 1 1 1 1 1 1 1 1 1 1 1 1 1 1 1 1 1 1 1 1 1 1 1 1 1 1 1 1 1 1 1 1 1 1 1 1 1 1 1 1 1 1 1 1 1 1 1 1 1 1 1 1 1 1 1 1 1 1 1 1 1 1 1 1 1 1 1 1 
0 1 1 1 0 0 1 1 1 1 1 1 1 1 1 1 0 1 0 1 0 1 1 1 0 0 1 0 1 1 1 0 0 1 0 1 1 1 0 0 1 0 1 1 1 0 0 1 0 1 1 1 0 0 1 0 1 1 1 0 0 1 0 1 1 1 0 0 1 0 1 1 1 0 0 1 
1 1 1 0 1 1 1 1 1 1 1 1 1 0 1 1 1 1 1 1 1 1 1 0 1 1 1 1 1 1 0 1 1 1 1 1 1 0 1 1 1 1 1 1 0 1 1 1 1 1 1 0 1 1 1 1 1 1 0 1 1 1 1 1 1 0 1 1 1 1 1 1 0 1 1 1 
1 1 1 1 1 1 1 1 1 1 1 1 1 1 1 1 1 1 1 1 1 1 1 1 1 1 1 1 1 1 1 1 1 1 1 1 1 1 1 1 1 1 1 1 1 1 1 1 1 1 1 1 1 1 1 1 1 1 1 1 1 1 1 1 1 1 1 1 1 1 1 1 1 1 1 1 
1 1 1 1 1 1 1 1 1 1 1 1 1 1 1 1 1 1 1 1 1 1 1 1 1 1 1 1 1 1 1 1 1 1 1 1 1 1 1 1 1 1 1 1 1 1 1 1 1 1 1 1 1 1 1 1 1 1 1 1 1 1 1 1 1 1 1 1 1 1 1 1 1 1 1 1 
1 1 1 1 1 1 1 1 1 1 1 1 1 1 1 1 1 1 1 1 1 1 1 1 1 1 1 1 1 1 1 1 1 1 1 1 1 1 1 1 1 1 1 1 1 1 1 1 1 1 1 1 1 1 1 1 1 1 1 1 1 1 1 1 1 1 1 1 1 1 1 1 1 1 1 1 
1 1 0 1 1 0 1 1 1 1 1 1 0 1 1 1 1 1 0 1 1 1 0 1 1 0 1 1 1 0 1 1 0 1 1 1 0 1 1 0 1 1 1 0 1 1 0 1 1 1 0 1 1 0 1 1 1 0 1 1 0 1 1 1 0 1 1 0 1 1 1 0 1 1 0 1 
1 1 1 1 1 1 1 1 1 1 1 1 1 1 1 1 1 1 1 1 1 1 1 1 1 1 1 1 1 1 1 1 1 1 1 1 1 1 1 1 1 1 1 1 1 1 1 1 1 1 1 1 1 1 1 1 1 1 1 1 1 1 1 1 1 1 1 1 1 1 1 1 1 1 1 1 
1 1 1 1 1 0 1 1 1 1 1 1 1 1 1 1 1 0 0 1 1 1 1 1 1 0 1 1 1 1 1 1 0 1 1 1 1 1 1 0 1 1 1 1 1 1 0 1 1 1 1 1 1 0 1 1 1 1 1 1 0 1 1 1 1 1 1 0 1 1 1 1 1 1 0 1 
1 1 1 1 1 1 1 1 1 1 1 1 1 1 1 1 1 1 1 1 1 1 1 1 1 1 1 1 1 1 1 1 1 1 1 1 1 1 1 1 1 1 1 1 1 1 1 1 1 1 1 1 1 1 1 1 1 1 1 1 1 1 1 1 1 1 1 1 1 1 1 1 1 1 1 1 
1 1 1 1 1 1 1 1 1 1 1 1 1 1 1 1 1 1 1 1 1 1 1 1 1 1 1 1 1 1 1 1 1 1 1 1 1 1 1 1 1 1 1 1 1 1 1 1 1 1 1 1 1 1 1 1 1 1 1 1 1 1 1 1 1 1 1 1 1 1 1 1 1 1 1 1 
1 1 0 1 1 1 1 1 1 1 1 1 1 1 1 1 1 1 1 1 1 1 0 1 1 1 1 1 1 0 1 1 1 1 1 1 0 1 1 1 1 1 1 0 1 1 1 1 1 1 1 1 1 1 1 1 1 0 1 1 1 1 1 1 1 1 1 1 1 1 1 1 1 1 1 1 
1 0 1 0 1 1 1 1 1 1 1 1 1 1 1 1 1 1 1 1 1 0 1 0 1 1 1 1 0 1 0 1 1 1 1 0 1 0 1 1 1 1 0 1 0 1 1 1 1 1 1 1 1 1 1 1 0 1 0 1 1 1 1 1 1 1 1 1 1 1 1 1 1 1 1 1 
1 1 1 1 0 1 1 1 1 1 1 1 1 1 1 0 1 1 1 1 1 1 1 1 0 1 1 1 1 1 1 0 1 1 1 1 1 1 0 1 1 1 1 1 1 0 1 1 1 1 1 1 0 1 1 1 1 1 1 0 1 1 1 1 1 1 0 1 1 1 1 1 1 0 1 1 
1 1 1 1 1 1 1 1 1 1 1 1 1 1 1 1 1 1 1 1 1 1 1 1 1 1 1 1 1 1 1 1 1 1 1 1 1 1 1 1 1 1 1 1 1 1 1 1 1 1 1 1 1 1 1 1 1 1 1 1 1 1 1 1 1 1 1 1 1 1 1 1 1 1 1 1 
1 0 0 0 1 1 1 1 1 1 0 1 0 1 1 1 1 1 1 1 1 0 0 0 1 1 1 1 0 0 0 1 1 1 1 0 0 0 1 1 1 1 0 0 0 1 1 1 1 0 0 1 1 1 1 1 0 0 0 1 1 1 1 0 0 1 1 1 1 1 0 0 1 1 1 1 
1 1 1 1 1 1 1 1 1 1 1 1 1 1 1 1 1 1 1 1 1 1 1 1 1 1 1 1 1 1 1 1 1 1 1 1 1 1 1 1 1 1 1 1 1 1 1 1 1 1 1 1 1 1 1 1 1 1 1 1 1 1 1 1 1 1 1 1 1 1 1 1 1 1 1 1 
0 1 1 1 1 1 1 1 0 1 1 1 1 1 1 1 1 1 1 1 0 1 1 1 1 1 1 0 1 1 1 1 1 1 0 1 1 1 1 1 1 0 1 1 1 1 1 1 0 1 1 1 1 1 1 0 1 1 1 1 1 1 0 1 1 1 1 1 1 0 1 1 1 1 1 1 
1 1 0 1 1 1 0 1 1 1 1 0 1 1 1 1 1 1 1 0 1 1 0 1 1 1 0 1 1 0 1 1 1 0 1 1 0 1 1 1 0 1 1 0 1 1 1 0 1 1 0 1 1 1 0 1 1 0 1 1 1 0 1 1 0 1 1 1 0 1 1 0 1 1 1 0 
1 1 0 1 1 1 1 1 1 1 1 0 1 1 1 1 1 1 1 1 1 1 0 1 1 1 1 1 1 0 1 1 1 1 1 1 0 1 1 1 1 1 1 0 1 1 1 1 1 1 0 1 1 1 1 1 1 0 1 1 1 1 1 1 0 1 1 1 1 1 1 0 1 1 1 1 
1 0 0 1 1 1 1 1 1 1 0 1 0 1 1 1 1 1 1 1 1 0 0 1 1 1 1 1 0 0 1 1 1 1 1 0 0 1 1 1 1 1 0 0 1 1 1 1 1 0 0 1 1 1 1 1 0 0 1 1 1 1 1 0 0 1 1 1 1 1 0 0 1 1 1 1 
1 1 0 1 1 1 1 1 1 1 1 1 0 1 1 1 1 1 1 1 1 1 0 1 1 1 1 1 1 0 1 1 1 1 1 1 0 1 1 1 1 1 1 0 1 1 1 1 1 1 0 1 1 1 1 1 1 0 1 1 1 1 1 1 0 1 1 1 1 1 1 0 1 1 1 1 
]

EmployeeWantedInStint: [ (1 62) 1 (1 66) 1 (1 68) 1 (2 8) 1 (3 33) 1 (3 43) 1 (4 3) 1 (4 58) 1 (4 72) 1 (5 9) 1 (5 55) 1 (6 26) 1 (6 32) 1 (6 45) 1 (7 16) 1 (7 37) 1 (7 55) 1 (7 73) 1 (9 32) 1 (10 74) 1 (12 34) 1 (12 39) 1 (12 63) 1 (14 5) 1 (15 45) 1 (16 69) 1 (17 70) 1 (18 22) 1 (18 26) 1 (19 11) 1 (19 35) 1 (19 70) 1 (20 5) 1 (20 28) 1 (21 24) 1 (22 49) 1 (24 57) 1 (24 63) 1 (24 70) 1 (25 37) 1 (25 38) 1 (25 64) 1 (26 1) 1 (26 42) 1 (28 29) 1 (28 68) 1 (30 29) 1 (30 45) 1 (30 58) 1 (31 31) 1 (31 41) 1 (31 61) 1 (32 1) 1 (32 12) 1 (32 73) 1 (32 75) 1 (33 67) 1 (34 4) 1 (34 35) 1 (35 16) 1 (36 42) 1 (36 58) 1 (37 9) 1 (37 52) 1 (38 28) 1 (39 42) 1 (40 42) 1 (40 64) 1 (40 71) 1 (41 59) 1 (42 45) 1 (43 41) 1 (43 55) 1 (44 12) 1 (44 62) 1 (45 12) 1 (45 21) 1 (46 47) 1 (47 11) 1 (47 45) 1 (47 64) 1 (47 76) 1 (48 21) 1 (48 42) 1 (49 26) 1 (50 3) 1 (50 16) 1 (50 73) 1 (51 62) 1 (52 19) 1 (52 40) 1 (52 63) 1 (53 31) 1 (53 76) 1 (54 41) 1 (55 72) 1 (56 55) 1 (57 55) 1 (58 13) 1 (59 34) 1 (59 57) 1 (60 9) 1 (61 60) 1 (61 67) 1 (61 69) 1 (63 50) 1 (63 54) 1 (63 73) 1 (64 75) 1 (65 16) 1 (65 41) 1 (70 73) 1 (73 47) 1 (73 69) 1 (74 27) 1 (74 75) 1 (75 30) 1 (75 32) 1 (76 38) 1 (76 44) 1 (77 21) 1 (79 22) 1 (79 36) 1 (80 76) 1 (81 34) 1 (82 63) 1 (83 54) 1 (84 17) 1 (84 25) 1 (85 1) 1 (85 56) 1 (87 12) 1 (87 66) 1 (88 28) 1 (89 39) 1 (89 56) 1 (90 1) 1 (90 45) 1 ]

EmployeeWantedViolationCost: [ (1 62) 12000 (1 66) 13000 (1 68) 9000 (2 8) 11000 (3 33) 5000 (3 43) 6000 (4 3) 9000 (4 58) 15000 (4 72) 11000 (5 9) 6000 (5 55) 5000 (6 26) 11000 (6 32) 11000 (6 45) 8000 (7 16) 6000 (7 37) 15000 (7 55) 6000 (7 73) 5000 (9 32) 10000 (10 74) 15000 (12 34) 11000 (12 39) 9000 (12 63) 9000 (14 5) 15000 (15 45) 6000 (16 69) 12000 (17 70) 8000 (18 22) 12000 (18 26) 9000 (19 11) 13000 (19 35) 11000 (19 70) 10000 (20 5) 10000 (20 28) 5000 (21 24) 8000 (22 49) 7000 (24 57) 9000 (24 63) 14000 (24 70) 9000 (25 37) 6000 (25 38) 8000 (25 64) 10000 (26 1) 15000 (26 42) 14000 (28 29) 15000 (28 68) 10000 (30 29) 5000 (30 45) 6000 (30 58) 14000 (31 31) 13000 (31 41) 9000 (31 61) 7000 (32 1) 12000 (32 12) 7000 (32 73) 8000 (32 75) 8000 (33 67) 7000 (34 4) 10000 (34 35) 12000 (35 16) 14000 (36 42) 9000 (36 58) 5000 (37 9) 14000 (37 52) 9000 (38 28) 8000 (39 42) 10000 (40 42) 15000 (40 64) 13000 (40 71) 9000 (41 59) 14000 (42 45) 14000 (43 41) 6000 (43 55) 10000 (44 12) 8000 (44 62) 9000 (45 12) 13000 (45 21) 6000 (46 47) 7000 (47 11) 14000 (47 45) 10000 (47 64) 10000 (47 76) 5000 (48 21) 9000 (48 42) 10000 (49 26) 8000 (50 3) 9000 (50 16) 5000 (50 73) 13000 (51 62) 10000 (52 19) 11000 (52 40) 13000 (52 63) 10000 (53 31) 11000 (53 76) 12000 (54 41) 5000 (55 72) 8000 (56 55) 6000 (57 55) 11000 (58 13) 14000 (59 34) 9000 (59 57) 11000 (60 9) 11000 (61 60) 15000 (61 67) 9000 (61 69) 6000 (63 50) 13000 (63 54) 6000 (63 73) 15000 (64 75) 8000 (65 16) 5000 (65 41) 11000 (70 73) 7000 (73 47) 7000 (73 69) 8000 (74 27) 6000 (74 75) 7000 (75 30) 11000 (75 32) 14000 (76 38) 6000 (76 44) 7000 (77 21) 13000 (79 22) 5000 (79 36) 6000 (80 76) 6000 (81 34) 14000 (82 63) 5000 (83 54) 11000 (84 17) 14000 (84 25) 10000 (85 1) 12000 (85 56) 7000 (87 12) 14000 (87 66) 11000 (88 28) 14000 (89 39) 9000 (89 56) 9000 (90 1) 11000 (90 45) 13000 ]

EmployeesThatShouldNotWorkTogetherWithEmployee: [
[ 16 80 ]
[ 14 20 64 84 ]
[ 7 ]
[ 21 24 25 27 47 82 ]
[ 21 48 73 ]
[ 17 47 49 ]
[ 10 24 ]
[ 22 36 48 73 80 ]
[ 13 17 20 32 47 64 ]
[ 12 50 56 60 ]
[ 24 ]
[ 38 54 59 84 ]
[ 55 65 89 ]
[ 34 53 81 ]
[ 23 27 52 56 63 ]
[ 38 63 82 ]
[ 21 22 43 54 67 82 83 86 ]
[ 36 42 62 66 81 90 ]
[ 37 44 ]
[ 30 41 45 63 ]
[ 42 56 69 89 90 ]
[ 25 34 41 76 89 ]
[ 47 ]
[ 38 73 85 ]
[ 42 ]
[ 86 ]
[ 36 60 71 78 ]
[ 49 58 65 ]
[ 31 59 68 72 84 87 ]
[ 77 83 89 ]
[ 46 59 68 79 ]
[ 43 49 56 74 ]
[ 52 83 ]
[ 41 45 49 68 81 85 ]
[ 36 42 84 ]
[ ]
[ 49 55 64 ]
[ 41 ]
[ 54 74 82 88 ]
[ 82 ]
[ 54 64 79 ]
[ 64 77 ]
[ 53 55 70 ]
[ 64 77 ]
[ ]
[ ]
[ 69 ]
[ ]
[ 74 83 ]
[ 86 ]
[ 59 77 ]
[ 67 70 76 ]
[ 64 75 89 ]
[ ]
[ ]
[ 72 ]
[ 74 ]
[ 63 ]
[ 78 83 ]
[ 64 ]
[ 86 ]
[ 65 68 ]
[ ]
[ ]
[ ]
[ 86 ]
[ 85 ]
[ 71 ]
[ 82 85 89 ]
[ 79 85 ]
[ ]
[ 82 ]
[ 75 77 ]
[ 79 85 ]
[ 80 87 ]
[ ]
[ ]
[ ]
[ 85 88 ]
[ 82 ]
[ ]
[ ]
[ ]
[ ]
[ ]
[ ]
[ ]
[ ]
[ ]
[ ]
]

ShouldNotWorkTogetherCost: [ (1 16) 198 (1 80) 99 (2 14) 396 (2 20) 396 (2 64) 99 (2 84) 99 (3 7) 396 (4 21) 396 (4 24) 297 (4 25) 396 (4 27) 297 (4 47) 396 (4 82) 198 (5 21) 396 (5 48) 198 (5 73) 198 (6 17) 99 (6 47) 99 (6 49) 297 (7 10) 99 (7 24) 297 (8 22) 99 (8 36) 297 (8 48) 396 (8 73) 99 (8 80) 396 (9 13) 99 (9 17) 297 (9 20) 99 (9 32) 396 (9 47) 396 (9 64) 396 (10 12) 99 (10 50) 198 (10 56) 99 (10 60) 297 (11 24) 297 (12 38) 396 (12 54) 297 (12 59) 297 (12 84) 396 (13 55) 99 (13 65) 99 (13 89) 99 (14 34) 396 (14 53) 396 (14 81) 396 (15 23) 396 (15 27) 297 (15 52) 297 (15 56) 99 (15 63) 396 (16 38) 198 (16 63) 198 (16 82) 396 (17 21) 99 (17 22) 396 (17 43) 297 (17 54) 99 (17 67) 198 (17 82) 99 (17 83) 99 (17 86) 396 (18 36) 297 (18 42) 396 (18 62) 297 (18 66) 297 (18 81) 396 (18 90) 396 (19 37) 396 (19 44) 99 (20 30) 198 (20 41) 198 (20 45) 297 (20 63) 198 (21 42) 99 (21 56) 297 (21 69) 297 (21 89) 99 (21 90) 99 (22 25) 297 (22 34) 396 (22 41) 99 (22 76) 396 (22 89) 297 (23 47) 99 (24 38) 99 (24 73) 198 (24 85) 198 (25 42) 396 (26 86) 99 (27 36) 297 (27 60) 297 (27 71) 198 (27 78) 396 (28 49) 99 (28 58) 198 (28 65) 396 (29 31) 198 (29 59) 396 (29 68) 297 (29 72) 198 (29 84) 198 (29 87) 396 (30 77) 198 (30 83) 396 (30 89) 198 (31 46) 396 (31 59) 99 (31 68) 99 (31 79) 396 (32 43) 99 (32 49) 297 (32 56) 297 (32 74) 198 (33 52) 396 (33 83) 198 (34 41) 297 (34 45) 396 (34 49) 297 (34 68) 297 (34 81) 396 (34 85) 396 (35 36) 396 (35 42) 198 (35 84) 198 (37 49) 99 (37 55) 198 (37 64) 297 (38 41) 99 (39 54) 297 (39 74) 99 (39 82) 198 (39 88) 99 (40 82) 297 (41 54) 198 (41 64) 396 (41 79) 297 (42 64) 396 (42 77) 99 (43 53) 396 (43 55) 99 (43 70) 297 (44 64) 396 (44 77) 396 (47 69) 297 (49 74) 198 (49 83) 198 (50 86) 297 (51 59) 297 (51 77) 396 (52 67) 99 (52 70) 198 (52 76) 297 (53 64) 297 (53 75) 99 (53 89) 198 (56 72) 99 (57 74) 99 (58 63) 99 (59 78) 99 (59 83) 99 (60 64) 198 (61 86) 297 (62 65) 297 (62 68) 99 (66 86) 396 (67 85) 198 (68 71) 198 (69 82) 297 (69 85) 297 (69 89) 99 (70 79) 396 (70 85) 396 (72 82) 99 (73 75) 297 (73 77) 99 (74 79) 396 (74 85) 99 (75 80) 198 (75 87) 99 (79 85) 198 (79 88) 198 (80 82) 297 ]

ImmediatePredecessorsToActivity: [
[ ]
[ 1 ]
[ 1 ]
[ 1 ]
[ 1 ]
[ 4 ]
[ 1 ]
[ 2 4 ]
[ 3 6 7 ]
[ 2 3 ]
[ 5 8 ]
[ 10 11 ]
[ 7 8 ]
[ 6 7 10 ]
[ 8 9 10 ]
[ ]
[ 16 ]
[ 16 ]
[ 16 ]
[ 17 18 ]
[ 16 ]
[ 16 ]
[ 20 22 ]
[ 17 22 ]
[ 16 ]
[ 16 ]
[ ]
[ 27 ]
[ 27 ]
[ 27 ]
[ 27 ]
[ 27 ]
[ 28 31 ]
[ 29 30 ]
[ 32 ]
[ 27 ]
[ 36 ]
[ 27 ]
[ 29 32 33 37 ]
[ ]
[ 40 ]
[ 41 ]
[ 40 ]
[ 42 43 ]
[ 42 ]
[ 43 ]
[ 40 ]
[ 41 ]
[ 45 ]
[ 45 48 ]
[ 45 ]
[ 44 ]
[ 46 ]
[ 41 47 50 51 ]
[ ]
[ 55 ]
[ 56 ]
[ 55 ]
[ 57 58 ]
[ 55 ]
[ 58 ]
[ 60 ]
[ 56 ]
[ 60 ]
[ 64 ]
[ 59 62 63 64 ]
[ 62 64 ]
[ 55 ]
[ 56 68 ]
[ 57 65 ]
[ 58 63 64 68 ]
[ 60 ]
[ 67 68 ]
[ 62 65 68 72 ]
[ 68 72 ]
[ 55 ]
[ ]
[ 77 ]
[ 77 ]
[ 79 ]
[ 77 ]
[ 77 ]
[ 77 ]
[ 83 ]
[ 84 ]
[ 78 81 84 ]
[ 80 81 82 83 ]
[ 77 ]
[ 87 ]
[ 80 82 86 88 ]
[ 86 89 ]
[ 79 82 84 ]
[ ]
[ 93 ]
[ 94 ]
[ 93 ]
[ 93 ]
[ 94 ]
[ 98 ]
[ 96 99 ]
[ 95 ]
[ 94 ]
[ 97 ]
[ 99 103 ]
[ 98 100 ]
[ 95 97 98 100 ]
[ 96 ]
[ 100 101 103 ]
[ 101 102 104 106 107 ]
[ 102 103 106 ]
[ 93 ]
[ 95 97 99 ]
[ 95 102 104 105 111 ]
[ ]
[ 114 ]
[ 115 ]
[ 115 ]
[ 116 ]
[ 116 ]
[ 118 ]
[ 114 ]
[ 120 121 ]
[ 119 121 ]
[ 120 121 ]
[ 123 ]
[ 123 ]
[ 123 ]
[ 119 ]
[ 115 121 128 ]
[ 118 121 ]
[ 123 128 130 ]
[ 117 119 ]
[ 123 ]
[ 116 125 ]
[ 116 ]
[ 123 129 ]
[ 120 121 128 ]
[ 119 135 ]
[ ]
[ 139 ]
[ 139 ]
[ 140 141 ]
[ 139 ]
[ 142 143 ]
[ 140 144 ]
[ 144 ]
[ 142 143 ]
[ 139 ]
[ 141 148 ]
[ 140 ]
[ 143 ]
[ 151 ]
[ 148 ]
[ 145 ]
[ ]
[ 155 ]
[ 155 ]
[ 157 ]
[ 158 ]
[ 156 157 159 ]
[ 159 ]
[ 160 161 ]
[ 157 ]
[ 157 ]
[ 155 ]
[ 160 161 ]
[ 159 ]
[ 165 166 ]
[ 160 163 ]
[ 156 166 ]
[ 158 166 ]
[ 158 161 ]
[ 165 166 ]
[ 159 163 ]
[ 161 164 ]
[ 161 ]
]

ActivitiesInProject: [
[ 1 2 3 4 5 6 7 8 9 10 11 12 13 14 15 ]
[ 16 17 18 19 20 21 22 23 24 25 26 ]
[ 27 28 29 30 31 32 33 34 35 36 37 38 39 ]
[ 40 41 42 43 44 45 46 47 48 49 50 51 52 53 54 ]
[ 55 56 57 58 59 60 61 62 63 64 65 66 67 68 69 70 71 72 73 74 75 76 ]
[ 77 78 79 80 81 82 83 84 85 86 87 88 89 90 91 92 ]
[ 93 94 95 96 97 98 99 100 101 102 103 104 105 106 107 108 109 110 111 112 113 ]
[ 114 115 116 117 118 119 120 121 122 123 124 125 126 127 128 129 130 131 132 133 134 135 136 137 138 ]
[ 139 140 141 142 143 144 145 146 147 148 149 150 151 152 153 154 ]
[ 155 156 157 158 159 160 161 162 163 164 165 166 167 168 169 170 171 172 173 174 175 176 ]
]

nActivityModes: [ 3 3 3 3 3 3 3 3 3 3 3 3 3 3 3 3 3 3 3 3 3 3 3 3 3 3 3 3 3 3 3 3 3 3 3 3 3 3 3 3 3 3 3 3 3 3 3 3 3 3 3 3 3 3 3 3 3 3 3 3 3 3 3 3 3 3 3 3 3 3 3 3 3 3 3 3 3 3 3 3 3 3 3 3 3 3 3 3 3 3 3 3 3 3 3 3 3 3 3 3 3 3 3 3 3 3 3 3 3 3 3 3 3 3 3 3 3 3 3 3 3 3 3 3 3 3 3 3 3 3 3 3 3 3 3 3 3 3 3 3 3 3 3 3 3 3 3 3 3 3 3 3 3 3 3 3 3 3 3 3 3 3 3 3 3 3 3 3 3 3 3 3 3 3 3 3 ]

ActivityDurationWithMode: [
1	1	1	
17	12	23	
8	6	11	
6	4	8	
17	12	23	
5	4	7	
11	8	15	
6	4	8	
7	5	10	
6	4	8	
11	8	15	
5	4	7	
12	8	16	
8	6	11	
15	10	20	
1	1	1	
6	4	8	
7	5	10	
21	14	28	
3	2	4	
6	4	8	
4	3	6	
8	6	11	
10	7	14	
18	12	24	
3	2	4	
1	1	1	
11	8	15	
29	20	39	
27	18	36	
15	10	20	
9	6	12	
6	4	8	
4	3	6	
20	14	27	
9	6	12	
5	4	7	
11	8	15	
4	3	6	
1	1	1	
6	4	8	
13	9	18	
6	4	8	
11	8	15	
5	4	7	
5	4	7	
15	10	20	
14	10	19	
13	9	18	
5	4	7	
12	8	16	
7	5	10	
17	12	23	
4	3	6	
1	1	1	
13	9	18	
21	14	28	
19	13	26	
15	10	20	
10	7	14	
41	28	55	
26	18	35	
9	6	12	
29	20	39	
8	6	11	
12	8	16	
10	7	14	
39	26	52	
8	6	11	
10	7	14	
15	10	20	
7	5	10	
11	8	15	
9	6	12	
8	6	11	
38	26	51	
1	1	1	
11	8	15	
7	5	10	
5	4	7	
6	4	8	
5	4	7	
8	6	11	
9	6	12	
10	7	14	
7	5	10	
8	6	11	
5	4	7	
6	4	8	
9	6	12	
12	8	16	
15	10	20	
1	1	1	
8	6	11	
11	8	15	
7	5	10	
6	4	8	
10	7	14	
6	4	8	
6	4	8	
15	10	20	
29	20	39	
18	12	24	
7	5	10	
6	4	8	
12	8	16	
23	16	31	
15	10	20	
6	4	8	
10	7	14	
42	28	56	
19	13	26	
6	4	8	
1	1	1	
13	9	18	
12	8	16	
23	16	31	
9	6	12	
8	6	11	
16	11	22	
22	15	30	
17	12	23	
13	9	18	
9	6	12	
9	6	12	
22	15	30	
11	8	15	
11	8	15	
8	6	11	
24	16	32	
9	6	12	
21	14	28	
21	14	28	
13	9	18	
7	5	10	
13	9	18	
17	12	23	
34	23	46	
1	1	1	
16	11	22	
6	4	8	
5	4	7	
6	4	8	
6	4	8	
5	4	7	
9	6	12	
12	8	16	
8	6	11	
6	4	8	
9	6	12	
9	6	12	
5	4	7	
19	13	26	
6	4	8	
1	1	1	
9	6	12	
7	5	10	
8	6	11	
11	8	15	
9	6	12	
10	7	14	
6	4	8	
24	16	32	
11	8	15	
8	6	11	
7	5	10	
23	16	31	
6	4	8	
10	7	14	
6	4	8	
7	5	10	
9	6	12	
7	5	10	
16	11	22	
7	5	10	
14	10	19	
]

StintsInProject: [
[ 1 2 3 4 5 6 7 ]
[ 8 9 10 11 12 13 14 15 16 17 18 19 20 ]
[ 21 22 23 24 25 26 27 ]
[ 28 29 30 31 32 33 34 ]
[ 35 36 37 38 39 40 41 ]
[ 42 43 44 45 46 47 48 ]
[ 49 50 51 52 53 54 55 ]
[ 56 57 58 59 60 61 62 ]
[ 63 64 65 66 67 68 69 ]
[ 70 71 72 73 74 75 76 ]
]

WorkingStintsOnDay: [
[ 1 8 21 28 35 42 49 56 63 70 ]
[ 1 8 21 28 35 42 49 56 63 70 ]
[ 1 8 21 28 35 42 49 56 63 70 ]
[ 1 8 21 28 35 42 49 56 63 70 ]
[ 1 8 21 28 35 42 49 56 63 70 ]
[ 1 21 28 35 42 49 56 63 70 ]
[ 1 21 28 35 42 49 56 63 70 ]
[ 1 9 21 28 35 42 49 56 63 70 ]
[ 1 9 21 28 35 42 49 56 63 70 ]
[ 1 9 21 28 35 42 49 56 63 70 ]
[ 1 9 21 28 35 42 49 56 63 70 ]
[ 1 9 21 28 35 42 49 56 63 70 ]
[ 1 21 28 35 42 56 ]
[ 1 21 28 35 42 56 ]
[ 2 10 22 29 36 43 50 57 64 71 ]
[ 2 10 22 29 36 43 50 57 64 71 ]
[ 2 10 22 29 36 43 50 57 64 71 ]
[ 2 10 22 29 36 43 50 57 64 71 ]
[ 2 10 22 29 36 43 50 57 64 71 ]
[ 2 22 29 36 43 50 57 64 71 ]
[ 2 22 29 36 43 50 57 64 71 ]
[ 2 11 22 29 36 43 50 57 64 71 ]
[ 2 11 22 29 36 43 50 57 64 71 ]
[ 2 11 22 29 36 43 50 57 64 71 ]
[ 2 11 22 29 36 43 50 57 64 71 ]
[ 2 11 22 29 36 43 50 57 64 71 ]
[ 2 22 29 36 43 57 ]
[ 2 22 29 36 43 57 ]
[ 3 12 23 30 37 44 51 58 65 72 ]
[ 3 12 23 30 37 44 51 58 65 72 ]
[ 3 12 23 30 37 44 51 58 65 72 ]
[ 3 12 23 30 37 44 51 58 65 72 ]
[ 3 12 23 30 37 44 51 58 65 72 ]
[ 3 23 30 37 44 51 58 65 72 ]
[ 3 23 30 37 44 51 58 65 72 ]
[ 3 13 23 30 37 44 51 58 65 72 ]
[ 3 13 23 30 37 44 51 58 65 72 ]
[ 3 13 23 30 37 44 51 58 65 72 ]
[ 3 13 23 30 37 44 51 58 65 72 ]
[ 3 13 23 30 37 44 51 58 65 72 ]
[ 3 23 30 37 44 58 ]
[ 3 23 30 37 44 58 ]
[ 4 14 24 31 38 45 52 59 66 73 ]
[ 4 14 24 31 38 45 52 59 66 73 ]
[ 4 14 24 31 38 45 52 59 66 73 ]
[ 4 14 24 31 38 45 52 59 66 73 ]
[ 4 14 24 31 38 45 52 59 66 73 ]
[ 4 24 31 38 45 52 59 66 73 ]
[ 4 24 31 38 45 52 59 66 73 ]
[ 4 15 24 31 38 45 52 59 66 73 ]
[ 4 15 24 31 38 45 52 59 66 73 ]
[ 4 15 24 31 38 45 52 59 66 73 ]
[ 4 15 24 31 38 45 52 59 66 73 ]
[ 4 15 24 31 38 45 52 59 66 73 ]
[ 4 24 31 38 45 59 ]
[ 4 24 31 38 45 59 ]
[ 5 16 25 32 39 46 53 60 67 74 ]
[ 5 16 25 32 39 46 53 60 67 74 ]
[ 5 16 25 32 39 46 53 60 67 74 ]
[ 5 16 25 32 39 46 53 60 67 74 ]
[ 5 16 25 32 39 46 53 60 67 74 ]
[ 5 25 32 39 46 53 60 67 74 ]
[ 5 25 32 39 46 53 60 67 74 ]
[ 5 17 25 32 39 46 53 60 67 74 ]
[ 5 17 25 32 39 46 53 60 67 74 ]
[ 5 17 25 32 39 46 53 60 67 74 ]
[ 5 17 25 32 39 46 53 60 67 74 ]
[ 5 17 25 32 39 46 53 60 67 74 ]
[ 5 25 32 39 46 60 ]
[ 5 25 32 39 46 60 ]
[ 6 18 26 33 40 47 54 61 68 75 ]
[ 6 18 26 33 40 47 54 61 68 75 ]
[ 6 18 26 33 40 47 54 61 68 75 ]
[ 6 18 26 33 40 47 54 61 68 75 ]
[ 6 18 26 33 40 47 54 61 68 75 ]
[ 6 26 33 40 47 54 61 68 75 ]
[ 6 26 33 40 47 54 61 68 75 ]
[ 6 19 26 33 40 47 54 61 68 75 ]
[ 6 19 26 33 40 47 54 61 68 75 ]
[ 6 19 26 33 40 47 54 61 68 75 ]
[ 6 19 26 33 40 47 54 61 68 75 ]
[ 6 19 26 33 40 47 54 61 68 75 ]
[ 6 26 33 40 47 61 ]
[ 6 26 33 40 47 61 ]
[ 7 20 27 34 41 48 55 62 69 76 ]
[ 7 20 27 34 41 48 55 62 69 76 ]
[ 7 20 27 34 41 48 55 62 69 76 ]
[ 7 20 27 34 41 48 55 62 69 76 ]
[ 7 20 27 34 41 48 55 62 69 76 ]
[ 7 27 34 41 48 55 62 69 76 ]
]

ProjectStart: [ 28 18 29 28 21 16 21 8 10 12 ]

ProjectEnd: [ 70 47 63 69 83 61 81 78 55 73 ]

EarliestStartDayForActivity: [ 1 28 28 28 28 34 28 45 39 45 51 62 51 51 51 1 18 18 18 27 18 18 32 26 18 18 1 29 29 29 29 29 44 58 38 29 38 29 58 1 28 34 28 47 47 34 28 34 52 52 52 58 39 64 1 21 34 21 55 21 40 31 34 31 60 70 60 21 60 68 60 31 70 68 60 21 1 16 16 23 16 16 16 24 33 33 28 16 36 40 42 33 1 21 31 21 21 31 41 49 44 31 27 49 55 55 30 61 69 69 21 49 69 1 8 21 21 33 33 42 8 58 41 58 54 54 54 41 52 42 66 44 54 63 33 60 58 41 1 10 10 30 10 35 41 41 35 10 20 30 18 27 20 48 1 12 12 21 31 44 44 54 21 21 12 54 44 63 53 63 63 54 63 49 54 54 ]

LatestStartDayForActivity: [ 1 70 70 70 70 70 70 70 70 70 70 70 70 70 70 1 47 47 47 47 47 47 47 47 47 47 1 63 63 63 63 63 63 63 63 63 63 63 63 1 69 69 69 69 69 69 69 69 69 69 69 69 69 69 1 83 83 83 83 83 83 83 83 83 83 83 83 83 83 83 83 83 83 83 83 83 1 61 61 61 61 61 61 61 61 61 61 61 61 61 61 61 1 81 81 81 81 81 81 81 81 81 81 81 81 81 81 81 81 81 81 81 81 1 78 78 78 78 78 78 78 78 78 78 78 78 78 78 78 78 78 78 78 78 78 78 78 78 1 55 55 55 55 55 55 55 55 55 55 55 55 55 55 55 1 73 73 73 73 73 73 73 73 73 73 73 73 73 73 73 73 73 73 73 73 73 ]

EquipmentTypeDemandInActivityWithMode: [
0	0	0	
0	1	0	
0	1	0	
1	3	1	
1	3	1	
0	1	0	
1	3	1	
1	3	1	
0	1	0	
1	3	1	
1	3	1	
1	3	1	
1	3	1	
0	1	0	
0	1	0	
0	0	0	
0	1	0	
1	3	1	
1	3	1	
0	1	0	
0	1	0	
1	3	1	
0	1	0	
0	1	0	
0	1	0	
0	1	0	
0	0	0	
1	3	1	
1	3	1	
0	1	0	
0	1	0	
1	3	1	
0	1	0	
0	1	0	
0	1	0	
0	1	0	
0	1	0	
1	3	1	
0	1	0	
0	0	0	
1	3	1	
2	4	2	
2	4	2	
0	1	0	
0	1	0	
2	4	2	
0	1	0	
0	1	0	
0	1	0	
0	1	0	
0	1	0	
0	1	0	
0	1	0	
1	3	1	
0	0	0	
0	1	0	
0	1	0	
0	1	0	
0	1	0	
0	1	0	
0	1	0	
2	4	2	
0	1	0	
2	4	2	
0	1	0	
0	1	0	
1	3	1	
1	3	1	
1	3	1	
1	3	1	
1	3	1	
1	3	1	
1	3	1	
0	1	0	
0	1	0	
0	1	0	
0	0	0	
1	3	1	
1	3	1	
0	1	0	
1	3	1	
0	1	0	
0	1	0	
0	1	0	
0	1	0	
0	1	0	
0	1	0	
2	4	2	
1	3	1	
2	4	2	
0	1	0	
2	4	2	
0	0	0	
0	1	0	
2	4	2	
0	1	0	
1	3	1	
0	1	0	
0	1	0	
2	4	2	
0	1	0	
0	1	0	
0	1	0	
2	4	2	
1	3	1	
0	1	0	
1	3	1	
2	4	2	
0	1	0	
0	1	0	
1	3	1	
0	1	0	
0	1	0	
0	0	0	
1	3	1	
0	1	0	
1	3	1	
1	3	1	
0	1	0	
1	3	1	
1	3	1	
0	1	0	
1	3	1	
2	4	2	
0	1	0	
1	3	1	
0	1	0	
1	3	1	
1	3	1	
0	1	0	
1	3	1	
2	4	2	
1	3	1	
0	1	0	
0	1	0	
0	1	0	
1	3	1	
0	1	0	
0	0	0	
0	1	0	
0	1	0	
0	1	0	
1	3	1	
1	3	1	
1	3	1	
0	1	0	
0	1	0	
1	3	1	
1	3	1	
0	1	0	
1	3	1	
1	3	1	
0	1	0	
3	6	2	
0	0	0	
2	4	2	
0	1	0	
0	1	0	
0	1	0	
1	3	1	
1	3	1	
1	3	1	
0	1	0	
1	3	1	
0	1	0	
1	3	1	
0	1	0	
0	1	0	
0	1	0	
1	3	1	
0	1	0	
0	1	0	
0	1	0	
2	4	2	
0	1	0	
0	1	0	

0	0	0	
0	1	0	
1	3	1	
1	3	1	
2	4	2	
0	1	0	
0	1	0	
0	1	0	
0	1	0	
0	1	0	
0	1	0	
1	3	1	
0	1	0	
0	1	0	
0	1	0	
0	0	0	
0	1	0	
1	3	1	
0	1	0	
0	1	0	
0	1	0	
1	3	1	
1	3	1	
0	1	0	
1	3	1	
1	3	1	
0	0	0	
0	1	0	
0	1	0	
1	3	1	
1	3	1	
1	3	1	
0	1	0	
0	1	0	
1	3	1	
0	1	0	
0	1	0	
0	1	0	
0	1	0	
0	0	0	
0	1	0	
1	3	1	
0	1	0	
0	1	0	
1	3	1	
0	1	0	
0	1	0	
1	3	1	
0	1	0	
1	3	1	
0	1	0	
0	1	0	
0	1	0	
0	1	0	
0	0	0	
1	3	1	
1	3	1	
0	1	0	
0	1	0	
0	1	0	
0	1	0	
0	1	0	
1	3	1	
0	1	0	
1	3	1	
0	1	0	
0	1	0	
0	1	0	
1	3	1	
0	1	0	
0	1	0	
0	1	0	
1	3	1	
0	1	0	
0	1	0	
0	1	0	
0	0	0	
0	1	0	
0	1	0	
0	1	0	
2	4	2	
0	1	0	
1	3	1	
1	3	1	
0	1	0	
0	1	0	
0	1	0	
0	1	0	
0	1	0	
1	3	1	
0	1	0	
0	1	0	
0	0	0	
0	1	0	
0	1	0	
0	1	0	
0	1	0	
0	1	0	
0	1	0	
0	1	0	
0	1	0	
0	1	0	
0	1	0	
0	1	0	
1	3	1	
1	3	1	
1	3	1	
1	3	1	
0	1	0	
0	1	0	
1	3	1	
0	1	0	
2	4	2	
0	0	0	
0	1	0	
0	1	0	
0	1	0	
0	1	0	
1	3	1	
0	1	0	
1	3	1	
1	3	1	
0	1	0	
1	3	1	
0	1	0	
0	1	0	
0	1	0	
0	1	0	
0	1	0	
1	3	1	
1	3	1	
0	1	0	
1	3	1	
1	3	1	
0	1	0	
0	1	0	
0	1	0	
1	3	1	
0	0	0	
0	1	0	
0	1	0	
0	1	0	
0	1	0	
2	4	2	
1	3	1	
1	3	1	
1	3	1	
0	1	0	
0	1	0	
0	1	0	
0	1	0	
0	1	0	
0	1	0	
0	1	0	
0	0	0	
0	1	0	
1	3	1	
0	1	0	
0	1	0	
1	3	1	
0	1	0	
0	1	0	
0	1	0	
0	1	0	
0	1	0	
1	3	1	
0	1	0	
0	1	0	
0	1	0	
0	1	0	
0	1	0	
0	1	0	
0	1	0	
0	1	0	
0	1	0	
0	1	0	

0	0	0	
0	1	0	
0	1	0	
1	3	1	
1	3	1	
1	3	1	
1	3	1	
0	1	0	
0	1	0	
0	1	0	
0	1	0	
0	1	0	
0	1	0	
0	1	0	
0	1	0	
0	0	0	
0	1	0	
0	1	0	
0	1	0	
0	1	0	
0	1	0	
1	3	1	
1	3	1	
0	1	0	
0	1	0	
0	1	0	
0	0	0	
1	3	1	
0	1	0	
0	1	0	
0	1	0	
0	1	0	
1	3	1	
0	1	0	
1	3	1	
0	1	0	
0	1	0	
1	3	1	
0	1	0	
0	0	0	
1	3	1	
0	1	0	
1	3	1	
0	1	0	
0	1	0	
0	1	0	
1	3	1	
1	3	1	
0	1	0	
1	3	1	
0	1	0	
0	1	0	
1	3	1	
0	1	0	
0	0	0	
0	1	0	
0	1	0	
0	1	0	
1	3	1	
0	1	0	
0	1	0	
0	1	0	
0	1	0	
0	1	0	
0	1	0	
0	1	0	
0	1	0	
0	1	0	
0	1	0	
1	3	1	
0	1	0	
0	1	0	
1	3	1	
1	3	1	
1	3	1	
0	1	0	
0	0	0	
1	3	1	
0	1	0	
0	1	0	
1	3	1	
0	1	0	
0	1	0	
0	1	0	
0	1	0	
0	1	0	
0	1	0	
0	1	0	
1	3	1	
0	1	0	
0	1	0	
0	1	0	
0	0	0	
0	1	0	
0	1	0	
0	1	0	
0	1	0	
0	1	0	
0	1	0	
1	3	1	
0	1	0	
0	1	0	
0	1	0	
0	1	0	
0	1	0	
0	1	0	
0	1	0	
0	1	0	
1	3	1	
0	1	0	
0	1	0	
0	1	0	
0	1	0	
0	0	0	
1	3	1	
0	1	0	
0	1	0	
0	1	0	
0	1	0	
0	1	0	
1	3	1	
0	1	0	
0	1	0	
0	1	0	
0	1	0	
0	1	0	
0	1	0	
0	1	0	
0	1	0	
0	1	0	
0	1	0	
0	1	0	
0	1	0	
0	1	0	
0	1	0	
1	3	1	
1	3	1	
0	1	0	
0	0	0	
0	1	0	
1	3	1	
0	1	0	
1	3	1	
0	1	0	
0	1	0	
1	3	1	
0	1	0	
0	1	0	
2	4	2	
0	1	0	
0	1	0	
0	1	0	
0	1	0	
1	3	1	
0	0	0	
0	1	0	
0	1	0	
0	1	0	
1	3	1	
0	1	0	
0	1	0	
0	1	0	
0	1	0	
1	3	1	
0	1	0	
1	3	1	
0	1	0	
0	1	0	
0	1	0	
0	1	0	
1	3	1	
1	3	1	
0	1	0	
0	1	0	
0	1	0	
0	1	0	

0	0	0	
0	1	0	
1	3	1	
1	3	1	
0	1	0	
0	1	0	
0	1	0	
0	1	0	
0	1	0	
1	3	1	
0	1	0	
0	1	0	
0	1	0	
0	1	0	
0	1	0	
0	0	0	
0	1	0	
0	1	0	
0	1	0	
0	1	0	
0	1	0	
0	1	0	
0	1	0	
1	3	1	
1	3	1	
0	1	0	
0	0	0	
0	1	0	
0	1	0	
0	1	0	
0	1	0	
0	1	0	
0	1	0	
0	1	0	
0	1	0	
0	1	0	
1	3	1	
0	1	0	
0	1	0	
0	0	0	
0	1	0	
0	1	0	
0	1	0	
0	1	0	
0	1	0	
0	1	0	
0	1	0	
0	1	0	
0	1	0	
0	1	0	
0	1	0	
0	1	0	
1	3	1	
0	1	0	
0	0	0	
0	1	0	
0	1	0	
0	1	0	
0	1	0	
0	1	0	
0	1	0	
0	1	0	
0	1	0	
0	1	0	
0	1	0	
0	1	0	
0	1	0	
0	1	0	
0	1	0	
0	1	0	
0	1	0	
0	1	0	
0	1	0	
1	3	1	
0	1	0	
0	1	0	
0	0	0	
0	1	0	
0	1	0	
0	1	0	
0	1	0	
0	1	0	
1	3	1	
0	1	0	
0	1	0	
1	3	1	
1	3	1	
0	1	0	
0	1	0	
1	3	1	
0	1	0	
0	1	0	
0	0	0	
0	1	0	
0	1	0	
0	1	0	
0	1	0	
0	1	0	
0	1	0	
0	1	0	
0	1	0	
0	1	0	
0	1	0	
0	1	0	
0	1	0	
0	1	0	
0	1	0	
0	1	0	
0	1	0	
0	1	0	
0	1	0	
0	1	0	
0	1	0	
0	0	0	
0	1	0	
0	1	0	
0	1	0	
0	1	0	
1	3	1	
0	1	0	
0	1	0	
0	1	0	
1	3	1	
0	1	0	
1	3	1	
1	3	1	
0	1	0	
0	1	0	
0	1	0	
0	1	0	
0	1	0	
0	1	0	
0	1	0	
0	1	0	
0	1	0	
0	1	0	
0	1	0	
0	1	0	
0	0	0	
0	1	0	
0	1	0	
0	1	0	
0	1	0	
0	1	0	
0	1	0	
0	1	0	
0	1	0	
0	1	0	
0	1	0	
1	3	1	
0	1	0	
0	1	0	
0	1	0	
0	1	0	
0	0	0	
0	1	0	
0	1	0	
0	1	0	
0	1	0	
1	3	1	
0	1	0	
1	3	1	
1	3	1	
0	1	0	
0	1	0	
0	1	0	
0	1	0	
0	1	0	
0	1	0	
1	3	1	
0	1	0	
0	1	0	
0	1	0	
0	1	0	
0	1	0	
0	1	0	

0	0	0	
1	3	1	
0	1	0	
2	4	2	
0	1	0	
0	1	0	
1	3	1	
1	3	1	
0	1	0	
2	4	2	
0	1	0	
0	1	0	
1	3	1	
0	1	0	
0	1	0	
0	0	0	
1	3	1	
2	4	2	
0	1	0	
0	1	0	
0	1	0	
0	1	0	
1	3	1	
1	3	1	
1	3	1	
0	1	0	
0	0	0	
0	1	0	
0	1	0	
0	1	0	
2	4	2	
0	1	0	
2	4	2	
0	1	0	
0	1	0	
0	1	0	
0	1	0	
1	3	1	
0	1	0	
0	0	0	
1	3	1	
1	3	1	
1	3	1	
0	1	0	
1	3	1	
0	1	0	
0	1	0	
1	3	1	
0	1	0	
3	6	2	
0	1	0	
0	1	0	
0	1	0	
0	1	0	
0	0	0	
1	3	1	
2	4	2	
0	1	0	
1	3	1	
0	1	0	
0	1	0	
0	1	0	
1	3	1	
0	1	0	
0	1	0	
2	4	2	
1	3	1	
3	6	2	
1	3	1	
1	3	1	
1	3	1	
0	1	0	
1	3	1	
0	1	0	
0	1	0	
0	1	0	
0	0	0	
0	1	0	
0	1	0	
1	3	1	
0	1	0	
0	1	0	
0	1	0	
0	1	0	
1	3	1	
1	3	1	
1	3	1	
0	1	0	
0	1	0	
1	3	1	
0	1	0	
1	3	1	
0	0	0	
1	3	1	
2	4	2	
1	3	1	
1	3	1	
1	3	1	
1	3	1	
1	3	1	
2	4	2	
1	3	1	
0	1	0	
2	4	2	
0	1	0	
1	3	1	
0	1	0	
1	3	1	
0	1	0	
0	1	0	
0	1	0	
1	3	1	
0	1	0	
0	0	0	
0	1	0	
1	3	1	
0	1	0	
2	4	2	
0	1	0	
1	3	1	
0	1	0	
1	3	1	
1	3	1	
1	3	1	
2	4	2	
1	3	1	
1	3	1	
1	3	1	
2	4	2	
1	3	1	
1	3	1	
0	1	0	
1	3	1	
0	1	0	
0	1	0	
0	1	0	
1	3	1	
0	1	0	
0	0	0	
0	1	0	
1	3	1	
0	1	0	
0	1	0	
0	1	0	
2	4	2	
0	1	0	
0	1	0	
0	1	0	
1	3	1	
0	1	0	
2	4	2	
0	1	0	
0	1	0	
0	1	0	
0	0	0	
1	3	1	
2	4	2	
0	1	0	
0	1	0	
0	1	0	
0	1	0	
1	3	1	
1	3	1	
0	1	0	
0	1	0	
1	3	1	
1	3	1	
0	1	0	
2	4	2	
1	3	1	
0	1	0	
1	3	1	
0	1	0	
2	4	2	
2	4	2	
1	3	1	

0	0	0	
2	4	2	
1	3	1	
0	1	0	
0	1	0	
0	1	0	
1	3	1	
0	1	0	
0	1	0	
1	3	1	
0	1	0	
0	1	0	
1	3	1	
1	3	1	
0	1	0	
0	0	0	
0	1	0	
1	3	1	
0	1	0	
1	3	1	
1	3	1	
2	4	2	
1	3	1	
0	1	0	
1	3	1	
0	1	0	
0	0	0	
0	1	0	
0	1	0	
0	1	0	
0	1	0	
0	1	0	
1	3	1	
1	3	1	
0	1	0	
0	1	0	
0	1	0	
0	1	0	
0	1	0	
0	0	0	
1	3	1	
0	1	0	
0	1	0	
2	4	2	
0	1	0	
1	3	1	
0	1	0	
0	1	0	
0	1	0	
0	1	0	
0	1	0	
2	4	2	
1	3	1	
0	1	0	
0	0	0	
0	1	0	
1	3	1	
0	1	0	
1	3	1	
1	3	1	
1	3	1	
0	1	0	
0	1	0	
0	1	0	
0	1	0	
1	3	1	
3	6	2	
1	3	1	
0	1	0	
0	1	0	
1	3	1	
1	3	1	
0	1	0	
1	3	1	
0	1	0	
0	1	0	
0	0	0	
1	3	1	
1	3	1	
1	3	1	
0	1	0	
0	1	0	
1	3	1	
0	1	0	
0	1	0	
0	1	0	
0	1	0	
2	4	2	
0	1	0	
0	1	0	
1	3	1	
0	1	0	
0	0	0	
0	1	0	
0	1	0	
0	1	0	
0	1	0	
1	3	1	
1	3	1	
0	1	0	
1	3	1	
0	1	0	
1	3	1	
0	1	0	
1	3	1	
0	1	0	
0	1	0	
0	1	0	
1	3	1	
0	1	0	
0	1	0	
2	4	2	
0	1	0	
0	0	0	
0	1	0	
0	1	0	
1	3	1	
0	1	0	
0	1	0	
0	1	0	
1	3	1	
1	3	1	
0	1	0	
0	1	0	
0	1	0	
0	1	0	
1	3	1	
1	3	1	
1	3	1	
0	1	0	
1	3	1	
0	1	0	
0	1	0	
0	1	0	
0	1	0	
0	1	0	
0	1	0	
0	1	0	
0	0	0	
1	3	1	
1	3	1	
0	1	0	
0	1	0	
0	1	0	
1	3	1	
0	1	0	
0	1	0	
1	3	1	
0	1	0	
0	1	0	
0	1	0	
0	1	0	
0	1	0	
1	3	1	
0	0	0	
0	1	0	
1	3	1	
1	3	1	
0	1	0	
0	1	0	
2	4	2	
0	1	0	
0	1	0	
0	1	0	
0	1	0	
0	1	0	
0	1	0	
1	3	1	
0	1	0	
2	4	2	
0	1	0	
1	3	1	
0	1	0	
0	1	0	
0	1	0	
1	3	1	

]

ExternalEquipmentRentingCost: [
5423	1208	1706	5923	4973	1456	4420	3209	2085	5073	2969	3154	5905	3217	4522	3568	4892	4593	1452	3273	4361	4152	2252	5507	4155	5427	1691	1947	4406	3427	3641	2263	4303	2286	4582	3598	1113	4011	1614	3412	5129	2357	3634	4283	3692	2130	3195	1390	2441	1367	2959	5285	2803	3979	1299	5258	2523	2976	2854	4926	2670	1114	3435	4773	1250	4163	1276	2491	2746	5027	2555	3829	4354	5457	3551	5453	4193	1634	5139	4161	4839	2957	5429	1542	1960	4066	4229	1317	2436	4617	5591	3147	4745	1285	2180	3001	2345	1087	2586	3625	5931	2645	5796	1195	3093	3793	5794	5722	4764	2218	3296	5126	4485	1174	2513	4778	1061	5265	5027	4678	2269	2482	2134	2384	3938	1667	2028	1532	1469	5911	1691	5312	4853	5085	1807	4911	3348	5042	5586	2408	4067	3410	3228	3007	5754	5162	2741	3331	3170	1320	4098	1603	4456	3824	3214	1699	5148	1500	4371	2306	4116	2471	5170	4406	4144	1632	5216	2523	5756	4921	2920	4189	1112	2400	3170	4154	
5012	3564	5296	2172	3011	1844	1475	3012	1166	4556	3883	2691	2187	5178	4523	2152	3631	4502	5208	2261	1619	3771	2119	4789	2051	4890	1304	5500	2599	3682	3392	4057	5118	4048	3681	3177	1862	1316	4643	1624	2166	4684	1476	2263	1447	3384	4501	1238	2976	4336	5878	4640	2910	1275	2625	4963	1056	1566	1816	4550	3818	5366	1946	4524	2631	3536	5944	2239	4410	5654	1651	2155	4269	5626	3912	5409	2914	1473	2786	2540	1254	2087	1733	1529	1999	2751	3790	3688	5546	3987	5565	4900	5423	2333	4419	2064	1510	3139	4015	2598	2060	5456	2513	5909	2142	1324	1078	2290	3648	5625	5058	5890	3970	5889	4130	2583	2381	1197	3478	3594	5408	1425	4935	1571	5618	1647	2120	4824	4254	5085	5791	3536	3275	4305	3956	4125	5602	3054	3831	2841	5413	1153	2470	3496	3145	3074	3241	4690	5733	5546	5459	2265	1802	4328	2101	5173	1712	5986	4318	5735	1633	4952	2725	3709	5931	5675	5454	3971	2811	3045	1890	1392	2810	1596	5007	2481	
5619	5861	2282	3509	5290	5743	2196	3215	3584	2139	5102	4503	3315	5606	2947	5728	3516	4061	2528	5776	1310	4203	4324	1831	1596	5917	5762	4788	4255	5700	2930	5354	5365	5215	4990	2303	3798	3555	3782	4126	3815	5229	4935	3880	1386	1917	4943	2309	4593	5815	5584	1242	5306	2584	4305	2642	4390	1709	5937	1850	1097	4275	1466	5538	5317	1524	2666	3775	3306	5939	3969	2795	3302	3846	3887	5326	4265	3836	2585	2041	4686	4112	3704	2153	3616	4058	1739	2255	4767	2672	5090	1152	2233	3149	1138	3064	3987	3170	5760	4502	3545	3597	4891	5953	2747	2196	4066	3897	5815	4994	1894	4699	1174	3675	3122	2676	1000	3732	5612	4736	5043	3690	4430	2449	3444	1373	4968	2140	1567	3588	5192	1212	1881	3044	5546	5721	5747	3973	5771	2070	3596	2065	2655	3194	5663	5476	1878	5784	5662	3377	5503	4542	1841	5462	2619	2171	5364	4128	1089	1003	4959	3243	1708	1852	5998	4947	2980	3045	4963	5137	4227	5083	5684	2176	5155	2846	
5433	3184	3866	5608	5980	2453	1186	4761	5860	2994	4173	4702	5257	1233	5732	4206	1589	2589	5955	5942	4957	4159	2706	4315	2791	4427	5859	2067	2983	5844	5908	4969	1582	5753	3296	2670	1928	3492	1708	1772	1994	3071	2172	5899	3073	5116	1393	4192	1795	3569	2353	4576	2596	2969	5661	2196	4965	1016	5641	2661	4353	5112	3555	1948	5940	3423	3778	3816	5277	1280	1236	5831	5851	4500	4381	4096	3927	2188	2921	1335	4422	1178	5373	5671	4213	4362	2775	4202	4703	5003	2665	4790	4298	5375	1451	2479	1212	2318	5769	4478	3759	1726	3150	4092	4472	3488	5001	5275	3515	3373	5713	2073	1492	4082	4079	4670	2959	4900	2230	1158	4609	3906	5098	2772	3368	1444	1266	2508	1658	5865	4666	2916	1875	5517	1452	3966	3912	1961	1533	2704	5230	2552	1251	5442	1534	1206	3406	3815	5450	4594	2344	4984	3179	2849	5519	1234	3997	4741	5720	5178	4392	1486	3871	5582	3977	2631	3969	4839	3806	5069	1639	4139	3964	2288	5617	4183	
4064	5088	3376	4785	3537	3385	5180	4750	3825	1357	2963	4067	2806	5768	4410	3372	2121	5431	2449	5436	4807	4106	1988	2436	4744	3379	5038	5235	3566	2436	5977	3966	4136	5001	1822	3214	4222	1785	3199	2414	3256	1290	2252	4575	1007	4662	1697	2370	1264	3717	1562	1136	3317	4051	5454	1861	4006	3492	1601	4564	2866	2793	4774	5636	3251	1011	3609	5783	2616	1236	4759	3953	1994	5286	5262	3777	4578	1739	4746	5414	4752	2408	5574	2194	5379	2501	3313	1093	3029	5287	5287	1969	4819	2002	1722	3112	4300	3572	2777	2443	5344	1064	4967	4433	3820	3214	5504	5512	1591	2428	5750	4021	4716	3100	2992	2823	5056	5889	5987	5947	2690	3308	2426	5338	5668	4462	3122	4718	4869	3607	1473	2757	5959	3719	2575	2425	5881	2317	4886	2682	3111	3745	1973	2222	5411	2624	2370	3405	5343	2678	1102	1372	1857	5115	4718	3392	2069	3383	4751	1958	5859	4673	2627	5551	2674	5271	3036	2440	2975	2810	5081	4185	5791	2305	5290	2723	
2311	5933	5894	4128	2934	1320	3559	5085	5369	1471	2069	4548	3928	4361	4810	1455	5129	4904	2775	2599	3955	1910	2826	2311	4907	5864	3560	1152	1401	2062	5021	2067	3943	4489	1378	4156	1928	5504	5701	1114	2675	2715	1038	5668	5519	1455	5235	3833	1928	4750	1862	5760	1199	4066	2382	1495	2058	3774	2456	3848	4688	5350	4538	4247	1186	4711	2310	1257	1949	2020	3147	5063	1284	3883	5580	4856	4709	4161	3383	2571	1654	5664	2455	3485	3441	3423	5524	5585	5149	5066	2296	4498	4635	5018	5998	2396	3954	5931	2683	3664	1173	2473	5261	2202	5059	2566	2066	3694	1481	1416	5525	4068	2242	2513	4425	1950	5230	2181	3235	4910	3250	1534	1636	3346	4909	1067	1364	2590	4980	5594	3987	4090	1250	4513	5645	3950	4800	3393	3876	3990	2019	5766	3682	5118	4464	1787	5324	2313	2135	4021	5162	5437	5457	1979	4161	1029	5362	5463	5349	4246	4658	2332	4223	2373	4814	5891	1309	5585	1322	5483	1625	5848	1526	4748	1145	5375	
]

EquipmentTypeTransportationCost: [
1	3450	3468	3536	3719	4743	3924	3501	3312	3406	
3450	1	1000	3085	3644	4731	4031	3108	3720	3801	
3468	1000	1	3114	3666	4751	4012	3145	3761	3820	
3536	3085	3114	1	3322	4689	3860	1000	3658	3653	
3719	3644	3666	3322	1	4493	3521	3383	3637	3620	
4743	4731	4751	4689	4493	1	4192	4666	4553	4481	
3924	4031	4012	3860	3521	4192	1	3835	3707	3634	
3501	3108	3145	1000	3383	4666	3835	1	3598	3649	
3312	3720	3761	3658	3637	4553	3707	3598	1	2526	
3406	3801	3820	3653	3620	4481	3634	3649	2526	1	

1	3882	3904	3953	4218	5291	4478	3965	3685	3851	
3882	1	1000	3496	4089	5446	4601	3489	4208	4193	
3904	1000	1	3412	4019	5305	4637	3473	4237	4393	
3953	3496	3412	1	3760	5305	4336	1000	4073	4097	
4218	4089	4019	3760	1	5085	3921	3761	4098	4151	
5291	5446	5305	5305	5085	1	4817	5419	5041	5171	
4478	4601	4637	4336	3921	4817	1	4342	4197	4123	
3965	3489	3473	1000	3761	5419	4342	1	4147	4089	
3685	4208	4237	4073	4098	5041	4197	4147	1	2804	
3851	4193	4393	4097	4151	5171	4123	4089	2804	1	

1	2890	2889	2944	3031	3770	3204	2897	2751	2799	
2890	1	1000	2575	3051	3839	3275	2564	3070	3127	
2889	1000	1	2627	3017	3911	3373	2587	3068	3126	
2944	2575	2627	1	2748	3732	3137	1000	3032	3061	
3031	3051	3017	2748	1	3626	2859	2789	3025	3010	
3770	3839	3911	3732	3626	1	3473	3721	3672	3676	
3204	3275	3373	3137	2859	3473	1	3186	3091	2982	
2897	2564	2587	1000	2789	3721	3186	1	3002	3024	
2751	3070	3068	3032	3025	3672	3091	3002	1	2162	
2799	3127	3126	3061	3010	3676	2982	3024	2162	1	

1	4697	4527	4583	4985	6388	5433	4668	4461	4621	
4697	1	1000	4064	4738	6275	5304	4200	4992	5174	
4527	1000	1	4006	5017	6628	5478	4078	5050	5162	
4583	4064	4006	1	4453	6424	5249	1000	4799	4990	
4985	4738	5017	4453	1	6094	4772	4552	4754	4822	
6388	6275	6628	6424	6094	1	5639	6256	6287	5899	
5433	5304	5478	5249	4772	5639	1	5282	4917	4980	
4668	4200	4078	1000	4552	6256	5282	1	4872	5003	
4461	4992	5050	4799	4754	6287	4917	4872	1	3269	
4621	5174	5162	4990	4822	5899	4980	5003	3269	1	

1	3439	3404	3451	3645	4585	3864	3410	3272	3346	
3439	1	1000	3060	3546	4654	3988	3087	3673	3711	
3404	1000	1	3048	3598	4592	3953	3056	3702	3682	
3451	3060	3048	1	3279	4543	3742	1000	3556	3612	
3645	3546	3598	3279	1	4435	3452	3259	3583	3554	
4585	4654	4592	4543	4435	1	4145	4558	4391	4431	
3864	3988	3953	3742	3452	4145	1	3769	3658	3577	
3410	3087	3056	1000	3259	4558	3769	1	3600	3589	
3272	3673	3702	3556	3583	4391	3658	3600	1	2490	
3346	3711	3682	3612	3554	4431	3577	3589	2490	1	

1	4025	4024	4108	4420	5522	4624	4098	3861	3967	
4025	1	1000	3612	4269	5574	4720	3580	4339	4419	
4024	1000	1	3606	4309	5599	4698	3604	4466	4443	
4108	3612	3606	1	3850	5424	4483	1000	4192	4334	
4420	4269	4309	3850	1	5335	4080	3879	4239	4210	
5522	5574	5599	5424	5335	1	4981	5526	5378	5281	
4624	4720	4698	4483	4080	4981	1	4461	4327	4255	
4098	3580	3604	1000	3879	5526	4461	1	4218	4267	
3861	4339	4466	4192	4239	5378	4327	4218	1	2842	
3967	4419	4443	4334	4210	5281	4255	4267	2842	1	

]

TransportationTimeForEquipmentTypeBetweenProjects: [
1	1	1	1	1	5	3	1	1	1	
1	1	1	1	1	5	3	1	1	1	
1	1	1	1	1	5	3	1	1	1	
1	1	1	1	1	5	1	1	1	1	
1	1	1	1	1	5	1	1	1	1	
5	5	5	5	5	1	3	5	5	5	
3	3	3	1	1	3	1	1	1	1	
1	1	1	1	1	5	1	1	1	1	
1	1	1	1	1	5	1	1	1	1	
1	1	1	1	1	5	1	1	1	1	

1	1	1	1	1	6	3	1	1	1	
1	1	1	1	1	6	3	1	1	1	
1	1	1	1	1	6	3	1	1	1	
1	1	1	1	1	6	1	1	1	1	
1	1	1	1	1	6	1	1	1	1	
6	6	6	6	6	1	3	6	6	6	
3	3	3	1	1	3	1	1	1	1	
1	1	1	1	1	6	1	1	1	1	
1	1	1	1	1	6	1	1	1	1	
1	1	1	1	1	6	1	1	1	1	

1	1	1	1	1	4	3	1	1	1	
1	1	1	1	1	4	3	1	1	1	
1	1	1	1	1	4	3	1	1	1	
1	1	1	1	1	4	1	1	1	1	
1	1	1	1	1	4	1	1	1	1	
4	4	4	4	4	1	3	4	4	4	
3	3	3	1	1	3	1	1	1	1	
1	1	1	1	1	4	1	1	1	1	
1	1	1	1	1	4	1	1	1	1	
1	1	1	1	1	4	1	1	1	1	

1	1	1	1	1	7	4	1	1	1	
1	1	1	1	1	7	4	1	1	1	
1	1	1	1	1	7	4	1	1	1	
1	1	1	1	1	7	1	1	1	1	
1	1	1	1	1	7	1	1	1	1	
7	7	7	7	7	1	4	7	7	7	
4	4	4	1	1	4	1	1	1	1	
1	1	1	1	1	7	1	1	1	1	
1	1	1	1	1	7	1	1	1	1	
1	1	1	1	1	7	1	1	1	1	

1	1	1	1	1	5	3	1	1	1	
1	1	1	1	1	5	3	1	1	1	
1	1	1	1	1	5	3	1	1	1	
1	1	1	1	1	5	1	1	1	1	
1	1	1	1	1	5	1	1	1	1	
5	5	5	5	5	1	3	5	5	5	
3	3	3	1	1	3	1	1	1	1	
1	1	1	1	1	5	1	1	1	1	
1	1	1	1	1	5	1	1	1	1	
1	1	1	1	1	5	1	1	1	1	

1	1	1	1	1	6	4	1	1	1	
1	1	1	1	1	6	4	1	1	1	
1	1	1	1	1	6	4	1	1	1	
1	1	1	1	1	6	1	1	1	1	
1	1	1	1	1	6	1	1	1	1	
6	6	6	6	6	1	4	6	6	6	
4	4	4	1	1	4	1	1	1	1	
1	1	1	1	1	6	1	1	1	1	
1	1	1	1	1	6	1	1	1	1	
1	1	1	1	1	6	1	1	1	1	

]

TotalNumberOfInitialEquipmentTypeLocation: [
(1 27) 2 (1 40) 1 (1 77) 1 (1 93) 2 (1 114) 3 
(2 55) 2 (2 77) 1 (2 93) 2 
(3 16) 1 (3 40) 1 (3 77) 1 (3 93) 1 (3 139) 2 
(4 27) 1 (4 114) 1 
(5 27) 1 (5 40) 3 (5 55) 1 (5 93) 1 (5 114) 2 (5 139) 2 
(6 1) 1 (6 27) 1 (6 77) 1 (6 93) 2 (6 114) 1 (6 139) 1 (6 155) 1 
]

DepotActivities: [ 1 16 27 40 55 77 93 114 139 155 ]

MaximalStintCliques: [
[ 2 22 29 36 43 57 50 64 71 1 35 42 21 56 28 11 ]
[ 2 22 29 36 43 57 50 64 71 1 35 42 21 56 28 70 49 10 63 ]
[ 2 22 29 36 43 57 50 64 71 65 3 37 72 44 12 58 51 30 23 ]
[ 2 22 29 36 43 57 13 65 3 37 72 44 58 51 30 23 ]
[ 4 24 31 38 45 59 17 67 5 39 74 46 25 60 53 32 ]
[ 4 24 31 38 45 59 52 66 73 3 37 44 23 58 30 65 51 14 72 ]
[ 4 24 31 38 45 59 52 66 73 3 37 44 23 58 30 15 ]
[ 4 24 31 38 45 59 52 66 73 67 5 39 74 46 16 25 60 53 32 ]
[ 5 25 32 39 46 60 19 33 68 6 40 75 26 61 54 47 ]
[ 5 25 32 39 46 60 53 67 74 33 68 6 40 75 47 18 26 61 54 ]
[ 6 26 33 40 47 54 61 68 75 34 69 7 41 76 48 27 20 62 55 ]
[ 8 1 35 70 42 49 28 21 63 56 ]
[ 9 1 35 70 42 49 28 21 63 56 ]
]
