nEmployees: 120
nSkills: 6
nProjects: 2
nDays: 180
nActivities: 73
nEquipmentTypes: 6
nStints: 39
nMaxModes: 2
nStintCliques: 26

EmployeeInStintCost: [
17040 17040 17040 17040 17040 17040 17040 17040 17040 17040 17040 17040 10668 13797 13797 13797 13797 13797 13797 13797 13797 13797 13797 13797 13797 13797 13797 13797 13797 13797 13797 13797 13797 13797 13797 13797 13797 13797 12381 
31048 31048 31048 31048 31048 31048 31048 31048 31048 31048 31048 31048 25702 20945 20945 20945 20945 20945 20945 20945 20945 20945 20945 20945 20945 20945 20945 20945 20945 20945 20945 20945 20945 20945 20945 20945 20945 20945 19757 
27784 27784 27784 27784 27784 27784 27784 27784 27784 27784 27784 27784 21358 15985 15985 15985 15985 15985 15985 15985 15985 15985 15985 15985 15985 15985 15985 15985 15985 15985 15985 15985 15985 15985 15985 15985 15985 15985 14557 
30264 30264 30264 30264 30264 30264 30264 30264 30264 30264 30264 30264 23784 4320 4320 4320 4320 4320 4320 4320 4320 4320 4320 4320 4320 4320 4320 4320 4320 4320 4320 4320 4320 4320 4320 4320 4320 4320 2880 
26328 26328 26328 26328 26328 26328 26328 26328 26328 26328 26328 26328 20712 11893 11893 11893 11893 11893 11893 11893 11893 11893 11893 11893 11893 11893 11893 11893 11893 11893 11893 11893 11893 11893 11893 11893 11893 11893 10645 
27984 27984 27984 27984 27984 27984 27984 27984 27984 27984 27984 27984 22422 5268 5268 5268 5268 5268 5268 5268 5268 5268 5268 5268 5268 5268 5268 5268 5268 5268 5268 5268 5268 5268 5268 5268 5268 5268 4032 
31384 31384 31384 31384 31384 31384 31384 31384 31384 31384 31384 31384 25660 20749 20749 20749 20749 20749 20749 20749 20749 20749 20749 20749 20749 20749 20749 20749 20749 20749 20749 20749 20749 20749 20749 20749 20749 20749 19477 
32248 32248 32248 32248 32248 32248 32248 32248 32248 32248 32248 32248 26362 21305 21305 21305 21305 21305 21305 21305 21305 21305 21305 21305 21305 21305 21305 21305 21305 21305 21305 21305 21305 21305 21305 21305 21305 21305 19997 
27688 27688 27688 27688 27688 27688 27688 27688 27688 27688 27688 27688 21640 16117 16117 16117 16117 16117 16117 16117 16117 16117 16117 16117 16117 16117 16117 16117 16117 16117 16117 16117 16117 16117 16117 16117 16117 16117 14773 
27184 27184 27184 27184 27184 27184 27184 27184 27184 27184 27184 27184 21028 15805 15805 15805 15805 15805 15805 15805 15805 15805 15805 15805 15805 15805 15805 15805 15805 15805 15805 15805 15805 15805 15805 15805 15805 15805 14437 
15240 15240 15240 15240 15240 15240 15240 15240 15240 15240 15240 15240 9678 13257 13257 13257 13257 13257 13257 13257 13257 13257 13257 13257 13257 13257 13257 13257 13257 13257 13257 13257 13257 13257 13257 13257 13257 13257 12021 
29848 29848 29848 29848 29848 29848 29848 29848 29848 29848 29848 29848 23800 12453 12453 12453 12453 12453 12453 12453 12453 12453 12453 12453 12453 12453 12453 12453 12453 12453 12453 12453 12453 12453 12453 12453 12453 12453 11109 
32968 32968 32968 32968 32968 32968 32968 32968 32968 32968 32968 32968 26758 21521 21521 21521 21521 21521 21521 21521 21521 21521 21521 21521 21521 21521 21521 21521 21521 21521 21521 21521 21521 21521 21521 21521 21521 21521 20141 
28584 28584 28584 28584 28584 28584 28584 28584 28584 28584 28584 28584 22860 3816 3816 3816 3816 3816 3816 3816 3816 3816 3816 3816 3816 3816 3816 3816 3816 3816 3816 3816 3816 3816 3816 3816 3816 3816 2544 
32248 32248 32248 32248 32248 32248 32248 32248 32248 32248 32248 32248 26362 21305 21305 21305 21305 21305 21305 21305 21305 21305 21305 21305 21305 21305 21305 21305 21305 21305 21305 21305 21305 21305 21305 21305 21305 21305 19997 
28768 28768 28768 28768 28768 28768 28768 28768 28768 28768 28768 28768 22342 16513 16513 16513 16513 16513 16513 16513 16513 16513 16513 16513 16513 16513 16513 16513 16513 16513 16513 16513 16513 16513 16513 16513 16513 16513 15085 
27184 27184 27184 27184 27184 27184 27184 27184 27184 27184 27184 27184 21028 15805 15805 15805 15805 15805 15805 15805 15805 15805 15805 15805 15805 15805 15805 15805 15805 15805 15805 15805 15805 15805 15805 15805 15805 15805 14437 
28648 28648 28648 28648 28648 28648 28648 28648 28648 28648 28648 28648 23140 12093 12093 12093 12093 12093 12093 12093 12093 12093 12093 12093 12093 12093 12093 12093 12093 12093 12093 12093 12093 12093 12093 12093 12093 12093 10869 
27344 27344 27344 27344 27344 27344 27344 27344 27344 27344 27344 27344 21134 15737 15737 15737 15737 15737 15737 15737 15737 15737 15737 15737 15737 15737 15737 15737 15737 15737 15737 15737 15737 15737 15737 15737 15737 15737 14357 
27288 27288 27288 27288 27288 27288 27288 27288 27288 27288 27288 27288 21240 12181 12181 12181 12181 12181 12181 12181 12181 12181 12181 12181 12181 12181 12181 12181 12181 12181 12181 12181 12181 12181 12181 12181 12181 12181 10837 
33640 33640 33640 33640 33640 33640 33640 33640 33640 33640 33640 33640 27322 22081 22081 22081 22081 22081 22081 22081 22081 22081 22081 22081 22081 22081 22081 22081 22081 22081 22081 22081 22081 22081 22081 22081 22081 22081 20677 
27208 27208 27208 27208 27208 27208 27208 27208 27208 27208 27208 27208 21376 15973 15973 15973 15973 15973 15973 15973 15973 15973 15973 15973 15973 15973 15973 15973 15973 15973 15973 15973 15973 15973 15973 15973 15973 15973 14677 
12840 12840 12840 12840 12840 12840 12840 12840 12840 12840 12840 12840 7062 13881 13881 13881 13881 13881 13881 13881 13881 13881 13881 13881 13881 13881 13881 13881 13881 13881 13881 13881 13881 13881 13881 13881 13881 13881 12597 
26128 26128 26128 26128 26128 26128 26128 26128 26128 26128 26128 26128 20782 15649 15649 15649 15649 15649 15649 15649 15649 15649 15649 15649 15649 15649 15649 15649 15649 15649 15649 15649 15649 15649 15649 15649 15649 15649 14461 
27208 27208 27208 27208 27208 27208 27208 27208 27208 27208 27208 27208 21484 16045 16045 16045 16045 16045 16045 16045 16045 16045 16045 16045 16045 16045 16045 16045 16045 16045 16045 16045 16045 16045 16045 16045 16045 16045 14773 
29304 29304 29304 29304 29304 29304 29304 29304 29304 29304 29304 29304 23256 4032 4032 4032 4032 4032 4032 4032 4032 4032 4032 4032 4032 4032 4032 4032 4032 4032 4032 4032 4032 4032 4032 4032 4032 4032 2688 
29064 29064 29064 29064 29064 29064 29064 29064 29064 29064 29064 29064 23124 3960 3960 3960 3960 3960 3960 3960 3960 3960 3960 3960 3960 3960 3960 3960 3960 3960 3960 3960 3960 3960 3960 3960 3960 3960 2640 
31016 31016 31016 31016 31016 31016 31016 31016 31016 31016 31016 31016 25454 20593 20593 20593 20593 20593 20593 20593 20593 20593 20593 20593 20593 20593 20593 20593 20593 20593 20593 20593 20593 20593 20593 20593 20593 20593 19357 
29728 29728 29728 29728 29728 29728 29728 29728 29728 29728 29728 29728 23734 12417 12417 12417 12417 12417 12417 12417 12417 12417 12417 12417 12417 12417 12417 12417 12417 12417 12417 12417 12417 12417 12417 12417 12417 12417 11085 
27208 27208 27208 27208 27208 27208 27208 27208 27208 27208 27208 27208 21484 16045 16045 16045 16045 16045 16045 16045 16045 16045 16045 16045 16045 16045 16045 16045 16045 16045 16045 16045 16045 16045 16045 16045 16045 16045 14773 
28488 28488 28488 28488 28488 28488 28488 28488 28488 28488 28488 28488 21900 12541 12541 12541 12541 12541 12541 12541 12541 12541 12541 12541 12541 12541 12541 12541 12541 12541 12541 12541 12541 12541 12541 12541 12541 12541 11077 
24712 24712 24712 24712 24712 24712 24712 24712 24712 24712 24712 24712 19474 14089 14089 14089 14089 14089 14089 14089 14089 14089 14089 14089 14089 14089 14089 14089 14089 14089 14089 14089 14089 14089 14089 14089 14089 14089 12925 
29400 29400 29400 29400 29400 29400 29400 29400 29400 29400 29400 29400 23622 12033 12033 12033 12033 12033 12033 12033 12033 12033 12033 12033 12033 12033 12033 12033 12033 12033 12033 12033 12033 12033 12033 12033 12033 12033 10749 
26128 26128 26128 26128 26128 26128 26128 26128 26128 26128 26128 26128 20890 15721 15721 15721 15721 15721 15721 15721 15721 15721 15721 15721 15721 15721 15721 15721 15721 15721 15721 15721 15721 15721 15721 15721 15721 15721 14557 
28992 28992 28992 28992 28992 28992 28992 28992 28992 28992 28992 28992 22782 17601 17601 17601 17601 17601 17601 17601 17601 17601 17601 17601 17601 17601 17601 17601 17601 17601 17601 17601 17601 17601 17601 17601 17601 17601 16221 
28280 28280 28280 28280 28280 28280 28280 28280 28280 28280 28280 28280 22502 12577 12577 12577 12577 12577 12577 12577 12577 12577 12577 12577 12577 12577 12577 12577 12577 12577 12577 12577 12577 12577 12577 12577 12577 12577 11293 
29880 29880 29880 29880 29880 29880 29880 29880 29880 29880 29880 29880 23886 12177 12177 12177 12177 12177 12177 12177 12177 12177 12177 12177 12177 12177 12177 12177 12177 12177 12177 12177 12177 12177 12177 12177 12177 12177 10845 
29280 29280 29280 29280 29280 29280 29280 29280 29280 29280 29280 29280 23556 11997 11997 11997 11997 11997 11997 11997 11997 11997 11997 11997 11997 11997 11997 11997 11997 11997 11997 11997 11997 11997 11997 11997 11997 11997 10725 
26992 26992 26992 26992 26992 26992 26992 26992 26992 26992 26992 26992 20728 14773 14773 14773 14773 14773 14773 14773 14773 14773 14773 14773 14773 14773 14773 14773 14773 14773 14773 14773 14773 14773 14773 14773 14773 14773 13381 
28576 28576 28576 28576 28576 28576 28576 28576 28576 28576 28576 28576 22366 12553 12553 12553 12553 12553 12553 12553 12553 12553 12553 12553 12553 12553 12553 12553 12553 12553 12553 12553 12553 12553 12553 12553 12553 12553 11173 
25304 25304 25304 25304 25304 25304 25304 25304 25304 25304 25304 25304 20012 15125 15125 15125 15125 15125 15125 15125 15125 15125 15125 15125 15125 15125 15125 15125 15125 15125 15125 15125 15125 15125 15125 15125 15125 15125 13949 
29720 29720 29720 29720 29720 29720 29720 29720 29720 29720 29720 29720 23294 13009 13009 13009 13009 13009 13009 13009 13009 13009 13009 13009 13009 13009 13009 13009 13009 13009 13009 13009 13009 13009 13009 13009 13009 13009 11581 
29520 29520 29520 29520 29520 29520 29520 29520 29520 29520 29520 29520 23688 12069 12069 12069 12069 12069 12069 12069 12069 12069 12069 12069 12069 12069 12069 12069 12069 12069 12069 12069 12069 12069 12069 12069 12069 12069 10773 
31264 31264 31264 31264 31264 31264 31264 31264 31264 31264 31264 31264 25594 20713 20713 20713 20713 20713 20713 20713 20713 20713 20713 20713 20713 20713 20713 20713 20713 20713 20713 20713 20713 20713 20713 20713 20713 20713 19453 
30024 30024 30024 30024 30024 30024 30024 30024 30024 30024 30024 30024 23544 5880 5880 5880 5880 5880 5880 5880 5880 5880 5880 5880 5880 5880 5880 5880 5880 5880 5880 5880 5880 5880 5880 5880 5880 5880 4440 
27680 27680 27680 27680 27680 27680 27680 27680 27680 27680 27680 27680 22172 12397 12397 12397 12397 12397 12397 12397 12397 12397 12397 12397 12397 12397 12397 12397 12397 12397 12397 12397 12397 12397 12397 12397 12397 12397 11173 
27208 27208 27208 27208 27208 27208 27208 27208 27208 27208 27208 27208 21376 15973 15973 15973 15973 15973 15973 15973 15973 15973 15973 15973 15973 15973 15973 15973 15973 15973 15973 15973 15973 15973 15973 15973 15973 15973 14677 
27552 27552 27552 27552 27552 27552 27552 27552 27552 27552 27552 27552 21990 17169 17169 17169 17169 17169 17169 17169 17169 17169 17169 17169 17169 17169 17169 17169 17169 17169 17169 17169 17169 17169 17169 17169 17169 17169 15933 
28048 28048 28048 28048 28048 28048 28048 28048 28048 28048 28048 28048 21946 16297 16297 16297 16297 16297 16297 16297 16297 16297 16297 16297 16297 16297 16297 16297 16297 16297 16297 16297 16297 16297 16297 16297 16297 16297 14941 
29280 29280 29280 29280 29280 29280 29280 29280 29280 29280 29280 29280 23556 11997 11997 11997 11997 11997 11997 11997 11997 11997 11997 11997 11997 11997 11997 11997 11997 11997 11997 11997 11997 11997 11997 11997 11997 11997 10725 
16080 16080 16080 16080 16080 16080 16080 16080 16080 16080 16080 16080 10140 13509 13509 13509 13509 13509 13509 13509 13509 13509 13509 13509 13509 13509 13509 13509 13509 13509 13509 13509 13509 13509 13509 13509 13509 13509 12189 
26488 26488 26488 26488 26488 26488 26488 26488 26488 26488 26488 26488 20980 15757 15757 15757 15757 15757 15757 15757 15757 15757 15757 15757 15757 15757 15757 15757 15757 15757 15757 15757 15757 15757 15757 15757 15757 15757 14533 
31016 31016 31016 31016 31016 31016 31016 31016 31016 31016 31016 31016 25454 20593 20593 20593 20593 20593 20593 20593 20593 20593 20593 20593 20593 20593 20593 20593 20593 20593 20593 20593 20593 20593 20593 20593 20593 20593 19357 
29184 29184 29184 29184 29184 29184 29184 29184 29184 29184 29184 29184 23082 5628 5628 5628 5628 5628 5628 5628 5628 5628 5628 5628 5628 5628 5628 5628 5628 5628 5628 5628 5628 5628 5628 5628 5628 5628 4272 
15000 15000 15000 15000 15000 15000 15000 15000 15000 15000 15000 15000 9546 13185 13185 13185 13185 13185 13185 13185 13185 13185 13185 13185 13185 13185 13185 13185 13185 13185 13185 13185 13185 13185 13185 13185 13185 13185 11973 
32440 32440 32440 32440 32440 32440 32440 32440 32440 32440 32440 32440 26662 21721 21721 21721 21721 21721 21721 21721 21721 21721 21721 21721 21721 21721 21721 21721 21721 21721 21721 21721 21721 21721 21721 21721 21721 21721 20437 
14160 14160 14160 14160 14160 14160 14160 14160 14160 14160 14160 14160 7788 14277 14277 14277 14277 14277 14277 14277 14277 14277 14277 14277 14277 14277 14277 14277 14277 14277 14277 14277 14277 14277 14277 14277 14277 14277 12861 
12960 12960 12960 12960 12960 12960 12960 12960 12960 12960 12960 12960 7128 13917 13917 13917 13917 13917 13917 13917 13917 13917 13917 13917 13917 13917 13917 13917 13917 13917 13917 13917 13917 13917 13917 13917 13917 13917 12621 
26224 26224 26224 26224 26224 26224 26224 26224 26224 26224 26224 26224 20500 15517 15517 15517 15517 15517 15517 15517 15517 15517 15517 15517 15517 15517 15517 15517 15517 15517 15517 15517 15517 15517 15517 15517 15517 15517 14245 
26144 26144 26144 26144 26144 26144 26144 26144 26144 26144 26144 26144 20474 15377 15377 15377 15377 15377 15377 15377 15377 15377 15377 15377 15377 15377 15377 15377 15377 15377 15377 15377 15377 15377 15377 15377 15377 15377 14117 
13320 13320 13320 13320 13320 13320 13320 13320 13320 13320 13320 13320 7326 14025 14025 14025 14025 14025 14025 14025 14025 14025 14025 14025 14025 14025 14025 14025 14025 14025 14025 14025 14025 14025 14025 14025 14025 14025 12693 
28272 28272 28272 28272 28272 28272 28272 28272 28272 28272 28272 28272 22386 17385 17385 17385 17385 17385 17385 17385 17385 17385 17385 17385 17385 17385 17385 17385 17385 17385 17385 17385 17385 17385 17385 17385 17385 17385 16077 
28096 28096 28096 28096 28096 28096 28096 28096 28096 28096 28096 28096 22102 12409 12409 12409 12409 12409 12409 12409 12409 12409 12409 12409 12409 12409 12409 12409 12409 12409 12409 12409 12409 12409 12409 12409 12409 12409 11077 
30144 30144 30144 30144 30144 30144 30144 30144 30144 30144 30144 30144 23610 5916 5916 5916 5916 5916 5916 5916 5916 5916 5916 5916 5916 5916 5916 5916 5916 5916 5916 5916 5916 5916 5916 5916 5916 5916 4464 
14520 14520 14520 14520 14520 14520 14520 14520 14520 14520 14520 14520 7986 14385 14385 14385 14385 14385 14385 14385 14385 14385 14385 14385 14385 14385 14385 14385 14385 14385 14385 14385 14385 14385 14385 14385 14385 14385 12933 
30024 30024 30024 30024 30024 30024 30024 30024 30024 30024 30024 30024 23652 4248 4248 4248 4248 4248 4248 4248 4248 4248 4248 4248 4248 4248 4248 4248 4248 4248 4248 4248 4248 4248 4248 4248 4248 4248 2832 
27496 27496 27496 27496 27496 27496 27496 27496 27496 27496 27496 27496 21772 12229 12229 12229 12229 12229 12229 12229 12229 12229 12229 12229 12229 12229 12229 12229 12229 12229 12229 12229 12229 12229 12229 12229 12229 12229 10957 
27616 27616 27616 27616 27616 27616 27616 27616 27616 27616 27616 27616 21838 12265 12265 12265 12265 12265 12265 12265 12265 12265 12265 12265 12265 12265 12265 12265 12265 12265 12265 12265 12265 12265 12265 12265 12265 12265 10981 
29400 29400 29400 29400 29400 29400 29400 29400 29400 29400 29400 29400 23622 12033 12033 12033 12033 12033 12033 12033 12033 12033 12033 12033 12033 12033 12033 12033 12033 12033 12033 12033 12033 12033 12033 12033 12033 12033 10749 
27856 27856 27856 27856 27856 27856 27856 27856 27856 27856 27856 27856 21970 12337 12337 12337 12337 12337 12337 12337 12337 12337 12337 12337 12337 12337 12337 12337 12337 12337 12337 12337 12337 12337 12337 12337 12337 12337 11029 
12840 12840 12840 12840 12840 12840 12840 12840 12840 12840 12840 12840 7062 13881 13881 13881 13881 13881 13881 13881 13881 13881 13881 13881 13881 13881 13881 13881 13881 13881 13881 13881 13881 13881 13881 13881 13881 13881 12597 
16080 16080 16080 16080 16080 16080 16080 16080 16080 16080 16080 16080 10140 13509 13509 13509 13509 13509 13509 13509 13509 13509 13509 13509 13509 13509 13509 13509 13509 13509 13509 13509 13509 13509 13509 13509 13509 13509 12189 
12840 12840 12840 12840 12840 12840 12840 12840 12840 12840 12840 12840 7062 13881 13881 13881 13881 13881 13881 13881 13881 13881 13881 13881 13881 13881 13881 13881 13881 13881 13881 13881 13881 13881 13881 13881 13881 13881 12597 
28584 28584 28584 28584 28584 28584 28584 28584 28584 28584 28584 28584 22860 3816 3816 3816 3816 3816 3816 3816 3816 3816 3816 3816 3816 3816 3816 3816 3816 3816 3816 3816 3816 3816 3816 3816 3816 3816 2544 
33304 33304 33304 33304 33304 33304 33304 33304 33304 33304 33304 33304 26716 21325 21325 21325 21325 21325 21325 21325 21325 21325 21325 21325 21325 21325 21325 21325 21325 21325 21325 21325 21325 21325 21325 21325 21325 21325 19861 
27112 27112 27112 27112 27112 27112 27112 27112 27112 27112 27112 27112 20794 14809 14809 14809 14809 14809 14809 14809 14809 14809 14809 14809 14809 14809 14809 14809 14809 14809 14809 14809 14809 14809 14809 14809 14809 14809 13405 
27824 27824 27824 27824 27824 27824 27824 27824 27824 27824 27824 27824 21398 15881 15881 15881 15881 15881 15881 15881 15881 15881 15881 15881 15881 15881 15881 15881 15881 15881 15881 15881 15881 15881 15881 15881 15881 15881 14453 
30240 30240 30240 30240 30240 30240 30240 30240 30240 30240 30240 30240 24084 12285 12285 12285 12285 12285 12285 12285 12285 12285 12285 12285 12285 12285 12285 12285 12285 12285 12285 12285 12285 12285 12285 12285 12285 12285 10917 
29784 29784 29784 29784 29784 29784 29784 29784 29784 29784 29784 29784 23412 5808 5808 5808 5808 5808 5808 5808 5808 5808 5808 5808 5808 5808 5808 5808 5808 5808 5808 5808 5808 5808 5808 5808 5808 5808 4392 
13440 13440 13440 13440 13440 13440 13440 13440 13440 13440 13440 13440 7392 14061 14061 14061 14061 14061 14061 14061 14061 14061 14061 14061 14061 14061 14061 14061 14061 14061 14061 14061 14061 14061 14061 14061 14061 14061 12717 
28408 28408 28408 28408 28408 28408 28408 28408 28408 28408 28408 28408 23008 12021 12021 12021 12021 12021 12021 12021 12021 12021 12021 12021 12021 12021 12021 12021 12021 12021 12021 12021 12021 12021 12021 12021 12021 12021 10821 
27928 27928 27928 27928 27928 27928 27928 27928 27928 27928 27928 27928 21880 16261 16261 16261 16261 16261 16261 16261 16261 16261 16261 16261 16261 16261 16261 16261 16261 16261 16261 16261 16261 16261 16261 16261 16261 16261 14917 
29720 29720 29720 29720 29720 29720 29720 29720 29720 29720 29720 29720 23294 13009 13009 13009 13009 13009 13009 13009 13009 13009 13009 13009 13009 13009 13009 13009 13009 13009 13009 13009 13009 13009 13009 13009 13009 13009 11581 
27688 27688 27688 27688 27688 27688 27688 27688 27688 27688 27688 27688 21748 16189 16189 16189 16189 16189 16189 16189 16189 16189 16189 16189 16189 16189 16189 16189 16189 16189 16189 16189 16189 16189 16189 16189 16189 16189 14869 
28936 28936 28936 28936 28936 28936 28936 28936 28936 28936 28936 28936 22564 12661 12661 12661 12661 12661 12661 12661 12661 12661 12661 12661 12661 12661 12661 12661 12661 12661 12661 12661 12661 12661 12661 12661 12661 12661 11245 
27328 27328 27328 27328 27328 27328 27328 27328 27328 27328 27328 27328 21442 16009 16009 16009 16009 16009 16009 16009 16009 16009 16009 16009 16009 16009 16009 16009 16009 16009 16009 16009 16009 16009 16009 16009 16009 16009 14701 
26568 26568 26568 26568 26568 26568 26568 26568 26568 26568 26568 26568 20844 11965 11965 11965 11965 11965 11965 11965 11965 11965 11965 11965 11965 11965 11965 11965 11965 11965 11965 11965 11965 11965 11965 11965 11965 11965 10693 
31048 31048 31048 31048 31048 31048 31048 31048 31048 31048 31048 31048 24460 12813 12813 12813 12813 12813 12813 12813 12813 12813 12813 12813 12813 12813 12813 12813 12813 12813 12813 12813 12813 12813 12813 12813 12813 12813 11349 
32224 32224 32224 32224 32224 32224 32224 32224 32224 32224 32224 32224 26122 21001 21001 21001 21001 21001 21001 21001 21001 21001 21001 21001 21001 21001 21001 21001 21001 21001 21001 21001 21001 21001 21001 21001 21001 21001 19645 
28008 28008 28008 28008 28008 28008 28008 28008 28008 28008 28008 28008 21636 12397 12397 12397 12397 12397 12397 12397 12397 12397 12397 12397 12397 12397 12397 12397 12397 12397 12397 12397 12397 12397 12397 12397 12397 12397 10981 
29360 29360 29360 29360 29360 29360 29360 29360 29360 29360 29360 29360 23096 12901 12901 12901 12901 12901 12901 12901 12901 12901 12901 12901 12901 12901 12901 12901 12901 12901 12901 12901 12901 12901 12901 12901 12901 12901 11509 
26608 26608 26608 26608 26608 26608 26608 26608 26608 26608 26608 26608 21154 15865 15865 15865 15865 15865 15865 15865 15865 15865 15865 15865 15865 15865 15865 15865 15865 15865 15865 15865 15865 15865 15865 15865 15865 15865 14653 
28696 28696 28696 28696 28696 28696 28696 28696 28696 28696 28696 28696 22432 12589 12589 12589 12589 12589 12589 12589 12589 12589 12589 12589 12589 12589 12589 12589 12589 12589 12589 12589 12589 12589 12589 12589 12589 12589 11197 
32544 32544 32544 32544 32544 32544 32544 32544 32544 32544 32544 32544 26010 13121 13121 13121 13121 13121 13121 13121 13121 13121 13121 13121 13121 13121 13121 13121 13121 13121 13121 13121 13121 13121 13121 13121 13121 13121 11669 
28704 28704 28704 28704 28704 28704 28704 28704 28704 28704 28704 28704 22926 3852 3852 3852 3852 3852 3852 3852 3852 3852 3852 3852 3852 3852 3852 3852 3852 3852 3852 3852 3852 3852 3852 3852 3852 3852 2568 
16200 16200 16200 16200 16200 16200 16200 16200 16200 16200 16200 16200 10206 13545 13545 13545 13545 13545 13545 13545 13545 13545 13545 13545 13545 13545 13545 13545 13545 13545 13545 13545 13545 13545 13545 13545 13545 13545 12213 
31624 31624 31624 31624 31624 31624 31624 31624 31624 31624 31624 31624 25792 20821 20821 20821 20821 20821 20821 20821 20821 20821 20821 20821 20821 20821 20821 20821 20821 20821 20821 20821 20821 20821 20821 20821 20821 20821 19525 
27048 27048 27048 27048 27048 27048 27048 27048 27048 27048 27048 27048 21108 12109 12109 12109 12109 12109 12109 12109 12109 12109 12109 12109 12109 12109 12109 12109 12109 12109 12109 12109 12109 12109 12109 12109 12109 12109 10789 
28872 28872 28872 28872 28872 28872 28872 28872 28872 28872 28872 28872 22716 17565 17565 17565 17565 17565 17565 17565 17565 17565 17565 17565 17565 17565 17565 17565 17565 17565 17565 17565 17565 17565 17565 17565 17565 17565 16197 
32944 32944 32944 32944 32944 32944 32944 32944 32944 32944 32944 32944 26518 21217 21217 21217 21217 21217 21217 21217 21217 21217 21217 21217 21217 21217 21217 21217 21217 21217 21217 21217 21217 21217 21217 21217 21217 21217 19789 
27504 27504 27504 27504 27504 27504 27504 27504 27504 27504 27504 27504 22158 5124 5124 5124 5124 5124 5124 5124 5124 5124 5124 5124 5124 5124 5124 5124 5124 5124 5124 5124 5124 5124 5124 5124 5124 5124 3936 
28032 28032 28032 28032 28032 28032 28032 28032 28032 28032 28032 28032 22254 17313 17313 17313 17313 17313 17313 17313 17313 17313 17313 17313 17313 17313 17313 17313 17313 17313 17313 17313 17313 17313 17313 17313 17313 17313 16029 
30840 30840 30840 30840 30840 30840 30840 30840 30840 30840 30840 30840 24414 12465 12465 12465 12465 12465 12465 12465 12465 12465 12465 12465 12465 12465 12465 12465 12465 12465 12465 12465 12465 12465 12465 12465 12465 12465 11037 
28648 28648 28648 28648 28648 28648 28648 28648 28648 28648 28648 28648 23140 12093 12093 12093 12093 12093 12093 12093 12093 12093 12093 12093 12093 12093 12093 12093 12093 12093 12093 12093 12093 12093 12093 12093 12093 12093 10869 
27016 27016 27016 27016 27016 27016 27016 27016 27016 27016 27016 27016 21508 12085 12085 12085 12085 12085 12085 12085 12085 12085 12085 12085 12085 12085 12085 12085 12085 12085 12085 12085 12085 12085 12085 12085 12085 12085 10861 
26104 26104 26104 26104 26104 26104 26104 26104 26104 26104 26104 26104 20434 15481 15481 15481 15481 15481 15481 15481 15481 15481 15481 15481 15481 15481 15481 15481 15481 15481 15481 15481 15481 15481 15481 15481 15481 15481 14221 
27072 27072 27072 27072 27072 27072 27072 27072 27072 27072 27072 27072 21726 17025 17025 17025 17025 17025 17025 17025 17025 17025 17025 17025 17025 17025 17025 17025 17025 17025 17025 17025 17025 17025 17025 17025 17025 17025 15837 
12360 12360 12360 12360 12360 12360 12360 12360 12360 12360 12360 12360 6798 13737 13737 13737 13737 13737 13737 13737 13737 13737 13737 13737 13737 13737 13737 13737 13737 13737 13737 13737 13737 13737 13737 13737 13737 13737 12501 
29832 29832 29832 29832 29832 29832 29832 29832 29832 29832 29832 29832 23244 17853 17853 17853 17853 17853 17853 17853 17853 17853 17853 17853 17853 17853 17853 17853 17853 17853 17853 17853 17853 17853 17853 17853 17853 17853 16389 
29184 29184 29184 29184 29184 29184 29184 29184 29184 29184 29184 29184 23082 5628 5628 5628 5628 5628 5628 5628 5628 5628 5628 5628 5628 5628 5628 5628 5628 5628 5628 5628 5628 5628 5628 5628 5628 5628 4272 
25552 25552 25552 25552 25552 25552 25552 25552 25552 25552 25552 25552 19936 14341 14341 14341 14341 14341 14341 14341 14341 14341 14341 14341 14341 14341 14341 14341 14341 14341 14341 14341 14341 14341 14341 14341 14341 14341 13093 
28992 28992 28992 28992 28992 28992 28992 28992 28992 28992 28992 28992 22782 17601 17601 17601 17601 17601 17601 17601 17601 17601 17601 17601 17601 17601 17601 17601 17601 17601 17601 17601 17601 17601 17601 17601 17601 17601 16221 
17160 17160 17160 17160 17160 17160 17160 17160 17160 17160 17160 17160 10734 13833 13833 13833 13833 13833 13833 13833 13833 13833 13833 13833 13833 13833 13833 13833 13833 13833 13833 13833 13833 13833 13833 13833 13833 13833 12405 
27744 27744 27744 27744 27744 27744 27744 27744 27744 27744 27744 27744 22290 5196 5196 5196 5196 5196 5196 5196 5196 5196 5196 5196 5196 5196 5196 5196 5196 5196 5196 5196 5196 5196 5196 5196 5196 5196 3984 
29304 29304 29304 29304 29304 29304 29304 29304 29304 29304 29304 29304 23256 4032 4032 4032 4032 4032 4032 4032 4032 4032 4032 4032 4032 4032 4032 4032 4032 4032 4032 4032 4032 4032 4032 4032 4032 4032 2688 
29360 29360 29360 29360 29360 29360 29360 29360 29360 29360 29360 29360 23096 12901 12901 12901 12901 12901 12901 12901 12901 12901 12901 12901 12901 12901 12901 12901 12901 12901 12901 12901 12901 12901 12901 12901 12901 12901 11509 
27432 27432 27432 27432 27432 27432 27432 27432 27432 27432 27432 27432 21924 17133 17133 17133 17133 17133 17133 17133 17133 17133 17133 17133 17133 17133 17133 17133 17133 17133 17133 17133 17133 17133 17133 17133 17133 17133 15909 
28464 28464 28464 28464 28464 28464 28464 28464 28464 28464 28464 28464 22686 5412 5412 5412 5412 5412 5412 5412 5412 5412 5412 5412 5412 5412 5412 5412 5412 5412 5412 5412 5412 5412 5412 5412 5412 5412 4128 
31648 31648 31648 31648 31648 31648 31648 31648 31648 31648 31648 31648 26032 21125 21125 21125 21125 21125 21125 21125 21125 21125 21125 21125 21125 21125 21125 21125 21125 21125 21125 21125 21125 21125 21125 21125 21125 21125 19877 
27088 27088 27088 27088 27088 27088 27088 27088 27088 27088 27088 27088 21310 15937 15937 15937 15937 15937 15937 15937 15937 15937 15937 15937 15937 15937 15937 15937 15937 15937 15937 15937 15937 15937 15937 15937 15937 15937 14653 
]

ExternalWorkerWithSkillOnStintCost: [
30744 39816 31752 41256 40320 41472 33408 35424 37728 43128 36000 41256 39744 16020 13200 17580 17220 14400 15090 12990 13920 12180 12450 14160 13410 16500 17220 17790 12150 14100 16890 17100 17580 12060 17100 13290 13620 12720 13440 
37944 36144 34848 42696 38520 38376 42552 35352 41616 33336 33480 31752 28800 13950 17220 13560 17190 15090 12300 12060 14070 16470 17880 12660 16410 13740 13890 12990 16500 17010 14790 14700 14580 13620 12540 17640 13980 14940 13020 
32112 42120 38592 31896 42912 31032 30816 35352 33984 39312 42480 43056 31536 16770 13290 17340 13410 16290 14880 13890 13380 17550 16260 16320 12660 17160 14160 15780 13080 12150 13860 17070 15540 17400 17040 13110 14220 14790 15300 
40608 35208 33912 36864 35640 37152 40392 36216 39888 31176 32400 35640 33408 17820 15480 17220 13410 13620 16800 12300 16620 17280 17640 13440 13770 13530 15810 15690 12120 15960 17520 14340 14670 13680 16470 17640 15360 13440 14790 
34920 29232 33264 32328 35136 40968 30024 42408 38304 32832 37152 33624 37152 15810 13260 12120 15990 12330 17220 17190 14910 15930 17160 13350 12300 12150 14610 14850 17040 16590 14760 16050 12090 13320 15990 13020 13350 17820 13830 
38088 42624 40320 38592 29664 38808 31248 30744 37008 35568 36936 37152 38880 17310 16680 16500 14970 15900 13800 12570 17160 12390 15420 14220 13320 12150 12150 15690 16050 17190 13230 14670 12570 14460 14760 14340 17160 17820 14190 
]

OverlappingStints: [
[ 2 14 15 16 ]
[ 3 16 17 18 ]
[ 4 18 19 20 ]
[ 5 20 21 22 ]
[ 6 22 23 24 ]
[ 7 24 25 26 ]
[ 8 26 27 28 ]
[ 9 28 29 30 ]
[ 10 30 31 32 ]
[ 11 32 33 34 ]
[ 12 34 35 36 ]
[ 13 36 37 38 ]
[ 38 39 ]
[ ]
[ ]
[ ]
[ ]
[ ]
[ ]
[ ]
[ ]
[ ]
[ ]
[ ]
[ ]
[ ]
[ ]
[ ]
[ ]
[ ]
[ ]
[ ]
[ ]
[ ]
[ ]
[ ]
[ ]
[ ]
[ ]
]

EmployeesWithSkill: [
[ 1 2 3 4 5 6 7 8 9 10 11 12 13 14 15 16 17 18 19 20 21 22 23 24 25 26 27 28 29 30 31 32 33 34 35 36 37 38 39 40 41 42 43 44 45 46 47 48 49 50 51 52 53 54 55 56 57 58 59 60 61 62 63 64 65 66 67 68 69 70 71 72 73 74 75 76 77 78 79 80 81 82 83 84 85 86 87 88 89 90 91 92 93 94 95 96 97 98 99 100 101 102 103 104 105 106 107 108 109 110 111 112 113 114 115 116 117 118 119 120 ]
[ 1 2 3 4 5 6 7 9 10 12 15 16 17 21 29 30 31 35 36 40 42 44 45 47 48 50 51 57 59 60 62 63 64 66 67 70 73 75 76 77 79 80 81 82 83 84 85 87 88 89 90 91 93 94 96 98 99 102 103 105 107 109 113 115 116 117 118 120 ]
[ 3 10 13 14 30 36 44 51 54 56 65 88 102 104 110 115 119 ]
[ 1 4 9 13 22 27 38 45 47 55 56 57 61 67 75 78 87 89 94 97 106 109 112 115 116 ]
[ 1 2 3 4 5 6 7 8 9 10 11 12 13 14 15 16 17 18 19 20 21 22 23 24 25 26 27 28 29 30 31 32 33 34 35 36 37 38 39 40 41 42 43 44 45 46 47 48 49 50 51 52 53 54 55 56 57 58 59 60 61 62 63 64 65 66 67 68 69 70 71 72 73 74 75 76 77 78 79 80 81 82 83 84 85 86 87 88 89 90 91 92 93 94 95 96 97 98 99 100 101 102 103 104 105 106 107 108 109 110 111 112 113 114 115 116 117 118 119 120 ]
[ 1 7 9 11 13 16 26 31 43 50 61 63 64 65 73 79 80 86 94 95 97 99 100 101 102 103 106 109 ]
]

SkillDemandInActivityWithMode: [
0	1	
3	6	
5	9	
3	6	
3	6	
6	10	
6	10	
3	6	
4	7	
7	12	
3	6	
6	10	
3	6	
2	4	
4	7	
2	4	
5	9	
2	4	
3	6	
6	10	
4	7	
7	12	
3	6	
7	12	
8	13	
8	13	
8	13	
8	13	
5	9	
5	9	
4	7	
3	6	
8	13	
4	7	
8	13	
2	4	
5	9	
7	12	
8	13	
0	1	
17	27	
17	27	
38	58	
38	58	
26	40	
34	52	
31	48	
34	52	
19	30	
11	18	
34	52	
21	33	
21	33	
8	13	
5	9	
38	58	
38	58	
22	34	
31	48	
38	58	
31	48	
28	43	
38	58	
31	48	
21	33	
16	25	
16	25	
11	18	
12	19	
21	33	
12	19	
19	30	
18	28	

0	1	
0	1	
0	1	
0	1	
0	1	
0	1	
1	3	
0	1	
0	1	
1	3	
0	1	
1	3	
0	1	
0	1	
0	1	
0	1	
0	1	
0	1	
0	1	
0	1	
0	1	
1	3	
0	1	
1	3	
1	3	
1	3	
1	3	
1	3	
0	1	
0	1	
0	1	
0	1	
1	3	
0	1	
1	3	
0	1	
0	1	
1	3	
1	3	
0	1	
11	18	
11	18	
25	39	
25	39	
17	27	
22	34	
20	31	
22	34	
12	19	
6	10	
22	34	
13	21	
13	21	
4	7	
2	4	
25	39	
25	39	
14	22	
20	31	
25	39	
20	31	
18	28	
25	39	
20	31	
13	21	
10	16	
10	16	
7	12	
7	12	
13	21	
7	12	
12	19	
12	19	

0	1	
0	1	
1	3	
1	3	
1	3	
2	4	
2	4	
0	1	
1	3	
2	4	
0	1	
2	4	
0	1	
0	1	
1	3	
0	1	
1	3	
0	1	
1	3	
2	4	
1	3	
2	4	
1	3	
2	4	
2	4	
2	4	
2	4	
2	4	
1	3	
1	3	
1	3	
0	1	
2	4	
1	3	
2	4	
0	1	
1	3	
2	4	
2	4	
0	1	
1	3	
1	3	
2	4	
2	4	
1	3	
2	4	
2	4	
2	4	
1	3	
0	1	
2	4	
1	3	
1	3	
0	1	
0	1	
2	4	
2	4	
1	3	
2	4	
2	4	
2	4	
1	3	
2	4	
2	4	
1	3	
1	3	
1	3	
0	1	
0	1	
1	3	
0	1	
1	3	
1	3	

0	1	
1	3	
2	4	
1	3	
1	3	
2	4	
2	4	
1	3	
1	3	
2	4	
1	3	
2	4	
1	3	
0	1	
1	3	
0	1	
2	4	
0	1	
1	3	
2	4	
1	3	
3	6	
1	3	
3	6	
3	6	
3	6	
3	6	
3	6	
2	4	
2	4	
1	3	
1	3	
3	6	
1	3	
3	6	
0	1	
2	4	
3	6	
3	6	
0	1	
2	4	
2	4	
4	7	
4	7	
3	6	
4	7	
3	6	
4	7	
2	4	
1	3	
4	7	
2	4	
2	4	
0	1	
0	1	
4	7	
4	7	
2	4	
3	6	
4	7	
3	6	
3	6	
4	7	
3	6	
2	4	
1	3	
1	3	
1	3	
1	3	
2	4	
1	3	
2	4	
2	4	

0	1	
7	12	
15	24	
9	15	
10	16	
19	30	
20	31	
8	13	
11	18	
22	34	
7	12	
20	31	
7	12	
6	10	
13	21	
4	7	
15	24	
6	10	
10	16	
20	31	
11	18	
23	36	
10	16	
23	36	
28	43	
28	43	
26	40	
26	40	
17	27	
17	27	
11	18	
8	13	
26	40	
11	18	
28	43	
4	7	
15	24	
23	36	
28	43	
0	1	
3	6	
3	6	
7	12	
7	12	
5	9	
6	10	
6	10	
6	10	
3	6	
2	4	
6	10	
4	7	
4	7	
1	3	
0	1	
7	12	
7	12	
4	7	
6	10	
7	12	
6	10	
5	9	
7	12	
6	10	
4	7	
3	6	
2	4	
2	4	
2	4	
3	6	
2	4	
3	6	
3	6	

0	1	
0	1	
1	3	
0	1	
0	1	
1	3	
1	3	
0	1	
0	1	
1	3	
0	1	
1	3	
0	1	
0	1	
0	1	
0	1	
1	3	
0	1	
0	1	
1	3	
0	1	
1	3	
0	1	
1	3	
2	4	
2	4	
1	3	
1	3	
1	3	
1	3	
0	1	
0	1	
1	3	
0	1	
2	4	
0	1	
1	3	
1	3	
1	3	
0	1	
3	6	
3	6	
8	13	
8	13	
5	9	
7	12	
6	10	
7	12	
4	7	
2	4	
7	12	
4	7	
4	7	
1	3	
1	3	
8	13	
8	13	
4	7	
6	10	
8	13	
6	10	
6	10	
8	13	
6	10	
4	7	
3	6	
3	6	
2	4	
2	4	
4	7	
2	4	
4	7	
4	7	

]

EmployeeAvailability: [
1 1 1 0 1 1 1 1 0 1 1 1 1 1 1 1 1 1 1 1 0 1 1 1 1 1 1 1 1 1 1 1 1 1 1 1 1 1 1 
1 1 1 1 1 1 1 1 0 1 1 1 1 1 1 1 1 1 1 1 1 1 1 1 1 1 1 1 1 1 0 1 1 1 1 1 1 1 1 
1 1 1 1 1 1 1 1 1 1 1 1 1 1 1 1 1 1 1 1 1 1 1 1 1 1 1 1 1 1 1 1 1 1 1 1 1 1 1 
0 1 1 0 1 1 1 1 1 0 1 1 1 0 1 1 1 1 1 0 1 1 1 1 1 1 1 1 1 1 1 0 1 1 1 1 1 1 1 
1 1 1 1 1 1 1 1 1 1 1 1 1 1 1 1 1 1 1 1 1 1 1 1 1 1 1 1 1 1 1 1 1 1 1 1 1 1 1 
1 1 1 1 1 1 1 1 0 1 0 1 1 1 1 1 1 1 1 1 1 1 1 1 1 1 1 1 1 1 1 1 1 1 1 1 1 1 1 
1 1 1 1 1 1 1 1 1 1 1 1 0 1 1 1 1 1 1 1 1 1 1 1 1 1 1 1 1 1 1 1 1 1 1 1 1 0 1 
1 1 1 1 1 1 1 1 0 0 1 1 1 1 1 1 1 1 1 1 1 1 1 1 1 1 1 1 1 1 0 0 1 1 1 1 1 1 1 
1 1 1 1 1 1 1 1 1 1 0 1 0 1 1 1 1 1 1 1 1 1 1 1 1 1 1 1 1 1 1 1 1 1 0 1 1 1 0 
0 1 1 0 1 1 1 1 1 1 1 1 1 0 1 1 1 1 1 1 0 1 1 1 1 1 1 1 1 1 1 1 1 1 1 1 1 1 1 
1 1 1 1 1 1 1 1 1 1 1 1 1 1 1 1 1 1 1 1 1 1 1 1 1 1 1 1 1 1 1 1 1 1 1 1 1 1 1 
1 1 1 1 0 1 1 1 1 1 1 1 1 1 1 1 1 1 1 1 1 0 1 1 1 1 1 1 1 1 1 1 1 1 1 1 1 1 1 
1 1 1 0 1 1 1 1 0 1 1 1 1 1 1 1 1 1 1 0 1 1 1 1 1 1 1 1 1 1 0 1 1 1 1 1 1 1 1 
0 1 1 1 1 0 1 1 1 1 1 1 1 0 1 1 1 1 1 1 1 1 1 0 1 1 1 1 1 1 1 1 1 1 1 1 1 1 1 
1 1 1 1 1 1 1 1 1 1 1 1 1 1 1 1 1 1 1 1 1 1 1 1 1 1 1 1 1 1 1 1 1 1 1 1 1 1 1 
1 1 1 1 1 1 1 1 1 1 1 1 1 1 1 1 1 1 1 1 1 1 1 1 1 1 1 1 1 1 1 1 1 1 1 1 1 1 1 
1 1 1 1 1 1 1 1 0 1 1 1 1 1 1 1 1 1 1 1 1 1 1 1 1 1 1 1 1 1 0 1 1 1 1 1 1 1 1 
1 1 1 1 1 1 1 1 1 1 1 1 1 1 1 1 1 1 1 1 1 1 1 1 1 1 1 1 1 1 1 1 1 1 1 1 1 1 1 
1 1 1 1 1 1 1 1 1 1 1 1 1 1 1 1 1 1 1 1 1 1 1 1 1 1 1 1 1 1 1 1 1 1 1 1 1 1 1 
1 1 1 1 1 1 1 1 1 1 1 1 1 1 1 1 1 1 1 1 1 1 1 1 1 1 1 1 1 1 1 1 1 1 1 1 1 1 1 
1 1 1 1 1 1 1 1 1 1 1 1 1 1 1 1 1 1 1 1 1 1 1 1 1 1 1 1 1 1 1 1 1 1 1 1 1 1 1 
1 1 1 1 1 0 1 1 1 0 1 1 1 1 1 1 1 1 1 1 1 1 1 1 0 1 1 1 1 1 1 1 0 1 1 1 1 1 1 
1 1 1 1 1 1 1 1 1 1 1 0 0 1 1 1 1 1 1 1 1 1 1 1 1 1 1 1 1 1 1 1 1 1 1 1 1 0 1 
1 1 1 1 1 1 0 1 1 1 1 1 1 1 1 1 1 1 1 1 1 1 1 1 1 1 1 1 1 1 1 1 1 1 1 1 1 1 1 
1 1 1 1 1 1 1 1 1 0 1 0 1 1 1 1 1 1 1 1 1 1 1 1 1 1 1 1 1 1 1 1 0 1 1 0 1 1 1 
1 1 1 1 0 1 1 1 1 1 0 0 1 1 1 1 1 1 1 1 1 0 1 1 1 1 1 1 1 1 1 1 1 1 1 1 1 1 1 
1 1 1 1 1 1 1 1 1 1 0 1 0 1 1 1 1 1 1 1 1 1 1 1 1 1 1 1 1 1 1 1 1 1 0 1 1 1 1 
1 0 1 1 1 1 1 1 1 1 1 1 1 1 1 0 1 1 1 1 1 1 1 1 1 1 1 1 1 1 1 1 1 1 1 1 1 1 1 
1 0 1 1 0 1 1 1 0 1 1 1 1 1 1 0 1 1 1 1 1 0 1 1 1 1 1 1 1 0 1 1 1 1 1 1 1 1 1 
1 1 1 1 1 1 1 1 1 1 1 1 1 1 1 1 1 1 1 1 1 1 1 1 1 1 1 1 1 1 1 1 1 1 1 1 1 1 1 
1 1 1 1 1 1 1 1 1 1 1 1 1 1 1 1 1 1 1 1 1 1 1 1 1 1 1 1 1 1 1 1 1 1 1 1 1 1 1 
1 1 1 1 0 1 1 1 1 1 1 0 0 1 1 1 1 1 1 1 1 1 0 1 1 1 1 1 1 1 1 1 1 1 1 1 0 0 1 
1 0 1 1 1 1 1 1 1 1 1 1 1 1 1 0 1 1 1 1 1 1 1 1 1 1 1 1 1 1 1 1 1 1 1 1 1 1 1 
1 1 1 1 1 1 1 1 1 1 1 0 1 1 1 1 1 1 1 1 1 1 1 1 1 1 1 1 1 1 1 1 1 1 1 1 1 1 1 
1 1 1 1 1 1 1 1 1 1 1 1 1 1 1 1 1 1 1 1 1 1 1 1 1 1 1 1 1 1 1 1 1 1 1 1 1 1 1 
1 1 1 1 1 1 1 1 1 1 1 1 1 1 1 1 1 1 1 1 1 1 1 1 1 1 1 1 1 1 1 1 1 1 1 1 1 1 1 
1 1 1 0 1 1 1 1 1 0 0 1 1 1 1 1 1 1 1 0 1 1 1 1 1 1 1 1 1 1 1 0 1 0 1 1 1 1 1 
1 1 1 0 1 1 0 1 1 1 1 1 1 1 1 1 1 1 1 0 1 1 1 1 1 0 1 1 1 1 1 1 1 1 1 1 1 1 1 
1 1 0 1 1 1 1 1 1 1 1 1 1 1 1 1 1 1 0 1 1 1 1 1 1 1 1 1 1 1 1 1 1 1 1 1 1 1 1 
1 1 1 1 1 1 1 1 1 1 1 1 1 1 1 1 1 1 1 1 1 1 1 1 1 1 1 1 1 1 1 1 1 1 1 1 1 1 1 
1 1 1 1 1 1 1 1 1 1 1 1 1 1 1 1 1 1 1 1 1 1 1 1 1 1 1 1 1 1 1 1 1 1 1 1 1 1 1 
1 1 1 1 1 1 1 1 1 1 1 1 1 1 1 1 1 1 1 1 1 1 1 1 1 1 1 1 1 1 1 1 1 1 1 1 1 1 1 
0 0 1 1 1 0 1 1 1 1 1 1 1 1 0 0 1 1 1 1 1 1 1 0 1 1 1 1 1 1 1 1 1 1 1 1 1 1 1 
1 1 1 1 1 1 1 1 0 1 1 1 1 1 1 1 1 1 1 1 1 1 1 1 1 1 1 1 1 1 1 1 1 1 1 1 1 1 1 
1 1 1 1 1 1 1 1 1 1 1 1 1 1 1 1 1 1 1 1 1 1 1 1 1 1 1 1 1 1 1 1 1 1 1 1 1 1 1 
1 1 1 1 1 1 1 1 1 0 0 1 1 1 1 1 1 1 1 1 1 1 1 1 1 1 1 1 1 1 1 0 1 1 0 1 1 1 1 
1 1 0 1 1 1 1 0 1 1 1 1 1 1 1 1 1 1 0 1 1 1 1 1 1 1 1 1 0 1 1 1 1 1 1 1 1 1 1 
1 1 1 1 1 1 1 1 1 1 1 1 1 1 1 1 1 1 1 1 1 1 1 1 1 1 1 1 1 1 1 1 1 1 1 1 1 1 1 
1 1 0 0 1 0 1 1 1 1 1 1 1 1 1 1 1 0 1 0 1 1 1 0 1 1 1 1 1 1 1 1 1 1 1 1 1 1 1 
1 1 1 1 1 1 1 1 1 1 1 1 1 1 1 1 1 1 1 1 1 1 1 1 1 1 1 1 1 1 1 1 1 1 1 1 1 1 1 
1 1 1 1 0 1 1 0 1 1 1 1 1 1 1 1 1 1 1 1 1 1 0 1 1 1 1 1 1 1 1 1 1 1 1 1 1 1 1 
1 1 1 0 1 1 1 0 1 1 1 1 1 1 1 1 1 1 1 0 1 1 1 1 1 1 1 1 1 1 1 1 1 1 1 1 1 1 1 
1 1 0 1 1 1 1 0 1 1 1 1 1 1 1 1 1 1 0 1 1 1 1 1 1 1 1 1 0 1 1 1 1 1 1 1 1 1 1 
1 1 1 1 1 1 1 1 1 1 1 1 0 1 1 1 1 1 1 1 1 1 1 1 1 1 1 1 1 1 1 1 1 1 1 1 1 1 1 
1 1 1 1 0 1 1 1 1 0 1 1 1 1 1 1 1 1 1 1 1 0 1 1 1 1 1 1 1 1 1 1 0 1 1 1 1 1 1 
1 1 1 1 1 1 1 1 1 1 1 1 1 1 1 1 1 1 1 1 1 1 1 1 1 1 1 1 1 1 1 1 1 1 1 1 1 1 1 
1 1 1 1 1 1 1 0 0 0 1 1 1 1 1 1 1 1 1 1 1 1 1 1 1 1 1 0 1 0 1 1 0 1 1 1 1 1 1 
1 1 1 1 1 1 1 1 1 1 1 1 1 1 1 1 1 1 1 1 1 1 1 1 1 1 1 1 1 1 1 1 1 1 1 1 1 1 1 
1 1 1 1 1 1 1 1 1 1 1 1 1 1 1 1 1 1 1 1 1 1 1 1 1 1 1 1 1 1 1 1 1 1 1 1 1 1 1 
1 0 1 1 1 1 1 1 1 1 1 1 1 1 1 1 0 1 1 1 1 1 1 1 1 1 1 1 1 1 1 1 1 1 1 1 1 1 1 
1 1 1 1 0 1 1 1 1 1 1 0 1 1 1 1 1 1 1 1 1 0 1 1 1 1 1 1 1 1 1 1 1 1 1 0 1 1 1 
1 1 1 1 1 1 1 0 1 1 1 1 1 1 1 1 1 1 1 1 1 1 1 1 1 1 1 1 1 1 1 1 1 1 1 1 1 1 1 
1 1 1 1 0 1 1 0 1 1 1 0 1 1 1 1 1 1 1 1 1 0 1 1 1 1 1 0 1 1 1 1 1 1 1 1 0 1 1 
1 1 1 1 1 1 1 1 1 1 1 1 1 1 1 1 1 1 1 1 1 1 1 1 1 1 1 1 1 1 1 1 1 1 1 1 1 1 1 
1 1 1 1 1 1 1 1 1 0 1 1 0 1 1 1 1 1 1 1 1 1 1 1 1 1 1 1 1 1 1 0 1 1 1 1 1 0 1 
1 1 1 1 1 1 1 1 1 1 0 1 1 1 1 1 1 1 1 1 1 1 1 1 1 1 1 1 1 1 1 1 1 1 0 1 1 1 1 
1 1 1 1 1 1 1 0 0 1 1 1 1 1 1 1 1 1 1 1 1 1 1 1 1 1 1 1 0 1 0 1 1 1 1 1 1 1 1 
1 0 1 1 0 1 1 1 1 1 0 1 1 1 1 0 1 1 1 1 1 1 0 1 1 1 1 1 1 1 1 1 1 0 1 1 1 1 1 
1 0 1 1 0 1 0 1 1 1 1 1 1 1 1 0 1 1 1 1 1 1 0 1 1 1 0 1 1 1 1 1 1 1 1 1 1 1 1 
1 1 1 1 1 1 1 1 1 1 1 0 1 1 1 1 1 1 1 1 1 1 1 1 1 1 1 1 1 1 1 1 1 1 1 0 1 1 1 
1 1 1 1 1 1 1 1 1 1 1 1 0 1 1 1 1 1 1 1 1 1 1 1 1 1 1 1 1 1 1 1 1 1 1 1 1 1 1 
1 1 1 1 1 1 1 1 0 0 1 1 1 1 1 1 1 1 1 1 1 1 1 1 1 1 1 1 1 0 0 0 1 1 1 1 1 1 1 
1 1 1 1 0 1 1 1 1 1 1 1 1 1 1 1 1 1 1 1 1 0 1 1 1 1 1 1 1 1 1 1 1 1 1 1 1 1 1 
1 1 1 1 1 1 0 1 1 1 1 1 1 1 1 1 1 1 1 1 1 1 1 1 1 0 1 1 1 1 1 1 1 1 1 1 1 1 1 
1 1 1 1 1 1 1 0 0 1 1 1 1 1 1 1 1 1 1 1 1 1 1 1 1 1 1 1 1 1 0 1 1 1 1 1 1 1 1 
0 1 1 1 1 1 1 1 1 1 1 1 1 1 0 1 1 1 1 1 1 1 1 1 1 1 1 1 1 1 1 1 1 1 1 1 1 1 1 
1 1 1 1 1 1 1 1 1 1 1 1 1 1 1 1 1 1 1 1 1 1 1 1 1 1 1 1 1 1 1 1 1 1 1 1 1 1 1 
1 1 1 1 1 1 1 1 1 0 0 1 1 1 1 1 1 1 1 1 1 1 1 1 1 1 1 1 1 1 1 1 0 0 1 1 1 1 1 
1 1 1 1 1 1 1 1 1 1 1 1 1 1 1 1 1 1 1 1 1 1 1 1 1 1 1 1 1 1 1 1 1 1 1 1 1 1 1 
1 1 1 1 1 1 1 1 1 0 0 1 1 1 1 1 1 1 1 1 1 1 1 1 1 1 1 1 1 1 1 0 1 0 1 1 1 1 1 
1 1 1 0 1 1 1 1 1 1 1 0 1 1 1 1 1 1 1 1 0 1 1 1 1 1 1 1 1 1 1 1 1 1 1 0 1 1 1 
1 1 1 0 1 1 1 1 1 1 1 1 1 1 1 1 1 1 1 0 1 1 1 1 1 1 1 1 1 1 1 1 1 1 1 1 1 1 1 
1 1 1 1 1 1 1 1 0 1 1 0 1 1 1 1 1 1 1 1 1 1 1 1 1 1 1 1 1 1 0 1 1 1 1 0 0 1 1 
1 1 0 0 1 1 1 0 1 1 1 1 1 1 1 1 1 0 1 1 0 1 1 1 1 1 1 0 1 1 1 1 1 1 1 1 1 1 1 
1 1 1 1 1 1 1 1 1 1 1 1 0 1 1 1 1 1 1 1 1 1 1 1 1 1 1 1 1 1 1 1 1 1 1 1 1 1 0 
1 1 0 1 1 1 0 1 1 1 1 1 0 1 1 1 1 1 0 1 1 1 1 1 1 1 0 1 1 1 1 1 1 1 1 1 1 1 0 
1 1 0 1 1 0 1 1 1 1 1 1 1 1 1 1 1 1 0 1 1 1 1 1 0 1 1 1 1 1 1 1 1 1 1 1 1 1 1 
0 1 1 1 1 1 1 1 1 1 0 1 0 1 0 1 1 1 1 1 1 1 1 1 1 1 1 1 1 1 1 1 1 0 1 1 1 1 0 
1 1 0 1 1 0 1 1 1 1 1 1 1 1 1 1 1 0 1 1 1 1 1 1 0 1 1 1 1 1 1 1 1 1 1 1 1 1 1 
1 1 1 1 1 1 1 1 1 1 1 1 1 1 1 1 1 1 1 1 1 1 1 1 1 1 1 1 1 1 1 1 1 1 1 1 1 1 1 
1 1 1 1 1 1 1 1 1 1 1 1 1 1 1 1 1 1 1 1 1 1 1 1 1 1 1 1 1 1 1 1 1 1 1 1 1 1 1 
1 1 0 1 1 1 1 1 1 1 1 1 1 1 1 1 1 0 1 1 1 1 1 1 1 1 1 1 1 1 1 1 1 1 1 1 1 1 1 
1 1 1 1 1 1 1 1 1 1 1 1 1 1 1 1 1 1 1 1 1 1 1 1 1 1 1 1 1 1 1 1 1 1 1 1 1 1 1 
0 1 1 1 1 1 1 0 1 0 1 1 1 0 1 1 1 1 1 1 1 1 1 1 1 1 1 0 1 1 1 1 0 1 1 1 1 1 1 
1 1 1 0 1 1 1 1 1 0 0 1 1 1 1 1 1 1 1 0 1 1 1 1 1 1 1 1 1 1 1 1 1 1 0 1 1 1 1 
0 1 1 1 1 0 1 1 1 1 1 1 1 0 1 1 1 1 1 1 1 1 1 0 1 1 1 1 1 1 1 1 1 1 1 1 1 1 1 
1 1 1 1 1 1 1 1 1 1 1 1 1 1 1 1 1 1 1 1 1 1 1 1 1 1 1 1 1 1 1 1 1 1 1 1 1 1 1 
1 0 1 1 1 1 1 1 0 0 1 1 1 1 1 1 0 1 1 1 1 1 1 1 1 1 1 1 1 0 1 0 1 1 1 1 1 1 1 
1 0 1 1 1 1 1 1 1 0 1 1 1 1 1 1 0 1 1 1 1 1 1 1 1 1 1 1 1 1 1 1 0 1 1 1 1 1 1 
1 1 1 1 1 1 1 1 1 1 1 1 1 1 1 1 1 1 1 1 1 1 1 1 1 1 1 1 1 1 1 1 1 1 1 1 1 1 1 
1 1 1 1 0 1 1 1 1 1 1 0 1 1 1 1 1 1 1 1 1 1 0 1 1 1 1 1 1 1 1 1 1 1 1 0 1 1 1 
1 1 0 1 1 0 1 1 1 0 1 1 1 1 1 1 1 0 1 1 1 1 1 1 1 1 1 1 1 1 1 1 0 1 1 1 1 1 1 
1 1 1 1 1 0 1 1 1 1 1 1 1 1 1 1 1 1 1 1 1 1 1 1 1 1 1 1 1 1 1 1 1 1 1 1 1 1 1 
1 1 1 1 1 1 1 1 1 1 1 1 1 1 1 1 1 1 1 1 1 1 1 1 1 1 1 1 1 1 1 1 1 1 1 1 1 1 1 
1 1 1 0 1 1 1 1 1 1 1 1 0 1 1 1 1 1 1 0 1 1 1 1 1 1 1 1 1 1 1 1 1 1 1 1 1 0 1 
1 1 1 1 1 1 1 1 0 1 1 1 1 1 1 1 1 1 1 1 1 1 1 1 1 1 1 1 1 1 0 1 1 1 1 1 1 1 1 
1 1 1 1 1 1 1 1 1 1 1 1 1 1 1 1 1 1 1 1 1 1 1 1 1 1 1 1 1 1 1 1 1 1 1 1 1 1 1 
1 1 1 1 1 1 1 0 1 1 1 1 1 1 1 1 1 1 1 1 1 1 1 1 1 1 1 1 0 1 1 1 1 1 1 1 1 1 1 
1 1 1 1 1 1 1 1 1 1 1 1 1 1 1 1 1 1 1 1 1 1 1 1 1 1 1 1 1 1 1 1 1 1 1 1 1 1 1 
0 1 0 1 1 1 1 1 1 1 1 1 1 0 1 1 1 1 1 1 1 1 1 1 1 1 1 1 1 1 1 1 1 1 1 1 1 1 1 
1 1 1 1 1 1 1 1 1 1 1 1 1 1 1 1 1 1 1 1 1 1 1 1 1 1 1 1 1 1 1 1 1 1 1 1 1 1 1 
1 1 1 1 1 1 0 1 1 1 1 1 1 1 1 1 1 1 1 1 1 1 1 1 1 0 1 1 1 1 1 1 1 1 1 1 1 1 1 
1 1 1 1 1 1 1 1 1 1 1 1 1 1 1 1 1 1 1 1 1 1 1 1 1 1 1 1 1 1 1 1 1 1 1 1 1 1 1 
1 1 1 1 1 1 1 0 1 0 1 1 1 1 1 1 1 1 1 1 1 1 1 1 1 1 1 1 1 1 1 1 1 1 1 1 1 1 1 
1 0 1 1 1 1 1 1 1 1 1 1 1 1 1 0 1 1 1 1 1 1 1 1 1 1 1 1 1 1 1 1 1 1 1 1 1 1 1 
1 1 1 1 1 1 1 1 1 0 1 1 1 1 1 1 1 1 1 1 1 1 1 1 1 1 1 1 1 1 1 1 1 1 1 1 1 1 1 
1 1 1 1 1 1 1 0 1 1 1 1 1 1 1 1 1 1 1 1 1 1 1 1 1 1 1 0 1 1 1 1 1 1 1 1 1 1 1 
1 1 1 1 1 0 1 1 1 1 1 1 1 1 1 1 1 1 1 1 1 1 1 0 1 1 1 1 1 1 1 1 1 1 1 1 1 1 1 
1 1 1 1 1 1 1 1 1 1 1 1 1 1 1 1 1 1 1 1 1 1 1 1 1 1 1 1 1 1 1 1 1 1 1 1 1 1 1 
1 1 1 1 1 1 1 1 1 1 1 1 1 1 1 1 1 1 1 1 1 1 1 1 1 1 1 1 1 1 1 1 1 1 1 1 1 1 1 
]

EmployeeWantedInStint: [ (2 31) 1 (3 4) 1 (4 9) 1 (7 12) 1 (8 17) 1 (8 37) 1 (10 8) 1 (12 34) 1 (13 34) 1 (17 3) 1 (17 5) 1 (17 26) 1 (19 24) 1 (20 4) 1 (20 16) 1 (23 38) 1 (25 28) 1 (30 17) 1 (32 7) 1 (34 11) 1 (36 19) 1 (38 28) 1 (39 39) 1 (40 23) 1 (40 33) 1 (41 7) 1 (41 38) 1 (43 27) 1 (43 31) 1 (44 2) 1 (44 26) 1 (45 36) 1 (48 27) 1 (48 35) 1 (48 39) 1 (49 12) 1 (49 26) 1 (49 29) 1 (50 14) 1 (53 2) 1 (54 6) 1 (56 24) 1 (56 36) 1 (57 9) 1 (58 20) 1 (58 28) 1 (63 38) 1 (64 38) 1 (66 1) 1 (66 12) 1 (66 29) 1 (69 30) 1 (70 16) 1 (70 22) 1 (71 13) 1 (72 11) 1 (72 29) 1 (74 24) 1 (74 36) 1 (75 2) 1 (75 4) 1 (78 3) 1 (78 22) 1 (78 26) 1 (79 23) 1 (80 28) 1 (84 26) 1 (86 10) 1 (86 26) 1 (87 34) 1 (88 31) 1 (88 35) 1 (89 36) 1 (90 27) 1 (95 7) 1 (95 24) 1 (98 36) 1 (100 14) 1 (101 30) 1 (102 30) 1 (104 23) 1 (105 7) 1 (106 1) 1 (108 4) 1 (108 7) 1 (108 36) 1 (109 5) 1 (111 30) 1 (115 2) 1 (115 14) 1 (115 36) 1 (117 26) 1 (118 20) 1 (118 22) 1 ]

EmployeeWantedViolationCost: [ (2 31) 5000 (3 4) 9000 (4 9) 9000 (7 12) 15000 (8 17) 8000 (8 37) 10000 (10 8) 6000 (12 34) 12000 (13 34) 7000 (17 3) 10000 (17 5) 12000 (17 26) 15000 (19 24) 10000 (20 4) 10000 (20 16) 15000 (23 38) 5000 (25 28) 7000 (30 17) 6000 (32 7) 9000 (34 11) 10000 (36 19) 8000 (38 28) 10000 (39 39) 6000 (40 23) 6000 (40 33) 6000 (41 7) 7000 (41 38) 7000 (43 27) 13000 (43 31) 12000 (44 2) 11000 (44 26) 10000 (45 36) 11000 (48 27) 12000 (48 35) 6000 (48 39) 5000 (49 12) 12000 (49 26) 14000 (49 29) 14000 (50 14) 15000 (53 2) 11000 (54 6) 6000 (56 24) 12000 (56 36) 9000 (57 9) 14000 (58 20) 9000 (58 28) 5000 (63 38) 7000 (64 38) 15000 (66 1) 5000 (66 12) 5000 (66 29) 10000 (69 30) 12000 (70 16) 11000 (70 22) 15000 (71 13) 6000 (72 11) 6000 (72 29) 15000 (74 24) 14000 (74 36) 14000 (75 2) 8000 (75 4) 10000 (78 3) 9000 (78 22) 11000 (78 26) 15000 (79 23) 12000 (80 28) 8000 (84 26) 12000 (86 10) 11000 (86 26) 13000 (87 34) 10000 (88 31) 11000 (88 35) 8000 (89 36) 9000 (90 27) 6000 (95 7) 5000 (95 24) 15000 (98 36) 10000 (100 14) 15000 (101 30) 5000 (102 30) 11000 (104 23) 6000 (105 7) 7000 (106 1) 15000 (108 4) 14000 (108 7) 7000 (108 36) 11000 (109 5) 14000 (111 30) 12000 (115 2) 12000 (115 14) 11000 (115 36) 12000 (117 26) 13000 (118 20) 8000 (118 22) 5000 ]

EmployeesThatShouldNotWorkTogetherWithEmployee: [
[ 17 18 32 36 73 83 120 ]
[ 9 57 58 78 111 119 ]
[ 7 24 59 80 ]
[ 55 63 84 ]
[ 17 40 87 90 96 100 115 116 119 ]
[ 18 68 76 81 92 ]
[ 47 70 120 ]
[ 59 84 108 ]
[ 14 21 30 77 86 ]
[ 25 45 93 94 95 113 ]
[ 62 88 97 ]
[ 27 71 72 109 110 ]
[ 29 68 69 75 ]
[ 21 62 75 107 ]
[ 21 45 47 49 ]
[ 17 54 59 ]
[ 36 80 ]
[ 59 83 ]
[ 101 ]
[ 75 81 88 105 ]
[ 38 53 91 99 109 ]
[ 25 50 71 ]
[ 30 41 42 65 84 91 103 112 114 ]
[ 51 77 86 96 111 ]
[ 33 71 84 95 97 106 ]
[ 47 78 86 91 ]
[ 89 ]
[ 60 72 83 113 ]
[ 39 97 ]
[ 58 93 97 98 104 105 ]
[ 40 44 48 53 66 99 101 104 ]
[ 36 56 120 ]
[ 40 57 83 ]
[ 42 117 ]
[ 41 65 80 98 ]
[ 54 ]
[ 41 112 ]
[ 87 95 118 ]
[ 103 ]
[ 76 84 106 ]
[ 47 73 92 106 ]
[ 58 74 88 108 ]
[ 49 67 116 117 ]
[ 52 71 ]
[ 79 85 ]
[ 50 67 103 ]
[ 61 74 80 99 ]
[ 119 ]
[ 67 86 111 114 ]
[ 57 97 ]
[ 78 93 ]
[ 84 ]
[ 105 ]
[ 66 70 106 ]
[ 60 86 96 ]
[ 73 ]
[ 101 109 ]
[ 62 64 84 115 ]
[ 85 87 88 104 109 ]
[ 65 85 115 120 ]
[ 68 89 115 ]
[ 106 111 ]
[ 73 ]
[ 72 118 ]
[ 78 91 ]
[ ]
[ 68 93 ]
[ 79 80 ]
[ 93 ]
[ 77 ]
[ 87 94 ]
[ 83 90 100 ]
[ 90 92 120 ]
[ 96 101 ]
[ ]
[ 82 95 ]
[ 79 115 ]
[ 111 ]
[ 105 109 114 117 ]
[ 81 83 87 ]
[ 86 111 117 ]
[ ]
[ 88 102 ]
[ ]
[ ]
[ ]
[ ]
[ 117 ]
[ 94 99 104 112 ]
[ ]
[ ]
[ ]
[ ]
[ ]
[ ]
[ 104 ]
[ 109 ]
[ 116 ]
[ 105 ]
[ 109 ]
[ 110 120 ]
[ ]
[ ]
[ 114 ]
[ ]
[ ]
[ 116 ]
[ ]
[ ]
[ ]
[ 119 ]
[ 119 ]
[ ]
[ ]
[ ]
[ ]
[ ]
[ ]
[ ]
[ ]
]

ShouldNotWorkTogetherCost: [ (1 17) 297 (1 18) 99 (1 32) 99 (1 36) 297 (1 73) 396 (1 83) 198 (1 120) 99 (2 9) 297 (2 57) 396 (2 58) 396 (2 78) 99 (2 111) 198 (2 119) 396 (3 7) 297 (3 24) 198 (3 59) 198 (3 80) 297 (4 55) 297 (4 63) 198 (4 84) 198 (5 17) 99 (5 40) 396 (5 87) 297 (5 90) 198 (5 96) 198 (5 100) 297 (5 115) 99 (5 116) 198 (5 119) 99 (6 18) 297 (6 68) 297 (6 76) 198 (6 81) 99 (6 92) 198 (7 47) 297 (7 70) 99 (7 120) 99 (8 59) 99 (8 84) 297 (8 108) 198 (9 14) 99 (9 21) 396 (9 30) 297 (9 77) 297 (9 86) 396 (10 25) 396 (10 45) 396 (10 93) 99 (10 94) 198 (10 95) 396 (10 113) 198 (11 62) 297 (11 88) 396 (11 97) 396 (12 27) 297 (12 71) 396 (12 72) 198 (12 109) 396 (12 110) 396 (13 29) 198 (13 68) 99 (13 69) 297 (13 75) 297 (14 21) 198 (14 62) 99 (14 75) 297 (14 107) 297 (15 21) 99 (15 45) 396 (15 47) 396 (15 49) 99 (16 17) 396 (16 54) 297 (16 59) 396 (17 36) 396 (17 80) 396 (18 59) 297 (18 83) 396 (19 101) 396 (20 75) 297 (20 81) 396 (20 88) 396 (20 105) 297 (21 38) 198 (21 53) 297 (21 91) 297 (21 99) 396 (21 109) 99 (22 25) 198 (22 50) 99 (22 71) 297 (23 30) 99 (23 41) 396 (23 42) 198 (23 65) 297 (23 84) 297 (23 91) 396 (23 103) 99 (23 112) 297 (23 114) 99 (24 51) 297 (24 77) 297 (24 86) 99 (24 96) 396 (24 111) 297 (25 33) 297 (25 71) 198 (25 84) 396 (25 95) 198 (25 97) 297 (25 106) 198 (26 47) 297 (26 78) 297 (26 86) 396 (26 91) 198 (27 89) 396 (28 60) 396 (28 72) 396 (28 83) 297 (28 113) 99 (29 39) 396 (29 97) 297 (30 58) 297 (30 93) 99 (30 97) 396 (30 98) 396 (30 104) 198 (30 105) 99 (31 40) 99 (31 44) 99 (31 48) 99 (31 53) 297 (31 66) 99 (31 99) 99 (31 101) 99 (31 104) 396 (32 36) 297 (32 56) 198 (32 120) 99 (33 40) 297 (33 57) 396 (33 83) 99 (34 42) 99 (34 117) 99 (35 41) 198 (35 65) 198 (35 80) 198 (35 98) 396 (36 54) 99 (37 41) 99 (37 112) 198 (38 87) 198 (38 95) 297 (38 118) 99 (39 103) 396 (40 76) 198 (40 84) 198 (40 106) 396 (41 47) 99 (41 73) 297 (41 92) 297 (41 106) 99 (42 58) 198 (42 74) 297 (42 88) 297 (42 108) 99 (43 49) 297 (43 67) 99 (43 116) 198 (43 117) 396 (44 52) 198 (44 71) 396 (45 79) 297 (45 85) 297 (46 50) 297 (46 67) 297 (46 103) 297 (47 61) 99 (47 74) 297 (47 80) 297 (47 99) 396 (48 119) 297 (49 67) 297 (49 86) 198 (49 111) 297 (49 114) 297 (50 57) 99 (50 97) 198 (51 78) 99 (51 93) 99 (52 84) 396 (53 105) 396 (54 66) 198 (54 70) 297 (54 106) 99 (55 60) 396 (55 86) 99 (55 96) 198 (56 73) 99 (57 101) 198 (57 109) 396 (58 62) 99 (58 64) 396 (58 84) 297 (58 115) 297 (59 85) 99 (59 87) 99 (59 88) 396 (59 104) 297 (59 109) 297 (60 65) 99 (60 85) 99 (60 115) 198 (60 120) 297 (61 68) 297 (61 89) 297 (61 115) 396 (62 106) 198 (62 111) 396 (63 73) 297 (64 72) 396 (64 118) 99 (65 78) 396 (65 91) 99 (67 68) 297 (67 93) 198 (68 79) 297 (68 80) 297 (69 93) 297 (70 77) 99 (71 87) 99 (71 94) 99 (72 83) 396 (72 90) 99 (72 100) 297 (73 90) 396 (73 92) 99 (73 120) 99 (74 96) 396 (74 101) 198 (76 82) 198 (76 95) 99 (77 79) 198 (77 115) 297 (78 111) 297 (79 105) 198 (79 109) 396 (79 114) 99 (79 117) 297 (80 81) 198 (80 83) 198 (80 87) 396 (81 86) 198 (81 111) 396 (81 117) 198 (83 88) 297 (83 102) 198 (88 117) 297 (89 94) 396 (89 99) 198 (89 104) 297 (89 112) 99 (96 104) 99 (97 109) 99 (98 116) 99 (99 105) 297 (100 109) 396 (101 110) 297 (101 120) 396 (104 114) 297 (107 116) 198 (111 119) 198 (112 119) 297 ]

ImmediatePredecessorsToActivity: [
[ ]
[ 1 ]
[ 1 ]
[ 2 ]
[ 1 ]
[ 2 ]
[ 3 5 ]
[ 5 6 ]
[ 3 ]
[ 1 ]
[ 3 5 ]
[ 7 ]
[ 10 ]
[ 9 ]
[ 3 5 12 ]
[ 10 ]
[ 4 6 9 12 16 ]
[ 10 ]
[ 11 18 ]
[ 4 15 16 ]
[ 1 ]
[ 9 18 ]
[ 2 3 12 13 21 ]
[ 9 10 ]
[ 6 7 9 21 ]
[ 11 15 18 ]
[ 16 25 ]
[ 12 16 21 ]
[ 13 22 ]
[ 11 24 25 ]
[ 11 12 22 25 ]
[ 10 11 25 ]
[ 4 9 15 23 30 ]
[ 12 13 24 ]
[ 23 30 ]
[ 3 ]
[ 2 11 24 25 ]
[ 5 6 18 37 ]
[ 12 18 30 37 ]
[ ]
[ 40 ]
[ 41 ]
[ 40 ]
[ 40 ]
[ 40 ]
[ 40 ]
[ 44 45 ]
[ 42 44 ]
[ 45 48 ]
[ 42 47 ]
[ 41 47 ]
[ 44 45 ]
[ 48 52 ]
[ 41 46 52 ]
[ 40 ]
[ 40 ]
[ 43 47 49 52 56 ]
[ 56 ]
[ 41 47 52 ]
[ 42 43 46 53 58 ]
[ 46 51 ]
[ 59 61 ]
[ 42 46 49 52 ]
[ 41 46 52 ]
[ 47 48 56 62 ]
[ 51 ]
[ 43 48 51 58 ]
[ 40 ]
[ 41 43 46 52 ]
[ 48 58 62 69 ]
[ 42 43 47 ]
[ 42 56 59 68 ]
[ 58 68 ]
]

ActivitiesInProject: [
[ 1 2 3 4 5 6 7 8 9 10 11 12 13 14 15 16 17 18 19 20 21 22 23 24 25 26 27 28 29 30 31 32 33 34 35 36 37 38 39 ]
[ 40 41 42 43 44 45 46 47 48 49 50 51 52 53 54 55 56 57 58 59 60 61 62 63 64 65 66 67 68 69 70 71 72 73 ]
]

nActivityModes: [ 2 2 2 2 2 2 2 2 2 2 2 2 2 2 2 2 2 2 2 2 2 2 2 2 2 2 2 2 2 2 2 2 2 2 2 2 2 2 2 2 2 2 2 2 2 2 2 2 2 2 2 2 2 2 2 2 2 2 2 2 2 2 2 2 2 2 2 2 2 2 2 2 2 ]

ActivityDurationWithMode: [
1	1	
36	24	
18	12	
30	20	
27	18	
15	10	
14	10	
35	24	
24	16	
13	9	
36	24	
14	10	
36	24	
47	32	
22	15	
62	42	
19	13	
43	29	
28	19	
14	10	
24	16	
12	8	
28	19	
12	8	
10	7	
10	7	
11	8	
11	8	
16	11	
16	11	
25	17	
32	22	
11	8	
24	16	
10	7	
69	46	
19	13	
12	8	
10	7	
1	1	
18	12	
18	12	
8	6	
8	6	
12	8	
9	6	
10	7	
9	6	
16	11	
30	20	
9	6	
15	10	
15	10	
42	28	
69	46	
8	6	
8	6	
14	10	
10	7	
8	6	
10	7	
11	8	
8	6	
10	7	
15	10	
20	14	
20	14	
29	20	
27	18	
15	10	
27	18	
16	11	
17	12	
]

StintsInProject: [
[ 1 2 3 4 5 6 7 8 9 10 11 12 13 ]
[ 14 15 16 17 18 19 20 21 22 23 24 25 26 27 28 29 30 31 32 33 34 35 36 37 38 39 ]
]

WorkingStintsOnDay: [
[ 1 14 ]
[ 1 14 ]
[ 1 14 ]
[ 1 14 ]
[ 1 14 ]
[ 1 ]
[ 1 ]
[ 1 15 ]
[ 1 15 ]
[ 1 15 ]
[ 1 15 ]
[ 1 15 ]
[ ]
[ ]
[ 2 16 ]
[ 2 16 ]
[ 2 16 ]
[ 2 16 ]
[ 2 16 ]
[ 2 ]
[ 2 ]
[ 2 17 ]
[ 2 17 ]
[ 2 17 ]
[ 2 17 ]
[ 2 17 ]
[ ]
[ ]
[ 3 18 ]
[ 3 18 ]
[ 3 18 ]
[ 3 18 ]
[ 3 18 ]
[ 3 ]
[ 3 ]
[ 3 19 ]
[ 3 19 ]
[ 3 19 ]
[ 3 19 ]
[ 3 19 ]
[ ]
[ ]
[ 4 20 ]
[ 4 20 ]
[ 4 20 ]
[ 4 20 ]
[ 4 20 ]
[ 4 ]
[ 4 ]
[ 4 21 ]
[ 4 21 ]
[ 4 21 ]
[ 4 21 ]
[ 4 21 ]
[ ]
[ ]
[ 5 22 ]
[ 5 22 ]
[ 5 22 ]
[ 5 22 ]
[ 5 22 ]
[ 5 ]
[ 5 ]
[ 5 23 ]
[ 5 23 ]
[ 5 23 ]
[ 5 23 ]
[ 5 23 ]
[ ]
[ ]
[ 6 24 ]
[ 6 24 ]
[ 6 24 ]
[ 6 24 ]
[ 6 24 ]
[ 6 ]
[ 6 ]
[ 6 25 ]
[ 6 25 ]
[ 6 25 ]
[ 6 25 ]
[ 6 25 ]
[ ]
[ ]
[ 7 26 ]
[ 7 26 ]
[ 7 26 ]
[ 7 26 ]
[ 7 26 ]
[ 7 ]
[ 7 ]
[ 7 27 ]
[ 7 27 ]
[ 7 27 ]
[ 7 27 ]
[ 7 27 ]
[ ]
[ ]
[ 8 28 ]
[ 8 28 ]
[ 8 28 ]
[ 8 28 ]
[ 8 28 ]
[ 8 ]
[ 8 ]
[ 8 29 ]
[ 8 29 ]
[ 8 29 ]
[ 8 29 ]
[ 8 29 ]
[ ]
[ ]
[ 9 30 ]
[ 9 30 ]
[ 9 30 ]
[ 9 30 ]
[ 9 30 ]
[ 9 ]
[ 9 ]
[ 9 31 ]
[ 9 31 ]
[ 9 31 ]
[ 9 31 ]
[ 9 31 ]
[ ]
[ ]
[ 10 32 ]
[ 10 32 ]
[ 10 32 ]
[ 10 32 ]
[ 10 32 ]
[ 10 ]
[ 10 ]
[ 10 33 ]
[ 10 33 ]
[ 10 33 ]
[ 10 33 ]
[ 10 33 ]
[ ]
[ ]
[ 11 34 ]
[ 11 34 ]
[ 11 34 ]
[ 11 34 ]
[ 11 34 ]
[ 11 ]
[ 11 ]
[ 11 35 ]
[ 11 35 ]
[ 11 35 ]
[ 11 35 ]
[ 11 35 ]
[ ]
[ ]
[ 12 36 ]
[ 12 36 ]
[ 12 36 ]
[ 12 36 ]
[ 12 36 ]
[ 12 ]
[ 12 ]
[ 12 37 ]
[ 12 37 ]
[ 12 37 ]
[ 12 37 ]
[ 12 37 ]
[ ]
[ ]
[ 13 38 ]
[ 13 38 ]
[ 13 38 ]
[ 13 38 ]
[ 13 38 ]
[ 13 ]
[ 13 ]
[ 13 39 ]
[ 13 39 ]
[ 13 39 ]
[ 13 39 ]
[ 13 39 ]
]

ProjectStart: [ 56 9 ]

ProjectEnd: [ 169 107 ]

EarliestStartDayForActivity: [ 1 56 56 97 56 97 88 116 77 56 88 104 72 105 120 72 144 72 130 146 56 121 120 105 116 146 144 144 135 130 135 130 152 120 152 77 130 151 151 1 9 33 9 9 9 9 25 59 72 59 39 25 72 46 9 9 94 19 46 93 52 66 94 46 81 52 72 9 46 83 59 60 48 ]

LatestStartDayForActivity: [ 1 169 169 169 169 169 169 169 169 169 169 169 169 169 169 169 169 169 169 169 169 169 169 169 169 169 169 169 169 169 169 169 169 169 169 169 169 169 169 1 107 107 107 107 107 107 107 107 107 107 107 107 107 107 107 107 107 107 107 107 107 107 107 107 107 107 107 107 107 107 107 107 107 ]

EquipmentTypeDemandInActivityWithMode: [
0	1	
1	3	
0	1	
1	3	
2	4	
3	6	
1	3	
1	3	
2	4	
0	1	
0	1	
0	1	
4	7	
2	4	
0	1	
0	1	
0	1	
1	3	
1	3	
2	4	
0	1	
1	3	
3	6	
1	3	
1	3	
1	3	
0	1	
2	4	
2	4	
1	3	
0	1	
1	3	
0	1	
0	1	
0	1	
3	6	
4	7	
1	3	
3	6	
0	1	
0	1	
2	4	
0	1	
0	1	
1	3	
1	3	
0	1	
0	1	
2	4	
1	3	
0	1	
2	4	
1	3	
0	1	
0	1	
1	3	
1	3	
2	4	
1	3	
1	3	
0	1	
1	3	
1	3	
1	3	
0	1	
0	1	
2	4	
0	1	
2	4	
0	1	
0	1	
0	1	
0	1	

0	1	
1	3	
2	4	
0	1	
1	3	
0	1	
1	3	
0	1	
3	6	
1	3	
1	3	
1	3	
0	1	
1	3	
3	6	
0	1	
2	4	
0	1	
2	4	
3	6	
2	4	
0	1	
1	3	
1	3	
1	3	
0	1	
1	3	
0	1	
0	1	
0	1	
2	4	
0	1	
0	1	
0	1	
2	4	
0	1	
2	4	
3	6	
2	4	
0	1	
2	4	
3	6	
2	4	
0	1	
2	4	
0	1	
1	3	
0	1	
0	1	
2	4	
3	6	
2	4	
0	1	
2	4	
0	1	
1	3	
1	3	
0	1	
1	3	
1	3	
2	4	
1	3	
0	1	
0	1	
0	1	
0	1	
0	1	
0	1	
1	3	
1	3	
0	1	
2	4	
0	1	

0	1	
0	1	
0	1	
2	4	
2	4	
0	1	
1	3	
0	1	
1	3	
1	3	
2	4	
1	3	
1	3	
0	1	
1	3	
1	3	
1	3	
0	1	
1	3	
3	6	
3	6	
1	3	
1	3	
4	7	
1	3	
2	4	
3	6	
0	1	
0	1	
0	1	
0	1	
0	1	
0	1	
0	1	
0	1	
0	1	
0	1	
1	3	
0	1	
0	1	
1	3	
0	1	
0	1	
2	4	
1	3	
4	7	
1	3	
1	3	
2	4	
0	1	
0	1	
1	3	
0	1	
2	4	
2	4	
1	3	
1	3	
1	3	
1	3	
1	3	
5	9	
0	1	
0	1	
1	3	
1	3	
2	4	
2	4	
1	3	
1	3	
0	1	
1	3	
0	1	
0	1	

0	1	
2	4	
1	3	
4	7	
1	3	
0	1	
0	1	
0	1	
2	4	
1	3	
0	1	
1	3	
2	4	
1	3	
2	4	
1	3	
1	3	
2	4	
0	1	
1	3	
1	3	
1	3	
2	4	
2	4	
0	1	
0	1	
1	3	
1	3	
1	3	
0	1	
3	6	
0	1	
1	3	
0	1	
2	4	
0	1	
0	1	
0	1	
0	1	
0	1	
1	3	
0	1	
1	3	
1	3	
0	1	
1	3	
2	4	
1	3	
0	1	
0	1	
3	6	
0	1	
0	1	
0	1	
3	6	
1	3	
1	3	
2	4	
1	3	
1	3	
0	1	
0	1	
0	1	
1	3	
1	3	
0	1	
0	1	
4	7	
0	1	
0	1	
1	3	
0	1	
0	1	

0	1	
1	3	
0	1	
0	1	
1	3	
1	3	
1	3	
1	3	
0	1	
1	3	
0	1	
0	1	
3	6	
0	1	
1	3	
3	6	
2	4	
1	3	
2	4	
1	3	
1	3	
4	7	
0	1	
0	1	
0	1	
1	3	
1	3	
2	4	
3	6	
0	1	
0	1	
1	3	
1	3	
2	4	
2	4	
1	3	
0	1	
0	1	
0	1	
0	1	
0	1	
1	3	
1	3	
0	1	
5	9	
0	1	
2	4	
0	1	
1	3	
0	1	
0	1	
1	3	
1	3	
1	3	
0	1	
0	1	
1	3	
0	1	
0	1	
3	6	
0	1	
1	3	
2	4	
0	1	
1	3	
1	3	
3	6	
1	3	
1	3	
0	1	
0	1	
1	3	
2	4	

0	1	
0	1	
2	4	
1	3	
1	3	
1	3	
2	4	
0	1	
2	4	
1	3	
1	3	
1	3	
1	3	
0	1	
2	4	
1	3	
1	3	
0	1	
1	3	
0	1	
1	3	
0	1	
0	1	
1	3	
1	3	
0	1	
0	1	
1	3	
1	3	
1	3	
0	1	
3	6	
1	3	
2	4	
0	1	
1	3	
0	1	
2	4	
2	4	
0	1	
0	1	
0	1	
0	1	
1	3	
0	1	
0	1	
0	1	
1	3	
0	1	
3	6	
2	4	
0	1	
2	4	
1	3	
1	3	
0	1	
1	3	
0	1	
1	3	
1	3	
0	1	
2	4	
3	6	
3	6	
0	1	
1	3	
1	3	
2	4	
2	4	
1	3	
0	1	
0	1	
1	3	

]

ExternalEquipmentRentingCost: [
5956	2999	3140	3476	3963	3489	4319	5666	1076	3864	1442	1281	4491	4097	1411	2114	1627	1989	1352	3739	5070	3327	1402	5264	4206	3103	1272	4478	5106	1185	3997	4925	4801	5034	4333	1381	4916	5621	1382	4053	1734	1173	2169	2003	1232	3446	5801	5229	2084	4252	4412	3922	5971	3476	2079	4602	2600	5703	4856	1045	5296	3152	1964	5353	3256	1878	3723	5698	1739	5176	5975	1584	4175	
4220	2154	4358	2249	1718	1135	5008	5660	2526	5334	1004	4540	1591	4162	5643	2389	5921	3750	4269	4296	3711	3388	5669	5804	4685	4762	4490	1637	4183	2338	4125	1513	5070	5698	3332	5217	1268	3335	4749	4210	4905	1927	2341	4057	4855	2457	3652	2998	1332	2254	3612	3292	4177	2522	5942	5369	4321	3852	5892	5797	4295	5301	4905	3169	5275	4528	2280	5717	5470	3824	3240	3302	1391	
4437	4630	2692	3520	1805	3128	5120	4129	3299	2663	1911	5067	2776	4850	5910	5086	2109	3450	3174	5302	2090	5386	1224	5097	5060	5328	3270	5170	5265	5970	3363	4779	1093	2083	4755	4172	5118	3772	4440	2966	3809	5912	2169	1227	5227	3872	1001	4302	3808	5534	2803	3411	1469	4270	3204	1122	4439	3484	3252	3618	4222	3303	5543	3303	1936	2275	3473	1263	3909	1012	3619	5478	3966	
5592	1346	1359	4576	1146	2261	3927	1018	4876	1297	3467	5386	4933	4456	5370	2542	2003	1573	1618	5577	2680	4589	1584	5761	4839	3349	5427	1361	5918	5810	2698	5030	2048	2366	5542	5334	3317	1550	3616	5112	3428	1938	5614	2004	3116	5769	3549	2658	3154	4161	3281	3430	2129	4613	3726	1944	5242	1638	5352	4676	4019	1074	2478	4313	4962	3798	4035	4903	5722	5928	4045	4938	5503	
3817	5124	4469	1775	5007	5699	4290	3321	3229	1780	2521	1248	3546	4830	2075	3054	3311	1189	2149	5673	1558	2398	1933	4133	3519	2295	4620	2223	1313	5341	4464	1274	4062	1256	2289	5820	5034	1797	4219	2757	2795	1216	3175	5867	5420	1878	3699	2291	1844	5906	5912	5065	1016	1276	3387	4266	4285	5239	2051	5609	2580	5766	2903	3616	2505	1505	1773	5430	3449	3012	4959	4536	5562	
5458	3043	5941	2311	3506	2246	2374	4410	5491	5896	2557	2305	4903	1314	1000	2247	5911	4927	4834	2465	3040	2438	4224	4130	5377	1676	5870	5064	4941	5819	3911	5562	5961	3787	1666	2896	5117	5744	3420	4265	5764	5022	2572	4422	5678	4805	3138	4544	4103	2956	5427	2156	4994	4755	1845	5211	5710	2769	3846	4711	3141	3337	2474	4078	3267	1350	4746	2126	1091	1383	1013	4424	5703	
]

EquipmentTypeTransportationCost: [
1	3951	
3951	1	

1	3681	
3681	1	

1	4686	
4686	1	

1	4047	
4047	1	

1	3973	
3973	1	

1	4010	
4010	1	

]

TransportationTimeForEquipmentTypeBetweenProjects: [
1	3	
3	1	

1	3	
3	1	

1	4	
4	1	

1	3	
3	1	

1	3	
3	1	

1	3	
3	1	

]

TotalNumberOfInitialEquipmentTypeLocation: [
(1 1) 3 (1 40) 4 
(2 1) 3 (2 40) 6 
(3 1) 4 (3 40) 2 
(4 1) 2 (4 40) 4 
(5 1) 5 (5 40) 2 
(6 1) 3 (6 40) 2 
]

DepotActivities: [ 1 40 ]

MaximalStintCliques: [
[ 2 1 16 ]
[ 2 17 ]
[ 2 3 18 ]
[ 4 3 20 ]
[ 4 22 5 ]
[ 4 21 ]
[ 5 6 24 ]
[ 5 23 ]
[ 6 25 ]
[ 6 26 7 ]
[ 7 27 ]
[ 7 28 8 ]
[ 8 9 30 ]
[ 8 29 ]
[ 9 10 32 ]
[ 9 31 ]
[ 10 33 ]
[ 10 34 11 ]
[ 11 35 ]
[ 11 36 12 ]
[ 12 37 ]
[ 12 38 13 ]
[ 13 39 ]
[ 14 1 ]
[ 15 1 ]
[ 19 3 ]
]
