nEmployees: 120
nSkills: 6
nProjects: 2
nDays: 120
nActivities: 53
nEquipmentTypes: 5
nStints: 27
nMaxModes: 2
nStintCliques: 18

EmployeeInStintCost: [
16053 16053 16053 16053 16053 16053 16053 16053 16053 16053 16053 16053 16053 16053 16053 16053 16053 7133 23796 23796 23796 23796 23796 23796 23796 23796 12698 
21617 21617 21617 21617 21617 21617 21617 21617 21617 21617 21617 21617 21617 21617 21617 21617 21617 12373 29660 29660 29660 29660 29660 29660 29660 29660 17860 
18169 18169 18169 18169 18169 18169 18169 18169 18169 18169 18169 18169 18169 18169 18169 18169 18169 8781 26700 26700 26700 26700 26700 26700 26700 26700 14588 
16785 16785 16785 16785 16785 16785 16785 16785 16785 16785 16785 16785 16785 16785 16785 16785 16785 7469 25636 25636 25636 25636 25636 25636 25636 25636 13680 
18065 18065 18065 18065 18065 18065 18065 18065 18065 18065 18065 18065 18065 18065 18065 18065 18065 8821 25900 25900 25900 25900 25900 25900 25900 25900 14100 
18029 18029 18029 18029 18029 18029 18029 18029 18029 18029 18029 18029 18029 18029 18029 18029 18029 8821 25780 25780 25780 25780 25780 25780 25780 25780 14058 
22629 22629 22629 22629 22629 22629 22629 22629 22629 22629 22629 22629 22629 22629 22629 22629 22629 12917 31884 31884 31884 31884 31884 31884 31884 31884 19070 
12353 12353 12353 12353 12353 12353 12353 12353 12353 12353 12353 12353 12353 12353 12353 12353 12353 2749 30220 30220 30220 30220 30220 30220 30220 30220 17640 
13281 13281 13281 13281 13281 13281 13281 13281 13281 13281 13281 13281 13281 13281 13281 13281 13281 3965 30284 30284 30284 30284 30284 30284 30284 30284 18328 
18029 18029 18029 18029 18029 18029 18029 18029 18029 18029 18029 18029 18029 18029 18029 18029 18029 8821 25780 25780 25780 25780 25780 25780 25780 25780 14058 
13557 13557 13557 13557 13557 13557 13557 13557 13557 13557 13557 13557 13557 13557 13557 13557 13557 4277 29948 29948 29948 29948 29948 29948 29948 29948 18070 
18353 18353 18353 18353 18353 18353 18353 18353 18353 18353 18353 18353 18353 18353 18353 18353 18353 8821 26860 26860 26860 26860 26860 26860 26860 26860 14436 
17573 17573 17573 17573 17573 17573 17573 17573 17573 17573 17573 17573 17573 17573 17573 17573 17573 8365 25644 25644 25644 25644 25644 25644 25644 25644 13922 
13665 13665 13665 13665 13665 13665 13665 13665 13665 13665 13665 13665 13665 13665 13665 13665 13665 4277 30308 30308 30308 30308 30308 30308 30308 30308 18196 
16269 16269 16269 16269 16269 16269 16269 16269 16269 16269 16269 16269 16269 16269 16269 16269 16269 7133 24516 24516 24516 24516 24516 24516 24516 24516 12950 
22125 22125 22125 22125 22125 22125 22125 22125 22125 22125 22125 22125 22125 22125 22125 22125 22125 12917 30204 30204 30204 30204 30204 30204 30204 30204 18482 
18097 18097 18097 18097 18097 18097 18097 18097 18097 18097 18097 18097 18097 18097 18097 18097 18097 8781 26460 26460 26460 26460 26460 26460 26460 26460 14504 
16713 16713 16713 16713 16713 16713 16713 16713 16713 16713 16713 16713 16713 16713 16713 16713 16713 7469 25396 25396 25396 25396 25396 25396 25396 25396 13596 
22013 22013 22013 22013 22013 22013 22013 22013 22013 22013 22013 22013 22013 22013 22013 22013 22013 12373 30980 30980 30980 30980 30980 30980 30980 30980 18322 
22985 22985 22985 22985 22985 22985 22985 22985 22985 22985 22985 22985 22985 22985 22985 22985 22985 13381 31940 31940 31940 31940 31940 31940 31940 31940 19360 
17809 17809 17809 17809 17809 17809 17809 17809 17809 17809 17809 17809 17809 17809 17809 17809 17809 8781 25500 25500 25500 25500 25500 25500 25500 25500 14168 
13081 13081 13081 13081 13081 13081 13081 13081 13081 13081 13081 13081 13081 13081 13081 13081 13081 3693 26828 26828 26828 26828 26828 26828 26828 26828 14716 
18169 18169 18169 18169 18169 18169 18169 18169 18169 18169 18169 18169 18169 18169 18169 18169 18169 8781 26700 26700 26700 26700 26700 26700 26700 26700 14588 
3492 3492 3492 3492 3492 3492 3492 3492 3492 3492 3492 3492 3492 3492 3492 3492 3492 0 27212 27212 27212 27212 27212 27212 27212 27212 16114 
4140 4140 4140 4140 4140 4140 4140 4140 4140 4140 4140 4140 4140 4140 4140 4140 4140 0 29372 29372 29372 29372 29372 29372 29372 29372 16870 
12209 12209 12209 12209 12209 12209 12209 12209 12209 12209 12209 12209 12209 12209 12209 12209 12209 2749 29740 29740 29740 29740 29740 29740 29740 29740 17472 
20621 20621 20621 20621 20621 20621 20621 20621 20621 20621 20621 20621 20621 20621 20621 20621 20621 11269 28724 28724 28724 28724 28724 28724 28724 28724 16690 
15901 15901 15901 15901 15901 15901 15901 15901 15901 15901 15901 15901 15901 15901 15901 15901 15901 6333 13800 13800 13800 13800 13800 13800 13800 13800 4830 
15797 15797 15797 15797 15797 15797 15797 15797 15797 15797 15797 15797 15797 15797 15797 15797 15797 6805 24228 24228 24228 24228 24228 24228 24228 24228 12974 
3888 3888 3888 3888 3888 3888 3888 3888 3888 3888 3888 3888 3888 3888 3888 3888 3888 0 28532 28532 28532 28532 28532 28532 28532 28532 16576 
13461 13461 13461 13461 13461 13461 13461 13461 13461 13461 13461 13461 13461 13461 13461 13461 13461 3965 30884 30884 30884 30884 30884 30884 30884 30884 18538 
15289 15289 15289 15289 15289 15289 15289 15289 15289 15289 15289 15289 15289 15289 15289 15289 15289 6333 11760 11760 11760 11760 11760 11760 11760 11760 4116 
16929 16929 16929 16929 16929 16929 16929 16929 16929 16929 16929 16929 16929 16929 16929 16929 16929 7469 26116 26116 26116 26116 26116 26116 26116 26116 13848 
14729 14729 14729 14729 14729 14729 14729 14729 14729 14729 14729 14729 14729 14729 14729 14729 14729 5485 24532 24532 24532 24532 24532 24532 24532 24532 12732 
22665 22665 22665 22665 22665 22665 22665 22665 22665 22665 22665 22665 22665 22665 22665 22665 22665 12917 32004 32004 32004 32004 32004 32004 32004 32004 19112 
21329 21329 21329 21329 21329 21329 21329 21329 21329 21329 21329 21329 21329 21329 21329 21329 21329 12373 28700 28700 28700 28700 28700 28700 28700 28700 17524 
14513 14513 14513 14513 14513 14513 14513 14513 14513 14513 14513 14513 14513 14513 14513 14513 14513 5485 23812 23812 23812 23812 23812 23812 23812 23812 12480 
21221 21221 21221 21221 21221 21221 21221 21221 21221 21221 21221 21221 21221 21221 21221 21221 21221 12373 28340 28340 28340 28340 28340 28340 28340 28340 17398 
15901 15901 15901 15901 15901 15901 15901 15901 15901 15901 15901 15901 15901 15901 15901 15901 15901 6333 13800 13800 13800 13800 13800 13800 13800 13800 4830 
20765 20765 20765 20765 20765 20765 20765 20765 20765 20765 20765 20765 20765 20765 20765 20765 20765 11269 29204 29204 29204 29204 29204 29204 29204 29204 16858 
16857 16857 16857 16857 16857 16857 16857 16857 16857 16857 16857 16857 16857 16857 16857 16857 16857 7469 25876 25876 25876 25876 25876 25876 25876 25876 13764 
22593 22593 22593 22593 22593 22593 22593 22593 22593 22593 22593 22593 22593 22593 22593 22593 22593 12917 31764 31764 31764 31764 31764 31764 31764 31764 19028 
17037 17037 17037 17037 17037 17037 17037 17037 17037 17037 17037 17037 17037 17037 17037 17037 17037 7469 26476 26476 26476 26476 26476 26476 26476 26476 13974 
22805 22805 22805 22805 22805 22805 22805 22805 22805 22805 22805 22805 22805 22805 22805 22805 22805 13381 31340 31340 31340 31340 31340 31340 31340 31340 19150 
3384 3384 3384 3384 3384 3384 3384 3384 3384 3384 3384 3384 3384 3384 3384 3384 3384 0 26852 26852 26852 26852 26852 26852 26852 26852 15988 
16161 16161 16161 16161 16161 16161 16161 16161 16161 16161 16161 16161 16161 16161 16161 16161 16161 7133 24156 24156 24156 24156 24156 24156 24156 24156 12824 
16269 16269 16269 16269 16269 16269 16269 16269 16269 16269 16269 16269 16269 16269 16269 16269 16269 7133 24516 24516 24516 24516 24516 24516 24516 24516 12950 
3744 3744 3744 3744 3744 3744 3744 3744 3744 3744 3744 3744 3744 3744 3744 3744 3744 0 28052 28052 28052 28052 28052 28052 28052 28052 16408 
22221 22221 22221 22221 22221 22221 22221 22221 22221 22221 22221 22221 22221 22221 22221 22221 22221 12797 31132 31132 31132 31132 31132 31132 31132 31132 18942 
16461 16461 16461 16461 16461 16461 16461 16461 16461 16461 16461 16461 16461 16461 16461 16461 16461 7469 24556 24556 24556 24556 24556 24556 24556 24556 13302 
9868 9868 9868 9868 9868 9868 9868 9868 9868 9868 9868 9868 9868 9868 9868 9868 9868 5800 29940 29940 29940 29940 29940 29940 29940 29940 17594 
16713 16713 16713 16713 16713 16713 16713 16713 16713 16713 16713 16713 16713 16713 16713 16713 16713 7469 25396 25396 25396 25396 25396 25396 25396 25396 13596 
15305 15305 15305 15305 15305 15305 15305 15305 15305 15305 15305 15305 15305 15305 15305 15305 15305 5485 26452 26452 26452 26452 26452 26452 26452 26452 13404 
16485 16485 16485 16485 16485 16485 16485 16485 16485 16485 16485 16485 16485 16485 16485 16485 16485 7133 25236 25236 25236 25236 25236 25236 25236 25236 13202 
17753 17753 17753 17753 17753 17753 17753 17753 17753 17753 17753 17753 17753 17753 17753 17753 17753 8365 26244 26244 26244 26244 26244 26244 26244 26244 14132 
17773 17773 17773 17773 17773 17773 17773 17773 17773 17773 17773 17773 17773 17773 17773 17773 17773 8781 25380 25380 25380 25380 25380 25380 25380 25380 14126 
12865 12865 12865 12865 12865 12865 12865 12865 12865 12865 12865 12865 12865 12865 12865 12865 12865 3693 26108 26108 26108 26108 26108 26108 26108 26108 14464 
20477 20477 20477 20477 20477 20477 20477 20477 20477 20477 20477 20477 20477 20477 20477 20477 20477 11269 28244 28244 28244 28244 28244 28244 28244 28244 16522 
22553 22553 22553 22553 22553 22553 22553 22553 22553 22553 22553 22553 22553 22553 22553 22553 22553 13381 30500 30500 30500 30500 30500 30500 30500 30500 18856 
3960 3960 3960 3960 3960 3960 3960 3960 3960 3960 3960 3960 3960 3960 3960 3960 3960 0 28772 28772 28772 28772 28772 28772 28772 28772 16660 
9688 9688 9688 9688 9688 9688 9688 9688 9688 9688 9688 9688 9688 9688 9688 9688 9688 5800 29340 29340 29340 29340 29340 29340 29340 29340 17384 
16533 16533 16533 16533 16533 16533 16533 16533 16533 16533 16533 16533 16533 16533 16533 16533 16533 7469 24796 24796 24796 24796 24796 24796 24796 24796 13386 
17741 17741 17741 17741 17741 17741 17741 17741 17741 17741 17741 17741 17741 17741 17741 17741 17741 8821 24820 24820 24820 24820 24820 24820 24820 24820 13722 
17501 17501 17501 17501 17501 17501 17501 17501 17501 17501 17501 17501 17501 17501 17501 17501 17501 8365 25404 25404 25404 25404 25404 25404 25404 25404 13838 
17777 17777 17777 17777 17777 17777 17777 17777 17777 17777 17777 17777 17777 17777 17777 17777 17777 8821 24940 24940 24940 24940 24940 24940 24940 24940 13764 
21905 21905 21905 21905 21905 21905 21905 21905 21905 21905 21905 21905 21905 21905 21905 21905 21905 12373 30620 30620 30620 30620 30620 30620 30620 30620 18196 
9832 9832 9832 9832 9832 9832 9832 9832 9832 9832 9832 9832 9832 9832 9832 9832 9832 5800 29820 29820 29820 29820 29820 29820 29820 29820 17552 
15901 15901 15901 15901 15901 15901 15901 15901 15901 15901 15901 15901 15901 15901 15901 15901 15901 6333 13800 13800 13800 13800 13800 13800 13800 13800 4830 
15977 15977 15977 15977 15977 15977 15977 15977 15977 15977 15977 15977 15977 15977 15977 15977 15977 6805 24828 24828 24828 24828 24828 24828 24828 24828 13184 
15649 15649 15649 15649 15649 15649 15649 15649 15649 15649 15649 15649 15649 15649 15649 15649 15649 6333 12960 12960 12960 12960 12960 12960 12960 12960 4536 
15869 15869 15869 15869 15869 15869 15869 15869 15869 15869 15869 15869 15869 15869 15869 15869 15869 6805 24468 24468 24468 24468 24468 24468 24468 24468 13058 
16785 16785 16785 16785 16785 16785 16785 16785 16785 16785 16785 16785 16785 16785 16785 16785 16785 7469 25636 25636 25636 25636 25636 25636 25636 25636 13680 
3492 3492 3492 3492 3492 3492 3492 3492 3492 3492 3492 3492 3492 3492 3492 3492 3492 0 27212 27212 27212 27212 27212 27212 27212 27212 16114 
16233 16233 16233 16233 16233 16233 16233 16233 16233 16233 16233 16233 16233 16233 16233 16233 16233 7133 24396 24396 24396 24396 24396 24396 24396 24396 12908 
21617 21617 21617 21617 21617 21617 21617 21617 21617 21617 21617 21617 21617 21617 21617 21617 21617 12373 29660 29660 29660 29660 29660 29660 29660 29660 17860 
18349 18349 18349 18349 18349 18349 18349 18349 18349 18349 18349 18349 18349 18349 18349 18349 18349 8781 27300 27300 27300 27300 27300 27300 27300 27300 14798 
21509 21509 21509 21509 21509 21509 21509 21509 21509 21509 21509 21509 21509 21509 21509 21509 21509 12517 29228 29228 29228 29228 29228 29228 29228 29228 17974 
18421 18421 18421 18421 18421 18421 18421 18421 18421 18421 18421 18421 18421 18421 18421 18421 18421 8781 27540 27540 27540 27540 27540 27540 27540 27540 14882 
16629 16629 16629 16629 16629 16629 16629 16629 16629 16629 16629 16629 16629 16629 16629 16629 16629 7133 25716 25716 25716 25716 25716 25716 25716 25716 13370 
11993 11993 11993 11993 11993 11993 11993 11993 11993 11993 11993 11993 11993 11993 11993 11993 11993 2749 29020 29020 29020 29020 29020 29020 29020 29020 17220 
17881 17881 17881 17881 17881 17881 17881 17881 17881 17881 17881 17881 17881 17881 17881 17881 17881 8781 25740 25740 25740 25740 25740 25740 25740 25740 14252 
9544 9544 9544 9544 9544 9544 9544 9544 9544 9544 9544 9544 9544 9544 9544 9544 9544 5800 28860 28860 28860 28860 28860 28860 28860 28860 17216 
18385 18385 18385 18385 18385 18385 18385 18385 18385 18385 18385 18385 18385 18385 18385 18385 18385 8781 27420 27420 27420 27420 27420 27420 27420 27420 14840 
21797 21797 21797 21797 21797 21797 21797 21797 21797 21797 21797 21797 21797 21797 21797 21797 21797 12517 30188 30188 30188 30188 30188 30188 30188 30188 18310 
20873 20873 20873 20873 20873 20873 20873 20873 20873 20873 20873 20873 20873 20873 20873 20873 20873 11269 29564 29564 29564 29564 29564 29564 29564 29564 16984 
13389 13389 13389 13389 13389 13389 13389 13389 13389 13389 13389 13389 13389 13389 13389 13389 13389 3965 30644 30644 30644 30644 30644 30644 30644 30644 18454 
17681 17681 17681 17681 17681 17681 17681 17681 17681 17681 17681 17681 17681 17681 17681 17681 17681 8365 26004 26004 26004 26004 26004 26004 26004 26004 14048 
18277 18277 18277 18277 18277 18277 18277 18277 18277 18277 18277 18277 18277 18277 18277 18277 18277 8781 27060 27060 27060 27060 27060 27060 27060 27060 14714 
20621 20621 20621 20621 20621 20621 20621 20621 20621 20621 20621 20621 20621 20621 20621 20621 20621 11269 28724 28724 28724 28724 28724 28724 28724 28724 16690 
21401 21401 21401 21401 21401 21401 21401 21401 21401 21401 21401 21401 21401 21401 21401 21401 21401 12517 28868 28868 28868 28868 28868 28868 28868 28868 17848 
11633 11633 11633 11633 11633 11633 11633 11633 11633 11633 11633 11633 11633 11633 11633 11633 11633 2749 27820 27820 27820 27820 27820 27820 27820 27820 16800 
16229 16229 16229 16229 16229 16229 16229 16229 16229 16229 16229 16229 16229 16229 16229 16229 16229 6805 25668 25668 25668 25668 25668 25668 25668 25668 13478 
22553 22553 22553 22553 22553 22553 22553 22553 22553 22553 22553 22553 22553 22553 22553 22553 22553 13381 30500 30500 30500 30500 30500 30500 30500 30500 18856 
20153 20153 20153 20153 20153 20153 20153 20153 20153 20153 20153 20153 20153 20153 20153 20153 20153 11269 27164 27164 27164 27164 27164 27164 27164 27164 16144 
22229 22229 22229 22229 22229 22229 22229 22229 22229 22229 22229 22229 22229 22229 22229 22229 22229 12517 31628 31628 31628 31628 31628 31628 31628 31628 18814 
18533 18533 18533 18533 18533 18533 18533 18533 18533 18533 18533 18533 18533 18533 18533 18533 18533 8821 27460 27460 27460 27460 27460 27460 27460 27460 14646 
22017 22017 22017 22017 22017 22017 22017 22017 22017 22017 22017 22017 22017 22017 22017 22017 22017 12917 29844 29844 29844 29844 29844 29844 29844 29844 18356 
22473 22473 22473 22473 22473 22473 22473 22473 22473 22473 22473 22473 22473 22473 22473 22473 22473 12797 31972 31972 31972 31972 31972 31972 31972 31972 19236 
13809 13809 13809 13809 13809 13809 13809 13809 13809 13809 13809 13809 13809 13809 13809 13809 13809 4277 30788 30788 30788 30788 30788 30788 30788 30788 18364 
3492 3492 3492 3492 3492 3492 3492 3492 3492 3492 3492 3492 3492 3492 3492 3492 3492 0 27212 27212 27212 27212 27212 27212 27212 27212 16114 
3816 3816 3816 3816 3816 3816 3816 3816 3816 3816 3816 3816 3816 3816 3816 3816 3816 0 28292 28292 28292 28292 28292 28292 28292 28292 16492 
11741 11741 11741 11741 11741 11741 11741 11741 11741 11741 11741 11741 11741 11741 11741 11741 11741 2749 28180 28180 28180 28180 28180 28180 28180 28180 16926 
21765 21765 21765 21765 21765 21765 21765 21765 21765 21765 21765 21765 21765 21765 21765 21765 21765 12917 29004 29004 29004 29004 29004 29004 29004 29004 18062 
16521 16521 16521 16521 16521 16521 16521 16521 16521 16521 16521 16521 16521 16521 16521 16521 16521 7133 25356 25356 25356 25356 25356 25356 25356 25356 13244 
14945 14945 14945 14945 14945 14945 14945 14945 14945 14945 14945 14945 14945 14945 14945 14945 14945 5485 25252 25252 25252 25252 25252 25252 25252 25252 12984 
15361 15361 15361 15361 15361 15361 15361 15361 15361 15361 15361 15361 15361 15361 15361 15361 15361 6333 12000 12000 12000 12000 12000 12000 12000 12000 4200 
22841 22841 22841 22841 22841 22841 22841 22841 22841 22841 22841 22841 22841 22841 22841 22841 22841 13381 31460 31460 31460 31460 31460 31460 31460 31460 19192 
18209 18209 18209 18209 18209 18209 18209 18209 18209 18209 18209 18209 18209 18209 18209 18209 18209 8821 26380 26380 26380 26380 26380 26380 26380 26380 14268 
16557 16557 16557 16557 16557 16557 16557 16557 16557 16557 16557 16557 16557 16557 16557 16557 16557 7133 25476 25476 25476 25476 25476 25476 25476 25476 13286 
16677 16677 16677 16677 16677 16677 16677 16677 16677 16677 16677 16677 16677 16677 16677 16677 16677 7469 25276 25276 25276 25276 25276 25276 25276 25276 13554 
16045 16045 16045 16045 16045 16045 16045 16045 16045 16045 16045 16045 16045 16045 16045 16045 16045 6333 14280 14280 14280 14280 14280 14280 14280 14280 4998 
20801 20801 20801 20801 20801 20801 20801 20801 20801 20801 20801 20801 20801 20801 20801 20801 20801 11269 29324 29324 29324 29324 29324 29324 29324 29324 16900 
22193 22193 22193 22193 22193 22193 22193 22193 22193 22193 22193 22193 22193 22193 22193 22193 22193 12517 31508 31508 31508 31508 31508 31508 31508 31508 18772 
15973 15973 15973 15973 15973 15973 15973 15973 15973 15973 15973 15973 15973 15973 15973 15973 15973 6333 14040 14040 14040 14040 14040 14040 14040 14040 4914 
21945 21945 21945 21945 21945 21945 21945 21945 21945 21945 21945 21945 21945 21945 21945 21945 21945 12917 29604 29604 29604 29604 29604 29604 29604 29604 18272 
13341 13341 13341 13341 13341 13341 13341 13341 13341 13341 13341 13341 13341 13341 13341 13341 13341 4277 29228 29228 29228 29228 29228 29228 29228 29228 17818 
12793 12793 12793 12793 12793 12793 12793 12793 12793 12793 12793 12793 12793 12793 12793 12793 12793 3693 25868 25868 25868 25868 25868 25868 25868 25868 14380 
15613 15613 15613 15613 15613 15613 15613 15613 15613 15613 15613 15613 15613 15613 15613 15613 15613 6333 12840 12840 12840 12840 12840 12840 12840 12840 4494 
18061 18061 18061 18061 18061 18061 18061 18061 18061 18061 18061 18061 18061 18061 18061 18061 18061 8781 26340 26340 26340 26340 26340 26340 26340 26340 14462 
9688 9688 9688 9688 9688 9688 9688 9688 9688 9688 9688 9688 9688 9688 9688 9688 9688 5800 29340 29340 29340 29340 29340 29340 29340 29340 17384 
]

ExternalWorkerWithSkillOnStintCost: [
13680 12450 16110 16650 13500 17280 14340 17760 14040 14940 14940 14340 13920 17070 12630 14400 17520 3138 33552 30312 35928 39312 41976 39384 36792 36648 27216 
15570 16410 14760 14640 15870 14760 17970 16440 14340 12090 15060 16410 15900 12120 17400 16590 15210 2826 36864 42480 40608 33264 38088 40176 36360 30168 19584 
13140 12900 12300 14250 13770 14340 12930 16860 16350 14820 13260 13080 13260 16890 15180 12090 17190 3588 29736 42480 39960 41688 35496 36576 42192 30456 27168 
13230 13440 16230 17070 17730 14100 14970 14850 12840 13830 17610 14280 15840 17820 15660 13740 17670 2940 38232 36864 29952 36216 39024 29808 40464 41976 23184 
15600 12630 15930 16920 12450 13500 15570 17280 15000 16260 13260 17730 16560 15990 16350 17070 14280 2724 36360 38448 34344 30960 31032 37152 33984 33552 24672 
16950 17610 15210 17070 15360 15720 17100 17340 14280 15840 17580 12510 17250 12270 15030 17400 16110 2634 33120 36216 35928 31896 30960 41400 42768 41328 20016 
]

OverlappingStints: [
[ 19 ]
[ 19 ]
[ 19 20 ]
[ 20 ]
[ 20 21 ]
[ 21 ]
[ 21 22 ]
[ 22 ]
[ 22 23 ]
[ 23 ]
[ 23 24 ]
[ 24 ]
[ 24 25 ]
[ 25 ]
[ 25 26 ]
[ 26 ]
[ 26 27 ]
[ 27 ]
[ 20 ]
[ 21 ]
[ 22 ]
[ 23 ]
[ 24 ]
[ 25 ]
[ 26 ]
[ 27 ]
[ ]
]

EmployeesWithSkill: [
[ 1 2 3 4 5 6 7 8 9 10 11 12 13 14 15 16 17 18 19 20 21 22 23 24 25 26 27 28 29 30 31 32 33 34 35 36 37 38 39 40 41 42 43 44 45 46 47 48 49 50 51 52 53 54 55 56 57 58 59 60 61 62 63 64 65 66 67 68 69 70 71 72 73 74 75 76 77 78 79 80 81 82 83 84 85 86 87 88 89 90 91 92 93 94 95 96 97 98 99 100 101 102 103 104 105 106 107 108 109 110 111 112 113 114 115 116 117 118 119 120 ]
[ 17 32 39 80 ]
[ 4 23 35 80 89 95 104 ]
[ 4 7 10 29 31 41 43 49 50 53 64 68 70 75 81 84 87 92 96 100 102 107 113 114 ]
[ 2 3 6 7 8 9 10 11 12 13 14 15 16 18 19 22 23 25 26 27 28 29 30 31 35 40 41 42 43 44 46 50 51 52 53 54 57 58 59 60 61 62 63 64 65 66 67 69 71 72 74 75 76 78 79 80 81 82 86 87 88 89 90 91 92 93 95 96 97 98 99 101 102 104 106 108 110 111 113 114 115 116 117 120 ]
[ 5 13 16 19 20 25 28 33 35 42 43 47 51 52 53 54 58 60 67 68 72 78 80 83 84 85 87 97 98 101 108 111 112 ]
]

SkillDemandInActivityWithMode: [
0	1	
1	3	
1	3	
2	4	
1	3	
6	10	
1	3	
3	6	
4	7	
6	10	
6	10	
3	6	
5	9	
5	9	
3	6	
4	7	
7	12	
4	7	
3	6	
5	9	
6	10	
2	4	
3	6	
6	10	
5	9	
6	10	
6	10	
1	3	
4	7	
3	6	
2	4	
6	10	
6	10	
3	6	
4	7	
6	10	
4	7	
6	10	
1	3	
0	1	
153	231	
153	231	
36	55	
102	154	
33	51	
102	154	
153	231	
102	154	
51	78	
102	154	
61	93	
51	78	
87	132	

0	1	
0	1	
0	1	
0	1	
0	1	
1	3	
0	1	
0	1	
0	1	
0	1	
0	1	
0	1	
0	1	
0	1	
0	1	
0	1	
1	3	
0	1	
0	1	
0	1	
0	1	
0	1	
0	1	
0	1	
0	1	
1	3	
0	1	
0	1	
0	1	
0	1	
0	1	
1	3	
0	1	
0	1	
0	1	
0	1	
0	1	
0	1	
0	1	
0	1	
0	1	
0	1	
0	1	
0	1	
0	1	
0	1	
0	1	
0	1	
0	1	
0	1	
0	1	
0	1	
0	1	

0	1	
0	1	
0	1	
0	1	
0	1	
1	3	
0	1	
0	1	
0	1	
1	3	
1	3	
0	1	
0	1	
1	3	
0	1	
0	1	
1	3	
0	1	
0	1	
0	1	
1	3	
0	1	
0	1	
1	3	
0	1	
1	3	
1	3	
0	1	
0	1	
0	1	
0	1	
1	3	
1	3	
0	1	
0	1	
1	3	
0	1	
1	3	
0	1	
0	1	
3	6	
3	6	
0	1	
2	4	
0	1	
2	4	
3	6	
2	4	
1	3	
2	4	
1	3	
1	3	
1	3	

0	1	
0	1	
0	1	
1	3	
0	1	
5	9	
0	1	
2	4	
3	6	
4	7	
4	7	
2	4	
3	6	
4	7	
2	4	
2	4	
5	9	
3	6	
2	4	
3	6	
4	7	
1	3	
1	3	
4	7	
3	6	
5	9	
4	7	
0	1	
3	6	
2	4	
1	3	
5	9	
4	7	
2	4	
3	6	
4	7	
3	6	
4	7	
0	1	
0	1	
5	9	
5	9	
1	3	
3	6	
1	3	
3	6	
5	9	
3	6	
1	3	
3	6	
2	4	
1	3	
3	6	

0	1	
0	1	
0	1	
1	3	
0	1	
5	9	
0	1	
2	4	
3	6	
4	7	
4	7	
2	4	
3	6	
4	7	
2	4	
2	4	
5	9	
3	6	
2	4	
3	6	
4	7	
1	3	
1	3	
4	7	
3	6	
4	7	
4	7	
0	1	
2	4	
2	4	
1	3	
4	7	
4	7	
2	4	
3	6	
4	7	
3	6	
4	7	
0	1	
0	1	
99	150	
99	150	
23	36	
66	100	
20	31	
66	100	
99	150	
66	100	
33	51	
66	100	
39	60	
33	51	
56	85	

0	1	
0	1	
0	1	
1	3	
0	1	
4	7	
0	1	
2	4	
2	4	
4	7	
4	7	
2	4	
3	6	
3	6	
2	4	
2	4	
5	9	
3	6	
2	4	
3	6	
4	7	
1	3	
1	3	
4	7	
3	6	
4	7	
4	7	
0	1	
2	4	
2	4	
1	3	
4	7	
4	7	
2	4	
2	4	
4	7	
3	6	
4	7	
0	1	
0	1	
21	33	
21	33	
5	9	
14	22	
4	7	
14	22	
21	33	
14	22	
7	12	
14	22	
8	13	
7	12	
12	19	

]

EmployeeAvailability: [
0 1 1 1 1 1 1 1 1 1 1 1 0 1 1 1 1 1 0 1 1 1 1 1 0 1 1 
1 1 1 1 1 1 1 1 1 1 1 1 0 1 1 1 1 1 1 1 1 1 1 1 0 1 1 
1 1 1 1 1 1 1 1 1 1 1 1 1 1 1 1 1 0 1 1 1 1 1 1 1 1 0 
1 1 1 1 1 1 1 1 1 1 1 1 1 1 1 1 1 1 1 1 1 1 1 1 1 1 1 
1 1 1 1 1 1 1 1 1 1 1 1 1 1 1 1 1 1 1 1 1 1 1 1 1 1 1 
1 0 1 1 1 1 1 1 1 1 0 1 1 1 1 1 1 1 0 1 1 1 1 0 1 1 1 
1 1 0 1 1 1 1 1 1 1 1 1 0 1 1 1 1 1 1 0 1 1 1 1 0 1 1 
1 1 1 1 1 1 1 1 1 1 1 1 1 1 1 1 1 1 1 1 1 1 1 1 1 1 1 
0 1 1 1 1 1 1 1 1 1 1 0 1 1 1 1 1 1 0 1 1 1 1 0 1 1 1 
1 0 1 1 1 1 1 1 1 1 1 1 1 1 1 1 1 1 0 1 1 1 1 1 1 1 1 
1 1 1 1 1 1 1 1 1 1 1 1 1 1 1 1 1 1 1 1 1 1 1 1 1 1 1 
1 0 1 1 1 1 1 1 1 1 1 1 1 1 1 1 1 1 0 1 1 1 1 1 1 1 1 
1 1 1 1 1 1 1 1 1 1 1 1 1 1 0 1 1 1 1 1 1 1 1 1 1 0 1 
1 1 1 1 1 1 1 1 1 1 1 1 1 1 1 0 1 1 1 1 1 1 1 1 1 0 0 
1 1 1 1 1 1 1 1 1 1 1 1 0 1 1 1 1 1 1 1 1 1 1 1 0 1 1 
1 1 1 1 1 1 1 1 1 0 1 1 1 1 1 1 1 1 1 1 1 1 0 1 1 1 1 
1 1 1 1 0 1 1 1 0 1 1 1 1 1 1 1 1 1 1 1 0 1 0 1 1 1 1 
1 1 1 1 1 1 1 0 1 1 1 1 1 1 1 1 1 1 1 1 1 0 1 1 0 1 1 
1 1 1 1 1 1 1 1 1 1 1 1 1 1 1 1 1 1 1 1 1 1 1 1 1 1 1 
1 1 1 1 1 1 1 1 1 1 1 1 1 1 1 1 1 1 1 1 1 1 1 1 1 1 1 
1 1 1 1 1 1 1 1 1 1 1 1 1 1 1 1 1 1 1 1 1 1 1 1 1 1 1 
1 1 1 1 1 1 1 0 1 1 1 1 1 1 1 1 1 1 1 1 1 0 0 1 1 1 1 
1 1 1 1 1 1 1 1 1 0 1 1 1 1 1 1 1 1 0 1 1 1 0 1 1 1 1 
1 1 1 1 1 1 1 1 1 1 0 1 1 0 1 1 1 1 1 1 1 1 1 0 0 1 1 
1 1 1 1 1 1 1 1 1 1 1 1 0 1 1 1 1 1 1 1 1 1 1 1 0 0 1 
1 1 1 1 1 0 1 1 1 1 1 1 1 1 1 1 1 1 1 1 0 1 1 1 1 1 1 
1 1 0 1 1 1 1 1 1 1 1 1 1 1 1 1 1 1 1 0 1 1 1 1 1 1 0 
1 1 1 1 1 1 1 1 1 1 1 1 1 1 1 1 0 1 1 1 1 1 1 1 1 1 0 
1 1 0 1 1 1 1 1 1 1 1 1 1 1 1 1 1 1 1 0 1 1 1 1 1 1 1 
1 1 1 1 1 1 1 0 1 1 1 1 1 1 1 1 0 1 1 1 1 0 1 1 1 1 0 
1 1 1 1 1 1 1 1 1 1 1 1 1 1 1 1 1 1 1 1 1 1 1 1 1 1 1 
1 1 1 1 1 1 1 1 0 1 1 1 0 1 0 1 1 1 1 1 1 1 0 1 0 0 1 
1 1 0 1 1 1 1 1 1 1 1 1 1 0 1 1 1 1 1 0 1 1 1 1 0 1 1 
1 1 1 1 1 1 1 1 1 1 1 1 1 1 1 1 1 1 1 1 1 1 1 1 1 1 1 
1 1 1 1 1 1 1 1 1 1 1 1 1 1 1 1 1 1 1 1 1 1 1 1 1 1 1 
1 0 1 0 1 1 1 1 1 1 1 1 1 1 1 1 1 1 0 0 1 1 1 1 1 1 1 
1 1 1 1 1 1 0 0 1 1 1 1 1 1 1 1 1 1 1 1 1 0 1 1 1 1 1 
1 1 1 1 1 1 1 1 1 1 1 1 1 0 1 1 1 1 1 1 1 1 1 1 0 1 1 
1 1 1 1 1 1 1 1 1 1 0 1 1 1 1 1 1 1 1 1 1 1 1 0 1 1 1 
1 1 1 1 1 1 1 1 1 1 1 1 1 1 1 1 1 0 1 1 0 1 1 1 0 1 0 
1 1 1 1 1 1 1 1 1 0 1 1 1 1 1 1 1 1 1 1 1 1 0 1 1 1 1 
1 1 1 1 1 1 1 1 1 1 1 1 1 1 1 1 1 1 0 1 1 1 1 1 1 1 1 
1 1 1 1 1 1 1 0 1 1 1 1 1 1 1 1 1 1 1 1 1 0 1 1 1 1 1 
1 1 1 1 0 1 0 1 1 1 1 1 1 1 1 1 0 1 1 1 0 0 1 1 1 1 0 
1 1 1 1 1 1 1 1 1 1 1 1 1 1 1 0 1 1 1 1 1 1 1 1 0 0 1 
1 1 1 1 1 1 1 1 1 1 1 1 1 1 1 1 1 1 1 1 1 1 1 1 1 1 1 
1 1 1 0 1 1 1 1 1 1 1 1 1 1 1 1 0 1 1 0 1 1 1 1 1 1 0 
1 1 1 1 1 1 1 1 1 1 1 1 1 1 1 1 1 0 1 1 1 1 1 1 1 1 0 
1 1 1 1 1 1 1 1 1 1 1 1 1 1 1 1 1 1 1 1 1 1 1 1 1 1 1 
1 1 1 1 1 1 1 1 1 1 1 1 1 1 1 1 1 1 1 1 1 1 1 1 1 1 1 
1 0 1 1 0 1 1 1 1 1 1 1 1 1 1 1 1 1 0 1 0 1 1 1 1 1 1 
1 1 1 1 1 1 1 1 1 1 1 1 1 1 1 1 1 1 1 1 1 1 1 1 1 1 1 
1 1 1 1 1 1 1 1 1 1 1 1 1 1 1 1 1 1 1 1 1 1 1 1 1 1 1 
1 1 1 1 1 1 1 1 1 1 1 1 1 1 1 1 1 1 1 1 1 1 1 1 1 1 1 
1 0 1 1 1 1 1 1 1 1 1 1 1 1 1 1 1 1 0 1 1 1 1 1 1 1 1 
1 1 1 1 1 1 1 1 1 1 1 1 0 1 1 1 1 1 1 1 1 1 1 1 0 1 1 
1 1 1 1 1 1 1 1 1 1 1 1 1 1 1 1 1 1 1 1 1 1 1 1 1 1 1 
1 1 1 1 1 1 1 1 0 0 1 1 1 1 1 1 1 1 1 1 1 1 0 1 1 1 1 
1 1 1 0 1 1 1 1 1 1 1 1 1 1 1 1 1 1 1 0 1 1 1 1 1 1 1 
1 1 1 0 1 1 1 1 1 1 1 1 1 1 1 1 1 1 0 0 1 1 0 1 1 1 1 
1 1 1 1 1 1 1 1 1 1 1 1 0 1 1 0 1 1 1 1 1 1 1 1 0 0 1 
1 1 1 1 1 1 1 1 1 1 1 1 1 1 1 0 1 1 1 1 1 1 1 1 1 0 1 
1 1 1 1 1 1 1 1 0 1 1 1 1 1 1 1 1 1 1 1 1 1 0 1 1 1 1 
1 1 1 1 1 1 1 1 1 1 1 1 1 1 1 1 1 1 1 1 1 1 1 1 1 1 1 
1 1 1 1 1 1 1 1 1 1 0 1 1 1 1 1 1 1 1 1 1 1 1 0 1 1 1 
1 1 1 1 1 1 1 1 1 1 1 1 1 1 1 1 1 1 1 1 1 1 1 1 1 1 1 
1 1 1 1 1 1 1 1 1 1 1 1 1 1 1 1 1 1 1 1 1 1 1 1 1 1 1 
1 1 1 1 1 1 1 1 1 1 1 1 1 1 0 1 1 1 1 1 1 1 1 1 1 0 1 
1 1 1 1 1 1 1 1 1 0 1 1 1 1 1 1 1 1 1 1 1 1 0 1 1 1 1 
1 1 1 1 1 1 1 1 1 1 1 1 0 1 1 1 0 1 1 1 1 1 1 1 0 1 0 
1 1 1 1 0 1 1 1 1 1 0 1 1 1 1 1 0 1 1 1 0 1 1 0 1 1 0 
1 1 1 1 1 1 1 1 1 1 1 1 1 1 1 1 1 1 1 1 1 1 1 1 1 1 1 
1 1 1 1 0 1 0 0 1 1 1 1 1 1 1 1 1 1 1 1 0 0 1 1 1 1 1 
1 1 1 1 1 0 1 1 1 0 1 1 1 1 1 1 1 1 1 1 0 0 0 1 1 1 1 
1 1 1 1 1 1 1 1 1 1 1 1 1 1 1 1 1 1 1 1 1 1 1 1 1 1 1 
0 1 1 1 0 1 1 1 1 1 1 1 1 1 1 1 0 1 0 1 0 1 1 1 1 1 0 
1 1 1 0 1 1 1 1 1 1 1 0 1 1 1 1 1 1 1 0 1 1 1 0 1 1 1 
1 1 1 1 1 1 1 1 1 1 1 1 1 1 0 1 0 1 1 1 1 1 1 1 1 0 0 
1 1 1 1 1 1 1 1 1 1 1 1 1 1 1 1 1 1 1 1 1 1 1 1 1 1 1 
0 1 1 0 1 1 1 1 1 1 1 1 1 1 1 1 1 1 0 0 1 1 1 1 1 1 1 
1 1 1 1 1 1 1 1 1 1 1 1 1 1 1 1 1 1 1 1 1 1 1 1 1 1 1 
1 1 1 1 1 1 1 1 1 1 1 1 1 1 1 1 1 1 1 1 1 1 1 1 1 1 1 
1 1 1 1 1 1 1 1 1 1 1 1 1 1 1 1 1 1 0 1 1 1 1 1 1 1 1 
1 1 1 1 1 1 1 1 1 1 1 1 1 1 1 1 1 1 1 1 1 1 1 1 1 1 1 
1 1 1 1 1 1 1 1 1 1 1 1 1 1 1 1 1 1 1 1 1 0 1 1 1 1 0 
1 1 1 1 1 1 1 1 1 1 1 1 1 1 1 1 1 1 1 1 1 1 1 1 1 1 1 
1 1 1 0 1 1 1 1 1 1 1 1 1 1 1 1 1 1 1 0 1 1 1 1 1 1 1 
1 1 1 0 1 1 1 1 1 1 1 1 1 1 1 1 1 1 0 0 1 1 1 1 1 1 0 
1 1 1 0 1 1 1 1 1 1 1 1 1 1 1 1 1 1 1 0 1 1 1 1 0 1 1 
1 1 0 1 0 1 1 1 1 1 0 1 1 1 1 1 1 1 1 0 0 1 1 0 1 1 1 
1 1 1 1 1 1 1 1 1 1 1 1 1 1 1 1 1 1 1 0 1 1 0 1 1 1 1 
1 1 1 1 1 1 1 0 1 1 1 1 0 1 1 1 1 1 1 1 1 0 1 1 0 1 1 
1 1 1 1 0 1 1 1 1 1 1 1 1 1 1 1 1 1 1 1 0 1 1 1 1 1 1 
1 1 1 1 1 1 1 1 1 1 1 1 1 1 1 1 1 1 1 1 1 1 1 1 1 1 1 
1 1 0 1 1 1 1 1 0 1 1 1 1 1 1 1 1 1 1 0 1 1 0 1 1 1 1 
1 1 1 1 1 1 1 1 1 1 1 0 1 1 1 0 1 1 1 1 1 1 1 0 1 0 0 
1 1 1 1 1 1 1 1 1 1 1 1 1 1 1 1 1 1 1 1 1 1 1 1 1 1 1 
1 1 1 1 1 1 1 1 1 1 1 1 1 1 1 1 0 1 1 1 1 1 1 0 1 1 0 
1 1 1 1 0 1 1 1 1 1 1 1 1 1 1 1 1 1 0 1 0 1 0 1 1 1 1 
1 1 0 1 1 1 1 1 1 1 0 1 1 1 1 1 1 1 1 0 1 1 1 0 1 1 1 
1 0 0 1 0 1 1 1 1 1 1 1 1 1 1 1 1 1 0 0 0 1 1 1 1 1 1 
1 1 1 1 1 1 1 1 1 1 1 1 1 1 1 1 1 1 1 1 1 1 1 1 1 1 1 
1 1 1 1 1 1 1 1 1 1 1 1 1 1 1 1 1 1 1 1 1 1 1 1 1 1 1 
1 0 1 1 1 1 1 1 1 1 0 1 1 1 1 1 1 1 0 1 1 1 1 0 1 1 1 
1 1 1 1 1 0 1 0 1 1 1 1 1 1 1 1 1 0 1 1 0 0 1 1 1 1 0 
1 1 1 1 0 1 1 1 1 1 1 1 1 1 1 1 1 1 1 1 0 1 1 1 1 1 1 
1 1 1 1 1 0 1 1 1 1 1 1 0 1 1 1 1 1 1 1 0 0 1 1 0 1 1 
1 1 1 1 1 1 1 1 1 1 1 1 1 1 1 1 1 1 1 1 1 1 1 1 1 1 1 
1 1 1 1 1 1 1 0 1 1 0 1 1 1 1 1 1 1 1 1 1 0 1 0 1 1 1 
1 1 1 1 1 1 1 1 1 1 1 1 1 1 1 1 1 1 1 1 1 1 1 1 0 1 1 
1 1 1 1 0 1 1 1 0 1 0 1 1 1 1 1 1 1 1 1 0 1 0 0 1 1 1 
1 1 1 0 1 1 1 1 1 1 1 1 1 1 1 1 1 1 1 0 1 1 0 1 1 1 1 
1 1 1 1 1 1 1 1 1 1 1 1 1 1 1 1 1 1 1 1 1 1 1 1 1 1 1 
0 1 1 1 1 1 1 1 1 1 1 1 1 1 1 1 1 1 0 1 1 1 1 1 1 1 1 
1 1 1 1 1 1 1 1 1 1 1 1 1 1 1 1 0 1 1 1 1 1 1 1 0 1 0 
1 1 1 1 1 1 1 0 1 1 1 1 1 1 1 1 1 1 1 1 1 0 1 1 1 1 1 
1 1 1 1 1 1 0 1 1 1 1 1 1 1 1 1 1 1 1 1 1 0 1 1 1 1 1 
1 1 1 1 1 1 1 1 0 1 1 1 1 1 1 1 1 1 1 1 1 1 0 1 1 1 1 
1 1 1 1 1 1 1 1 1 1 1 1 1 1 1 1 1 1 1 1 1 1 1 1 1 1 1 
0 1 1 1 1 1 1 1 1 1 1 1 0 1 1 1 1 1 0 1 1 1 1 1 0 1 1 
]

EmployeeWantedInStint: [ (6 4) 1 (8 10) 1 (9 20) 1 (9 21) 1 (14 25) 1 (15 10) 1 (16 4) 1 (16 6) 1 (17 23) 1 (19 18) 1 (24 7) 1 (24 14) 1 (25 25) 1 (33 27) 1 (35 7) 1 (38 1) 1 (38 15) 1 (41 13) 1 (42 10) 1 (45 5) 1 (45 6) 1 (45 13) 1 (46 22) 1 (47 23) 1 (48 13) 1 (49 8) 1 (49 24) 1 (51 4) 1 (51 5) 1 (51 16) 1 (52 25) 1 (53 13) 1 (56 19) 1 (57 17) 1 (58 3) 1 (58 7) 1 (58 22) 1 (59 15) 1 (60 7) 1 (60 9) 1 (61 27) 1 (64 22) 1 (66 27) 1 (67 13) 1 (69 16) 1 (70 8) 1 (76 16) 1 (78 1) 1 (78 14) 1 (79 15) 1 (81 14) 1 (81 21) 1 (87 18) 1 (88 23) 1 (95 26) 1 (97 18) 1 (98 5) 1 (99 8) 1 (99 13) 1 (100 12) 1 (103 22) 1 (104 4) 1 (107 11) 1 (109 25) 1 (111 21) 1 (114 12) 1 (114 19) 1 (114 25) 1 (115 14) 1 (115 25) 1 (119 5) 1 (120 6) 1 ]

EmployeeWantedViolationCost: [ (6 4) 9000 (8 10) 10000 (9 20) 7000 (9 21) 5000 (14 25) 14000 (15 10) 8000 (16 4) 11000 (16 6) 11000 (17 23) 14000 (19 18) 7000 (24 7) 15000 (24 14) 12000 (25 25) 8000 (33 27) 12000 (35 7) 5000 (38 1) 12000 (38 15) 11000 (41 13) 12000 (42 10) 13000 (45 5) 10000 (45 6) 14000 (45 13) 9000 (46 22) 11000 (47 23) 14000 (48 13) 8000 (49 8) 14000 (49 24) 10000 (51 4) 15000 (51 5) 15000 (51 16) 7000 (52 25) 7000 (53 13) 10000 (56 19) 7000 (57 17) 15000 (58 3) 11000 (58 7) 13000 (58 22) 14000 (59 15) 11000 (60 7) 9000 (60 9) 9000 (61 27) 15000 (64 22) 6000 (66 27) 12000 (67 13) 13000 (69 16) 6000 (70 8) 7000 (76 16) 10000 (78 1) 14000 (78 14) 14000 (79 15) 5000 (81 14) 13000 (81 21) 15000 (87 18) 7000 (88 23) 5000 (95 26) 6000 (97 18) 7000 (98 5) 9000 (99 8) 12000 (99 13) 5000 (100 12) 6000 (103 22) 9000 (104 4) 9000 (107 11) 12000 (109 25) 8000 (111 21) 8000 (114 12) 12000 (114 19) 10000 (114 25) 8000 (115 14) 11000 (115 25) 14000 (119 5) 6000 (120 6) 10000 ]

EmployeesThatShouldNotWorkTogetherWithEmployee: [
[ 20 30 32 37 59 72 108 ]
[ 20 31 41 ]
[ 6 12 14 22 27 29 67 83 100 120 ]
[ 5 8 36 42 48 65 113 ]
[ 11 39 64 ]
[ 107 ]
[ 21 82 97 ]
[ 37 44 66 67 ]
[ 16 17 40 61 ]
[ 50 53 63 ]
[ 14 34 38 113 120 ]
[ 44 91 99 111 113 ]
[ 59 64 81 89 105 110 ]
[ 16 55 58 ]
[ 45 75 107 108 ]
[ 21 45 74 76 80 108 ]
[ 42 77 78 ]
[ 31 37 117 120 ]
[ 60 77 104 115 ]
[ 94 ]
[ 38 44 46 58 59 93 101 ]
[ 116 ]
[ 29 35 38 103 ]
[ 49 93 ]
[ 27 49 52 103 119 ]
[ 69 82 107 118 ]
[ 46 72 80 ]
[ 38 72 82 87 93 107 ]
[ 75 105 107 108 116 ]
[ 37 49 76 81 118 ]
[ 53 62 103 ]
[ 55 63 82 120 ]
[ 49 71 81 111 ]
[ 47 ]
[ 53 71 74 112 113 ]
[ ]
[ 38 53 73 86 101 ]
[ 48 60 64 91 102 ]
[ 67 72 ]
[ 54 ]
[ 44 49 53 83 ]
[ 48 82 106 ]
[ 44 100 ]
[ 49 69 ]
[ 53 85 96 ]
[ 83 ]
[ 48 98 104 ]
[ 50 96 ]
[ 76 84 92 ]
[ 52 61 66 67 95 111 ]
[ 80 91 ]
[ 55 78 85 90 104 ]
[ ]
[ 74 78 91 99 113 ]
[ 83 84 115 116 ]
[ 63 90 116 ]
[ 74 91 101 103 ]
[ 64 85 92 100 110 ]
[ 61 65 76 90 100 102 ]
[ 61 ]
[ 88 90 ]
[ 65 83 87 ]
[ 64 84 85 90 98 103 105 ]
[ 84 119 ]
[ 97 103 118 120 ]
[ 82 96 99 115 119 120 ]
[ 97 109 115 116 ]
[ 90 94 103 107 111 ]
[ 97 ]
[ 78 95 116 ]
[ 93 ]
[ 89 ]
[ 106 ]
[ 109 ]
[ 81 87 120 ]
[ 79 ]
[ 110 ]
[ 80 105 115 ]
[ 91 103 107 116 ]
[ 84 ]
[ 97 98 101 110 ]
[ 108 ]
[ 84 92 104 ]
[ ]
[ 91 115 ]
[ 116 ]
[ 89 102 108 ]
[ 95 ]
[ 101 107 ]
[ ]
[ ]
[ 101 103 110 ]
[ ]
[ ]
[ 102 117 ]
[ ]
[ 102 107 ]
[ 111 ]
[ ]
[ 120 ]
[ 102 110 113 ]
[ 107 ]
[ 110 111 ]
[ ]
[ ]
[ 108 120 ]
[ 110 ]
[ ]
[ ]
[ ]
[ 116 ]
[ ]
[ 114 119 ]
[ ]
[ 120 ]
[ ]
[ ]
[ ]
[ ]
[ ]
]

ShouldNotWorkTogetherCost: [ (1 20) 198 (1 30) 297 (1 32) 99 (1 37) 297 (1 59) 99 (1 72) 396 (1 108) 396 (2 20) 396 (2 31) 99 (2 41) 99 (3 6) 198 (3 12) 198 (3 14) 396 (3 22) 198 (3 27) 396 (3 29) 297 (3 67) 396 (3 83) 198 (3 100) 297 (3 120) 198 (4 5) 396 (4 8) 99 (4 36) 396 (4 42) 396 (4 48) 297 (4 65) 297 (4 113) 99 (5 11) 297 (5 39) 198 (5 64) 99 (6 107) 396 (7 21) 198 (7 82) 99 (7 97) 198 (8 37) 99 (8 44) 297 (8 66) 99 (8 67) 198 (9 16) 297 (9 17) 396 (9 40) 198 (9 61) 99 (10 50) 99 (10 53) 99 (10 63) 297 (11 14) 297 (11 34) 99 (11 38) 396 (11 113) 297 (11 120) 99 (12 44) 99 (12 91) 99 (12 99) 198 (12 111) 396 (12 113) 198 (13 59) 297 (13 64) 99 (13 81) 297 (13 89) 198 (13 105) 99 (13 110) 396 (14 16) 198 (14 55) 99 (14 58) 396 (15 45) 198 (15 75) 396 (15 107) 99 (15 108) 198 (16 21) 297 (16 45) 396 (16 74) 297 (16 76) 297 (16 80) 99 (16 108) 396 (17 42) 396 (17 77) 198 (17 78) 396 (18 31) 396 (18 37) 396 (18 117) 396 (18 120) 396 (19 60) 297 (19 77) 99 (19 104) 396 (19 115) 297 (20 94) 297 (21 38) 99 (21 44) 297 (21 46) 99 (21 58) 396 (21 59) 396 (21 93) 198 (21 101) 297 (22 116) 99 (23 29) 396 (23 35) 297 (23 38) 99 (23 103) 99 (24 49) 198 (24 93) 99 (25 27) 198 (25 49) 297 (25 52) 396 (25 103) 396 (25 119) 198 (26 69) 297 (26 82) 99 (26 107) 99 (26 118) 198 (27 46) 396 (27 72) 396 (27 80) 198 (28 38) 99 (28 72) 99 (28 82) 99 (28 87) 99 (28 93) 198 (28 107) 396 (29 75) 297 (29 105) 198 (29 107) 198 (29 108) 99 (29 116) 396 (30 37) 99 (30 49) 99 (30 76) 99 (30 81) 198 (30 118) 198 (31 53) 198 (31 62) 297 (31 103) 198 (32 55) 396 (32 63) 198 (32 82) 297 (32 120) 297 (33 49) 396 (33 71) 198 (33 81) 396 (33 111) 99 (34 47) 99 (35 53) 297 (35 71) 99 (35 74) 198 (35 112) 396 (35 113) 297 (37 38) 99 (37 53) 198 (37 73) 297 (37 86) 297 (37 101) 297 (38 48) 396 (38 60) 297 (38 64) 396 (38 91) 99 (38 102) 297 (39 67) 99 (39 72) 198 (40 54) 297 (41 44) 99 (41 49) 396 (41 53) 297 (41 83) 297 (42 48) 297 (42 82) 396 (42 106) 396 (43 44) 297 (43 100) 198 (44 49) 396 (44 69) 297 (45 53) 396 (45 85) 297 (45 96) 396 (46 83) 297 (47 48) 198 (47 98) 396 (47 104) 198 (48 50) 396 (48 96) 198 (49 76) 396 (49 84) 198 (49 92) 198 (50 52) 99 (50 61) 297 (50 66) 198 (50 67) 396 (50 95) 396 (50 111) 99 (51 80) 297 (51 91) 396 (52 55) 297 (52 78) 396 (52 85) 396 (52 90) 198 (52 104) 297 (54 74) 396 (54 78) 297 (54 91) 297 (54 99) 396 (54 113) 99 (55 83) 99 (55 84) 99 (55 115) 198 (55 116) 198 (56 63) 297 (56 90) 198 (56 116) 99 (57 74) 198 (57 91) 396 (57 101) 297 (57 103) 396 (58 64) 297 (58 85) 396 (58 92) 396 (58 100) 198 (58 110) 198 (59 61) 396 (59 65) 396 (59 76) 396 (59 90) 297 (59 100) 396 (59 102) 99 (60 61) 99 (61 88) 297 (61 90) 99 (62 65) 99 (62 83) 297 (62 87) 99 (63 64) 396 (63 84) 99 (63 85) 198 (63 90) 396 (63 98) 297 (63 103) 297 (63 105) 198 (64 84) 99 (64 119) 297 (65 97) 396 (65 103) 297 (65 118) 396 (65 120) 99 (66 82) 99 (66 96) 297 (66 99) 396 (66 115) 99 (66 119) 198 (66 120) 396 (67 97) 99 (67 109) 396 (67 115) 99 (67 116) 198 (68 90) 396 (68 94) 396 (68 103) 396 (68 107) 198 (68 111) 297 (69 97) 99 (70 78) 396 (70 95) 396 (70 116) 396 (71 93) 396 (72 89) 297 (73 106) 198 (74 109) 198 (75 81) 198 (75 87) 396 (75 120) 396 (76 79) 297 (77 110) 99 (78 80) 396 (78 105) 198 (78 115) 99 (79 91) 99 (79 103) 396 (79 107) 297 (79 116) 396 (80 84) 396 (81 97) 99 (81 98) 99 (81 101) 297 (81 110) 198 (82 108) 198 (83 84) 99 (83 92) 396 (83 104) 396 (85 91) 99 (85 115) 396 (86 116) 198 (87 89) 396 (87 102) 297 (87 108) 99 (88 95) 396 (89 101) 99 (89 107) 396 (92 101) 396 (92 103) 198 (92 110) 396 (95 102) 297 (95 117) 99 (97 102) 297 (97 107) 99 (98 111) 396 (100 120) 198 (101 102) 297 (101 110) 99 (101 113) 198 (102 107) 99 (103 110) 396 (103 111) 198 (106 108) 396 (106 120) 198 (107 110) 396 (111 116) 396 (113 114) 198 (113 119) 99 (115 120) 297 ]

ImmediatePredecessorsToActivity: [
[ ]
[ 1 ]
[ 1 ]
[ 1 ]
[ 1 ]
[ 5 ]
[ 1 ]
[ 7 ]
[ 1 ]
[ 2 ]
[ 5 8 ]
[ 7 ]
[ 5 ]
[ 4 ]
[ 7 9 ]
[ 2 9 14 ]
[ 4 7 9 ]
[ 2 17 ]
[ 17 ]
[ 7 ]
[ 4 9 ]
[ 1 ]
[ 21 22 ]
[ 2 ]
[ 1 ]
[ 1 ]
[ 5 12 14 ]
[ 1 ]
[ 4 7 26 ]
[ 9 ]
[ 1 ]
[ 2 25 29 31 ]
[ 2 12 21 26 ]
[ 14 17 30 ]
[ 2 9 ]
[ 5 8 14 25 29 30 ]
[ 2 21 29 30 ]
[ 5 25 29 31 ]
[ 9 25 ]
[ ]
[ 40 ]
[ 40 ]
[ 40 ]
[ 40 ]
[ 41 ]
[ 41 42 43 ]
[ 42 ]
[ 46 ]
[ 40 ]
[ 46 47 ]
[ 41 ]
[ 40 ]
[ 45 47 ]
]

ActivitiesInProject: [
[ 1 2 3 4 5 6 7 8 9 10 11 12 13 14 15 16 17 18 19 20 21 22 23 24 25 26 27 28 29 30 31 32 33 34 35 36 37 38 39 ]
[ 40 41 42 43 44 45 46 47 48 49 50 51 52 53 ]
]

nActivityModes: [ 2 2 2 2 2 2 2 2 2 2 2 2 2 2 2 2 2 2 2 2 2 2 2 2 2 2 2 2 2 2 2 2 2 2 2 2 2 2 2 2 2 2 2 2 2 2 2 2 2 2 2 2 2 ]

ActivityDurationWithMode: [
1	1	
65	44	
77	52	
40	27	
67	45	
9	6	
53	36	
18	12	
15	10	
10	7	
10	7	
18	12	
12	8	
11	8	
20	14	
16	11	
8	6	
13	9	
20	14	
12	8	
10	7	
39	26	
25	17	
10	7	
12	8	
9	6	
10	7	
80	54	
15	10	
18	12	
35	24	
9	6	
10	7	
20	14	
14	10	
10	7	
13	9	
10	7	
55	37	
1	1	
4	3	
4	3	
17	12	
6	4	
19	13	
6	4	
4	3	
6	4	
12	8	
6	4	
10	7	
12	8	
7	5	
]

StintsInProject: [
[ 1 2 3 4 5 6 7 8 9 10 11 12 13 14 15 16 17 18 ]
[ 19 20 21 22 23 24 25 26 27 ]
]

WorkingStintsOnDay: [
[ 1 19 ]
[ 1 19 ]
[ 1 19 ]
[ 1 19 ]
[ 1 19 ]
[ 19 ]
[ 19 ]
[ 2 19 ]
[ 2 19 ]
[ 2 19 ]
[ 2 19 ]
[ 2 19 ]
[ ]
[ ]
[ 3 20 ]
[ 3 20 ]
[ 3 20 ]
[ 3 20 ]
[ 3 20 ]
[ 20 ]
[ 20 ]
[ 4 20 ]
[ 4 20 ]
[ 4 20 ]
[ 4 20 ]
[ 4 20 ]
[ ]
[ ]
[ 5 21 ]
[ 5 21 ]
[ 5 21 ]
[ 5 21 ]
[ 5 21 ]
[ 21 ]
[ 21 ]
[ 6 21 ]
[ 6 21 ]
[ 6 21 ]
[ 6 21 ]
[ 6 21 ]
[ ]
[ ]
[ 7 22 ]
[ 7 22 ]
[ 7 22 ]
[ 7 22 ]
[ 7 22 ]
[ 22 ]
[ 22 ]
[ 8 22 ]
[ 8 22 ]
[ 8 22 ]
[ 8 22 ]
[ 8 22 ]
[ ]
[ ]
[ 9 23 ]
[ 9 23 ]
[ 9 23 ]
[ 9 23 ]
[ 9 23 ]
[ 23 ]
[ 23 ]
[ 10 23 ]
[ 10 23 ]
[ 10 23 ]
[ 10 23 ]
[ 10 23 ]
[ ]
[ ]
[ 11 24 ]
[ 11 24 ]
[ 11 24 ]
[ 11 24 ]
[ 11 24 ]
[ 24 ]
[ 24 ]
[ 12 24 ]
[ 12 24 ]
[ 12 24 ]
[ 12 24 ]
[ 12 24 ]
[ ]
[ ]
[ 13 25 ]
[ 13 25 ]
[ 13 25 ]
[ 13 25 ]
[ 13 25 ]
[ 25 ]
[ 25 ]
[ 14 25 ]
[ 14 25 ]
[ 14 25 ]
[ 14 25 ]
[ 14 25 ]
[ ]
[ ]
[ 15 26 ]
[ 15 26 ]
[ 15 26 ]
[ 15 26 ]
[ 15 26 ]
[ 26 ]
[ 26 ]
[ 16 26 ]
[ 16 26 ]
[ 16 26 ]
[ 16 26 ]
[ 16 26 ]
[ ]
[ ]
[ 17 27 ]
[ 17 27 ]
[ 17 27 ]
[ 17 27 ]
[ 17 27 ]
[ 27 ]
[ 27 ]
[ 18 27 ]
]

ProjectStart: [ 1 35 ]

ProjectEnd: [ 115 72 ]

EarliestStartDayForActivity: [ 1 1 1 1 1 94 1 74 1 90 100 74 94 55 74 90 74 90 86 74 55 2 69 90 1 1 100 1 74 20 1 95 100 86 90 100 95 95 20 1 35 35 35 35 39 54 39 62 35 62 39 35 62 ]

LatestStartDayForActivity: [ 1 115 115 115 115 115 115 115 115 115 115 115 115 115 115 115 115 115 115 115 115 115 115 115 115 115 115 115 115 115 115 115 115 115 115 115 115 115 115 1 72 72 72 72 72 72 72 72 72 72 72 72 72 ]

EquipmentTypeDemandInActivityWithMode: [
0	1	
1	3	
2	4	
1	3	
1	3	
2	4	
2	4	
0	1	
0	1	
2	4	
1	3	
1	3	
1	3	
1	3	
0	1	
1	3	
0	1	
1	3	
0	1	
2	4	
0	1	
2	4	
1	3	
0	1	
1	3	
0	1	
1	3	
1	3	
0	1	
2	4	
2	4	
0	1	
1	3	
2	4	
0	1	
4	7	
0	1	
2	4	
1	3	
0	1	
0	1	
1	3	
0	1	
1	3	
0	1	
0	1	
1	3	
1	3	
1	3	
3	6	
0	1	
0	1	
1	3	

0	1	
0	1	
0	1	
1	3	
0	1	
1	3	
2	4	
0	1	
1	3	
0	1	
0	1	
1	3	
0	1	
2	4	
1	3	
1	3	
1	3	
0	1	
1	3	
1	3	
1	3	
1	3	
1	3	
2	4	
2	4	
0	1	
3	6	
3	6	
0	1	
1	3	
1	3	
0	1	
0	1	
0	1	
2	4	
0	1	
1	3	
1	3	
1	3	
0	1	
2	4	
1	3	
1	3	
0	1	
0	1	
1	3	
1	3	
0	1	
1	3	
1	3	
0	1	
0	1	
1	3	

0	1	
1	3	
1	3	
0	1	
1	3	
2	4	
1	3	
0	1	
2	4	
0	1	
0	1	
0	1	
0	1	
1	3	
3	6	
1	3	
1	3	
1	3	
1	3	
3	6	
0	1	
0	1	
0	1	
1	3	
0	1	
2	4	
0	1	
1	3	
0	1	
2	4	
2	4	
1	3	
0	1	
0	1	
0	1	
1	3	
1	3	
0	1	
1	3	
0	1	
0	1	
2	4	
0	1	
1	3	
2	4	
0	1	
0	1	
0	1	
0	1	
0	1	
0	1	
1	3	
1	3	

0	1	
0	1	
1	3	
1	3	
1	3	
0	1	
1	3	
1	3	
0	1	
0	1	
0	1	
0	1	
2	4	
1	3	
0	1	
1	3	
1	3	
1	3	
1	3	
0	1	
1	3	
1	3	
1	3	
0	1	
0	1	
0	1	
1	3	
1	3	
0	1	
0	1	
1	3	
0	1	
0	1	
2	4	
0	1	
3	6	
1	3	
1	3	
0	1	
0	1	
2	4	
1	3	
0	1	
1	3	
1	3	
0	1	
0	1	
1	3	
1	3	
0	1	
1	3	
0	1	
2	4	

0	1	
0	1	
1	3	
0	1	
1	3	
1	3	
2	4	
2	4	
0	1	
0	1	
1	3	
0	1	
3	6	
1	3	
1	3	
4	7	
1	3	
1	3	
0	1	
2	4	
0	1	
1	3	
0	1	
1	3	
3	6	
2	4	
2	4	
1	3	
2	4	
0	1	
0	1	
1	3	
2	4	
0	1	
1	3	
0	1	
3	6	
2	4	
3	6	
0	1	
1	3	
0	1	
0	1	
0	1	
2	4	
1	3	
2	4	
0	1	
1	3	
0	1	
1	3	
2	4	
0	1	

]

ExternalEquipmentRentingCost: [
4428	5560	5801	1124	1067	3554	2133	3290	1144	2446	2134	1475	3197	3282	4674	2232	4080	2321	4308	4505	4023	1261	2106	1411	2525	5961	4546	5183	2593	4345	4189	4038	2939	3878	5917	4868	2241	4725	1584	5962	4892	2394	2166	1748	3179	2641	5272	2890	3020	4632	4546	4812	3940	
1346	4924	3559	3944	4040	3315	3665	2068	1219	2785	1210	5917	4916	4797	1915	5961	1289	4170	2752	3849	2542	5162	1151	3540	2037	5335	3128	3094	4618	2960	2967	4800	5938	3654	1466	2188	3175	2098	2369	1272	5719	3005	5362	3337	5335	2441	5136	4334	2262	5899	5300	3732	2237	
1840	5929	1169	1707	2907	2405	5958	1461	1677	1354	5481	5519	1694	4839	4119	2095	5717	4889	3772	2700	4520	1707	2007	5336	2912	2219	4165	4861	5814	2311	3096	3599	1108	4614	1207	3652	2491	2287	1091	5085	3932	1081	4209	3533	1963	2309	1849	3016	2928	5338	2179	1199	3072	
3102	1027	1378	5611	4684	3773	5918	3053	1882	4932	5958	4183	1914	4939	3987	2690	2559	2576	1512	2132	4998	1270	3428	3369	3027	1026	1803	1531	1386	5710	4427	3846	1299	1040	3979	2041	3350	4889	3509	1682	1298	2461	2049	1053	4320	2207	3632	4329	2259	4435	5410	2761	1882	
1745	5740	3280	3789	5066	2715	1825	3480	4936	2065	3601	4286	5013	5828	1570	1772	5633	3098	3606	4697	3100	1351	2282	1809	4212	4006	2757	2543	2700	4780	2145	5512	3669	4967	1273	3298	4194	5183	1154	3296	2925	3286	5402	4592	2528	5760	4482	5714	3475	1617	2263	2675	4699	
]

EquipmentTypeTransportationCost: [
1	4978	
4978	1	

1	3688	
3688	1	

1	4313	
4313	1	

1	3836	
3836	1	

1	4203	
4203	1	

]

TransportationTimeForEquipmentTypeBetweenProjects: [
1	4	
4	1	

1	3	
3	1	

1	3	
3	1	

1	3	
3	1	

1	3	
3	1	

]

TotalNumberOfInitialEquipmentTypeLocation: [
(1 1) 5 (1 40) 1 
(2 1) 5 (2 40) 2 
(3 1) 2 (3 40) 2 
(4 1) 2 (4 40) 1 
(5 1) 7 (5 40) 3 
]

DepotActivities: [ 1 40 ]

MaximalStintCliques: [
[ 1 19 ]
[ 2 19 ]
[ 6 21 ]
[ 7 21 22 ]
[ 8 22 ]
[ 9 22 23 ]
[ 10 23 ]
[ 11 23 24 ]
[ 12 24 ]
[ 13 25 24 ]
[ 14 25 ]
[ 15 25 26 ]
[ 16 26 ]
[ 17 26 27 ]
[ 18 27 ]
[ 20 3 19 ]
[ 20 4 ]
[ 20 5 21 ]
]
