nEmployees: 120
nSkills: 6
nProjects: 2
nDays: 60
nActivities: 29
nEquipmentTypes: 3
nStints: 14
nMaxModes: 3
nStintCliques: 9

EmployeeInStintCost: [
22805 22805 22805 22805 22805 22805 22805 22805 20202 18798 18798 18798 12858 4542 
10685 10685 10685 10685 10685 10685 10685 10685 7794 48026 48026 48026 41126 19806 
14593 14593 14593 14593 14593 14593 14593 14593 11792 42216 42216 42216 35616 14716 
10505 10505 10505 10505 10505 10505 10505 10505 7704 47216 47216 47216 40616 19716 
13629 13629 13629 13629 13629 13629 13629 13629 10918 42222 42222 42222 35922 15442 
10013 10013 10013 10013 10013 10013 10013 10013 7230 47358 47358 47358 40818 20002 
4176 4176 4176 4176 4176 4176 4176 4176 2088 49700 49700 49700 42740 21336 
23057 23057 23057 23057 23057 23057 23057 23057 20328 19932 19932 19932 13572 4668 
10337 10337 10337 10337 10337 10337 10337 10337 7392 48816 48816 48816 41736 20164 
6476 6476 6476 6476 6476 6476 6476 6476 4478 48538 48538 48538 41878 20894 
14141 14141 14141 14141 14141 14141 14141 14141 11142 44830 44830 44830 37570 15746 
18633 18633 18633 18633 18633 18633 18633 18633 15796 38572 38572 38572 31852 10784 
4068 4068 4068 4068 4068 4068 4068 4068 2034 49214 49214 49214 42434 21282 
23277 23277 23277 23277 23277 23277 23277 23277 20458 21422 21422 21422 14762 5438 
6692 6692 6692 6692 6692 6692 6692 6692 4586 49510 49510 49510 42490 21002 
10289 10289 10289 10289 10289 10289 10289 10289 7596 46244 46244 46244 40004 19608 
23165 23165 23165 23165 23165 23165 23165 23165 20382 20418 20418 20418 13878 4722 
15545 15545 15545 15545 15545 15545 15545 15545 12780 40884 40884 40884 34404 13672 
14125 14125 14125 14125 14125 14125 14125 14125 11414 41710 41710 41710 35410 14930 
13989 13989 13989 13989 13989 13989 13989 13989 11098 43842 43842 43842 36942 15622 
9905 9905 9905 9905 9905 9905 9905 9905 7176 46872 46872 46872 40512 19948 
23309 23309 23309 23309 23309 23309 23309 23309 20454 21066 21066 21066 14286 4794 
15473 15473 15473 15473 15473 15473 15473 15473 12744 40560 40560 40560 34200 13636 
18525 18525 18525 18525 18525 18525 18525 18525 15742 38086 38086 38086 31546 10730 
15321 15321 15321 15321 15321 15321 15321 15321 12376 43056 43056 43056 35976 14404 
16709 16709 16709 16709 16709 16709 16709 16709 13962 39506 39506 39506 33086 12438 
9869 9869 9869 9869 9869 9869 9869 9869 7158 46710 46710 46710 40410 19930 
23057 23057 23057 23057 23057 23057 23057 23057 20328 19932 19932 19932 13572 4668 
13853 13853 13853 13853 13853 13853 13853 13853 10998 43534 43534 43534 36754 15602 
10437 10437 10437 10437 10437 10437 10437 10437 7618 46570 46570 46570 39910 18926 
6512 6512 6512 6512 6512 6512 6512 6512 4496 48700 48700 48700 41980 20912 
22865 22865 22865 22865 22865 22865 22865 22865 19956 18792 18792 18792 11832 2088 
9653 9653 9653 9653 9653 9653 9653 9653 7050 45738 45738 45738 39798 19822 
4176 4176 4176 4176 4176 4176 4176 4176 2088 49700 49700 49700 42740 21336 
10953 10953 10953 10953 10953 10953 10953 10953 8188 45956 45956 45956 39476 18744 
8964 8964 8964 8964 8964 8964 8964 8964 7002 48526 48526 48526 41986 21170 
8964 8964 8964 8964 8964 8964 8964 8964 7002 48526 48526 48526 41986 21170 
20121 20121 20121 20121 20121 20121 20121 20121 17248 37504 37504 37504 30664 9428 
15069 15069 15069 15069 15069 15069 15069 15069 12250 41922 41922 41922 35262 14278 
10829 10829 10829 10829 10829 10829 10829 10829 7866 48674 48674 48674 41534 19878 
14053 14053 14053 14053 14053 14053 14053 14053 11522 39786 39786 39786 34086 14446 
22613 22613 22613 22613 22613 22613 22613 22613 19830 17658 17658 17658 11118 1962 
10289 10289 10289 10289 10289 10289 10289 10289 7596 46244 46244 46244 40004 19608 
24109 24109 24109 24109 24109 24109 24109 24109 21182 37182 37182 37182 30162 8674 
15977 15977 15977 15977 15977 15977 15977 15977 12996 42828 42828 42828 35628 13888 
13665 13665 13665 13665 13665 13665 13665 13665 10936 42384 42384 42384 36024 15460 
10013 10013 10013 10013 10013 10013 10013 10013 7230 47358 47358 47358 40818 20002 
14449 14449 14449 14449 14449 14449 14449 14449 11720 41568 41568 41568 35208 14644 
10397 10397 10397 10397 10397 10397 10397 10397 7650 46730 46730 46730 40310 19662 
10401 10401 10401 10401 10401 10401 10401 10401 7600 46408 46408 46408 39808 18908 
13781 13781 13781 13781 13781 13781 13781 13781 10962 43210 43210 43210 36550 15566 
13737 13737 13737 13737 13737 13737 13737 13737 10972 42708 42708 42708 36228 15496 
14665 14665 14665 14665 14665 14665 14665 14665 11828 42540 42540 42540 35820 14752 
22973 22973 22973 22973 22973 22973 22973 22973 20010 19278 19278 19278 12138 2142 
10553 10553 10553 10553 10553 10553 10553 10553 7500 49788 49788 49788 42348 20272 
14033 14033 14033 14033 14033 14033 14033 14033 11088 44344 44344 44344 37264 15692 
23673 23673 23673 23673 23673 23673 23673 23673 20656 23204 23204 23204 15884 5636 
23421 23421 23421 23421 23421 23421 23421 23421 20530 22070 22070 22070 15170 5510 
16997 16997 16997 16997 16997 16997 16997 16997 14106 40802 40802 40802 33902 12582 
10361 10361 10361 10361 10361 10361 10361 10361 7632 46568 46568 46568 40208 19644 
10917 10917 10917 10917 10917 10917 10917 10917 8170 45794 45794 45794 39374 18726 
22649 22649 22649 22649 22649 22649 22649 22649 19848 17820 17820 17820 11220 1980 
24073 24073 24073 24073 24073 24073 24073 24073 21164 37020 37020 37020 30060 8656 
15797 15797 15797 15797 15797 15797 15797 15797 12906 42018 42018 42018 35118 13798 
14665 14665 14665 14665 14665 14665 14665 14665 11828 42540 42540 42540 35820 14752 
11421 11421 11421 11421 11421 11421 11421 11421 8422 48062 48062 48062 40802 18978 
15293 15293 15293 15293 15293 15293 15293 15293 12654 39750 39750 39750 33690 13546 
15097 15097 15097 15097 15097 15097 15097 15097 12044 44484 44484 44484 37044 14968 
10301 10301 10301 10301 10301 10301 10301 10301 7374 48654 48654 48654 41634 20146 
22953 22953 22953 22953 22953 22953 22953 22953 20296 19964 19964 19964 13844 5276 
23489 23489 23489 23489 23489 23489 23489 23489 20544 21876 21876 21876 14796 4884 
13745 13745 13745 13745 13745 13745 13745 13745 10944 43048 43048 43048 36448 15548 
23201 23201 23201 23201 23201 23201 23201 23201 20400 20580 20580 20580 13980 4740 
23601 23601 23601 23601 23601 23601 23601 23601 20620 22880 22880 22880 15680 5600 
6872 6872 6872 6872 6872 6872 6872 6872 4676 50320 50320 50320 43000 21092 
4068 4068 4068 4068 4068 4068 4068 4068 2034 49214 49214 49214 42434 21282 
14737 14737 14737 14737 14737 14737 14737 14737 11720 44464 44464 44464 37144 15236 
23309 23309 23309 23309 23309 23309 23309 23309 20454 21066 21066 21066 14286 4794 
10289 10289 10289 10289 10289 10289 10289 10289 7596 46244 46244 46244 40004 19608 
15681 15681 15681 15681 15681 15681 15681 15681 12556 44676 44676 44676 36996 14584 
9216 9216 9216 9216 9216 9216 9216 9216 7128 49660 49660 49660 42700 21296 
10145 10145 10145 10145 10145 10145 10145 10145 7524 45596 45596 45596 39596 19536 
23129 23129 23129 23129 23129 23129 23129 23129 20364 20256 20256 20256 13776 4704 
18669 18669 18669 18669 18669 18669 18669 18669 15814 38734 38734 38734 31954 10802 
10577 10577 10577 10577 10577 10577 10577 10577 7740 47540 47540 47540 40820 19752 
19941 19941 19941 19941 19941 19941 19941 19941 17158 36694 36694 36694 30154 9338 
10721 10721 10721 10721 10721 10721 10721 10721 7812 48188 48188 48188 41228 19824 
22505 22505 22505 22505 22505 22505 22505 22505 19776 17172 17172 17172 10812 1908 
6980 6980 6980 6980 6980 6980 6980 6980 4730 50806 50806 50806 43306 21146 
16601 16601 16601 16601 16601 16601 16601 16601 13908 39020 39020 39020 32780 12384 
24037 24037 24037 24037 24037 24037 24037 24037 21146 36858 36858 36858 29958 8638 
15177 15177 15177 15177 15177 15177 15177 15177 12304 42408 42408 42408 35568 14332 
20157 20157 20157 20157 20157 20157 20157 20157 17266 37666 37666 37666 30766 9446 
6476 6476 6476 6476 6476 6476 6476 6476 4478 48538 48538 48538 41878 20894 
6476 6476 6476 6476 6476 6476 6476 6476 4478 48538 48538 48538 41878 20894 
23677 23677 23677 23677 23677 23677 23677 23677 20966 35238 35238 35238 28938 8458 
3888 3888 3888 3888 3888 3888 3888 3888 1944 48404 48404 48404 41924 21192 
16049 16049 16049 16049 16049 16049 16049 16049 13032 43152 43152 43152 35832 13924 
15473 15473 15473 15473 15473 15473 15473 15473 12744 40560 40560 40560 34200 13636 
14521 14521 14521 14521 14521 14521 14521 14521 11756 41892 41892 41892 35412 14680 
19833 19833 19833 19833 19833 19833 19833 19833 17104 36208 36208 36208 29848 9284 
16889 16889 16889 16889 16889 16889 16889 16889 14052 40316 40316 40316 33596 12528 
14105 14105 14105 14105 14105 14105 14105 14105 11124 44668 44668 44668 37468 15728 
16421 16421 16421 16421 16421 16421 16421 16421 13818 38210 38210 38210 32270 12294 
16997 16997 16997 16997 16997 16997 16997 16997 14106 40802 40802 40802 33902 12582 
19941 19941 19941 19941 19941 19941 19941 19941 17158 36694 36694 36694 30154 9338 
19689 19689 19689 19689 19689 19689 19689 19689 17032 35560 35560 35560 29440 9212 
22433 22433 22433 22433 22433 22433 22433 22433 19740 16848 16848 16848 10608 1872 
16673 16673 16673 16673 16673 16673 16673 16673 13944 39344 39344 39344 32984 12420 
22829 22829 22829 22829 22829 22829 22829 22829 19938 18630 18630 18630 11730 2070 
6260 6260 6260 6260 6260 6260 6260 6260 4370 47566 47566 47566 41266 20786 
10481 10481 10481 10481 10481 10481 10481 10481 7464 49464 49464 49464 42144 20236 
10469 10469 10469 10469 10469 10469 10469 10469 7686 47054 47054 47054 40514 19698 
4428 4428 4428 4428 4428 4428 4428 4428 2214 50834 50834 50834 43454 21462 
14449 14449 14449 14449 14449 14449 14449 14449 11720 41568 41568 41568 35208 14644 
14485 14485 14485 14485 14485 14485 14485 14485 11594 43330 43330 43330 36430 15110 
14881 14881 14881 14881 14881 14881 14881 14881 11936 43512 43512 43512 36432 14860 
11025 11025 11025 11025 11025 11025 11025 11025 8224 46280 46280 46280 39680 18780 
16781 16781 16781 16781 16781 16781 16781 16781 13998 39830 39830 39830 33290 12474 
24037 24037 24037 24037 24037 24037 24037 24037 21146 36858 36858 36858 29958 8638 
]

ExternalWorkerWithSkillOnStintCost: [
16860 15870 13260 13920 17160 13050 16560 13290 10632 47124 35112 46788 41748 10800 
12240 15630 13620 12480 12420 14070 17790 17100 11784 33852 40824 43092 45444 14328 
17280 16470 16260 12360 16110 16200 17640 13680 10344 43260 50316 49140 43344 12384 
13440 17130 16230 16680 13440 12630 16350 14040 10704 48300 48468 39984 33600 13344 
16470 14310 12090 12210 16740 17670 13230 16140 10392 41580 38052 39228 41076 10800 
17160 12060 15360 17430 16980 17790 14190 12180 12048 36540 48552 36120 50064 14016 
]

OverlappingStints: [
[ 10 ]
[ 10 ]
[ 10 11 ]
[ 10 11 ]
[ 11 12 ]
[ 11 12 ]
[ 12 13 ]
[ 12 13 ]
[ 13 14 ]
[ 11 ]
[ 12 ]
[ 13 ]
[ 14 ]
[ ]
]

EmployeesWithSkill: [
[ 1 2 3 4 5 6 7 8 9 10 11 12 13 14 15 16 17 18 19 20 21 22 23 24 25 26 27 28 29 30 31 32 33 34 35 36 37 38 39 40 41 42 43 44 45 46 47 48 49 50 51 52 53 54 55 56 57 58 59 60 61 62 63 64 65 66 67 68 69 70 71 72 73 74 75 76 77 78 79 80 81 82 83 84 85 86 87 88 89 90 91 92 93 94 95 96 97 98 99 100 101 102 103 104 105 106 107 108 109 110 111 112 113 114 115 116 117 118 119 120 ]
[ 2 3 4 5 6 10 11 13 14 15 17 22 24 25 27 31 33 35 37 38 39 40 47 48 49 52 53 54 55 56 57 59 60 62 63 64 65 68 70 74 75 76 77 80 82 84 86 89 90 91 94 95 96 98 99 100 101 103 105 107 110 111 112 114 119 ]
[ 2 4 5 6 9 12 14 17 20 23 24 26 27 28 29 30 31 38 39 40 42 44 46 47 49 50 53 55 57 58 62 65 66 68 69 70 71 73 75 76 78 79 80 81 85 86 89 92 93 94 95 98 100 105 106 108 111 112 114 115 117 119 120 ]
[ 1 5 6 7 9 10 11 13 14 18 19 20 21 22 23 24 27 28 30 31 35 38 39 40 45 46 48 50 51 52 57 58 59 63 65 66 68 69 72 74 76 77 79 80 81 84 85 90 91 93 94 102 105 106 108 109 111 112 114 115 116 117 ]
[ 1 3 4 5 6 7 8 9 10 11 12 13 14 15 16 17 18 19 20 21 22 23 24 25 27 28 30 31 32 33 34 35 36 37 38 39 40 42 43 44 45 46 47 48 49 50 51 52 53 54 55 56 57 58 59 61 62 63 64 65 66 67 68 69 70 71 72 73 74 76 77 78 79 80 81 85 86 87 88 89 90 91 92 93 94 95 96 97 98 99 100 102 103 104 105 107 108 109 110 111 112 113 114 115 116 117 118 119 120 ]
[ 2 9 12 13 15 16 22 24 29 31 32 37 45 49 50 52 55 62 68 69 71 75 80 89 95 97 99 103 112 118 ]
]

SkillDemandInActivityWithMode: [
0	0	0	
125	189	84	
125	189	84	
125	189	84	
38	58	26	
47	72	32	
25	39	17	
94	142	63	
94	142	63	
125	189	84	
125	189	84	
125	189	84	
0	0	0	
2	4	2	
3	6	2	
1	3	1	
3	6	2	
3	6	2	
4	7	3	
3	6	2	
2	4	2	
2	4	2	
3	6	2	
2	4	2	
3	6	2	
1	3	1	
2	4	2	
3	6	2	
2	4	2	

0	0	0	
17	27	12	
17	27	12	
17	27	12	
5	9	4	
6	10	4	
3	6	2	
13	21	9	
13	21	9	
17	27	12	
17	27	12	
17	27	12	
0	0	0	
13	21	9	
15	24	10	
3	6	2	
15	24	10	
15	24	10	
22	34	15	
22	34	15	
12	19	8	
7	12	5	
22	34	15	
12	19	8	
15	24	10	
6	10	4	
8	13	6	
22	34	15	
8	13	6	

0	0	0	
8	13	6	
8	13	6	
8	13	6	
2	4	2	
3	6	2	
1	3	1	
6	10	4	
6	10	4	
8	13	6	
8	13	6	
8	13	6	
0	0	0	
15	24	10	
17	27	12	
3	6	2	
17	27	12	
17	27	12	
25	39	17	
25	39	17	
13	21	9	
8	13	6	
25	39	17	
13	21	9	
17	27	12	
7	12	5	
9	15	6	
24	37	16	
9	15	6	

0	0	0	
32	49	22	
32	49	22	
32	49	22	
9	15	6	
12	19	8	
6	10	4	
24	37	16	
23	36	16	
31	48	21	
31	48	21	
31	48	21	
0	0	0	
9	15	6	
10	16	7	
2	4	2	
10	16	7	
10	16	7	
14	22	10	
14	22	10	
8	13	6	
5	9	4	
14	22	10	
8	13	6	
10	16	7	
4	7	3	
5	9	4	
14	22	10	
5	9	4	

0	0	0	
78	118	52	
77	117	52	
77	117	52	
23	36	16	
29	45	20	
15	24	10	
58	88	39	
58	88	39	
77	117	52	
77	117	52	
77	117	52	
0	0	0	
10	16	7	
12	19	8	
2	4	2	
12	19	8	
12	19	8	
17	27	12	
17	27	12	
9	15	6	
6	10	4	
17	27	12	
9	15	6	
12	19	8	
5	9	4	
6	10	4	
16	25	11	
6	10	4	

0	0	0	
11	18	8	
11	18	8	
11	18	8	
3	6	2	
4	7	3	
2	4	2	
8	13	6	
8	13	6	
11	18	8	
11	18	8	
11	18	8	
0	0	0	
5	9	4	
6	10	4	
1	3	1	
6	10	4	
6	10	4	
8	13	6	
8	13	6	
4	7	3	
3	6	2	
8	13	6	
4	7	3	
6	10	4	
2	4	2	
3	6	2	
8	13	6	
3	6	2	

]

EmployeeAvailability: [
1 1 1 0 1 0 1 1 1 1 0 0 1 1 
1 1 1 0 1 1 0 1 1 1 0 1 0 1 
1 1 1 1 1 1 1 1 1 1 1 0 1 1 
0 1 1 1 1 1 1 1 1 0 1 1 1 1 
1 1 1 1 1 1 1 1 1 1 1 1 1 1 
1 1 1 1 1 1 1 1 1 1 1 1 1 1 
1 1 1 1 1 1 1 1 1 1 1 1 1 1 
1 1 1 1 1 1 1 1 1 0 0 1 1 1 
1 1 1 0 0 1 1 1 1 1 0 0 1 1 
1 0 1 1 1 1 1 1 1 0 1 1 1 1 
1 1 1 1 1 1 1 1 0 1 1 1 1 0 
1 1 1 1 1 1 1 1 1 1 1 1 1 1 
0 1 0 1 1 1 0 1 1 0 0 1 0 1 
1 1 1 1 1 1 1 1 1 1 1 0 1 1 
1 1 1 1 1 1 1 1 1 1 1 1 1 1 
1 1 0 1 1 1 1 1 1 0 0 0 1 1 
0 1 1 1 0 1 1 1 1 0 1 0 1 1 
1 1 1 0 1 1 1 1 1 1 0 1 1 1 
1 1 1 1 1 1 1 0 1 1 1 1 0 1 
1 0 1 1 1 1 1 1 1 0 1 1 1 1 
1 1 1 1 0 1 1 1 1 1 1 0 1 1 
1 1 0 1 1 1 1 1 1 0 0 1 1 1 
1 1 1 1 1 1 1 1 1 1 1 1 1 1 
1 1 1 1 1 1 1 1 1 1 1 1 1 1 
1 1 1 1 1 1 1 1 1 1 1 1 1 1 
1 1 1 1 1 1 0 1 1 0 1 1 0 1 
1 1 1 1 1 1 1 0 1 1 1 1 0 1 
1 1 1 0 1 1 0 1 1 1 0 1 0 1 
1 1 1 1 1 1 0 1 1 0 1 0 0 1 
1 1 1 0 1 1 1 1 1 1 0 1 1 1 
1 1 1 0 1 1 0 1 1 1 0 1 0 1 
1 1 1 0 0 1 1 1 1 1 0 0 1 1 
1 1 1 1 1 1 0 1 1 0 1 1 0 1 
1 1 1 1 0 1 1 1 1 1 1 0 1 1 
1 1 1 1 1 1 1 1 1 1 1 1 1 1 
1 1 1 1 0 1 1 1 1 1 1 0 1 1 
1 1 1 1 1 1 1 1 1 0 1 1 0 1 
1 1 0 0 1 1 1 1 0 1 0 1 1 0 
1 1 1 1 1 1 0 1 1 1 1 1 0 1 
1 1 1 1 1 1 1 1 1 1 1 1 1 1 
1 1 1 1 1 1 1 1 1 1 1 1 1 1 
1 1 1 1 1 1 1 1 1 1 1 1 1 1 
1 1 0 0 1 1 1 1 1 1 0 1 1 1 
1 1 1 1 0 1 1 0 1 1 1 0 0 1 
1 1 0 1 1 1 1 1 1 1 0 1 1 1 
1 1 1 1 1 1 1 1 0 0 1 0 1 0 
1 1 1 1 1 1 1 1 1 1 1 1 1 1 
1 1 1 1 1 0 1 1 1 1 1 0 1 1 
1 1 1 1 1 1 1 1 1 1 1 0 1 1 
1 1 1 1 1 1 1 1 1 1 1 1 1 1 
1 1 1 1 1 1 1 1 1 1 0 0 1 1 
0 0 1 1 1 1 1 1 1 0 1 1 1 1 
1 1 1 0 1 1 1 1 0 1 0 1 1 0 
1 1 1 1 0 1 1 1 1 1 1 0 1 1 
1 1 0 1 1 1 1 1 1 1 0 1 1 1 
1 1 1 1 1 1 1 1 1 1 0 1 1 1 
1 0 1 1 1 1 1 1 1 0 1 1 1 1 
1 1 1 1 1 1 1 1 1 1 1 1 1 1 
1 1 1 0 1 1 1 1 1 1 0 1 0 1 
1 1 1 1 1 1 1 1 1 1 1 1 1 1 
1 1 0 1 1 1 1 1 0 1 0 1 1 0 
1 1 1 1 0 1 1 1 1 0 1 0 1 1 
1 1 1 1 1 1 1 1 1 1 1 1 1 1 
1 1 1 1 1 1 1 1 1 1 1 1 1 1 
1 1 0 1 1 1 1 1 1 1 0 1 1 1 
1 1 1 1 1 1 1 1 0 1 0 0 1 0 
1 1 1 1 1 0 0 0 1 1 1 0 0 1 
1 0 1 1 1 1 1 1 1 0 0 1 1 1 
1 1 1 1 1 0 1 1 1 1 1 0 1 1 
1 1 1 1 1 1 1 1 1 1 1 1 1 1 
1 1 0 1 1 1 1 1 1 1 0 1 1 1 
1 1 1 1 1 1 1 1 1 1 1 1 1 1 
1 1 1 1 1 1 1 1 1 1 1 1 1 1 
1 1 1 1 1 1 1 1 1 1 1 0 1 1 
1 1 1 1 1 1 1 1 1 1 1 1 1 1 
1 1 1 1 1 0 1 1 1 1 1 0 1 1 
1 1 1 0 1 1 1 1 1 1 0 1 1 1 
1 1 1 0 1 1 1 1 1 1 0 1 1 1 
1 1 1 1 1 1 1 1 1 1 1 1 0 1 
1 1 1 0 0 1 1 1 1 1 0 0 1 1 
1 1 1 1 1 1 1 0 1 1 1 1 0 1 
1 1 1 1 1 1 1 1 1 1 1 1 1 1 
1 0 1 0 1 1 1 1 1 0 0 1 1 1 
1 1 1 1 1 1 1 1 1 1 1 1 1 1 
1 1 1 1 1 1 1 1 1 1 1 1 1 1 
1 1 1 1 0 1 1 1 1 1 1 0 1 1 
1 1 1 1 1 0 1 1 1 1 0 0 1 1 
1 1 1 1 1 1 1 1 0 1 1 1 1 0 
1 1 1 0 1 1 1 0 1 1 0 1 0 1 
1 1 1 1 1 1 1 1 1 1 1 1 1 1 
1 1 1 1 1 1 1 1 1 1 1 1 1 1 
1 1 1 1 1 0 0 1 1 1 1 0 0 1 
1 0 1 1 1 1 1 1 1 0 1 1 0 1 
0 0 1 1 1 1 1 0 1 0 1 1 0 1 
1 1 1 1 1 1 1 1 1 1 1 1 1 1 
0 1 1 0 0 1 1 1 1 0 0 0 1 1 
1 1 1 1 0 0 1 1 1 1 1 0 0 1 
0 1 1 1 1 1 1 0 1 0 1 1 0 1 
1 1 1 1 1 1 1 1 1 1 0 1 0 1 
1 1 1 1 1 1 0 0 1 1 1 1 0 1 
1 1 0 1 0 1 1 1 1 1 0 0 1 1 
1 1 1 1 1 1 1 1 1 0 1 1 1 1 
1 1 1 1 1 1 0 1 1 1 1 1 0 1 
1 0 1 1 0 1 1 1 1 0 1 0 1 1 
1 1 1 1 1 0 1 1 0 1 1 0 0 0 
0 1 0 1 0 1 1 1 1 0 0 0 1 1 
1 1 1 1 1 1 1 1 1 1 1 1 1 1 
1 1 1 1 1 1 1 1 1 1 1 1 1 1 
1 1 1 1 0 1 1 1 1 1 0 0 1 1 
1 1 1 1 1 0 1 1 1 1 1 0 1 1 
1 1 1 1 1 1 1 1 1 1 1 1 1 1 
1 1 1 0 1 1 0 1 1 1 0 1 0 1 
1 1 1 1 1 1 1 1 1 1 1 1 1 1 
1 1 1 1 1 1 1 1 1 1 1 1 1 1 
0 1 1 1 1 1 1 1 1 0 1 1 1 1 
1 1 1 1 1 1 1 1 1 1 1 1 1 1 
1 1 1 1 1 1 1 1 1 1 1 1 1 1 
1 0 1 1 1 1 1 1 1 0 0 0 1 1 
1 1 1 1 1 1 1 0 1 1 1 1 0 1 
1 1 1 1 0 1 1 1 1 1 0 0 0 1 
]

EmployeeWantedInStint: [ (4 1) 1 (6 10) 1 (10 9) 1 (18 4) 1 (18 11) 1 (25 14) 1 (29 2) 1 (35 4) 1 (35 6) 1 (38 8) 1 (41 14) 1 (43 5) 1 (44 5) 1 (52 3) 1 (58 8) 1 (61 9) 1 (63 5) 1 (63 11) 1 (64 5) 1 (65 14) 1 (66 12) 1 (69 3) 1 (69 5) 1 (69 9) 1 (72 5) 1 (74 5) 1 (78 9) 1 (83 8) 1 (84 12) 1 (86 13) 1 (90 14) 1 (97 4) 1 (100 13) 1 (106 7) 1 (109 5) 1 (111 14) 1 (114 9) 1 (118 11) 1 (119 3) 1 ]

EmployeeWantedViolationCost: [ (4 1) 8000 (6 10) 7000 (10 9) 7000 (18 4) 5000 (18 11) 6000 (25 14) 9000 (29 2) 9000 (35 4) 12000 (35 6) 10000 (38 8) 5000 (41 14) 8000 (43 5) 10000 (44 5) 7000 (52 3) 13000 (58 8) 11000 (61 9) 14000 (63 5) 11000 (63 11) 8000 (64 5) 5000 (65 14) 14000 (66 12) 15000 (69 3) 11000 (69 5) 14000 (69 9) 11000 (72 5) 10000 (74 5) 11000 (78 9) 12000 (83 8) 14000 (84 12) 11000 (86 13) 13000 (90 14) 5000 (97 4) 14000 (100 13) 13000 (106 7) 12000 (109 5) 10000 (111 14) 12000 (114 9) 12000 (118 11) 15000 (119 3) 14000 ]

EmployeesThatShouldNotWorkTogetherWithEmployee: [
[ 44 60 75 98 ]
[ 23 37 40 43 100 ]
[ 5 45 107 113 ]
[ 30 37 57 67 103 117 ]
[ 48 53 70 118 ]
[ 16 18 49 59 63 70 71 91 ]
[ 20 79 84 85 ]
[ 22 30 36 71 77 ]
[ 21 40 45 52 89 99 ]
[ 12 58 65 103 ]
[ 16 25 35 44 45 ]
[ 22 37 55 66 70 74 94 119 ]
[ 55 ]
[ 86 97 ]
[ 107 116 ]
[ 25 33 51 69 89 101 114 ]
[ 19 23 88 102 ]
[ 26 38 49 63 87 89 113 ]
[ 30 31 37 53 59 62 97 ]
[ 33 41 43 66 87 91 103 117 120 ]
[ 39 ]
[ 35 43 65 78 82 94 104 ]
[ 25 27 35 68 75 77 84 89 90 ]
[ 25 62 72 80 81 106 ]
[ 41 75 89 93 94 99 ]
[ 52 56 62 93 ]
[ 42 70 94 100 ]
[ 40 58 70 ]
[ 31 47 48 64 71 112 ]
[ 36 41 57 88 93 95 ]
[ 32 80 90 102 104 116 ]
[ 56 71 82 108 ]
[ 41 56 87 88 89 ]
[ 51 75 104 ]
[ 40 55 59 107 ]
[ 50 52 104 ]
[ 71 75 109 111 ]
[ 40 74 76 87 100 ]
[ 115 117 ]
[ 68 70 83 109 ]
[ 65 ]
[ 65 ]
[ 45 58 ]
[ 76 89 119 ]
[ 67 88 106 ]
[ 48 63 70 75 93 105 112 ]
[ 114 ]
[ 73 99 113 ]
[ 72 103 104 ]
[ 73 108 ]
[ 94 107 114 ]
[ 85 ]
[ 58 72 80 82 99 105 113 ]
[ 115 119 ]
[ 81 106 ]
[ 81 ]
[ 90 91 96 102 115 ]
[ 88 91 ]
[ 91 ]
[ 61 115 ]
[ 68 70 ]
[ 97 103 106 117 ]
[ 72 83 84 89 109 ]
[ 71 94 97 107 ]
[ 79 ]
[ ]
[ 88 ]
[ 99 118 ]
[ 79 114 118 ]
[ 79 85 108 114 ]
[ 82 83 101 ]
[ 73 82 83 88 98 110 120 ]
[ ]
[ 76 ]
[ 77 85 112 118 ]
[ 89 117 ]
[ ]
[ 90 103 116 ]
[ 86 104 110 ]
[ 116 ]
[ ]
[ 89 ]
[ 119 ]
[ 89 114 ]
[ 119 ]
[ 87 92 ]
[ 118 ]
[ 97 101 119 ]
[ 92 116 ]
[ 94 111 117 ]
[ 93 98 ]
[ 96 116 ]
[ ]
[ ]
[ 107 ]
[ 102 ]
[ ]
[ ]
[ ]
[ ]
[ 118 ]
[ 119 ]
[ 119 ]
[ 108 ]
[ ]
[ ]
[ ]
[ 111 ]
[ ]
[ ]
[ ]
[ ]
[ 118 ]
[ ]
[ ]
[ ]
[ ]
[ ]
[ ]
[ ]
]

ShouldNotWorkTogetherCost: [ (1 44) 297 (1 60) 297 (1 75) 198 (1 98) 99 (2 23) 396 (2 37) 99 (2 40) 198 (2 43) 396 (2 100) 198 (3 5) 396 (3 45) 99 (3 107) 297 (3 113) 198 (4 30) 297 (4 37) 99 (4 57) 198 (4 67) 396 (4 103) 396 (4 117) 99 (5 48) 99 (5 53) 297 (5 70) 297 (5 118) 99 (6 16) 396 (6 18) 198 (6 49) 396 (6 59) 396 (6 63) 99 (6 70) 396 (6 71) 297 (6 91) 396 (7 20) 99 (7 79) 297 (7 84) 396 (7 85) 198 (8 22) 297 (8 30) 99 (8 36) 198 (8 71) 198 (8 77) 396 (9 21) 396 (9 40) 396 (9 45) 396 (9 52) 99 (9 89) 198 (9 99) 297 (10 12) 396 (10 58) 198 (10 65) 99 (10 103) 297 (11 16) 99 (11 25) 198 (11 35) 297 (11 44) 198 (11 45) 396 (12 22) 297 (12 37) 396 (12 55) 99 (12 66) 396 (12 70) 297 (12 74) 297 (12 94) 198 (12 119) 99 (13 55) 99 (14 86) 297 (14 97) 99 (15 107) 198 (15 116) 198 (16 25) 396 (16 33) 396 (16 51) 297 (16 69) 396 (16 89) 99 (16 101) 198 (16 114) 99 (17 19) 198 (17 23) 198 (17 88) 198 (17 102) 297 (18 26) 198 (18 38) 99 (18 49) 198 (18 63) 99 (18 87) 297 (18 89) 396 (18 113) 99 (19 30) 396 (19 31) 99 (19 37) 99 (19 53) 198 (19 59) 297 (19 62) 396 (19 97) 198 (20 33) 198 (20 41) 99 (20 43) 198 (20 66) 99 (20 87) 396 (20 91) 99 (20 103) 396 (20 117) 297 (20 120) 396 (21 39) 396 (22 35) 198 (22 43) 198 (22 65) 198 (22 78) 396 (22 82) 198 (22 94) 198 (22 104) 396 (23 25) 396 (23 27) 396 (23 35) 297 (23 68) 99 (23 75) 396 (23 77) 99 (23 84) 396 (23 89) 396 (23 90) 297 (24 25) 396 (24 62) 396 (24 72) 297 (24 80) 99 (24 81) 99 (24 106) 396 (25 41) 297 (25 75) 297 (25 89) 297 (25 93) 297 (25 94) 396 (25 99) 297 (26 52) 396 (26 56) 99 (26 62) 198 (26 93) 297 (27 42) 297 (27 70) 396 (27 94) 198 (27 100) 396 (28 40) 396 (28 58) 99 (28 70) 198 (29 31) 198 (29 47) 198 (29 48) 198 (29 64) 99 (29 71) 396 (29 112) 396 (30 36) 198 (30 41) 198 (30 57) 198 (30 88) 198 (30 93) 297 (30 95) 297 (31 32) 297 (31 80) 297 (31 90) 198 (31 102) 396 (31 104) 99 (31 116) 198 (32 56) 396 (32 71) 99 (32 82) 396 (32 108) 99 (33 41) 396 (33 56) 396 (33 87) 396 (33 88) 297 (33 89) 99 (34 51) 396 (34 75) 198 (34 104) 297 (35 40) 396 (35 55) 396 (35 59) 297 (35 107) 99 (36 50) 198 (36 52) 99 (36 104) 198 (37 71) 99 (37 75) 297 (37 109) 99 (37 111) 99 (38 40) 99 (38 74) 99 (38 76) 297 (38 87) 198 (38 100) 297 (39 115) 99 (39 117) 99 (40 68) 198 (40 70) 297 (40 83) 99 (40 109) 198 (41 65) 396 (42 65) 396 (43 45) 396 (43 58) 396 (44 76) 396 (44 89) 396 (44 119) 99 (45 67) 198 (45 88) 396 (45 106) 297 (46 48) 297 (46 63) 198 (46 70) 198 (46 75) 396 (46 93) 297 (46 105) 99 (46 112) 99 (47 114) 99 (48 73) 297 (48 99) 198 (48 113) 396 (49 72) 99 (49 103) 198 (49 104) 99 (50 73) 198 (50 108) 99 (51 94) 198 (51 107) 99 (51 114) 396 (52 85) 99 (53 58) 297 (53 72) 396 (53 80) 297 (53 82) 198 (53 99) 396 (53 105) 297 (53 113) 99 (54 115) 297 (54 119) 396 (55 81) 396 (55 106) 198 (56 81) 198 (57 90) 396 (57 91) 396 (57 96) 297 (57 102) 198 (57 115) 297 (58 88) 396 (58 91) 297 (59 91) 297 (60 61) 396 (60 115) 297 (61 68) 99 (61 70) 198 (62 97) 297 (62 103) 396 (62 106) 396 (62 117) 99 (63 72) 99 (63 83) 198 (63 84) 297 (63 89) 198 (63 109) 297 (64 71) 396 (64 94) 297 (64 97) 396 (64 107) 396 (65 79) 396 (67 88) 99 (68 99) 99 (68 118) 99 (69 79) 297 (69 114) 297 (69 118) 297 (70 79) 99 (70 85) 396 (70 108) 198 (70 114) 198 (71 82) 297 (71 83) 198 (71 101) 297 (72 73) 198 (72 82) 297 (72 83) 198 (72 88) 396 (72 98) 198 (72 110) 99 (72 120) 198 (74 76) 396 (75 77) 396 (75 85) 396 (75 112) 99 (75 118) 297 (76 89) 396 (76 117) 297 (78 90) 198 (78 103) 396 (78 116) 198 (79 86) 297 (79 104) 396 (79 110) 99 (80 116) 297 (82 89) 99 (83 119) 297 (84 89) 396 (84 114) 396 (85 119) 198 (86 87) 99 (86 92) 99 (87 118) 198 (88 97) 99 (88 101) 396 (88 119) 396 (89 92) 297 (89 116) 99 (90 94) 198 (90 111) 297 (90 117) 297 (91 93) 99 (91 98) 99 (92 96) 99 (92 116) 396 (95 107) 396 (96 102) 99 (101 118) 198 (102 119) 297 (103 119) 396 (104 108) 297 (108 111) 396 (113 118) 396 ]

ImmediatePredecessorsToActivity: [
[ ]
[ 1 ]
[ 1 ]
[ 1 ]
[ 2 3 ]
[ 5 ]
[ 2 ]
[ 5 ]
[ 2 ]
[ 3 9 ]
[ 9 ]
[ 8 10 ]
[ ]
[ 13 ]
[ 14 ]
[ 13 ]
[ 16 ]
[ 13 ]
[ 15 ]
[ 13 ]
[ 18 19 ]
[ 14 18 19 ]
[ 21 ]
[ 13 ]
[ 22 ]
[ 15 ]
[ 16 18 ]
[ 20 23 26 ]
[ 14 21 26 ]
]

ActivitiesInProject: [
[ 1 2 3 4 5 6 7 8 9 10 11 12 ]
[ 13 14 15 16 17 18 19 20 21 22 23 24 25 26 27 28 29 ]
]

nActivityModes: [ 3 3 3 3 3 3 3 3 3 3 3 3 3 3 3 3 3 3 3 3 3 3 3 3 3 3 3 3 3 ]

ActivitiyDurationWithMode: [
1	1	1	
3	2	4	
3	2	4	
3	2	4	
10	7	14	
8	6	11	
15	10	20	
4	3	6	
4	3	6	
3	2	4	
3	2	4	
3	2	4	
1	1	1	
8	6	11	
7	5	10	
33	22	44	
7	5	10	
7	5	10	
5	4	7	
5	4	7	
9	6	12	
14	10	19	
5	4	7	
9	6	12	
7	5	10	
16	11	22	
13	9	18	
5	4	7	
13	9	18	
]
StintsInProject: [
[ 1 2 3 4 5 6 7 8 9 ]
[ 10 11 12 13 14 ]
]

WorkingStintsOnDay: [
[ 1 10 ]
[ 1 10 ]
[ 1 10 ]
[ 1 10 ]
[ 1 10 ]
[ 10 ]
[ 10 ]
[ 2 10 ]
[ 2 10 ]
[ 2 10 ]
[ 2 10 ]
[ 2 10 ]
[ 10 ]
[ 10 ]
[ 3 11 ]
[ 3 11 ]
[ 3 11 ]
[ 3 11 ]
[ 3 11 ]
[ 11 ]
[ 11 ]
[ 4 11 ]
[ 4 11 ]
[ 4 11 ]
[ 4 11 ]
[ 4 11 ]
[ 11 ]
[ 11 ]
[ 5 12 ]
[ 5 12 ]
[ 5 12 ]
[ 5 12 ]
[ 5 12 ]
[ 12 ]
[ 12 ]
[ 6 12 ]
[ 6 12 ]
[ 6 12 ]
[ 6 12 ]
[ 6 12 ]
[ 12 ]
[ 12 ]
[ 7 13 ]
[ 7 13 ]
[ 7 13 ]
[ 7 13 ]
[ 7 13 ]
[ 13 ]
[ 13 ]
[ 8 13 ]
[ 8 13 ]
[ 8 13 ]
[ 8 13 ]
[ 8 13 ]
[ 13 ]
[ 13 ]
[ 9 14 ]
[ 9 14 ]
[ 9 14 ]
[ 9 14 ]
]

ProjectStart: [ 3 7 ]

ProjectEnd: [ 34 54 ]

EarliestStartDayForActivity: [ 1 3 3 3 6 20 6 20 6 12 12 26 1 7 15 7 40 7 22 7 27 27 36 7 41 22 40 41 38 ]

LatestStartDayForActivity: [ 1 34 34 34 34 34 34 34 34 34 34 34 1 54 54 54 54 54 54 54 54 54 54 54 54 54 54 54 54 ]

EquipmentTypeDemandInActivityWithMode: [
0	0	0	
0	1	0	
0	1	0	
0	1	0	
1	3	1	
2	4	2	
0	1	0	
1	3	1	
2	4	2	
0	1	0	
0	1	0	
1	3	1	
0	0	0	
1	3	1	
1	3	1	
1	3	1	
1	3	1	
1	3	1	
1	3	1	
2	4	2	
0	1	0	
1	3	1	
3	6	2	
0	1	0	
2	4	2	
0	1	0	
0	1	0	
2	4	2	
2	4	2	

0	0	0	
0	1	0	
2	4	2	
2	4	2	
2	4	2	
0	1	0	
1	3	1	
1	3	1	
1	3	1	
0	1	0	
2	4	2	
2	4	2	
0	0	0	
2	4	2	
0	1	0	
0	1	0	
0	1	0	
0	1	0	
1	3	1	
2	4	2	
2	4	2	
0	1	0	
1	3	1	
0	1	0	
1	3	1	
0	1	0	
2	4	2	
0	1	0	
0	1	0	

0	0	0	
0	1	0	
1	3	1	
0	1	0	
0	1	0	
0	1	0	
0	1	0	
0	1	0	
1	3	1	
0	1	0	
0	1	0	
0	1	0	
0	0	0	
0	1	0	
0	1	0	
1	3	1	
1	3	1	
0	1	0	
0	1	0	
0	1	0	
0	1	0	
0	1	0	
0	1	0	
0	1	0	
0	1	0	
1	3	1	
0	1	0	
0	1	0	
0	1	0	

]

ExternalEquipmentRentingCost: [
4031	5646	2066	3515	2225	2395	4210	3659	2512	4257	2312	1270	3125	4563	4429	1050	3366	4513	1003	1516	4378	1092	5759	1260	5184	5715	2804	4415	5561	
4696	4138	2398	5428	2515	2645	4313	4719	1145	3921	4112	2801	2002	5302	5315	3513	1628	1914	5074	5434	5362	2675	1977	5631	3312	4098	1716	3166	3265	
4169	1646	2377	3164	4997	4244	1534	5741	3999	5085	4763	2247	4313	2360	5267	1260	3180	3955	3296	2497	3864	1396	3004	3019	5010	2137	4482	3671	2301	
]

EquipmentTypeTransportationCost: [
1	5215	
5215	1	

1	5270	
5270	1	

1	4700	
4700	1	

]

TransportationTimeForEquipmentTypeBetweenProjects: [
1	7	
7	1	

1	7	
7	1	

1	7	
7	1	

]

TotalNumberOfInitialEquipmentTypeLocation: [
(1 1) 4 (1 13) 1 
(2 1) 1 (2 13) 3 
(3 13) 1 
]

DepotActivities: [ 1 13 ]

MaximalStintCliques: [
[ 1 10 ]
[ 2 10 ]
[ 7 12 13 ]
[ 8 12 13 ]
[ 9 13 14 ]
[ 11 10 3 ]
[ 11 10 4 ]
[ 11 12 5 ]
[ 11 12 6 ]
]
