nEmployees: 120
nSkills: 6
nProjects: 2
nDays: 180
nActivities: 55
nEquipmentTypes: 5
nStints: 52
nMaxModes: 2
nStintCliques: 26

EmployeeInStintCost: [
15414 15414 15414 15414 15414 15414 15414 15414 15414 15414 15414 15414 15414 15414 15414 15414 15414 15414 15414 15414 15414 15414 15414 15414 15414 13962 15509 15509 15509 15509 15509 15509 15509 15509 15509 15509 15509 15509 15509 15509 15509 15509 15509 15509 15509 15509 15509 15509 15509 15509 15509 14057 
16886 16886 16886 16886 16886 16886 16886 16886 16886 16886 16886 16886 16886 16886 16886 16886 16886 16886 16886 16886 16886 16886 16886 16886 16886 15602 16525 16525 16525 16525 16525 16525 16525 16525 16525 16525 16525 16525 16525 16525 16525 16525 16525 16525 16525 16525 16525 16525 16525 16525 16525 15241 
13954 13954 13954 13954 13954 13954 13954 13954 13954 13954 13954 13954 13954 13954 13954 13954 13954 13954 13954 13954 13954 13954 13954 13954 13954 12514 14241 14241 14241 14241 14241 14241 14241 14241 14241 14241 14241 14241 14241 14241 14241 14241 14241 14241 14241 14241 14241 14241 14241 14241 14241 12801 
17102 17102 17102 17102 17102 17102 17102 17102 17102 17102 17102 17102 17102 17102 17102 17102 17102 17102 17102 17102 17102 17102 17102 17102 17102 15746 16741 16741 16741 16741 16741 16741 16741 16741 16741 16741 16741 16741 16741 16741 16741 16741 16741 16741 16741 16741 16741 16741 16741 16741 16741 15385 
9484 9484 9484 9484 9484 9484 9484 9484 9484 9484 9484 9484 9484 9484 9484 9484 9484 9484 9484 9484 9484 9484 9484 9484 9484 8176 3924 3924 3924 3924 3924 3924 3924 3924 3924 3924 3924 3924 3924 3924 3924 3924 3924 3924 3924 3924 3924 3924 3924 3924 3924 2616 
12402 12402 12402 12402 12402 12402 12402 12402 12402 12402 12402 12402 12402 12402 12402 12402 12402 12402 12402 12402 12402 12402 12402 12402 12402 11130 11913 11913 11913 11913 11913 11913 11913 11913 11913 11913 11913 11913 11913 11913 11913 11913 11913 11913 11913 11913 11913 11913 11913 11913 11913 10641 
13930 13930 13930 13930 13930 13930 13930 13930 13930 13930 13930 13930 13930 13930 13930 13930 13930 13930 13930 13930 13930 13930 13930 13930 13930 12706 14209 14209 14209 14209 14209 14209 14209 14209 14209 14209 14209 14209 14209 14209 14209 14209 14209 14209 14209 14209 14209 14209 14209 14209 14209 12985 
12834 12834 12834 12834 12834 12834 12834 12834 12834 12834 12834 12834 12834 12834 12834 12834 12834 12834 12834 12834 12834 12834 12834 12834 12834 11394 13169 13169 13169 13169 13169 13169 13169 13169 13169 13169 13169 13169 13169 13169 13169 13169 13169 13169 13169 13169 13169 13169 13169 13169 13169 11729 
13414 13414 13414 13414 13414 13414 13414 13414 13414 13414 13414 13414 13414 13414 13414 13414 13414 13414 13414 13414 13414 13414 13414 13414 13414 12154 13701 13701 13701 13701 13701 13701 13701 13701 13701 13701 13701 13701 13701 13701 13701 13701 13701 13701 13701 13701 13701 13701 13701 13701 13701 12441 
13414 13414 13414 13414 13414 13414 13414 13414 13414 13414 13414 13414 13414 13414 13414 13414 13414 13414 13414 13414 13414 13414 13414 13414 13414 12154 13701 13701 13701 13701 13701 13701 13701 13701 13701 13701 13701 13701 13701 13701 13701 13701 13701 13701 13701 13701 13701 13701 13701 13701 13701 12441 
9412 9412 9412 9412 9412 9412 9412 9412 9412 9412 9412 9412 9412 9412 9412 9412 9412 9412 9412 9412 9412 9412 9412 9412 9412 8128 3852 3852 3852 3852 3852 3852 3852 3852 3852 3852 3852 3852 3852 3852 3852 3852 3852 3852 3852 3852 3852 3852 3852 3852 3852 2568 
14326 14326 14326 14326 14326 14326 14326 14326 14326 14326 14326 14326 14326 14326 14326 14326 14326 14326 14326 14326 14326 14326 14326 14326 14326 12970 14605 14605 14605 14605 14605 14605 14605 14605 14605 14605 14605 14605 14605 14605 14605 14605 14605 14605 14605 14605 14605 14605 14605 14605 14605 13249 
13846 13846 13846 13846 13846 13846 13846 13846 13846 13846 13846 13846 13846 13846 13846 13846 13846 13846 13846 13846 13846 13846 13846 13846 13846 12562 13493 13493 13493 13493 13493 13493 13493 13493 13493 13493 13493 13493 13493 13493 13493 13493 13493 13493 13493 13493 13493 13493 13493 13493 13493 12209 
13918 13918 13918 13918 13918 13918 13918 13918 13918 13918 13918 13918 13918 13918 13918 13918 13918 13918 13918 13918 13918 13918 13918 13918 13918 12490 14205 14205 14205 14205 14205 14205 14205 14205 14205 14205 14205 14205 14205 14205 14205 14205 14205 14205 14205 14205 14205 14205 14205 14205 14205 12777 
17462 17462 17462 17462 17462 17462 17462 17462 17462 17462 17462 17462 17462 17462 17462 17462 17462 17462 17462 17462 17462 17462 17462 17462 17462 15986 17101 17101 17101 17101 17101 17101 17101 17101 17101 17101 17101 17101 17101 17101 17101 17101 17101 17101 17101 17101 17101 17101 17101 17101 17101 15625 
16286 16286 16286 16286 16286 16286 16286 16286 16286 16286 16286 16286 16286 16286 16286 16286 16286 16286 16286 16286 16286 16286 16286 16286 16286 14858 16165 16165 16165 16165 16165 16165 16165 16165 16165 16165 16165 16165 16165 16165 16165 16165 16165 16165 16165 16165 16165 16165 16165 16165 16165 14737 
15862 15862 15862 15862 15862 15862 15862 15862 15862 15862 15862 15862 15862 15862 15862 15862 15862 15862 15862 15862 15862 15862 15862 15862 15862 14362 16117 16117 16117 16117 16117 16117 16117 16117 16117 16117 16117 16117 16117 16117 16117 16117 16117 16117 16117 16117 16117 16117 16117 16117 16117 14617 
12546 12546 12546 12546 12546 12546 12546 12546 12546 12546 12546 12546 12546 12546 12546 12546 12546 12546 12546 12546 12546 12546 12546 12546 12546 11226 12057 12057 12057 12057 12057 12057 12057 12057 12057 12057 12057 12057 12057 12057 12057 12057 12057 12057 12057 12057 12057 12057 12057 12057 12057 10737 
14386 14386 14386 14386 14386 14386 14386 14386 14386 14386 14386 14386 14386 14386 14386 14386 14386 14386 14386 14386 14386 14386 14386 14386 14386 12922 14033 14033 14033 14033 14033 14033 14033 14033 14033 14033 14033 14033 14033 14033 14033 14033 14033 14033 14033 14033 14033 14033 14033 14033 14033 12569 
17022 17022 17022 17022 17022 17022 17022 17022 17022 17022 17022 17022 17022 17022 17022 17022 17022 17022 17022 17022 17022 17022 17022 17022 17022 15594 16813 16813 16813 16813 16813 16813 16813 16813 16813 16813 16813 16813 16813 16813 16813 16813 16813 16813 16813 16813 16813 16813 16813 16813 16813 15385 
15286 15286 15286 15286 15286 15286 15286 15286 15286 15286 15286 15286 15286 15286 15286 15286 15286 15286 15286 15286 15286 15286 15286 15286 15286 13906 15005 15005 15005 15005 15005 15005 15005 15005 15005 15005 15005 15005 15005 15005 15005 15005 15005 15005 15005 15005 15005 15005 15005 15005 15005 13625 
13342 13342 13342 13342 13342 13342 13342 13342 13342 13342 13342 13342 13342 13342 13342 13342 13342 13342 13342 13342 13342 13342 13342 13342 13342 12106 13629 13629 13629 13629 13629 13629 13629 13629 13629 13629 13629 13629 13629 13629 13629 13629 13629 13629 13629 13629 13629 13629 13629 13629 13629 12393 
14062 14062 14062 14062 14062 14062 14062 14062 14062 14062 14062 14062 14062 14062 14062 14062 14062 14062 14062 14062 14062 14062 14062 14062 14062 12706 13709 13709 13709 13709 13709 13709 13709 13709 13709 13709 13709 13709 13709 13709 13709 13709 13709 13709 13709 13709 13709 13709 13709 13709 13709 12353 
13926 13926 13926 13926 13926 13926 13926 13926 13926 13926 13926 13926 13926 13926 13926 13926 13926 13926 13926 13926 13926 13926 13926 13926 13926 12570 13885 13885 13885 13885 13885 13885 13885 13885 13885 13885 13885 13885 13885 13885 13885 13885 13885 13885 13885 13885 13885 13885 13885 13885 13885 12529 
19922 19922 19922 19922 19922 19922 19922 19922 19922 19922 19922 19922 19922 19922 19922 19922 19922 19922 19922 19922 19922 19922 19922 19922 19922 18602 19641 19641 19641 19641 19641 19641 19641 19641 19641 19641 19641 19641 19641 19641 19641 19641 19641 19641 19641 19641 19641 19641 19641 19641 19641 18321 
16914 16914 16914 16914 16914 16914 16914 16914 16914 16914 16914 16914 16914 16914 16914 16914 16914 16914 16914 16914 16914 16914 16914 16914 16914 15618 16417 16417 16417 16417 16417 16417 16417 16417 16417 16417 16417 16417 16417 16417 16417 16417 16417 16417 16417 16417 16417 16417 16417 16417 16417 15121 
4176 4176 4176 4176 4176 4176 4176 4176 4176 4176 4176 4176 4176 4176 4176 4176 4176 4176 4176 4176 4176 4176 4176 4176 4176 2784 9736 9736 9736 9736 9736 9736 9736 9736 9736 9736 9736 9736 9736 9736 9736 9736 9736 9736 9736 9736 9736 9736 9736 9736 9736 8344 
19378 19378 19378 19378 19378 19378 19378 19378 19378 19378 19378 19378 19378 19378 19378 19378 19378 19378 19378 19378 19378 19378 19378 19378 19378 17986 19225 19225 19225 19225 19225 19225 19225 19225 19225 19225 19225 19225 19225 19225 19225 19225 19225 19225 19225 19225 19225 19225 19225 19225 19225 17833 
12850 12850 12850 12850 12850 12850 12850 12850 12850 12850 12850 12850 12850 12850 12850 12850 12850 12850 12850 12850 12850 12850 12850 12850 12850 11410 7520 7520 7520 7520 7520 7520 7520 7520 7520 7520 7520 7520 7520 7520 7520 7520 7520 7520 7520 7520 7520 7520 7520 7520 7520 6080 
19814 19814 19814 19814 19814 19814 19814 19814 19814 19814 19814 19814 19814 19814 19814 19814 19814 19814 19814 19814 19814 19814 19814 19814 19814 18530 19533 19533 19533 19533 19533 19533 19533 19533 19533 19533 19533 19533 19533 19533 19533 19533 19533 19533 19533 19533 19533 19533 19533 19533 19533 18249 
16358 16358 16358 16358 16358 16358 16358 16358 16358 16358 16358 16358 16358 16358 16358 16358 16358 16358 16358 16358 16358 16358 16358 16358 16358 14906 16237 16237 16237 16237 16237 16237 16237 16237 16237 16237 16237 16237 16237 16237 16237 16237 16237 16237 16237 16237 16237 16237 16237 16237 16237 14785 
14818 14818 14818 14818 14818 14818 14818 14818 14818 14818 14818 14818 14818 14818 14818 14818 14818 14818 14818 14818 14818 14818 14818 14818 14818 13594 14537 14537 14537 14537 14537 14537 14537 14537 14537 14537 14537 14537 14537 14537 14537 14537 14537 14537 14537 14537 14537 14537 14537 14537 14537 13313 
15342 15342 15342 15342 15342 15342 15342 15342 15342 15342 15342 15342 15342 15342 15342 15342 15342 15342 15342 15342 15342 15342 15342 15342 15342 13914 15437 15437 15437 15437 15437 15437 15437 15437 15437 15437 15437 15437 15437 15437 15437 15437 15437 15437 15437 15437 15437 15437 15437 15437 15437 14009 
13234 13234 13234 13234 13234 13234 13234 13234 13234 13234 13234 13234 13234 13234 13234 13234 13234 13234 13234 13234 13234 13234 13234 13234 13234 12034 13521 13521 13521 13521 13521 13521 13521 13521 13521 13521 13521 13521 13521 13521 13521 13521 13521 13521 13521 13521 13521 13521 13521 13521 13521 12321 
13778 13778 13778 13778 13778 13778 13778 13778 13778 13778 13778 13778 13778 13778 13778 13778 13778 13778 13778 13778 13778 13778 13778 13778 13778 12386 13513 13513 13513 13513 13513 13513 13513 13513 13513 13513 13513 13513 13513 13513 13513 13513 13513 13513 13513 13513 13513 13513 13513 13513 13513 12121 
17318 17318 17318 17318 17318 17318 17318 17318 17318 17318 17318 17318 17318 17318 17318 17318 17318 17318 17318 17318 17318 17318 17318 17318 17318 15890 16957 16957 16957 16957 16957 16957 16957 16957 16957 16957 16957 16957 16957 16957 16957 16957 16957 16957 16957 16957 16957 16957 16957 16957 16957 15529 
16734 16734 16734 16734 16734 16734 16734 16734 16734 16734 16734 16734 16734 16734 16734 16734 16734 16734 16734 16734 16734 16734 16734 16734 16734 15498 16237 16237 16237 16237 16237 16237 16237 16237 16237 16237 16237 16237 16237 16237 16237 16237 16237 16237 16237 16237 16237 16237 16237 16237 16237 15001 
17210 17210 17210 17210 17210 17210 17210 17210 17210 17210 17210 17210 17210 17210 17210 17210 17210 17210 17210 17210 17210 17210 17210 17210 17210 15818 16849 16849 16849 16849 16849 16849 16849 16849 16849 16849 16849 16849 16849 16849 16849 16849 16849 16849 16849 16849 16849 16849 16849 16849 16849 15457 
17722 17722 17722 17722 17722 17722 17722 17722 17722 17722 17722 17722 17722 17722 17722 17722 17722 17722 17722 17722 17722 17722 17722 17722 17722 16306 17193 17193 17193 17193 17193 17193 17193 17193 17193 17193 17193 17193 17193 17193 17193 17193 17193 17193 17193 17193 17193 17193 17193 17193 17193 15777 
13634 13634 13634 13634 13634 13634 13634 13634 13634 13634 13634 13634 13634 13634 13634 13634 13634 13634 13634 13634 13634 13634 13634 13634 13634 12290 13369 13369 13369 13369 13369 13369 13369 13369 13369 13369 13369 13369 13369 13369 13369 13369 13369 13369 13369 13369 13369 13369 13369 13369 13369 12025 
15306 15306 15306 15306 15306 15306 15306 15306 15306 15306 15306 15306 15306 15306 15306 15306 15306 15306 15306 15306 15306 15306 15306 15306 15306 13890 15401 15401 15401 15401 15401 15401 15401 15401 15401 15401 15401 15401 15401 15401 15401 15401 15401 15401 15401 15401 15401 15401 15401 15401 15401 13985 
19706 19706 19706 19706 19706 19706 19706 19706 19706 19706 19706 19706 19706 19706 19706 19706 19706 19706 19706 19706 19706 19706 19706 19706 19706 18458 19425 19425 19425 19425 19425 19425 19425 19425 19425 19425 19425 19425 19425 19425 19425 19425 19425 19425 19425 19425 19425 19425 19425 19425 19425 18177 
14686 14686 14686 14686 14686 14686 14686 14686 14686 14686 14686 14686 14686 14686 14686 14686 14686 14686 14686 14686 14686 14686 14686 14686 14686 13210 14965 14965 14965 14965 14965 14965 14965 14965 14965 14965 14965 14965 14965 14965 14965 14965 14965 14965 14965 14965 14965 14965 14965 14965 14965 13489 
16374 16374 16374 16374 16374 16374 16374 16374 16374 16374 16374 16374 16374 16374 16374 16374 16374 16374 16374 16374 16374 16374 16374 16374 16374 15162 16165 16165 16165 16165 16165 16165 16165 16165 16165 16165 16165 16165 16165 16165 16165 16165 16165 16165 16165 16165 16165 16165 16165 16165 16165 14953 
9376 9376 9376 9376 9376 9376 9376 9376 9376 9376 9376 9376 9376 9376 9376 9376 9376 9376 9376 9376 9376 9376 9376 9376 9376 8104 3816 3816 3816 3816 3816 3816 3816 3816 3816 3816 3816 3816 3816 3816 3816 3816 3816 3816 3816 3816 3816 3816 3816 3816 3816 2544 
13738 13738 13738 13738 13738 13738 13738 13738 13738 13738 13738 13738 13738 13738 13738 13738 13738 13738 13738 13738 13738 13738 13738 13738 13738 12370 14025 14025 14025 14025 14025 14025 14025 14025 14025 14025 14025 14025 14025 14025 14025 14025 14025 14025 14025 14025 14025 14025 14025 14025 14025 12657 
13746 13746 13746 13746 13746 13746 13746 13746 13746 13746 13746 13746 13746 13746 13746 13746 13746 13746 13746 13746 13746 13746 13746 13746 13746 12450 13705 13705 13705 13705 13705 13705 13705 13705 13705 13705 13705 13705 13705 13705 13705 13705 13705 13705 13705 13705 13705 13705 13705 13705 13705 12409 
17578 17578 17578 17578 17578 17578 17578 17578 17578 17578 17578 17578 17578 17578 17578 17578 17578 17578 17578 17578 17578 17578 17578 17578 17578 16210 17049 17049 17049 17049 17049 17049 17049 17049 17049 17049 17049 17049 17049 17049 17049 17049 17049 17049 17049 17049 17049 17049 17049 17049 17049 15681 
17210 17210 17210 17210 17210 17210 17210 17210 17210 17210 17210 17210 17210 17210 17210 17210 17210 17210 17210 17210 17210 17210 17210 17210 17210 15818 16849 16849 16849 16849 16849 16849 16849 16849 16849 16849 16849 16849 16849 16849 16849 16849 16849 16849 16849 16849 16849 16849 16849 16849 16849 15457 
12690 12690 12690 12690 12690 12690 12690 12690 12690 12690 12690 12690 12690 12690 12690 12690 12690 12690 12690 12690 12690 12690 12690 12690 12690 11298 13025 13025 13025 13025 13025 13025 13025 13025 13025 13025 13025 13025 13025 13025 13025 13025 13025 13025 13025 13025 13025 13025 13025 13025 13025 11633 
12474 12474 12474 12474 12474 12474 12474 12474 12474 12474 12474 12474 12474 12474 12474 12474 12474 12474 12474 12474 12474 12474 12474 12474 12474 11178 11985 11985 11985 11985 11985 11985 11985 11985 11985 11985 11985 11985 11985 11985 11985 11985 11985 11985 11985 11985 11985 11985 11985 11985 11985 10689 
14062 14062 14062 14062 14062 14062 14062 14062 14062 14062 14062 14062 14062 14062 14062 14062 14062 14062 14062 14062 14062 14062 14062 14062 14062 12706 13709 13709 13709 13709 13709 13709 13709 13709 13709 13709 13709 13709 13709 13709 13709 13709 13709 13709 13709 13709 13709 13709 13709 13709 13709 12353 
13486 13486 13486 13486 13486 13486 13486 13486 13486 13486 13486 13486 13486 13486 13486 13486 13486 13486 13486 13486 13486 13486 13486 13486 13486 12202 13773 13773 13773 13773 13773 13773 13773 13773 13773 13773 13773 13773 13773 13773 13773 13773 13773 13773 13773 13773 13773 13773 13773 13773 13773 12489 
15358 15358 15358 15358 15358 15358 15358 15358 15358 15358 15358 15358 15358 15358 15358 15358 15358 15358 15358 15358 15358 15358 15358 15358 15358 13954 15077 15077 15077 15077 15077 15077 15077 15077 15077 15077 15077 15077 15077 15077 15077 15077 15077 15077 15077 15077 15077 15077 15077 15077 15077 13673 
13886 13886 13886 13886 13886 13886 13886 13886 13886 13886 13886 13886 13886 13886 13886 13886 13886 13886 13886 13886 13886 13886 13886 13886 13886 12458 13621 13621 13621 13621 13621 13621 13621 13621 13621 13621 13621 13621 13621 13621 13621 13621 13621 13621 13621 13621 13621 13621 13621 13621 13621 12193 
16634 16634 16634 16634 16634 16634 16634 16634 16634 16634 16634 16634 16634 16634 16634 16634 16634 16634 16634 16634 16634 16634 16634 16634 16634 15434 16273 16273 16273 16273 16273 16273 16273 16273 16273 16273 16273 16273 16273 16273 16273 16273 16273 16273 16273 16273 16273 16273 16273 16273 16273 15073 
16914 16914 16914 16914 16914 16914 16914 16914 16914 16914 16914 16914 16914 16914 16914 16914 16914 16914 16914 16914 16914 16914 16914 16914 16914 15618 16417 16417 16417 16417 16417 16417 16417 16417 16417 16417 16417 16417 16417 16417 16417 16417 16417 16417 16417 16417 16417 16417 16417 16417 16417 15121 
12294 12294 12294 12294 12294 12294 12294 12294 12294 12294 12294 12294 12294 12294 12294 12294 12294 12294 12294 12294 12294 12294 12294 12294 12294 11034 12629 12629 12629 12629 12629 12629 12629 12629 12629 12629 12629 12629 12629 12629 12629 12629 12629 12629 12629 12629 12629 12629 12629 12629 12629 11369 
15306 15306 15306 15306 15306 15306 15306 15306 15306 15306 15306 15306 15306 15306 15306 15306 15306 15306 15306 15306 15306 15306 15306 15306 15306 13890 15401 15401 15401 15401 15401 15401 15401 15401 15401 15401 15401 15401 15401 15401 15401 15401 15401 15401 15401 15401 15401 15401 15401 15401 15401 13985 
15466 15466 15466 15466 15466 15466 15466 15466 15466 15466 15466 15466 15466 15466 15466 15466 15466 15466 15466 15466 15466 15466 15466 15466 15466 14026 15185 15185 15185 15185 15185 15185 15185 15185 15185 15185 15185 15185 15185 15185 15185 15185 15185 15185 15185 15185 15185 15185 15185 15185 15185 13745 
17830 17830 17830 17830 17830 17830 17830 17830 17830 17830 17830 17830 17830 17830 17830 17830 17830 17830 17830 17830 17830 17830 17830 17830 17830 16378 17301 17301 17301 17301 17301 17301 17301 17301 17301 17301 17301 17301 17301 17301 17301 17301 17301 17301 17301 17301 17301 17301 17301 17301 17301 15849 
13526 13526 13526 13526 13526 13526 13526 13526 13526 13526 13526 13526 13526 13526 13526 13526 13526 13526 13526 13526 13526 13526 13526 13526 13526 12218 13261 13261 13261 13261 13261 13261 13261 13261 13261 13261 13261 13261 13261 13261 13261 13261 13261 13261 13261 13261 13261 13261 13261 13261 13261 11953 
14470 14470 14470 14470 14470 14470 14470 14470 14470 14470 14470 14470 14470 14470 14470 14470 14470 14470 14470 14470 14470 14470 14470 14470 14470 13066 14749 14749 14749 14749 14749 14749 14749 14749 14749 14749 14749 14749 14749 14749 14749 14749 14749 14749 14749 14749 14749 14749 14749 14749 14749 13345 
17722 17722 17722 17722 17722 17722 17722 17722 17722 17722 17722 17722 17722 17722 17722 17722 17722 17722 17722 17722 17722 17722 17722 17722 17722 16306 17193 17193 17193 17193 17193 17193 17193 17193 17193 17193 17193 17193 17193 17193 17193 17193 17193 17193 17193 17193 17193 17193 17193 17193 17193 15777 
12438 12438 12438 12438 12438 12438 12438 12438 12438 12438 12438 12438 12438 12438 12438 12438 12438 12438 12438 12438 12438 12438 12438 12438 12438 11154 11949 11949 11949 11949 11949 11949 11949 11949 11949 11949 11949 11949 11949 11949 11949 11949 11949 11949 11949 11949 11949 11949 11949 11949 11949 10665 
17066 17066 17066 17066 17066 17066 17066 17066 17066 17066 17066 17066 17066 17066 17066 17066 17066 17066 17066 17066 17066 17066 17066 17066 17066 15722 16705 16705 16705 16705 16705 16705 16705 16705 16705 16705 16705 16705 16705 16705 16705 16705 16705 16705 16705 16705 16705 16705 16705 16705 16705 15361 
17166 17166 17166 17166 17166 17166 17166 17166 17166 17166 17166 17166 17166 17166 17166 17166 17166 17166 17166 17166 17166 17166 17166 17166 17166 15786 16669 16669 16669 16669 16669 16669 16669 16669 16669 16669 16669 16669 16669 16669 16669 16669 16669 16669 16669 16669 16669 16669 16669 16669 16669 15289 
13750 13750 13750 13750 13750 13750 13750 13750 13750 13750 13750 13750 13750 13750 13750 13750 13750 13750 13750 13750 13750 13750 13750 13750 13750 12586 14029 14029 14029 14029 14029 14029 14029 14029 14029 14029 14029 14029 14029 14029 14029 14029 14029 14029 14029 14029 14029 14029 14029 14029 14029 12865 
15826 15826 15826 15826 15826 15826 15826 15826 15826 15826 15826 15826 15826 15826 15826 15826 15826 15826 15826 15826 15826 15826 15826 15826 15826 14338 16081 16081 16081 16081 16081 16081 16081 16081 16081 16081 16081 16081 16081 16081 16081 16081 16081 16081 16081 16081 16081 16081 16081 16081 16081 14593 
14874 14874 14874 14874 14874 14874 14874 14874 14874 14874 14874 14874 14874 14874 14874 14874 14874 14874 14874 14874 14874 14874 14874 14874 14874 13602 14969 14969 14969 14969 14969 14969 14969 14969 14969 14969 14969 14969 14969 14969 14969 14969 14969 14969 14969 14969 14969 14969 14969 14969 14969 13697 
15162 15162 15162 15162 15162 15162 15162 15162 15162 15162 15162 15162 15162 15162 15162 15162 15162 15162 15162 15162 15162 15162 15162 15162 15162 13794 15257 15257 15257 15257 15257 15257 15257 15257 15257 15257 15257 15257 15257 15257 15257 15257 15257 15257 15257 15257 15257 15257 15257 15257 15257 13889 
13450 13450 13450 13450 13450 13450 13450 13450 13450 13450 13450 13450 13450 13450 13450 13450 13450 13450 13450 13450 13450 13450 13450 13450 13450 12178 13737 13737 13737 13737 13737 13737 13737 13737 13737 13737 13737 13737 13737 13737 13737 13737 13737 13737 13737 13737 13737 13737 13737 13737 13737 12465 
16142 16142 16142 16142 16142 16142 16142 16142 16142 16142 16142 16142 16142 16142 16142 16142 16142 16142 16142 16142 16142 16142 16142 16142 16142 14762 16021 16021 16021 16021 16021 16021 16021 16021 16021 16021 16021 16021 16021 16021 16021 16021 16021 16021 16021 16021 16021 16021 16021 16021 16021 14641 
4104 4104 4104 4104 4104 4104 4104 4104 4104 4104 4104 4104 4104 4104 4104 4104 4104 4104 4104 4104 4104 4104 4104 4104 4104 2736 9664 9664 9664 9664 9664 9664 9664 9664 9664 9664 9664 9664 9664 9664 9664 9664 9664 9664 9664 9664 9664 9664 9664 9664 9664 8296 
13814 13814 13814 13814 13814 13814 13814 13814 13814 13814 13814 13814 13814 13814 13814 13814 13814 13814 13814 13814 13814 13814 13814 13814 13814 12410 13549 13549 13549 13549 13549 13549 13549 13549 13549 13549 13549 13549 13549 13549 13549 13549 13549 13549 13549 13549 13549 13549 13549 13549 13549 12145 
16842 16842 16842 16842 16842 16842 16842 16842 16842 16842 16842 16842 16842 16842 16842 16842 16842 16842 16842 16842 16842 16842 16842 16842 16842 15570 16345 16345 16345 16345 16345 16345 16345 16345 16345 16345 16345 16345 16345 16345 16345 16345 16345 16345 16345 16345 16345 16345 16345 16345 16345 15073 
12798 12798 12798 12798 12798 12798 12798 12798 12798 12798 12798 12798 12798 12798 12798 12798 12798 12798 12798 12798 12798 12798 12798 12798 12798 11394 12309 12309 12309 12309 12309 12309 12309 12309 12309 12309 12309 12309 12309 12309 12309 12309 12309 12309 12309 12309 12309 12309 12309 12309 12309 10905 
17470 17470 17470 17470 17470 17470 17470 17470 17470 17470 17470 17470 17470 17470 17470 17470 17470 17470 17470 17470 17470 17470 17470 17470 17470 16138 16941 16941 16941 16941 16941 16941 16941 16941 16941 16941 16941 16941 16941 16941 16941 16941 16941 16941 16941 16941 16941 16941 16941 16941 16941 15609 
19522 19522 19522 19522 19522 19522 19522 19522 19522 19522 19522 19522 19522 19522 19522 19522 19522 19522 19522 19522 19522 19522 19522 19522 19522 18082 19369 19369 19369 19369 19369 19369 19369 19369 19369 19369 19369 19369 19369 19369 19369 19369 19369 19369 19369 19369 19369 19369 19369 19369 19369 17929 
9376 9376 9376 9376 9376 9376 9376 9376 9376 9376 9376 9376 9376 9376 9376 9376 9376 9376 9376 9376 9376 9376 9376 9376 9376 8104 3816 3816 3816 3816 3816 3816 3816 3816 3816 3816 3816 3816 3816 3816 3816 3816 3816 3816 3816 3816 3816 3816 3816 3816 3816 2544 
14074 14074 14074 14074 14074 14074 14074 14074 14074 14074 14074 14074 14074 14074 14074 14074 14074 14074 14074 14074 14074 14074 14074 14074 14074 12802 14353 14353 14353 14353 14353 14353 14353 14353 14353 14353 14353 14353 14353 14353 14353 14353 14353 14353 14353 14353 14353 14353 14353 14353 14353 13081 
12834 12834 12834 12834 12834 12834 12834 12834 12834 12834 12834 12834 12834 12834 12834 12834 12834 12834 12834 12834 12834 12834 12834 12834 12834 11418 12345 12345 12345 12345 12345 12345 12345 12345 12345 12345 12345 12345 12345 12345 12345 12345 12345 12345 12345 12345 12345 12345 12345 12345 12345 10929 
15646 15646 15646 15646 15646 15646 15646 15646 15646 15646 15646 15646 15646 15646 15646 15646 15646 15646 15646 15646 15646 15646 15646 15646 15646 14218 15901 15901 15901 15901 15901 15901 15901 15901 15901 15901 15901 15901 15901 15901 15901 15901 15901 15901 15901 15901 15901 15901 15901 15901 15901 14473 
15962 15962 15962 15962 15962 15962 15962 15962 15962 15962 15962 15962 15962 15962 15962 15962 15962 15962 15962 15962 15962 15962 15962 15962 15962 14642 15841 15841 15841 15841 15841 15841 15841 15841 15841 15841 15841 15841 15841 15841 15841 15841 15841 15841 15841 15841 15841 15841 15841 15841 15841 14521 
19126 19126 19126 19126 19126 19126 19126 19126 19126 19126 19126 19126 19126 19126 19126 19126 19126 19126 19126 19126 19126 19126 19126 19126 19126 17818 18973 18973 18973 18973 18973 18973 18973 18973 18973 18973 18973 18973 18973 18973 18973 18973 18973 18973 18973 18973 18973 18973 18973 18973 18973 17665 
16382 16382 16382 16382 16382 16382 16382 16382 16382 16382 16382 16382 16382 16382 16382 16382 16382 16382 16382 16382 16382 16382 16382 16382 16382 15266 16021 16021 16021 16021 16021 16021 16021 16021 16021 16021 16021 16021 16021 16021 16021 16021 16021 16021 16021 16021 16021 16021 16021 16021 16021 14905 
18982 18982 18982 18982 18982 18982 18982 18982 18982 18982 18982 18982 18982 18982 18982 18982 18982 18982 18982 18982 18982 18982 18982 18982 18982 17722 18829 18829 18829 18829 18829 18829 18829 18829 18829 18829 18829 18829 18829 18829 18829 18829 18829 18829 18829 18829 18829 18829 18829 18829 18829 17569 
12202 12202 12202 12202 12202 12202 12202 12202 12202 12202 12202 12202 12202 12202 12202 12202 12202 12202 12202 12202 12202 12202 12202 12202 12202 10978 6872 6872 6872 6872 6872 6872 6872 6872 6872 6872 6872 6872 6872 6872 6872 6872 6872 6872 6872 6872 6872 6872 6872 6872 6872 5648 
16482 16482 16482 16482 16482 16482 16482 16482 16482 16482 16482 16482 16482 16482 16482 16482 16482 16482 16482 16482 16482 16482 16482 16482 16482 15234 16273 16273 16273 16273 16273 16273 16273 16273 16273 16273 16273 16273 16273 16273 16273 16273 16273 16273 16273 16273 16273 16273 16273 16273 16273 15025 
15610 15610 15610 15610 15610 15610 15610 15610 15610 15610 15610 15610 15610 15610 15610 15610 15610 15610 15610 15610 15610 15610 15610 15610 15610 14194 15865 15865 15865 15865 15865 15865 15865 15865 15865 15865 15865 15865 15865 15865 15865 15865 15865 15865 15865 15865 15865 15865 15865 15865 15865 14449 
13666 13666 13666 13666 13666 13666 13666 13666 13666 13666 13666 13666 13666 13666 13666 13666 13666 13666 13666 13666 13666 13666 13666 13666 13666 12322 13953 13953 13953 13953 13953 13953 13953 13953 13953 13953 13953 13953 13953 13953 13953 13953 13953 13953 13953 13953 13953 13953 13953 13953 13953 12609 
16446 16446 16446 16446 16446 16446 16446 16446 16446 16446 16446 16446 16446 16446 16446 16446 16446 16446 16446 16446 16446 16446 16446 16446 16446 15210 16237 16237 16237 16237 16237 16237 16237 16237 16237 16237 16237 16237 16237 16237 16237 16237 16237 16237 16237 16237 16237 16237 16237 16237 16237 15001 
16878 16878 16878 16878 16878 16878 16878 16878 16878 16878 16878 16878 16878 16878 16878 16878 16878 16878 16878 16878 16878 16878 16878 16878 16878 15594 16381 16381 16381 16381 16381 16381 16381 16381 16381 16381 16381 16381 16381 16381 16381 16381 16381 16381 16381 16381 16381 16381 16381 16381 16381 15097 
16554 16554 16554 16554 16554 16554 16554 16554 16554 16554 16554 16554 16554 16554 16554 16554 16554 16554 16554 16554 16554 16554 16554 16554 16554 15282 16345 16345 16345 16345 16345 16345 16345 16345 16345 16345 16345 16345 16345 16345 16345 16345 16345 16345 16345 16345 16345 16345 16345 16345 16345 15073 
12258 12258 12258 12258 12258 12258 12258 12258 12258 12258 12258 12258 12258 12258 12258 12258 12258 12258 12258 12258 12258 12258 12258 12258 12258 11034 11769 11769 11769 11769 11769 11769 11769 11769 11769 11769 11769 11769 11769 11769 11769 11769 11769 11769 11769 11769 11769 11769 11769 11769 11769 10545 
16214 16214 16214 16214 16214 16214 16214 16214 16214 16214 16214 16214 16214 16214 16214 16214 16214 16214 16214 16214 16214 16214 16214 16214 16214 14810 16093 16093 16093 16093 16093 16093 16093 16093 16093 16093 16093 16093 16093 16093 16093 16093 16093 16093 16093 16093 16093 16093 16093 16093 16093 14689 
14254 14254 14254 14254 14254 14254 14254 14254 14254 14254 14254 14254 14254 14254 14254 14254 14254 14254 14254 14254 14254 14254 14254 14254 14254 12922 14533 14533 14533 14533 14533 14533 14533 14533 14533 14533 14533 14533 14533 14533 14533 14533 14533 14533 14533 14533 14533 14533 14533 14533 14533 13201 
13882 13882 13882 13882 13882 13882 13882 13882 13882 13882 13882 13882 13882 13882 13882 13882 13882 13882 13882 13882 13882 13882 13882 13882 13882 12586 13529 13529 13529 13529 13529 13529 13529 13529 13529 13529 13529 13529 13529 13529 13529 13529 13529 13529 13529 13529 13529 13529 13529 13529 13529 12233 
12798 12798 12798 12798 12798 12798 12798 12798 12798 12798 12798 12798 12798 12798 12798 12798 12798 12798 12798 12798 12798 12798 12798 12798 12798 11370 13133 13133 13133 13133 13133 13133 13133 13133 13133 13133 13133 13133 13133 13133 13133 13133 13133 13133 13133 13133 13133 13133 13133 13133 13133 11705 
13926 13926 13926 13926 13926 13926 13926 13926 13926 13926 13926 13926 13926 13926 13926 13926 13926 13926 13926 13926 13926 13926 13926 13926 13926 12570 13885 13885 13885 13885 13885 13885 13885 13885 13885 13885 13885 13885 13885 13885 13885 13885 13885 13885 13885 13885 13885 13885 13885 13885 13885 12529 
13562 13562 13562 13562 13562 13562 13562 13562 13562 13562 13562 13562 13562 13562 13562 13562 13562 13562 13562 13562 13562 13562 13562 13562 13562 12242 13297 13297 13297 13297 13297 13297 13297 13297 13297 13297 13297 13297 13297 13297 13297 13297 13297 13297 13297 13297 13297 13297 13297 13297 13297 11977 
14926 14926 14926 14926 14926 14926 14926 14926 14926 14926 14926 14926 14926 14926 14926 14926 14926 14926 14926 14926 14926 14926 14926 14926 14926 13666 14645 14645 14645 14645 14645 14645 14645 14645 14645 14645 14645 14645 14645 14645 14645 14645 14645 14645 14645 14645 14645 14645 14645 14645 14645 13385 
17362 17362 17362 17362 17362 17362 17362 17362 17362 17362 17362 17362 17362 17362 17362 17362 17362 17362 17362 17362 17362 17362 17362 17362 17362 16066 16833 16833 16833 16833 16833 16833 16833 16833 16833 16833 16833 16833 16833 16833 16833 16833 16833 16833 16833 16833 16833 16833 16833 16833 16833 15537 
19526 19526 19526 19526 19526 19526 19526 19526 19526 19526 19526 19526 19526 19526 19526 19526 19526 19526 19526 19526 19526 19526 19526 19526 19526 18338 19245 19245 19245 19245 19245 19245 19245 19245 19245 19245 19245 19245 19245 19245 19245 19245 19245 19245 19245 19245 19245 19245 19245 19245 19245 18057 
20138 20138 20138 20138 20138 20138 20138 20138 20138 20138 20138 20138 20138 20138 20138 20138 20138 20138 20138 20138 20138 20138 20138 20138 20138 18746 19857 19857 19857 19857 19857 19857 19857 19857 19857 19857 19857 19857 19857 19857 19857 19857 19857 19857 19857 19857 19857 19857 19857 19857 19857 18465 
20102 20102 20102 20102 20102 20102 20102 20102 20102 20102 20102 20102 20102 20102 20102 20102 20102 20102 20102 20102 20102 20102 20102 20102 20102 18722 19821 19821 19821 19821 19821 19821 19821 19821 19821 19821 19821 19821 19821 19821 19821 19821 19821 19821 19821 19821 19821 19821 19821 19821 19821 18441 
17202 17202 17202 17202 17202 17202 17202 17202 17202 17202 17202 17202 17202 17202 17202 17202 17202 17202 17202 17202 17202 17202 17202 17202 17202 15810 16705 16705 16705 16705 16705 16705 16705 16705 16705 16705 16705 16705 16705 16705 16705 16705 16705 16705 16705 16705 16705 16705 16705 16705 16705 15313 
19090 19090 19090 19090 19090 19090 19090 19090 19090 19090 19090 19090 19090 19090 19090 19090 19090 19090 19090 19090 19090 19090 19090 19090 19090 17794 18937 18937 18937 18937 18937 18937 18937 18937 18937 18937 18937 18937 18937 18937 18937 18937 18937 18937 18937 18937 18937 18937 18937 18937 18937 17641 
13310 13310 13310 13310 13310 13310 13310 13310 13310 13310 13310 13310 13310 13310 13310 13310 13310 13310 13310 13310 13310 13310 13310 13310 13310 12074 13045 13045 13045 13045 13045 13045 13045 13045 13045 13045 13045 13045 13045 13045 13045 13045 13045 13045 13045 13045 13045 13045 13045 13045 13045 11809 
20318 20318 20318 20318 20318 20318 20318 20318 20318 20318 20318 20318 20318 20318 20318 20318 20318 20318 20318 20318 20318 20318 20318 20318 20318 18866 20037 20037 20037 20037 20037 20037 20037 20037 20037 20037 20037 20037 20037 20037 20037 20037 20037 20037 20037 20037 20037 20037 20037 20037 20037 18585 
14098 14098 14098 14098 14098 14098 14098 14098 14098 14098 14098 14098 14098 14098 14098 14098 14098 14098 14098 14098 14098 14098 14098 14098 14098 12730 13745 13745 13745 13745 13745 13745 13745 13745 13745 13745 13745 13745 13745 13745 13745 13745 13745 13745 13745 13745 13745 13745 13745 13745 13745 12377 
13602 13602 13602 13602 13602 13602 13602 13602 13602 13602 13602 13602 13602 13602 13602 13602 13602 13602 13602 13602 13602 13602 13602 13602 13602 12354 13561 13561 13561 13561 13561 13561 13561 13561 13561 13561 13561 13561 13561 13561 13561 13561 13561 13561 13561 13561 13561 13561 13561 13561 13561 12313 
9268 9268 9268 9268 9268 9268 9268 9268 9268 9268 9268 9268 9268 9268 9268 9268 9268 9268 9268 9268 9268 9268 9268 9268 9268 8032 3708 3708 3708 3708 3708 3708 3708 3708 3708 3708 3708 3708 3708 3708 3708 3708 3708 3708 3708 3708 3708 3708 3708 3708 3708 2472 
9340 9340 9340 9340 9340 9340 9340 9340 9340 9340 9340 9340 9340 9340 9340 9340 9340 9340 9340 9340 9340 9340 9340 9340 9340 8080 3780 3780 3780 3780 3780 3780 3780 3780 3780 3780 3780 3780 3780 3780 3780 3780 3780 3780 3780 3780 3780 3780 3780 3780 3780 2520 
12798 12798 12798 12798 12798 12798 12798 12798 12798 12798 12798 12798 12798 12798 12798 12798 12798 12798 12798 12798 12798 12798 12798 12798 12798 11370 13133 13133 13133 13133 13133 13133 13133 13133 13133 13133 13133 13133 13133 13133 13133 13133 13133 13133 13133 13133 13133 13133 13133 13133 13133 11705 
20210 20210 20210 20210 20210 20210 20210 20210 20210 20210 20210 20210 20210 20210 20210 20210 20210 20210 20210 20210 20210 20210 20210 20210 20210 18794 19929 19929 19929 19929 19929 19929 19929 19929 19929 19929 19929 19929 19929 19929 19929 19929 19929 19929 19929 19929 19929 19929 19929 19929 19929 18513 
18874 18874 18874 18874 18874 18874 18874 18874 18874 18874 18874 18874 18874 18874 18874 18874 18874 18874 18874 18874 18874 18874 18874 18874 18874 17650 18721 18721 18721 18721 18721 18721 18721 18721 18721 18721 18721 18721 18721 18721 18721 18721 18721 18721 18721 18721 18721 18721 18721 18721 18721 17497 
4248 4248 4248 4248 4248 4248 4248 4248 4248 4248 4248 4248 4248 4248 4248 4248 4248 4248 4248 4248 4248 4248 4248 4248 4248 2832 9808 9808 9808 9808 9808 9808 9808 9808 9808 9808 9808 9808 9808 9808 9808 9808 9808 9808 9808 9808 9808 9808 9808 9808 9808 8392 
13602 13602 13602 13602 13602 13602 13602 13602 13602 13602 13602 13602 13602 13602 13602 13602 13602 13602 13602 13602 13602 13602 13602 13602 13602 12354 13561 13561 13561 13561 13561 13561 13561 13561 13561 13561 13561 13561 13561 13561 13561 13561 13561 13561 13561 13561 13561 13561 13561 13561 13561 12313 
12330 12330 12330 12330 12330 12330 12330 12330 12330 12330 12330 12330 12330 12330 12330 12330 12330 12330 12330 12330 12330 12330 12330 12330 12330 11058 12665 12665 12665 12665 12665 12665 12665 12665 12665 12665 12665 12665 12665 12665 12665 12665 12665 12665 12665 12665 12665 12665 12665 12665 12665 11393 
]

ExternalWorkerWithSkillOnStintCost: [
15870 12420 13470 15750 14130 14640 12900 12270 15210 15180 16860 15480 17430 13470 12630 17220 14580 14340 14040 12990 17670 12660 14970 13830 13800 15030 14760 15540 15990 15780 12270 12750 15150 15120 12900 16110 14430 14670 17220 16200 12840 14430 14940 16890 15480 15870 16110 12840 16020 12870 15060 13890 
12690 17940 13530 17820 14430 14190 15270 15240 16050 17640 15690 16140 17520 15000 14550 13560 12330 15270 17910 17340 15150 15120 12690 16530 13860 15690 16620 17400 14940 15570 13740 12450 17910 12930 15240 14100 17880 12480 13320 17940 14730 12030 15840 15390 13200 16680 14220 12780 16770 16560 16890 13230 
13710 15720 12270 14550 13920 13680 17520 16230 12390 12480 13410 15300 17400 17340 15900 14220 15030 15960 14130 12690 15030 17340 15420 16230 12000 14550 15540 17670 17880 16500 14940 15960 17370 17640 16350 15870 14880 13500 17670 17430 16200 15450 16920 15600 15570 13980 17820 16620 12060 15720 17940 17310 
17910 15090 13530 17850 14520 16200 12420 14490 13170 17040 12930 15510 15990 13800 15900 16890 14670 16920 14640 12120 14700 14610 17610 16200 17700 15210 16470 12540 17010 15240 15210 17040 15840 14940 17190 12630 12300 17910 12720 14970 13860 15930 16140 16170 12450 12390 15420 15480 17520 16830 12870 16650 
14340 13320 16920 14730 17670 17190 14880 17190 14340 14280 16680 17370 17220 15450 13470 16800 17340 13950 15210 13410 12630 14400 12090 12150 14670 17580 15720 17910 12330 16080 13290 13050 16740 15030 14310 12870 13470 16620 17940 13320 12480 16530 13980 15840 12720 15090 12930 14100 17190 15870 13440 15900 
12450 12600 15060 15720 16710 14640 13980 15900 15810 13500 12390 17130 17250 13950 13620 12570 13710 13080 17880 15510 16590 15870 13650 12600 15540 13020 16710 13590 13710 16560 16530 16410 14430 15360 12330 13890 12240 17400 14010 14910 16770 16110 15270 16770 12660 17400 13320 13470 14520 16800 15540 13200 
]

OverlappingStints: [
[ 27 ]
[ 28 ]
[ 29 ]
[ 30 ]
[ 31 ]
[ 32 ]
[ 33 ]
[ 34 ]
[ 35 ]
[ 36 ]
[ 37 ]
[ 38 ]
[ 39 ]
[ 40 ]
[ 41 ]
[ 42 ]
[ 43 ]
[ 44 ]
[ 45 ]
[ 46 ]
[ 47 ]
[ 48 ]
[ 49 ]
[ 50 ]
[ 51 ]
[ 52 ]
[ ]
[ ]
[ ]
[ ]
[ ]
[ ]
[ ]
[ ]
[ ]
[ ]
[ ]
[ ]
[ ]
[ ]
[ ]
[ ]
[ ]
[ ]
[ ]
[ ]
[ ]
[ ]
[ ]
[ ]
[ ]
[ ]
]

EmployeesWithSkill: [
[ 1 2 3 4 5 6 7 8 9 10 11 12 13 14 15 16 17 18 19 20 21 22 23 24 25 26 27 28 29 30 31 32 33 34 35 36 37 38 39 40 41 42 43 44 45 46 47 48 49 50 51 52 53 54 55 56 57 58 59 60 61 62 63 64 65 66 67 68 69 70 71 72 73 74 75 76 77 78 79 80 81 82 83 84 85 86 87 88 89 90 91 92 93 94 95 96 97 98 99 100 101 102 103 104 105 106 107 108 109 110 111 112 113 114 115 116 117 118 119 120 ]
[ 1 2 3 5 6 7 8 9 10 11 12 13 14 15 16 17 18 19 20 21 22 23 24 25 26 27 28 29 30 31 32 33 34 35 36 37 38 39 40 41 42 43 44 45 46 47 48 49 50 51 52 53 54 55 56 57 58 59 60 61 62 63 64 66 67 69 70 71 72 73 74 76 77 78 79 80 81 82 83 84 85 87 88 89 90 91 92 93 94 95 96 97 98 99 100 101 102 103 104 105 106 107 108 109 110 111 112 113 114 115 116 118 119 120 ]
[ 3 4 5 7 13 15 17 18 21 23 24 25 29 30 38 39 40 41 43 55 61 67 69 70 73 77 78 79 80 83 88 91 96 98 106 110 113 114 116 118 ]
[ 8 17 18 27 31 40 64 72 73 74 81 93 ]
[ 1 2 4 6 7 8 9 10 13 14 15 17 18 19 20 21 22 24 25 26 27 29 31 33 35 37 39 40 42 43 45 47 49 51 52 54 56 57 59 60 62 63 64 65 66 67 69 70 75 78 81 82 83 84 85 89 90 91 92 93 94 95 97 98 99 100 102 103 105 106 109 110 111 112 115 116 117 119 120 ]
[ 1 3 6 11 12 13 14 15 16 17 18 19 21 22 23 29 30 31 32 33 34 35 36 37 39 40 41 43 44 45 47 49 50 51 52 57 59 60 61 62 63 64 66 67 68 69 70 72 73 75 76 78 79 82 84 85 87 88 89 90 91 92 93 95 96 97 98 100 102 103 104 105 106 108 109 111 114 115 116 118 119 120 ]
]

SkillDemandInActivityWithMode: [
0	1	
60	91	
14	22	
53	81	
60	91	
53	81	
70	106	
60	91	
53	81	
70	106	
53	81	
84	127	
53	81	
14	22	
42	64	
47	72	
17	27	
11	18	
47	72	
53	81	
84	127	
47	72	
84	127	
13	21	
84	127	
13	21	
0	1	
2	4	
2	4	
2	4	
2	4	
2	4	
2	4	
2	4	
1	3	
1	3	
1	3	
2	4	
1	3	
1	3	
2	4	
2	4	
2	4	
1	3	
2	4	
1	3	
3	6	
1	3	
1	3	
2	4	
2	4	
1	3	
1	3	
1	3	
2	4	

0	1	
37	57	
8	13	
33	51	
37	57	
33	51	
44	67	
37	57	
33	51	
44	67	
33	51	
53	81	
33	51	
8	13	
26	40	
29	45	
10	16	
6	10	
29	45	
33	51	
53	81	
29	45	
53	81	
8	13	
52	79	
8	13	
0	1	
14	22	
10	16	
10	16	
16	25	
18	28	
16	25	
18	28	
8	13	
6	10	
10	16	
14	22	
9	15	
3	6	
16	25	
11	18	
11	18	
4	7	
12	19	
9	15	
21	33	
9	15	
2	4	
18	28	
16	25	
9	15	
7	12	
6	10	
16	25	

0	1	
4	7	
1	3	
4	7	
4	7	
4	7	
5	9	
4	7	
4	7	
5	9	
4	7	
6	10	
4	7	
1	3	
3	6	
3	6	
1	3	
0	1	
3	6	
4	7	
6	10	
3	6	
6	10	
1	3	
6	10	
0	1	
0	1	
11	18	
7	12	
7	12	
12	19	
14	22	
12	19	
14	22	
6	10	
5	9	
7	12	
11	18	
7	12	
2	4	
12	19	
9	15	
9	15	
3	6	
10	16	
7	12	
16	25	
7	12	
2	4	
14	22	
12	19	
7	12	
5	9	
4	7	
12	19	

0	1	
2	4	
0	1	
1	3	
2	4	
1	3	
2	4	
2	4	
1	3	
2	4	
1	3	
3	6	
1	3	
0	1	
1	3	
1	3	
0	1	
0	1	
1	3	
1	3	
3	6	
1	3	
3	6	
0	1	
2	4	
0	1	
0	1	
2	4	
2	4	
2	4	
3	6	
3	6	
3	6	
3	6	
1	3	
1	3	
2	4	
2	4	
1	3	
0	1	
3	6	
2	4	
2	4	
0	1	
2	4	
1	3	
4	7	
1	3	
0	1	
3	6	
3	6	
1	3	
1	3	
1	3	
3	6	

0	1	
21	33	
5	9	
18	28	
21	33	
18	28	
25	39	
21	33	
18	28	
25	39	
18	28	
30	46	
18	28	
5	9	
15	24	
16	25	
5	9	
3	6	
16	25	
18	28	
30	46	
16	25	
30	46	
4	7	
30	46	
4	7	
0	1	
13	21	
9	15	
9	15	
14	22	
16	25	
14	22	
16	25	
7	12	
5	9	
9	15	
13	21	
8	13	
3	6	
14	22	
10	16	
10	16	
4	7	
11	18	
9	15	
19	30	
9	15	
2	4	
16	25	
14	22	
9	15	
6	10	
5	9	
14	22	

0	1	
27	42	
6	10	
23	36	
27	42	
23	36	
31	48	
27	42	
23	36	
31	48	
23	36	
38	58	
23	36	
6	10	
19	30	
21	33	
7	12	
4	7	
21	33	
23	36	
38	58	
21	33	
38	58	
5	9	
38	58	
5	9	
0	1	
10	16	
7	12	
7	12	
11	18	
13	21	
11	18	
13	21	
6	10	
4	7	
7	12	
10	16	
6	10	
2	4	
11	18	
8	13	
8	13	
3	6	
9	15	
7	12	
15	24	
7	12	
2	4	
13	21	
11	18	
7	12	
5	9	
4	7	
11	18	

]

EmployeeAvailability: [
1 1 1 1 1 1 1 1 1 1 1 1 1 1 1 1 1 1 1 1 1 1 1 1 1 1 1 1 1 1 1 1 1 1 1 1 1 1 1 1 1 1 1 1 1 1 1 1 1 1 1 1 
1 1 1 1 1 1 1 1 1 1 1 1 1 0 1 1 0 1 1 1 1 1 1 1 1 1 1 1 1 1 1 1 1 1 1 1 1 1 1 0 1 1 0 1 1 1 1 1 1 1 1 1 
1 1 1 1 1 1 1 1 1 1 1 1 1 1 1 1 1 0 1 1 1 1 1 1 1 1 1 1 1 1 1 1 1 1 1 1 1 1 1 1 1 1 1 0 1 1 1 1 1 1 1 1 
1 0 0 1 1 1 1 1 1 1 1 1 1 1 1 1 1 1 1 1 0 1 1 1 1 1 1 0 0 1 1 1 1 1 1 1 1 1 1 1 1 1 1 1 1 1 0 1 1 1 1 1 
1 1 1 1 1 1 1 1 1 1 1 1 1 1 1 1 1 1 1 1 1 1 1 1 1 1 1 1 1 1 1 1 1 1 1 1 1 1 1 1 1 1 1 1 1 1 1 1 1 1 1 1 
1 1 1 1 1 1 1 1 1 1 1 1 1 1 1 1 1 1 1 1 1 1 1 1 1 1 1 1 1 1 1 1 1 1 1 1 1 1 1 1 1 1 1 1 1 1 1 1 1 1 1 1 
1 1 1 1 1 1 1 1 1 1 1 1 1 1 1 1 1 1 1 1 1 1 1 1 1 1 1 1 1 1 1 1 1 1 1 1 1 1 1 1 1 1 1 1 1 1 1 1 1 1 1 1 
1 1 1 1 1 1 1 1 1 1 1 1 1 0 1 1 1 1 1 1 1 1 1 1 1 1 1 1 1 1 1 1 1 1 1 1 1 1 1 0 1 1 1 1 1 1 1 1 1 1 1 1 
1 1 1 1 1 1 1 1 1 1 1 1 1 1 1 1 1 1 1 1 1 1 1 1 1 1 1 1 1 1 1 1 1 1 1 1 1 1 1 1 1 1 1 1 1 1 1 1 1 1 1 1 
1 1 1 1 1 1 1 1 1 1 1 1 1 1 1 1 1 1 1 1 1 1 1 1 1 1 1 1 1 1 1 1 1 1 1 1 1 1 1 1 1 1 1 1 1 1 1 1 1 1 1 1 
0 1 1 1 1 1 1 1 1 0 1 1 1 1 1 1 1 1 1 1 1 1 1 1 1 1 0 1 1 1 1 1 1 1 1 0 1 1 1 1 1 1 1 1 1 1 1 1 1 1 1 1 
1 1 1 1 1 1 1 1 1 1 1 1 1 1 1 1 1 0 1 1 1 1 1 1 1 1 1 1 1 1 1 1 1 1 1 1 1 1 1 1 1 1 1 0 1 1 1 1 1 1 1 1 
1 1 1 0 1 1 1 1 1 1 1 1 1 1 1 1 1 1 1 1 1 1 1 1 1 1 1 1 1 0 1 1 1 1 1 1 1 1 1 1 1 1 1 1 1 1 1 1 1 1 1 1 
1 1 0 1 1 1 1 1 1 1 1 1 1 1 1 1 1 1 1 1 1 1 1 1 1 1 1 1 0 1 1 1 1 1 1 1 1 1 1 1 1 1 1 1 1 1 1 1 1 1 1 1 
1 1 1 1 1 1 1 1 1 1 1 1 1 1 1 1 1 1 1 1 1 1 1 1 1 1 1 1 1 1 1 1 1 1 1 1 1 1 1 1 1 1 1 1 1 1 1 1 1 1 1 1 
1 1 1 1 1 1 1 1 1 1 1 1 1 1 1 1 1 1 1 1 1 1 1 1 1 1 1 1 1 1 1 1 1 1 1 1 1 1 1 1 1 1 1 1 1 1 1 1 1 1 1 1 
1 1 1 1 1 1 1 0 1 1 1 1 1 1 1 1 1 1 1 1 1 1 1 0 1 1 1 1 1 1 1 1 1 0 1 1 1 1 1 1 1 1 1 1 1 1 1 1 1 0 1 1 
1 1 1 1 1 1 1 1 1 1 1 1 1 1 1 1 1 1 1 1 1 1 1 1 1 1 1 1 1 1 1 1 1 1 1 1 1 1 1 1 1 1 1 1 1 1 1 1 1 1 1 1 
1 1 1 1 1 1 1 1 1 1 1 1 1 1 1 1 1 1 1 1 1 1 1 1 1 1 1 1 1 1 1 1 1 1 1 1 1 1 1 1 1 1 1 1 1 1 1 1 1 1 1 1 
1 1 1 1 1 1 1 1 1 1 1 1 1 1 1 1 1 1 1 1 0 1 1 1 1 1 1 1 1 1 1 1 1 1 1 1 1 1 1 1 1 1 1 1 1 1 0 1 1 1 1 1 
0 1 1 1 1 1 1 1 1 1 1 1 1 1 1 1 1 1 1 1 1 1 1 1 1 1 0 1 1 1 1 1 1 1 1 1 1 1 1 1 1 1 1 1 1 1 1 1 1 1 1 1 
1 1 1 1 1 1 1 1 1 1 1 1 1 1 1 1 1 1 1 1 1 1 1 1 1 1 1 1 1 1 1 1 1 1 1 1 1 1 1 1 1 1 1 1 1 1 1 1 1 1 1 1 
1 1 1 1 1 1 1 1 1 1 1 1 1 1 1 1 1 1 1 1 1 1 1 1 1 1 1 1 1 1 1 1 1 1 1 1 1 1 1 1 1 1 1 1 1 1 1 1 1 1 1 1 
1 1 1 1 1 1 1 1 1 1 1 0 1 0 1 1 1 1 1 1 1 1 1 1 1 1 1 1 1 1 1 1 1 1 1 1 1 0 1 0 1 1 1 1 1 1 1 1 1 1 1 1 
1 1 1 1 1 1 1 1 1 1 1 1 1 1 1 1 1 1 1 1 1 1 1 1 1 1 1 1 1 1 1 1 1 1 1 1 1 1 1 1 1 1 1 1 1 1 1 1 1 1 1 1 
1 1 1 1 1 1 1 1 1 1 1 1 1 1 0 1 1 1 1 1 1 1 1 1 1 1 1 1 1 1 1 1 1 1 1 1 1 1 1 1 0 1 1 1 1 1 1 1 1 1 1 1 
1 1 1 1 1 1 1 1 1 1 1 1 1 1 1 1 1 1 1 1 1 1 1 1 1 0 1 1 1 1 1 1 1 1 1 1 1 1 1 1 1 1 1 1 1 1 1 1 1 1 1 0 
1 1 1 1 1 1 1 1 1 1 1 1 1 1 1 1 1 1 1 1 1 1 1 1 1 1 1 1 1 1 1 1 1 1 1 1 1 1 1 1 1 1 1 1 1 1 1 1 1 1 1 1 
1 1 1 1 1 1 1 1 1 1 1 1 1 1 1 1 1 1 0 1 1 1 1 1 1 1 1 1 1 1 1 1 1 1 1 1 1 1 1 1 1 1 1 1 0 1 1 1 1 1 1 1 
1 1 1 1 1 1 0 1 0 1 1 1 1 1 1 1 1 1 1 1 1 1 1 1 1 1 1 1 1 1 1 1 0 1 0 1 1 1 1 1 1 1 1 1 1 1 1 1 1 1 1 1 
1 1 1 1 1 1 1 1 1 1 1 1 1 1 1 1 0 1 1 1 1 1 1 1 1 1 1 1 1 1 1 1 1 1 1 1 1 1 1 1 1 1 0 1 1 1 1 1 1 1 1 1 
1 1 1 1 0 1 1 1 1 1 1 0 1 1 1 1 1 1 1 1 1 1 1 1 1 1 1 1 1 1 0 1 1 1 1 1 1 0 1 1 1 1 1 1 1 1 1 1 1 1 1 1 
1 1 1 1 1 1 1 1 1 1 1 1 0 1 1 1 1 1 0 1 1 1 1 1 0 1 1 1 1 1 1 1 1 1 1 1 1 1 0 1 1 1 1 1 0 1 1 1 1 1 0 1 
1 1 1 1 1 1 1 1 1 1 1 1 1 0 1 1 1 1 1 1 1 1 1 1 1 1 1 1 1 1 1 1 1 1 1 1 1 1 1 0 1 1 1 1 1 1 1 1 1 1 1 1 
1 1 1 1 1 1 1 1 1 1 1 1 1 1 1 1 1 1 1 1 1 1 1 1 1 1 1 1 1 1 1 1 1 1 1 1 1 1 1 1 1 1 1 1 1 1 1 1 1 1 1 1 
1 1 1 1 1 1 1 1 1 1 1 1 1 1 1 1 1 1 1 1 1 1 1 1 1 1 1 1 1 1 1 1 1 1 1 1 1 1 1 1 1 1 1 1 1 1 1 1 1 1 1 1 
1 1 1 1 1 1 1 1 1 1 1 1 1 1 1 1 1 1 1 1 1 1 1 1 1 1 1 1 1 1 1 1 1 1 1 1 1 1 1 1 1 1 1 1 1 1 1 1 1 1 1 1 
1 1 1 1 1 1 1 1 1 0 1 1 1 1 1 1 1 1 1 1 1 1 1 1 1 1 1 1 1 1 1 1 1 1 1 0 1 1 1 1 1 1 1 1 1 1 1 1 1 1 1 1 
1 0 1 1 1 1 1 1 1 1 1 1 1 1 1 1 1 1 1 1 1 1 1 1 1 1 1 0 1 1 1 1 1 1 1 1 1 1 1 1 1 1 1 1 1 1 1 1 1 1 1 1 
1 1 1 1 1 1 1 1 1 1 1 1 1 1 1 1 1 1 1 1 1 1 1 1 1 1 1 1 1 1 1 1 1 1 1 1 1 1 1 1 1 1 1 1 1 1 1 1 1 1 1 1 
1 1 1 1 1 1 1 1 1 1 1 1 1 1 1 1 1 1 1 1 1 1 1 1 1 1 1 1 1 1 1 1 1 1 1 1 1 1 1 1 1 1 1 1 1 1 1 1 1 1 1 1 
1 1 1 1 1 1 1 1 1 1 1 1 1 1 1 0 1 1 1 1 1 1 1 1 1 1 1 1 1 1 1 1 1 1 1 1 1 1 1 1 1 0 1 1 1 1 1 1 1 1 1 1 
1 1 1 1 1 1 1 1 1 1 1 1 1 1 1 1 1 1 1 1 1 1 1 1 1 1 1 1 1 1 1 1 1 1 1 1 1 1 1 1 1 1 1 1 1 1 1 1 1 1 1 1 
1 1 1 1 1 1 1 1 1 1 1 1 1 1 1 1 1 1 1 1 1 1 1 1 1 0 1 1 1 1 1 1 1 1 1 1 1 1 1 1 1 1 1 1 1 1 1 1 1 1 1 0 
1 1 1 1 1 1 1 1 1 1 1 1 1 1 1 1 1 1 1 1 1 1 0 1 1 1 1 1 1 1 1 1 1 1 1 1 1 1 1 1 1 1 1 1 1 1 1 1 0 1 1 1 
1 1 1 1 1 1 1 1 1 1 1 1 1 1 1 1 1 1 1 1 0 1 1 1 1 0 1 1 1 1 1 1 1 1 1 1 1 1 1 1 1 1 1 1 1 1 0 1 1 1 1 0 
1 1 1 1 1 0 1 1 1 1 1 1 1 1 1 1 1 1 1 1 1 1 1 1 1 1 1 1 1 1 1 0 1 1 1 1 1 1 1 1 1 1 1 1 1 1 1 1 1 1 1 1 
1 0 1 1 1 1 1 1 1 1 1 1 1 1 1 1 1 1 1 1 1 1 1 1 1 1 1 0 1 1 1 1 1 1 1 1 1 1 1 1 1 1 1 1 1 1 1 1 1 1 1 1 
1 1 1 1 1 1 1 0 1 1 1 1 1 1 1 1 1 1 1 1 1 1 1 1 1 1 1 1 1 1 1 1 1 0 1 1 1 1 1 1 1 1 1 1 1 1 1 1 1 1 1 1 
1 1 1 1 1 1 1 1 1 1 1 1 0 1 1 1 1 1 1 1 1 1 1 1 1 1 1 1 1 1 1 1 1 1 1 1 1 1 0 1 1 1 1 1 1 1 1 1 1 1 1 1 
1 1 1 1 1 1 1 1 1 1 1 1 1 1 1 1 1 1 1 1 1 1 1 1 1 1 1 1 1 1 1 1 1 1 1 1 1 1 1 1 1 1 1 1 1 1 1 1 1 1 1 1 
1 1 1 1 1 1 1 1 1 1 1 1 0 1 1 1 1 1 1 1 1 1 1 1 1 1 1 1 1 1 1 1 1 1 1 1 1 1 0 1 1 1 1 1 1 1 1 1 1 1 1 1 
1 1 1 1 1 1 1 1 1 1 1 1 1 1 1 1 1 1 1 1 1 1 1 1 1 1 1 1 1 1 1 1 1 1 1 1 1 1 1 1 1 1 1 1 1 1 1 1 1 1 1 1 
1 1 1 1 0 1 1 1 1 1 1 1 1 1 1 1 1 1 1 1 1 1 1 1 1 1 1 1 1 1 0 1 1 1 1 1 1 1 1 1 1 1 1 1 1 1 1 1 1 1 1 1 
1 1 1 1 1 1 1 1 1 1 1 1 1 1 0 1 1 1 1 1 1 1 1 1 1 1 1 1 1 1 1 1 1 1 1 1 1 1 1 1 0 1 1 1 1 1 1 1 1 1 1 1 
1 1 1 1 0 1 1 1 1 1 1 1 1 1 1 1 1 1 1 1 1 1 1 1 1 1 1 1 1 1 0 1 1 1 1 1 1 1 1 1 1 1 1 1 1 1 1 1 1 1 1 1 
1 1 1 1 1 1 1 1 1 1 1 1 1 1 1 1 1 1 1 1 1 1 1 1 1 1 1 1 1 1 1 1 1 1 1 1 1 1 1 1 1 1 1 1 1 1 1 1 1 1 1 1 
1 1 1 1 1 1 1 0 1 1 1 1 1 1 1 0 1 1 1 1 1 1 1 1 1 1 1 1 1 1 1 1 1 0 1 1 1 1 1 1 1 0 1 1 1 1 1 1 1 1 1 1 
1 1 1 1 1 1 1 1 1 1 1 1 1 1 1 1 1 1 1 1 1 1 1 1 1 1 1 1 1 1 1 1 1 1 1 1 1 1 1 1 1 1 1 1 1 1 1 1 1 1 1 1 
1 1 1 1 1 0 1 1 1 1 1 1 1 1 1 1 1 1 1 1 1 1 1 1 1 1 1 1 1 1 1 0 1 1 1 1 1 1 1 1 1 1 1 1 1 1 1 1 1 1 1 1 
1 1 1 1 1 1 1 1 1 1 1 1 1 1 1 0 1 1 1 1 1 1 1 1 1 1 1 1 1 1 1 1 1 1 1 1 1 1 1 1 1 0 1 1 1 1 1 1 1 1 1 1 
1 1 1 1 1 1 1 1 1 1 1 1 1 1 1 1 1 1 1 1 1 1 1 1 1 1 1 1 1 1 1 1 1 1 1 1 1 1 1 1 1 1 1 1 1 1 1 1 1 1 1 1 
1 1 1 1 1 1 0 1 1 1 1 1 1 1 1 1 1 0 1 1 1 0 1 1 1 1 1 1 1 1 1 1 0 1 1 1 1 1 1 1 1 1 1 0 1 1 1 0 1 1 1 1 
1 1 1 1 1 1 1 1 1 1 1 1 1 1 1 1 1 1 1 1 1 1 1 1 1 1 1 1 1 1 1 1 1 1 1 1 1 1 1 1 1 1 1 1 1 1 1 1 1 1 1 1 
1 1 1 1 1 1 1 1 1 1 1 1 1 1 1 1 1 1 1 1 1 1 1 1 1 1 1 1 1 1 1 1 1 1 1 1 1 1 1 1 1 1 1 1 1 1 1 1 1 1 1 1 
1 1 1 1 1 1 1 1 1 1 1 1 1 1 0 1 1 1 1 1 1 1 1 1 1 1 1 1 1 1 1 1 1 1 1 1 1 1 1 1 0 1 1 1 1 1 1 1 1 1 1 1 
1 1 1 1 1 1 1 1 1 1 1 1 1 1 1 1 1 1 1 1 1 1 1 1 1 1 1 1 1 1 1 1 1 1 1 1 1 1 1 1 1 1 1 1 1 1 1 1 1 1 1 1 
1 1 1 1 1 1 1 1 1 1 1 1 1 1 1 1 1 1 1 1 1 1 1 1 1 1 1 1 1 1 1 1 1 1 1 1 1 1 1 1 1 1 1 1 1 1 1 1 1 1 1 1 
1 1 1 1 1 1 1 1 1 1 1 1 1 1 1 1 1 1 1 1 1 1 1 1 1 1 1 1 1 1 1 1 1 1 1 1 1 1 1 1 1 1 1 1 1 1 1 1 1 1 1 1 
1 1 1 1 1 1 1 1 1 0 1 1 1 1 1 1 1 1 1 1 1 0 1 1 1 1 1 1 1 1 1 1 1 1 1 0 1 1 1 1 1 1 1 1 1 1 1 0 1 1 1 1 
1 1 1 1 1 1 1 1 1 1 1 1 0 1 0 1 1 1 1 1 1 1 1 1 1 1 1 1 1 1 1 1 1 1 1 1 1 1 0 1 0 1 1 1 1 1 1 1 1 1 1 1 
1 1 1 1 1 1 1 1 1 1 1 1 1 1 1 1 1 1 1 1 1 1 1 1 1 1 1 1 1 1 1 1 1 1 1 1 1 1 1 1 1 1 1 1 1 1 1 1 1 1 1 1 
1 1 1 1 1 1 1 1 1 1 1 1 1 1 1 1 1 1 1 1 1 1 1 1 1 1 1 1 1 1 1 1 1 1 1 1 1 1 1 1 1 1 1 1 1 1 1 1 1 1 1 1 
1 1 1 1 1 1 1 1 1 1 1 1 1 1 1 1 1 1 1 1 1 1 1 1 1 1 1 1 1 1 1 1 1 1 1 1 1 1 1 1 1 1 1 1 1 1 1 1 1 1 1 1 
1 1 1 1 1 1 1 1 1 1 1 1 1 1 1 1 1 1 1 1 1 1 1 1 1 1 1 1 1 1 1 1 1 1 1 1 1 1 1 1 1 1 1 1 1 1 1 1 1 1 1 1 
1 1 1 1 1 1 1 1 1 1 1 1 1 1 1 1 1 1 1 1 1 1 1 1 1 1 1 1 1 1 1 1 1 1 1 1 1 1 1 1 1 1 1 1 1 1 1 1 1 1 1 1 
1 1 1 1 1 1 1 1 1 1 1 1 0 1 1 1 1 1 1 1 1 1 1 1 1 1 1 1 1 1 1 1 1 1 1 1 1 1 0 1 1 1 1 1 1 1 1 1 1 1 1 1 
1 1 1 1 1 1 1 1 1 1 1 1 1 1 1 1 1 1 1 1 0 1 1 1 1 1 1 1 1 1 1 1 1 1 1 1 1 1 1 1 1 1 1 1 1 1 0 1 1 1 1 1 
1 1 1 1 1 1 1 1 1 1 1 1 1 1 1 1 1 1 1 1 1 1 1 1 1 1 1 1 1 1 1 1 1 1 1 1 1 1 1 1 1 1 1 1 1 1 1 1 1 1 1 1 
1 0 1 1 0 1 1 1 1 1 1 1 1 1 1 1 1 1 1 1 1 1 1 1 1 1 1 0 1 1 0 1 1 1 1 1 1 1 1 1 1 1 1 1 1 1 1 1 1 1 1 1 
1 1 1 1 1 1 1 1 1 1 1 1 0 1 1 1 1 1 1 1 1 1 1 1 1 1 1 1 1 1 1 1 1 1 1 1 1 1 0 1 1 1 1 1 1 1 1 1 1 1 1 1 
1 1 1 1 1 1 1 1 1 1 0 1 0 1 0 1 1 1 1 1 1 1 1 1 1 1 1 1 1 1 1 1 1 1 1 1 0 1 0 1 0 1 1 1 1 1 1 1 1 1 1 1 
1 1 1 1 1 1 1 1 1 1 0 1 1 1 1 1 1 1 1 1 1 1 1 1 1 1 1 1 1 1 1 1 1 1 1 1 0 1 1 1 1 1 1 1 1 1 1 1 1 1 1 1 
1 1 1 1 1 1 1 1 1 1 1 1 1 1 1 1 1 1 1 1 1 1 1 1 1 1 1 1 1 1 1 1 1 1 1 1 1 1 1 1 1 1 1 1 1 1 1 1 1 1 1 1 
1 1 1 1 1 0 1 1 1 1 1 0 1 1 1 1 1 1 1 1 1 1 1 1 1 1 1 1 1 1 1 0 1 1 1 1 1 0 1 1 1 1 1 1 1 1 1 1 1 1 1 1 
1 1 1 1 1 1 1 1 1 1 1 1 1 1 1 1 1 1 1 1 1 1 1 1 1 1 1 1 1 1 1 1 1 1 1 1 1 1 1 1 1 1 1 1 1 1 1 1 1 1 1 1 
1 1 1 1 1 1 1 1 1 1 1 1 1 1 1 1 1 1 1 1 1 1 1 1 1 1 1 1 1 1 1 1 1 1 1 1 1 1 1 1 1 1 1 1 1 1 1 1 1 1 1 1 
1 1 1 1 1 1 1 1 1 1 1 1 1 1 1 1 1 1 1 1 1 1 1 1 1 1 1 1 1 1 1 1 1 1 1 1 1 1 1 1 1 1 1 1 1 1 1 1 1 1 1 1 
1 1 1 1 1 1 1 1 1 1 1 1 1 1 1 1 1 0 1 1 0 1 1 1 1 0 1 1 1 1 1 1 1 1 1 1 1 1 1 1 1 1 1 0 1 1 0 1 1 1 1 0 
1 1 1 1 1 1 1 1 1 1 1 1 1 0 1 1 1 1 1 1 1 1 1 1 1 1 1 1 1 1 1 1 1 1 1 1 1 1 1 0 1 1 1 1 1 1 1 1 1 1 1 1 
1 1 1 1 1 1 1 1 1 1 1 1 1 1 0 1 1 1 1 1 1 1 1 1 1 1 1 1 1 1 1 1 1 1 1 1 1 1 1 1 0 1 1 1 1 1 1 1 1 1 1 1 
1 1 1 1 1 1 1 1 1 1 1 1 1 1 1 1 1 1 1 1 1 1 1 1 1 0 1 1 1 1 1 1 1 1 1 1 1 1 1 1 1 1 1 1 1 1 1 1 1 1 1 0 
1 0 0 1 1 1 1 1 1 1 1 1 1 1 1 1 1 0 1 1 1 1 1 1 1 1 1 0 0 1 1 1 1 1 1 1 1 1 1 1 1 1 1 0 1 1 1 1 1 1 1 1 
1 1 1 1 1 1 1 1 1 1 1 1 1 1 1 1 1 1 1 1 1 1 1 1 1 1 1 1 1 1 1 1 1 1 1 1 1 1 1 1 1 1 1 1 1 1 1 1 1 1 1 1 
1 1 1 1 1 1 1 1 1 1 1 1 1 1 1 1 1 1 1 1 1 1 1 1 1 1 1 1 1 1 1 1 1 1 1 1 1 1 1 1 1 1 1 1 1 1 1 1 1 1 1 1 
1 1 1 1 1 1 1 1 1 1 1 1 1 1 1 1 1 1 1 1 1 1 1 1 1 1 1 1 1 1 1 1 1 1 1 1 1 1 1 1 1 1 1 1 1 1 1 1 1 1 1 1 
1 1 1 1 1 1 1 1 1 0 1 1 0 1 1 1 1 0 1 1 1 1 1 1 1 1 1 1 1 1 1 1 1 1 1 0 1 1 0 1 1 1 1 0 1 1 1 1 1 1 1 1 
1 1 1 1 1 1 1 1 1 1 1 1 1 1 1 1 1 1 1 0 1 1 1 1 1 1 1 1 1 1 1 1 1 1 1 1 1 1 1 1 1 1 1 1 1 0 1 1 1 1 1 1 
1 1 1 1 1 1 1 1 1 1 1 1 1 1 1 1 1 1 1 1 1 0 1 1 1 1 1 1 1 1 1 1 1 1 1 1 1 1 1 1 1 1 1 1 1 1 1 0 1 1 1 1 
1 1 1 1 1 1 1 1 1 1 1 1 1 1 1 0 1 1 1 1 1 1 1 1 1 0 1 1 1 1 1 1 1 1 1 1 1 1 1 1 1 0 1 1 1 1 1 1 1 1 1 0 
1 1 1 1 1 1 1 1 1 1 1 1 1 1 1 1 1 1 1 1 1 1 1 1 1 1 1 1 1 1 1 1 1 1 1 1 1 1 1 1 1 1 1 1 1 1 1 1 1 1 1 1 
1 1 1 1 1 1 1 1 1 1 1 1 1 1 1 1 1 0 1 1 1 1 1 1 1 1 1 1 1 1 1 1 1 1 1 1 1 1 1 1 1 1 1 0 1 1 1 1 1 1 1 1 
1 1 1 1 1 1 1 1 1 1 1 1 1 1 1 1 1 1 1 1 1 1 1 1 1 1 1 1 1 1 1 1 1 1 1 1 1 1 1 1 1 1 1 1 1 1 1 1 1 1 1 1 
1 1 1 1 1 1 1 1 1 1 1 1 1 1 1 1 1 1 1 1 1 1 1 1 0 0 1 1 1 1 1 1 1 1 1 1 1 1 1 1 1 1 1 1 1 1 1 1 1 1 0 0 
1 1 1 1 1 1 1 1 1 1 1 1 1 1 0 1 1 1 1 1 1 1 1 1 1 1 1 1 1 1 1 1 1 1 1 1 1 1 1 1 0 1 1 1 1 1 1 1 1 1 1 1 
1 1 0 1 1 1 1 0 1 1 1 1 1 1 1 1 1 1 1 1 1 1 1 1 1 1 1 1 0 1 1 1 1 0 1 1 1 1 1 1 1 1 1 1 1 1 1 1 1 1 1 1 
1 1 1 1 1 1 1 1 1 1 1 1 1 1 1 1 1 1 0 1 1 1 1 1 1 1 1 1 1 1 1 1 1 1 1 1 1 1 1 1 1 1 1 1 0 1 1 1 1 1 1 1 
1 1 1 1 1 1 1 1 1 0 1 0 1 1 1 1 1 1 1 1 1 1 1 1 1 1 1 1 1 1 1 1 1 1 1 0 1 0 1 1 1 1 1 1 1 1 1 1 1 1 1 1 
1 1 1 1 1 1 1 1 1 1 1 1 1 1 1 1 1 1 1 1 1 1 1 1 1 1 1 1 1 1 1 1 1 1 1 1 1 1 1 1 1 1 1 1 1 1 1 1 1 1 1 1 
1 1 1 1 1 1 0 1 1 1 1 1 1 1 0 1 1 1 1 1 1 1 1 1 1 1 1 1 1 1 1 1 0 1 1 1 1 1 1 1 0 1 1 1 1 1 1 1 1 1 1 1 
1 1 1 1 1 1 1 1 1 1 1 1 1 1 1 1 1 1 1 1 1 1 1 1 1 1 1 1 1 1 1 1 1 1 1 1 1 1 1 1 1 1 1 1 1 1 1 1 1 1 1 1 
1 1 0 1 1 1 1 1 1 1 1 1 1 1 1 1 1 1 1 1 1 1 1 1 1 1 1 1 0 1 1 1 1 1 1 1 1 1 1 1 1 1 1 1 1 1 1 1 1 1 1 1 
1 1 1 1 1 1 1 1 1 1 1 1 1 1 1 1 1 1 1 1 1 1 1 1 1 1 1 1 1 1 1 1 1 1 1 1 1 1 1 1 1 1 1 1 1 1 1 1 1 1 1 1 
1 1 1 1 0 1 1 1 1 1 1 1 1 1 1 1 1 0 1 1 1 1 1 1 1 1 1 1 1 1 0 1 1 1 1 1 1 1 1 1 1 1 1 0 1 1 1 1 1 1 1 1 
1 1 1 1 1 1 0 1 0 1 1 1 1 1 1 1 0 1 1 1 1 1 1 1 1 1 1 1 1 1 1 1 0 1 0 1 1 1 1 1 1 1 0 1 1 1 1 1 1 1 1 1 
1 1 1 1 1 1 1 1 1 1 1 1 1 1 1 1 1 1 1 1 1 1 1 1 1 0 1 1 1 1 1 1 1 1 1 1 1 1 1 1 1 1 1 1 1 1 1 1 1 1 1 0 
1 1 1 1 1 1 1 1 1 1 1 1 0 1 1 1 1 1 1 1 1 1 1 1 1 1 1 1 1 1 1 1 1 1 1 1 1 1 0 1 1 1 1 1 1 1 1 1 1 1 1 1 
1 1 1 1 1 1 1 1 1 1 1 1 1 1 1 1 1 1 1 1 1 1 1 1 1 1 1 1 1 1 1 1 1 1 1 1 1 1 1 1 1 1 1 1 1 1 1 1 1 1 1 1 
1 1 1 1 1 1 1 1 1 1 1 1 1 1 1 1 1 1 1 1 1 1 1 1 1 1 1 1 1 1 1 1 1 1 1 1 1 1 1 1 1 1 1 1 1 1 1 1 1 1 1 1 
1 1 1 1 1 1 1 1 1 1 1 1 1 1 1 1 1 0 1 1 1 1 1 1 1 1 1 1 1 1 1 1 1 1 1 1 1 1 1 1 1 1 1 0 1 1 1 1 1 1 1 1 
]

EmployeeWantedInStint: [ (1 27) 1 (1 33) 1 (2 7) 1 (2 43) 1 (5 6) 1 (5 12) 1 (7 14) 1 (9 6) 1 (10 26) 1 (13 15) 1 (14 10) 1 (15 3) 1 (15 49) 1 (16 36) 1 (16 44) 1 (17 11) 1 (17 15) 1 (18 27) 1 (18 38) 1 (19 4) 1 (19 10) 1 (20 21) 1 (20 43) 1 (20 44) 1 (21 9) 1 (21 16) 1 (22 18) 1 (23 23) 1 (24 16) 1 (24 46) 1 (24 52) 1 (25 46) 1 (25 52) 1 (29 38) 1 (29 42) 1 (31 32) 1 (31 37) 1 (32 7) 1 (33 12) 1 (34 52) 1 (35 18) 1 (36 20) 1 (37 44) 1 (39 6) 1 (39 25) 1 (41 14) 1 (42 41) 1 (43 23) 1 (44 22) 1 (45 29) 1 (46 11) 1 (47 15) 1 (48 2) 1 (49 3) 1 (49 16) 1 (49 34) 1 (51 16) 1 (53 24) 1 (54 8) 1 (55 5) 1 (56 44) 1 (60 3) 1 (60 9) 1 (60 30) 1 (61 52) 1 (62 18) 1 (64 17) 1 (64 33) 1 (67 48) 1 (69 2) 1 (69 31) 1 (70 8) 1 (71 45) 1 (72 5) 1 (72 10) 1 (72 24) 1 (72 32) 1 (74 4) 1 (75 35) 1 (75 41) 1 (75 49) 1 (77 33) 1 (79 39) 1 (80 21) 1 (80 31) 1 (81 51) 1 (82 7) 1 (82 20) 1 (82 28) 1 (82 41) 1 (82 45) 1 (85 10) 1 (85 30) 1 (86 27) 1 (86 48) 1 (87 31) 1 (87 40) 1 (88 37) 1 (89 8) 1 (89 34) 1 (90 7) 1 (90 17) 1 (91 12) 1 (92 4) 1 (92 9) 1 (92 35) 1 (92 37) 1 (94 35) 1 (95 6) 1 (96 17) 1 (97 24) 1 (99 3) 1 (99 41) 1 (99 44) 1 (100 50) 1 (102 2) 1 (103 11) 1 (103 25) 1 (103 46) 1 (103 49) 1 (104 34) 1 (106 20) 1 (107 13) 1 (108 3) 1 (111 4) 1 (111 32) 1 (111 50) 1 (112 43) 1 (116 8) 1 (118 47) 1 (119 35) 1 ]

EmployeeWantedViolationCost: [ (1 27) 5000 (1 33) 12000 (2 7) 13000 (2 43) 9000 (5 6) 11000 (5 12) 14000 (7 14) 11000 (9 6) 14000 (10 26) 5000 (13 15) 5000 (14 10) 11000 (15 3) 15000 (15 49) 12000 (16 36) 13000 (16 44) 5000 (17 11) 11000 (17 15) 7000 (18 27) 8000 (18 38) 8000 (19 4) 7000 (19 10) 13000 (20 21) 10000 (20 43) 7000 (20 44) 11000 (21 9) 15000 (21 16) 11000 (22 18) 15000 (23 23) 13000 (24 16) 12000 (24 46) 11000 (24 52) 8000 (25 46) 10000 (25 52) 7000 (29 38) 10000 (29 42) 14000 (31 32) 15000 (31 37) 14000 (32 7) 14000 (33 12) 14000 (34 52) 14000 (35 18) 9000 (36 20) 8000 (37 44) 15000 (39 6) 8000 (39 25) 15000 (41 14) 8000 (42 41) 9000 (43 23) 9000 (44 22) 13000 (45 29) 13000 (46 11) 9000 (47 15) 11000 (48 2) 12000 (49 3) 14000 (49 16) 8000 (49 34) 5000 (51 16) 6000 (53 24) 10000 (54 8) 14000 (55 5) 13000 (56 44) 8000 (60 3) 12000 (60 9) 6000 (60 30) 9000 (61 52) 5000 (62 18) 7000 (64 17) 10000 (64 33) 7000 (67 48) 15000 (69 2) 11000 (69 31) 6000 (70 8) 6000 (71 45) 8000 (72 5) 9000 (72 10) 7000 (72 24) 15000 (72 32) 14000 (74 4) 10000 (75 35) 13000 (75 41) 8000 (75 49) 7000 (77 33) 10000 (79 39) 8000 (80 21) 9000 (80 31) 11000 (81 51) 12000 (82 7) 11000 (82 20) 15000 (82 28) 11000 (82 41) 13000 (82 45) 11000 (85 10) 10000 (85 30) 8000 (86 27) 12000 (86 48) 8000 (87 31) 10000 (87 40) 15000 (88 37) 6000 (89 8) 15000 (89 34) 15000 (90 7) 6000 (90 17) 13000 (91 12) 9000 (92 4) 14000 (92 9) 11000 (92 35) 10000 (92 37) 7000 (94 35) 8000 (95 6) 12000 (96 17) 8000 (97 24) 5000 (99 3) 6000 (99 41) 15000 (99 44) 14000 (100 50) 10000 (102 2) 7000 (103 11) 9000 (103 25) 15000 (103 46) 10000 (103 49) 10000 (104 34) 6000 (106 20) 15000 (107 13) 9000 (108 3) 9000 (111 4) 12000 (111 32) 5000 (111 50) 10000 (112 43) 7000 (116 8) 9000 (118 47) 15000 (119 35) 8000 ]

EmployeesThatShouldNotWorkTogetherWithEmployee: [
[ 8 54 59 71 88 94 118 ]
[ 11 18 60 63 65 68 ]
[ 11 70 94 ]
[ 5 37 52 55 78 ]
[ 16 19 57 59 80 119 ]
[ 35 50 59 78 95 ]
[ 22 66 81 110 ]
[ 11 ]
[ 72 73 79 119 ]
[ 49 54 109 112 ]
[ 48 83 95 108 117 ]
[ 74 108 ]
[ 33 45 61 67 71 77 93 ]
[ 23 28 35 74 112 ]
[ 40 45 63 102 112 ]
[ 23 28 77 ]
[ 39 69 75 110 ]
[ 41 51 52 81 88 107 113 ]
[ 21 31 77 91 94 107 ]
[ 43 47 50 52 88 118 ]
[ 56 66 72 74 81 116 120 ]
[ 43 53 54 60 116 ]
[ 75 ]
[ 30 65 68 76 89 ]
[ 72 76 77 93 108 ]
[ 50 52 63 67 69 74 92 105 ]
[ ]
[ 41 42 43 100 113 ]
[ 30 37 50 58 84 ]
[ 64 67 90 ]
[ ]
[ 36 98 110 ]
[ 61 66 80 90 ]
[ 43 44 49 81 86 103 112 ]
[ 69 86 ]
[ 61 108 ]
[ 49 65 67 68 ]
[ 46 80 109 ]
[ 64 75 100 107 ]
[ 68 78 112 ]
[ 74 76 84 ]
[ 59 79 96 112 ]
[ ]
[ 77 83 113 116 ]
[ 72 100 ]
[ ]
[ 101 ]
[ 61 97 109 ]
[ 67 103 ]
[ 61 90 110 111 ]
[ 70 117 ]
[ 64 107 ]
[ 105 120 ]
[ 58 71 115 ]
[ 68 71 84 106 ]
[ 110 117 ]
[ 72 76 79 83 86 ]
[ 82 85 92 115 ]
[ 71 73 105 ]
[ 104 108 ]
[ ]
[ 81 101 ]
[ 67 85 101 114 ]
[ 66 70 79 84 100 106 ]
[ 85 103 104 107 ]
[ 67 110 ]
[ 88 115 ]
[ 84 93 109 ]
[ 89 90 93 114 ]
[ 95 ]
[ 73 92 118 120 ]
[ 76 85 101 107 108 110 ]
[ ]
[ 82 94 119 ]
[ 93 108 ]
[ 77 97 108 ]
[ 109 ]
[ 80 99 ]
[ 95 105 113 ]
[ 87 110 ]
[ ]
[ 96 99 109 120 ]
[ 97 111 120 ]
[ 93 ]
[ ]
[ 88 ]
[ 93 ]
[ 93 95 102 108 ]
[ 98 107 ]
[ 98 ]
[ 119 120 ]
[ 100 120 ]
[ ]
[ 109 110 120 ]
[ ]
[ 104 ]
[ 114 ]
[ ]
[ ]
[ 111 ]
[ 103 110 ]
[ ]
[ ]
[ 105 112 ]
[ 109 118 ]
[ 116 ]
[ ]
[ 112 118 ]
[ 111 ]
[ 113 ]
[ ]
[ 115 ]
[ ]
[ ]
[ ]
[ ]
[ ]
[ ]
[ ]
[ ]
]

ShouldNotWorkTogetherCost: [ (1 8) 99 (1 54) 198 (1 59) 198 (1 71) 297 (1 88) 297 (1 94) 297 (1 118) 198 (2 11) 297 (2 18) 396 (2 60) 297 (2 63) 297 (2 65) 396 (2 68) 297 (3 11) 99 (3 70) 297 (3 94) 198 (4 5) 99 (4 37) 297 (4 52) 99 (4 55) 198 (4 78) 297 (5 16) 198 (5 19) 99 (5 57) 297 (5 59) 99 (5 80) 99 (5 119) 396 (6 35) 396 (6 50) 297 (6 59) 99 (6 78) 198 (6 95) 198 (7 22) 396 (7 66) 198 (7 81) 198 (7 110) 99 (8 11) 99 (9 72) 297 (9 73) 198 (9 79) 99 (9 119) 396 (10 49) 198 (10 54) 198 (10 109) 297 (10 112) 198 (11 48) 99 (11 83) 99 (11 95) 198 (11 108) 396 (11 117) 297 (12 74) 297 (12 108) 198 (13 33) 198 (13 45) 99 (13 61) 396 (13 67) 396 (13 71) 99 (13 77) 396 (13 93) 297 (14 23) 99 (14 28) 297 (14 35) 99 (14 74) 99 (14 112) 198 (15 40) 99 (15 45) 396 (15 63) 396 (15 102) 396 (15 112) 396 (16 23) 99 (16 28) 297 (16 77) 198 (17 39) 198 (17 69) 198 (17 75) 198 (17 110) 99 (18 41) 396 (18 51) 198 (18 52) 297 (18 81) 396 (18 88) 99 (18 107) 198 (18 113) 297 (19 21) 297 (19 31) 297 (19 77) 297 (19 91) 99 (19 94) 99 (19 107) 396 (20 43) 297 (20 47) 297 (20 50) 297 (20 52) 198 (20 88) 198 (20 118) 198 (21 56) 198 (21 66) 297 (21 72) 396 (21 74) 198 (21 81) 396 (21 116) 99 (21 120) 396 (22 43) 396 (22 53) 99 (22 54) 297 (22 60) 99 (22 116) 99 (23 75) 198 (24 30) 396 (24 65) 198 (24 68) 99 (24 76) 99 (24 89) 99 (25 72) 99 (25 76) 99 (25 77) 198 (25 93) 297 (25 108) 99 (26 50) 99 (26 52) 198 (26 63) 99 (26 67) 99 (26 69) 297 (26 74) 99 (26 92) 396 (26 105) 297 (28 41) 198 (28 42) 396 (28 43) 198 (28 100) 297 (28 113) 99 (29 30) 198 (29 37) 396 (29 50) 396 (29 58) 99 (29 84) 99 (30 64) 297 (30 67) 297 (30 90) 99 (32 36) 99 (32 98) 99 (32 110) 297 (33 61) 99 (33 66) 396 (33 80) 198 (33 90) 396 (34 43) 99 (34 44) 198 (34 49) 396 (34 81) 198 (34 86) 297 (34 103) 396 (34 112) 396 (35 69) 198 (35 86) 198 (36 61) 99 (36 108) 297 (37 49) 396 (37 65) 99 (37 67) 396 (37 68) 99 (38 46) 396 (38 80) 99 (38 109) 297 (39 64) 396 (39 75) 297 (39 100) 396 (39 107) 297 (40 68) 396 (40 78) 99 (40 112) 396 (41 74) 99 (41 76) 297 (41 84) 297 (42 59) 99 (42 79) 99 (42 96) 297 (42 112) 99 (44 77) 297 (44 83) 99 (44 113) 396 (44 116) 396 (45 72) 99 (45 100) 198 (47 101) 297 (48 61) 198 (48 97) 99 (48 109) 297 (49 67) 297 (49 103) 396 (50 61) 396 (50 90) 297 (50 110) 198 (50 111) 99 (51 70) 297 (51 117) 396 (52 64) 198 (52 107) 297 (53 105) 198 (53 120) 99 (54 58) 99 (54 71) 198 (54 115) 297 (55 68) 198 (55 71) 396 (55 84) 297 (55 106) 99 (56 110) 396 (56 117) 297 (57 72) 297 (57 76) 297 (57 79) 198 (57 83) 297 (57 86) 396 (58 82) 99 (58 85) 99 (58 92) 99 (58 115) 297 (59 71) 396 (59 73) 99 (59 105) 396 (60 104) 99 (60 108) 99 (62 81) 99 (62 101) 198 (63 67) 198 (63 85) 198 (63 101) 396 (63 114) 297 (64 66) 396 (64 70) 396 (64 79) 99 (64 84) 99 (64 100) 198 (64 106) 396 (65 85) 99 (65 103) 198 (65 104) 198 (65 107) 297 (66 67) 198 (66 110) 396 (67 88) 198 (67 115) 99 (68 84) 99 (68 93) 396 (68 109) 99 (69 89) 99 (69 90) 198 (69 93) 198 (69 114) 99 (70 95) 297 (71 73) 99 (71 92) 396 (71 118) 198 (71 120) 297 (72 76) 297 (72 85) 198 (72 101) 396 (72 107) 396 (72 108) 396 (72 110) 297 (74 82) 396 (74 94) 99 (74 119) 297 (75 93) 297 (75 108) 198 (76 77) 297 (76 97) 99 (76 108) 198 (77 109) 198 (78 80) 99 (78 99) 99 (79 95) 396 (79 105) 198 (79 113) 297 (80 87) 198 (80 110) 396 (82 96) 99 (82 99) 198 (82 109) 297 (82 120) 396 (83 97) 99 (83 111) 297 (83 120) 396 (84 93) 198 (86 88) 297 (87 93) 297 (88 93) 99 (88 95) 198 (88 102) 297 (88 108) 99 (89 98) 396 (89 107) 396 (90 98) 99 (91 119) 99 (91 120) 198 (92 100) 99 (92 120) 198 (94 109) 99 (94 110) 396 (94 120) 198 (96 104) 297 (97 114) 198 (100 111) 99 (101 103) 396 (101 110) 198 (104 105) 396 (104 112) 396 (105 109) 198 (105 118) 198 (106 116) 297 (108 112) 297 (108 118) 396 (109 111) 396 (110 113) 99 (112 115) 297 ]

ImmediatePredecessorsToActivity: [
[ ]
[ 1 ]
[ 1 ]
[ 2 ]
[ 3 4 ]
[ 1 ]
[ 5 ]
[ 7 ]
[ 3 4 ]
[ 2 5 9 ]
[ 9 ]
[ 7 9 ]
[ 6 9 ]
[ 2 ]
[ 3 ]
[ 3 ]
[ 1 ]
[ 6 ]
[ 6 14 16 ]
[ 4 6 7 15 ]
[ 6 10 11 15 ]
[ 2 ]
[ 14 17 22 ]
[ 2 ]
[ 5 13 14 17 ]
[ 6 ]
[ ]
[ 27 ]
[ 27 ]
[ 27 ]
[ 28 ]
[ 30 ]
[ 29 ]
[ 28 30 ]
[ 31 ]
[ 28 29 30 35 ]
[ 34 ]
[ 27 ]
[ 29 ]
[ 27 ]
[ 34 40 ]
[ 28 29 32 37 ]
[ 31 34 38 42 ]
[ 32 38 ]
[ 31 33 34 40 42 ]
[ 37 40 ]
[ 31 40 42 ]
[ 32 37 ]
[ 30 ]
[ 28 35 39 41 46 48 ]
[ 30 35 42 ]
[ 31 40 42 ]
[ 30 39 ]
[ 29 32 37 38 40 ]
[ 32 37 38 41 ]
]

ActivitiesInProject: [
[ 1 2 3 4 5 6 7 8 9 10 11 12 13 14 15 16 17 18 19 20 21 22 23 24 25 26 ]
[ 27 28 29 30 31 32 33 34 35 36 37 38 39 40 41 42 43 44 45 46 47 48 49 50 51 52 53 54 55 ]
]

nActivityModes: [ 2 2 2 2 2 2 2 2 2 2 2 2 2 2 2 2 2 2 2 2 2 2 2 2 2 2 2 2 2 2 2 2 2 2 2 2 2 2 2 2 2 2 2 2 2 2 2 2 2 2 2 2 2 2 2 ]

ActivitiyDurationWithMode: [
1	1	
7	5	
30	20	
8	6	
7	5	
8	6	
6	4	
7	5	
8	6	
6	4	
8	6	
5	4	
8	6	
30	20	
10	7	
9	6	
26	18	
40	27	
9	6	
8	6	
5	4	
9	6	
5	4	
32	22	
5	4	
33	22	
1	1	
9	6	
13	9	
13	9	
8	6	
7	5	
8	6	
7	5	
15	10	
20	14	
13	9	
9	6	
14	10	
38	26	
8	6	
11	8	
11	8	
29	20	
10	7	
13	9	
6	4	
13	9	
45	30	
7	5	
8	6	
13	9	
17	12	
21	14	
8	6	
]
StintsInProject: [
[ 1 2 3 4 5 6 7 8 9 10 11 12 13 14 15 16 17 18 19 20 21 22 23 24 25 26 ]
[ 27 28 29 30 31 32 33 34 35 36 37 38 39 40 41 42 43 44 45 46 47 48 49 50 51 52 ]
]

WorkingStintsOnDay: [
[ 1 27 ]
[ 1 27 ]
[ 1 27 ]
[ 1 27 ]
[ 1 27 ]
[ ]
[ ]
[ 2 28 ]
[ 2 28 ]
[ 2 28 ]
[ 2 28 ]
[ 2 28 ]
[ ]
[ ]
[ 3 29 ]
[ 3 29 ]
[ 3 29 ]
[ 3 29 ]
[ 3 29 ]
[ ]
[ ]
[ 4 30 ]
[ 4 30 ]
[ 4 30 ]
[ 4 30 ]
[ 4 30 ]
[ ]
[ ]
[ 5 31 ]
[ 5 31 ]
[ 5 31 ]
[ 5 31 ]
[ 5 31 ]
[ ]
[ ]
[ 6 32 ]
[ 6 32 ]
[ 6 32 ]
[ 6 32 ]
[ 6 32 ]
[ ]
[ ]
[ 7 33 ]
[ 7 33 ]
[ 7 33 ]
[ 7 33 ]
[ 7 33 ]
[ ]
[ ]
[ 8 34 ]
[ 8 34 ]
[ 8 34 ]
[ 8 34 ]
[ 8 34 ]
[ ]
[ ]
[ 9 35 ]
[ 9 35 ]
[ 9 35 ]
[ 9 35 ]
[ 9 35 ]
[ ]
[ ]
[ 10 36 ]
[ 10 36 ]
[ 10 36 ]
[ 10 36 ]
[ 10 36 ]
[ ]
[ ]
[ 11 37 ]
[ 11 37 ]
[ 11 37 ]
[ 11 37 ]
[ 11 37 ]
[ ]
[ ]
[ 12 38 ]
[ 12 38 ]
[ 12 38 ]
[ 12 38 ]
[ 12 38 ]
[ ]
[ ]
[ 13 39 ]
[ 13 39 ]
[ 13 39 ]
[ 13 39 ]
[ 13 39 ]
[ ]
[ ]
[ 14 40 ]
[ 14 40 ]
[ 14 40 ]
[ 14 40 ]
[ 14 40 ]
[ ]
[ ]
[ 15 41 ]
[ 15 41 ]
[ 15 41 ]
[ 15 41 ]
[ 15 41 ]
[ ]
[ ]
[ 16 42 ]
[ 16 42 ]
[ 16 42 ]
[ 16 42 ]
[ 16 42 ]
[ ]
[ ]
[ 17 43 ]
[ 17 43 ]
[ 17 43 ]
[ 17 43 ]
[ 17 43 ]
[ ]
[ ]
[ 18 44 ]
[ 18 44 ]
[ 18 44 ]
[ 18 44 ]
[ 18 44 ]
[ ]
[ ]
[ 19 45 ]
[ 19 45 ]
[ 19 45 ]
[ 19 45 ]
[ 19 45 ]
[ ]
[ ]
[ 20 46 ]
[ 20 46 ]
[ 20 46 ]
[ 20 46 ]
[ 20 46 ]
[ ]
[ ]
[ 21 47 ]
[ 21 47 ]
[ 21 47 ]
[ 21 47 ]
[ 21 47 ]
[ ]
[ ]
[ 22 48 ]
[ 22 48 ]
[ 22 48 ]
[ 22 48 ]
[ 22 48 ]
[ ]
[ ]
[ 23 49 ]
[ 23 49 ]
[ 23 49 ]
[ 23 49 ]
[ 23 49 ]
[ ]
[ ]
[ 24 50 ]
[ 24 50 ]
[ 24 50 ]
[ 24 50 ]
[ 24 50 ]
[ ]
[ ]
[ 25 51 ]
[ 25 51 ]
[ 25 51 ]
[ 25 51 ]
[ 25 51 ]
[ ]
[ ]
[ 26 52 ]
[ 26 52 ]
[ 26 52 ]
[ 26 52 ]
[ 26 52 ]
]

ProjectStart: [ 46 41 ]

ProjectEnd: [ 120 125 ]

EarliestStartDayForActivity: [ 1 46 46 55 88 46 97 107 88 100 100 107 100 55 88 88 46 58 101 107 110 55 97 55 110 58 1 41 41 41 54 60 60 60 66 87 69 41 60 41 95 88 103 69 103 95 103 88 60 114 103 103 80 95 107 ]

LatestStartDayForActivity: [ 1 120 120 120 120 120 120 120 120 120 120 120 120 120 120 120 120 120 120 120 120 120 120 120 120 120 1 125 125 125 125 125 125 125 125 125 125 125 125 125 125 125 125 125 125 125 125 125 125 125 125 125 125 125 125 ]

EquipmentTypeDemandInActivityWithMode: [
0	1	
0	1	
1	3	
0	1	
0	1	
1	3	
1	3	
2	4	
1	3	
2	4	
1	3	
1	3	
0	1	
0	1	
0	1	
1	3	
1	3	
3	6	
1	3	
1	3	
1	3	
2	4	
1	3	
0	1	
0	1	
0	1	
0	1	
0	1	
0	1	
0	1	
2	4	
2	4	
1	3	
1	3	
0	1	
1	3	
4	7	
4	7	
0	1	
0	1	
2	4	
0	1	
0	1	
0	1	
1	3	
0	1	
4	7	
0	1	
4	7	
0	1	
1	3	
0	1	
3	6	
1	3	
2	4	

0	1	
2	4	
1	3	
2	4	
3	6	
0	1	
1	3	
1	3	
1	3	
0	1	
2	4	
1	3	
0	1	
2	4	
3	6	
1	3	
2	4	
0	1	
2	4	
0	1	
1	3	
3	6	
3	6	
1	3	
1	3	
1	3	
0	1	
0	1	
0	1	
2	4	
0	1	
0	1	
1	3	
2	4	
0	1	
1	3	
0	1	
2	4	
1	3	
1	3	
3	6	
0	1	
2	4	
2	4	
0	1	
1	3	
2	4	
2	4	
2	4	
0	1	
0	1	
1	3	
0	1	
0	1	
0	1	

0	1	
0	1	
2	4	
0	1	
1	3	
0	1	
2	4	
1	3	
0	1	
1	3	
2	4	
0	1	
0	1	
0	1	
0	1	
2	4	
2	4	
1	3	
0	1	
1	3	
0	1	
1	3	
0	1	
0	1	
1	3	
1	3	
0	1	
1	3	
1	3	
2	4	
0	1	
0	1	
0	1	
0	1	
0	1	
0	1	
1	3	
0	1	
0	1	
0	1	
1	3	
2	4	
2	4	
2	4	
1	3	
0	1	
1	3	
1	3	
0	1	
0	1	
0	1	
1	3	
1	3	
0	1	
0	1	

0	1	
0	1	
0	1	
0	1	
1	3	
0	1	
1	3	
0	1	
0	1	
0	1	
2	4	
1	3	
0	1	
1	3	
0	1	
1	3	
0	1	
0	1	
0	1	
0	1	
2	4	
1	3	
0	1	
1	3	
0	1	
1	3	
0	1	
2	4	
1	3	
1	3	
3	6	
1	3	
0	1	
1	3	
0	1	
1	3	
0	1	
1	3	
0	1	
0	1	
1	3	
1	3	
1	3	
1	3	
0	1	
0	1	
1	3	
1	3	
1	3	
0	1	
0	1	
1	3	
0	1	
2	4	
0	1	

0	1	
1	3	
1	3	
1	3	
3	6	
1	3	
2	4	
1	3	
0	1	
2	4	
1	3	
1	3	
1	3	
0	1	
2	4	
1	3	
0	1	
1	3	
1	3	
1	3	
1	3	
0	1	
1	3	
2	4	
0	1	
1	3	
0	1	
3	6	
2	4	
2	4	
3	6	
2	4	
1	3	
1	3	
0	1	
0	1	
0	1	
2	4	
1	3	
0	1	
2	4	
4	7	
2	4	
2	4	
1	3	
0	1	
1	3	
1	3	
1	3	
1	3	
1	3	
1	3	
1	3	
1	3	
0	1	

]

ExternalEquipmentRentingCost: [
2354	2144	5193	1571	3425	2237	3455	2550	4128	1733	3721	4309	4719	4611	4411	1614	4752	3896	5727	3728	2182	3430	1375	4303	3264	5916	1497	5470	1382	5851	4561	1823	2537	4123	3991	4336	5590	2406	3897	2724	3860	5153	4792	2018	4578	5771	5580	3892	5359	2637	2172	4251	3270	2058	3676	
4033	2430	5742	5333	1940	4854	2319	5038	4428	1209	2515	1074	3465	5428	3280	3288	5227	2496	5307	1853	1999	1336	1210	2238	3471	3555	2970	5404	4835	3336	1396	4842	3102	2554	3249	2255	5973	2072	5150	4721	4564	1697	2465	5150	3400	2989	4640	3474	1077	3201	1331	4625	3091	4359	1458	
4890	1811	1294	2269	2539	5172	5717	3481	3706	5222	3661	4243	1893	1828	5242	3696	1879	4187	2346	3995	1053	5972	3668	4301	3192	2020	5938	2128	4528	1629	5959	2627	2017	3102	4027	3353	5018	1394	4022	5022	3086	5931	2725	2002	3565	2546	5173	2062	1609	2072	4221	5994	2517	4507	5250	
4872	3320	3682	1111	4917	1828	3315	2128	1476	3342	1224	3298	5581	5716	1121	2157	1157	3325	1330	3146	4569	1395	5565	1783	2128	4981	5726	3230	5732	2359	1081	3371	2920	3499	1205	4857	4789	4195	3576	3504	5734	1340	5049	5125	2371	3337	3336	4920	5496	3271	5292	3207	5743	3111	3756	
3126	4897	1920	5807	2251	3397	3591	2420	1239	5830	4563	4441	4298	2165	1282	3104	2849	3004	4135	5566	3517	2250	3952	1370	3948	3386	4803	5183	1045	2628	3927	1270	3866	3630	5638	2911	2293	3977	1913	4353	5215	5125	5618	1234	3781	2798	3782	3039	2740	3264	1915	4723	4892	1261	2459	
]

EquipmentTypeTransportationCost: [
1	3394	
3394	1	

1	3408	
3408	1	

1	3248	
3248	1	

1	2072	
2072	1	

1	2906	
2906	1	

]

TransportationTimeForEquipmentTypeBetweenProjects: [
1	1	
1	1	

1	1	
1	1	

1	1	
1	1	

1	1	
1	1	

1	1	
1	1	

]

TotalNumberOfInitialEquipmentTypeLocation: [
(1 1) 2 (1 27) 6 
(2 1) 4 (2 27) 4 
(3 1) 3 
(4 1) 2 (4 27) 1 
(5 1) 5 (5 27) 3 
]

DepotActivities: [ 1 27 ]

MaximalStintCliques: [
[ 1 27 ]
[ 2 28 ]
[ 3 29 ]
[ 4 30 ]
[ 5 31 ]
[ 6 32 ]
[ 7 33 ]
[ 8 34 ]
[ 9 35 ]
[ 10 36 ]
[ 11 37 ]
[ 12 38 ]
[ 13 39 ]
[ 14 40 ]
[ 15 41 ]
[ 16 42 ]
[ 17 43 ]
[ 18 44 ]
[ 19 45 ]
[ 20 46 ]
[ 21 47 ]
[ 22 48 ]
[ 23 49 ]
[ 24 50 ]
[ 25 51 ]
[ 26 52 ]
]
