nEmployees: 120
nSkills: 6
nProjects: 2
nDays: 150
nActivities: 57
nEquipmentTypes: 4
nStints: 22
nMaxModes: 3
nStintCliques: 10

EmployeeInStintCost: [
14040 14040 14040 14040 14040 14040 14040 14040 14040 14040 6318 39986 39986 39986 39986 39986 39986 39986 39986 39986 37178 23622 
32820 32820 32820 32820 32820 32820 32820 32820 32820 32820 24032 21162 21162 21162 21162 21162 21162 21162 21162 21162 18738 10254 
32180 32180 32180 32180 32180 32180 32180 32180 32180 32180 21874 36688 36688 36688 36688 36688 36688 36688 36688 36688 33712 19568 
34788 34788 34788 34788 34788 34788 34788 34788 34788 34788 25604 33030 33030 33030 33030 33030 33030 33030 33030 33030 30462 17746 
36380 36380 36380 36380 36380 36380 36380 36380 36380 36380 27130 34040 34040 34040 34040 34040 34040 34040 34040 34040 31448 18648 
34036 34036 34036 34036 34036 34036 34036 34036 34036 34036 25182 31460 31460 31460 31460 31460 31460 31460 31460 31460 29012 16716 
29172 29172 29172 29172 29172 29172 29172 29172 29172 29172 19262 38012 38012 38012 38012 38012 38012 38012 38012 38012 35180 21540 
29860 29860 29860 29860 29860 29860 29860 29860 29860 29860 21072 33330 33330 33330 33330 33330 33330 33330 33330 33330 30906 18694 
33900 33900 33900 33900 33900 33900 33900 33900 33900 33900 24518 22620 22620 22620 22620 22620 22620 22620 22620 22620 19980 10740 
29660 29660 29660 29660 29660 29660 29660 29660 29660 29660 20740 33286 33286 33286 33286 33286 33286 33286 33286 33286 30814 18434 
37940 37940 37940 37940 37940 37940 37940 37940 37940 37940 27832 36146 36146 36146 36146 36146 36146 36146 36146 36146 33242 19350 
11880 11880 11880 11880 11880 11880 11880 11880 11880 11880 5346 37070 37070 37070 37070 37070 37070 37070 37070 37070 34694 22650 
36636 36636 36636 36636 36636 36636 36636 36636 36636 36636 27782 33820 33820 33820 33820 33820 33820 33820 33820 33820 31372 19076 
33900 33900 33900 33900 33900 33900 33900 33900 33900 33900 24518 22620 22620 22620 22620 22620 22620 22620 22620 22620 19980 10740 
32652 32652 32652 32652 32652 32652 32652 32652 32652 32652 23732 19286 19286 19286 19286 19286 19286 19286 19286 19286 16814 8162 
17600 17600 17600 17600 17600 17600 17600 17600 17600 17600 10340 39260 39260 39260 39260 39260 39260 39260 39260 39260 36620 23652 
37116 37116 37116 37116 37116 37116 37116 37116 37116 37116 27998 34468 34468 34468 34468 34468 34468 34468 34468 34468 31924 19292 
34668 34668 34668 34668 34668 34668 34668 34668 34668 34668 25484 32262 32262 32262 32262 32262 32262 32262 32262 32262 29694 16978 
35236 35236 35236 35236 35236 35236 35236 35236 35236 35236 25722 33080 33080 33080 33080 33080 33080 33080 33080 33080 30392 17256 
31268 31268 31268 31268 31268 31268 31268 31268 31268 31268 22018 33088 33088 33088 33088 33088 33088 33088 33088 33088 30496 17696 
35300 35300 35300 35300 35300 35300 35300 35300 35300 35300 26644 32582 32582 32582 32582 32582 32582 32582 32582 32582 30206 18162 
36636 36636 36636 36636 36636 36636 36636 36636 36636 36636 27782 33820 33820 33820 33820 33820 33820 33820 33820 33820 31372 19076 
39036 39036 39036 39036 39036 39036 39036 39036 39036 39036 28862 37060 37060 37060 37060 37060 37060 37060 37060 37060 34132 20156 
36028 36028 36028 36028 36028 36028 36028 36028 36028 36028 26778 34024 34024 34024 34024 34024 34024 34024 34024 34024 31432 18632 
38340 38340 38340 38340 38340 38340 38340 38340 38340 38340 28430 36812 36812 36812 36812 36812 36812 36812 36812 36812 33980 20340 
13560 13560 13560 13560 13560 13560 13560 13560 13560 13560 6102 39338 39338 39338 39338 39338 39338 39338 39338 39338 36626 23406 
26724 26724 26724 26724 26724 26724 26724 26724 26724 26724 17870 35812 35812 35812 35812 35812 35812 35812 35812 35812 33364 21068 
29484 29484 29484 29484 29484 29484 29484 29484 29484 29484 19112 39538 39538 39538 39538 39538 39538 39538 39538 39538 36538 22310 
16280 16280 16280 16280 16280 16280 16280 16280 16280 16280 9746 37478 37478 37478 37478 37478 37478 37478 37478 37478 35102 23058 
34996 34996 34996 34996 34996 34996 34996 34996 34996 34996 25614 32756 32756 32756 32756 32756 32756 32756 32756 32756 30116 17148 
35236 35236 35236 35236 35236 35236 35236 35236 35236 35236 25722 33080 33080 33080 33080 33080 33080 33080 33080 33080 30392 17256 
32892 32892 32892 32892 32892 32892 32892 32892 32892 32892 23840 19610 19610 19610 19610 19610 19610 19610 19610 19610 17090 8270 
35268 35268 35268 35268 35268 35268 35268 35268 35268 35268 25754 33072 33072 33072 33072 33072 33072 33072 33072 33072 30384 17248 
35100 35100 35100 35100 35100 35100 35100 35100 35100 35100 25058 24240 24240 24240 24240 24240 24240 24240 24240 24240 21360 11280 
34692 34692 34692 34692 34692 34692 34692 34692 34692 34692 24650 22040 22040 22040 22040 22040 22040 22040 22040 22040 19160 9080 
29348 29348 29348 29348 29348 29348 29348 29348 29348 29348 19438 38204 38204 38204 38204 38204 38204 38204 38204 38204 35372 21732 
38340 38340 38340 38340 38340 38340 38340 38340 38340 38340 28430 36812 36812 36812 36812 36812 36812 36812 36812 36812 33980 20340 
12480 12480 12480 12480 12480 12480 12480 12480 12480 12480 5616 37880 37880 37880 37880 37880 37880 37880 37880 37880 35384 22920 
30860 30860 30860 30860 30860 30860 30860 30860 30860 30860 21280 34906 34906 34906 34906 34906 34906 34906 34906 34906 32194 18974 
37236 37236 37236 37236 37236 37236 37236 37236 37236 37236 28052 34630 34630 34630 34630 34630 34630 34630 34630 34630 32062 19346 
27788 27788 27788 27788 27788 27788 27788 27788 27788 27788 18736 36098 36098 36098 36098 36098 36098 36098 36098 36098 33578 21030 
34908 34908 34908 34908 34908 34908 34908 34908 34908 34908 25592 32586 32586 32586 32586 32586 32586 32586 32586 32586 29970 17086 
28420 28420 28420 28420 28420 28420 28420 28420 28420 28420 18906 40752 40752 40752 40752 40752 40752 40752 40752 40752 38064 24928 
27820 27820 27820 27820 27820 27820 27820 27820 27820 27820 18636 39942 39942 39942 39942 39942 39942 39942 39942 39942 37374 24658 
34332 34332 34332 34332 34332 34332 34332 34332 34332 34332 24488 21554 21554 21554 21554 21554 21554 21554 21554 21554 18746 8918 
28932 28932 28932 28932 28932 28932 28932 28932 28932 28932 19814 35020 35020 35020 35020 35020 35020 35020 35020 35020 32476 19844 
34980 34980 34980 34980 34980 34980 34980 34980 34980 34980 25004 24078 24078 24078 24078 24078 24078 24078 24078 24078 21222 11226 
27612 27612 27612 27612 27612 27612 27612 27612 27612 27612 18560 35906 35906 35906 35906 35906 35906 35906 35906 35906 33386 20838 
28332 28332 28332 28332 28332 28332 28332 28332 28332 28332 18884 36878 36878 36878 36878 36878 36878 36878 36878 36878 34214 21162 
28060 28060 28060 28060 28060 28060 28060 28060 28060 28060 18744 40266 40266 40266 40266 40266 40266 40266 40266 40266 37650 24766 
36196 36196 36196 36196 36196 36196 36196 36196 36196 36196 26154 34376 34376 34376 34376 34376 34376 34376 34376 34376 31496 17688 
33660 33660 33660 33660 33660 33660 33660 33660 33660 33660 24410 22296 22296 22296 22296 22296 22296 22296 22296 22296 19704 10632 
27612 27612 27612 27612 27612 27612 27612 27612 27612 27612 18560 35906 35906 35906 35906 35906 35906 35906 35906 35906 33386 20838 
33556 33556 33556 33556 33556 33556 33556 33556 33556 33556 24372 17334 17334 17334 17334 17334 17334 17334 17334 17334 14766 5778 
27908 27908 27908 27908 27908 27908 27908 27908 27908 27908 18790 36260 36260 36260 36260 36260 36260 36260 36260 36260 33716 21084 
38220 38220 38220 38220 38220 38220 38220 38220 38220 38220 28376 36650 36650 36650 36650 36650 36650 36650 36650 36650 33842 20286 
29900 29900 29900 29900 29900 29900 29900 29900 29900 29900 20848 33610 33610 33610 33610 33610 33610 33610 33610 33610 31090 18542 
31868 31868 31868 31868 31868 31868 31868 31868 31868 31868 22288 33898 33898 33898 33898 33898 33898 33898 33898 33898 31186 17966 
36996 36996 36996 36996 36996 36996 36996 36996 36996 36996 27944 34306 34306 34306 34306 34306 34306 34306 34306 34306 31786 19238 
27460 27460 27460 27460 27460 27460 27460 27460 27460 27460 18474 39456 39456 39456 39456 39456 39456 39456 39456 39456 36960 24496 
33180 33180 33180 33180 33180 33180 33180 33180 33180 33180 24194 21648 21648 21648 21648 21648 21648 21648 21648 21648 19152 10416 
33372 33372 33372 33372 33372 33372 33372 33372 33372 33372 24056 20258 20258 20258 20258 20258 20258 20258 20258 20258 17642 8486 
27820 27820 27820 27820 27820 27820 27820 27820 27820 27820 18636 39942 39942 39942 39942 39942 39942 39942 39942 39942 37374 24658 
31580 31580 31580 31580 31580 31580 31580 31580 31580 31580 21604 35878 35878 35878 35878 35878 35878 35878 35878 35878 33022 19298 
31420 31420 31420 31420 31420 31420 31420 31420 31420 31420 21774 35436 35436 35436 35436 35436 35436 35436 35436 35436 32700 19396 
32108 32108 32108 32108 32108 32108 32108 32108 32108 32108 22396 34222 34222 34222 34222 34222 34222 34222 34222 34222 31462 18074 
29772 29772 29772 29772 29772 29772 29772 29772 29772 29772 19532 38822 38822 38822 38822 38822 38822 38822 38822 38822 35870 21810 
35028 35028 35028 35028 35028 35028 35028 35028 35028 35028 25712 33354 33354 33354 33354 33354 33354 33354 33354 33354 30738 17854 
18440 18440 18440 18440 18440 18440 18440 18440 18440 18440 10718 40394 40394 40394 40394 40394 40394 40394 40394 40394 37586 24030 
26724 26724 26724 26724 26724 26724 26724 26724 26724 26724 17870 35812 35812 35812 35812 35812 35812 35812 35812 35812 33364 21068 
35508 35508 35508 35508 35508 35508 35508 35508 35508 35508 25862 33396 33396 33396 33396 33396 33396 33396 33396 33396 30660 17356 
34548 34548 34548 34548 34548 34548 34548 34548 34548 34548 25430 32100 32100 32100 32100 32100 32100 32100 32100 32100 29556 16924 
29980 29980 29980 29980 29980 29980 29980 29980 29980 29980 21126 33492 33492 33492 33492 33492 33492 33492 33492 33492 31044 18748 
27940 27940 27940 27940 27940 27940 27940 27940 27940 27940 18690 40104 40104 40104 40104 40104 40104 40104 40104 40104 37512 24712 
36348 36348 36348 36348 36348 36348 36348 36348 36348 36348 26240 34530 34530 34530 34530 34530 34530 34530 34530 34530 31626 17734 
31780 31780 31780 31780 31780 31780 31780 31780 31780 31780 21936 35922 35922 35922 35922 35922 35922 35922 35922 35922 33114 19558 
28644 28644 28644 28644 28644 28644 28644 28644 28644 28644 18734 38404 38404 38404 38404 38404 38404 38404 38404 38404 35572 21932 
36620 36620 36620 36620 36620 36620 36620 36620 36620 36620 27238 34364 34364 34364 34364 34364 34364 34364 34364 34364 31724 18756 
39396 39396 39396 39396 39396 39396 39396 39396 39396 39396 29024 37546 37546 37546 37546 37546 37546 37546 37546 37546 34546 20318 
13680 13680 13680 13680 13680 13680 13680 13680 13680 13680 6156 39500 39500 39500 39500 39500 39500 39500 39500 39500 36764 23460 
29052 29052 29052 29052 29052 29052 29052 29052 29052 29052 19868 35182 35182 35182 35182 35182 35182 35182 35182 35182 32614 19898 
31780 31780 31780 31780 31780 31780 31780 31780 31780 31780 21936 35922 35922 35922 35922 35922 35922 35922 35922 35922 33114 19558 
35596 35596 35596 35596 35596 35596 35596 35596 35596 35596 25290 20088 20088 20088 20088 20088 20088 20088 20088 20088 17112 6696 
36020 36020 36020 36020 36020 36020 36020 36020 36020 36020 26968 33554 33554 33554 33554 33554 33554 33554 33554 33554 31034 18486 
37956 37956 37956 37956 37956 37956 37956 37956 37956 37956 28376 35602 35602 35602 35602 35602 35602 35602 35602 35602 32890 19670 
35356 35356 35356 35356 35356 35356 35356 35356 35356 35356 25776 33242 33242 33242 33242 33242 33242 33242 33242 33242 30530 17310 
35388 35388 35388 35388 35388 35388 35388 35388 35388 35388 25874 33840 33840 33840 33840 33840 33840 33840 33840 33840 31152 18016 
30548 30548 30548 30548 30548 30548 30548 30548 30548 30548 21694 32116 32116 32116 32116 32116 32116 32116 32116 32116 29668 17372 
27908 27908 27908 27908 27908 27908 27908 27908 27908 27908 18790 36260 36260 36260 36260 36260 36260 36260 36260 36260 33716 21084 
27324 27324 27324 27324 27324 27324 27324 27324 27324 27324 18140 36622 36622 36622 36622 36622 36622 36622 36622 36622 34054 21338 
36028 36028 36028 36028 36028 36028 36028 36028 36028 36028 26778 34024 34024 34024 34024 34024 34024 34024 34024 34024 31432 18632 
35508 35508 35508 35508 35508 35508 35508 35508 35508 35508 25928 34002 34002 34002 34002 34002 34002 34002 34002 34002 31290 18070 
30012 30012 30012 30012 30012 30012 30012 30012 30012 30012 20300 36478 36478 36478 36478 36478 36478 36478 36478 36478 33718 20330 
34756 34756 34756 34756 34756 34756 34756 34756 34756 34756 25506 32432 32432 32432 32432 32432 32432 32432 32432 32432 29840 17040 
31028 31028 31028 31028 31028 31028 31028 31028 31028 31028 21910 32764 32764 32764 32764 32764 32764 32764 32764 32764 30220 17588 
28932 28932 28932 28932 28932 28932 28932 28932 28932 28932 19814 35020 35020 35020 35020 35020 35020 35020 35020 35020 32476 19844 
35356 35356 35356 35356 35356 35356 35356 35356 35356 35356 25182 19764 19764 19764 19764 19764 19764 19764 19764 19764 16836 6588 
12240 12240 12240 12240 12240 12240 12240 12240 12240 12240 5508 37556 37556 37556 37556 37556 37556 37556 37556 37556 35108 22812 
36756 36756 36756 36756 36756 36756 36756 36756 36756 36756 27836 33982 33982 33982 33982 33982 33982 33982 33982 33982 31510 19130 
34668 34668 34668 34668 34668 34668 34668 34668 34668 34668 25550 32868 32868 32868 32868 32868 32868 32868 32868 32868 30324 17692 
31100 31100 31100 31100 31100 31100 31100 31100 31100 31100 21388 35230 35230 35230 35230 35230 35230 35230 35230 35230 32470 19082 
29772 29772 29772 29772 29772 29772 29772 29772 29772 29772 20192 36154 36154 36154 36154 36154 36154 36154 36154 36154 33442 20222 
17720 17720 17720 17720 17720 17720 17720 17720 17720 17720 10394 39422 39422 39422 39422 39422 39422 39422 39422 39422 36758 23706 
27564 27564 27564 27564 27564 27564 27564 27564 27564 27564 18248 36946 36946 36946 36946 36946 36946 36946 36946 36946 34330 21446 
28332 28332 28332 28332 28332 28332 28332 28332 28332 28332 18884 36878 36878 36878 36878 36878 36878 36878 36878 36878 34214 21162 
35340 35340 35340 35340 35340 35340 35340 35340 35340 35340 25166 24564 24564 24564 24564 24564 24564 24564 24564 24564 21636 11388 
31340 31340 31340 31340 31340 31340 31340 31340 31340 31340 21496 35554 35554 35554 35554 35554 35554 35554 35554 35554 32746 19190 
34668 34668 34668 34668 34668 34668 34668 34668 34668 34668 25550 32868 32868 32868 32868 32868 32868 32868 32868 32868 30324 17692 
28332 28332 28332 28332 28332 28332 28332 28332 28332 28332 18884 36878 36878 36878 36878 36878 36878 36878 36878 36878 34214 21162 
27564 27564 27564 27564 27564 27564 27564 27564 27564 27564 18248 36946 36946 36946 36946 36946 36946 36946 36946 36946 34330 21446 
32460 32460 32460 32460 32460 32460 32460 32460 32460 32460 23870 20676 20676 20676 20676 20676 20676 20676 20676 20676 18324 10092 
28764 28764 28764 28764 28764 28764 28764 28764 28764 28764 18788 38566 38566 38566 38566 38566 38566 38566 38566 38566 35710 21986 
14520 14520 14520 14520 14520 14520 14520 14520 14520 14520 6534 40634 40634 40634 40634 40634 40634 40634 40634 40634 37730 23838 
37476 37476 37476 37476 37476 37476 37476 37476 37476 37476 28160 34954 34954 34954 34954 34954 34954 34954 34954 34954 32338 19454 
34092 34092 34092 34092 34092 34092 34092 34092 34092 34092 24380 21230 21230 21230 21230 21230 21230 21230 21230 21230 18470 8810 
29892 29892 29892 29892 29892 29892 29892 29892 29892 29892 20246 36316 36316 36316 36316 36316 36316 36316 36316 36316 33580 20276 
36196 36196 36196 36196 36196 36196 36196 36196 36196 36196 26154 34376 34376 34376 34376 34376 34376 34376 34376 34376 31496 17688 
35308 35308 35308 35308 35308 35308 35308 35308 35308 35308 26454 33052 33052 33052 33052 33052 33052 33052 33052 33052 30604 18308 
28692 28692 28692 28692 28692 28692 28692 28692 28692 28692 19046 37364 37364 37364 37364 37364 37364 37364 37364 37364 34628 21324 
30460 30460 30460 30460 30460 30460 30460 30460 30460 30460 21342 34140 34140 34140 34140 34140 34140 34140 34140 34140 31596 18964 
]

ExternalWorkerWithSkillOnStintCost: [
32040 32112 29304 29376 38880 42048 29376 35712 36360 37080 24480 40572 49896 40992 35700 43596 44436 35532 38304 37464 42000 31320 
32400 40536 42048 38952 41976 41328 36288 34992 30456 35424 28200 43428 41412 34944 40236 41664 38388 42252 34272 34272 38472 28980 
29016 38736 31104 40752 43056 34056 30888 40248 30384 29016 24720 49476 49308 49980 41748 38388 49224 38808 36372 48300 37296 35280 
39816 30744 39672 39096 42768 30168 38808 37368 29304 29160 27660 40992 39396 34188 48300 39060 37044 45360 35952 46704 40908 25500 
40536 31104 32760 34704 30528 36936 29520 39312 34632 28944 24540 49644 35112 42336 36036 47208 45612 46032 37044 48132 35952 34020 
42192 30024 29232 40608 33552 36648 32760 35496 35712 42408 35340 44016 40572 41328 35784 39564 48972 38220 47292 49644 38640 32340 
]

OverlappingStints: [
[ 2 12 13 ]
[ 3 12 13 14 ]
[ 4 13 14 15 ]
[ 5 14 15 16 ]
[ 6 15 16 17 ]
[ 7 16 17 18 ]
[ 8 17 18 19 ]
[ 9 18 19 20 ]
[ 10 19 20 21 ]
[ 11 20 21 22 ]
[ 21 22 ]
[ 13 ]
[ 14 ]
[ 15 ]
[ 16 ]
[ 17 ]
[ 18 ]
[ 19 ]
[ 20 ]
[ 21 ]
[ 22 ]
[ ]
]

EmployeesWithSkill: [
[ 1 2 3 4 5 6 7 8 9 10 11 12 13 14 15 16 17 18 19 20 21 22 23 24 25 26 27 28 29 30 31 32 33 34 35 36 37 38 39 40 41 42 43 44 45 46 47 48 49 50 51 52 53 54 55 56 57 58 59 60 61 62 63 64 65 66 67 68 69 70 71 72 73 74 75 76 77 78 79 80 81 82 83 84 85 86 87 88 89 90 91 92 93 94 95 96 97 98 99 100 101 102 103 104 105 106 107 108 109 110 111 112 113 114 115 116 117 118 119 120 ]
[ 19 28 34 45 56 61 91 114 115 116 ]
[ 1 2 3 4 5 6 7 8 9 11 12 13 14 15 16 18 19 20 21 22 23 24 25 26 27 28 30 31 32 33 34 35 36 37 38 39 40 41 42 43 44 45 46 47 48 49 50 51 52 53 54 55 56 57 58 59 60 63 64 65 66 67 68 69 70 71 72 73 74 75 76 77 78 79 80 81 82 83 84 85 86 87 88 89 90 91 92 93 94 95 96 97 98 99 100 101 103 104 105 106 107 109 111 112 113 114 115 116 117 118 119 ]
[ 3 16 17 19 23 24 25 28 34 35 36 47 50 52 53 56 61 62 66 67 68 75 78 79 80 83 87 94 106 115 ]
[ 1 3 4 5 6 7 8 10 11 12 15 16 18 19 20 22 23 24 25 26 27 30 32 34 35 36 37 38 39 41 42 43 46 47 48 49 51 52 54 55 57 58 61 62 64 66 67 70 71 72 75 76 77 78 79 80 82 83 84 85 86 87 89 91 92 95 96 97 99 100 102 103 104 105 106 107 109 110 112 113 115 117 118 119 ]
[ 1 2 3 4 5 6 9 10 11 13 14 15 16 17 18 19 22 24 25 26 27 28 29 30 32 33 34 37 39 40 42 43 45 46 47 48 49 50 51 52 55 56 57 58 59 62 64 66 67 68 69 70 72 73 75 76 79 80 81 82 83 84 86 87 89 90 91 92 93 96 97 98 99 100 101 102 103 104 106 108 109 112 113 114 115 116 117 118 119 120 ]
]

SkillDemandInActivityWithMode: [
0	0	0	
1	3	1	
1	3	1	
2	4	2	
1	3	1	
1	3	1	
1	3	1	
1	3	1	
1	3	1	
1	3	1	
1	3	1	
1	3	1	
1	3	1	
1	3	1	
1	3	1	
2	4	2	
1	3	1	
1	3	1	
2	4	2	
2	4	2	
1	3	1	
1	3	1	
1	3	1	
1	3	1	
1	3	1	
1	3	1	
1	3	1	
1	3	1	
1	3	1	
1	3	1	
1	3	1	
1	3	1	
2	4	2	
1	3	1	
1	3	1	
1	3	1	
0	0	0	
13	21	9	
70	106	47	
38	58	26	
47	72	32	
28	43	19	
16	25	11	
22	34	15	
19	30	13	
60	91	40	
24	37	16	
30	46	20	
38	58	26	
18	28	12	
47	72	32	
60	91	40	
47	72	32	
32	49	22	
32	49	22	
60	91	40	
42	64	28	

0	0	0	
1	3	1	
0	1	0	
2	4	2	
1	3	1	
1	3	1	
1	3	1	
1	3	1	
0	1	0	
1	3	1	
1	3	1	
0	1	0	
1	3	1	
1	3	1	
0	1	0	
2	4	2	
1	3	1	
1	3	1	
2	4	2	
2	4	2	
0	1	0	
2	4	2	
1	3	1	
0	1	0	
1	3	1	
2	4	2	
1	3	1	
0	1	0	
0	1	0	
1	3	1	
1	3	1	
2	4	2	
2	4	2	
0	1	0	
2	4	2	
1	3	1	
0	0	0	
0	1	0	
0	1	0	
0	1	0	
0	1	0	
0	1	0	
0	1	0	
0	1	0	
0	1	0	
0	1	0	
0	1	0	
0	1	0	
0	1	0	
0	1	0	
0	1	0	
0	1	0	
0	1	0	
0	1	0	
0	1	0	
0	1	0	
0	1	0	

0	0	0	
11	18	8	
5	9	4	
16	25	11	
12	19	8	
6	10	4	
13	21	9	
12	19	8	
3	6	2	
12	19	8	
8	13	6	
4	7	3	
10	16	7	
8	13	6	
4	7	3	
14	22	10	
7	12	5	
8	13	6	
14	22	10	
14	22	10	
4	7	3	
14	22	10	
12	19	8	
3	6	2	
9	15	6	
14	22	10	
9	15	6	
1	3	1	
6	10	4	
12	19	8	
12	19	8	
14	22	10	
16	25	11	
3	6	2	
14	22	10	
13	21	9	
0	0	0	
4	7	3	
24	37	16	
13	21	9	
16	25	11	
9	15	6	
5	9	4	
7	12	5	
6	10	4	
20	31	14	
8	13	6	
10	16	7	
13	21	9	
6	10	4	
16	25	11	
20	31	14	
16	25	11	
11	18	8	
11	18	8	
20	31	14	
14	22	10	

0	0	0	
2	4	2	
1	3	1	
3	6	2	
2	4	2	
1	3	1	
2	4	2	
2	4	2	
0	1	0	
2	4	2	
1	3	1	
1	3	1	
2	4	2	
1	3	1	
1	3	1	
3	6	2	
1	3	1	
1	3	1	
3	6	2	
3	6	2	
0	1	0	
3	6	2	
2	4	2	
0	1	0	
1	3	1	
3	6	2	
1	3	1	
0	1	0	
1	3	1	
2	4	2	
2	4	2	
3	6	2	
3	6	2	
0	1	0	
3	6	2	
2	4	2	
0	0	0	
1	3	1	
9	15	6	
5	9	4	
6	10	4	
3	6	2	
2	4	2	
2	4	2	
2	4	2	
8	13	6	
3	6	2	
4	7	3	
5	9	4	
2	4	2	
6	10	4	
8	13	6	
6	10	4	
4	7	3	
4	7	3	
7	12	5	
5	9	4	

0	0	0	
2	4	2	
1	3	1	
3	6	2	
2	4	2	
1	3	1	
2	4	2	
2	4	2	
0	1	0	
2	4	2	
1	3	1	
1	3	1	
2	4	2	
1	3	1	
1	3	1	
3	6	2	
1	3	1	
1	3	1	
2	4	2	
2	4	2	
0	1	0	
2	4	2	
2	4	2	
0	1	0	
1	3	1	
2	4	2	
1	3	1	
0	1	0	
1	3	1	
2	4	2	
2	4	2	
2	4	2	
3	6	2	
0	1	0	
2	4	2	
2	4	2	
0	0	0	
7	12	5	
42	64	28	
22	34	15	
27	42	18	
16	25	11	
9	15	6	
13	21	9	
11	18	8	
35	54	24	
13	21	9	
17	27	12	
22	34	15	
10	16	7	
27	42	18	
35	54	24	
27	42	18	
19	30	13	
19	30	13	
35	54	24	
25	39	17	

0	0	0	
13	21	9	
6	10	4	
19	30	13	
14	22	10	
8	13	6	
16	25	11	
14	22	10	
4	7	3	
14	22	10	
9	15	6	
5	9	4	
12	19	8	
10	16	7	
5	9	4	
17	27	12	
9	15	6	
9	15	6	
17	27	12	
17	27	12	
4	7	3	
17	27	12	
14	22	10	
4	7	3	
11	18	8	
17	27	12	
11	18	8	
2	4	2	
8	13	6	
14	22	10	
14	22	10	
17	27	12	
19	30	13	
4	7	3	
17	27	12	
16	25	11	
0	0	0	
0	1	0	
2	4	2	
1	3	1	
1	3	1	
0	1	0	
0	1	0	
0	1	0	
0	1	0	
2	4	2	
0	1	0	
1	3	1	
1	3	1	
0	1	0	
1	3	1	
2	4	2	
1	3	1	
1	3	1	
1	3	1	
2	4	2	
1	3	1	

]

EmployeeAvailability: [
1 1 1 1 1 0 1 1 1 1 1 1 1 1 1 1 0 1 1 1 1 1 
1 1 1 1 1 1 1 0 1 1 1 1 1 1 1 1 1 1 0 1 1 1 
1 1 1 1 1 1 1 1 1 1 1 1 1 1 1 1 1 1 1 1 1 1 
1 0 1 1 0 1 0 1 1 1 1 1 0 1 1 0 1 0 1 1 1 1 
1 1 0 0 1 1 1 1 1 1 0 1 1 0 0 1 1 1 1 1 1 0 
1 1 1 1 1 1 1 1 1 1 1 1 1 1 1 1 1 1 1 1 1 1 
1 1 1 1 1 0 0 1 0 1 1 1 1 1 1 1 0 0 1 0 1 1 
1 1 1 1 1 0 0 1 1 1 0 1 1 1 1 1 0 0 1 1 1 0 
1 1 1 1 1 1 1 1 1 1 1 1 1 1 1 1 1 1 1 1 1 1 
1 1 0 1 1 1 1 1 1 1 1 1 1 0 1 1 1 1 1 1 1 1 
1 1 1 1 1 1 1 1 1 1 1 1 1 1 1 1 1 1 1 1 1 1 
1 1 1 1 1 1 0 1 1 1 1 1 1 1 1 1 1 0 1 1 1 1 
1 0 1 1 0 1 1 1 1 1 1 1 0 1 1 0 1 1 1 1 1 1 
1 0 1 1 0 1 1 1 1 1 1 1 0 1 1 0 1 1 1 1 1 1 
1 1 1 1 1 1 1 1 1 1 1 1 1 1 1 1 1 1 1 1 1 1 
1 1 1 1 1 1 1 1 1 1 1 1 1 1 1 1 1 1 1 1 1 1 
0 0 1 0 1 1 1 1 1 1 1 0 0 1 0 1 1 1 1 1 1 1 
1 0 1 1 1 1 1 1 1 1 1 1 0 1 1 1 1 1 1 1 1 1 
1 1 1 1 1 0 1 1 1 1 0 1 1 1 1 1 0 1 1 1 1 0 
1 1 1 1 1 0 1 1 1 1 1 1 1 1 1 1 0 1 1 1 1 1 
1 1 1 1 1 1 1 1 0 1 1 1 1 1 1 1 1 1 1 0 1 1 
1 1 1 1 0 1 1 1 1 1 1 1 1 1 1 0 1 1 1 1 0 1 
1 1 1 1 1 0 1 1 1 1 1 1 1 1 1 1 0 1 1 1 1 1 
1 1 1 1 1 1 1 1 1 1 1 1 1 1 1 1 1 1 1 1 1 1 
0 1 1 1 1 1 0 1 1 1 1 0 1 1 1 1 1 0 1 1 1 1 
1 1 1 1 1 1 1 1 1 1 1 1 1 1 1 1 1 1 1 1 1 1 
1 1 1 1 1 1 1 1 1 0 1 1 1 1 1 1 1 1 1 1 0 1 
1 1 1 1 1 1 1 1 1 1 1 1 1 1 1 1 1 1 1 1 1 1 
1 1 1 1 1 1 0 1 1 1 0 1 1 1 1 0 1 0 1 1 1 0 
1 1 1 1 1 1 1 1 1 1 1 1 1 1 1 1 1 1 1 1 1 1 
1 1 1 1 1 1 1 1 1 1 1 1 1 1 1 1 1 1 1 1 1 1 
1 0 0 0 1 1 1 1 1 1 1 1 0 0 0 1 1 1 1 1 1 1 
1 1 1 1 1 1 1 1 1 1 1 1 1 1 1 1 1 1 1 1 1 1 
1 1 0 1 1 1 1 1 1 1 1 1 1 0 1 1 1 1 1 1 1 1 
1 1 1 1 1 1 1 1 1 1 1 1 1 1 1 1 1 1 1 1 1 1 
1 0 1 1 1 1 0 1 1 1 1 1 0 1 1 1 1 0 1 1 1 1 
1 1 0 1 1 1 1 1 1 0 1 1 1 0 1 1 1 1 1 1 0 1 
0 1 0 1 1 1 1 0 1 1 1 0 1 0 1 1 1 1 0 1 1 1 
1 1 1 1 1 1 1 1 1 1 1 1 1 1 1 1 1 1 1 1 1 1 
1 1 1 1 1 1 1 0 1 1 1 1 1 1 1 1 1 1 0 1 1 1 
1 1 1 1 1 1 1 1 1 1 1 1 1 1 1 1 1 1 1 1 1 1 
1 1 1 1 1 0 1 1 0 1 1 0 1 1 1 1 0 1 1 0 1 1 
1 0 1 1 1 1 1 1 1 1 1 1 0 0 1 1 1 1 1 1 1 1 
1 1 1 1 1 1 1 0 1 1 1 1 1 1 1 1 1 1 0 0 1 1 
1 0 0 1 1 1 1 1 1 1 1 1 0 0 1 1 1 1 1 1 1 1 
1 1 1 1 1 1 1 1 1 1 1 1 1 1 1 1 1 1 1 1 1 1 
1 1 1 1 1 1 0 1 1 1 1 1 1 1 1 1 1 0 1 1 1 1 
0 1 1 1 1 1 1 1 0 1 1 0 1 1 1 1 1 1 1 0 1 1 
0 1 1 1 1 1 1 1 1 0 1 0 1 1 1 1 1 1 1 1 0 1 
0 1 1 1 1 1 1 1 1 0 0 0 1 1 1 1 1 1 1 1 0 0 
1 1 1 1 1 1 1 1 1 1 1 1 1 1 1 1 1 1 1 1 1 1 
1 1 1 0 1 1 1 1 1 1 1 1 1 1 0 1 1 1 1 1 1 1 
0 1 0 1 1 1 1 1 1 1 1 0 1 0 1 1 0 1 1 1 1 1 
1 0 1 1 1 1 1 1 1 1 1 1 0 0 1 1 1 1 1 1 1 1 
0 1 1 1 1 0 1 0 1 1 1 0 1 1 1 1 0 1 0 1 1 1 
1 1 1 1 1 1 0 0 1 1 1 1 1 1 1 1 1 0 0 1 1 1 
1 1 0 1 1 1 1 0 1 1 1 0 1 0 1 1 1 1 0 1 1 1 
1 1 1 1 1 1 1 1 1 1 1 1 1 1 1 1 1 1 1 1 1 1 
1 1 1 0 0 1 1 0 1 1 1 1 1 1 0 0 1 1 0 1 1 1 
1 1 1 1 1 1 1 0 0 0 1 1 1 1 1 1 1 1 0 0 0 1 
1 1 1 1 1 1 1 1 1 1 1 1 1 1 1 1 1 1 1 1 1 1 
1 1 1 1 0 1 1 1 1 1 1 1 1 1 1 0 1 1 1 1 1 1 
1 1 0 1 1 1 1 1 1 0 1 1 1 0 1 1 1 1 1 1 0 1 
1 1 0 1 1 1 0 1 1 0 1 1 1 0 1 1 1 0 1 1 0 1 
1 1 1 1 1 1 1 1 1 1 1 1 1 1 1 1 1 1 1 1 1 1 
1 1 1 1 1 1 1 1 1 1 1 1 1 1 1 1 1 1 1 1 1 1 
1 1 1 1 0 1 1 1 1 1 1 1 1 1 1 0 1 1 1 1 1 1 
1 1 1 1 1 1 1 1 1 1 1 1 1 1 1 1 1 1 1 1 1 1 
1 1 1 1 1 1 1 1 1 1 1 1 1 1 1 1 1 1 1 1 1 1 
1 1 1 1 1 0 1 1 1 1 1 1 1 1 1 1 0 1 1 1 1 1 
1 0 1 1 1 0 1 1 1 1 1 1 0 1 1 1 0 1 1 1 1 1 
0 1 1 1 1 1 0 1 0 1 1 0 1 1 1 1 1 0 1 0 1 1 
1 1 1 1 1 1 1 1 1 1 1 1 1 1 1 1 1 1 1 1 1 1 
1 1 1 1 1 1 1 1 1 1 1 1 1 1 1 1 1 1 1 1 1 1 
1 1 1 1 1 1 1 1 0 1 1 1 1 1 1 1 1 1 1 0 1 1 
1 1 0 1 1 1 1 1 1 1 1 1 1 0 1 1 1 1 0 1 1 1 
1 1 1 1 1 1 1 1 0 0 1 1 1 1 1 1 1 1 1 0 0 1 
1 1 1 1 1 1 0 1 1 1 1 1 1 1 1 1 1 0 1 1 1 1 
1 1 0 1 1 1 0 1 1 1 0 1 1 0 1 1 1 0 1 1 1 0 
1 1 1 1 1 1 1 1 1 1 1 1 1 1 1 1 1 1 1 0 1 1 
0 0 1 1 1 1 1 0 1 1 1 0 0 1 1 1 1 1 0 1 1 1 
1 1 1 1 1 1 1 1 1 1 1 1 1 1 1 1 1 1 1 1 1 1 
1 1 1 1 1 1 1 1 1 1 1 1 1 1 1 1 1 1 1 1 1 1 
1 1 1 1 1 1 1 1 1 1 1 1 1 1 1 1 1 1 1 1 1 1 
1 1 1 1 1 0 1 1 1 0 1 1 1 1 1 1 0 1 1 0 0 1 
1 1 1 1 1 1 1 1 1 1 1 1 1 1 1 1 1 1 1 1 1 1 
1 1 1 1 0 1 1 1 1 0 1 1 1 1 1 0 1 1 1 1 0 1 
1 1 1 1 1 0 1 1 1 0 1 1 1 1 1 1 0 1 1 1 0 1 
1 1 1 1 1 0 1 0 1 1 1 1 1 1 1 1 0 1 0 1 1 1 
1 1 1 0 1 0 1 0 1 1 1 1 1 1 0 1 0 1 0 1 1 1 
1 0 1 1 1 1 1 1 0 0 1 1 0 1 1 1 1 1 1 0 0 1 
1 1 1 1 1 0 1 1 1 1 1 1 1 1 1 1 0 1 1 1 1 1 
1 1 1 1 1 1 1 1 1 0 1 1 1 1 1 1 1 1 1 1 0 1 
0 1 1 1 1 1 1 1 1 0 1 0 1 1 1 1 1 1 0 1 0 1 
1 1 1 1 1 1 1 1 1 1 1 1 1 1 1 1 1 1 1 1 1 1 
1 1 1 1 1 1 0 1 1 1 0 1 1 1 1 1 1 0 1 1 1 0 
1 1 1 1 1 1 1 1 0 0 1 1 1 1 1 1 1 1 1 0 0 1 
1 1 1 1 1 1 1 1 1 1 1 1 1 1 1 1 1 1 1 1 1 1 
1 1 1 1 1 1 1 1 1 1 1 1 1 1 1 1 1 1 1 1 1 1 
1 1 0 1 0 1 1 1 1 1 1 1 1 0 1 0 1 1 1 1 1 1 
1 1 1 1 1 1 1 1 0 1 0 1 1 1 1 1 1 1 1 0 1 0 
1 1 1 1 1 1 1 1 1 1 1 1 1 1 1 1 1 1 1 1 1 1 
1 1 1 1 1 1 1 1 1 1 1 1 1 1 1 1 0 1 1 1 1 1 
1 1 1 1 1 0 1 1 1 1 1 1 1 1 1 1 0 1 1 1 1 1 
1 1 1 1 1 1 1 1 1 1 1 1 1 1 1 1 1 1 1 1 1 1 
1 1 1 1 1 1 1 1 1 1 1 1 1 1 1 1 1 1 1 1 1 1 
1 1 1 1 1 1 1 1 1 1 1 1 1 1 1 1 1 1 1 1 1 1 
1 1 1 1 0 1 1 0 1 1 1 1 1 1 1 0 1 1 0 1 1 1 
1 1 1 1 1 1 1 1 0 1 0 1 1 1 1 1 1 1 1 0 1 0 
1 1 1 1 1 1 1 1 1 1 1 1 1 1 1 1 1 1 1 1 1 1 
1 1 1 1 1 1 1 1 1 0 1 1 1 1 1 0 1 0 1 1 0 1 
1 1 1 0 1 1 1 1 1 0 1 1 1 1 0 1 1 1 1 1 0 1 
1 1 1 1 0 1 1 1 0 1 1 1 1 1 1 0 1 1 1 0 1 1 
1 1 1 1 1 0 1 1 0 0 1 1 1 1 1 1 0 1 1 0 0 1 
1 0 1 1 1 1 1 0 1 1 1 1 0 1 1 1 1 1 0 1 1 1 
1 1 1 1 0 1 1 1 1 0 0 1 1 1 1 0 1 1 1 1 0 0 
1 1 1 1 1 1 1 1 0 1 1 1 1 1 1 1 1 1 1 0 1 1 
1 1 0 1 1 1 1 1 1 1 1 1 1 0 1 1 1 1 1 1 1 1 
1 1 1 1 1 0 1 0 1 1 1 1 1 0 1 1 0 1 0 1 1 1 
0 1 1 1 0 1 1 1 1 1 1 0 1 1 1 0 1 1 1 1 1 1 
]

EmployeeWantedInStint: [ (3 5) 1 (4 8) 1 (5 5) 1 (11 14) 1 (13 5) 1 (17 9) 1 (18 14) 1 (18 18) 1 (22 8) 1 (24 12) 1 (25 13) 1 (26 4) 1 (26 21) 1 (29 9) 1 (33 22) 1 (34 2) 1 (34 5) 1 (37 9) 1 (38 13) 1 (42 9) 1 (46 6) 1 (52 13) 1 (53 19) 1 (54 12) 1 (55 15) 1 (55 21) 1 (62 1) 1 (64 10) 1 (66 17) 1 (68 11) 1 (69 10) 1 (70 17) 1 (75 20) 1 (77 4) 1 (77 16) 1 (77 19) 1 (80 21) 1 (81 6) 1 (87 1) 1 (89 11) 1 (90 20) 1 (98 17) 1 (101 17) 1 (102 16) 1 (107 10) 1 (107 21) 1 (111 17) 1 (117 18) 1 (118 1) 1 (118 19) 1 (119 13) 1 ]

EmployeeWantedViolationCost: [ (3 5) 15000 (4 8) 13000 (5 5) 11000 (11 14) 12000 (13 5) 10000 (17 9) 9000 (18 14) 7000 (18 18) 13000 (22 8) 15000 (24 12) 11000 (25 13) 8000 (26 4) 5000 (26 21) 10000 (29 9) 11000 (33 22) 15000 (34 2) 12000 (34 5) 8000 (37 9) 5000 (38 13) 7000 (42 9) 13000 (46 6) 14000 (52 13) 13000 (53 19) 12000 (54 12) 12000 (55 15) 8000 (55 21) 14000 (62 1) 13000 (64 10) 7000 (66 17) 5000 (68 11) 14000 (69 10) 8000 (70 17) 15000 (75 20) 10000 (77 4) 5000 (77 16) 7000 (77 19) 12000 (80 21) 12000 (81 6) 8000 (87 1) 11000 (89 11) 15000 (90 20) 10000 (98 17) 10000 (101 17) 12000 (102 16) 15000 (107 10) 7000 (107 21) 12000 (111 17) 11000 (117 18) 6000 (118 1) 13000 (118 19) 8000 (119 13) 15000 ]

EmployeesThatShouldNotWorkTogetherWithEmployee: [
[ 9 10 39 110 119 ]
[ 42 53 65 66 98 113 ]
[ 24 53 57 61 63 ]
[ 23 55 82 102 ]
[ 12 42 57 61 67 ]
[ 21 39 62 74 75 ]
[ 98 ]
[ 23 41 48 85 103 107 ]
[ 51 66 ]
[ 23 25 52 79 ]
[ 60 103 ]
[ 45 67 71 110 118 ]
[ 17 23 56 68 72 88 105 ]
[ 21 41 ]
[ 18 23 88 ]
[ 25 92 96 107 ]
[ 49 ]
[ 24 29 50 54 75 77 106 114 ]
[ 23 27 28 32 38 53 83 ]
[ 23 67 70 82 83 ]
[ 32 37 53 60 75 101 ]
[ 43 71 82 ]
[ 27 58 68 73 ]
[ 47 88 ]
[ 45 77 79 94 99 105 108 ]
[ 87 ]
[ 44 ]
[ 72 101 117 ]
[ 68 69 78 120 ]
[ 47 71 96 ]
[ 35 41 60 85 118 ]
[ 105 114 117 ]
[ 69 82 83 90 115 ]
[ 73 120 ]
[ 52 64 86 ]
[ 39 68 ]
[ 48 84 88 ]
[ 53 63 74 96 100 106 110 ]
[ 81 106 108 ]
[ 90 91 93 107 116 ]
[ 50 56 59 66 91 103 107 ]
[ 44 102 ]
[ 90 102 111 113 ]
[ 55 91 ]
[ 50 65 108 ]
[ 72 ]
[ 78 93 ]
[ 88 ]
[ 92 94 108 114 ]
[ 77 105 119 ]
[ 55 110 111 ]
[ 64 72 97 ]
[ 56 66 69 82 ]
[ 102 ]
[ 97 114 119 ]
[ 75 86 97 111 118 ]
[ 84 ]
[ 66 ]
[ 70 105 ]
[ 74 78 94 100 ]
[ 62 68 ]
[ 75 79 83 104 ]
[ 70 72 100 ]
[ 97 ]
[ 80 82 101 105 114 ]
[ 103 106 107 ]
[ 93 98 ]
[ 74 88 114 ]
[ 103 ]
[ 79 92 ]
[ 88 102 ]
[ 91 96 98 110 116 120 ]
[ 87 113 116 ]
[ 82 100 104 ]
[ 85 ]
[ 83 ]
[ 82 93 103 ]
[ 100 108 ]
[ 92 107 109 ]
[ 88 95 105 117 120 ]
[ 104 ]
[ 87 96 102 110 ]
[ 86 91 93 113 115 ]
[ ]
[ ]
[ 106 112 ]
[ 104 ]
[ 91 111 ]
[ ]
[ 92 ]
[ 94 120 ]
[ 94 113 ]
[ 109 111 115 ]
[ ]
[ ]
[ ]
[ 100 ]
[ 120 ]
[ ]
[ 120 ]
[ ]
[ ]
[ 113 ]
[ 110 ]
[ 113 ]
[ ]
[ ]
[ ]
[ ]
[ ]
[ ]
[ ]
[ 118 ]
[ 115 ]
[ ]
[ ]
[ ]
[ 119 ]
[ ]
[ ]
]

ShouldNotWorkTogetherCost: [ (1 9) 396 (1 10) 396 (1 39) 297 (1 110) 198 (1 119) 99 (2 42) 297 (2 53) 396 (2 65) 198 (2 66) 297 (2 98) 297 (2 113) 297 (3 24) 198 (3 53) 99 (3 57) 297 (3 61) 297 (3 63) 396 (4 23) 198 (4 55) 396 (4 82) 297 (4 102) 99 (5 12) 198 (5 42) 99 (5 57) 99 (5 61) 297 (5 67) 297 (6 21) 99 (6 39) 99 (6 62) 99 (6 74) 297 (6 75) 396 (7 98) 396 (8 23) 198 (8 41) 198 (8 48) 198 (8 85) 297 (8 103) 99 (8 107) 198 (9 51) 99 (9 66) 297 (10 23) 297 (10 25) 99 (10 52) 396 (10 79) 297 (11 60) 198 (11 103) 297 (12 45) 99 (12 67) 297 (12 71) 99 (12 110) 99 (12 118) 396 (13 17) 297 (13 23) 99 (13 56) 396 (13 68) 99 (13 72) 396 (13 88) 396 (13 105) 198 (14 21) 99 (14 41) 297 (15 18) 297 (15 23) 297 (15 88) 99 (16 25) 396 (16 92) 99 (16 96) 396 (16 107) 297 (17 49) 99 (18 24) 396 (18 29) 99 (18 50) 99 (18 54) 297 (18 75) 396 (18 77) 396 (18 106) 198 (18 114) 198 (19 23) 198 (19 27) 396 (19 28) 396 (19 32) 198 (19 38) 396 (19 53) 297 (19 83) 99 (20 23) 99 (20 67) 396 (20 70) 297 (20 82) 297 (20 83) 297 (21 32) 396 (21 37) 99 (21 53) 198 (21 60) 396 (21 75) 198 (21 101) 198 (22 43) 198 (22 71) 396 (22 82) 99 (23 27) 99 (23 58) 99 (23 68) 396 (23 73) 297 (24 47) 198 (24 88) 396 (25 45) 297 (25 77) 396 (25 79) 99 (25 94) 198 (25 99) 198 (25 105) 396 (25 108) 198 (26 87) 198 (27 44) 198 (28 72) 198 (28 101) 198 (28 117) 297 (29 68) 396 (29 69) 297 (29 78) 198 (29 120) 198 (30 47) 297 (30 71) 396 (30 96) 198 (31 35) 297 (31 41) 198 (31 60) 198 (31 85) 396 (31 118) 396 (32 105) 396 (32 114) 198 (32 117) 396 (33 69) 396 (33 82) 198 (33 83) 99 (33 90) 99 (33 115) 99 (34 73) 297 (34 120) 99 (35 52) 99 (35 64) 396 (35 86) 396 (36 39) 99 (36 68) 99 (37 48) 198 (37 84) 396 (37 88) 297 (38 53) 297 (38 63) 396 (38 74) 99 (38 96) 198 (38 100) 297 (38 106) 99 (38 110) 99 (39 81) 99 (39 106) 297 (39 108) 297 (40 90) 297 (40 91) 396 (40 93) 297 (40 107) 198 (40 116) 198 (41 50) 198 (41 56) 297 (41 59) 396 (41 66) 297 (41 91) 198 (41 103) 198 (41 107) 396 (42 44) 396 (42 102) 198 (43 90) 396 (43 102) 99 (43 111) 99 (43 113) 99 (44 55) 297 (44 91) 198 (45 50) 297 (45 65) 297 (45 108) 198 (46 72) 396 (47 78) 396 (47 93) 99 (48 88) 198 (49 92) 99 (49 94) 198 (49 108) 99 (49 114) 396 (50 77) 297 (50 105) 99 (50 119) 99 (51 55) 396 (51 110) 198 (51 111) 297 (52 64) 198 (52 72) 99 (52 97) 198 (53 56) 396 (53 66) 99 (53 69) 198 (53 82) 99 (54 102) 198 (55 97) 198 (55 114) 396 (55 119) 99 (56 75) 396 (56 86) 297 (56 97) 198 (56 111) 297 (56 118) 297 (57 84) 297 (58 66) 99 (59 70) 396 (59 105) 198 (60 74) 99 (60 78) 99 (60 94) 99 (60 100) 396 (61 62) 99 (61 68) 396 (62 75) 297 (62 79) 396 (62 83) 99 (62 104) 297 (63 70) 198 (63 72) 396 (63 100) 396 (64 97) 99 (65 80) 396 (65 82) 396 (65 101) 297 (65 105) 99 (65 114) 198 (66 103) 99 (66 106) 396 (66 107) 99 (67 93) 198 (67 98) 99 (68 74) 297 (68 88) 198 (68 114) 297 (69 103) 99 (70 79) 99 (70 92) 99 (71 88) 99 (71 102) 99 (72 91) 198 (72 96) 198 (72 98) 297 (72 110) 99 (72 116) 198 (72 120) 396 (73 87) 297 (73 113) 297 (73 116) 396 (74 82) 297 (74 100) 99 (74 104) 99 (75 85) 396 (76 83) 198 (77 82) 396 (77 93) 198 (77 103) 297 (78 100) 99 (78 108) 297 (79 92) 396 (79 107) 198 (79 109) 198 (80 88) 297 (80 95) 396 (80 105) 396 (80 117) 396 (80 120) 396 (81 104) 198 (82 87) 396 (82 96) 198 (82 102) 198 (82 110) 99 (83 86) 297 (83 91) 198 (83 93) 99 (83 113) 297 (83 115) 297 (86 106) 198 (86 112) 297 (87 104) 198 (88 91) 396 (88 111) 99 (90 92) 99 (91 94) 198 (91 120) 297 (92 94) 198 (92 113) 396 (93 109) 396 (93 111) 99 (93 115) 198 (97 100) 396 (98 120) 297 (100 120) 396 (103 113) 396 (104 110) 297 (105 113) 396 (113 118) 198 (114 115) 99 (118 119) 297 ]

ImmediatePredecessorsToActivity: [
[ ]
[ 1 ]
[ 1 ]
[ 3 ]
[ 1 ]
[ 1 ]
[ 4 5 ]
[ 3 7 ]
[ 4 5 6 ]
[ 2 4 6 ]
[ 2 5 6 ]
[ 4 ]
[ 10 ]
[ 3 13 ]
[ 2 3 6 7 ]
[ 13 ]
[ 11 13 ]
[ 5 8 13 ]
[ 11 13 15 ]
[ 5 6 ]
[ 3 7 10 11 ]
[ 9 ]
[ 4 16 ]
[ 20 ]
[ 8 20 ]
[ 3 11 24 ]
[ 3 7 11 ]
[ 1 ]
[ 8 11 ]
[ 8 10 16 20 27 ]
[ 20 27 ]
[ 5 8 ]
[ 11 12 15 25 32 ]
[ 1 ]
[ 4 15 16 25 ]
[ 16 27 ]
[ ]
[ 37 ]
[ 37 ]
[ 39 ]
[ 38 ]
[ 40 41 ]
[ 37 ]
[ 39 43 ]
[ 38 43 ]
[ 39 41 ]
[ 40 ]
[ 44 ]
[ 46 47 ]
[ 40 ]
[ 44 47 ]
[ 43 50 ]
[ 38 40 46 52 ]
[ 47 ]
[ 38 43 50 ]
[ 46 52 ]
[ 39 41 ]
]

ActivitiesInProject: [
[ 1 2 3 4 5 6 7 8 9 10 11 12 13 14 15 16 17 18 19 20 21 22 23 24 25 26 27 28 29 30 31 32 33 34 35 36 ]
[ 37 38 39 40 41 42 43 44 45 46 47 48 49 50 51 52 53 54 55 56 57 ]
]

nActivityModes: [ 3 3 3 3 3 3 3 3 3 3 3 3 3 3 3 3 3 3 3 3 3 3 3 3 3 3 3 3 3 3 3 3 3 3 3 3 3 3 3 3 3 3 3 3 3 3 3 3 3 3 3 3 3 3 3 3 3 ]

ActivitiyDurationWithMode: [
1	1	1	
13	9	18	
29	20	39	
9	6	12	
12	8	16	
21	14	28	
11	8	15	
12	8	16	
40	27	54	
12	8	16	
18	12	24	
30	20	40	
14	10	19	
17	12	23	
30	20	40	
10	7	14	
19	13	26	
18	12	24	
10	7	14	
10	7	14	
36	24	48	
10	7	14	
12	8	16	
42	28	56	
16	11	22	
10	7	14	
16	11	22	
85	57	114	
21	14	28	
12	8	16	
12	8	16	
10	7	14	
9	6	12	
40	27	54	
10	7	14	
11	8	15	
1	1	1	
32	22	43	
6	4	8	
11	8	15	
9	6	12	
15	10	20	
26	18	35	
19	13	26	
22	15	30	
7	5	10	
18	12	24	
14	10	19	
11	8	15	
24	16	32	
9	6	12	
7	5	10	
9	6	12	
13	9	18	
13	9	18	
7	5	10	
10	7	14	
]
StintsInProject: [
[ 1 2 3 4 5 6 7 8 9 10 11 ]
[ 12 13 14 15 16 17 18 19 20 21 22 ]
]

WorkingStintsOnDay: [
[ 1 12 ]
[ 1 12 ]
[ 1 12 ]
[ 1 12 ]
[ 1 12 ]
[ 1 12 ]
[ 1 12 ]
[ 1 12 ]
[ 1 12 ]
[ 1 12 ]
[ 1 12 ]
[ 1 12 ]
[ 12 ]
[ 12 ]
[ 2 13 ]
[ 2 13 ]
[ 2 13 ]
[ 2 13 ]
[ 2 13 ]
[ 2 13 ]
[ 2 13 ]
[ 2 13 ]
[ 2 13 ]
[ 2 13 ]
[ 2 13 ]
[ 2 13 ]
[ 13 ]
[ 13 ]
[ 3 14 ]
[ 3 14 ]
[ 3 14 ]
[ 3 14 ]
[ 3 14 ]
[ 3 14 ]
[ 3 14 ]
[ 3 14 ]
[ 3 14 ]
[ 3 14 ]
[ 3 14 ]
[ 3 14 ]
[ 14 ]
[ 14 ]
[ 4 15 ]
[ 4 15 ]
[ 4 15 ]
[ 4 15 ]
[ 4 15 ]
[ 4 15 ]
[ 4 15 ]
[ 4 15 ]
[ 4 15 ]
[ 4 15 ]
[ 4 15 ]
[ 4 15 ]
[ 15 ]
[ 15 ]
[ 5 16 ]
[ 5 16 ]
[ 5 16 ]
[ 5 16 ]
[ 5 16 ]
[ 5 16 ]
[ 5 16 ]
[ 5 16 ]
[ 5 16 ]
[ 5 16 ]
[ 5 16 ]
[ 5 16 ]
[ 16 ]
[ 16 ]
[ 6 17 ]
[ 6 17 ]
[ 6 17 ]
[ 6 17 ]
[ 6 17 ]
[ 6 17 ]
[ 6 17 ]
[ 6 17 ]
[ 6 17 ]
[ 6 17 ]
[ 6 17 ]
[ 6 17 ]
[ 17 ]
[ 17 ]
[ 7 18 ]
[ 7 18 ]
[ 7 18 ]
[ 7 18 ]
[ 7 18 ]
[ 7 18 ]
[ 7 18 ]
[ 7 18 ]
[ 7 18 ]
[ 7 18 ]
[ 7 18 ]
[ 7 18 ]
[ 18 ]
[ 18 ]
[ 8 19 ]
[ 8 19 ]
[ 8 19 ]
[ 8 19 ]
[ 8 19 ]
[ 8 19 ]
[ 8 19 ]
[ 8 19 ]
[ 8 19 ]
[ 8 19 ]
[ 8 19 ]
[ 8 19 ]
[ 19 ]
[ 19 ]
[ 9 20 ]
[ 9 20 ]
[ 9 20 ]
[ 9 20 ]
[ 9 20 ]
[ 9 20 ]
[ 9 20 ]
[ 9 20 ]
[ 9 20 ]
[ 9 20 ]
[ 9 20 ]
[ 9 20 ]
[ 20 ]
[ 20 ]
[ 10 21 ]
[ 10 21 ]
[ 10 21 ]
[ 10 21 ]
[ 10 21 ]
[ 10 21 ]
[ 10 21 ]
[ 10 21 ]
[ 10 21 ]
[ 10 21 ]
[ 10 21 ]
[ 10 21 ]
[ 21 ]
[ 21 ]
[ 11 22 ]
[ 11 22 ]
[ 11 22 ]
[ 11 22 ]
[ 11 22 ]
[ 11 22 ]
[ 11 22 ]
[ 11 22 ]
[ 11 22 ]
[ 11 22 ]
]

ProjectStart: [ 14 32 ]

ProjectEnd: [ 119 92 ]

EarliestStartDayForActivity: [ 1 14 14 48 14 14 59 72 59 59 38 59 73 89 72 89 89 89 106 38 73 105 101 50 86 100 72 14 86 101 90 86 106 14 106 101 1 32 32 38 64 73 32 58 64 73 49 77 80 49 77 73 80 67 73 80 73 ]

LatestStartDayForActivity: [ 1 119 119 119 119 119 119 119 119 119 119 119 119 119 119 119 119 119 119 119 119 119 119 119 119 119 119 119 119 119 119 119 119 119 119 119 1 92 92 92 92 92 92 92 92 92 92 92 92 92 92 92 92 92 92 92 92 ]

EquipmentTypeDemandInActivityWithMode: [
0	0	0	
0	1	0	
2	4	2	
0	1	0	
1	3	1	
2	4	2	
0	1	0	
1	3	1	
2	4	2	
1	3	1	
0	1	0	
1	3	1	
1	3	1	
4	7	3	
0	1	0	
0	1	0	
0	1	0	
0	1	0	
2	4	2	
1	3	1	
2	4	2	
0	1	0	
2	4	2	
0	1	0	
1	3	1	
0	1	0	
1	3	1	
0	1	0	
2	4	2	
3	6	2	
2	4	2	
0	1	0	
1	3	1	
0	1	0	
0	1	0	
2	4	2	
0	0	0	
1	3	1	
0	1	0	
0	1	0	
1	3	1	
0	1	0	
0	1	0	
1	3	1	
0	1	0	
2	4	2	
0	1	0	
2	4	2	
2	4	2	
0	1	0	
0	1	0	
1	3	1	
1	3	1	
3	6	2	
1	3	1	
2	4	2	
3	6	2	

0	0	0	
1	3	1	
3	6	2	
0	1	0	
0	1	0	
0	1	0	
1	3	1	
2	4	2	
0	1	0	
0	1	0	
0	1	0	
0	1	0	
0	1	0	
1	3	1	
2	4	2	
3	6	2	
1	3	1	
1	3	1	
0	1	0	
1	3	1	
2	4	2	
1	3	1	
0	1	0	
0	1	0	
2	4	2	
1	3	1	
2	4	2	
0	1	0	
1	3	1	
0	1	0	
2	4	2	
0	1	0	
2	4	2	
0	1	0	
1	3	1	
1	3	1	
0	0	0	
1	3	1	
1	3	1	
0	1	0	
2	4	2	
2	4	2	
1	3	1	
0	1	0	
1	3	1	
1	3	1	
2	4	2	
1	3	1	
0	1	0	
1	3	1	
0	1	0	
0	1	0	
1	3	1	
0	1	0	
1	3	1	
2	4	2	
0	1	0	

0	0	0	
1	3	1	
0	1	0	
0	1	0	
2	4	2	
2	4	2	
1	3	1	
4	7	3	
0	1	0	
2	4	2	
1	3	1	
1	3	1	
0	1	0	
0	1	0	
0	1	0	
1	3	1	
0	1	0	
0	1	0	
0	1	0	
0	1	0	
1	3	1	
0	1	0	
0	1	0	
1	3	1	
1	3	1	
1	3	1	
0	1	0	
1	3	1	
2	4	2	
1	3	1	
1	3	1	
3	6	2	
1	3	1	
0	1	0	
0	1	0	
1	3	1	
0	0	0	
0	1	0	
5	9	4	
0	1	0	
0	1	0	
1	3	1	
0	1	0	
0	1	0	
0	1	0	
1	3	1	
0	1	0	
1	3	1	
1	3	1	
0	1	0	
0	1	0	
1	3	1	
1	3	1	
2	4	2	
2	4	2	
1	3	1	
2	4	2	

0	0	0	
0	1	0	
0	1	0	
4	7	3	
1	3	1	
0	1	0	
1	3	1	
0	1	0	
1	3	1	
1	3	1	
0	1	0	
1	3	1	
2	4	2	
1	3	1	
0	1	0	
0	1	0	
2	4	2	
3	6	2	
1	3	1	
1	3	1	
0	1	0	
2	4	2	
0	1	0	
3	6	2	
0	1	0	
1	3	1	
2	4	2	
1	3	1	
3	6	2	
0	1	0	
0	1	0	
0	1	0	
1	3	1	
1	3	1	
2	4	2	
1	3	1	
0	0	0	
1	3	1	
0	1	0	
1	3	1	
1	3	1	
0	1	0	
1	3	1	
0	1	0	
2	4	2	
0	1	0	
2	4	2	
0	1	0	
0	1	0	
3	6	2	
2	4	2	
1	3	1	
0	1	0	
1	3	1	
0	1	0	
1	3	1	
0	1	0	

]

ExternalEquipmentRentingCost: [
2350	2542	3473	1949	3075	5374	5200	1710	4688	5577	2183	3875	1943	5034	1968	2710	5103	1650	1530	3710	5893	3938	3822	1964	5572	2326	2404	5346	1134	2573	3277	3382	5290	4157	3854	5499	3803	2852	1301	4688	2994	3415	2775	4112	3765	5658	3353	3822	2522	5177	2908	3983	2285	3997	2136	5422	3015	
4615	5946	1533	2014	1219	4390	5548	5564	2569	2550	2050	2390	1378	4999	3354	4898	3174	2098	3695	1887	2851	2918	1943	1764	3982	1036	4108	4277	1043	3247	2977	3084	2322	4892	3219	4232	5248	3455	2369	5744	4386	1736	1779	4530	2167	2918	5325	3712	4732	4525	5240	3058	1298	1317	3793	4316	4345	
3035	4780	4070	4155	5142	3732	2845	2948	2520	1760	5826	4212	1283	3726	5428	1604	4820	5130	5890	2830	2146	2759	3343	3670	1278	4802	5483	2717	2049	5188	1887	4415	2743	5156	4285	2050	4133	4420	3676	1151	3345	2889	4648	1166	2522	4965	2835	2489	1840	5011	2442	1274	5702	4011	2543	3224	4914	
3705	1076	1343	1026	5893	1490	1578	1771	4647	2902	5468	2157	3528	5953	1071	1285	4239	4531	1887	1537	3798	1259	2607	4138	1640	4732	2950	2756	3204	1561	1259	4564	1613	3267	3735	1936	5549	2720	3535	2920	5722	4331	1395	2254	1657	1936	3736	3663	3005	5358	2800	1851	5543	3103	5137	5999	1108	
]

EquipmentTypeTransportationCost: [
1	4274	
4274	1	

1	4901	
4901	1	

1	4468	
4468	1	

1	3903	
3903	1	

]

TransportationTimeForEquipmentTypeBetweenProjects: [
1	3	
3	1	

1	3	
3	1	

1	3	
3	1	

1	3	
3	1	

]

TotalNumberOfInitialEquipmentTypeLocation: [
(1 1) 5 (1 37) 1 
(2 1) 3 (2 37) 1 
(3 1) 3 (3 37) 2 
(4 1) 2 (4 37) 3 
]

DepotActivities: [ 1 37 ]

MaximalStintCliques: [
[ 2 13 1 12 ]
[ 2 13 3 14 ]
[ 4 15 3 14 ]
[ 4 15 5 16 ]
[ 5 16 17 6 ]
[ 6 17 18 7 ]
[ 7 18 19 8 ]
[ 8 19 9 20 ]
[ 9 20 10 21 ]
[ 10 21 11 22 ]
]
