nEmployees: 120
nSkills: 6
nProjects: 2
nDays: 180
nActivities: 81
nEquipmentTypes: 3
nStints: 39
nMaxModes: 2
nStintCliques: 26

EmployeeInStintCost: [
48642 48642 48642 48642 48642 48642 48642 48642 48642 48642 48642 47262 35206 16052 16052 16052 16052 16052 16052 16052 16052 16052 16052 16052 16052 16052 16052 16052 16052 16052 16052 16052 16052 16052 16052 16052 16052 16052 14672 
44326 44326 44326 44326 44326 44326 44326 44326 44326 44326 44326 43018 31466 12236 12236 12236 12236 12236 12236 12236 12236 12236 12236 12236 12236 12236 12236 12236 12236 12236 12236 12236 12236 12236 12236 12236 12236 12236 10928 
41076 41076 41076 41076 41076 41076 41076 41076 41076 41076 41076 39780 28312 9208 9208 9208 9208 9208 9208 9208 9208 9208 9208 9208 9208 9208 9208 9208 9208 9208 9208 9208 9208 9208 9208 9208 9208 9208 7912 
44102 44102 44102 44102 44102 44102 44102 44102 44102 44102 44102 42890 32010 13036 13036 13036 13036 13036 13036 13036 13036 13036 13036 13036 13036 13036 13036 13036 13036 13036 13036 13036 13036 13036 13036 13036 13036 13036 11824 
43318 43318 43318 43318 43318 43318 43318 43318 43318 43318 43318 41866 29306 9876 9876 9876 9876 9876 9876 9876 9876 9876 9876 9876 9876 9876 9876 9876 9876 9876 9876 9876 9876 9876 9876 9876 9876 9876 8424 
43318 43318 43318 43318 43318 43318 43318 43318 43318 43318 43318 41866 29306 9876 9876 9876 9876 9876 9876 9876 9876 9876 9876 9876 9876 9876 9876 9876 9876 9876 9876 9876 9876 9876 9876 9876 9876 9876 8424 
42372 42372 42372 42372 42372 42372 42372 42372 42372 42372 42372 40980 28840 9496 9496 9496 9496 9496 9496 9496 9496 9496 9496 9496 9496 9496 9496 9496 9496 9496 9496 9496 9496 9496 9496 9496 9496 9496 8104 
46240 46240 46240 46240 46240 46240 46240 46240 46240 46240 46240 45016 34052 15216 15216 15216 15216 15216 15216 15216 15216 15216 15216 15216 15216 15216 15216 15216 15216 15216 15216 15216 15216 15216 15216 15216 15216 15216 13992 
49238 49238 49238 49238 49238 49238 49238 49238 49238 49238 49238 47834 35610 16236 16236 16236 16236 16236 16236 16236 16236 16236 16236 16236 16236 16236 16236 16236 16236 16236 16236 16236 16236 16236 16236 16236 16236 16236 14832 
43150 43150 43150 43150 43150 43150 43150 43150 43150 43150 43150 41746 29522 5372 5372 5372 5372 5372 5372 5372 5372 5372 5372 5372 5372 5372 5372 5372 5372 5372 5372 5372 5372 5372 5372 5372 5372 5372 3968 
46240 46240 46240 46240 46240 46240 46240 46240 46240 46240 46240 45016 34052 15216 15216 15216 15216 15216 15216 15216 15216 15216 15216 15216 15216 15216 15216 15216 15216 15216 15216 15216 15216 15216 15216 15216 15216 15216 13992 
47866 47866 47866 47866 47866 47866 47866 47866 47866 47866 47866 46630 35582 16508 16508 16508 16508 16508 16508 16508 16508 16508 16508 16508 16508 16508 16508 16508 16508 16508 16508 16508 16508 16508 16508 16508 16508 16508 15272 
50366 50366 50366 50366 50366 50366 50366 50366 50366 50366 50366 48866 35970 16236 16236 16236 16236 16236 16236 16236 16236 16236 16236 16236 16236 16236 16236 16236 16236 16236 16236 16236 16236 16236 16236 16236 16236 16236 14736 
42676 42676 42676 42676 42676 42676 42676 42676 42676 42676 42676 41332 29528 8912 8912 8912 8912 8912 8912 8912 8912 8912 8912 8912 8912 8912 8912 8912 8912 8912 8912 8912 8912 8912 8912 8912 8912 8912 7568 
20164 20164 20164 20164 20164 20164 20164 20164 20164 20164 20164 18940 10372 17216 17216 17216 17216 17216 17216 17216 17216 17216 17216 17216 17216 17216 17216 17216 17216 17216 17216 17216 17216 17216 17216 17216 17216 17216 15992 
48966 48966 48966 48966 48966 48966 48966 48966 48966 48966 48966 47562 35338 16124 16124 16124 16124 16124 16124 16124 16124 16124 16124 16124 16124 16124 16124 16124 16124 16124 16124 16124 16124 16124 16124 16124 16124 16124 14720 
47612 47612 47612 47612 47612 47612 47612 47612 47612 47612 47612 46316 34848 15624 15624 15624 15624 15624 15624 15624 15624 15624 15624 15624 15624 15624 15624 15624 15624 15624 15624 15624 15624 15624 15624 15624 15624 15624 14328 
47698 47698 47698 47698 47698 47698 47698 47698 47698 47698 47698 46366 34646 15540 15540 15540 15540 15540 15540 15540 15540 15540 15540 15540 15540 15540 15540 15540 15540 15540 15540 15540 15540 15540 15540 15540 15540 15540 14208 
42902 42902 42902 42902 42902 42902 42902 42902 42902 42902 42902 41450 28890 12316 12316 12316 12316 12316 12316 12316 12316 12316 12316 12316 12316 12316 12316 12316 12316 12316 12316 12316 12316 12316 12316 12316 12316 12316 10864 
23404 23404 23404 23404 23404 23404 23404 23404 23404 23404 23404 21940 11692 17936 17936 17936 17936 17936 17936 17936 17936 17936 17936 17936 17936 17936 17936 17936 17936 17936 17936 17936 17936 17936 17936 17936 17936 17936 16472 
48796 48796 48796 48796 48796 48796 48796 48796 48796 48796 48796 47500 36032 16808 16808 16808 16808 16808 16808 16808 16808 16808 16808 16808 16808 16808 16808 16808 16808 16808 16808 16808 16808 16808 16808 16808 16808 16808 15512 
43390 43390 43390 43390 43390 43390 43390 43390 43390 43390 43390 42082 30530 12276 12276 12276 12276 12276 12276 12276 12276 12276 12276 12276 12276 12276 12276 12276 12276 12276 12276 12276 12276 12276 12276 12276 12276 12276 10968 
42726 42726 42726 42726 42726 42726 42726 42726 42726 42726 42726 41370 29482 4068 4068 4068 4068 4068 4068 4068 4068 4068 4068 4068 4068 4068 4068 4068 4068 4068 4068 4068 4068 4068 4068 4068 4068 4068 2712 
41854 41854 41854 41854 41854 41854 41854 41854 41854 41854 41854 40546 28994 5084 5084 5084 5084 5084 5084 5084 5084 5084 5084 5084 5084 5084 5084 5084 5084 5084 5084 5084 5084 5084 5084 5084 5084 5084 3776 
47542 47542 47542 47542 47542 47542 47542 47542 47542 47542 47542 46330 35450 16436 16436 16436 16436 16436 16436 16436 16436 16436 16436 16436 16436 16436 16436 16436 16436 16436 16436 16436 16436 16436 16436 16436 16436 16436 15224 
20326 20326 20326 20326 20326 20326 20326 20326 20326 20326 20326 19090 10438 17252 17252 17252 17252 17252 17252 17252 17252 17252 17252 17252 17252 17252 17252 17252 17252 17252 17252 17252 17252 17252 17252 17252 17252 17252 16016 
47936 47936 47936 47936 47936 47936 47936 47936 47936 47936 47936 46616 34980 15696 15696 15696 15696 15696 15696 15696 15696 15696 15696 15696 15696 15696 15696 15696 15696 15696 15696 15696 15696 15696 15696 15696 15696 15696 14376 
48266 48266 48266 48266 48266 48266 48266 48266 48266 48266 48266 46934 35214 16020 16020 16020 16020 16020 16020 16020 16020 16020 16020 16020 16020 16020 16020 16020 16020 16020 16020 16020 16020 16020 16020 16020 16020 16020 14688 
20326 20326 20326 20326 20326 20326 20326 20326 20326 20326 20326 19090 10438 17252 17252 17252 17252 17252 17252 17252 17252 17252 17252 17252 17252 17252 17252 17252 17252 17252 17252 17252 17252 17252 17252 17252 17252 17252 16016 
47218 47218 47218 47218 47218 47218 47218 47218 47218 47218 47218 46030 35318 16364 16364 16364 16364 16364 16364 16364 16364 16364 16364 16364 16364 16364 16364 16364 16364 16364 16364 16364 16364 16364 16364 16364 16364 16364 15176 
17496 17496 17496 17496 17496 17496 17496 17496 17496 17496 17496 16200 7128 17576 17576 17576 17576 17576 17576 17576 17576 17576 17576 17576 17576 17576 17576 17576 17576 17576 17576 17576 17576 17576 17576 17576 17576 17576 16280 
49930 49930 49930 49930 49930 49930 49930 49930 49930 49930 49930 48550 36494 17060 17060 17060 17060 17060 17060 17060 17060 17060 17060 17060 17060 17060 17060 17060 17060 17060 17060 17060 17060 17060 17060 17060 17060 17060 15680 
15066 15066 15066 15066 15066 15066 15066 15066 15066 15066 15066 13950 6138 17036 17036 17036 17036 17036 17036 17036 17036 17036 17036 17036 17036 17036 17036 17036 17036 17036 17036 17036 17036 17036 17036 17036 17036 17036 15920 
43810 43810 43810 43810 43810 43810 43810 43810 43810 43810 43810 42382 29990 9164 9164 9164 9164 9164 9164 9164 9164 9164 9164 9164 9164 9164 9164 9164 9164 9164 9164 9164 9164 9164 9164 9164 9164 9164 7736 
42838 42838 42838 42838 42838 42838 42838 42838 42838 42838 42838 41482 29594 8948 8948 8948 8948 8948 8948 8948 8948 8948 8948 8948 8948 8948 8948 8948 8948 8948 8948 8948 8948 8948 8948 8948 8948 8948 7592 
43536 43536 43536 43536 43536 43536 43536 43536 43536 43536 43536 42120 29812 4248 4248 4248 4248 4248 4248 4248 4248 4248 4248 4248 4248 4248 4248 4248 4248 4248 4248 4248 4248 4248 4248 4248 4248 4248 2832 
49282 49282 49282 49282 49282 49282 49282 49282 49282 49282 49282 47950 36230 16916 16916 16916 16916 16916 16916 16916 16916 16916 16916 16916 16916 16916 16916 16916 16916 16916 16916 16916 16916 16916 16916 16916 16916 16916 15584 
47936 47936 47936 47936 47936 47936 47936 47936 47936 47936 47936 46616 34980 15696 15696 15696 15696 15696 15696 15696 15696 15696 15696 15696 15696 15696 15696 15696 15696 15696 15696 15696 15696 15696 15696 15696 15696 15696 14376 
34812 34812 34812 34812 34812 34812 34812 34812 34812 34812 34812 33612 22816 15800 15800 15800 15800 15800 15800 15800 15800 15800 15800 15800 15800 15800 15800 15800 15800 15800 15800 15800 15800 15800 15800 15800 15800 15800 14600 
42858 42858 42858 42858 42858 42858 42858 42858 42858 42858 42858 41430 29038 9604 9604 9604 9604 9604 9604 9604 9604 9604 9604 9604 9604 9604 9604 9604 9604 9604 9604 9604 9604 9604 9604 9604 9604 9604 8176 
41866 41866 41866 41866 41866 41866 41866 41866 41866 41866 41866 40582 29198 8732 8732 8732 8732 8732 8732 8732 8732 8732 8732 8732 8732 8732 8732 8732 8732 8732 8732 8732 8732 8732 8732 8732 8732 8732 7448 
38184 38184 38184 38184 38184 38184 38184 38184 38184 38184 38184 36960 25996 12648 12648 12648 12648 12648 12648 12648 12648 12648 12648 12648 12648 12648 12648 12648 12648 12648 12648 12648 12648 12648 12648 12648 12648 12648 11424 
46374 46374 46374 46374 46374 46374 46374 46374 46374 46374 46374 45162 34282 15548 15548 15548 15548 15548 15548 15548 15548 15548 15548 15548 15548 15548 15548 15548 15548 15548 15548 15548 15548 15548 15548 15548 15548 15548 14336 
44782 44782 44782 44782 44782 44782 44782 44782 44782 44782 44782 43282 30386 9380 9380 9380 9380 9380 9380 9380 9380 9380 9380 9380 9380 9380 9380 9380 9380 9380 9380 9380 9380 9380 9380 9380 9380 9380 7880 
20650 20650 20650 20650 20650 20650 20650 20650 20650 20650 20650 19390 10570 17324 17324 17324 17324 17324 17324 17324 17324 17324 17324 17324 17324 17324 17324 17324 17324 17324 17324 17324 17324 17324 17324 17324 17324 17324 16064 
40620 40620 40620 40620 40620 40620 40620 40620 40620 40620 40620 39420 28624 3600 3600 3600 3600 3600 3600 3600 3600 3600 3600 3600 3600 3600 3600 3600 3600 3600 3600 3600 3600 3600 3600 3600 3600 3600 2400 
48184 48184 48184 48184 48184 48184 48184 48184 48184 48184 48184 46816 34844 15648 15648 15648 15648 15648 15648 15648 15648 15648 15648 15648 15648 15648 15648 15648 15648 15648 15648 15648 15648 15648 15648 15648 15648 15648 14280 
45564 45564 45564 45564 45564 45564 45564 45564 45564 45564 45564 44412 33952 15368 15368 15368 15368 15368 15368 15368 15368 15368 15368 15368 15368 15368 15368 15368 15368 15368 15368 15368 15368 15368 15368 15368 15368 15368 14216 
45398 45398 45398 45398 45398 45398 45398 45398 45398 45398 45398 44090 32538 13324 13324 13324 13324 13324 13324 13324 13324 13324 13324 13324 13324 13324 13324 13324 13324 13324 13324 13324 13324 13324 13324 13324 13324 13324 12016 
41536 41536 41536 41536 41536 41536 41536 41536 41536 41536 41536 40216 28580 9480 9480 9480 9480 9480 9480 9480 9480 9480 9480 9480 9480 9480 9480 9480 9480 9480 9480 9480 9480 9480 9480 9480 9480 9480 8160 
41932 41932 41932 41932 41932 41932 41932 41932 41932 41932 41932 40732 29936 11952 11952 11952 11952 11952 11952 11952 11952 11952 11952 11952 11952 11952 11952 11952 11952 11952 11952 11952 11952 11952 11952 11952 11952 11952 10752 
39824 39824 39824 39824 39824 39824 39824 39824 39824 39824 39824 38600 27636 11632 11632 11632 11632 11632 11632 11632 11632 11632 11632 11632 11632 11632 11632 11632 11632 11632 11632 11632 11632 11632 11632 11632 11632 11632 10408 
48914 48914 48914 48914 48914 48914 48914 48914 48914 48914 48914 47534 35478 16164 16164 16164 16164 16164 16164 16164 16164 16164 16164 16164 16164 16164 16164 16164 16164 16164 16164 16164 16164 16164 16164 16164 16164 16164 14784 
40452 40452 40452 40452 40452 40452 40452 40452 40452 40452 40452 39060 26920 13152 13152 13152 13152 13152 13152 13152 13152 13152 13152 13152 13152 13152 13152 13152 13152 13152 13152 13152 13152 13152 13152 13152 13152 13152 11760 
46972 46972 46972 46972 46972 46972 46972 46972 46972 46972 46972 45676 34208 15072 15072 15072 15072 15072 15072 15072 15072 15072 15072 15072 15072 15072 15072 15072 15072 15072 15072 15072 15072 15072 15072 15072 15072 15072 13776 
46484 46484 46484 46484 46484 46484 46484 46484 46484 46484 46484 45284 34488 15624 15624 15624 15624 15624 15624 15624 15624 15624 15624 15624 15624 15624 15624 15624 15624 15624 15624 15624 15624 15624 15624 15624 15624 15624 14424 
40720 40720 40720 40720 40720 40720 40720 40720 40720 40720 40720 39496 28532 4832 4832 4832 4832 4832 4832 4832 4832 4832 4832 4832 4832 4832 4832 4832 4832 4832 4832 4832 4832 4832 4832 4832 4832 4832 3608 
48098 48098 48098 48098 48098 48098 48098 48098 48098 48098 48098 46766 35046 15732 15732 15732 15732 15732 15732 15732 15732 15732 15732 15732 15732 15732 15732 15732 15732 15732 15732 15732 15732 15732 15732 15732 15732 15732 14400 
40234 40234 40234 40234 40234 40234 40234 40234 40234 40234 40234 39046 28334 4724 4724 4724 4724 4724 4724 4724 4724 4724 4724 4724 4724 4724 4724 4724 4724 4724 4724 4724 4724 4724 4724 4724 4724 4724 3536 
44912 44912 44912 44912 44912 44912 44912 44912 44912 44912 44912 43640 32340 13216 13216 13216 13216 13216 13216 13216 13216 13216 13216 13216 13216 13216 13216 13216 13216 13216 13216 13216 13216 13216 13216 13216 13216 13216 11944 
40104 40104 40104 40104 40104 40104 40104 40104 40104 40104 40104 38880 27916 8992 8992 8992 8992 8992 8992 8992 8992 8992 8992 8992 8992 8992 8992 8992 8992 8992 8992 8992 8992 8992 8992 8992 8992 8992 7768 
46802 46802 46802 46802 46802 46802 46802 46802 46802 46802 46802 45566 34518 15444 15444 15444 15444 15444 15444 15444 15444 15444 15444 15444 15444 15444 15444 15444 15444 15444 15444 15444 15444 15444 15444 15444 15444 15444 14208 
47824 47824 47824 47824 47824 47824 47824 47824 47824 47824 47824 46600 35636 16592 16592 16592 16592 16592 16592 16592 16592 16592 16592 16592 16592 16592 16592 16592 16592 16592 16592 16592 16592 16592 16592 16592 16592 16592 15368 
45916 45916 45916 45916 45916 45916 45916 45916 45916 45916 45916 44716 33920 15144 15144 15144 15144 15144 15144 15144 15144 15144 15144 15144 15144 15144 15144 15144 15144 15144 15144 15144 15144 15144 15144 15144 15144 15144 13944 
40428 40428 40428 40428 40428 40428 40428 40428 40428 40428 40428 39180 28048 9064 9064 9064 9064 9064 9064 9064 9064 9064 9064 9064 9064 9064 9064 9064 9064 9064 9064 9064 9064 9064 9064 9064 9064 9064 7816 
42048 42048 42048 42048 42048 42048 42048 42048 42048 42048 42048 40680 28708 9424 9424 9424 9424 9424 9424 9424 9424 9424 9424 9424 9424 9424 9424 9424 9424 9424 9424 9424 9424 9424 9424 9424 9424 9424 8056 
43192 43192 43192 43192 43192 43192 43192 43192 43192 43192 43192 41968 31004 11984 11984 11984 11984 11984 11984 11984 11984 11984 11984 11984 11984 11984 11984 11984 11984 11984 11984 11984 11984 11984 11984 11984 11984 11984 10760 
17172 17172 17172 17172 17172 17172 17172 17172 17172 17172 17172 15900 6996 17504 17504 17504 17504 17504 17504 17504 17504 17504 17504 17504 17504 17504 17504 17504 17504 17504 17504 17504 17504 17504 17504 17504 17504 17504 16232 
42402 42402 42402 42402 42402 42402 42402 42402 42402 42402 42402 41070 29350 3996 3996 3996 3996 3996 3996 3996 3996 3996 3996 3996 3996 3996 3996 3996 3996 3996 3996 3996 3996 3996 3996 3996 3996 3996 2664 
49290 49290 49290 49290 49290 49290 49290 49290 49290 49290 49290 47862 35470 16196 16196 16196 16196 16196 16196 16196 16196 16196 16196 16196 16196 16196 16196 16196 16196 16196 16196 16196 16196 16196 16196 16196 16196 16196 14768 
20974 20974 20974 20974 20974 20974 20974 20974 20974 20974 20974 19690 10702 17396 17396 17396 17396 17396 17396 17396 17396 17396 17396 17396 17396 17396 17396 17396 17396 17396 17396 17396 17396 17396 17396 17396 17396 17396 16112 
42178 42178 42178 42178 42178 42178 42178 42178 42178 42178 42178 40846 29126 5156 5156 5156 5156 5156 5156 5156 5156 5156 5156 5156 5156 5156 5156 5156 5156 5156 5156 5156 5156 5156 5156 5156 5156 5156 3824 
46726 46726 46726 46726 46726 46726 46726 46726 46726 46726 46726 45466 34250 15324 15324 15324 15324 15324 15324 15324 15324 15324 15324 15324 15324 15324 15324 15324 15324 15324 15324 15324 15324 15324 15324 15324 15324 15324 14064 
47986 47986 47986 47986 47986 47986 47986 47986 47986 47986 47986 46750 35702 16628 16628 16628 16628 16628 16628 16628 16628 16628 16628 16628 16628 16628 16628 16628 16628 16628 16628 16628 16628 16628 16628 16628 16628 16628 15392 
48590 48590 48590 48590 48590 48590 48590 48590 48590 48590 48590 47234 35346 16092 16092 16092 16092 16092 16092 16092 16092 16092 16092 16092 16092 16092 16092 16092 16092 16092 16092 16092 16092 16092 16092 16092 16092 16092 14736 
48480 48480 48480 48480 48480 48480 48480 48480 48480 48480 48480 47112 35140 16016 16016 16016 16016 16016 16016 16016 16016 16016 16016 16016 16016 16016 16016 16016 16016 16016 16016 16016 16016 16016 16016 16016 16016 16016 14648 
39780 39780 39780 39780 39780 39780 39780 39780 39780 39780 39780 38580 27784 8920 8920 8920 8920 8920 8920 8920 8920 8920 8920 8920 8920 8920 8920 8920 8920 8920 8920 8920 8920 8920 8920 8920 8920 8920 7720 
45838 45838 45838 45838 45838 45838 45838 45838 45838 45838 45838 44626 33746 14820 14820 14820 14820 14820 14820 14820 14820 14820 14820 14820 14820 14820 14820 14820 14820 14820 14820 14820 14820 14820 14820 14820 14820 14820 13608 
18306 18306 18306 18306 18306 18306 18306 18306 18306 18306 18306 16950 7458 17756 17756 17756 17756 17756 17756 17756 17756 17756 17756 17756 17756 17756 17756 17756 17756 17756 17756 17756 17756 17756 17756 17756 17756 17756 16400 
47508 47508 47508 47508 47508 47508 47508 47508 47508 47508 47508 46212 34744 15800 15800 15800 15800 15800 15800 15800 15800 15800 15800 15800 15800 15800 15800 15800 15800 15800 15800 15800 15800 15800 15800 15800 15800 15800 14504 
47296 47296 47296 47296 47296 47296 47296 47296 47296 47296 47296 45976 34340 15144 15144 15144 15144 15144 15144 15144 15144 15144 15144 15144 15144 15144 15144 15144 15144 15144 15144 15144 15144 15144 15144 15144 15144 15144 13824 
48908 48908 48908 48908 48908 48908 48908 48908 48908 48908 48908 47516 35376 15912 15912 15912 15912 15912 15912 15912 15912 15912 15912 15912 15912 15912 15912 15912 15912 15912 15912 15912 15912 15912 15912 15912 15912 15912 14520 
44912 44912 44912 44912 44912 44912 44912 44912 44912 44912 44912 43640 32340 13216 13216 13216 13216 13216 13216 13216 13216 13216 13216 13216 13216 13216 13216 13216 13216 13216 13216 13216 13216 13216 13216 13216 13216 13216 11944 
48670 48670 48670 48670 48670 48670 48670 48670 48670 48670 48670 47266 35042 15756 15756 15756 15756 15756 15756 15756 15756 15756 15756 15756 15756 15756 15756 15756 15756 15756 15756 15756 15756 15756 15756 15756 15756 15756 14352 
48022 48022 48022 48022 48022 48022 48022 48022 48022 48022 48022 46666 34778 15612 15612 15612 15612 15612 15612 15612 15612 15612 15612 15612 15612 15612 15612 15612 15612 15612 15612 15612 15612 15612 15612 15612 15612 15612 14256 
47346 47346 47346 47346 47346 47346 47346 47346 47346 47346 47346 46062 34678 15764 15764 15764 15764 15764 15764 15764 15764 15764 15764 15764 15764 15764 15764 15764 15764 15764 15764 15764 15764 15764 15764 15764 15764 15764 14480 
48310 48310 48310 48310 48310 48310 48310 48310 48310 48310 48310 47050 35834 16700 16700 16700 16700 16700 16700 16700 16700 16700 16700 16700 16700 16700 16700 16700 16700 16700 16700 16700 16700 16700 16700 16700 16700 16700 15440 
42416 42416 42416 42416 42416 42416 42416 42416 42416 42416 42416 41000 28692 12208 12208 12208 12208 12208 12208 12208 12208 12208 12208 12208 12208 12208 12208 12208 12208 12208 12208 12208 12208 12208 12208 12208 12208 12208 10792 
42254 42254 42254 42254 42254 42254 42254 42254 42254 42254 42254 40850 28626 12172 12172 12172 12172 12172 12172 12172 12172 12172 12172 12172 12172 12172 12172 12172 12172 12172 12172 12172 12172 12172 12172 12172 12172 12172 10768 
47782 47782 47782 47782 47782 47782 47782 47782 47782 47782 47782 46426 34538 15252 15252 15252 15252 15252 15252 15252 15252 15252 15252 15252 15252 15252 15252 15252 15252 15252 15252 15252 15252 15252 15252 15252 15252 15252 13896 
41910 41910 41910 41910 41910 41910 41910 41910 41910 41910 41910 40410 27514 13476 13476 13476 13476 13476 13476 13476 13476 13476 13476 13476 13476 13476 13476 13476 13476 13476 13476 13476 13476 13476 13476 13476 13476 13476 11976 
39942 39942 39942 39942 39942 39942 39942 39942 39942 39942 39942 38730 27850 8956 8956 8956 8956 8956 8956 8956 8956 8956 8956 8956 8956 8956 8956 8956 8956 8956 8956 8956 8956 8956 8956 8956 8956 8956 7744 
20812 20812 20812 20812 20812 20812 20812 20812 20812 20812 20812 19540 10636 17360 17360 17360 17360 17360 17360 17360 17360 17360 17360 17360 17360 17360 17360 17360 17360 17360 17360 17360 17360 17360 17360 17360 17360 17360 16088 
49486 49486 49486 49486 49486 49486 49486 49486 49486 49486 49486 48130 36242 16868 16868 16868 16868 16868 16868 16868 16868 16868 16868 16868 16868 16868 16868 16868 16868 16868 16868 16868 16868 16868 16868 16868 16868 16868 15512 
47338 47338 47338 47338 47338 47338 47338 47338 47338 47338 47338 46150 35438 16484 16484 16484 16484 16484 16484 16484 16484 16484 16484 16484 16484 16484 16484 16484 16484 16484 16484 16484 16484 16484 16484 16484 16484 16484 15296 
41854 41854 41854 41854 41854 41854 41854 41854 41854 41854 41854 40546 28994 5084 5084 5084 5084 5084 5084 5084 5084 5084 5084 5084 5084 5084 5084 5084 5084 5084 5084 5084 5084 5084 5084 5084 5084 5084 3776 
47288 47288 47288 47288 47288 47288 47288 47288 47288 47288 47288 46016 34716 15552 15552 15552 15552 15552 15552 15552 15552 15552 15552 15552 15552 15552 15552 15552 15552 15552 15552 15552 15552 15552 15552 15552 15552 15552 14280 
39430 39430 39430 39430 39430 39430 39430 39430 39430 39430 39430 38266 27722 9012 9012 9012 9012 9012 9012 9012 9012 9012 9012 9012 9012 9012 9012 9012 9012 9012 9012 9012 9012 9012 9012 9012 9012 9012 7848 
42346 42346 42346 42346 42346 42346 42346 42346 42346 42346 42346 40966 28910 9660 9660 9660 9660 9660 9660 9660 9660 9660 9660 9660 9660 9660 9660 9660 9660 9660 9660 9660 9660 9660 9660 9660 9660 9660 8280 
42888 42888 42888 42888 42888 42888 42888 42888 42888 42888 42888 41520 29548 4104 4104 4104 4104 4104 4104 4104 4104 4104 4104 4104 4104 4104 4104 4104 4104 4104 4104 4104 4104 4104 4104 4104 4104 4104 2736 
38508 38508 38508 38508 38508 38508 38508 38508 38508 38508 38508 37260 26128 12720 12720 12720 12720 12720 12720 12720 12720 12720 12720 12720 12720 12720 12720 12720 12720 12720 12720 12720 12720 12720 12720 12720 12720 12720 11472 
49400 49400 49400 49400 49400 49400 49400 49400 49400 49400 49400 47984 35676 16272 16272 16272 16272 16272 16272 16272 16272 16272 16272 16272 16272 16272 16272 16272 16272 16272 16272 16272 16272 16272 16272 16272 16272 16272 14856 
39804 39804 39804 39804 39804 39804 39804 39804 39804 39804 39804 38460 26656 13008 13008 13008 13008 13008 13008 13008 13008 13008 13008 13008 13008 13008 13008 13008 13008 13008 13008 13008 13008 13008 13008 13008 13008 13008 11664 
43312 43312 43312 43312 43312 43312 43312 43312 43312 43312 43312 41896 29588 5408 5408 5408 5408 5408 5408 5408 5408 5408 5408 5408 5408 5408 5408 5408 5408 5408 5408 5408 5408 5408 5408 5408 5408 5408 3992 
48914 48914 48914 48914 48914 48914 48914 48914 48914 48914 48914 47534 35478 16164 16164 16164 16164 16164 16164 16164 16164 16164 16164 16164 16164 16164 16164 16164 16164 16164 16164 16164 16164 16164 16164 16164 16164 16164 14784 
41374 41374 41374 41374 41374 41374 41374 41374 41374 41374 41374 40066 28514 9444 9444 9444 9444 9444 9444 9444 9444 9444 9444 9444 9444 9444 9444 9444 9444 9444 9444 9444 9444 9444 9444 9444 9444 9444 8136 
41606 41606 41606 41606 41606 41606 41606 41606 41606 41606 41606 40250 28362 12028 12028 12028 12028 12028 12028 12028 12028 12028 12028 12028 12028 12028 12028 12028 12028 12028 12028 12028 12028 12028 12028 12028 12028 12028 10672 
50048 50048 50048 50048 50048 50048 50048 50048 50048 50048 50048 48584 35940 16416 16416 16416 16416 16416 16416 16416 16416 16416 16416 16416 16416 16416 16416 16416 16416 16416 16416 16416 16416 16416 16416 16416 16416 16416 14952 
45560 45560 45560 45560 45560 45560 45560 45560 45560 45560 45560 44240 32604 13360 13360 13360 13360 13360 13360 13360 13360 13360 13360 13360 13360 13360 13360 13360 13360 13360 13360 13360 13360 13360 13360 13360 13360 13360 12040 
41262 41262 41262 41262 41262 41262 41262 41262 41262 41262 41262 39810 27250 13332 13332 13332 13332 13332 13332 13332 13332 13332 13332 13332 13332 13332 13332 13332 13332 13332 13332 13332 13332 13332 13332 13332 13332 13332 11880 
47022 47022 47022 47022 47022 47022 47022 47022 47022 47022 47022 45762 34546 15692 15692 15692 15692 15692 15692 15692 15692 15692 15692 15692 15692 15692 15692 15692 15692 15692 15692 15692 15692 15692 15692 15692 15692 15692 14432 
39754 39754 39754 39754 39754 39754 39754 39754 39754 39754 39754 38566 27854 9084 9084 9084 9084 9084 9084 9084 9084 9084 9084 9084 9084 9084 9084 9084 9084 9084 9084 9084 9084 9084 9084 9084 9084 9084 7896 
43474 43474 43474 43474 43474 43474 43474 43474 43474 43474 43474 42046 29654 5444 5444 5444 5444 5444 5444 5444 5444 5444 5444 5444 5444 5444 5444 5444 5444 5444 5444 5444 5444 5444 5444 5444 5444 5444 4016 
42502 42502 42502 42502 42502 42502 42502 42502 42502 42502 42502 41146 29258 5228 5228 5228 5228 5228 5228 5228 5228 5228 5228 5228 5228 5228 5228 5228 5228 5228 5228 5228 5228 5228 5228 5228 5228 5228 3872 
41238 41238 41238 41238 41238 41238 41238 41238 41238 41238 41238 39930 28378 9244 9244 9244 9244 9244 9244 9244 9244 9244 9244 9244 9244 9244 9244 9244 9244 9244 9244 9244 9244 9244 9244 9244 9244 9244 7936 
38508 38508 38508 38508 38508 38508 38508 38508 38508 38508 38508 37260 26128 12720 12720 12720 12720 12720 12720 12720 12720 12720 12720 12720 12720 12720 12720 12720 12720 12720 12720 12720 12720 12720 12720 12720 12720 12720 11472 
39942 39942 39942 39942 39942 39942 39942 39942 39942 39942 39942 38730 27850 8956 8956 8956 8956 8956 8956 8956 8956 8956 8956 8956 8956 8956 8956 8956 8956 8956 8956 8956 8956 8956 8956 8956 8956 8956 7744 
48804 48804 48804 48804 48804 48804 48804 48804 48804 48804 48804 47412 35272 16088 16088 16088 16088 16088 16088 16088 16088 16088 16088 16088 16088 16088 16088 16088 16088 16088 16088 16088 16088 16088 16088 16088 16088 16088 14696 
43150 43150 43150 43150 43150 43150 43150 43150 43150 43150 43150 41746 29522 5372 5372 5372 5372 5372 5372 5372 5372 5372 5372 5372 5372 5372 5372 5372 5372 5372 5372 5372 5372 5372 5372 5372 5372 5372 3968 
47022 47022 47022 47022 47022 47022 47022 47022 47022 47022 47022 45762 34546 15692 15692 15692 15692 15692 15692 15692 15692 15692 15692 15692 15692 15692 15692 15692 15692 15692 15692 15692 15692 15692 15692 15692 15692 15692 14432 
]

ExternalWorkerWithSkillOnStintCost: [
35364 36036 49392 49476 41580 46620 35784 50064 47292 41664 43512 42252 39600 14700 14700 15690 12360 13380 14430 13380 16710 13290 13410 16020 17580 15510 16860 12630 14160 14610 15300 12720 12450 14790 12900 16350 15900 17640 15900 
35448 33600 33600 44520 44520 50232 42420 48132 36372 49980 46704 38808 32904 12450 16080 16350 14670 13350 16110 15240 17220 15840 13230 14790 17130 14760 12840 12870 17700 15300 12780 13980 13020 17490 16200 17400 13710 15960 13200 
37380 37632 45948 41916 43260 34440 48804 45864 50232 35532 40992 34860 35352 13380 16680 12720 15780 12480 16380 12540 13860 13950 14520 15090 17430 16350 17490 15960 15750 15120 12570 17970 16800 16650 14910 15060 12690 15840 15960 
48552 38892 46788 49728 49224 45864 43596 43260 39900 39312 38472 36120 29448 16740 14220 15210 13020 17550 17430 15360 15390 12240 15930 15750 13230 17760 17700 13200 16140 17940 14400 17580 15990 15720 15540 13530 12750 15720 12870 
41244 46704 38640 38052 48384 39564 37548 35364 36372 40656 44604 37632 34128 12150 15360 17460 15270 16620 15180 14490 15720 17250 15180 14490 13170 16500 16350 15720 15270 17940 12540 15990 14940 13200 14370 16890 14370 16830 16260 
49140 41748 41412 45612 50064 36792 49980 44268 49644 43680 48888 44016 41184 14820 12390 16860 12630 17910 16950 12600 14610 15600 16200 14700 12150 15630 12690 16080 17550 17730 12930 13980 17640 12660 17460 12630 13980 16620 14070 
]

OverlappingStints: [
[ 2 14 15 16 17 ]
[ 3 16 17 18 19 ]
[ 4 18 19 20 21 ]
[ 5 20 21 22 23 ]
[ 6 22 23 24 25 ]
[ 7 24 25 26 27 ]
[ 8 26 27 28 29 ]
[ 9 28 29 30 31 ]
[ 10 30 31 32 33 ]
[ 11 32 33 34 35 ]
[ 12 34 35 36 37 ]
[ 13 36 37 38 39 ]
[ 38 39 ]
[ ]
[ ]
[ ]
[ ]
[ ]
[ ]
[ ]
[ ]
[ ]
[ ]
[ ]
[ ]
[ ]
[ ]
[ ]
[ ]
[ ]
[ ]
[ ]
[ ]
[ ]
[ ]
[ ]
[ ]
[ ]
[ ]
]

EmployeesWithSkill: [
[ 1 2 3 4 5 6 7 8 9 10 11 12 13 14 15 16 17 18 19 20 21 22 23 24 25 26 27 28 29 30 31 32 33 34 35 36 37 38 39 40 41 42 43 44 45 46 47 48 49 50 51 52 53 54 55 56 57 58 59 60 61 62 63 64 65 66 67 68 69 70 71 72 73 74 75 76 77 78 79 80 81 82 83 84 85 86 87 88 89 90 91 92 93 94 95 96 97 98 99 100 101 102 103 104 105 106 107 108 109 110 111 112 113 114 115 116 117 118 119 120 ]
[ 15 16 44 54 69 76 80 109 110 ]
[ 1 2 3 4 5 6 7 9 10 12 13 14 15 16 17 18 19 20 21 23 24 25 26 27 28 31 32 35 36 38 40 41 42 43 44 45 47 48 49 50 52 53 54 55 56 57 58 59 61 62 63 64 65 66 68 70 71 72 73 74 75 76 77 78 79 80 81 84 85 86 88 90 91 92 93 94 95 99 101 102 103 104 105 106 107 108 109 110 111 112 114 115 117 119 120 ]
[ 1 2 3 8 11 13 14 17 21 22 27 28 34 38 39 42 44 47 49 51 54 55 58 60 68 71 72 74 75 80 82 84 86 89 90 91 94 96 99 101 104 105 106 107 113 114 116 117 ]
[ 1 2 3 4 5 6 7 8 9 11 12 13 14 15 16 17 18 19 20 22 23 24 26 27 28 29 30 31 32 34 36 37 38 40 42 43 44 45 46 47 49 50 52 53 54 55 56 57 58 59 61 62 63 64 65 66 68 70 71 74 76 77 79 80 81 82 84 85 86 87 89 90 91 93 95 96 97 98 100 101 102 103 105 106 107 108 109 110 112 113 114 115 118 ]
[ 1 3 5 6 10 13 19 20 26 27 28 34 36 45 53 54 55 63 66 69 70 73 78 79 82 83 86 87 88 91 92 96 97 107 108 110 115 118 119 120 ]
]

SkillDemandInActivityWithMode: [
0	1	
14	22	
14	22	
9	15	
12	19	
14	22	
2	4	
10	16	
9	15	
5	9	
10	16	
12	19	
14	22	
9	15	
10	16	
10	16	
13	21	
14	22	
12	19	
15	24	
10	16	
6	10	
10	16	
12	19	
15	24	
4	7	
8	13	
7	12	
10	16	
8	13	
3	6	
15	24	
7	12	
6	10	
14	22	
0	1	
10	16	
5	9	
7	12	
15	24	
15	24	
21	33	
5	9	
10	16	
11	18	
16	25	
7	12	
19	30	
9	15	
5	9	
11	18	
16	25	
14	22	
12	19	
13	21	
4	7	
3	6	
7	12	
16	25	
21	33	
10	16	
4	7	
19	30	
21	33	
7	12	
16	25	
21	33	
8	13	
14	22	
19	30	
9	15	
16	25	
12	19	
15	24	
16	25	
21	33	
6	10	
12	19	
21	33	
9	15	
7	12	

0	1	
0	1	
0	1	
0	1	
0	1	
0	1	
0	1	
0	1	
0	1	
0	1	
0	1	
0	1	
0	1	
0	1	
0	1	
0	1	
0	1	
0	1	
0	1	
0	1	
0	1	
0	1	
0	1	
0	1	
0	1	
0	1	
0	1	
0	1	
0	1	
0	1	
0	1	
0	1	
0	1	
0	1	
0	1	
0	1	
0	1	
0	1	
0	1	
1	3	
1	3	
1	3	
0	1	
0	1	
0	1	
1	3	
0	1	
1	3	
0	1	
0	1	
0	1	
1	3	
1	3	
1	3	
1	3	
0	1	
0	1	
0	1	
1	3	
1	3	
0	1	
0	1	
1	3	
1	3	
0	1	
1	3	
1	3	
0	1	
1	3	
1	3	
0	1	
1	3	
0	1	
1	3	
1	3	
1	3	
0	1	
1	3	
1	3	
0	1	
0	1	

0	1	
29	45	
29	45	
19	30	
25	39	
29	45	
3	6	
21	33	
18	28	
10	16	
21	33	
25	39	
29	45	
18	28	
21	33	
20	31	
27	42	
29	45	
25	39	
32	49	
21	33	
11	18	
20	31	
25	39	
32	49	
6	10	
15	24	
14	22	
20	31	
17	27	
5	9	
32	49	
14	22	
13	21	
29	45	
0	1	
0	1	
0	1	
0	1	
0	1	
0	1	
0	1	
0	1	
0	1	
0	1	
0	1	
0	1	
0	1	
0	1	
0	1	
0	1	
0	1	
0	1	
0	1	
0	1	
0	1	
0	1	
0	1	
0	1	
0	1	
0	1	
0	1	
0	1	
0	1	
0	1	
0	1	
0	1	
0	1	
0	1	
0	1	
0	1	
0	1	
0	1	
0	1	
0	1	
0	1	
0	1	
0	1	
0	1	
0	1	
0	1	

0	1	
9	15	
9	15	
6	10	
8	13	
9	15	
1	3	
7	12	
5	9	
3	6	
7	12	
8	13	
9	15	
5	9	
7	12	
6	10	
8	13	
9	15	
8	13	
10	16	
7	12	
3	6	
6	10	
8	13	
10	16	
2	4	
5	9	
4	7	
6	10	
5	9	
1	3	
10	16	
4	7	
4	7	
9	15	
0	1	
2	4	
0	1	
1	3	
3	6	
3	6	
4	7	
0	1	
2	4	
2	4	
3	6	
1	3	
4	7	
1	3	
0	1	
2	4	
3	6	
2	4	
2	4	
2	4	
0	1	
0	1	
1	3	
3	6	
4	7	
2	4	
0	1	
4	7	
4	7	
1	3	
3	6	
4	7	
1	3	
2	4	
4	7	
1	3	
3	6	
2	4	
3	6	
3	6	
4	7	
1	3	
2	4	
4	7	
1	3	
1	3	

0	1	
14	22	
14	22	
9	15	
12	19	
14	22	
1	3	
10	16	
8	13	
4	7	
10	16	
12	19	
14	22	
8	13	
10	16	
9	15	
13	21	
14	22	
12	19	
15	24	
10	16	
5	9	
9	15	
12	19	
15	24	
3	6	
7	12	
7	12	
9	15	
8	13	
2	4	
15	24	
7	12	
6	10	
14	22	
0	1	
5	9	
2	4	
4	7	
8	13	
8	13	
12	19	
2	4	
5	9	
6	10	
9	15	
4	7	
11	18	
4	7	
2	4	
6	10	
9	15	
8	13	
7	12	
7	12	
2	4	
1	3	
4	7	
9	15	
12	19	
5	9	
2	4	
11	18	
12	19	
4	7	
9	15	
12	19	
4	7	
8	13	
11	18	
4	7	
9	15	
6	10	
8	13	
9	15	
12	19	
3	6	
7	12	
12	19	
5	9	
4	7	

0	1	
2	4	
2	4	
1	3	
2	4	
2	4	
0	1	
1	3	
1	3	
0	1	
1	3	
2	4	
2	4	
1	3	
1	3	
1	3	
2	4	
2	4	
2	4	
2	4	
1	3	
1	3	
1	3	
2	4	
2	4	
0	1	
1	3	
1	3	
1	3	
1	3	
0	1	
2	4	
1	3	
1	3	
2	4	
0	1	
3	6	
1	3	
2	4	
5	9	
5	9	
8	13	
1	3	
3	6	
4	7	
6	10	
2	4	
7	12	
3	6	
1	3	
4	7	
6	10	
5	9	
4	7	
5	9	
1	3	
0	1	
2	4	
6	10	
8	13	
3	6	
1	3	
7	12	
8	13	
2	4	
6	10	
8	13	
2	4	
5	9	
7	12	
3	6	
6	10	
4	7	
5	9	
6	10	
8	13	
2	4	
4	7	
8	13	
3	6	
2	4	

]

EmployeeAvailability: [
1 1 0 0 1 1 1 1 1 1 1 1 1 1 1 1 1 0 1 1 0 1 1 1 1 1 1 1 1 1 1 1 1 1 1 1 1 1 1 
1 1 1 1 1 0 1 1 1 1 1 0 1 1 1 1 1 1 1 1 1 1 1 0 1 1 1 1 1 1 1 1 1 1 1 0 1 1 1 
1 1 1 1 1 1 1 1 1 1 1 1 0 1 1 1 1 1 1 1 1 1 1 1 1 1 1 1 1 1 1 1 1 1 1 1 1 1 1 
1 1 1 1 1 1 1 1 1 1 1 1 1 1 1 1 1 1 1 1 1 1 1 1 1 1 1 1 1 1 1 1 1 1 1 1 1 1 1 
0 1 1 1 1 1 1 1 1 1 0 1 1 0 1 1 1 1 1 1 1 1 1 1 1 1 1 1 1 1 1 1 1 1 0 1 1 1 1 
1 1 1 0 1 1 1 0 1 1 1 1 1 1 1 1 1 1 1 1 0 1 1 1 1 1 1 0 1 1 1 1 1 1 1 1 1 1 1 
1 1 1 1 1 0 1 1 1 0 1 1 1 1 1 1 1 1 1 1 1 1 1 0 1 1 1 1 1 1 1 1 0 1 1 1 1 1 1 
1 1 1 1 1 1 1 1 1 1 1 1 1 1 1 1 1 1 1 1 1 1 1 1 1 1 1 1 1 1 1 1 1 1 1 1 1 1 1 
1 1 1 1 1 1 1 1 0 0 1 0 1 1 1 1 1 1 1 1 1 1 1 1 1 1 1 1 1 1 1 0 1 1 1 1 0 1 1 
0 1 1 1 1 1 1 1 1 1 1 1 1 0 1 1 1 1 1 1 1 1 1 1 1 1 1 1 1 1 1 1 1 1 1 1 1 1 1 
1 1 1 1 1 1 1 1 0 1 1 0 1 1 1 1 1 1 1 1 1 1 1 1 1 1 1 1 1 0 1 1 1 1 1 0 1 1 1 
1 1 1 1 1 1 1 1 1 1 1 1 1 1 1 1 1 1 1 1 1 1 1 1 1 1 1 1 1 1 1 1 1 1 1 1 1 1 1 
1 1 1 1 1 1 1 1 1 1 1 1 1 1 1 1 1 1 1 1 1 1 1 1 1 1 1 1 1 1 1 1 1 1 1 1 1 1 1 
1 1 0 1 1 1 1 1 1 1 1 1 0 1 1 1 1 0 1 1 1 1 1 1 1 1 1 1 1 1 1 1 1 1 1 1 1 0 1 
1 1 0 1 1 1 1 0 1 1 1 1 1 1 1 1 1 0 1 1 1 1 1 1 1 1 1 1 1 1 1 1 1 1 1 1 1 1 1 
1 1 1 1 1 0 1 1 1 1 1 1 1 1 1 1 1 1 1 1 1 1 1 0 1 1 1 1 1 1 1 1 1 1 1 1 1 1 1 
1 1 1 1 1 1 1 1 1 1 1 1 1 1 1 1 1 1 1 1 1 1 1 1 1 1 1 1 1 1 1 1 1 1 1 1 1 1 1 
1 1 1 1 0 1 1 1 1 1 1 1 1 1 1 1 1 1 1 1 1 0 1 1 1 1 1 1 1 1 1 1 1 1 1 1 1 1 1 
1 1 1 1 1 1 1 1 1 0 1 0 1 1 1 1 1 1 1 1 1 1 1 1 1 1 1 1 1 1 1 1 1 1 1 1 0 1 1 
1 1 1 1 0 1 1 1 0 1 1 0 1 1 1 1 1 1 1 1 1 1 1 1 1 1 1 1 1 1 0 1 1 1 1 1 1 1 1 
1 1 0 1 1 1 0 1 1 1 1 1 0 1 1 1 1 0 1 1 1 1 1 1 1 1 0 1 1 1 1 1 1 1 1 1 1 0 1 
1 1 1 1 1 1 1 1 1 1 1 1 1 1 1 1 1 1 1 1 1 1 1 1 1 1 1 1 1 1 1 1 1 1 1 1 1 1 1 
1 0 1 1 0 1 1 1 1 1 1 0 1 1 1 1 0 1 1 1 1 0 1 1 1 1 1 1 1 1 1 1 1 1 1 0 1 1 1 
1 1 1 1 1 1 1 1 1 1 0 0 1 1 1 1 1 1 1 1 1 1 1 1 1 1 1 1 1 1 1 1 1 1 1 1 0 1 1 
1 1 1 1 1 1 1 1 1 1 1 1 1 1 1 1 1 1 1 1 1 1 1 1 1 1 1 1 1 1 1 1 1 1 1 1 1 1 1 
1 1 1 0 1 1 0 1 1 1 1 1 1 1 1 1 1 1 1 1 1 1 1 1 1 1 0 1 1 1 1 1 1 1 1 1 1 1 1 
1 0 1 1 1 1 1 1 1 0 1 1 0 1 1 0 1 1 1 1 1 1 1 1 1 1 1 1 1 1 1 0 1 1 1 1 1 1 0 
1 1 1 1 1 1 1 1 1 1 1 1 1 1 1 1 1 1 1 1 1 1 1 1 1 1 1 1 1 1 1 1 1 1 1 1 1 1 1 
1 1 1 1 1 1 1 1 1 1 1 1 1 1 1 1 1 1 1 1 1 1 1 1 1 1 1 1 1 1 1 1 1 1 1 1 1 1 1 
1 1 1 1 1 0 1 1 1 1 1 1 1 1 1 1 1 1 1 1 1 1 1 0 1 1 1 1 1 1 1 1 1 1 1 1 1 1 1 
1 1 1 1 1 1 1 1 0 1 0 1 1 1 1 1 1 1 1 1 1 1 1 1 1 1 1 1 1 1 0 1 1 1 0 1 1 1 1 
1 1 1 1 1 1 1 0 1 1 1 0 1 1 1 1 1 1 1 1 1 1 1 1 1 1 1 0 1 1 1 1 1 1 1 0 1 1 1 
1 1 1 0 1 1 1 1 0 1 1 1 1 1 1 1 1 1 1 0 1 1 1 1 1 1 1 1 1 0 1 1 1 1 1 1 1 1 1 
1 1 1 0 1 1 1 1 0 1 1 1 1 1 1 1 1 1 1 1 1 1 1 1 1 1 1 1 1 1 0 1 1 1 1 1 1 1 1 
1 1 1 1 1 1 1 1 1 1 1 1 1 1 1 1 1 1 1 1 1 1 1 1 1 1 1 1 1 1 1 1 1 1 1 1 1 1 1 
1 1 1 1 1 1 1 0 0 1 1 1 1 1 1 1 1 1 1 1 1 1 1 1 1 1 1 1 0 1 0 1 1 1 1 1 1 1 1 
1 1 1 1 1 0 1 1 1 1 1 1 1 1 1 1 1 1 1 1 1 1 1 0 1 1 1 1 1 1 1 1 1 1 1 1 1 1 1 
1 1 1 1 1 1 1 1 1 1 0 0 1 1 1 1 1 1 1 1 1 1 1 1 1 1 1 1 1 1 1 1 1 1 0 0 0 1 1 
1 1 1 1 1 1 1 1 1 1 0 1 1 1 1 1 1 1 1 1 1 1 1 1 1 1 1 1 1 1 1 1 1 0 1 1 1 1 1 
1 1 1 0 1 1 1 0 1 1 1 1 1 1 1 1 1 1 1 0 1 1 1 1 1 1 1 1 0 1 1 1 1 1 1 1 1 1 1 
0 1 1 1 1 1 1 0 1 1 1 1 1 1 1 1 1 1 1 1 1 1 1 1 1 1 1 0 1 1 1 1 1 1 1 1 1 1 1 
1 1 0 1 1 1 1 1 1 1 1 1 0 1 1 1 1 0 1 1 1 1 1 1 1 1 1 1 1 1 1 1 1 1 1 1 1 1 1 
1 1 1 0 1 1 1 1 1 1 1 1 1 1 1 1 1 1 1 0 1 1 1 1 1 1 1 1 1 1 1 1 1 1 1 1 1 1 1 
1 1 1 1 1 1 1 0 1 1 1 1 1 1 1 1 1 1 1 1 1 1 1 1 1 1 1 0 1 1 1 1 1 1 1 1 1 1 1 
1 0 1 1 1 1 1 1 1 1 0 1 1 1 1 1 1 1 1 1 1 1 1 1 1 1 1 1 1 1 1 1 1 1 0 1 1 1 1 
1 1 0 1 1 1 1 0 1 1 1 1 1 1 1 1 1 1 0 1 1 1 1 1 1 1 1 1 0 1 1 1 1 1 1 1 1 1 1 
1 1 1 1 1 1 1 1 1 0 1 0 1 1 1 1 1 1 1 1 1 1 1 1 1 1 1 1 1 1 1 1 0 1 1 1 0 1 1 
1 1 1 1 1 1 1 1 1 0 1 1 1 1 1 1 1 1 1 1 1 1 1 1 1 1 1 1 1 1 1 1 0 1 1 1 1 1 1 
1 1 1 1 1 1 1 1 1 1 1 1 1 1 1 1 1 1 1 1 1 1 1 1 1 1 1 1 1 1 1 1 1 1 1 1 1 1 1 
1 1 1 1 1 1 1 1 1 1 1 1 1 1 1 1 1 1 1 1 1 1 1 1 1 1 1 1 1 1 1 1 1 1 1 1 1 1 1 
1 1 1 1 1 0 1 1 1 0 1 1 1 1 1 1 1 1 1 1 1 1 1 1 0 1 1 1 1 1 1 1 0 1 1 1 1 1 1 
1 1 1 1 1 1 0 1 1 1 1 1 1 1 1 1 1 1 1 1 1 1 1 1 1 0 1 1 1 1 1 1 1 1 1 1 1 1 1 
0 1 1 1 1 1 1 1 1 1 1 1 1 0 1 1 1 1 1 1 1 1 1 1 1 1 1 1 1 1 1 1 1 1 1 1 1 1 1 
1 1 1 1 0 1 1 1 1 1 0 1 1 1 1 1 1 1 1 1 1 1 1 1 1 1 1 1 1 1 1 1 1 0 1 1 1 1 1 
1 1 1 1 1 1 1 1 1 1 1 1 1 1 1 1 1 1 1 1 1 1 1 1 1 1 1 1 1 1 1 1 1 1 1 1 1 1 1 
1 1 1 1 1 1 0 1 1 1 1 1 1 1 1 1 1 1 1 1 1 1 1 1 1 0 1 1 1 1 1 1 1 1 1 1 1 1 1 
0 1 1 1 1 1 0 1 1 1 1 1 1 1 0 1 1 1 1 1 1 1 1 1 1 0 1 1 1 1 1 1 1 1 1 1 1 1 1 
1 1 1 1 1 1 1 1 0 1 1 1 1 1 1 1 1 1 1 1 1 1 1 1 1 1 1 1 1 0 1 1 1 1 1 1 1 1 1 
1 1 1 1 1 1 1 1 1 0 1 1 1 1 1 1 1 1 1 1 1 1 1 1 1 1 1 1 1 1 1 0 1 1 1 1 1 1 1 
1 1 1 0 1 1 1 1 1 0 1 1 1 1 1 1 1 1 1 0 1 1 1 1 1 1 1 1 1 1 1 1 1 1 1 1 1 1 1 
1 1 1 1 1 0 1 0 1 1 1 1 1 1 1 1 1 1 1 1 1 1 1 0 1 1 1 1 0 1 1 1 1 1 1 1 1 1 1 
0 0 1 1 1 1 1 0 1 1 1 1 1 1 0 1 1 1 1 1 1 1 1 1 1 1 1 1 1 1 1 1 1 1 1 1 1 1 1 
1 1 1 1 1 1 1 1 1 1 1 1 1 1 1 1 1 1 1 1 1 1 1 1 1 1 1 1 1 1 1 1 1 1 1 1 1 1 1 
1 1 1 1 1 1 1 1 1 1 1 1 1 1 1 1 1 1 1 1 1 1 1 1 1 1 1 1 1 1 1 1 1 1 1 1 1 1 1 
1 1 1 1 1 1 1 1 1 1 1 1 1 1 1 1 1 1 1 1 1 1 1 1 1 1 1 1 1 1 1 1 1 1 1 1 1 1 1 
1 1 1 1 1 1 1 1 1 1 1 1 1 1 1 1 1 1 1 1 1 1 1 1 1 1 1 1 1 1 1 1 1 1 1 1 1 1 1 
0 1 1 0 1 1 0 1 1 1 1 1 1 1 0 1 1 1 1 1 0 1 1 1 1 1 1 1 1 1 1 1 1 1 1 1 1 1 1 
1 1 1 1 1 1 0 1 1 1 1 1 0 1 1 1 1 1 1 1 1 1 1 1 1 0 1 1 1 1 1 1 1 1 1 1 1 1 0 
1 1 1 1 1 1 0 1 1 1 0 1 0 1 1 1 1 1 1 1 1 1 1 1 1 0 1 1 1 1 1 1 1 1 1 1 1 1 0 
1 1 1 0 1 1 1 1 1 0 1 1 1 1 1 1 1 1 1 1 1 1 1 1 1 1 1 1 1 1 1 1 0 1 1 1 1 1 1 
1 1 1 1 1 0 1 0 1 1 0 1 1 1 1 1 1 1 1 1 1 1 1 1 1 1 1 1 0 1 1 1 1 0 1 1 1 1 1 
1 1 1 1 1 1 0 1 0 1 1 1 1 1 1 1 1 1 1 1 1 1 1 1 1 1 1 1 1 1 1 1 1 1 1 1 1 1 1 
1 1 1 1 1 1 0 1 0 1 0 1 1 1 1 1 1 1 1 1 1 1 1 1 1 1 0 1 1 0 1 1 1 1 1 1 1 1 1 
1 1 1 0 1 1 1 1 1 1 1 0 1 1 1 1 1 1 1 1 1 1 1 1 1 1 1 1 1 1 1 1 1 1 1 1 0 1 1 
1 1 1 1 1 1 0 1 1 1 1 1 1 1 1 1 1 1 1 1 1 1 1 1 1 1 1 1 1 1 1 1 1 1 1 1 1 1 1 
1 1 1 1 1 1 0 1 1 1 0 1 1 1 1 1 1 1 1 1 1 1 1 1 1 0 1 1 1 1 1 1 1 1 1 1 1 1 1 
1 1 1 1 1 1 1 1 0 1 1 1 1 1 1 1 1 1 1 1 1 1 1 1 1 1 1 1 1 1 1 1 1 1 1 1 1 1 1 
1 1 1 1 1 0 1 1 1 1 1 1 1 1 1 1 1 1 1 1 1 1 1 1 1 1 1 1 1 1 1 1 1 1 1 1 1 1 1 
1 1 0 1 1 0 1 1 1 1 1 0 1 1 1 1 1 1 0 1 1 1 1 1 1 1 1 1 1 1 1 1 1 1 1 1 0 1 1 
1 1 1 1 1 0 1 1 1 1 1 1 0 1 1 1 1 1 1 1 1 1 1 0 1 1 1 1 1 1 1 1 1 1 1 1 1 1 0 
1 1 1 0 1 1 1 1 1 1 1 0 1 1 1 1 1 1 1 1 0 1 1 1 1 1 1 1 1 1 1 1 1 1 1 1 1 1 1 
1 0 1 1 1 1 1 1 1 1 1 1 1 1 1 1 1 1 1 1 1 1 1 1 1 1 1 1 1 1 1 1 1 1 1 1 1 1 1 
1 1 1 1 1 1 0 1 1 0 1 1 1 1 1 1 1 1 1 1 1 1 1 1 1 1 0 1 1 1 1 1 0 1 1 1 1 1 1 
1 1 0 1 1 1 1 1 1 1 1 1 1 1 1 1 1 1 1 1 1 1 1 1 1 1 1 1 1 1 1 1 1 1 1 1 1 1 1 
1 1 0 1 1 1 1 1 0 1 1 1 1 1 1 1 1 1 1 1 1 1 1 1 1 1 1 1 1 0 0 1 1 1 1 1 1 1 1 
1 1 1 1 1 1 1 1 1 1 1 1 1 1 1 1 1 1 1 1 1 1 1 1 1 1 1 1 1 1 1 1 1 1 1 1 1 1 1 
1 1 1 0 1 1 1 1 0 1 1 1 1 1 1 1 1 1 1 1 0 1 1 1 1 1 1 1 1 0 1 1 1 1 1 1 1 1 1 
0 1 1 1 1 0 1 1 1 1 0 1 1 1 0 1 1 1 1 1 1 1 1 0 1 1 1 1 1 1 1 1 1 0 1 1 1 1 1 
1 0 0 0 1 1 1 1 1 1 1 1 1 1 1 0 1 1 0 1 1 1 1 1 1 1 1 1 1 1 1 1 1 1 1 1 1 1 1 
1 0 1 1 1 1 1 1 1 1 1 1 1 1 1 1 0 1 1 1 1 1 1 1 1 1 1 1 1 1 1 1 1 1 1 1 1 1 1 
1 1 0 1 1 1 1 0 1 1 0 1 1 1 1 1 1 1 1 1 1 1 1 1 1 1 1 1 0 1 1 1 1 0 1 1 1 1 1 
0 1 0 1 1 1 1 1 1 1 1 0 1 0 1 1 1 1 0 1 1 1 1 1 1 1 1 1 1 1 1 1 1 1 1 1 0 1 1 
1 1 1 1 1 1 1 1 1 1 1 1 1 1 1 1 1 1 1 1 1 1 1 1 1 1 1 1 1 1 1 1 1 1 1 1 1 1 1 
1 0 1 1 1 1 1 0 1 1 1 1 1 1 1 0 1 1 1 1 1 1 1 1 1 1 1 1 1 1 1 1 1 1 1 1 1 1 1 
1 1 1 1 1 1 1 1 1 1 1 1 1 1 1 1 1 1 1 1 1 1 1 1 1 1 1 1 1 1 1 1 1 1 1 1 1 1 1 
0 1 1 1 1 1 1 1 1 1 0 0 1 0 1 1 1 1 1 1 1 1 1 1 1 1 1 1 1 1 1 1 1 0 1 1 1 1 1 
1 0 1 1 1 1 1 1 1 1 1 1 1 1 1 1 0 1 1 1 1 1 1 1 1 1 1 1 1 1 1 1 1 1 1 1 1 1 1 
1 0 1 1 1 0 1 1 1 1 1 1 1 1 1 0 1 1 1 1 1 1 1 1 1 1 1 1 1 1 1 1 1 1 1 1 1 1 1 
1 1 1 1 1 0 1 1 1 1 1 0 1 1 1 1 1 1 1 1 1 1 1 1 1 1 1 1 1 1 1 1 1 1 1 1 0 1 1 
1 1 1 1 1 1 0 1 1 1 1 0 1 1 1 1 1 1 1 1 1 1 1 1 1 1 1 1 1 1 1 1 1 1 1 1 1 1 1 
1 0 1 0 1 1 1 1 1 1 1 1 1 1 1 1 0 1 1 1 0 1 1 1 1 1 1 1 1 1 1 1 1 1 1 1 1 1 1 
1 1 1 1 1 1 1 1 1 0 1 1 1 1 1 1 1 1 1 1 1 1 1 1 1 1 1 1 1 1 1 1 0 1 1 1 1 1 1 
1 1 1 1 1 1 1 1 1 1 1 1 1 1 1 1 1 1 1 1 1 1 1 1 1 1 1 1 1 1 1 1 1 1 1 1 1 1 1 
1 1 1 1 1 1 1 1 1 1 1 1 1 1 1 1 1 1 1 1 1 1 1 1 1 1 1 1 1 1 1 1 1 1 1 1 1 1 1 
1 1 1 1 1 0 1 1 0 1 1 1 1 1 1 1 1 1 1 1 1 1 1 0 1 1 1 1 1 1 0 1 1 1 1 1 1 1 1 
1 1 1 1 1 1 1 0 1 0 1 1 1 1 1 1 1 1 1 1 1 1 1 1 1 1 1 1 0 1 1 1 1 1 1 1 1 1 1 
1 1 1 1 1 0 1 1 1 1 1 1 1 1 1 1 1 1 1 1 1 1 1 1 0 1 1 1 1 1 1 1 1 1 1 1 1 1 1 
0 1 1 1 0 1 1 1 1 1 1 0 1 1 1 1 1 1 1 1 1 1 1 1 1 1 1 1 1 1 1 1 1 1 1 0 1 1 1 
1 1 1 1 1 1 1 1 1 1 1 1 1 1 1 1 1 1 1 1 1 1 1 1 1 1 1 1 1 1 1 1 1 1 1 1 1 1 1 
1 0 1 0 1 1 1 1 1 1 0 1 1 1 1 1 0 1 1 1 0 1 1 1 1 1 1 1 1 1 1 1 1 1 1 1 1 1 1 
1 1 1 1 1 1 0 1 1 0 1 0 1 1 1 1 1 1 1 1 1 1 1 1 1 0 1 1 1 1 1 0 1 1 1 1 0 1 1 
1 1 1 1 1 1 1 1 1 1 1 1 0 1 1 1 1 1 1 1 1 1 1 1 1 1 1 1 1 1 1 1 1 1 1 1 1 1 1 
1 1 0 1 1 1 1 1 1 1 1 0 0 1 1 1 1 0 1 1 1 1 1 1 1 1 1 1 1 1 1 1 1 1 1 1 1 0 1 
1 1 0 1 0 1 1 0 1 1 1 1 1 1 1 1 1 1 1 1 1 1 0 1 1 1 1 1 0 1 1 1 1 1 1 1 1 1 1 
1 1 1 1 1 1 0 1 1 1 0 1 1 1 1 1 1 1 1 1 1 1 1 1 1 1 0 1 1 1 1 1 1 1 0 1 1 1 1 
1 1 1 1 0 1 1 1 1 1 0 0 1 1 1 1 1 1 1 1 1 0 1 1 1 1 1 1 1 1 1 1 1 0 1 1 0 1 1 
1 1 1 1 1 1 1 1 1 1 1 1 1 1 1 1 1 1 1 1 1 1 1 1 1 1 1 1 1 1 1 1 1 1 1 1 1 1 1 
1 1 1 1 1 1 1 1 1 1 1 1 0 1 1 1 1 1 1 1 1 1 1 1 1 1 1 1 1 1 1 1 1 1 1 1 1 1 1 
1 1 1 1 1 1 1 1 0 1 1 1 1 1 1 1 1 1 1 1 1 1 1 1 1 1 1 1 1 0 1 1 1 1 1 1 1 1 1 
1 1 1 1 1 1 1 1 1 1 1 1 1 1 1 1 1 1 1 1 1 1 1 1 1 1 1 1 1 1 1 1 1 1 1 1 1 1 1 
]

EmployeeWantedInStint: [ (2 23) 1 (3 24) 1 (7 8) 1 (7 9) 1 (7 32) 1 (8 13) 1 (9 32) 1 (11 26) 1 (13 20) 1 (14 8) 1 (14 33) 1 (15 5) 1 (15 29) 1 (15 35) 1 (19 16) 1 (19 27) 1 (20 4) 1 (20 25) 1 (22 11) 1 (24 15) 1 (25 3) 1 (25 17) 1 (25 29) 1 (29 10) 1 (31 4) 1 (31 10) 1 (31 24) 1 (31 33) 1 (34 6) 1 (34 17) 1 (34 27) 1 (35 13) 1 (36 12) 1 (37 22) 1 (40 14) 1 (40 33) 1 (41 6) 1 (44 5) 1 (44 12) 1 (46 11) 1 (47 14) 1 (47 23) 1 (47 29) 1 (48 34) 1 (49 31) 1 (50 14) 1 (54 32) 1 (55 16) 1 (56 3) 1 (56 8) 1 (57 23) 1 (61 23) 1 (62 34) 1 (65 5) 1 (65 21) 1 (68 5) 1 (68 33) 1 (70 4) 1 (70 10) 1 (70 16) 1 (70 32) 1 (71 2) 1 (71 15) 1 (72 9) 1 (73 34) 1 (74 14) 1 (74 26) 1 (75 15) 1 (76 25) 1 (76 35) 1 (77 1) 1 (77 30) 1 (78 2) 1 (79 9) 1 (82 33) 1 (85 32) 1 (86 36) 1 (87 15) 1 (87 31) 1 (88 11) 1 (88 17) 1 (90 31) 1 (91 1) 1 (91 31) 1 (93 6) 1 (93 14) 1 (93 34) 1 (95 6) 1 (96 8) 1 (96 32) 1 (100 21) 1 (100 38) 1 (101 4) 1 (102 23) 1 (104 6) 1 (106 24) 1 (108 25) 1 (109 16) 1 (112 5) 1 (112 6) 1 (114 10) 1 (116 34) 1 (117 19) 1 (119 5) 1 (119 32) 1 ]

EmployeeWantedViolationCost: [ (2 23) 10000 (3 24) 15000 (7 8) 6000 (7 9) 15000 (7 32) 9000 (8 13) 6000 (9 32) 14000 (11 26) 6000 (13 20) 15000 (14 8) 15000 (14 33) 14000 (15 5) 15000 (15 29) 6000 (15 35) 13000 (19 16) 10000 (19 27) 8000 (20 4) 13000 (20 25) 12000 (22 11) 7000 (24 15) 13000 (25 3) 14000 (25 17) 13000 (25 29) 9000 (29 10) 14000 (31 4) 14000 (31 10) 11000 (31 24) 9000 (31 33) 12000 (34 6) 12000 (34 17) 7000 (34 27) 6000 (35 13) 7000 (36 12) 5000 (37 22) 15000 (40 14) 7000 (40 33) 10000 (41 6) 13000 (44 5) 7000 (44 12) 15000 (46 11) 8000 (47 14) 8000 (47 23) 12000 (47 29) 7000 (48 34) 8000 (49 31) 11000 (50 14) 15000 (54 32) 6000 (55 16) 12000 (56 3) 6000 (56 8) 9000 (57 23) 13000 (61 23) 5000 (62 34) 8000 (65 5) 12000 (65 21) 15000 (68 5) 10000 (68 33) 8000 (70 4) 14000 (70 10) 7000 (70 16) 12000 (70 32) 9000 (71 2) 15000 (71 15) 15000 (72 9) 14000 (73 34) 9000 (74 14) 12000 (74 26) 6000 (75 15) 6000 (76 25) 10000 (76 35) 14000 (77 1) 14000 (77 30) 11000 (78 2) 9000 (79 9) 5000 (82 33) 12000 (85 32) 14000 (86 36) 14000 (87 15) 7000 (87 31) 8000 (88 11) 12000 (88 17) 14000 (90 31) 5000 (91 1) 5000 (91 31) 12000 (93 6) 13000 (93 14) 8000 (93 34) 15000 (95 6) 14000 (96 8) 6000 (96 32) 7000 (100 21) 8000 (100 38) 5000 (101 4) 13000 (102 23) 6000 (104 6) 5000 (106 24) 5000 (108 25) 11000 (109 16) 7000 (112 5) 14000 (112 6) 10000 (114 10) 13000 (116 34) 15000 (117 19) 12000 (119 5) 13000 (119 32) 15000 ]

EmployeesThatShouldNotWorkTogetherWithEmployee: [
[ 18 90 107 119 ]
[ 16 44 57 68 ]
[ 24 31 46 48 89 ]
[ 29 42 62 70 93 108 ]
[ 6 11 14 26 55 ]
[ 20 59 73 95 108 119 ]
[ 9 54 84 111 ]
[ 51 55 84 118 ]
[ 21 53 84 94 108 110 ]
[ 42 75 80 103 ]
[ 62 79 102 104 ]
[ 21 34 44 50 51 76 95 116 ]
[ 26 65 108 ]
[ 31 ]
[ 31 34 37 55 72 92 107 115 ]
[ 47 70 116 117 ]
[ 42 108 116 118 ]
[ 45 88 105 118 ]
[ 25 64 80 91 102 ]
[ 41 113 ]
[ 65 99 105 118 ]
[ 43 69 88 89 ]
[ 118 120 ]
[ 70 106 ]
[ 32 44 71 119 ]
[ 27 72 85 91 104 ]
[ 31 44 45 90 101 ]
[ 29 32 55 112 ]
[ 66 86 ]
[ 61 ]
[ 36 42 80 85 94 ]
[ 42 45 49 78 102 ]
[ 39 ]
[ 57 90 117 ]
[ 36 45 69 102 117 ]
[ 69 88 95 112 117 119 ]
[ 46 53 58 99 102 ]
[ 46 74 119 ]
[ 83 94 104 120 ]
[ 58 86 111 ]
[ 82 ]
[ 49 58 61 79 90 101 ]
[ 55 57 65 89 ]
[ 95 98 110 ]
[ 56 65 75 85 95 105 ]
[ 57 88 99 108 ]
[ 72 ]
[ 59 60 61 62 84 98 118 ]
[ 53 64 69 79 119 ]
[ 64 115 ]
[ 75 110 111 ]
[ 64 85 92 112 115 ]
[ 105 ]
[ 56 ]
[ ]
[ 96 117 118 ]
[ 82 ]
[ 71 109 120 ]
[ 80 97 100 107 ]
[ ]
[ 78 ]
[ 73 84 ]
[ 113 114 ]
[ 108 ]
[ 102 ]
[ 95 102 ]
[ 79 86 90 ]
[ 87 105 ]
[ 93 ]
[ 84 97 106 113 115 ]
[ 91 96 99 112 115 119 ]
[ 87 ]
[ 85 ]
[ ]
[ 88 ]
[ 89 99 103 119 ]
[ 85 91 ]
[ 81 95 116 ]
[ 97 98 ]
[ 87 97 115 119 ]
[ 94 110 ]
[ 86 ]
[ 97 119 ]
[ 114 ]
[ ]
[ 90 93 112 118 120 ]
[ ]
[ 105 107 ]
[ 107 ]
[ 98 119 ]
[ 98 107 113 ]
[ ]
[ ]
[ 96 107 118 ]
[ 108 ]
[ ]
[ ]
[ 105 ]
[ ]
[ ]
[ ]
[ 115 ]
[ ]
[ ]
[ 119 ]
[ 112 ]
[ ]
[ ]
[ ]
[ 116 ]
[ 117 ]
[ ]
[ 114 ]
[ ]
[ ]
[ 117 ]
[ ]
[ ]
[ ]
[ ]
]

ShouldNotWorkTogetherCost: [ (1 18) 198 (1 90) 198 (1 107) 99 (1 119) 396 (2 16) 396 (2 44) 99 (2 57) 198 (2 68) 297 (3 24) 297 (3 31) 99 (3 46) 99 (3 48) 396 (3 89) 297 (4 29) 198 (4 42) 99 (4 62) 198 (4 70) 396 (4 93) 99 (4 108) 198 (5 6) 198 (5 11) 297 (5 14) 99 (5 26) 99 (5 55) 396 (6 20) 297 (6 59) 297 (6 73) 99 (6 95) 396 (6 108) 198 (6 119) 198 (7 9) 297 (7 54) 396 (7 84) 396 (7 111) 396 (8 51) 396 (8 55) 198 (8 84) 198 (8 118) 99 (9 21) 99 (9 53) 99 (9 84) 99 (9 94) 99 (9 108) 198 (9 110) 99 (10 42) 396 (10 75) 396 (10 80) 396 (10 103) 396 (11 62) 396 (11 79) 198 (11 102) 396 (11 104) 99 (12 21) 99 (12 34) 99 (12 44) 99 (12 50) 99 (12 51) 198 (12 76) 198 (12 95) 99 (12 116) 99 (13 26) 198 (13 65) 396 (13 108) 297 (14 31) 99 (15 31) 396 (15 34) 396 (15 37) 396 (15 55) 396 (15 72) 297 (15 92) 198 (15 107) 99 (15 115) 297 (16 47) 396 (16 70) 198 (16 116) 99 (16 117) 297 (17 42) 297 (17 108) 198 (17 116) 198 (17 118) 297 (18 45) 198 (18 88) 297 (18 105) 198 (18 118) 396 (19 25) 99 (19 64) 99 (19 80) 396 (19 91) 99 (19 102) 198 (20 41) 297 (20 113) 297 (21 65) 198 (21 99) 396 (21 105) 297 (21 118) 198 (22 43) 396 (22 69) 99 (22 88) 99 (22 89) 198 (23 118) 198 (23 120) 396 (24 70) 99 (24 106) 99 (25 32) 297 (25 44) 198 (25 71) 198 (25 119) 297 (26 27) 198 (26 72) 99 (26 85) 99 (26 91) 99 (26 104) 198 (27 31) 396 (27 44) 297 (27 45) 198 (27 90) 297 (27 101) 396 (28 29) 297 (28 32) 198 (28 55) 297 (28 112) 396 (29 66) 396 (29 86) 99 (30 61) 198 (31 36) 198 (31 42) 198 (31 80) 297 (31 85) 99 (31 94) 99 (32 42) 99 (32 45) 297 (32 49) 297 (32 78) 297 (32 102) 396 (33 39) 99 (34 57) 396 (34 90) 396 (34 117) 396 (35 36) 99 (35 45) 297 (35 69) 396 (35 102) 99 (35 117) 396 (36 69) 99 (36 88) 99 (36 95) 99 (36 112) 198 (36 117) 198 (36 119) 198 (37 46) 297 (37 53) 198 (37 58) 198 (37 99) 99 (37 102) 198 (38 46) 396 (38 74) 297 (38 119) 297 (39 83) 396 (39 94) 99 (39 104) 396 (39 120) 396 (40 58) 99 (40 86) 198 (40 111) 396 (41 82) 99 (42 49) 297 (42 58) 198 (42 61) 198 (42 79) 99 (42 90) 99 (42 101) 396 (43 55) 198 (43 57) 198 (43 65) 396 (43 89) 198 (44 95) 198 (44 98) 297 (44 110) 396 (45 56) 297 (45 65) 396 (45 75) 396 (45 85) 396 (45 95) 297 (45 105) 396 (46 57) 396 (46 88) 297 (46 99) 99 (46 108) 297 (47 72) 297 (48 59) 198 (48 60) 396 (48 61) 99 (48 62) 396 (48 84) 198 (48 98) 396 (48 118) 198 (49 53) 198 (49 64) 297 (49 69) 297 (49 79) 99 (49 119) 396 (50 64) 198 (50 115) 396 (51 75) 297 (51 110) 396 (51 111) 99 (52 64) 198 (52 85) 297 (52 92) 198 (52 112) 297 (52 115) 198 (53 105) 198 (54 56) 198 (56 96) 99 (56 117) 396 (56 118) 99 (57 82) 297 (58 71) 297 (58 109) 297 (58 120) 198 (59 80) 99 (59 97) 396 (59 100) 198 (59 107) 99 (61 78) 396 (62 73) 99 (62 84) 99 (63 113) 297 (63 114) 396 (64 108) 198 (65 102) 396 (66 95) 396 (66 102) 198 (67 79) 99 (67 86) 198 (67 90) 396 (68 87) 198 (68 105) 99 (69 93) 99 (70 84) 198 (70 97) 297 (70 106) 99 (70 113) 99 (70 115) 198 (71 91) 198 (71 96) 396 (71 99) 396 (71 112) 396 (71 115) 396 (71 119) 297 (72 87) 198 (73 85) 198 (75 88) 99 (76 89) 99 (76 99) 99 (76 103) 297 (76 119) 297 (77 85) 99 (77 91) 297 (78 81) 396 (78 95) 99 (78 116) 297 (79 97) 396 (79 98) 198 (80 87) 396 (80 97) 396 (80 115) 297 (80 119) 396 (81 94) 396 (81 110) 99 (82 86) 396 (83 97) 396 (83 119) 297 (84 114) 198 (86 90) 297 (86 93) 396 (86 112) 198 (86 118) 297 (86 120) 198 (88 105) 198 (88 107) 297 (89 107) 396 (90 98) 297 (90 119) 396 (91 98) 198 (91 107) 297 (91 113) 198 (94 96) 198 (94 107) 99 (94 118) 198 (95 108) 198 (98 105) 297 (102 115) 99 (105 119) 198 (106 112) 99 (110 116) 297 (111 117) 99 (113 114) 297 (116 117) 99 ]

ImmediatePredecessorsToActivity: [
[ ]
[ 1 ]
[ 2 ]
[ 2 ]
[ 1 ]
[ 3 ]
[ 1 ]
[ 2 ]
[ 4 ]
[ 8 ]
[ 6 ]
[ 10 11 ]
[ 3 12 ]
[ 3 12 ]
[ 2 ]
[ 6 13 ]
[ 5 ]
[ 9 11 13 17 ]
[ 4 8 ]
[ 11 13 ]
[ 5 6 12 19 ]
[ 11 19 ]
[ 3 10 11 ]
[ 9 11 13 15 21 ]
[ 6 13 22 23 ]
[ 5 6 8 ]
[ 15 19 23 ]
[ 4 5 12 15 ]
[ 3 5 15 22 ]
[ 6 9 15 17 ]
[ 6 17 19 ]
[ 8 13 23 ]
[ 9 15 ]
[ 3 4 5 12 30 ]
[ 4 30 ]
[ ]
[ 36 ]
[ 36 ]
[ 36 ]
[ 37 ]
[ 40 ]
[ 37 41 ]
[ 40 ]
[ 42 ]
[ 38 39 42 ]
[ 37 ]
[ 46 ]
[ 39 ]
[ 40 ]
[ 48 ]
[ 38 42 49 ]
[ 39 42 47 ]
[ 46 51 ]
[ 40 47 48 ]
[ 37 41 48 ]
[ 36 ]
[ 36 ]
[ 56 ]
[ 38 39 42 ]
[ 47 48 51 56 ]
[ 40 55 ]
[ 40 46 ]
[ 44 45 ]
[ 40 47 51 55 ]
[ 40 ]
[ 45 51 52 ]
[ 45 51 52 55 65 ]
[ 36 ]
[ 51 52 59 68 ]
[ 40 44 46 48 51 58 ]
[ 38 55 65 68 ]
[ 37 ]
[ 46 49 65 ]
[ 45 49 56 59 72 ]
[ 45 52 59 68 ]
[ 44 47 73 ]
[ 40 48 ]
[ 38 48 ]
[ 49 54 56 65 72 78 ]
[ 39 42 55 65 ]
[ 42 56 ]
]

ActivitiesInProject: [
[ 1 2 3 4 5 6 7 8 9 10 11 12 13 14 15 16 17 18 19 20 21 22 23 24 25 26 27 28 29 30 31 32 33 34 35 ]
[ 36 37 38 39 40 41 42 43 44 45 46 47 48 49 50 51 52 53 54 55 56 57 58 59 60 61 62 63 64 65 66 67 68 69 70 71 72 73 74 75 76 77 78 79 80 81 ]
]

nActivityModes: [ 2 2 2 2 2 2 2 2 2 2 2 2 2 2 2 2 2 2 2 2 2 2 2 2 2 2 2 2 2 2 2 2 2 2 2 2 2 2 2 2 2 2 2 2 2 2 2 2 2 2 2 2 2 2 2 2 2 2 2 2 2 2 2 2 2 2 2 2 2 2 2 2 2 2 2 2 2 2 2 2 2 ]

ActivitiyDurationWithMode: [
1	1	
11	8	
11	8	
17	12	
13	9	
11	8	
92	62	
15	10	
18	12	
32	22	
15	10	
13	9	
11	8	
18	12	
15	10	
16	11	
12	8	
11	8	
13	9	
10	7	
15	10	
29	20	
16	11	
13	9	
10	7	
47	32	
21	14	
22	15	
16	11	
19	13	
57	38	
10	7	
22	15	
25	17	
11	8	
1	1	
21	14	
49	33	
31	21	
14	10	
14	10	
10	7	
50	34	
22	15	
19	13	
13	9	
31	21	
11	8	
25	17	
46	31	
19	13	
13	9	
15	10	
17	12	
16	11	
52	35	
87	58	
29	20	
13	9	
10	7	
22	15	
57	38	
11	8	
10	7	
29	20	
13	9	
10	7	
28	19	
15	10	
11	8	
25	17	
13	9	
18	12	
14	10	
13	9	
10	7	
36	24	
17	12	
10	7	
23	16	
30	20	
]
StintsInProject: [
[ 1 2 3 4 5 6 7 8 9 10 11 12 13 ]
[ 14 15 16 17 18 19 20 21 22 23 24 25 26 27 28 29 30 31 32 33 34 35 36 37 38 39 ]
]

WorkingStintsOnDay: [
[ 1 14 ]
[ 1 14 ]
[ 1 14 ]
[ 1 14 ]
[ 1 14 ]
[ 1 ]
[ 1 ]
[ 1 15 ]
[ 1 15 ]
[ 1 15 ]
[ 1 15 ]
[ 1 15 ]
[ 1 ]
[ 1 ]
[ 2 16 ]
[ 2 16 ]
[ 2 16 ]
[ 2 16 ]
[ 2 16 ]
[ 2 ]
[ 2 ]
[ 2 17 ]
[ 2 17 ]
[ 2 17 ]
[ 2 17 ]
[ 2 17 ]
[ 2 ]
[ 2 ]
[ 3 18 ]
[ 3 18 ]
[ 3 18 ]
[ 3 18 ]
[ 3 18 ]
[ 3 ]
[ 3 ]
[ 3 19 ]
[ 3 19 ]
[ 3 19 ]
[ 3 19 ]
[ 3 19 ]
[ 3 ]
[ 3 ]
[ 4 20 ]
[ 4 20 ]
[ 4 20 ]
[ 4 20 ]
[ 4 20 ]
[ 4 ]
[ 4 ]
[ 4 21 ]
[ 4 21 ]
[ 4 21 ]
[ 4 21 ]
[ 4 21 ]
[ 4 ]
[ 4 ]
[ 5 22 ]
[ 5 22 ]
[ 5 22 ]
[ 5 22 ]
[ 5 22 ]
[ 5 ]
[ 5 ]
[ 5 23 ]
[ 5 23 ]
[ 5 23 ]
[ 5 23 ]
[ 5 23 ]
[ 5 ]
[ 5 ]
[ 6 24 ]
[ 6 24 ]
[ 6 24 ]
[ 6 24 ]
[ 6 24 ]
[ 6 ]
[ 6 ]
[ 6 25 ]
[ 6 25 ]
[ 6 25 ]
[ 6 25 ]
[ 6 25 ]
[ 6 ]
[ 6 ]
[ 7 26 ]
[ 7 26 ]
[ 7 26 ]
[ 7 26 ]
[ 7 26 ]
[ 7 ]
[ 7 ]
[ 7 27 ]
[ 7 27 ]
[ 7 27 ]
[ 7 27 ]
[ 7 27 ]
[ 7 ]
[ 7 ]
[ 8 28 ]
[ 8 28 ]
[ 8 28 ]
[ 8 28 ]
[ 8 28 ]
[ 8 ]
[ 8 ]
[ 8 29 ]
[ 8 29 ]
[ 8 29 ]
[ 8 29 ]
[ 8 29 ]
[ 8 ]
[ 8 ]
[ 9 30 ]
[ 9 30 ]
[ 9 30 ]
[ 9 30 ]
[ 9 30 ]
[ 9 ]
[ 9 ]
[ 9 31 ]
[ 9 31 ]
[ 9 31 ]
[ 9 31 ]
[ 9 31 ]
[ 9 ]
[ 9 ]
[ 10 32 ]
[ 10 32 ]
[ 10 32 ]
[ 10 32 ]
[ 10 32 ]
[ 10 ]
[ 10 ]
[ 10 33 ]
[ 10 33 ]
[ 10 33 ]
[ 10 33 ]
[ 10 33 ]
[ 10 ]
[ 10 ]
[ 11 34 ]
[ 11 34 ]
[ 11 34 ]
[ 11 34 ]
[ 11 34 ]
[ 11 ]
[ 11 ]
[ 11 35 ]
[ 11 35 ]
[ 11 35 ]
[ 11 35 ]
[ 11 35 ]
[ 11 ]
[ 11 ]
[ 12 36 ]
[ 12 36 ]
[ 12 36 ]
[ 12 36 ]
[ 12 36 ]
[ 12 ]
[ 12 ]
[ 12 37 ]
[ 12 37 ]
[ 12 37 ]
[ 12 37 ]
[ 12 37 ]
[ 12 ]
[ 12 ]
[ 13 38 ]
[ 13 38 ]
[ 13 38 ]
[ 13 38 ]
[ 13 38 ]
[ 13 ]
[ 13 ]
[ 13 39 ]
[ 13 39 ]
[ 13 39 ]
[ 13 39 ]
[ 13 39 ]
]

ProjectStart: [ 3 42 ]

ProjectEnd: [ 105 175 ]

EarliestStartDayForActivity: [ 1 3 14 14 3 25 3 14 31 29 36 61 74 74 14 85 16 85 31 85 74 51 61 89 85 36 77 74 80 49 44 85 49 74 68 1 42 42 42 72 90 110 90 124 124 72 89 86 90 101 125 132 152 132 110 42 42 115 124 152 132 90 156 152 90 152 152 42 152 156 132 72 131 151 151 157 101 110 157 132 124 ]

LatestStartDayForActivity: [ 1 105 105 105 105 105 105 105 105 105 105 105 105 105 105 105 105 105 105 105 105 105 105 105 105 105 105 105 105 105 105 105 105 105 105 1 175 175 175 175 175 175 175 175 175 175 175 175 175 175 175 175 175 175 175 175 175 175 175 175 175 175 175 175 175 175 175 175 175 175 175 175 175 175 175 175 175 175 175 175 175 ]

EquipmentTypeDemandInActivityWithMode: [
0	1	
1	3	
1	3	
1	3	
0	1	
0	1	
1	3	
3	6	
1	3	
0	1	
0	1	
1	3	
1	3	
0	1	
0	1	
0	1	
0	1	
0	1	
1	3	
0	1	
0	1	
1	3	
1	3	
1	3	
2	4	
0	1	
0	1	
2	4	
0	1	
0	1	
1	3	
0	1	
0	1	
1	3	
0	1	
0	1	
1	3	
0	1	
0	1	
0	1	
0	1	
2	4	
1	3	
0	1	
1	3	
0	1	
1	3	
1	3	
0	1	
1	3	
0	1	
0	1	
0	1	
0	1	
0	1	
0	1	
0	1	
0	1	
1	3	
0	1	
1	3	
0	1	
2	4	
1	3	
1	3	
0	1	
2	4	
0	1	
0	1	
1	3	
0	1	
1	3	
1	3	
0	1	
0	1	
1	3	
1	3	
0	1	
0	1	
0	1	
1	3	

0	1	
0	1	
2	4	
0	1	
1	3	
0	1	
0	1	
0	1	
0	1	
0	1	
0	1	
1	3	
2	4	
0	1	
0	1	
0	1	
0	1	
0	1	
0	1	
0	1	
0	1	
1	3	
1	3	
0	1	
0	1	
1	3	
0	1	
0	1	
1	3	
1	3	
1	3	
2	4	
1	3	
1	3	
0	1	
0	1	
0	1	
0	1	
1	3	
1	3	
0	1	
2	4	
0	1	
0	1	
0	1	
0	1	
0	1	
2	4	
0	1	
1	3	
0	1	
0	1	
1	3	
1	3	
1	3	
0	1	
0	1	
0	1	
1	3	
0	1	
2	4	
0	1	
1	3	
0	1	
2	4	
0	1	
1	3	
1	3	
0	1	
1	3	
1	3	
0	1	
0	1	
0	1	
1	3	
0	1	
1	3	
0	1	
1	3	
0	1	
2	4	

0	1	
0	1	
2	4	
0	1	
1	3	
1	3	
2	4	
2	4	
2	4	
1	3	
1	3	
1	3	
1	3	
3	6	
0	1	
1	3	
1	3	
2	4	
2	4	
0	1	
1	3	
1	3	
3	6	
0	1	
3	6	
2	4	
1	3	
2	4	
5	9	
2	4	
0	1	
2	4	
2	4	
0	1	
0	1	
0	1	
0	1	
1	3	
1	3	
3	6	
1	3	
0	1	
0	1	
1	3	
1	3	
0	1	
1	3	
1	3	
1	3	
2	4	
0	1	
0	1	
3	6	
2	4	
0	1	
0	1	
1	3	
1	3	
2	4	
1	3	
0	1	
2	4	
0	1	
2	4	
3	6	
2	4	
0	1	
1	3	
1	3	
2	4	
0	1	
0	1	
1	3	
2	4	
3	6	
0	1	
1	3	
0	1	
0	1	
0	1	
0	1	

]

ExternalEquipmentRentingCost: [
1351	2136	4445	1001	1829	1103	1276	1595	3659	1618	4023	4716	2030	2286	2780	3425	4912	3849	2325	4503	2926	5835	2728	5356	2131	2715	1875	5309	2559	4532	1014	5570	5402	4589	3891	5548	2305	3644	1681	1281	1683	1821	3682	3645	2501	1983	1690	2129	3391	3735	4840	3507	2097	5506	2130	5153	1320	2048	2383	2832	3350	3788	3778	4419	2576	4341	4968	5396	4517	1666	1909	3564	4814	3101	4587	5970	2790	2574	3212	2326	2886	
4438	2899	2243	5954	4196	3407	5440	2056	4915	1061	2676	5788	5741	4892	1561	5001	4241	3670	2886	3786	1866	1470	5233	5854	1156	4120	3213	5600	2551	1910	1654	3258	1375	4853	1027	3697	4864	2579	5825	4420	3447	1336	3641	3648	3529	3589	2583	1015	3872	5499	2244	5642	2422	2859	3478	5564	5496	1032	2133	1561	4922	3712	1226	4771	1209	4520	3422	5375	3693	2967	1248	2675	1845	4418	3295	2296	1234	1321	4443	5919	5761	
2601	1863	1957	3151	1570	5365	3044	4340	4139	1150	5560	3167	5340	1798	4231	3598	4987	3948	2785	1884	3507	1258	3649	2761	2758	3317	1672	3084	2292	2708	2134	5643	4935	5627	5984	4505	3594	1150	4170	4375	4787	1142	3414	4430	4099	5263	3154	2538	3207	3012	2213	3663	3416	3764	4764	3914	4665	5796	1944	3747	4768	5997	3180	4763	4966	3014	2706	1084	4160	1277	3150	4210	5337	2969	3412	1800	5560	3401	2101	3315	1022	
]

EquipmentTypeTransportationCost: [
1	5101	
5101	1	

1	3298	
3298	1	

1	4014	
4014	1	

]

TransportationTimeForEquipmentTypeBetweenProjects: [
1	4	
4	1	

1	2	
2	1	

1	3	
3	1	

]

TotalNumberOfInitialEquipmentTypeLocation: [
(1 1) 1 (1 36) 1 
(2 1) 1 (2 36) 1 
(3 1) 3 (3 36) 3 
]

DepotActivities: [ 1 36 ]

MaximalStintCliques: [
[ 2 1 17 ]
[ 2 1 16 ]
[ 2 18 3 ]
[ 2 3 19 ]
[ 4 3 20 ]
[ 4 3 21 ]
[ 4 5 22 ]
[ 4 5 23 ]
[ 5 25 6 ]
[ 5 6 24 ]
[ 6 26 7 ]
[ 6 27 7 ]
[ 7 28 8 ]
[ 7 29 8 ]
[ 8 9 30 ]
[ 8 9 31 ]
[ 9 33 10 ]
[ 9 10 32 ]
[ 10 34 11 ]
[ 10 35 11 ]
[ 11 12 36 ]
[ 11 12 37 ]
[ 12 13 38 ]
[ 12 13 39 ]
[ 14 1 ]
[ 15 1 ]
]
