nEmployees: 150
nSkills: 6
nProjects: 2
nDays: 150
nActivities: 79
nEquipmentTypes: 4
nStints: 33
nMaxModes: 3
nStintCliques: 22

EmployeeInStintCost: [
26012 26012 26012 26012 26012 26012 26012 26012 26012 26012 26012 26012 26012 26012 26012 26012 26012 26012 26012 26012 26012 20516 23620 23620 23620 23620 23620 23620 23620 23620 23620 20980 11740 
4320 4320 4320 4320 4320 4320 4320 4320 4320 4320 4320 4320 4320 4320 4320 4320 4320 4320 4320 4320 4320 1440 51388 51388 51388 51388 51388 51388 51388 51388 51388 48508 33316 
25724 25724 25724 25724 25724 25724 25724 25724 25724 25724 25724 25724 25724 25724 25724 25724 25724 25724 25724 25724 25724 20420 22324 22324 22324 22324 22324 22324 22324 22324 22324 19876 11308 
25428 25428 25428 25428 25428 25428 25428 25428 25428 25428 25428 25428 25428 25428 25428 25428 25428 25428 25428 25428 25428 20028 36648 36648 36648 36648 36648 36648 36648 36648 36648 34104 20088 
3924 3924 3924 3924 3924 3924 3924 3924 3924 3924 3924 3924 3924 3924 3924 3924 3924 3924 3924 3924 3924 1308 49606 49606 49606 49606 49606 49606 49606 49606 49606 46990 32722 
7512 7512 7512 7512 7512 7512 7512 7512 7512 7512 7512 7512 7512 7512 7512 7512 7512 7512 7512 7512 7512 4824 49540 49540 49540 49540 49540 49540 49540 49540 49540 46852 32332 
13552 13552 13552 13552 13552 13552 13552 13552 13552 13552 13552 13552 13552 13552 13552 13552 13552 13552 13552 13552 13552 8128 47106 47106 47106 47106 47106 47106 47106 47106 47106 44538 30438 
21400 21400 21400 21400 21400 21400 21400 21400 21400 21400 21400 21400 21400 21400 21400 21400 21400 21400 21400 21400 21400 15976 39330 39330 39330 39330 39330 39330 39330 39330 39330 36762 22662 
3852 3852 3852 3852 3852 3852 3852 3852 3852 3852 3852 3852 3852 3852 3852 3852 3852 3852 3852 3852 3852 1284 49282 49282 49282 49282 49282 49282 49282 49282 49282 46714 32614 
21836 21836 21836 21836 21836 21836 21836 21836 21836 21836 21836 21836 21836 21836 21836 21836 21836 21836 21836 21836 21836 16580 37092 37092 37092 37092 37092 37092 37092 37092 37092 34692 21180 
17764 17764 17764 17764 17764 17764 17764 17764 17764 17764 17764 17764 17764 17764 17764 17764 17764 17764 17764 17764 17764 12076 44680 44680 44680 44680 44680 44680 44680 44680 44680 41848 26824 
12628 12628 12628 12628 12628 12628 12628 12628 12628 12628 12628 12628 12628 12628 12628 12628 12628 12628 12628 12628 12628 7228 47896 47896 47896 47896 47896 47896 47896 47896 47896 45352 31336 
25284 25284 25284 25284 25284 25284 25284 25284 25284 25284 25284 25284 25284 25284 25284 25284 25284 25284 25284 25284 25284 19980 36000 36000 36000 36000 36000 36000 36000 36000 36000 33552 19872 
21580 21580 21580 21580 21580 21580 21580 21580 21580 21580 21580 21580 21580 21580 21580 21580 21580 21580 21580 21580 21580 16036 40140 40140 40140 40140 40140 40140 40140 40140 40140 37452 22932 
25008 25008 25008 25008 25008 25008 25008 25008 25008 25008 25008 25008 25008 25008 25008 25008 25008 25008 25008 25008 25008 19632 17490 17490 17490 17490 17490 17490 17490 17490 17490 14970 6150 
23704 23704 23704 23704 23704 23704 23704 23704 23704 23704 23704 23704 23704 23704 23704 23704 23704 23704 23704 23704 23704 17992 39570 39570 39570 39570 39570 39570 39570 39570 39570 36714 21606 
22304 22304 22304 22304 22304 22304 22304 22304 22304 22304 22304 22304 22304 22304 22304 22304 22304 22304 22304 22304 22304 16736 39198 39198 39198 39198 39198 39198 39198 39198 39198 36486 21882 
13840 13840 13840 13840 13840 13840 13840 13840 13840 13840 13840 13840 13840 13840 13840 13840 13840 13840 13840 13840 13840 8224 48402 48402 48402 48402 48402 48402 48402 48402 48402 45642 30870 
7764 7764 7764 7764 7764 7764 7764 7764 7764 7764 7764 7764 7764 7764 7764 7764 7764 7764 7764 7764 7764 4908 50674 50674 50674 50674 50674 50674 50674 50674 50674 47818 32710 
25860 25860 25860 25860 25860 25860 25860 25860 25860 25860 25860 25860 25860 25860 25860 25860 25860 25860 25860 25860 25860 20172 38592 38592 38592 38592 38592 38592 38592 38592 38592 35760 20736 
12332 12332 12332 12332 12332 12332 12332 12332 12332 12332 12332 12332 12332 12332 12332 12332 12332 12332 12332 12332 12332 6836 48544 48544 48544 48544 48544 48544 48544 48544 48544 45904 31552 
25300 25300 25300 25300 25300 25300 25300 25300 25300 25300 25300 25300 25300 25300 25300 25300 25300 25300 25300 25300 25300 19708 18468 18468 18468 18468 18468 18468 18468 18468 18468 15732 6156 
25296 25296 25296 25296 25296 25296 25296 25296 25296 25296 25296 25296 25296 25296 25296 25296 25296 25296 25296 25296 25296 19728 18786 18786 18786 18786 18786 18786 18786 18786 18786 16074 6582 
25824 25824 25824 25824 25824 25824 25824 25824 25824 25824 25824 25824 25824 25824 25824 25824 25824 25824 25824 25824 25824 20160 38430 38430 38430 38430 38430 38430 38430 38430 38430 35622 20682 
23092 23092 23092 23092 23092 23092 23092 23092 23092 23092 23092 23092 23092 23092 23092 23092 23092 23092 23092 23092 23092 17788 36816 36816 36816 36816 36816 36816 36816 36816 36816 34368 20688 
25104 25104 25104 25104 25104 25104 25104 25104 25104 25104 25104 25104 25104 25104 25104 25104 25104 25104 25104 25104 25104 19920 35190 35190 35190 35190 35190 35190 35190 35190 35190 32862 19602 
16820 16820 16820 16820 16820 16820 16820 16820 16820 16820 16820 16820 16820 16820 16820 16820 16820 16820 16820 16820 16820 11036 46528 46528 46528 46528 46528 46528 46528 46528 46528 43600 28240 
17548 17548 17548 17548 17548 17548 17548 17548 17548 17548 17548 17548 17548 17548 17548 17548 17548 17548 17548 17548 17548 12004 43708 43708 43708 43708 43708 43708 43708 43708 43708 41020 26500 
7404 7404 7404 7404 7404 7404 7404 7404 7404 7404 7404 7404 7404 7404 7404 7404 7404 7404 7404 7404 7404 4788 49054 49054 49054 49054 49054 49054 49054 49054 49054 46438 32170 
25428 25428 25428 25428 25428 25428 25428 25428 25428 25428 25428 25428 25428 25428 25428 25428 25428 25428 25428 25428 25428 20028 36648 36648 36648 36648 36648 36648 36648 36648 36648 34104 20088 
12448 12448 12448 12448 12448 12448 12448 12448 12448 12448 12448 12448 12448 12448 12448 12448 12448 12448 12448 12448 12448 7168 47086 47086 47086 47086 47086 47086 47086 47086 47086 44662 31066 
24972 24972 24972 24972 24972 24972 24972 24972 24972 24972 24972 24972 24972 24972 24972 24972 24972 24972 24972 24972 24972 19620 17328 17328 17328 17328 17328 17328 17328 17328 17328 14832 6096 
18588 18588 18588 18588 18588 18588 18588 18588 18588 18588 18588 18588 18588 18588 18588 18588 18588 18588 18588 18588 18588 13092 42392 42392 42392 42392 42392 42392 42392 42392 42392 39752 25400 
18300 18300 18300 18300 18300 18300 18300 18300 18300 18300 18300 18300 18300 18300 18300 18300 18300 18300 18300 18300 18300 12996 41096 41096 41096 41096 41096 41096 41096 41096 41096 38648 24968 
26012 26012 26012 26012 26012 26012 26012 26012 26012 26012 26012 26012 26012 26012 26012 26012 26012 26012 26012 26012 26012 20516 23620 23620 23620 23620 23620 23620 23620 23620 23620 20980 11740 
20212 20212 20212 20212 20212 20212 20212 20212 20212 20212 20212 20212 20212 20212 20212 20212 20212 20212 20212 20212 20212 15052 38364 38364 38364 38364 38364 38364 38364 38364 38364 36060 22884 
12772 12772 12772 12772 12772 12772 12772 12772 12772 12772 12772 12772 12772 12772 12772 12772 12772 12772 12772 12772 12772 7276 48544 48544 48544 48544 48544 48544 48544 48544 48544 45904 31552 
23284 23284 23284 23284 23284 23284 23284 23284 23284 23284 23284 23284 23284 23284 23284 23284 23284 23284 23284 23284 23284 17548 39820 39820 39820 39820 39820 39820 39820 39820 39820 36940 21748 
21148 21148 21148 21148 21148 21148 21148 21148 21148 21148 21148 21148 21148 21148 21148 21148 21148 21148 21148 21148 21148 15364 42576 42576 42576 42576 42576 42576 42576 42576 42576 39648 24288 
22768 22768 22768 22768 22768 22768 22768 22768 22768 22768 22768 22768 22768 22768 22768 22768 22768 22768 22768 22768 22768 17680 35358 35358 35358 35358 35358 35358 35358 35358 35358 33126 20202 
24972 24972 24972 24972 24972 24972 24972 24972 24972 24972 24972 24972 24972 24972 24972 24972 24972 24972 24972 24972 24972 19620 17328 17328 17328 17328 17328 17328 17328 17328 17328 14832 6096 
18660 18660 18660 18660 18660 18660 18660 18660 18660 18660 18660 18660 18660 18660 18660 18660 18660 18660 18660 18660 18660 13116 42716 42716 42716 42716 42716 42716 42716 42716 42716 40028 25508 
18228 18228 18228 18228 18228 18228 18228 18228 18228 18228 18228 18228 18228 18228 18228 18228 18228 18228 18228 18228 18228 12972 40772 40772 40772 40772 40772 40772 40772 40772 40772 38372 24860 
25752 25752 25752 25752 25752 25752 25752 25752 25752 25752 25752 25752 25752 25752 25752 25752 25752 25752 25752 25752 25752 20136 38106 38106 38106 38106 38106 38106 38106 38106 38106 35346 20574 
17332 17332 17332 17332 17332 17332 17332 17332 17332 17332 17332 17332 17332 17332 17332 17332 17332 17332 17332 17332 17332 11932 42736 42736 42736 42736 42736 42736 42736 42736 42736 40192 26176 
23104 23104 23104 23104 23104 23104 23104 23104 23104 23104 23104 23104 23104 23104 23104 23104 23104 23104 23104 23104 23104 17488 39010 39010 39010 39010 39010 39010 39010 39010 39010 36250 21478 
25408 25408 25408 25408 25408 25408 25408 25408 25408 25408 25408 25408 25408 25408 25408 25408 25408 25408 25408 25408 25408 19744 18954 18954 18954 18954 18954 18954 18954 18954 18954 16146 6318 
7512 7512 7512 7512 7512 7512 7512 7512 7512 7512 7512 7512 7512 7512 7512 7512 7512 7512 7512 7512 7512 4824 49540 49540 49540 49540 49540 49540 49540 49540 49540 46852 32332 
18732 18732 18732 18732 18732 18732 18732 18732 18732 18732 18732 18732 18732 18732 18732 18732 18732 18732 18732 18732 18732 13140 43040 43040 43040 43040 43040 43040 43040 43040 43040 40304 25616 
12376 12376 12376 12376 12376 12376 12376 12376 12376 12376 12376 12376 12376 12376 12376 12376 12376 12376 12376 12376 12376 7144 46762 46762 46762 46762 46762 46762 46762 46762 46762 44386 30958 
20452 20452 20452 20452 20452 20452 20452 20452 20452 20452 20452 20452 20452 20452 20452 20452 20452 20452 20452 20452 20452 15052 39816 39816 39816 39816 39816 39816 39816 39816 39816 37272 23256 
22304 22304 22304 22304 22304 22304 22304 22304 22304 22304 22304 22304 22304 22304 22304 22304 22304 22304 22304 22304 22304 16736 39198 39198 39198 39198 39198 39198 39198 39198 39198 36486 21882 
20932 20932 20932 20932 20932 20932 20932 20932 20932 20932 20932 20932 20932 20932 20932 20932 20932 20932 20932 20932 20932 15292 41604 41604 41604 41604 41604 41604 41604 41604 41604 38820 23964 
22528 22528 22528 22528 22528 22528 22528 22528 22528 22528 22528 22528 22528 22528 22528 22528 22528 22528 22528 22528 22528 17296 36418 36418 36418 36418 36418 36418 36418 36418 36418 34042 20614 
17512 17512 17512 17512 17512 17512 17512 17512 17512 17512 17512 17512 17512 17512 17512 17512 17512 17512 17512 17512 17512 11992 43546 43546 43546 43546 43546 43546 43546 43546 43546 40882 26446 
12620 12620 12620 12620 12620 12620 12620 12620 12620 12620 12620 12620 12620 12620 12620 12620 12620 12620 12620 12620 12620 6932 49840 49840 49840 49840 49840 49840 49840 49840 49840 47008 31984 
12620 12620 12620 12620 12620 12620 12620 12620 12620 12620 12620 12620 12620 12620 12620 12620 12620 12620 12620 12620 12620 6932 49840 49840 49840 49840 49840 49840 49840 49840 49840 47008 31984 
21252 21252 21252 21252 21252 21252 21252 21252 21252 21252 21252 21252 21252 21252 21252 21252 21252 21252 21252 21252 21252 15804 39244 39244 39244 39244 39244 39244 39244 39244 39244 36652 22468 
17836 17836 17836 17836 17836 17836 17836 17836 17836 17836 17836 17836 17836 17836 17836 17836 17836 17836 17836 17836 17836 12100 45004 45004 45004 45004 45004 45004 45004 45004 45004 42124 26932 
23668 23668 23668 23668 23668 23668 23668 23668 23668 23668 23668 23668 23668 23668 23668 23668 23668 23668 23668 23668 23668 17980 39408 39408 39408 39408 39408 39408 39408 39408 39408 36576 21552 
18588 18588 18588 18588 18588 18588 18588 18588 18588 18588 18588 18588 18588 18588 18588 18588 18588 18588 18588 18588 18588 13092 42392 42392 42392 42392 42392 42392 42392 42392 42392 39752 25400 
7620 7620 7620 7620 7620 7620 7620 7620 7620 7620 7620 7620 7620 7620 7620 7620 7620 7620 7620 7620 7620 4860 50026 50026 50026 50026 50026 50026 50026 50026 50026 47266 32494 
21472 21472 21472 21472 21472 21472 21472 21472 21472 21472 21472 21472 21472 21472 21472 21472 21472 21472 21472 21472 21472 16000 39654 39654 39654 39654 39654 39654 39654 39654 39654 37038 22770 
13876 13876 13876 13876 13876 13876 13876 13876 13876 13876 13876 13876 13876 13876 13876 13876 13876 13876 13876 13876 13876 8236 48564 48564 48564 48564 48564 48564 48564 48564 48564 45780 30924 
21328 21328 21328 21328 21328 21328 21328 21328 21328 21328 21328 21328 21328 21328 21328 21328 21328 21328 21328 21328 21328 15952 39006 39006 39006 39006 39006 39006 39006 39006 39006 36486 22554 
18804 18804 18804 18804 18804 18804 18804 18804 18804 18804 18804 18804 18804 18804 18804 18804 18804 18804 18804 18804 18804 13164 43364 43364 43364 43364 43364 43364 43364 43364 43364 40580 25724 
13984 13984 13984 13984 13984 13984 13984 13984 13984 13984 13984 13984 13984 13984 13984 13984 13984 13984 13984 13984 13984 8272 49050 49050 49050 49050 49050 49050 49050 49050 49050 46194 31086 
25012 25012 25012 25012 25012 25012 25012 25012 25012 25012 25012 25012 25012 25012 25012 25012 25012 25012 25012 25012 25012 19612 17172 17172 17172 17172 17172 17172 17172 17172 17172 14628 5724 
7008 7008 7008 7008 7008 7008 7008 7008 7008 7008 7008 7008 7008 7008 7008 7008 7008 7008 7008 7008 7008 4656 47272 47272 47272 47272 47272 47272 47272 47272 47272 44920 31576 
7116 7116 7116 7116 7116 7116 7116 7116 7116 7116 7116 7116 7116 7116 7116 7116 7116 7116 7116 7116 7116 4692 47758 47758 47758 47758 47758 47758 47758 47758 47758 45334 31738 
20992 20992 20992 20992 20992 20992 20992 20992 20992 20992 20992 20992 20992 20992 20992 20992 20992 20992 20992 20992 20992 15232 42246 42246 42246 42246 42246 42246 42246 42246 42246 39342 24066 
25824 25824 25824 25824 25824 25824 25824 25824 25824 25824 25824 25824 25824 25824 25824 25824 25824 25824 25824 25824 25824 20160 38430 38430 38430 38430 38430 38430 38430 38430 38430 35622 20682 
22744 22744 22744 22744 22744 22744 22744 22744 22744 22744 22744 22744 22744 22744 22744 22744 22744 22744 22744 22744 22744 17368 37390 37390 37390 37390 37390 37390 37390 37390 37390 34870 20938 
13300 13300 13300 13300 13300 13300 13300 13300 13300 13300 13300 13300 13300 13300 13300 13300 13300 13300 13300 13300 13300 8044 45972 45972 45972 45972 45972 45972 45972 45972 45972 43572 30060 
21036 21036 21036 21036 21036 21036 21036 21036 21036 21036 21036 21036 21036 21036 21036 21036 21036 21036 21036 21036 21036 15732 38272 38272 38272 38272 38272 38272 38272 38272 38272 35824 22144 
13840 13840 13840 13840 13840 13840 13840 13840 13840 13840 13840 13840 13840 13840 13840 13840 13840 13840 13840 13840 13840 8224 48402 48402 48402 48402 48402 48402 48402 48402 48402 45642 30870 
25860 25860 25860 25860 25860 25860 25860 25860 25860 25860 25860 25860 25860 25860 25860 25860 25860 25860 25860 25860 25860 20172 38592 38592 38592 38592 38592 38592 38592 38592 38592 35760 20736 
13804 13804 13804 13804 13804 13804 13804 13804 13804 13804 13804 13804 13804 13804 13804 13804 13804 13804 13804 13804 13804 8212 48240 48240 48240 48240 48240 48240 48240 48240 48240 45504 30816 
22924 22924 22924 22924 22924 22924 22924 22924 22924 22924 22924 22924 22924 22924 22924 22924 22924 22924 22924 22924 22924 17428 38200 38200 38200 38200 38200 38200 38200 38200 38200 35560 21208 
26480 26480 26480 26480 26480 26480 26480 26480 26480 26480 26480 26480 26480 26480 26480 26480 26480 26480 26480 26480 26480 20672 25726 25726 25726 25726 25726 25726 25726 25726 25726 22774 12442 
25084 25084 25084 25084 25084 25084 25084 25084 25084 25084 25084 25084 25084 25084 25084 25084 25084 25084 25084 25084 25084 19636 17496 17496 17496 17496 17496 17496 17496 17496 17496 14904 5832 
18732 18732 18732 18732 18732 18732 18732 18732 18732 18732 18732 18732 18732 18732 18732 18732 18732 18732 18732 18732 18732 13140 43040 43040 43040 43040 43040 43040 43040 43040 43040 40304 25616 
25332 25332 25332 25332 25332 25332 25332 25332 25332 25332 25332 25332 25332 25332 25332 25332 25332 25332 25332 25332 25332 19740 18948 18948 18948 18948 18948 18948 18948 18948 18948 16212 6636 
25300 25300 25300 25300 25300 25300 25300 25300 25300 25300 25300 25300 25300 25300 25300 25300 25300 25300 25300 25300 25300 19708 18468 18468 18468 18468 18468 18468 18468 18468 18468 15732 6156 
12592 12592 12592 12592 12592 12592 12592 12592 12592 12592 12592 12592 12592 12592 12592 12592 12592 12592 12592 12592 12592 7216 47734 47734 47734 47734 47734 47734 47734 47734 47734 45214 31282 
17440 17440 17440 17440 17440 17440 17440 17440 17440 17440 17440 17440 17440 17440 17440 17440 17440 17440 17440 17440 17440 11968 43222 43222 43222 43222 43222 43222 43222 43222 43222 40606 26338 
16452 16452 16452 16452 16452 16452 16452 16452 16452 16452 16452 16452 16452 16452 16452 16452 16452 16452 16452 16452 16452 10860 45264 45264 45264 45264 45264 45264 45264 45264 45264 42528 27840 
18624 18624 18624 18624 18624 18624 18624 18624 18624 18624 18624 18624 18624 18624 18624 18624 18624 18624 18624 18624 18624 13104 42554 42554 42554 42554 42554 42554 42554 42554 42554 39890 25454 
23452 23452 23452 23452 23452 23452 23452 23452 23452 23452 23452 23452 23452 23452 23452 23452 23452 23452 23452 23452 23452 17908 38436 38436 38436 38436 38436 38436 38436 38436 38436 35748 21228 
13624 13624 13624 13624 13624 13624 13624 13624 13624 13624 13624 13624 13624 13624 13624 13624 13624 13624 13624 13624 13624 8152 47430 47430 47430 47430 47430 47430 47430 47430 47430 44814 30546 
12520 12520 12520 12520 12520 12520 12520 12520 12520 12520 12520 12520 12520 12520 12520 12520 12520 12520 12520 12520 12520 7192 47410 47410 47410 47410 47410 47410 47410 47410 47410 44938 31174 
16424 16424 16424 16424 16424 16424 16424 16424 16424 16424 16424 16424 16424 16424 16424 16424 16424 16424 16424 16424 16424 10904 44746 44746 44746 44746 44746 44746 44746 44746 44746 42082 27646 
16352 16352 16352 16352 16352 16352 16352 16352 16352 16352 16352 16352 16352 16352 16352 16352 16352 16352 16352 16352 16352 10880 44422 44422 44422 44422 44422 44422 44422 44422 44422 41806 27538 
23776 23776 23776 23776 23776 23776 23776 23776 23776 23776 23776 23776 23776 23776 23776 23776 23776 23776 23776 23776 23776 18016 39894 39894 39894 39894 39894 39894 39894 39894 39894 36990 21714 
14092 14092 14092 14092 14092 14092 14092 14092 14092 14092 14092 14092 14092 14092 14092 14092 14092 14092 14092 14092 14092 8308 49536 49536 49536 49536 49536 49536 49536 49536 49536 46608 31248 
12188 12188 12188 12188 12188 12188 12188 12188 12188 12188 12188 12188 12188 12188 12188 12188 12188 12188 12188 12188 12188 6788 47896 47896 47896 47896 47896 47896 47896 47896 47896 45352 31336 
25976 25976 25976 25976 25976 25976 25976 25976 25976 25976 25976 25976 25976 25976 25976 25976 25976 25976 25976 25976 25976 20504 23458 23458 23458 23458 23458 23458 23458 23458 23458 20842 11686 
21580 21580 21580 21580 21580 21580 21580 21580 21580 21580 21580 21580 21580 21580 21580 21580 21580 21580 21580 21580 21580 16036 40140 40140 40140 40140 40140 40140 40140 40140 40140 37452 22932 
22636 22636 22636 22636 22636 22636 22636 22636 22636 22636 22636 22636 22636 22636 22636 22636 22636 22636 22636 22636 22636 17332 36904 36904 36904 36904 36904 36904 36904 36904 36904 34456 20776 
18732 18732 18732 18732 18732 18732 18732 18732 18732 18732 18732 18732 18732 18732 18732 18732 18732 18732 18732 18732 18732 13140 43040 43040 43040 43040 43040 43040 43040 43040 43040 40304 25616 
12728 12728 12728 12728 12728 12728 12728 12728 12728 12728 12728 12728 12728 12728 12728 12728 12728 12728 12728 12728 12728 6968 50326 50326 50326 50326 50326 50326 50326 50326 50326 47422 32146 
25480 25480 25480 25480 25480 25480 25480 25480 25480 25480 25480 25480 25480 25480 25480 25480 25480 25480 25480 25480 25480 19768 19278 19278 19278 19278 19278 19278 19278 19278 19278 16422 6426 
25728 25728 25728 25728 25728 25728 25728 25728 25728 25728 25728 25728 25728 25728 25728 25728 25728 25728 25728 25728 25728 19872 20730 20730 20730 20730 20730 20730 20730 20730 20730 17730 7230 
12664 12664 12664 12664 12664 12664 12664 12664 12664 12664 12664 12664 12664 12664 12664 12664 12664 12664 12664 12664 12664 7240 48058 48058 48058 48058 48058 48058 48058 48058 48058 45490 31390 
3996 3996 3996 3996 3996 3996 3996 3996 3996 3996 3996 3996 3996 3996 3996 3996 3996 3996 3996 3996 3996 1332 49930 49930 49930 49930 49930 49930 49930 49930 49930 47266 32830 
25188 25188 25188 25188 25188 25188 25188 25188 25188 25188 25188 25188 25188 25188 25188 25188 25188 25188 25188 25188 25188 19692 18300 18300 18300 18300 18300 18300 18300 18300 18300 15660 6420 
21648 21648 21648 21648 21648 21648 21648 21648 21648 21648 21648 21648 21648 21648 21648 21648 21648 21648 21648 21648 21648 15936 41026 41026 41026 41026 41026 41026 41026 41026 41026 38170 23062 
26336 26336 26336 26336 26336 26336 26336 26336 26336 26336 26336 26336 26336 26336 26336 26336 26336 26336 26336 26336 26336 20624 25078 25078 25078 25078 25078 25078 25078 25078 25078 22222 12226 
25228 25228 25228 25228 25228 25228 25228 25228 25228 25228 25228 25228 25228 25228 25228 25228 25228 25228 25228 25228 25228 19684 18144 18144 18144 18144 18144 18144 18144 18144 18144 15456 6048 
12296 12296 12296 12296 12296 12296 12296 12296 12296 12296 12296 12296 12296 12296 12296 12296 12296 12296 12296 12296 12296 6824 48382 48382 48382 48382 48382 48382 48382 48382 48382 45766 31498 
21688 21688 21688 21688 21688 21688 21688 21688 21688 21688 21688 21688 21688 21688 21688 21688 21688 21688 21688 21688 21688 16072 40626 40626 40626 40626 40626 40626 40626 40626 40626 37866 23094 
21108 21108 21108 21108 21108 21108 21108 21108 21108 21108 21108 21108 21108 21108 21108 21108 21108 21108 21108 21108 21108 15756 38596 38596 38596 38596 38596 38596 38596 38596 38596 36100 22252 
25896 25896 25896 25896 25896 25896 25896 25896 25896 25896 25896 25896 25896 25896 25896 25896 25896 25896 25896 25896 25896 20184 38754 38754 38754 38754 38754 38754 38754 38754 38754 35898 20790 
22700 22700 22700 22700 22700 22700 22700 22700 22700 22700 22700 22700 22700 22700 22700 22700 22700 22700 22700 22700 22700 16868 40980 40980 40980 40980 40980 40980 40980 40980 40980 38004 22476 
22448 22448 22448 22448 22448 22448 22448 22448 22448 22448 22448 22448 22448 22448 22448 22448 22448 22448 22448 22448 22448 16784 39846 39846 39846 39846 39846 39846 39846 39846 39846 37038 22098 
4356 4356 4356 4356 4356 4356 4356 4356 4356 4356 4356 4356 4356 4356 4356 4356 4356 4356 4356 4356 4356 1452 51550 51550 51550 51550 51550 51550 51550 51550 51550 48646 33370 
21724 21724 21724 21724 21724 21724 21724 21724 21724 21724 21724 21724 21724 21724 21724 21724 21724 21724 21724 21724 21724 16084 40788 40788 40788 40788 40788 40788 40788 40788 40788 38004 23148 
16164 16164 16164 16164 16164 16164 16164 16164 16164 16164 16164 16164 16164 16164 16164 16164 16164 16164 16164 16164 16164 10764 43968 43968 43968 43968 43968 43968 43968 43968 43968 41424 27408 
16244 16244 16244 16244 16244 16244 16244 16244 16244 16244 16244 16244 16244 16244 16244 16244 16244 16244 16244 16244 16244 10844 43936 43936 43936 43936 43936 43936 43936 43936 43936 41392 27376 
25480 25480 25480 25480 25480 25480 25480 25480 25480 25480 25480 25480 25480 25480 25480 25480 25480 25480 25480 25480 25480 19768 19278 19278 19278 19278 19278 19278 19278 19278 19278 16422 6426 
18660 18660 18660 18660 18660 18660 18660 18660 18660 18660 18660 18660 18660 18660 18660 18660 18660 18660 18660 18660 18660 13116 42716 42716 42716 42716 42716 42716 42716 42716 42716 40028 25508 
17584 17584 17584 17584 17584 17584 17584 17584 17584 17584 17584 17584 17584 17584 17584 17584 17584 17584 17584 17584 17584 12016 43870 43870 43870 43870 43870 43870 43870 43870 43870 41158 26554 
21544 21544 21544 21544 21544 21544 21544 21544 21544 21544 21544 21544 21544 21544 21544 21544 21544 21544 21544 21544 21544 16024 39978 39978 39978 39978 39978 39978 39978 39978 39978 37314 22878 
22048 22048 22048 22048 22048 22048 22048 22048 22048 22048 22048 22048 22048 22048 22048 22048 22048 22048 22048 22048 22048 16192 42246 42246 42246 42246 42246 42246 42246 42246 42246 39246 23634 
12080 12080 12080 12080 12080 12080 12080 12080 12080 12080 12080 12080 12080 12080 12080 12080 12080 12080 12080 12080 12080 6752 47410 47410 47410 47410 47410 47410 47410 47410 47410 44938 31174 
7872 7872 7872 7872 7872 7872 7872 7872 7872 7872 7872 7872 7872 7872 7872 7872 7872 7872 7872 7872 7872 4944 51160 51160 51160 51160 51160 51160 51160 51160 51160 48232 32872 
21616 21616 21616 21616 21616 21616 21616 21616 21616 21616 21616 21616 21616 21616 21616 21616 21616 21616 21616 21616 21616 16048 40302 40302 40302 40302 40302 40302 40302 40302 40302 37590 22986 
19020 19020 19020 19020 19020 19020 19020 19020 19020 19020 19020 19020 19020 19020 19020 19020 19020 19020 19020 19020 19020 13236 44336 44336 44336 44336 44336 44336 44336 44336 44336 41408 26048 
22304 22304 22304 22304 22304 22304 22304 22304 22304 22304 22304 22304 22304 22304 22304 22304 22304 22304 22304 22304 22304 16736 39198 39198 39198 39198 39198 39198 39198 39198 39198 36486 21882 
13912 13912 13912 13912 13912 13912 13912 13912 13912 13912 13912 13912 13912 13912 13912 13912 13912 13912 13912 13912 13912 8248 48726 48726 48726 48726 48726 48726 48726 48726 48726 45918 30978 
16712 16712 16712 16712 16712 16712 16712 16712 16712 16712 16712 16712 16712 16712 16712 16712 16712 16712 16712 16712 16712 11000 46042 46042 46042 46042 46042 46042 46042 46042 46042 43186 28078 
12296 12296 12296 12296 12296 12296 12296 12296 12296 12296 12296 12296 12296 12296 12296 12296 12296 12296 12296 12296 12296 6824 48382 48382 48382 48382 48382 48382 48382 48382 48382 45766 31498 
4104 4104 4104 4104 4104 4104 4104 4104 4104 4104 4104 4104 4104 4104 4104 4104 4104 4104 4104 4104 4104 1368 50416 50416 50416 50416 50416 50416 50416 50416 50416 47680 32992 
7368 7368 7368 7368 7368 7368 7368 7368 7368 7368 7368 7368 7368 7368 7368 7368 7368 7368 7368 7368 7368 4776 48892 48892 48892 48892 48892 48892 48892 48892 48892 46300 32116 
16380 16380 16380 16380 16380 16380 16380 16380 16380 16380 16380 16380 16380 16380 16380 16380 16380 16380 16380 16380 16380 10836 44940 44940 44940 44940 44940 44940 44940 44940 44940 42252 27732 
25408 25408 25408 25408 25408 25408 25408 25408 25408 25408 25408 25408 25408 25408 25408 25408 25408 25408 25408 25408 25408 19744 18954 18954 18954 18954 18954 18954 18954 18954 18954 16146 6318 
18336 18336 18336 18336 18336 18336 18336 18336 18336 18336 18336 18336 18336 18336 18336 18336 18336 18336 18336 18336 18336 13008 41258 41258 41258 41258 41258 41258 41258 41258 41258 38786 25022 
25476 25476 25476 25476 25476 25476 25476 25476 25476 25476 25476 25476 25476 25476 25476 25476 25476 25476 25476 25476 25476 19788 19596 19596 19596 19596 19596 19596 19596 19596 19596 16764 6852 
18192 18192 18192 18192 18192 18192 18192 18192 18192 18192 18192 18192 18192 18192 18192 18192 18192 18192 18192 18192 18192 12960 40610 40610 40610 40610 40610 40610 40610 40610 40610 38234 24806 
12952 12952 12952 12952 12952 12952 12952 12952 12952 12952 12952 12952 12952 12952 12952 12952 12952 12952 12952 12952 12952 7336 49354 49354 49354 49354 49354 49354 49354 49354 49354 46594 31822 
13444 13444 13444 13444 13444 13444 13444 13444 13444 13444 13444 13444 13444 13444 13444 13444 13444 13444 13444 13444 13444 8092 46620 46620 46620 46620 46620 46620 46620 46620 46620 44124 30276 
13840 13840 13840 13840 13840 13840 13840 13840 13840 13840 13840 13840 13840 13840 13840 13840 13840 13840 13840 13840 13840 8224 48402 48402 48402 48402 48402 48402 48402 48402 48402 45642 30870 
4104 4104 4104 4104 4104 4104 4104 4104 4104 4104 4104 4104 4104 4104 4104 4104 4104 4104 4104 4104 4104 1368 50416 50416 50416 50416 50416 50416 50416 50416 50416 47680 32992 
4104 4104 4104 4104 4104 4104 4104 4104 4104 4104 4104 4104 4104 4104 4104 4104 4104 4104 4104 4104 4104 1368 50416 50416 50416 50416 50416 50416 50416 50416 50416 47680 32992 
3672 3672 3672 3672 3672 3672 3672 3672 3672 3672 3672 3672 3672 3672 3672 3672 3672 3672 3672 3672 3672 1224 48472 48472 48472 48472 48472 48472 48472 48472 48472 46024 32344 
17368 17368 17368 17368 17368 17368 17368 17368 17368 17368 17368 17368 17368 17368 17368 17368 17368 17368 17368 17368 17368 11944 42898 42898 42898 42898 42898 42898 42898 42898 42898 40330 26230 
16524 16524 16524 16524 16524 16524 16524 16524 16524 16524 16524 16524 16524 16524 16524 16524 16524 16524 16524 16524 16524 10884 45588 45588 45588 45588 45588 45588 45588 45588 45588 42804 27948 
18480 18480 18480 18480 18480 18480 18480 18480 18480 18480 18480 18480 18480 18480 18480 18480 18480 18480 18480 18480 18480 13056 41906 41906 41906 41906 41906 41906 41906 41906 41906 39338 25238 
23452 23452 23452 23452 23452 23452 23452 23452 23452 23452 23452 23452 23452 23452 23452 23452 23452 23452 23452 23452 23452 17908 38436 38436 38436 38436 38436 38436 38436 38436 38436 35748 21228 
16784 16784 16784 16784 16784 16784 16784 16784 16784 16784 16784 16784 16784 16784 16784 16784 16784 16784 16784 16784 16784 11024 46366 46366 46366 46366 46366 46366 46366 46366 46366 43462 28186 
]

ExternalWorkerWithSkillOnStintCost: [
12330 16140 16110 14640 16200 17790 17250 12780 16920 16410 13320 12030 13620 15600 16560 12330 16560 16680 14040 13650 17850 7452 34608 35196 34860 37464 48720 41076 47712 38976 36960 37716 29520 
13860 17850 12930 12240 16440 13590 13650 13230 16620 12960 14040 16830 17130 17250 14190 14640 13290 14580 12900 16860 12540 7920 35448 40824 38892 40068 49980 40740 45612 36120 49896 45444 32760 
12750 13560 16050 15480 14160 17670 15870 16770 15420 16860 16890 17580 14100 13650 14970 13500 14340 16950 12660 14610 13440 9936 40404 35700 36708 41664 49392 38556 44940 45360 49896 48048 24060 
12270 13230 15450 15780 13590 16620 15930 17190 17250 14220 13440 17850 16980 15300 14160 14580 17670 12300 15060 13890 14070 8136 49812 36960 37716 48300 38976 46032 37296 48636 42672 33768 32280 
14820 13740 13470 14520 16710 15570 14460 16590 17640 13920 12720 17370 15990 14070 14490 12360 16290 16830 17370 16650 12510 10620 39060 39900 38724 39060 36876 42252 50232 48552 49056 47796 30480 
15810 16650 14640 15660 12480 15360 17310 16020 15210 12690 17850 13080 12960 17580 12060 16110 12810 12090 15840 14760 17340 8460 42756 40068 41328 49896 36372 42084 43932 39312 35616 41412 24540 
]

OverlappingStints: [
[ 23 ]
[ 23 ]
[ 23 24 ]
[ 23 24 ]
[ 24 25 ]
[ 24 25 ]
[ 25 26 ]
[ 25 26 ]
[ 26 27 ]
[ 26 27 ]
[ 27 28 ]
[ 27 28 ]
[ 28 29 ]
[ 28 29 ]
[ 29 30 ]
[ 29 30 ]
[ 30 31 ]
[ 30 31 ]
[ 31 32 ]
[ 31 32 ]
[ 32 33 ]
[ 32 33 ]
[ 24 ]
[ 25 ]
[ 26 ]
[ 27 ]
[ 28 ]
[ 29 ]
[ 30 ]
[ 31 ]
[ 32 ]
[ 33 ]
[ ]
]

EmployeesWithSkill: [
[ 1 2 3 4 5 6 7 8 9 10 11 12 13 14 15 16 17 18 19 20 21 22 23 24 25 26 27 28 29 30 31 32 33 34 35 36 37 38 39 40 41 42 43 44 45 46 47 48 49 50 51 52 53 54 55 56 57 58 59 60 61 62 63 64 65 66 67 68 69 70 71 72 73 74 75 76 77 78 79 80 81 82 83 84 85 86 87 88 89 90 91 92 93 94 95 96 97 98 99 100 101 102 103 104 105 106 107 108 109 110 111 112 113 114 115 116 117 118 119 120 121 122 123 124 125 126 127 128 129 130 131 132 133 134 135 136 137 138 139 140 141 142 143 144 145 146 147 148 149 150 ]
[ 5 24 37 38 67 78 97 103 104 114 144 149 ]
[ 1 2 3 4 5 6 7 8 9 10 11 12 13 14 15 16 17 18 19 20 21 22 23 24 25 26 27 28 29 30 31 32 33 35 36 39 41 42 43 44 45 46 47 48 49 50 51 52 53 54 55 56 57 58 59 60 61 62 63 64 65 66 67 68 69 70 71 72 73 74 75 76 77 78 79 80 81 82 83 84 85 86 87 88 89 90 91 92 93 94 95 96 97 98 99 100 101 102 103 104 105 106 107 108 109 110 111 112 113 114 115 116 117 118 119 120 121 122 123 124 125 126 127 128 129 130 131 132 133 134 135 136 137 138 139 140 141 142 143 144 145 146 147 148 149 150 ]
[ 6 7 8 9 11 12 13 15 16 21 22 24 27 28 29 30 31 33 38 39 42 43 44 45 52 53 54 57 58 59 60 61 67 68 72 75 78 80 82 85 88 89 93 94 95 96 97 98 101 102 103 104 106 108 110 114 115 117 120 121 122 124 126 127 128 133 136 138 140 142 145 146 148 ]
[ 2 3 5 6 7 8 11 12 14 16 17 18 19 20 21 23 24 25 27 29 30 32 34 35 37 38 39 42 44 46 47 48 49 52 53 55 56 57 58 59 61 62 63 65 66 68 70 71 72 73 75 78 80 81 82 83 84 85 89 91 92 93 94 95 96 97 99 100 102 105 106 108 109 111 112 113 114 115 116 117 118 120 121 122 123 124 126 127 128 129 130 131 132 133 134 139 140 141 143 144 145 146 149 150 ]
[ 1 2 7 8 9 12 14 20 22 27 29 30 32 33 37 38 39 42 45 47 49 51 56 57 59 61 62 63 66 68 71 72 73 77 79 80 85 90 93 95 98 100 101 103 107 108 113 116 120 124 126 127 128 130 132 137 141 144 146 150 ]
]

SkillDemandInActivityWithMode: [
0	0	0	
2	4	2	
2	4	2	
3	6	2	
2	4	2	
2	4	2	
3	6	2	
4	7	3	
5	9	4	
5	9	4	
5	9	4	
3	6	2	
1	3	1	
1	3	1	
5	9	4	
2	4	2	
5	9	4	
2	4	2	
2	4	2	
3	6	2	
6	10	4	
3	6	2	
3	6	2	
1	3	1	
1	3	1	
4	7	3	
2	4	2	
5	9	4	
3	6	2	
3	6	2	
3	6	2	
2	4	2	
4	7	3	
5	9	4	
2	4	2	
1	3	1	
2	4	2	
3	6	2	
4	7	3	
4	7	3	
0	0	0	
9	15	6	
10	16	7	
31	48	21	
23	36	16	
29	45	20	
29	45	20	
7	12	5	
16	25	11	
18	28	12	
34	52	23	
5	9	4	
5	9	4	
24	37	16	
37	57	25	
34	52	23	
23	36	16	
29	45	20	
19	30	13	
37	57	25	
37	57	25	
10	16	7	
17	27	12	
19	30	13	
10	16	7	
37	57	25	
23	36	16	
29	45	20	
37	57	25	
31	48	21	
37	57	25	
34	52	23	
13	21	9	
34	52	23	
24	37	16	
25	39	17	
31	48	21	
21	33	14	
7	12	5	

0	0	0	
0	1	0	
0	1	0	
0	1	0	
0	1	0	
0	1	0	
0	1	0	
0	1	0	
1	3	1	
1	3	1	
1	3	1	
0	1	0	
0	1	0	
0	1	0	
1	3	1	
0	1	0	
1	3	1	
0	1	0	
0	1	0	
0	1	0	
1	3	1	
0	1	0	
0	1	0	
0	1	0	
0	1	0	
1	3	1	
0	1	0	
1	3	1	
0	1	0	
0	1	0	
0	1	0	
0	1	0	
1	3	1	
1	3	1	
0	1	0	
0	1	0	
0	1	0	
0	1	0	
0	1	0	
0	1	0	
0	0	0	
0	1	0	
0	1	0	
1	3	1	
1	3	1	
1	3	1	
1	3	1	
0	1	0	
0	1	0	
1	3	1	
1	3	1	
0	1	0	
0	1	0	
1	3	1	
2	4	2	
1	3	1	
1	3	1	
1	3	1	
1	3	1	
2	4	2	
2	4	2	
0	1	0	
0	1	0	
1	3	1	
0	1	0	
2	4	2	
1	3	1	
1	3	1	
2	4	2	
1	3	1	
2	4	2	
1	3	1	
0	1	0	
1	3	1	
1	3	1	
1	3	1	
1	3	1	
1	3	1	
0	1	0	

0	0	0	
2	4	2	
3	6	2	
4	7	3	
2	4	2	
2	4	2	
3	6	2	
5	9	4	
8	13	6	
8	13	6	
7	12	5	
4	7	3	
0	1	0	
1	3	1	
7	12	5	
2	4	2	
8	13	6	
1	3	1	
2	4	2	
5	9	4	
9	15	6	
3	6	2	
3	6	2	
1	3	1	
0	1	0	
6	10	4	
2	4	2	
7	12	5	
4	7	3	
3	6	2	
4	7	3	
3	6	2	
6	10	4	
8	13	6	
2	4	2	
1	3	1	
2	4	2	
4	7	3	
5	9	4	
5	9	4	
0	0	0	
7	12	5	
8	13	6	
27	42	18	
19	30	13	
25	39	17	
25	39	17	
6	10	4	
13	21	9	
15	24	10	
29	45	20	
3	6	2	
3	6	2	
20	31	14	
31	48	21	
29	45	20	
19	30	13	
25	39	17	
16	25	11	
31	48	21	
31	48	21	
7	12	5	
14	22	10	
15	24	10	
8	13	6	
31	48	21	
19	30	13	
25	39	17	
31	48	21	
26	40	18	
31	48	21	
29	45	20	
10	16	7	
29	45	20	
20	31	14	
21	33	14	
26	40	18	
18	28	12	
5	9	4	

0	0	0	
5	9	4	
6	10	4	
9	15	6	
4	7	3	
4	7	3	
7	12	5	
10	16	7	
15	24	10	
15	24	10	
13	21	9	
7	12	5	
1	3	1	
2	4	2	
13	21	9	
4	7	3	
15	24	10	
3	6	2	
4	7	3	
9	15	6	
17	27	12	
7	12	5	
7	12	5	
2	4	2	
1	3	1	
12	19	8	
3	6	2	
13	21	9	
7	12	5	
6	10	4	
7	12	5	
6	10	4	
12	19	8	
15	24	10	
3	6	2	
2	4	2	
4	7	3	
9	15	6	
10	16	7	
10	16	7	
0	0	0	
1	3	1	
1	3	1	
5	9	4	
4	7	3	
5	9	4	
5	9	4	
1	3	1	
2	4	2	
3	6	2	
6	10	4	
0	1	0	
0	1	0	
4	7	3	
6	10	4	
6	10	4	
4	7	3	
5	9	4	
3	6	2	
6	10	4	
6	10	4	
1	3	1	
3	6	2	
3	6	2	
1	3	1	
6	10	4	
4	7	3	
5	9	4	
6	10	4	
5	9	4	
6	10	4	
6	10	4	
2	4	2	
6	10	4	
4	7	3	
4	7	3	
5	9	4	
3	6	2	
1	3	1	

0	0	0	
6	10	4	
7	12	5	
10	16	7	
5	9	4	
5	9	4	
7	12	5	
11	18	8	
16	25	11	
16	25	11	
15	24	10	
8	13	6	
1	3	1	
2	4	2	
14	22	10	
4	7	3	
16	25	11	
3	6	2	
4	7	3	
10	16	7	
18	28	12	
7	12	5	
7	12	5	
3	6	2	
1	3	1	
13	21	9	
4	7	3	
14	22	10	
8	13	6	
7	12	5	
8	13	6	
7	12	5	
13	21	9	
16	25	11	
4	7	3	
3	6	2	
4	7	3	
9	15	6	
11	18	8	
11	18	8	
0	0	0	
3	6	2	
3	6	2	
11	18	8	
8	13	6	
10	16	7	
10	16	7	
2	4	2	
5	9	4	
6	10	4	
12	19	8	
1	3	1	
1	3	1	
8	13	6	
13	21	9	
12	19	8	
8	13	6	
10	16	7	
7	12	5	
13	21	9	
13	21	9	
3	6	2	
6	10	4	
6	10	4	
3	6	2	
13	21	9	
8	13	6	
10	16	7	
13	21	9	
11	18	8	
13	21	9	
12	19	8	
4	7	3	
12	19	8	
8	13	6	
9	15	6	
11	18	8	
7	12	5	
2	4	2	

0	0	0	
0	1	0	
0	1	0	
0	1	0	
0	1	0	
0	1	0	
0	1	0	
0	1	0	
0	1	0	
0	1	0	
0	1	0	
0	1	0	
0	1	0	
0	1	0	
0	1	0	
0	1	0	
0	1	0	
0	1	0	
0	1	0	
0	1	0	
0	1	0	
0	1	0	
0	1	0	
0	1	0	
0	1	0	
0	1	0	
0	1	0	
0	1	0	
0	1	0	
0	1	0	
0	1	0	
0	1	0	
0	1	0	
0	1	0	
0	1	0	
0	1	0	
0	1	0	
0	1	0	
0	1	0	
0	1	0	
0	0	0	
3	6	2	
4	7	3	
13	21	9	
9	15	6	
12	19	8	
12	19	8	
2	4	2	
6	10	4	
7	12	5	
14	22	10	
1	3	1	
1	3	1	
10	16	7	
15	24	10	
14	22	10	
9	15	6	
12	19	8	
8	13	6	
15	24	10	
15	24	10	
3	6	2	
7	12	5	
7	12	5	
4	7	3	
15	24	10	
9	15	6	
12	19	8	
15	24	10	
13	21	9	
15	24	10	
14	22	10	
5	9	4	
14	22	10	
10	16	7	
10	16	7	
13	21	9	
9	15	6	
2	4	2	

]

EmployeeAvailability: [
1 1 1 1 1 1 1 1 1 1 1 1 1 1 1 1 1 1 1 1 1 1 1 1 1 1 1 1 1 1 1 1 1 
1 1 1 1 1 1 1 1 1 1 1 1 1 1 1 1 1 1 1 1 1 1 1 1 1 1 1 1 1 1 1 1 1 
1 1 1 1 1 1 1 1 1 1 1 1 1 1 1 0 1 1 1 0 1 1 1 1 1 1 1 1 1 0 1 0 1 
1 1 1 1 1 1 1 1 1 1 1 1 1 1 1 1 1 1 1 1 1 1 1 1 1 1 1 1 1 1 1 1 1 
1 1 1 1 1 1 1 1 1 1 1 1 1 1 1 1 1 0 1 1 1 1 1 1 0 1 1 1 1 1 0 1 1 
1 1 1 1 1 1 0 1 1 0 1 1 1 1 1 1 1 1 1 1 1 1 1 1 1 0 0 1 1 1 1 1 1 
1 1 1 0 1 1 1 1 1 1 0 1 1 1 1 1 1 1 1 1 1 1 0 0 1 1 1 0 1 1 1 1 1 
1 1 1 1 1 1 1 1 1 1 1 1 1 1 1 1 1 1 1 1 1 1 1 1 1 1 1 1 1 1 1 1 1 
1 1 1 1 1 1 1 1 1 1 1 1 1 1 1 1 1 1 0 1 1 1 1 1 1 1 1 1 0 1 1 0 1 
1 1 1 1 1 1 1 1 1 1 1 1 1 1 1 1 1 1 0 1 1 1 1 1 1 1 1 1 1 1 1 0 1 
1 1 1 1 1 1 1 1 1 1 1 1 1 1 1 1 1 1 1 1 1 1 1 1 1 1 1 1 1 1 1 1 1 
1 1 1 1 1 1 1 1 1 1 1 1 0 1 1 1 1 1 1 1 1 1 1 1 1 1 1 1 0 1 1 1 1 
1 1 1 1 1 1 1 1 1 1 1 1 1 1 1 1 1 1 1 1 1 1 1 1 1 1 1 1 1 1 1 1 1 
1 1 1 1 1 1 1 1 1 1 0 1 1 1 1 1 1 1 1 1 1 1 1 0 1 1 1 0 1 0 1 1 1 
1 1 1 1 1 1 1 1 1 1 1 1 0 1 1 1 1 1 1 1 1 1 1 1 1 0 1 1 0 1 1 1 1 
1 1 1 1 1 1 0 1 1 1 1 1 1 1 1 1 1 1 1 1 1 1 1 1 1 0 1 1 1 1 1 1 1 
1 1 1 1 1 1 1 1 1 1 1 1 1 1 1 1 1 1 1 1 1 1 1 1 1 1 1 1 1 1 1 1 1 
1 1 1 1 1 1 1 1 1 1 1 1 1 1 1 1 1 1 1 1 1 1 1 1 1 1 1 1 0 1 1 1 1 
1 1 0 1 1 1 1 1 1 1 1 1 1 0 1 0 1 1 1 1 1 1 1 0 1 1 1 1 0 0 1 1 1 
1 1 1 1 1 1 1 1 1 1 1 1 1 1 1 1 1 1 1 1 1 1 1 1 1 1 1 1 1 1 1 1 1 
1 1 1 1 1 1 1 1 0 1 1 1 1 1 1 1 1 1 1 0 1 1 1 1 1 1 0 1 1 1 1 0 1 
1 1 1 1 1 1 1 1 1 1 1 1 1 1 1 1 0 1 1 1 1 1 1 1 1 1 1 1 1 1 0 1 1 
1 1 1 1 1 1 1 1 1 1 0 1 1 1 1 1 1 1 0 1 0 1 1 1 1 1 1 0 1 1 1 0 0 
1 1 1 1 1 1 1 1 1 1 1 1 1 1 1 1 1 1 1 1 1 1 1 1 1 1 1 1 1 1 1 1 1 
1 1 1 1 1 1 1 1 1 0 1 1 1 1 1 1 1 1 1 1 1 1 1 1 1 1 0 1 1 1 1 1 1 
1 1 1 1 1 1 1 1 1 1 1 1 1 1 0 1 1 1 1 1 1 1 1 1 1 1 1 1 1 0 0 1 1 
1 1 1 1 1 1 1 1 1 1 1 1 1 1 1 1 1 1 1 1 1 1 1 1 1 1 1 1 1 1 1 1 1 
1 1 1 1 1 1 1 1 1 1 0 1 1 1 1 1 1 1 1 1 1 1 1 1 1 1 1 0 1 1 1 1 1 
1 1 1 1 1 1 1 1 1 1 1 1 1 1 1 1 1 1 1 1 1 1 1 1 1 1 1 1 1 0 1 1 1 
1 1 1 1 1 1 1 0 1 1 1 1 1 1 1 1 1 1 1 1 1 1 1 1 1 0 1 0 1 1 1 1 1 
1 1 1 1 1 1 1 1 1 1 1 1 1 1 1 1 1 1 1 1 1 0 1 1 1 1 1 1 0 1 1 1 0 
1 1 1 1 1 1 1 1 1 1 1 1 1 1 1 1 1 1 1 1 1 1 1 1 1 1 1 1 0 1 1 0 1 
0 1 1 1 1 1 1 1 1 1 1 1 1 1 1 1 1 1 1 1 1 1 0 1 1 1 1 1 1 1 1 1 1 
1 1 1 1 1 1 1 1 1 1 1 1 1 1 1 1 1 1 1 1 1 1 1 1 1 1 1 1 1 1 1 1 1 
1 1 1 1 1 1 1 1 1 1 1 1 1 1 1 1 1 1 1 1 1 1 1 1 1 0 1 1 1 1 1 1 1 
1 1 1 1 1 1 1 1 1 1 1 1 1 1 1 1 1 1 1 1 1 1 1 1 1 1 1 1 1 1 1 1 1 
1 1 1 1 1 1 0 1 1 1 1 1 1 1 1 1 1 1 1 1 1 1 1 1 1 0 1 1 0 1 1 1 1 
1 1 1 1 1 1 1 1 1 1 1 0 1 1 1 1 0 1 1 1 1 1 1 1 1 1 1 0 1 1 0 1 1 
1 1 1 1 1 1 1 1 1 1 1 1 1 1 1 1 1 1 1 0 1 1 1 1 1 1 1 1 0 1 1 0 1 
1 0 1 1 1 1 1 1 1 1 1 1 1 1 1 1 1 1 1 1 1 1 0 1 1 1 1 1 1 1 1 1 1 
1 1 1 1 1 1 1 1 1 1 1 1 0 1 1 1 0 1 1 1 1 1 1 1 1 1 1 1 0 1 0 1 1 
1 1 0 1 1 1 1 1 0 1 1 1 1 1 1 1 1 1 1 1 1 0 1 0 1 1 0 1 1 1 1 1 0 
1 1 1 1 1 1 1 1 1 1 1 1 1 1 1 1 1 1 1 1 1 1 1 1 1 1 1 1 1 1 1 1 1 
0 1 1 1 1 1 1 1 1 1 1 1 0 1 1 0 1 1 1 1 1 1 0 1 1 1 1 1 0 0 1 1 1 
1 1 1 1 1 1 1 1 1 1 1 1 1 1 1 1 1 1 1 1 1 1 1 0 0 1 1 1 1 1 1 1 1 
1 1 1 0 1 1 1 1 1 0 1 1 1 1 1 1 1 1 1 1 1 1 1 0 1 0 0 1 1 1 1 1 1 
1 1 1 1 1 0 1 1 0 1 1 1 1 1 0 1 1 1 1 1 1 1 1 1 0 1 0 1 1 0 1 1 1 
1 1 1 1 1 1 1 1 1 1 1 1 1 1 1 1 1 1 1 1 1 1 1 1 1 1 1 1 1 1 1 1 1 
1 1 1 1 1 1 1 1 1 1 1 1 1 1 1 1 1 1 1 1 1 1 1 1 1 1 1 1 1 1 1 1 1 
1 1 1 0 1 1 1 1 1 1 1 1 1 1 1 1 1 1 1 0 1 1 1 0 1 1 1 1 1 1 1 0 1 
1 1 1 1 1 1 1 1 1 1 0 1 0 1 1 1 1 1 1 1 1 1 1 1 1 1 1 0 0 1 1 1 1 
1 1 1 1 1 1 1 1 1 1 0 1 1 1 1 1 1 1 1 1 1 1 1 1 1 1 1 0 1 1 1 1 1 
1 1 1 1 1 1 1 1 0 1 1 1 1 1 1 1 1 1 1 1 1 1 1 1 1 1 0 1 1 1 1 0 1 
1 1 1 1 1 1 1 1 0 1 1 1 1 1 1 1 1 1 1 1 1 1 1 1 1 1 0 1 1 1 1 1 1 
1 1 1 1 1 1 1 1 1 1 1 1 1 1 1 1 1 1 1 0 1 1 1 1 1 1 1 1 1 1 1 0 1 
1 1 1 1 1 1 1 1 1 1 1 1 1 1 1 1 1 1 1 1 1 1 1 1 1 1 0 1 1 1 1 1 0 
1 1 1 1 1 1 1 1 1 1 1 1 1 1 1 1 1 1 1 1 1 1 1 1 1 1 1 1 1 1 1 1 1 
1 1 1 1 1 1 1 1 1 1 0 1 1 1 1 1 1 1 1 1 1 1 1 1 1 1 1 0 1 1 1 1 1 
1 1 1 1 1 0 1 1 1 1 1 0 1 1 1 1 1 0 1 1 1 1 1 1 0 1 1 0 1 1 0 1 1 
1 1 1 1 1 1 1 1 1 0 1 1 1 1 1 1 1 1 1 1 1 1 1 1 1 1 0 1 1 1 1 1 1 
1 1 1 1 1 1 1 1 1 1 1 1 1 1 1 1 1 1 1 1 1 1 1 0 1 1 1 1 0 1 1 1 1 
1 0 1 1 1 1 1 1 0 1 1 0 1 1 1 1 1 1 1 1 1 1 0 1 1 1 0 0 1 1 1 1 1 
1 1 1 1 1 1 1 1 1 1 1 1 1 1 1 1 1 1 1 1 1 1 1 1 1 0 1 1 1 1 1 0 1 
1 1 1 1 1 1 1 1 1 1 1 1 1 1 1 1 1 1 1 1 1 1 1 1 1 1 1 1 1 1 1 1 1 
1 1 1 0 0 1 1 1 1 1 1 1 1 1 1 1 1 1 1 1 1 1 1 0 0 1 1 1 1 1 1 1 1 
1 1 1 1 0 1 1 1 1 1 1 1 1 1 1 1 1 1 1 1 1 1 1 1 0 1 1 1 1 1 1 1 0 
1 1 1 1 1 1 1 1 1 1 1 1 1 0 1 1 1 1 1 1 1 1 1 1 1 1 1 1 0 1 1 0 1 
1 1 1 1 1 1 1 1 1 1 1 0 1 1 1 1 1 1 1 1 1 1 1 1 1 1 1 0 0 1 1 1 1 
1 1 1 1 1 1 1 1 1 1 1 1 1 1 1 1 1 1 1 1 1 1 1 1 1 1 1 1 1 1 1 1 1 
1 1 1 1 1 1 1 1 1 0 1 1 1 1 1 1 1 1 0 1 1 1 1 1 1 1 0 1 1 1 1 0 1 
1 1 1 1 1 1 1 1 1 1 1 1 1 1 1 1 1 1 1 1 1 1 1 1 1 1 1 1 0 1 1 1 1 
1 1 1 1 0 1 1 1 1 1 1 1 1 1 1 1 1 1 1 1 0 1 1 1 0 1 1 1 1 1 1 0 0 
1 1 1 1 1 1 1 1 1 1 1 1 1 1 1 1 1 1 1 1 1 1 1 1 1 1 1 1 1 1 1 1 1 
1 1 1 1 1 1 1 1 1 1 1 1 0 1 1 1 1 1 1 1 1 1 1 0 0 1 1 1 0 1 1 1 1 
1 1 1 1 1 1 1 1 1 1 1 1 1 1 1 1 1 1 1 1 1 1 1 1 1 1 1 1 1 1 1 1 1 
1 1 1 1 0 1 1 1 1 1 1 1 1 1 1 1 1 1 1 1 1 1 0 1 0 1 1 1 1 1 1 1 1 
1 1 1 1 1 1 1 1 1 1 1 1 1 1 1 1 1 1 1 1 1 1 1 1 1 1 1 1 1 1 1 1 1 
1 1 1 1 1 1 1 1 1 1 1 1 1 1 1 0 1 1 1 1 1 1 1 1 1 1 1 1 1 0 1 1 1 
1 1 1 1 1 0 1 1 1 1 1 1 1 1 1 1 1 1 1 1 1 1 1 1 0 1 1 1 1 1 1 1 1 
1 1 1 1 1 0 1 1 1 1 1 1 1 1 1 1 1 1 1 1 1 1 1 1 0 1 1 1 1 1 1 1 1 
1 1 1 1 1 1 1 1 1 1 1 1 1 1 0 1 1 1 1 1 0 0 1 1 1 1 1 1 1 0 1 1 0 
1 1 1 1 1 1 1 1 1 1 1 1 1 1 1 0 0 0 1 1 1 1 1 1 1 1 1 1 1 0 0 1 1 
1 1 1 1 1 1 1 1 1 1 1 0 1 1 1 1 1 1 1 1 1 1 1 1 1 1 1 0 1 1 1 1 1 
1 1 1 1 1 1 1 1 0 1 1 0 1 1 1 1 1 1 1 1 1 1 1 1 1 1 0 0 1 1 1 1 1 
1 0 1 1 1 1 1 1 1 1 1 1 1 1 1 0 1 1 1 1 1 1 0 1 1 1 1 1 1 0 1 1 1 
1 1 1 1 1 1 1 1 1 1 1 1 1 1 1 1 1 1 1 1 1 1 1 1 1 1 1 1 1 1 1 1 1 
1 1 1 1 1 0 1 1 1 1 1 0 1 1 1 1 1 1 1 0 1 1 1 1 0 1 1 0 1 1 1 0 1 
1 1 1 1 1 0 0 1 1 1 1 1 1 1 1 1 1 1 1 1 1 1 1 1 0 0 1 1 1 1 1 1 1 
1 1 0 1 1 1 1 1 1 1 1 1 1 1 1 1 1 0 0 1 1 1 1 0 1 1 1 1 1 1 0 0 1 
1 1 1 1 1 1 1 1 1 1 1 1 1 1 1 1 1 1 1 1 1 1 1 1 1 1 1 1 1 1 1 1 1 
1 1 1 1 1 1 1 1 1 1 1 1 1 1 1 1 1 1 1 1 0 1 1 1 1 1 1 1 1 1 0 1 0 
1 1 1 1 1 1 1 1 1 1 1 1 1 1 1 1 1 1 1 1 1 1 1 1 1 1 1 1 1 1 1 1 1 
1 0 1 1 1 1 1 1 0 1 0 1 1 1 1 1 1 1 1 1 1 1 0 1 1 1 0 0 1 1 1 1 1 
1 0 1 1 1 1 1 1 1 1 1 1 1 1 1 1 1 1 1 1 1 1 0 1 0 1 1 0 1 1 1 1 1 
0 1 1 1 1 1 1 1 1 1 1 1 1 1 1 1 1 1 1 1 1 1 0 1 1 1 1 1 1 1 0 1 1 
1 1 1 1 1 1 1 1 1 1 1 1 1 1 1 1 1 1 1 1 1 1 1 1 1 1 1 1 1 1 1 1 1 
1 1 1 1 1 1 1 1 1 1 1 1 1 1 1 1 1 1 1 1 1 1 1 1 1 1 1 1 1 1 1 1 1 
1 1 1 1 0 1 1 1 1 1 1 1 0 1 1 1 1 1 1 1 0 1 1 1 0 1 1 1 0 1 1 1 0 
1 1 1 1 1 1 1 1 1 1 1 1 1 1 1 1 1 1 1 1 1 1 1 0 1 1 1 1 1 1 1 1 1 
1 1 1 1 0 1 1 1 1 0 1 1 1 1 1 1 0 1 1 1 1 1 1 1 0 1 0 1 1 1 0 1 1 
1 1 1 1 1 1 0 1 1 1 0 1 1 1 1 1 1 1 1 1 1 1 1 1 1 0 1 0 1 1 1 1 1 
1 1 1 1 1 1 1 1 1 1 1 1 1 1 1 0 1 1 1 1 1 1 1 1 1 1 1 0 1 0 1 1 1 
1 1 1 1 1 1 1 1 1 1 1 1 1 1 1 1 1 1 1 0 1 1 0 1 1 1 1 1 1 1 1 0 1 
1 1 1 1 1 1 1 1 1 1 0 1 1 1 1 1 1 1 1 1 1 0 1 1 1 1 1 0 1 1 1 1 0 
1 1 1 1 1 0 1 1 1 1 1 1 1 1 1 1 1 1 1 1 1 1 1 1 0 1 1 1 1 1 1 1 1 
1 1 1 1 1 1 1 1 1 1 1 1 1 1 1 1 1 1 1 1 1 1 1 1 1 1 1 1 1 1 1 1 1 
1 1 1 1 1 1 1 1 1 1 1 1 1 1 1 1 1 1 1 0 1 1 1 1 1 1 1 1 0 1 1 0 1 
1 1 1 1 1 1 1 1 1 1 1 1 1 1 1 1 1 1 1 1 1 1 1 1 1 1 1 1 1 1 1 1 1 
1 1 1 1 1 1 1 1 1 1 1 1 1 1 1 1 1 1 1 1 1 1 1 1 1 1 1 1 1 1 1 1 1 
1 1 1 1 1 1 1 1 1 1 1 1 1 1 1 1 1 1 1 1 1 1 1 1 1 1 0 1 1 1 1 1 1 
1 1 1 1 1 1 1 1 1 1 1 1 1 1 1 1 1 1 1 1 1 1 1 1 1 1 1 1 1 1 1 1 1 
1 1 1 1 0 1 1 1 1 1 1 1 1 0 1 1 1 1 1 1 1 1 1 1 0 1 0 1 0 1 1 1 1 
1 1 1 1 1 1 1 1 1 1 1 0 1 1 1 1 1 1 1 1 1 1 1 1 1 1 1 0 1 1 1 1 1 
1 1 1 1 1 1 1 1 1 1 1 1 1 1 1 1 1 1 1 1 1 1 1 1 1 1 1 1 0 1 1 1 1 
1 1 0 1 1 1 1 1 1 1 1 1 1 1 1 1 1 1 1 1 1 1 1 0 1 1 1 1 1 1 1 1 1 
1 1 1 1 1 1 1 1 1 1 1 1 1 1 1 1 1 1 0 1 1 1 1 1 1 1 1 0 1 1 1 0 1 
1 1 1 1 1 1 1 1 1 1 1 1 1 1 1 1 1 1 1 1 1 1 1 1 1 1 1 1 1 0 1 1 1 
0 1 1 1 1 1 1 1 1 1 1 1 1 1 1 1 1 1 1 1 1 1 0 1 1 1 1 1 1 1 1 1 0 
1 1 1 1 1 1 1 1 1 1 1 1 1 1 1 1 1 1 1 1 1 1 1 1 1 1 1 1 1 1 1 1 1 
1 1 1 1 1 1 1 1 1 1 1 0 1 1 1 1 1 1 1 1 1 1 1 1 1 1 1 0 1 1 1 1 1 
1 1 1 1 1 1 1 0 1 1 0 1 1 1 1 0 1 1 1 1 1 1 1 1 1 0 1 0 1 0 1 1 1 
1 1 1 0 1 1 1 1 1 1 1 1 1 1 1 1 1 1 1 1 1 1 1 0 1 1 1 1 1 1 1 1 1 
1 1 1 1 1 1 1 0 1 1 1 1 1 1 1 1 1 1 1 1 1 1 1 1 1 0 0 1 1 1 1 1 1 
1 1 1 1 1 1 1 1 1 1 1 1 1 1 1 1 1 1 1 1 1 1 1 1 1 1 1 1 1 1 1 1 1 
1 1 1 1 1 1 1 1 1 1 1 1 1 1 1 1 1 1 1 0 0 1 1 1 1 1 1 1 1 1 1 0 0 
1 1 1 1 1 1 1 1 1 1 1 1 1 1 1 1 1 1 1 1 1 1 1 1 1 1 1 1 1 1 1 1 1 
1 1 1 1 1 1 1 0 1 1 1 1 1 1 1 1 1 1 1 1 1 1 1 1 1 0 1 1 1 1 1 1 1 
1 1 1 1 1 1 1 1 1 1 1 1 1 1 1 1 1 1 1 1 1 1 1 1 1 1 1 1 1 1 1 1 1 
1 1 1 1 1 1 1 1 0 1 1 1 1 1 1 1 1 1 1 1 1 1 1 1 1 1 0 1 1 1 1 1 1 
1 1 1 1 1 1 1 1 1 1 1 1 1 1 0 1 1 1 1 1 1 1 1 0 1 1 1 0 1 0 1 1 1 
1 1 1 1 1 1 1 1 1 1 1 1 1 1 1 1 1 1 1 1 1 1 1 1 1 1 1 1 1 1 1 1 1 
1 1 1 1 1 1 1 1 1 1 1 1 1 1 0 1 1 1 1 1 1 1 1 1 0 1 1 0 1 0 1 1 1 
1 1 1 1 1 1 1 1 1 1 1 1 1 1 1 1 1 1 1 1 1 1 1 1 1 1 1 1 1 1 1 1 1 
1 1 1 1 1 1 1 1 1 1 1 1 1 1 1 1 1 1 0 1 1 1 1 1 1 1 1 1 1 1 1 0 1 
1 1 1 1 1 1 1 1 1 1 1 1 1 1 1 1 1 1 1 1 1 1 1 1 1 1 1 1 1 1 1 1 1 
1 0 1 1 1 0 1 1 1 1 1 1 1 1 1 1 1 1 1 1 1 1 0 1 0 1 0 1 1 1 1 1 1 
1 1 1 1 1 1 1 1 1 1 1 1 1 1 1 1 1 1 1 1 1 1 1 1 1 1 1 1 1 0 1 1 1 
1 1 1 1 1 0 1 1 1 1 1 1 1 1 1 1 1 1 1 1 0 1 1 1 0 1 1 1 0 1 1 1 0 
1 1 1 1 1 1 0 1 1 1 1 1 1 1 1 1 1 1 1 1 1 1 1 1 1 0 1 1 1 1 1 1 1 
1 1 1 1 1 1 1 1 1 1 1 1 1 1 1 1 1 1 1 1 1 1 1 1 1 1 1 1 1 1 1 1 1 
1 1 1 1 1 1 1 1 1 1 1 1 1 1 1 1 1 1 1 1 1 1 1 1 1 1 1 1 0 1 1 1 1 
1 1 1 1 1 1 1 1 1 1 1 1 1 1 1 1 1 1 1 1 1 1 1 1 1 1 1 1 1 1 1 1 1 
1 1 1 1 1 1 1 1 1 1 1 1 1 1 1 1 1 1 1 1 1 1 1 1 1 1 1 1 1 1 1 1 1 
1 0 1 1 1 1 1 1 1 1 1 1 1 1 1 0 1 1 0 1 1 1 0 1 1 1 1 1 1 0 1 0 1 
1 1 1 1 1 1 1 1 1 1 1 1 1 1 1 1 1 1 1 1 1 1 1 1 1 1 1 1 1 1 1 1 1 
1 1 1 1 1 1 1 1 1 1 1 1 1 1 1 1 1 1 0 1 1 1 1 0 1 1 1 1 1 1 1 0 1 
1 1 1 1 1 1 1 1 1 1 1 0 1 1 1 1 1 1 1 1 1 1 1 1 1 1 1 0 1 1 1 1 1 
1 1 1 1 1 1 1 1 1 1 1 0 1 1 1 1 1 1 1 1 1 1 1 1 0 1 1 0 1 1 1 1 1 
1 1 1 1 1 1 1 1 1 1 1 1 0 1 1 1 1 1 1 1 1 1 1 1 1 1 1 1 0 1 1 1 1 
1 1 1 1 1 1 1 1 1 1 1 1 1 1 1 1 1 1 1 1 1 1 1 1 1 1 1 1 1 1 1 1 1 
]

EmployeeWantedInStint: [ (3 1) 1 (7 23) 1 (8 31) 1 (9 22) 1 (10 25) 1 (12 10) 1 (12 20) 1 (14 8) 1 (16 3) 1 (17 16) 1 (18 17) 1 (19 5) 1 (19 28) 1 (20 14) 1 (23 28) 1 (24 11) 1 (24 21) 1 (27 21) 1 (29 26) 1 (29 31) 1 (32 21) 1 (35 2) 1 (36 10) 1 (37 17) 1 (38 18) 1 (39 3) 1 (39 22) 1 (40 17) 1 (40 29) 1 (42 26) 1 (43 22) 1 (44 3) 1 (44 15) 1 (48 10) 1 (49 2) 1 (50 1) 1 (51 32) 1 (52 6) 1 (52 12) 1 (54 5) 1 (54 21) 1 (54 23) 1 (56 24) 1 (59 19) 1 (61 22) 1 (62 28) 1 (63 13) 1 (63 20) 1 (66 13) 1 (66 14) 1 (68 15) 1 (70 12) 1 (71 2) 1 (71 12) 1 (71 25) 1 (72 11) 1 (72 25) 1 (73 17) 1 (73 27) 1 (75 1) 1 (75 25) 1 (76 21) 1 (77 9) 1 (77 26) 1 (79 30) 1 (80 21) 1 (81 16) 1 (82 12) 1 (84 31) 1 (85 4) 1 (86 7) 1 (86 23) 1 (87 4) 1 (93 2) 1 (95 11) 1 (95 31) 1 (98 30) 1 (99 19) 1 (99 28) 1 (101 23) 1 (104 11) 1 (105 5) 1 (106 10) 1 (107 14) 1 (109 15) 1 (115 16) 1 (115 19) 1 (117 2) 1 (118 7) 1 (119 9) 1 (122 2) 1 (122 4) 1 (124 30) 1 (127 23) 1 (129 12) 1 (130 9) 1 (131 21) 1 (135 4) 1 (135 8) 1 (137 24) 1 (138 16) 1 (139 13) 1 (139 31) 1 (142 29) 1 (143 30) 1 (145 5) 1 (147 21) 1 (150 8) 1 ]

EmployeeWantedViolationCost: [ (3 1) 11000 (7 23) 8000 (8 31) 6000 (9 22) 5000 (10 25) 10000 (12 10) 11000 (12 20) 10000 (14 8) 15000 (16 3) 14000 (17 16) 11000 (18 17) 15000 (19 5) 9000 (19 28) 11000 (20 14) 10000 (23 28) 8000 (24 11) 10000 (24 21) 13000 (27 21) 5000 (29 26) 5000 (29 31) 5000 (32 21) 10000 (35 2) 5000 (36 10) 6000 (37 17) 7000 (38 18) 13000 (39 3) 6000 (39 22) 13000 (40 17) 15000 (40 29) 13000 (42 26) 12000 (43 22) 12000 (44 3) 11000 (44 15) 15000 (48 10) 5000 (49 2) 5000 (50 1) 13000 (51 32) 13000 (52 6) 14000 (52 12) 8000 (54 5) 7000 (54 21) 12000 (54 23) 11000 (56 24) 7000 (59 19) 7000 (61 22) 13000 (62 28) 11000 (63 13) 14000 (63 20) 13000 (66 13) 12000 (66 14) 12000 (68 15) 8000 (70 12) 14000 (71 2) 10000 (71 12) 10000 (71 25) 14000 (72 11) 8000 (72 25) 12000 (73 17) 9000 (73 27) 13000 (75 1) 15000 (75 25) 11000 (76 21) 5000 (77 9) 10000 (77 26) 12000 (79 30) 14000 (80 21) 14000 (81 16) 15000 (82 12) 13000 (84 31) 9000 (85 4) 9000 (86 7) 14000 (86 23) 5000 (87 4) 13000 (93 2) 9000 (95 11) 9000 (95 31) 6000 (98 30) 8000 (99 19) 7000 (99 28) 9000 (101 23) 11000 (104 11) 8000 (105 5) 10000 (106 10) 6000 (107 14) 12000 (109 15) 12000 (115 16) 15000 (115 19) 10000 (117 2) 14000 (118 7) 15000 (119 9) 7000 (122 2) 13000 (122 4) 9000 (124 30) 10000 (127 23) 13000 (129 12) 10000 (130 9) 11000 (131 21) 7000 (135 4) 7000 (135 8) 14000 (137 24) 5000 (138 16) 12000 (139 13) 8000 (139 31) 12000 (142 29) 5000 (143 30) 6000 (145 5) 11000 (147 21) 5000 (150 8) 13000 ]

EmployeesThatShouldNotWorkTogetherWithEmployee: [
[ 53 ]
[ 4 10 18 45 87 101 119 ]
[ 18 81 ]
[ 48 79 119 122 126 139 ]
[ 22 24 70 85 113 123 132 ]
[ 47 67 85 134 ]
[ 9 18 69 92 104 ]
[ 37 72 73 84 97 135 ]
[ 25 80 99 100 140 ]
[ 24 104 141 143 146 ]
[ 50 63 124 132 142 ]
[ 32 57 75 78 97 ]
[ 19 40 60 ]
[ 64 77 89 130 ]
[ 61 113 124 133 142 ]
[ 31 47 49 52 82 88 ]
[ 43 67 77 ]
[ 55 65 107 119 ]
[ 52 81 84 100 147 148 ]
[ 77 131 140 144 ]
[ 27 47 111 147 ]
[ 31 94 129 132 ]
[ 24 50 51 61 68 77 98 100 136 ]
[ 52 53 64 ]
[ 27 66 68 82 150 ]
[ 40 54 66 67 90 138 148 ]
[ 35 36 50 56 111 133 134 150 ]
[ 76 118 119 140 142 144 ]
[ 59 87 124 143 144 ]
[ 44 48 60 80 95 120 125 133 ]
[ 109 ]
[ 44 47 83 112 ]
[ 82 85 93 111 112 131 138 ]
[ 42 78 83 104 111 ]
[ 75 79 96 100 119 134 143 ]
[ 38 63 90 ]
[ 85 86 ]
[ 53 65 ]
[ 58 86 93 95 110 ]
[ 95 103 121 123 137 ]
[ 42 48 50 90 97 ]
[ 70 79 110 149 ]
[ 45 63 71 72 93 145 147 ]
[ 51 74 102 120 ]
[ 83 94 104 113 128 130 ]
[ 81 108 123 127 137 ]
[ 51 65 83 102 110 133 137 ]
[ 118 128 137 ]
[ 57 59 99 100 103 145 ]
[ 69 75 134 ]
[ 105 120 132 142 ]
[ 73 108 113 129 ]
[ 97 142 ]
[ 133 ]
[ 79 84 93 103 120 142 149 150 ]
[ 65 78 110 150 ]
[ 82 90 95 103 ]
[ 64 111 112 113 ]
[ 63 77 87 114 128 136 139 ]
[ 70 71 89 100 108 118 122 136 139 ]
[ 82 84 138 ]
[ 71 99 109 ]
[ 88 92 100 110 ]
[ 109 119 121 123 142 ]
[ 145 ]
[ 84 99 118 ]
[ ]
[ 80 81 84 90 116 ]
[ 78 134 136 ]
[ ]
[ 75 120 132 ]
[ 75 144 ]
[ 75 87 88 102 113 137 ]
[ 77 91 116 ]
[ 77 80 81 116 135 ]
[ 79 87 128 129 ]
[ 86 ]
[ 97 100 106 147 ]
[ 88 118 127 133 145 ]
[ 88 133 145 ]
[ 108 124 ]
[ 91 130 ]
[ 93 98 136 144 ]
[ 104 122 ]
[ 89 108 111 121 124 ]
[ 88 93 136 137 143 ]
[ ]
[ 96 128 ]
[ 106 109 114 120 121 131 138 ]
[ ]
[ 93 102 140 ]
[ 97 120 ]
[ 101 114 127 150 ]
[ ]
[ ]
[ 99 107 ]
[ 101 112 128 ]
[ 99 120 ]
[ 128 143 ]
[ 109 119 126 138 ]
[ 137 ]
[ 134 138 ]
[ 117 148 ]
[ 132 136 ]
[ 140 ]
[ 138 ]
[ 111 120 ]
[ 134 137 ]
[ 121 146 ]
[ ]
[ 118 134 146 ]
[ 118 121 135 137 ]
[ ]
[ 128 138 ]
[ 127 ]
[ 117 146 ]
[ 118 123 ]
[ 145 ]
[ 130 134 ]
[ ]
[ ]
[ 133 ]
[ 130 149 ]
[ ]
[ 132 ]
[ ]
[ 129 150 ]
[ 141 143 ]
[ 148 ]
[ 134 141 ]
[ 140 146 ]
[ 134 136 138 ]
[ ]
[ ]
[ 148 ]
[ ]
[ ]
[ 143 149 ]
[ ]
[ ]
[ ]
[ 144 147 ]
[ 145 ]
[ ]
[ ]
[ ]
[ ]
[ ]
[ ]
[ ]
]

ShouldNotWorkTogetherCost: [ (1 53) 297 (2 4) 297 (2 10) 297 (2 18) 99 (2 45) 396 (2 87) 198 (2 101) 198 (2 119) 99 (3 18) 396 (3 81) 297 (4 48) 99 (4 79) 396 (4 119) 396 (4 122) 99 (4 126) 396 (4 139) 99 (5 22) 99 (5 24) 99 (5 70) 396 (5 85) 198 (5 113) 297 (5 123) 198 (5 132) 396 (6 47) 297 (6 67) 99 (6 85) 396 (6 134) 396 (7 9) 99 (7 18) 396 (7 69) 198 (7 92) 396 (7 104) 297 (8 37) 297 (8 72) 297 (8 73) 297 (8 84) 99 (8 97) 99 (8 135) 198 (9 25) 198 (9 80) 297 (9 99) 297 (9 100) 198 (9 140) 99 (10 24) 99 (10 104) 297 (10 141) 198 (10 143) 396 (10 146) 297 (11 50) 99 (11 63) 297 (11 124) 297 (11 132) 99 (11 142) 99 (12 32) 396 (12 57) 396 (12 75) 198 (12 78) 396 (12 97) 396 (13 19) 297 (13 40) 396 (13 60) 297 (14 64) 99 (14 77) 99 (14 89) 198 (14 130) 297 (15 61) 99 (15 113) 396 (15 124) 198 (15 133) 297 (15 142) 198 (16 31) 396 (16 47) 99 (16 49) 396 (16 52) 297 (16 82) 297 (16 88) 297 (17 43) 198 (17 67) 297 (17 77) 396 (18 55) 198 (18 65) 99 (18 107) 396 (18 119) 396 (19 52) 396 (19 81) 198 (19 84) 396 (19 100) 396 (19 147) 396 (19 148) 396 (20 77) 198 (20 131) 396 (20 140) 198 (20 144) 198 (21 27) 99 (21 47) 198 (21 111) 396 (21 147) 297 (22 31) 297 (22 94) 198 (22 129) 99 (22 132) 198 (23 24) 198 (23 50) 297 (23 51) 297 (23 61) 99 (23 68) 198 (23 77) 297 (23 98) 198 (23 100) 198 (23 136) 297 (24 52) 198 (24 53) 396 (24 64) 99 (25 27) 396 (25 66) 297 (25 68) 297 (25 82) 198 (25 150) 99 (26 40) 396 (26 54) 396 (26 66) 297 (26 67) 198 (26 90) 198 (26 138) 99 (26 148) 99 (27 35) 396 (27 36) 198 (27 50) 297 (27 56) 198 (27 111) 396 (27 133) 99 (27 134) 198 (27 150) 99 (28 76) 396 (28 118) 198 (28 119) 99 (28 140) 99 (28 142) 198 (28 144) 99 (29 59) 297 (29 87) 99 (29 124) 297 (29 143) 198 (29 144) 396 (30 44) 99 (30 48) 198 (30 60) 99 (30 80) 396 (30 95) 297 (30 120) 396 (30 125) 99 (30 133) 99 (31 109) 198 (32 44) 297 (32 47) 396 (32 83) 297 (32 112) 396 (33 82) 198 (33 85) 297 (33 93) 297 (33 111) 396 (33 112) 297 (33 131) 297 (33 138) 297 (34 42) 396 (34 78) 198 (34 83) 396 (34 104) 198 (34 111) 99 (35 75) 99 (35 79) 396 (35 96) 396 (35 100) 297 (35 119) 396 (35 134) 297 (35 143) 99 (36 38) 99 (36 63) 297 (36 90) 297 (37 85) 198 (37 86) 297 (38 53) 297 (38 65) 396 (39 58) 297 (39 86) 99 (39 93) 99 (39 95) 99 (39 110) 297 (40 95) 99 (40 103) 99 (40 121) 198 (40 123) 396 (40 137) 396 (41 42) 396 (41 48) 198 (41 50) 396 (41 90) 396 (41 97) 396 (42 70) 297 (42 79) 198 (42 110) 396 (42 149) 396 (43 45) 396 (43 63) 396 (43 71) 198 (43 72) 99 (43 93) 99 (43 145) 99 (43 147) 198 (44 51) 396 (44 74) 396 (44 102) 198 (44 120) 99 (45 83) 297 (45 94) 396 (45 104) 396 (45 113) 297 (45 128) 297 (45 130) 198 (46 81) 99 (46 108) 396 (46 123) 198 (46 127) 198 (46 137) 99 (47 51) 198 (47 65) 297 (47 83) 198 (47 102) 297 (47 110) 396 (47 133) 99 (47 137) 297 (48 118) 396 (48 128) 297 (48 137) 198 (49 57) 198 (49 59) 396 (49 99) 99 (49 100) 297 (49 103) 297 (49 145) 297 (50 69) 396 (50 75) 198 (50 134) 396 (51 105) 396 (51 120) 297 (51 132) 99 (51 142) 198 (52 73) 198 (52 108) 99 (52 113) 297 (52 129) 198 (53 97) 99 (53 142) 297 (54 133) 297 (55 79) 297 (55 84) 99 (55 93) 198 (55 103) 99 (55 120) 396 (55 142) 99 (55 149) 99 (55 150) 99 (56 65) 198 (56 78) 396 (56 110) 396 (56 150) 198 (57 82) 396 (57 90) 198 (57 95) 297 (57 103) 396 (58 64) 297 (58 111) 396 (58 112) 99 (58 113) 198 (59 63) 99 (59 77) 99 (59 87) 198 (59 114) 297 (59 128) 396 (59 136) 198 (59 139) 99 (60 70) 396 (60 71) 99 (60 89) 396 (60 100) 396 (60 108) 99 (60 118) 198 (60 122) 297 (60 136) 99 (60 139) 297 (61 82) 396 (61 84) 396 (61 138) 198 (62 71) 396 (62 99) 396 (62 109) 297 (63 88) 99 (63 92) 99 (63 100) 99 (63 110) 99 (64 109) 99 (64 119) 99 (64 121) 99 (64 123) 99 (64 142) 396 (65 145) 198 (66 84) 198 (66 99) 297 (66 118) 198 (68 80) 198 (68 81) 198 (68 84) 297 (68 90) 297 (68 116) 198 (69 78) 297 (69 134) 198 (69 136) 198 (71 75) 396 (71 120) 99 (71 132) 198 (72 75) 99 (72 144) 198 (73 75) 198 (73 87) 198 (73 88) 396 (73 102) 297 (73 113) 198 (73 137) 99 (74 77) 396 (74 91) 198 (74 116) 198 (75 77) 99 (75 80) 99 (75 81) 99 (75 116) 297 (75 135) 198 (76 79) 297 (76 87) 396 (76 128) 99 (76 129) 297 (77 86) 396 (78 97) 297 (78 100) 99 (78 106) 396 (78 147) 396 (79 88) 396 (79 118) 396 (79 127) 396 (79 133) 396 (79 145) 198 (80 88) 99 (80 133) 198 (80 145) 99 (81 108) 297 (81 124) 297 (82 91) 297 (82 130) 396 (83 93) 396 (83 98) 297 (83 136) 99 (83 144) 198 (84 104) 99 (84 122) 198 (85 89) 396 (85 108) 396 (85 111) 297 (85 121) 99 (85 124) 297 (86 88) 396 (86 93) 396 (86 136) 198 (86 137) 198 (86 143) 99 (88 96) 396 (88 128) 297 (89 106) 396 (89 109) 297 (89 114) 396 (89 120) 99 (89 121) 99 (89 131) 297 (89 138) 99 (91 93) 198 (91 102) 396 (91 140) 99 (92 97) 198 (92 120) 198 (93 101) 198 (93 114) 198 (93 127) 297 (93 150) 99 (96 99) 99 (96 107) 99 (97 101) 297 (97 112) 297 (97 128) 99 (98 99) 99 (98 120) 396 (99 128) 198 (99 143) 198 (100 109) 99 (100 119) 99 (100 126) 297 (100 138) 99 (101 137) 396 (102 134) 396 (102 138) 99 (103 117) 297 (103 148) 198 (104 132) 396 (104 136) 99 (105 140) 198 (106 138) 198 (107 111) 297 (107 120) 396 (108 134) 99 (108 137) 99 (109 121) 99 (109 146) 396 (111 118) 99 (111 134) 99 (111 146) 396 (112 118) 396 (112 121) 396 (112 135) 198 (112 137) 99 (114 128) 99 (114 138) 99 (115 127) 198 (116 117) 396 (116 146) 99 (117 118) 198 (117 123) 297 (118 145) 297 (119 130) 198 (119 134) 198 (122 133) 396 (123 130) 99 (123 149) 297 (125 132) 198 (127 129) 297 (127 150) 297 (128 141) 396 (128 143) 99 (129 148) 297 (130 134) 396 (130 141) 198 (131 140) 396 (131 146) 396 (132 134) 198 (132 136) 198 (132 138) 99 (135 148) 99 (138 143) 297 (138 149) 396 (142 144) 396 (142 147) 99 (143 145) 396 ]

ImmediatePredecessorsToActivity: [
[ ]
[ 1 ]
[ 1 ]
[ 1 ]
[ 1 ]
[ 3 5 ]
[ 4 5 ]
[ 2 6 ]
[ 4 6 ]
[ 3 ]
[ 10 ]
[ 1 ]
[ 1 ]
[ 12 ]
[ 4 5 10 ]
[ 2 15 ]
[ 7 8 9 11 ]
[ 3 12 ]
[ 12 15 ]
[ 2 3 5 9 ]
[ 7 8 9 11 16 ]
[ 11 ]
[ 2 7 12 15 ]
[ 4 12 ]
[ 1 ]
[ 5 8 18 ]
[ 5 10 ]
[ 4 10 22 ]
[ 10 24 ]
[ 2 6 11 15 ]
[ 3 ]
[ 2 4 11 ]
[ 8 9 10 16 24 32 ]
[ 7 8 12 27 28 ]
[ 11 ]
[ 5 ]
[ 4 5 11 ]
[ 5 9 18 22 24 32 ]
[ 11 15 ]
[ 2 9 18 22 27 31 39 ]
[ ]
[ 41 ]
[ 42 ]
[ 43 ]
[ 41 ]
[ 43 ]
[ 42 ]
[ 41 ]
[ 47 ]
[ 41 ]
[ 41 ]
[ 41 ]
[ 51 ]
[ 49 51 ]
[ 43 52 ]
[ 43 45 47 50 ]
[ 49 50 51 ]
[ 43 47 52 ]
[ 45 50 51 ]
[ 43 49 ]
[ 43 49 50 52 ]
[ 50 ]
[ 47 ]
[ 42 49 59 ]
[ 47 51 62 ]
[ 43 48 49 51 ]
[ 42 48 49 50 ]
[ 42 48 51 52 ]
[ 42 52 ]
[ 42 49 50 ]
[ 59 62 63 ]
[ 48 52 ]
[ 45 51 62 ]
[ 45 52 71 ]
[ 43 48 49 59 ]
[ 47 48 ]
[ 49 51 71 ]
[ 43 48 49 62 ]
[ 41 ]
]

ActivitiesInProject: [
[ 1 2 3 4 5 6 7 8 9 10 11 12 13 14 15 16 17 18 19 20 21 22 23 24 25 26 27 28 29 30 31 32 33 34 35 36 37 38 39 40 ]
[ 41 42 43 44 45 46 47 48 49 50 51 52 53 54 55 56 57 58 59 60 61 62 63 64 65 66 67 68 69 70 71 72 73 74 75 76 77 78 79 ]
]

nActivityModes: [ 3 3 3 3 3 3 3 3 3 3 3 3 3 3 3 3 3 3 3 3 3 3 3 3 3 3 3 3 3 3 3 3 3 3 3 3 3 3 3 3 3 3 3 3 3 3 3 3 3 3 3 3 3 3 3 3 3 3 3 3 3 3 3 3 3 3 3 3 3 3 3 3 3 3 3 3 3 3 3 ]

ActivitiyDurationWithMode: [
1	1	1	
25	17	34	
21	14	28	
15	10	20	
30	20	40	
28	19	38	
19	13	26	
13	9	18	
9	6	12	
9	6	12	
10	7	14	
18	12	24	
83	56	111	
60	40	80	
10	7	14	
30	20	40	
9	6	12	
39	26	52	
34	23	46	
14	10	19	
8	6	11	
19	13	26	
19	13	26	
46	31	62	
82	55	110	
11	8	15	
35	24	47	
10	7	14	
18	12	24	
20	14	27	
18	12	24	
21	14	28	
11	8	15	
9	6	12	
36	24	48	
48	32	64	
33	22	44	
15	10	20	
13	9	18	
13	9	18	
1	1	1	
49	33	66	
43	29	58	
13	9	18	
18	12	24	
14	10	19	
14	10	19	
58	39	78	
26	18	35	
23	16	31	
12	8	16	
92	62	123	
95	64	127	
17	12	23	
11	8	15	
12	8	16	
18	12	24	
14	10	19	
21	14	28	
11	8	15	
11	8	15	
44	30	59	
24	16	32	
22	15	30	
43	29	58	
11	8	15	
18	12	24	
14	10	19	
11	8	15	
13	9	18	
11	8	15	
12	8	16	
33	22	44	
12	8	16	
17	12	23	
16	11	22	
13	9	18	
19	13	26	
60	40	80	
]
StintsInProject: [
[ 1 2 3 4 5 6 7 8 9 10 11 12 13 14 15 16 17 18 19 20 21 22 ]
[ 23 24 25 26 27 28 29 30 31 32 33 ]
]

WorkingStintsOnDay: [
[ 1 23 ]
[ 1 23 ]
[ 1 23 ]
[ 1 23 ]
[ 1 23 ]
[ 23 ]
[ 23 ]
[ 2 23 ]
[ 2 23 ]
[ 2 23 ]
[ 2 23 ]
[ 2 23 ]
[ 23 ]
[ 23 ]
[ 3 24 ]
[ 3 24 ]
[ 3 24 ]
[ 3 24 ]
[ 3 24 ]
[ 24 ]
[ 24 ]
[ 4 24 ]
[ 4 24 ]
[ 4 24 ]
[ 4 24 ]
[ 4 24 ]
[ 24 ]
[ 24 ]
[ 5 25 ]
[ 5 25 ]
[ 5 25 ]
[ 5 25 ]
[ 5 25 ]
[ 25 ]
[ 25 ]
[ 6 25 ]
[ 6 25 ]
[ 6 25 ]
[ 6 25 ]
[ 6 25 ]
[ 25 ]
[ 25 ]
[ 7 26 ]
[ 7 26 ]
[ 7 26 ]
[ 7 26 ]
[ 7 26 ]
[ 26 ]
[ 26 ]
[ 8 26 ]
[ 8 26 ]
[ 8 26 ]
[ 8 26 ]
[ 8 26 ]
[ 26 ]
[ 26 ]
[ 9 27 ]
[ 9 27 ]
[ 9 27 ]
[ 9 27 ]
[ 9 27 ]
[ 27 ]
[ 27 ]
[ 10 27 ]
[ 10 27 ]
[ 10 27 ]
[ 10 27 ]
[ 10 27 ]
[ 27 ]
[ 27 ]
[ 11 28 ]
[ 11 28 ]
[ 11 28 ]
[ 11 28 ]
[ 11 28 ]
[ 28 ]
[ 28 ]
[ 12 28 ]
[ 12 28 ]
[ 12 28 ]
[ 12 28 ]
[ 12 28 ]
[ 28 ]
[ 28 ]
[ 13 29 ]
[ 13 29 ]
[ 13 29 ]
[ 13 29 ]
[ 13 29 ]
[ 29 ]
[ 29 ]
[ 14 29 ]
[ 14 29 ]
[ 14 29 ]
[ 14 29 ]
[ 14 29 ]
[ 29 ]
[ 29 ]
[ 15 30 ]
[ 15 30 ]
[ 15 30 ]
[ 15 30 ]
[ 15 30 ]
[ 30 ]
[ 30 ]
[ 16 30 ]
[ 16 30 ]
[ 16 30 ]
[ 16 30 ]
[ 16 30 ]
[ 30 ]
[ 30 ]
[ 17 31 ]
[ 17 31 ]
[ 17 31 ]
[ 17 31 ]
[ 17 31 ]
[ 31 ]
[ 31 ]
[ 18 31 ]
[ 18 31 ]
[ 18 31 ]
[ 18 31 ]
[ 18 31 ]
[ 31 ]
[ 31 ]
[ 19 32 ]
[ 19 32 ]
[ 19 32 ]
[ 19 32 ]
[ 19 32 ]
[ 32 ]
[ 32 ]
[ 20 32 ]
[ 20 32 ]
[ 20 32 ]
[ 20 32 ]
[ 20 32 ]
[ 32 ]
[ 32 ]
[ 21 33 ]
[ 21 33 ]
[ 21 33 ]
[ 21 33 ]
[ 21 33 ]
[ 33 ]
[ 33 ]
[ 22 33 ]
[ 22 33 ]
[ 22 33 ]
]

ProjectStart: [ 24 4 ]

ProjectEnd: [ 141 117 ]

EarliestStartDayForActivity: [ 1 24 24 24 24 66 66 104 104 53 66 24 24 48 66 80 123 53 80 117 123 80 93 48 24 123 66 107 114 104 53 80 123 123 80 66 80 117 80 117 1 4 53 96 4 96 53 4 67 4 4 4 16 93 96 96 93 96 27 96 96 27 67 93 71 96 93 96 96 93 91 96 71 102 96 67 102 96 4 ]

LatestStartDayForActivity: [ 1 141 141 141 141 141 141 141 141 141 141 141 141 141 141 141 141 141 141 141 141 141 141 141 141 141 141 141 141 141 141 141 141 141 141 141 141 141 141 141 1 117 117 117 117 117 117 117 117 117 117 117 117 117 117 117 117 117 117 117 117 117 117 117 117 117 117 117 117 117 117 117 117 117 117 117 117 117 117 ]

EquipmentTypeDemandInActivityWithMode: [
0	0	0	
1	3	1	
1	3	1	
1	3	1	
1	3	1	
1	3	1	
2	4	2	
0	1	0	
1	3	1	
1	3	1	
3	6	2	
2	4	2	
1	3	1	
0	1	0	
1	3	1	
1	3	1	
0	1	0	
1	3	1	
1	3	1	
3	6	2	
0	1	0	
1	3	1	
0	1	0	
1	3	1	
0	1	0	
0	1	0	
1	3	1	
0	1	0	
1	3	1	
2	4	2	
0	1	0	
0	1	0	
1	3	1	
1	3	1	
1	3	1	
0	1	0	
1	3	1	
3	6	2	
0	1	0	
0	1	0	
0	0	0	
1	3	1	
1	3	1	
1	3	1	
0	1	0	
1	3	1	
1	3	1	
0	1	0	
0	1	0	
1	3	1	
0	1	0	
1	3	1	
0	1	0	
1	3	1	
0	1	0	
1	3	1	
2	4	2	
2	4	2	
0	1	0	
1	3	1	
1	3	1	
0	1	0	
1	3	1	
2	4	2	
2	4	2	
0	1	0	
2	4	2	
2	4	2	
1	3	1	
1	3	1	
1	3	1	
1	3	1	
1	3	1	
0	1	0	
0	1	0	
0	1	0	
1	3	1	
0	1	0	
0	1	0	

0	0	0	
0	1	0	
2	4	2	
0	1	0	
1	3	1	
1	3	1	
0	1	0	
2	4	2	
0	1	0	
0	1	0	
3	6	2	
0	1	0	
2	4	2	
1	3	1	
2	4	2	
0	1	0	
2	4	2	
0	1	0	
3	6	2	
0	1	0	
2	4	2	
1	3	1	
1	3	1	
1	3	1	
1	3	1	
1	3	1	
0	1	0	
4	7	3	
0	1	0	
0	1	0	
0	1	0	
1	3	1	
4	7	3	
1	3	1	
2	4	2	
2	4	2	
0	1	0	
0	1	0	
0	1	0	
0	1	0	
0	0	0	
1	3	1	
0	1	0	
1	3	1	
2	4	2	
2	4	2	
1	3	1	
0	1	0	
0	1	0	
2	4	2	
1	3	1	
0	1	0	
0	1	0	
0	1	0	
0	1	0	
1	3	1	
1	3	1	
0	1	0	
1	3	1	
1	3	1	
2	4	2	
0	1	0	
1	3	1	
0	1	0	
1	3	1	
1	3	1	
0	1	0	
1	3	1	
1	3	1	
1	3	1	
0	1	0	
1	3	1	
1	3	1	
1	3	1	
1	3	1	
2	4	2	
0	1	0	
1	3	1	
2	4	2	

0	0	0	
2	4	2	
1	3	1	
0	1	0	
1	3	1	
1	3	1	
1	3	1	
0	1	0	
0	1	0	
2	4	2	
0	1	0	
1	3	1	
0	1	0	
1	3	1	
0	1	0	
1	3	1	
0	1	0	
1	3	1	
0	1	0	
1	3	1	
0	1	0	
0	1	0	
0	1	0	
0	1	0	
1	3	1	
2	4	2	
0	1	0	
0	1	0	
0	1	0	
0	1	0	
0	1	0	
0	1	0	
0	1	0	
0	1	0	
0	1	0	
0	1	0	
1	3	1	
1	3	1	
1	3	1	
2	4	2	
0	0	0	
2	4	2	
1	3	1	
0	1	0	
0	1	0	
0	1	0	
1	3	1	
0	1	0	
0	1	0	
0	1	0	
2	4	2	
0	1	0	
1	3	1	
0	1	0	
0	1	0	
0	1	0	
0	1	0	
1	3	1	
0	1	0	
0	1	0	
3	6	2	
1	3	1	
1	3	1	
0	1	0	
0	1	0	
0	1	0	
1	3	1	
1	3	1	
1	3	1	
0	1	0	
0	1	0	
1	3	1	
0	1	0	
0	1	0	
0	1	0	
1	3	1	
0	1	0	
1	3	1	
1	3	1	

0	0	0	
1	3	1	
0	1	0	
1	3	1	
1	3	1	
0	1	0	
1	3	1	
2	4	2	
1	3	1	
0	1	0	
2	4	2	
2	4	2	
2	4	2	
3	6	2	
1	3	1	
0	1	0	
0	1	0	
0	1	0	
2	4	2	
1	3	1	
0	1	0	
1	3	1	
1	3	1	
0	1	0	
3	6	2	
0	1	0	
1	3	1	
0	1	0	
1	3	1	
0	1	0	
1	3	1	
2	4	2	
1	3	1	
3	6	2	
0	1	0	
0	1	0	
0	1	0	
0	1	0	
0	1	0	
0	1	0	
0	0	0	
1	3	1	
2	4	2	
0	1	0	
0	1	0	
0	1	0	
1	3	1	
2	4	2	
2	4	2	
2	4	2	
1	3	1	
1	3	1	
0	1	0	
2	4	2	
1	3	1	
0	1	0	
0	1	0	
1	3	1	
2	4	2	
1	3	1	
1	3	1	
1	3	1	
0	1	0	
0	1	0	
2	4	2	
0	1	0	
1	3	1	
1	3	1	
2	4	2	
0	1	0	
1	3	1	
0	1	0	
1	3	1	
0	1	0	
0	1	0	
1	3	1	
0	1	0	
2	4	2	
1	3	1	

]

ExternalEquipmentRentingCost: [
2360	5622	5801	5823	1822	3071	5196	5069	4915	3644	5434	4937	4801	3143	4546	3446	3655	1509	4348	3214	5783	1156	3363	5203	5158	3765	2657	2591	4594	3476	2720	5937	3354	4094	5179	3802	5690	1909	3269	5921	5795	5830	5470	4644	1222	2173	5864	4632	5390	4469	4539	2958	3428	4777	3148	1806	5700	1485	1757	5392	3174	1299	2607	3153	2482	4387	2589	2624	3132	3170	1571	1833	3529	3873	4516	2955	1144	3747	1885	
5880	2398	4775	2633	2656	1853	2228	5518	5412	3798	4372	5192	2464	1360	1175	1528	5396	3741	4511	4882	5857	5060	3479	3474	1526	2874	5969	5441	1573	1338	1310	3125	2534	5676	4081	1782	1702	3052	2852	3760	3461	2362	3929	1643	5977	4227	4731	1241	1649	5966	1615	5000	2411	1932	1965	2657	1875	1424	4346	4962	1649	1429	4531	3389	4055	4597	1087	3050	4367	5886	3883	2409	4195	1106	2603	3768	4061	2544	5122	
3542	5527	1187	4324	4180	1121	4069	4630	5739	4524	2700	2136	1451	3069	2675	2484	2232	2935	1112	1604	3811	1529	3212	3215	1511	1042	4029	1060	2312	3217	4193	4351	5924	5536	5667	4669	5012	1243	2389	4027	5773	5151	2272	3780	3142	1367	1279	5604	3618	3048	2785	2019	4055	4160	3907	5418	5578	1828	5629	2494	2285	5671	4313	4649	1965	5576	2566	3400	2273	2244	1437	2317	4492	5592	5139	4327	5042	2347	3613	
4794	4469	4165	4230	2472	1788	5872	5075	5420	2023	5141	5936	2377	1617	5577	4242	4212	4001	5804	1151	5085	3405	4682	1640	5659	3310	3744	4854	1017	1760	1601	3050	2477	3397	2696	4265	2690	5853	2476	5061	1946	3084	1662	1708	2675	3811	4225	1523	2783	2642	1107	5874	2967	4188	3356	1886	2534	1154	2037	2747	1793	2861	4903	5622	4504	3592	1789	2332	3843	5006	5269	4267	1189	1792	1484	1597	3322	2329	3416	
]

EquipmentTypeTransportationCost: [
1	4633	
4633	1	

1	4408	
4408	1	

1	4742	
4742	1	

1	4339	
4339	1	

]

TransportationTimeForEquipmentTypeBetweenProjects: [
1	6	
6	1	

1	6	
6	1	

1	8	
8	1	

1	6	
6	1	

]

TotalNumberOfInitialEquipmentTypeLocation: [
(1 1) 1 (1 41) 5 
(2 1) 3 (2 41) 3 
(3 1) 1 (3 41) 2 
(4 1) 2 (4 41) 3 
]

DepotActivities: [ 1 41 ]

MaximalStintCliques: [
[ 1 23 ]
[ 2 23 ]
[ 7 25 26 ]
[ 8 25 26 ]
[ 9 26 27 ]
[ 10 26 27 ]
[ 11 27 28 ]
[ 12 27 28 ]
[ 13 28 29 ]
[ 14 28 29 ]
[ 15 29 30 ]
[ 16 29 30 ]
[ 17 30 31 ]
[ 18 30 31 ]
[ 19 31 32 ]
[ 20 31 32 ]
[ 21 33 32 ]
[ 22 33 32 ]
[ 24 25 5 ]
[ 24 25 6 ]
[ 24 23 3 ]
[ 24 23 4 ]
]
