nEmployees: 150
nSkills: 6
nProjects: 2
nDays: 120
nActivities: 54
nEquipmentTypes: 6
nStints: 27
nMaxModes: 1
nStintCliques: 18

EmployeeInStintCost: [
32168 32168 32168 32168 32168 32168 32168 32168 17436 4392 4392 4392 4392 4392 4392 4392 4392 4392 4392 4392 4392 4392 4392 4392 4392 4392 0 
32944 32944 32944 32944 32944 32944 32944 32944 18680 11078 11078 11078 11078 11078 11078 11078 11078 11078 11078 11078 11078 11078 11078 11078 11078 11078 3838 
32384 32384 32384 32384 32384 32384 32384 32384 19446 12098 12098 12098 12098 12098 12098 12098 12098 12098 12098 12098 12098 12098 12098 12098 12098 12098 5470 
33928 33928 33928 33928 33928 33928 33928 33928 20990 14050 14050 14050 14050 14050 14050 14050 14050 14050 14050 14050 14050 14050 14050 14050 14050 14050 7422 
36688 36688 36688 36688 36688 36688 36688 36688 21956 14878 14878 14878 14878 14878 14878 14878 14878 14878 14878 14878 14878 14878 14878 14878 14878 14878 7422 
33200 33200 33200 33200 33200 33200 33200 33200 19560 12790 12790 12790 12790 12790 12790 12790 12790 12790 12790 12790 12790 12790 12790 12790 12790 12790 5838 
31824 31824 31824 31824 31824 31824 31824 31824 17404 10630 10630 10630 10630 10630 10630 10630 10630 10630 10630 10630 10630 10630 10630 10630 10630 10630 3318 
35456 35456 35456 35456 35456 35456 35456 35456 21894 14834 14834 14834 14834 14834 14834 14834 14834 14834 14834 14834 14834 14834 14834 14834 14834 14834 7918 
32120 32120 32120 32120 32120 32120 32120 32120 19182 12466 12466 12466 12466 12466 12466 12466 12466 12466 12466 12466 12466 12466 12466 12466 12466 12466 5838 
30904 30904 30904 30904 30904 30904 30904 30904 17342 9772 9772 9772 9772 9772 9772 9772 9772 9772 9772 9772 9772 9772 9772 9772 9772 9772 5920 
30728 30728 30728 30728 30728 30728 30728 30728 16932 3960 3960 3960 3960 3960 3960 3960 3960 3960 3960 3960 3960 3960 3960 3960 3960 3960 0 
29912 29912 29912 29912 29912 29912 29912 29912 16506 6500 6500 6500 6500 6500 6500 6500 6500 6500 6500 6500 6500 6500 6500 6500 6500 6500 2720 
35816 35816 35816 35816 35816 35816 35816 35816 22020 14942 14942 14942 14942 14942 14942 14942 14942 14942 14942 14942 14942 14942 14942 14942 14942 14942 7918 
31584 31584 31584 31584 31584 31584 31584 31584 17320 10558 10558 10558 10558 10558 10558 10558 10558 10558 10558 10558 10558 10558 10558 10558 10558 10558 3318 
12480 12480 12480 12480 12480 12480 12480 12480 4368 9454 9454 9454 9454 9454 9454 9454 9454 9454 9454 9454 9454 9454 9454 9454 9454 9454 2646 
33008 33008 33008 33008 33008 33008 33008 33008 19134 11338 11338 11338 11338 11338 11338 11338 11338 11338 11338 11338 11338 11338 11338 11338 11338 11338 4278 
32688 32688 32688 32688 32688 32688 32688 32688 19204 11398 11398 11398 11398 11398 11398 11398 11398 11398 11398 11398 11398 11398 11398 11398 11398 11398 4518 
37872 37872 37872 37872 37872 37872 37872 37872 23686 16290 16290 16290 16290 16290 16290 16290 16290 16290 16290 16290 16290 16290 16290 16290 16290 16290 9086 
31096 31096 31096 31096 31096 31096 31096 31096 17612 10558 10558 10558 10558 10558 10558 10558 10558 10558 10558 10558 10558 10558 10558 10558 10558 10558 3678 
29888 29888 29888 29888 29888 29888 29888 29888 16638 3708 3708 3708 3708 3708 3708 3708 3708 3708 3708 3708 3708 3708 3708 3708 3708 3708 0 
30064 30064 30064 30064 30064 30064 30064 30064 17048 9520 9520 9520 9520 9520 9520 9520 9520 9520 9520 9520 9520 9520 9520 9520 9520 9520 5920 
31448 31448 31448 31448 31448 31448 31448 31448 17184 4176 4176 4176 4176 4176 4176 4176 4176 4176 4176 4176 4176 4176 4176 4176 4176 4176 0 
35968 35968 35968 35968 35968 35968 35968 35968 21704 14662 14662 14662 14662 14662 14662 14662 14662 14662 14662 14662 14662 14662 14662 14662 14662 14662 7422 
31024 31024 31024 31024 31024 31024 31024 31024 17384 9808 9808 9808 9808 9808 9808 9808 9808 9808 9808 9808 9808 9808 9808 9808 9808 9808 5920 
36384 36384 36384 36384 36384 36384 36384 36384 23290 16026 16026 16026 16026 16026 16026 16026 16026 16026 16026 16026 16026 16026 16026 16026 16026 16026 9326 
12360 12360 12360 12360 12360 12360 12360 12360 4326 9418 9418 9418 9418 9418 9418 9418 9418 9418 9418 9418 9418 9418 9418 9418 9418 9418 2646 
33728 33728 33728 33728 33728 33728 33728 33728 19386 11554 11554 11554 11554 11554 11554 11554 11554 11554 11554 11554 11554 11554 11554 11554 11554 11554 4278 
33080 33080 33080 33080 33080 33080 33080 33080 19518 12754 12754 12754 12754 12754 12754 12754 12754 12754 12754 12754 12754 12754 12754 12754 12754 12754 5838 
35728 35728 35728 35728 35728 35728 35728 35728 21620 14590 14590 14590 14590 14590 14590 14590 14590 14590 14590 14590 14590 14590 14590 14590 14590 14590 7422 
33568 33568 33568 33568 33568 33568 33568 33568 20552 13126 13126 13126 13126 13126 13126 13126 13126 13126 13126 13126 13126 13126 13126 13126 13126 13126 6462 
30800 30800 30800 30800 30800 30800 30800 30800 17706 11146 11146 11146 11146 11146 11146 11146 11146 11146 11146 11146 11146 11146 11146 11146 11146 11146 4446 
30784 30784 30784 30784 30784 30784 30784 30784 17300 9736 9736 9736 9736 9736 9736 9736 9736 9736 9736 9736 9736 9736 9736 9736 9736 9736 5920 
33648 33648 33648 33648 33648 33648 33648 33648 19540 11686 11686 11686 11686 11686 11686 11686 11686 11686 11686 11686 11686 11686 11686 11686 11686 11686 4518 
12360 12360 12360 12360 12360 12360 12360 12360 4326 9418 9418 9418 9418 9418 9418 9418 9418 9418 9418 9418 9418 9418 9418 9418 9418 9418 2646 
38904 38904 38904 38904 38904 38904 38904 38904 24172 16782 16782 16782 16782 16782 16782 16782 16782 16782 16782 16782 16782 16782 16782 16782 16782 16782 9326 
32688 32688 32688 32688 32688 32688 32688 32688 19204 11398 11398 11398 11398 11398 11398 11398 11398 11398 11398 11398 11398 11398 11398 11398 11398 11398 4518 
32056 32056 32056 32056 32056 32056 32056 32056 17948 10846 10846 10846 10846 10846 10846 10846 10846 10846 10846 10846 10846 10846 10846 10846 10846 10846 3678 
32528 32528 32528 32528 32528 32528 32528 32528 18966 11194 11194 11194 11194 11194 11194 11194 11194 11194 11194 11194 11194 11194 11194 11194 11194 11194 4278 
35336 35336 35336 35336 35336 35336 35336 35336 21852 14798 14798 14798 14798 14798 14798 14798 14798 14798 14798 14798 14798 14798 14798 14798 14798 14798 7918 
33368 33368 33368 33368 33368 33368 33368 33368 19260 11446 11446 11446 11446 11446 11446 11446 11446 11446 11446 11446 11446 11446 11446 11446 11446 11446 4278 
36688 36688 36688 36688 36688 36688 36688 36688 21956 14878 14878 14878 14878 14878 14878 14878 14878 14878 14878 14878 14878 14878 14878 14878 14878 14878 7422 
31624 31624 31624 31624 31624 31624 31624 31624 18218 10682 10682 10682 10682 10682 10682 10682 10682 10682 10682 10682 10682 10682 10682 10682 10682 10682 3838 
38064 38064 38064 38064 38064 38064 38064 38064 23722 16122 16122 16122 16122 16122 16122 16122 16122 16122 16122 16122 16122 16122 16122 16122 16122 16122 8846 
30968 30968 30968 30968 30968 30968 30968 30968 17016 4032 4032 4032 4032 4032 4032 4032 4032 4032 4032 4032 4032 4032 4032 4032 4032 4032 0 
35368 35368 35368 35368 35368 35368 35368 35368 21494 14482 14482 14482 14482 14482 14482 14482 14482 14482 14482 14482 14482 14482 14482 14482 14482 14482 7422 
36296 36296 36296 36296 36296 36296 36296 36296 22188 15086 15086 15086 15086 15086 15086 15086 15086 15086 15086 15086 15086 15086 15086 15086 15086 15086 7918 
36384 36384 36384 36384 36384 36384 36384 36384 23290 16026 16026 16026 16026 16026 16026 16026 16026 16026 16026 16026 16026 16026 16026 16026 16026 16026 9326 
30624 30624 30624 30624 30624 30624 30624 30624 16984 10270 10270 10270 10270 10270 10270 10270 10270 10270 10270 10270 10270 10270 10270 10270 10270 10270 3318 
36688 36688 36688 36688 36688 36688 36688 36688 21956 14878 14878 14878 14878 14878 14878 14878 14878 14878 14878 14878 14878 14878 14878 14878 14878 14878 7422 
30392 30392 30392 30392 30392 30392 30392 30392 16674 6644 6644 6644 6644 6644 6644 6644 6644 6644 6644 6644 6644 6644 6644 6644 6644 6644 2720 
37752 37752 37752 37752 37752 37752 37752 37752 23644 16254 16254 16254 16254 16254 16254 16254 16254 16254 16254 16254 16254 16254 16254 16254 16254 16254 9086 
36208 36208 36208 36208 36208 36208 36208 36208 21788 14734 14734 14734 14734 14734 14734 14734 14734 14734 14734 14734 14734 14734 14734 14734 14734 14734 7422 
34768 34768 34768 34768 34768 34768 34768 34768 21284 14302 14302 14302 14302 14302 14302 14302 14302 14302 14302 14302 14302 14302 14302 14302 14302 14302 7422 
36024 36024 36024 36024 36024 36024 36024 36024 23008 15510 15510 15510 15510 15510 15510 15510 15510 15510 15510 15510 15510 15510 15510 15510 15510 15510 8846 
35712 35712 35712 35712 35712 35712 35712 35712 22930 15642 15642 15642 15642 15642 15642 15642 15642 15642 15642 15642 15642 15642 15642 15642 15642 15642 9086 
34568 34568 34568 34568 34568 34568 34568 34568 19680 11806 11806 11806 11806 11806 11806 11806 11806 11806 11806 11806 11806 11806 11806 11806 11806 11806 4278 
37032 37032 37032 37032 37032 37032 37032 37032 23392 16038 16038 16038 16038 16038 16038 16038 16038 16038 16038 16038 16038 16038 16038 16038 16038 16038 9086 
33568 33568 33568 33568 33568 33568 33568 33568 20864 13942 13942 13942 13942 13942 13942 13942 13942 13942 13942 13942 13942 13942 13942 13942 13942 13942 7422 
13440 13440 13440 13440 13440 13440 13440 13440 4704 9742 9742 9742 9742 9742 9742 9742 9742 9742 9742 9742 9742 9742 9742 9742 9742 9742 2646 
14040 14040 14040 14040 14040 14040 14040 14040 4914 9922 9922 9922 9922 9922 9922 9922 9922 9922 9922 9922 9922 9922 9922 9922 9922 9922 2646 
34048 34048 34048 34048 34048 34048 34048 34048 21032 14086 14086 14086 14086 14086 14086 14086 14086 14086 14086 14086 14086 14086 14086 14086 14086 14086 7422 
36984 36984 36984 36984 36984 36984 36984 36984 23344 15798 15798 15798 15798 15798 15798 15798 15798 15798 15798 15798 15798 15798 15798 15798 15798 15798 8846 
33064 33064 33064 33064 33064 33064 33064 33064 18722 11114 11114 11114 11114 11114 11114 11114 11114 11114 11114 11114 11114 11114 11114 11114 11114 11114 3838 
31112 31112 31112 31112 31112 31112 31112 31112 16926 6860 6860 6860 6860 6860 6860 6860 6860 6860 6860 6860 6860 6860 6860 6860 6860 6860 2720 
31984 31984 31984 31984 31984 31984 31984 31984 18344 10790 10790 10790 10790 10790 10790 10790 10790 10790 10790 10790 10790 10790 10790 10790 10790 10790 3838 
29408 29408 29408 29408 29408 29408 29408 29408 16470 3564 3564 3564 3564 3564 3564 3564 3564 3564 3564 3564 3564 3564 3564 3564 3564 3564 0 
33648 33648 33648 33648 33648 33648 33648 33648 19540 11686 11686 11686 11686 11686 11686 11686 11686 11686 11686 11686 11686 11686 11686 11686 11686 11686 4518 
31504 31504 31504 31504 31504 31504 31504 31504 17552 9952 9952 9952 9952 9952 9952 9952 9952 9952 9952 9952 9952 9952 9952 9952 9952 9952 5920 
37704 37704 37704 37704 37704 37704 37704 37704 23596 16014 16014 16014 16014 16014 16014 16014 16014 16014 16014 16014 16014 16014 16014 16014 16014 16014 8846 
32544 32544 32544 32544 32544 32544 32544 32544 17656 10846 10846 10846 10846 10846 10846 10846 10846 10846 10846 10846 10846 10846 10846 10846 10846 10846 3318 
35352 35352 35352 35352 35352 35352 35352 35352 22804 15534 15534 15534 15534 15534 15534 15534 15534 15534 15534 15534 15534 15534 15534 15534 15534 15534 9086 
13200 13200 13200 13200 13200 13200 13200 13200 4620 9670 9670 9670 9670 9670 9670 9670 9670 9670 9670 9670 9670 9670 9670 9670 9670 9670 2646 
31504 31504 31504 31504 31504 31504 31504 31504 18176 10646 10646 10646 10646 10646 10646 10646 10646 10646 10646 10646 10646 10646 10646 10646 10646 10646 3838 
31664 31664 31664 31664 31664 31664 31664 31664 19194 11882 11882 11882 11882 11882 11882 11882 11882 11882 11882 11882 11882 11882 11882 11882 11882 11882 5470 
30320 30320 30320 30320 30320 30320 30320 30320 16524 9454 9454 9454 9454 9454 9454 9454 9454 9454 9454 9454 9454 9454 9454 9454 9454 9454 2430 
33808 33808 33808 33808 33808 33808 33808 33808 20636 13198 13198 13198 13198 13198 13198 13198 13198 13198 13198 13198 13198 13198 13198 13198 13198 13198 6462 
30608 30608 30608 30608 30608 30608 30608 30608 16890 3924 3924 3924 3924 3924 3924 3924 3924 3924 3924 3924 3924 3924 3924 3924 3924 3924 0 
34976 34976 34976 34976 34976 34976 34976 34976 21726 14690 14690 14690 14690 14690 14690 14690 14690 14690 14690 14690 14690 14690 14690 14690 14690 14690 7918 
34888 34888 34888 34888 34888 34888 34888 34888 21326 14338 14338 14338 14338 14338 14338 14338 14338 14338 14338 14338 14338 14338 14338 14338 14338 14338 7422 
35488 35488 35488 35488 35488 35488 35488 35488 21224 13702 13702 13702 13702 13702 13702 13702 13702 13702 13702 13702 13702 13702 13702 13702 13702 13702 6462 
33928 33928 33928 33928 33928 33928 33928 33928 20678 13234 13234 13234 13234 13234 13234 13234 13234 13234 13234 13234 13234 13234 13234 13234 13234 13234 6462 
33968 33968 33968 33968 33968 33968 33968 33968 19470 11626 11626 11626 11626 11626 11626 11626 11626 11626 11626 11626 11626 11626 11626 11626 11626 11626 4278 
30392 30392 30392 30392 30392 30392 30392 30392 16674 6644 6644 6644 6644 6644 6644 6644 6644 6644 6644 6644 6644 6644 6644 6644 6644 6644 2720 
32176 32176 32176 32176 32176 32176 32176 32176 17990 10882 10882 10882 10882 10882 10882 10882 10882 10882 10882 10882 10882 10882 10882 10882 10882 10882 3678 
32704 32704 32704 32704 32704 32704 32704 32704 17972 10312 10312 10312 10312 10312 10312 10312 10312 10312 10312 10312 10312 10312 10312 10312 10312 10312 5920 
38712 38712 38712 38712 38712 38712 38712 38712 23980 16542 16542 16542 16542 16542 16542 16542 16542 16542 16542 16542 16542 16542 16542 16542 16542 16542 9086 
31864 31864 31864 31864 31864 31864 31864 31864 18302 10754 10754 10754 10754 10754 10754 10754 10754 10754 10754 10754 10754 10754 10754 10754 10754 10754 3838 
32648 32648 32648 32648 32648 32648 32648 32648 19008 11230 11230 11230 11230 11230 11230 11230 11230 11230 11230 11230 11230 11230 11230 11230 11230 11230 4278 
36624 36624 36624 36624 36624 36624 36624 36624 23374 16098 16098 16098 16098 16098 16098 16098 16098 16098 16098 16098 16098 16098 16098 16098 16098 16098 9326 
31968 31968 31968 31968 31968 31968 31968 31968 18952 11182 11182 11182 11182 11182 11182 11182 11182 11182 11182 11182 11182 11182 11182 11182 11182 11182 4518 
32536 32536 32536 32536 32536 32536 32536 32536 18116 10990 10990 10990 10990 10990 10990 10990 10990 10990 10990 10990 10990 10990 10990 10990 10990 10990 3678 
30800 30800 30800 30800 30800 30800 30800 30800 16692 9598 9598 9598 9598 9598 9598 9598 9598 9598 9598 9598 9598 9598 9598 9598 9598 9598 2430 
12000 12000 12000 12000 12000 12000 12000 12000 4200 9310 9310 9310 9310 9310 9310 9310 9310 9310 9310 9310 9310 9310 9310 9310 9310 9310 2646 
37824 37824 37824 37824 37824 37824 37824 37824 23638 16050 16050 16050 16050 16050 16050 16050 16050 16050 16050 16050 16050 16050 16050 16050 16050 16050 8846 
29792 29792 29792 29792 29792 29792 29792 29792 16464 6464 6464 6464 6464 6464 6464 6464 6464 6464 6464 6464 6464 6464 6464 6464 6464 6464 2720 
38304 38304 38304 38304 38304 38304 38304 38304 23962 16602 16602 16602 16602 16602 16602 16602 16602 16602 16602 16602 16602 16602 16602 16602 16602 16602 9326 
34664 34664 34664 34664 34664 34664 34664 34664 20244 12782 12782 12782 12782 12782 12782 12782 12782 12782 12782 12782 12782 12782 12782 12782 12782 12782 5470 
31584 31584 31584 31584 31584 31584 31584 31584 17320 10558 10558 10558 10558 10558 10558 10558 10558 10558 10558 10558 10558 10558 10558 10558 10558 10558 3318 
36384 36384 36384 36384 36384 36384 36384 36384 23134 15618 15618 15618 15618 15618 15618 15618 15618 15618 15618 15618 15618 15618 15618 15618 15618 15618 8846 
30320 30320 30320 30320 30320 30320 30320 30320 16524 9454 9454 9454 9454 9454 9454 9454 9454 9454 9454 9454 9454 9454 9454 9454 9454 9454 2430 
36624 36624 36624 36624 36624 36624 36624 36624 23218 15690 15690 15690 15690 15690 15690 15690 15690 15690 15690 15690 15690 15690 15690 15690 15690 15690 8846 
37512 37512 37512 37512 37512 37512 37512 37512 23560 16182 16182 16182 16182 16182 16182 16182 16182 16182 16182 16182 16182 16182 16182 16182 16182 16182 9086 
32360 32360 32360 32360 32360 32360 32360 32360 18252 11614 11614 11614 11614 11614 11614 11614 11614 11614 11614 11614 11614 11614 11614 11614 11614 11614 4446 
33128 33128 33128 33128 33128 33128 33128 33128 19176 11374 11374 11374 11374 11374 11374 11374 11374 11374 11374 11374 11374 11374 11374 11374 11374 11374 4278 
34048 34048 34048 34048 34048 34048 34048 34048 20720 13270 13270 13270 13270 13270 13270 13270 13270 13270 13270 13270 13270 13270 13270 13270 13270 13270 6462 
37104 37104 37104 37104 37104 37104 37104 37104 23542 16242 16242 16242 16242 16242 16242 16242 16242 16242 16242 16242 16242 16242 16242 16242 16242 16242 9326 
31040 31040 31040 31040 31040 31040 31040 31040 17790 11218 11218 11218 11218 11218 11218 11218 11218 11218 11218 11218 11218 11218 11218 11218 11218 11218 4446 
19600 19600 19600 19600 19600 19600 19600 19600 10552 9918 9918 9918 9918 9918 9918 9918 9918 9918 9918 9918 9918 9918 9918 9918 9918 9918 2678 
34256 34256 34256 34256 34256 34256 34256 34256 21474 14474 14474 14474 14474 14474 14474 14474 14474 14474 14474 14474 14474 14474 14474 14474 14474 14474 7918 
32056 32056 32056 32056 32056 32056 32056 32056 17948 10846 10846 10846 10846 10846 10846 10846 10846 10846 10846 10846 10846 10846 10846 10846 10846 10846 3678 
30008 30008 30008 30008 30008 30008 30008 30008 16680 3744 3744 3744 3744 3744 3744 3744 3744 3744 3744 3744 3744 3744 3744 3744 3744 3744 0 
19600 19600 19600 19600 19600 19600 19600 19600 10552 9918 9918 9918 9918 9918 9918 9918 9918 9918 9918 9918 9918 9918 9918 9918 9918 9918 2678 
13320 13320 13320 13320 13320 13320 13320 13320 4662 9706 9706 9706 9706 9706 9706 9706 9706 9706 9706 9706 9706 9706 9706 9706 9706 9706 2646 
36984 36984 36984 36984 36984 36984 36984 36984 23500 16206 16206 16206 16206 16206 16206 16206 16206 16206 16206 16206 16206 16206 16206 16206 16206 16206 9326 
38424 38424 38424 38424 38424 38424 38424 38424 24004 16638 16638 16638 16638 16638 16638 16638 16638 16638 16638 16638 16638 16638 16638 16638 16638 16638 9326 
33568 33568 33568 33568 33568 33568 33568 33568 20552 13126 13126 13126 13126 13126 13126 13126 13126 13126 13126 13126 13126 13126 13126 13126 13126 13126 6462 
35216 35216 35216 35216 35216 35216 35216 35216 21810 14762 14762 14762 14762 14762 14762 14762 14762 14762 14762 14762 14762 14762 14762 14762 14762 14762 7918 
30144 30144 30144 30144 30144 30144 30144 30144 16816 10126 10126 10126 10126 10126 10126 10126 10126 10126 10126 10126 10126 10126 10126 10126 10126 10126 3318 
31488 31488 31488 31488 31488 31488 31488 31488 18784 11038 11038 11038 11038 11038 11038 11038 11038 11038 11038 11038 11038 11038 11038 11038 11038 11038 4518 
34616 34616 34616 34616 34616 34616 34616 34616 21600 14582 14582 14582 14582 14582 14582 14582 14582 14582 14582 14582 14582 14582 14582 14582 14582 14582 7918 
31704 31704 31704 31704 31704 31704 31704 31704 17362 10594 10594 10594 10594 10594 10594 10594 10594 10594 10594 10594 10594 10594 10594 10594 10594 10594 3318 
33184 33184 33184 33184 33184 33184 33184 33184 18764 11150 11150 11150 11150 11150 11150 11150 11150 11150 11150 11150 11150 11150 11150 11150 11150 11150 3838 
31952 31952 31952 31952 31952 31952 31952 31952 17220 7112 7112 7112 7112 7112 7112 7112 7112 7112 7112 7112 7112 7112 7112 7112 7112 7112 2720 
29120 29120 29120 29120 29120 29120 29120 29120 16104 9094 9094 9094 9094 9094 9094 9094 9094 9094 9094 9094 9094 9094 9094 9094 9094 9094 2430 
30664 30664 30664 30664 30664 30664 30664 30664 17882 10394 10394 10394 10394 10394 10394 10394 10394 10394 10394 10394 10394 10394 10394 10394 10394 10394 3838 
32584 32584 32584 32584 32584 32584 32584 32584 18554 10970 10970 10970 10970 10970 10970 10970 10970 10970 10970 10970 10970 10970 10970 10970 10970 10970 3838 
13800 13800 13800 13800 13800 13800 13800 13800 4830 9850 9850 9850 9850 9850 9850 9850 9850 9850 9850 9850 9850 9850 9850 9850 9850 9850 2646 
33688 33688 33688 33688 33688 33688 33688 33688 20594 13162 13162 13162 13162 13162 13162 13162 13162 13162 13162 13162 13162 13162 13162 13162 13162 13162 6462 
30488 30488 30488 30488 30488 30488 30488 30488 16848 3888 3888 3888 3888 3888 3888 3888 3888 3888 3888 3888 3888 3888 3888 3888 3888 3888 0 
32648 32648 32648 32648 32648 32648 32648 32648 19008 11230 11230 11230 11230 11230 11230 11230 11230 11230 11230 11230 11230 11230 11230 11230 11230 11230 4278 
32344 32344 32344 32344 32344 32344 32344 32344 18470 10898 10898 10898 10898 10898 10898 10898 10898 10898 10898 10898 10898 10898 10898 10898 10898 10898 3838 
31584 31584 31584 31584 31584 31584 31584 31584 17320 10558 10558 10558 10558 10558 10558 10558 10558 10558 10558 10558 10558 10558 10558 10558 10558 10558 3318 
32240 32240 32240 32240 32240 32240 32240 32240 19224 12502 12502 12502 12502 12502 12502 12502 12502 12502 12502 12502 12502 12502 12502 12502 12502 12502 5838 
31624 31624 31624 31624 31624 31624 31624 31624 18218 10682 10682 10682 10682 10682 10682 10682 10682 10682 10682 10682 10682 10682 10682 10682 10682 10682 3838 
31696 31696 31696 31696 31696 31696 31696 31696 17822 10738 10738 10738 10738 10738 10738 10738 10738 10738 10738 10738 10738 10738 10738 10738 10738 10738 3678 
31504 31504 31504 31504 31504 31504 31504 31504 17552 9952 9952 9952 9952 9952 9952 9952 9952 9952 9952 9952 9952 9952 9952 9952 9952 9952 5920 
29888 29888 29888 29888 29888 29888 29888 29888 16638 3708 3708 3708 3708 3708 3708 3708 3708 3708 3708 3708 3708 3708 3708 3708 3708 3708 0 
31808 31808 31808 31808 31808 31808 31808 31808 17310 4284 4284 4284 4284 4284 4284 4284 4284 4284 4284 4284 4284 4284 4284 4284 4284 4284 0 
19120 19120 19120 19120 19120 19120 19120 19120 10384 9774 9774 9774 9774 9774 9774 9774 9774 9774 9774 9774 9774 9774 9774 9774 9774 9774 2678 
34368 34368 34368 34368 34368 34368 34368 34368 19792 11902 11902 11902 11902 11902 11902 11902 11902 11902 11902 11902 11902 11902 11902 11902 11902 11902 4518 
38232 38232 38232 38232 38232 38232 38232 38232 23812 16398 16398 16398 16398 16398 16398 16398 16398 16398 16398 16398 16398 16398 16398 16398 16398 16398 9086 
35488 35488 35488 35488 35488 35488 35488 35488 21536 14518 14518 14518 14518 14518 14518 14518 14518 14518 14518 14518 14518 14518 14518 14518 14518 14518 7422 
37824 37824 37824 37824 37824 37824 37824 37824 23794 16458 16458 16458 16458 16458 16458 16458 16458 16458 16458 16458 16458 16458 16458 16458 16458 16458 9326 
33568 33568 33568 33568 33568 33568 33568 33568 20864 13942 13942 13942 13942 13942 13942 13942 13942 13942 13942 13942 13942 13942 13942 13942 13942 13942 7422 
29424 29424 29424 29424 29424 29424 29424 29424 16564 9910 9910 9910 9910 9910 9910 9910 9910 9910 9910 9910 9910 9910 9910 9910 9910 9910 3318 
31984 31984 31984 31984 31984 31984 31984 31984 18344 10790 10790 10790 10790 10790 10790 10790 10790 10790 10790 10790 10790 10790 10790 10790 10790 10790 3838 
33248 33248 33248 33248 33248 33248 33248 33248 19218 11410 11410 11410 11410 11410 11410 11410 11410 11410 11410 11410 11410 11410 11410 11410 11410 11410 4278 
30968 30968 30968 30968 30968 30968 30968 30968 17016 4032 4032 4032 4032 4032 4032 4032 4032 4032 4032 4032 4032 4032 4032 4032 4032 4032 0 
34736 34736 34736 34736 34736 34736 34736 34736 21642 14618 14618 14618 14618 14618 14618 14618 14618 14618 14618 14618 14618 14618 14618 14618 14618 14618 7918 
33944 33944 33944 33944 33944 33944 33944 33944 19992 12566 12566 12566 12566 12566 12566 12566 12566 12566 12566 12566 12566 12566 12566 12566 12566 12566 5470 
]

ExternalWorkerWithSkillOnStintCost: [
38016 30456 37080 33552 33984 42552 41400 40896 27552 13830 17490 16800 13530 12090 12930 16500 17760 13290 15570 16650 17130 17370 14730 14610 12840 12630 2952 
41400 42768 35496 42984 32472 32904 42264 34416 27216 14970 14880 17640 15060 17340 12630 17490 14340 13590 12960 15840 13170 13890 15750 15390 17160 13050 3390 
31824 32760 29448 35712 29880 38016 41832 37368 26256 15390 17790 15270 12120 14940 16890 17310 13440 15090 14430 15270 14340 14790 16290 14520 12360 13080 2730 
31968 29448 34920 32760 38160 40608 31968 42984 25584 15180 16650 17670 15150 12090 16470 13320 15030 12360 15810 14370 15060 13230 13530 17910 17400 15300 2646 
32040 32400 42912 35928 28944 34920 42120 34128 23664 15780 15330 15750 13950 13650 13560 14790 13110 13950 16530 14490 17160 12150 13770 16770 14160 15630 3072 
42264 29808 35640 32256 35280 36720 39888 41040 22896 12090 12180 12270 13980 16500 12300 12000 15030 13200 16260 15000 14190 17610 12360 17550 13740 14100 2604 
]

OverlappingStints: [
[ 2 10 11 12 ]
[ 3 12 13 14 ]
[ 4 14 15 16 ]
[ 5 16 17 18 ]
[ 6 18 19 20 ]
[ 7 20 21 22 ]
[ 8 22 23 24 ]
[ 9 24 25 26 ]
[ 26 27 ]
[ ]
[ ]
[ ]
[ ]
[ ]
[ ]
[ ]
[ ]
[ ]
[ ]
[ ]
[ ]
[ ]
[ ]
[ ]
[ ]
[ ]
[ ]
]

EmployeesWithSkill: [
[ 1 2 3 4 5 6 7 8 9 10 11 12 13 14 15 16 17 18 19 20 21 22 23 24 25 26 27 28 29 30 31 32 33 34 35 36 37 38 39 40 41 42 43 44 45 46 47 48 49 50 51 52 53 54 55 56 57 58 59 60 61 62 63 64 65 66 67 68 69 70 71 72 73 74 75 76 77 78 79 80 81 82 83 84 85 86 87 88 89 90 91 92 93 94 95 96 97 98 99 100 101 102 103 104 105 106 107 108 109 110 111 112 113 114 115 116 117 118 119 120 121 122 123 124 125 126 127 128 129 130 131 132 133 134 135 136 137 138 139 140 141 142 143 144 145 146 147 148 149 150 ]
[ 1 3 5 6 7 8 10 12 13 14 19 21 22 25 26 27 31 32 33 35 37 38 39 40 41 42 43 44 53 54 55 56 58 59 63 68 70 73 76 77 82 83 84 87 88 89 91 92 94 95 96 97 99 101 102 106 107 108 115 120 124 126 127 128 131 132 133 136 137 138 140 143 149 ]
[ 6 10 11 14 16 17 18 27 28 32 37 39 42 49 52 64 65 66 69 70 73 82 83 85 86 89 97 99 100 101 105 112 113 117 122 123 128 129 132 140 141 150 ]
[ 1 2 4 5 6 7 8 9 10 12 14 16 17 18 19 20 21 22 24 27 28 29 32 33 35 36 37 38 39 40 41 42 43 45 46 47 48 49 50 51 52 53 54 56 57 59 61 62 63 64 66 67 69 70 73 75 76 77 78 79 80 81 83 84 85 86 87 88 89 90 91 92 93 94 95 96 97 98 99 100 101 102 104 105 106 108 109 111 112 113 114 115 116 117 118 119 120 121 123 124 125 129 130 131 132 136 137 138 139 140 141 143 144 146 147 148 149 ]
[ 3 37 56 60 110 130 135 ]
[ 1 5 6 7 8 10 12 14 15 17 18 22 23 26 29 32 33 34 35 37 38 41 44 47 49 51 52 53 56 60 61 62 67 68 70 72 77 79 80 83 85 86 87 88 90 91 95 96 97 98 100 102 103 115 117 118 121 122 123 126 127 132 134 135 136 140 143 145 147 ]
]

SkillDemandInActivityWithMode: [
0	
14	
11	
15	
10	
4	
11	
10	
10	
5	
14	
4	
11	
6	
14	
4	
12	
4	
10	
7	
14	
5	
7	
4	
3	
10	
5	
15	
12	
15	
7	
0	
10	
75	
38	
75	
9	
25	
19	
47	
16	
17	
15	
42	
62	
42	
75	
38	
38	
62	
75	
31	
53	
62	

0	
0	
0	
0	
0	
0	
0	
0	
0	
0	
0	
0	
0	
0	
0	
0	
0	
0	
0	
0	
0	
0	
0	
0	
0	
0	
0	
0	
0	
0	
0	
0	
6	
49	
24	
49	
5	
16	
12	
31	
10	
10	
9	
27	
41	
27	
49	
24	
24	
41	
49	
20	
35	
41	

0	
4	
3	
4	
3	
1	
3	
2	
3	
1	
4	
1	
3	
1	
4	
1	
3	
1	
3	
2	
4	
1	
2	
1	
0	
3	
1	
4	
3	
4	
2	
0	
2	
19	
9	
19	
2	
6	
4	
12	
4	
4	
3	
10	
16	
10	
19	
9	
9	
16	
19	
8	
14	
16	

0	
0	
0	
0	
0	
0	
0	
0	
0	
0	
0	
0	
0	
0	
0	
0	
0	
0	
0	
0	
0	
0	
0	
0	
0	
0	
0	
0	
0	
0	
0	
0	
10	
82	
40	
81	
9	
27	
20	
51	
17	
17	
16	
45	
68	
45	
81	
40	
40	
68	
81	
34	
58	
68	

0	
1	
0	
1	
0	
0	
0	
0	
0	
0	
1	
0	
0	
0	
0	
0	
0	
0	
0	
0	
0	
0	
0	
0	
0	
0	
0	
1	
0	
1	
0	
0	
0	
2	
1	
2	
0	
0	
0	
1	
0	
0	
0	
1	
2	
1	
2	
1	
1	
2	
2	
1	
1	
2	

0	
14	
12	
16	
11	
4	
12	
10	
11	
5	
14	
3	
12	
5	
14	
3	
13	
4	
10	
7	
14	
4	
7	
3	
2	
10	
4	
16	
13	
16	
7	
0	
1	
12	
6	
12	
1	
4	
3	
7	
2	
2	
2	
7	
10	
7	
12	
6	
6	
10	
12	
5	
9	
10	

]

EmployeeAvailability: [
1 0 1 1 1 1 1 1 1 1 1 1 1 1 1 1 1 1 1 1 1 1 1 1 1 1 1 
1 1 1 1 1 1 1 1 1 1 1 1 1 1 1 1 1 1 1 1 1 1 1 1 1 1 1 
1 1 1 1 1 1 1 1 1 1 1 1 1 1 1 1 1 1 1 1 1 1 1 1 1 1 1 
1 1 1 1 0 1 1 1 1 1 1 1 1 1 1 1 1 1 0 1 1 1 1 1 1 1 1 
1 1 1 0 1 1 1 0 1 1 1 1 1 1 1 1 0 1 1 1 1 1 1 1 0 1 1 
1 1 1 1 1 1 1 1 1 1 1 1 1 1 1 1 1 1 1 1 1 1 1 1 1 1 1 
1 1 1 1 1 0 1 1 1 1 1 1 1 1 1 1 1 1 1 0 1 1 1 1 1 1 1 
0 1 1 1 1 0 1 1 1 0 1 1 1 1 1 1 1 1 1 0 1 1 1 1 1 1 1 
1 1 1 1 1 1 1 1 0 1 1 1 1 1 1 1 1 1 1 1 1 1 1 1 1 0 1 
1 1 0 1 1 1 0 1 1 1 1 1 1 0 1 1 1 1 1 1 1 1 0 1 1 1 1 
1 1 1 0 1 1 1 1 1 1 1 1 1 1 1 0 0 1 1 1 1 1 1 1 1 1 1 
1 1 1 1 1 1 0 1 1 1 1 1 1 1 1 1 1 1 1 1 1 0 1 1 1 1 1 
1 0 1 1 1 1 1 1 1 1 1 0 1 1 1 1 1 1 1 1 1 1 1 1 1 1 1 
1 1 1 1 1 1 1 1 1 1 1 1 1 1 1 1 1 1 1 1 1 1 1 1 1 1 1 
0 1 1 0 1 1 1 1 1 0 1 1 1 1 1 0 1 1 1 1 1 1 1 1 1 1 1 
1 1 1 1 1 1 1 1 1 1 1 1 1 1 1 1 1 1 1 1 1 1 1 1 1 1 1 
1 0 1 1 1 1 1 1 1 1 1 0 1 1 1 1 1 1 1 1 1 1 1 1 1 1 1 
1 1 1 1 1 0 1 1 1 1 1 1 1 1 1 1 1 1 1 1 0 1 1 1 1 1 1 
1 0 1 1 0 1 1 1 1 1 1 1 0 1 1 1 1 1 0 1 1 1 1 1 1 1 1 
1 1 0 0 1 0 1 1 1 1 1 1 1 0 1 1 1 1 1 1 0 1 1 1 1 1 1 
1 1 1 1 1 1 1 1 1 1 1 1 1 1 1 1 1 1 1 1 1 1 1 1 1 1 1 
0 1 0 1 1 1 1 1 1 1 0 1 1 1 1 1 1 1 1 1 1 1 1 1 1 1 1 
1 1 1 1 1 0 1 1 1 1 1 1 1 1 1 1 1 1 1 1 0 1 1 1 1 1 1 
1 0 1 1 1 1 1 0 1 1 1 0 1 1 1 1 1 1 1 1 1 1 1 1 1 1 1 
1 1 1 1 0 1 1 1 1 1 1 1 1 1 1 1 1 1 0 1 1 1 1 1 1 1 1 
1 1 1 1 1 1 1 1 1 1 1 1 1 1 1 1 1 1 1 1 1 1 1 1 1 1 1 
1 1 1 1 1 1 0 1 1 1 1 1 1 1 1 1 1 1 1 1 1 1 0 1 1 1 1 
1 1 1 1 1 1 0 1 0 1 1 1 1 1 1 1 1 1 1 1 1 1 0 1 1 1 0 
1 1 1 1 1 1 1 0 1 1 1 1 1 1 1 1 1 1 1 1 1 1 1 0 1 1 1 
1 1 1 1 1 1 1 1 1 1 1 1 1 1 1 1 1 1 1 1 1 1 1 1 1 1 1 
1 1 1 1 1 1 0 1 1 1 1 1 1 1 1 1 1 1 1 1 1 1 1 1 1 1 1 
1 1 1 1 1 1 0 1 1 1 1 1 1 1 1 1 1 1 1 1 1 0 1 1 1 1 1 
1 1 1 1 1 1 1 1 1 1 1 1 1 1 1 1 1 1 1 1 1 1 1 1 1 1 1 
1 1 1 1 1 1 1 1 1 1 1 1 1 1 1 1 1 1 1 1 1 1 1 1 1 1 1 
1 1 1 1 1 1 1 1 1 1 1 1 1 1 1 1 1 1 1 1 1 1 1 1 1 1 1 
1 0 1 0 1 1 1 1 0 1 1 0 1 1 1 1 1 1 1 1 1 1 1 1 1 0 1 
1 1 1 1 1 1 1 1 1 1 1 1 1 1 1 1 1 1 1 1 1 1 1 1 1 1 1 
1 0 1 0 1 0 1 1 1 1 1 1 1 1 1 0 1 1 1 0 1 1 1 1 1 1 1 
1 1 1 0 1 1 1 0 1 1 1 1 1 1 1 1 1 1 1 1 1 1 1 0 1 1 1 
1 1 1 1 1 1 1 1 1 1 1 1 1 1 1 1 1 1 1 1 1 1 1 1 1 1 1 
1 1 1 1 1 0 1 1 1 1 1 1 1 1 1 1 1 1 1 0 1 1 1 1 1 1 1 
1 1 1 1 1 0 1 1 1 1 1 1 1 1 1 1 1 1 1 1 0 1 1 1 1 1 1 
1 1 1 1 1 1 1 1 1 1 1 1 1 1 1 1 1 1 1 1 1 1 1 1 1 1 1 
1 1 0 0 1 1 1 1 1 1 1 1 1 1 0 1 0 1 1 1 1 1 1 1 1 1 1 
1 1 1 1 1 1 1 1 1 1 1 1 1 1 1 1 1 1 1 1 1 1 1 1 1 1 1 
1 0 1 0 1 1 1 1 1 1 1 1 0 1 1 1 0 1 1 1 1 1 1 1 1 1 1 
1 1 1 1 1 1 1 1 1 1 1 1 1 1 1 1 1 1 1 1 1 1 1 1 1 1 1 
1 0 1 0 0 1 1 1 1 1 1 1 1 1 1 1 0 1 0 1 1 1 1 1 1 1 1 
0 0 1 1 1 1 1 1 1 0 1 0 1 1 1 1 1 1 1 1 1 1 1 1 1 1 1 
1 1 0 1 1 0 1 1 0 1 1 1 1 0 1 1 1 1 1 0 1 1 1 1 1 0 1 
1 1 0 0 1 1 1 1 1 1 1 1 1 1 0 0 1 1 1 1 1 1 1 1 1 1 1 
1 0 1 0 1 1 1 1 1 1 1 1 0 1 1 0 1 1 1 1 1 1 1 1 1 1 1 
1 1 1 1 1 1 1 1 1 1 1 1 1 1 1 1 1 1 1 1 1 1 1 1 1 1 1 
1 1 1 1 0 0 1 1 1 1 1 1 1 1 1 1 1 1 0 0 1 1 1 1 1 1 1 
0 1 1 1 1 1 1 0 1 1 0 1 1 1 1 1 1 1 1 1 1 1 1 1 0 1 1 
1 1 1 1 1 1 1 1 1 1 1 1 1 1 1 1 1 1 1 1 1 1 1 1 1 1 1 
1 1 1 1 1 1 1 1 1 1 1 1 1 1 1 1 1 1 1 1 1 1 1 1 1 1 1 
1 1 1 1 1 1 1 1 0 1 1 1 1 1 1 1 1 1 1 1 1 1 1 1 1 0 1 
1 1 1 1 1 1 1 1 1 1 1 1 1 1 1 1 1 1 1 1 1 1 1 1 1 1 1 
1 1 1 1 0 0 1 1 1 1 1 1 1 1 1 1 1 1 0 1 1 1 1 1 1 1 1 
1 1 1 1 1 1 1 1 1 1 1 1 1 1 1 1 1 1 1 1 1 1 1 1 1 1 1 
1 1 1 1 1 0 1 0 1 1 1 1 1 1 1 1 1 1 1 1 0 1 1 1 0 1 1 
0 1 1 1 1 1 1 1 1 1 1 1 1 1 1 1 1 1 1 1 1 1 1 1 1 1 1 
1 1 1 1 1 1 1 1 1 1 1 1 1 1 1 1 1 1 1 1 1 1 1 1 1 1 1 
1 1 1 1 1 1 1 1 1 1 1 1 1 1 1 1 1 1 1 1 1 1 1 1 1 1 1 
1 1 0 0 0 1 1 1 1 1 1 1 1 0 1 0 1 1 0 1 1 1 1 1 1 1 1 
0 1 1 1 1 1 1 0 1 1 0 1 1 1 1 1 1 1 1 1 1 1 1 1 0 1 1 
1 1 1 0 1 1 1 1 1 1 1 1 1 1 1 0 1 1 1 1 1 1 1 1 1 1 1 
0 0 1 1 1 1 0 1 1 1 0 1 0 1 1 1 1 1 1 1 1 1 0 1 1 1 1 
1 1 1 0 1 1 0 1 1 1 1 1 1 1 1 0 1 1 1 1 1 1 0 1 1 1 1 
1 1 1 1 1 1 1 1 1 1 1 1 1 1 1 1 1 1 1 1 1 1 1 1 1 1 1 
0 1 1 1 1 0 1 1 1 0 1 1 1 1 1 1 1 1 1 1 0 1 1 1 1 1 1 
1 1 1 0 1 1 1 1 1 1 1 1 1 1 1 1 1 1 1 1 1 1 1 1 1 1 1 
1 1 1 0 1 1 0 1 1 1 1 1 1 1 1 1 0 1 1 1 1 1 0 1 1 1 1 
1 0 1 1 1 1 1 1 1 1 1 0 1 1 1 1 1 1 1 1 1 1 1 1 1 1 1 
1 1 1 0 0 1 1 1 1 1 1 1 1 1 1 0 1 0 1 1 1 1 1 1 1 1 1 
1 1 1 1 1 1 1 1 1 1 1 1 1 1 1 1 1 1 1 1 1 1 1 1 1 1 1 
1 1 1 1 1 1 1 1 1 1 1 1 1 1 1 1 1 1 1 1 1 1 1 1 1 1 1 
1 1 1 1 1 0 1 0 1 1 1 1 1 1 1 1 1 1 1 1 0 1 1 1 0 1 1 
1 1 1 1 1 1 1 1 1 1 1 1 1 1 1 1 1 1 1 1 1 1 1 1 1 1 1 
1 1 1 1 0 0 1 0 1 1 1 1 1 1 1 1 1 1 1 0 1 1 1 1 0 1 1 
1 1 1 1 1 1 1 1 1 1 1 1 1 1 1 1 1 1 1 1 1 1 1 1 1 1 1 
1 1 1 1 1 1 1 1 1 1 1 1 1 1 1 1 1 1 1 1 1 1 1 1 1 1 1 
1 0 1 1 1 1 1 1 1 1 1 1 0 1 1 1 1 1 1 1 1 1 1 1 1 1 1 
1 1 1 1 1 1 0 0 1 1 1 1 1 1 1 1 1 1 1 1 1 1 0 1 0 1 1 
1 0 1 1 1 0 1 1 1 1 1 0 0 1 1 1 1 1 1 1 1 1 1 1 1 1 1 
1 1 1 1 1 1 1 1 1 1 1 1 1 1 1 1 1 1 1 1 1 1 1 1 1 1 1 
1 0 1 1 0 0 1 1 1 1 1 0 1 1 1 1 1 1 1 1 1 1 1 1 1 1 1 
1 1 1 1 1 1 1 0 1 1 1 1 1 1 1 1 1 1 1 1 1 1 1 1 1 1 1 
0 1 1 1 1 1 1 1 0 1 1 1 1 1 1 1 1 1 1 1 1 1 1 1 1 1 0 
0 1 1 1 0 1 1 1 1 1 0 1 1 1 1 1 1 1 1 1 1 1 1 1 1 1 1 
1 1 1 1 0 1 1 0 1 1 1 1 1 1 1 1 1 1 0 1 1 1 1 0 1 1 1 
1 0 1 1 1 1 1 1 1 1 1 0 1 1 1 1 1 1 1 1 1 1 1 1 1 1 1 
1 1 1 1 1 1 1 1 1 1 1 1 1 1 1 1 1 1 1 1 1 1 1 1 1 1 1 
0 1 1 0 0 1 1 1 1 0 1 1 1 1 1 0 1 1 1 1 1 1 1 1 1 1 1 
1 0 0 1 1 1 0 1 1 1 1 1 0 0 1 1 1 1 1 1 1 1 0 1 1 1 1 
1 1 1 1 1 0 1 1 1 1 1 1 1 1 1 1 1 1 1 1 0 1 1 1 1 1 1 
1 1 1 0 1 0 0 1 1 1 1 1 1 1 1 1 1 1 1 1 0 0 1 1 1 1 1 
1 1 1 1 1 1 0 1 1 1 1 1 1 1 1 1 1 1 1 1 1 0 1 1 1 1 1 
1 1 1 1 0 1 1 0 1 1 1 1 1 1 1 1 1 1 0 1 1 1 1 0 1 1 1 
1 0 1 1 1 1 1 1 1 1 1 1 0 1 1 1 1 1 1 1 1 1 1 1 1 1 1 
1 1 1 1 1 0 1 0 1 1 1 1 1 1 1 1 1 1 1 1 1 1 1 1 0 1 1 
1 1 1 1 1 1 1 1 1 1 1 1 1 1 1 1 1 1 1 1 1 1 1 1 1 1 1 
1 1 1 1 1 1 1 1 1 1 1 1 1 1 1 1 1 1 1 1 1 1 1 1 1 1 1 
1 1 1 1 1 1 1 1 1 1 1 1 1 1 1 1 1 1 1 1 1 1 1 1 1 1 1 
1 1 1 1 1 1 0 1 1 1 1 1 1 1 1 1 1 1 1 1 1 0 1 1 1 1 1 
0 1 1 1 1 1 1 0 1 0 1 1 1 1 1 1 1 1 1 1 1 1 1 1 0 1 1 
1 1 1 1 1 1 0 0 1 1 1 1 1 1 1 1 1 1 1 1 1 0 1 1 0 1 1 
1 1 1 1 0 1 1 1 1 1 1 1 1 1 1 1 1 1 1 1 1 1 1 1 1 1 1 
1 1 1 1 1 0 1 0 1 1 1 1 1 1 1 1 1 1 1 0 1 1 1 1 0 1 1 
1 1 1 1 1 1 1 0 1 1 1 1 1 1 1 1 1 1 1 1 1 1 1 1 0 1 1 
1 1 1 1 1 1 1 1 1 1 1 1 1 1 1 1 1 1 1 1 1 1 1 1 1 1 1 
1 1 1 1 1 1 1 0 1 1 1 1 1 1 1 1 1 1 1 1 1 1 1 1 1 1 1 
1 1 1 1 1 1 1 1 1 1 1 1 1 1 1 1 1 1 1 1 1 1 1 1 1 1 1 
1 1 1 1 0 1 1 1 1 1 1 1 1 1 1 1 1 1 0 1 1 1 1 1 1 1 1 
1 1 1 1 1 1 0 1 1 1 1 1 1 1 1 1 1 1 1 1 1 1 0 1 1 1 1 
1 1 1 1 1 1 1 1 1 1 1 1 1 1 1 1 1 1 1 1 1 1 1 1 1 1 1 
0 1 1 1 0 1 1 1 1 1 1 1 1 1 1 1 1 1 0 1 1 1 1 1 1 1 1 
1 0 0 1 1 1 1 1 1 1 1 0 1 1 0 1 1 1 1 1 1 1 1 1 1 1 1 
0 1 1 1 1 1 0 1 1 0 1 1 1 1 1 1 1 1 1 1 1 0 1 1 1 1 1 
1 0 1 0 1 1 1 1 1 1 1 0 1 1 1 1 1 1 1 1 1 1 1 1 1 1 1 
1 1 1 1 0 1 0 1 1 1 1 1 1 1 1 1 1 1 1 1 1 1 0 1 1 1 1 
1 1 1 1 1 1 1 1 0 1 1 1 1 1 1 1 1 1 1 1 1 1 1 1 1 0 1 
1 1 1 1 0 1 1 1 1 1 1 1 1 1 1 1 1 0 1 1 1 1 1 1 1 1 1 
1 1 1 1 1 1 1 0 1 1 1 1 1 1 1 1 1 1 1 1 1 1 1 1 0 1 1 
1 1 1 1 0 1 1 1 1 1 1 1 1 1 1 1 1 0 1 1 1 1 1 1 1 1 1 
1 0 1 1 1 1 1 0 1 1 1 0 1 1 1 1 1 1 1 1 1 1 1 1 0 1 1 
1 1 0 1 1 1 1 1 1 1 1 1 1 0 1 1 1 1 1 1 1 1 1 1 1 1 1 
1 1 1 1 1 1 1 1 1 1 1 1 1 1 1 1 1 1 1 1 1 1 1 1 1 1 1 
1 1 1 1 0 1 1 1 1 1 1 1 1 1 1 1 1 1 1 1 1 1 1 1 1 1 1 
0 1 1 1 1 1 1 1 1 0 1 1 1 1 1 1 1 1 1 1 1 1 1 1 1 1 1 
1 1 1 0 0 1 1 1 1 1 1 1 1 1 1 1 0 1 0 1 1 1 1 1 1 1 1 
1 1 1 1 1 1 1 1 1 1 1 1 1 1 1 1 1 1 1 1 1 1 1 1 1 1 1 
1 1 1 1 1 1 1 1 1 1 1 1 1 1 1 1 1 1 1 1 1 1 1 1 1 1 1 
1 0 1 1 1 1 1 1 1 1 1 1 0 1 1 1 1 1 1 1 1 1 1 1 1 1 1 
0 0 1 1 1 0 1 1 1 0 1 0 1 1 1 1 1 1 1 0 1 1 1 1 1 1 1 
1 1 1 0 1 1 0 1 1 1 1 1 1 1 1 0 1 1 1 1 1 1 1 1 1 1 1 
1 0 1 1 0 1 1 1 1 1 1 1 0 1 1 1 1 0 1 1 1 1 1 1 1 1 1 
1 1 1 1 1 1 1 1 1 1 1 1 1 1 1 1 1 1 1 1 1 1 1 1 1 1 1 
1 1 1 1 1 1 1 1 1 1 1 1 1 1 1 1 1 1 1 1 1 1 1 1 1 1 1 
1 1 1 1 0 1 1 1 1 1 1 1 1 1 1 1 1 1 0 1 1 1 1 1 1 1 1 
1 1 1 1 0 1 1 1 1 1 1 1 1 1 1 1 1 0 1 1 1 1 1 1 1 1 1 
1 0 1 1 1 1 1 1 1 1 1 1 1 1 1 1 1 1 1 1 1 1 1 1 1 1 1 
1 1 1 1 0 1 1 1 1 1 1 1 1 1 1 1 1 0 1 1 1 1 1 1 1 1 1 
0 1 0 1 1 1 1 1 1 0 1 1 1 1 0 1 1 1 1 1 1 1 1 1 1 1 1 
1 1 1 1 1 1 1 1 1 1 1 1 1 1 1 1 1 1 1 1 1 1 1 1 1 1 1 
1 1 1 1 1 1 1 1 1 1 1 1 1 1 1 1 1 1 1 1 1 1 1 1 1 1 1 
1 1 1 1 0 1 1 1 1 1 1 1 1 1 1 1 1 0 1 1 1 1 1 1 1 1 1 
1 1 1 1 1 1 0 1 1 1 1 1 1 1 1 1 1 1 1 1 1 1 0 1 1 1 1 
1 1 1 0 1 1 1 1 1 1 1 1 1 1 1 1 0 1 1 1 1 1 1 1 1 1 1 
]

EmployeeWantedInStint: [ (2 3) 1 (6 19) 1 (7 8) 1 (9 4) 1 (10 20) 1 (11 13) 1 (12 13) 1 (12 15) 1 (13 17) 1 (17 18) 1 (18 1) 1 (20 15) 1 (20 19) 1 (21 3) 1 (24 3) 1 (24 7) 1 (29 22) 1 (32 5) 1 (33 20) 1 (36 1) 1 (37 26) 1 (39 23) 1 (41 18) 1 (42 17) 1 (42 26) 1 (45 15) 1 (46 15) 1 (50 16) 1 (51 1) 1 (51 16) 1 (55 23) 1 (57 16) 1 (57 24) 1 (61 19) 1 (64 13) 1 (65 2) 1 (67 4) 1 (69 6) 1 (69 14) 1 (74 17) 1 (75 24) 1 (78 18) 1 (78 19) 1 (82 17) 1 (84 20) 1 (85 7) 1 (85 24) 1 (89 18) 1 (90 21) 1 (91 23) 1 (92 14) 1 (94 27) 1 (103 25) 1 (106 7) 1 (107 22) 1 (108 24) 1 (109 22) 1 (117 3) 1 (121 25) 1 (126 8) 1 (126 27) 1 (130 3) 1 (132 15) 1 (137 15) 1 (139 7) 1 (139 14) 1 (143 23) 1 (145 4) 1 (149 1) 1 (149 17) 1 ]

EmployeeWantedViolationCost: [ (2 3) 5000 (6 19) 11000 (7 8) 15000 (9 4) 5000 (10 20) 7000 (11 13) 14000 (12 13) 15000 (12 15) 12000 (13 17) 10000 (17 18) 6000 (18 1) 10000 (20 15) 8000 (20 19) 10000 (21 3) 10000 (24 3) 11000 (24 7) 14000 (29 22) 7000 (32 5) 12000 (33 20) 9000 (36 1) 6000 (37 26) 11000 (39 23) 6000 (41 18) 7000 (42 17) 11000 (42 26) 6000 (45 15) 12000 (46 15) 10000 (50 16) 7000 (51 1) 10000 (51 16) 12000 (55 23) 15000 (57 16) 7000 (57 24) 12000 (61 19) 10000 (64 13) 10000 (65 2) 11000 (67 4) 5000 (69 6) 10000 (69 14) 8000 (74 17) 10000 (75 24) 13000 (78 18) 6000 (78 19) 10000 (82 17) 7000 (84 20) 10000 (85 7) 9000 (85 24) 11000 (89 18) 11000 (90 21) 11000 (91 23) 8000 (92 14) 5000 (94 27) 8000 (103 25) 15000 (106 7) 8000 (107 22) 14000 (108 24) 15000 (109 22) 9000 (117 3) 9000 (121 25) 8000 (126 8) 11000 (126 27) 10000 (130 3) 12000 (132 15) 5000 (137 15) 12000 (139 7) 6000 (139 14) 5000 (143 23) 13000 (145 4) 15000 (149 1) 11000 (149 17) 15000 ]

EmployeesThatShouldNotWorkTogetherWithEmployee: [
[ 19 74 108 130 138 ]
[ 5 7 107 112 ]
[ 8 16 90 95 101 126 ]
[ 22 33 68 94 117 145 ]
[ 59 61 120 129 134 ]
[ 14 26 27 31 51 62 75 85 90 108 110 144 148 ]
[ 14 25 33 35 39 72 89 110 115 148 ]
[ 19 91 103 118 ]
[ 22 24 111 124 ]
[ 45 50 55 58 61 82 135 ]
[ 33 62 82 99 121 ]
[ 20 22 27 35 40 107 112 116 136 141 ]
[ 26 41 70 98 145 ]
[ 72 88 134 ]
[ 125 133 ]
[ 59 64 98 ]
[ 69 82 93 133 ]
[ 19 23 56 66 88 134 ]
[ 51 70 94 103 106 115 ]
[ 57 70 75 90 108 126 136 146 ]
[ ]
[ 47 51 60 76 95 114 126 ]
[ 27 42 55 63 82 87 107 109 113 123 137 ]
[ 43 46 48 53 66 72 109 139 ]
[ 28 60 78 83 90 99 129 148 ]
[ 40 83 103 107 ]
[ 32 34 83 130 142 ]
[ 82 110 ]
[ 31 74 141 146 ]
[ 38 54 111 112 125 128 ]
[ 37 56 63 113 125 133 146 ]
[ 41 42 79 86 143 ]
[ 56 77 96 116 ]
[ 68 98 101 109 150 ]
[ 39 81 85 119 131 141 ]
[ 50 66 135 ]
[ 49 61 68 136 144 ]
[ 82 106 127 136 ]
[ 43 61 129 ]
[ 57 58 65 132 142 ]
[ 58 64 118 122 136 ]
[ 45 56 91 109 ]
[ 130 133 134 ]
[ 66 70 142 ]
[ 46 62 118 ]
[ 74 92 96 113 127 146 148 149 ]
[ 84 111 118 ]
[ ]
[ 54 111 129 ]
[ 61 65 78 83 85 147 ]
[ 75 88 107 119 134 ]
[ 59 69 83 113 115 130 ]
[ 91 123 ]
[ 63 65 79 114 ]
[ 123 ]
[ 73 76 123 136 140 ]
[ 80 82 89 ]
[ 131 133 ]
[ 114 145 149 ]
[ 82 85 95 141 ]
[ 105 106 107 121 136 ]
[ 82 102 107 129 131 ]
[ 66 73 87 100 128 142 ]
[ 71 89 105 127 131 ]
[ 126 ]
[ 70 77 79 133 144 ]
[ 77 122 144 146 ]
[ 86 135 141 ]
[ ]
[ 90 109 116 146 ]
[ ]
[ 84 85 98 106 115 142 ]
[ 93 ]
[ ]
[ 144 ]
[ 84 85 96 124 141 144 149 ]
[ ]
[ 119 ]
[ 100 127 ]
[ 83 102 ]
[ 106 133 138 ]
[ 88 131 148 ]
[ 86 97 119 129 ]
[ 90 93 97 101 113 130 ]
[ 105 140 ]
[ 112 116 133 134 142 147 ]
[ 89 94 121 ]
[ 107 140 ]
[ 117 ]
[ 115 128 ]
[ 93 106 ]
[ 110 123 132 135 142 ]
[ 99 137 140 ]
[ 128 ]
[ 105 112 121 147 ]
[ 100 110 127 138 141 143 145 150 ]
[ 98 136 141 ]
[ 117 ]
[ 100 148 ]
[ 104 122 ]
[ 102 135 ]
[ 124 ]
[ 140 150 ]
[ 139 ]
[ 125 139 ]
[ 108 127 ]
[ 109 137 ]
[ ]
[ 132 ]
[ ]
[ 116 ]
[ 149 ]
[ 126 131 ]
[ 129 ]
[ 116 130 144 ]
[ ]
[ 124 133 147 ]
[ 123 126 ]
[ 123 140 ]
[ ]
[ ]
[ 126 ]
[ 132 134 145 ]
[ ]
[ ]
[ 144 ]
[ 140 141 ]
[ 139 ]
[ ]
[ ]
[ ]
[ ]
[ ]
[ ]
[ ]
[ 146 ]
[ 148 149 ]
[ 142 147 ]
[ 142 150 ]
[ ]
[ 143 ]
[ 146 ]
[ ]
[ ]
[ ]
[ ]
[ ]
[ ]
[ ]
[ ]
]

ShouldNotWorkTogetherCost: [ (1 19) 297 (1 74) 99 (1 108) 297 (1 130) 396 (1 138) 198 (2 5) 198 (2 7) 198 (2 107) 198 (2 112) 198 (3 8) 198 (3 16) 297 (3 90) 198 (3 95) 396 (3 101) 99 (3 126) 297 (4 22) 297 (4 33) 297 (4 68) 99 (4 94) 396 (4 117) 99 (4 145) 396 (5 59) 198 (5 61) 396 (5 120) 99 (5 129) 99 (5 134) 198 (6 14) 297 (6 26) 99 (6 27) 99 (6 31) 396 (6 51) 297 (6 62) 297 (6 75) 99 (6 85) 297 (6 90) 396 (6 108) 198 (6 110) 396 (6 144) 198 (6 148) 297 (7 14) 396 (7 25) 198 (7 33) 297 (7 35) 396 (7 39) 297 (7 72) 297 (7 89) 99 (7 110) 99 (7 115) 396 (7 148) 297 (8 19) 198 (8 91) 297 (8 103) 99 (8 118) 99 (9 22) 198 (9 24) 198 (9 111) 297 (9 124) 396 (10 45) 297 (10 50) 198 (10 55) 396 (10 58) 396 (10 61) 198 (10 82) 297 (10 135) 99 (11 33) 396 (11 62) 198 (11 82) 198 (11 99) 198 (11 121) 198 (12 20) 198 (12 22) 297 (12 27) 396 (12 35) 396 (12 40) 99 (12 107) 198 (12 112) 99 (12 116) 297 (12 136) 297 (12 141) 198 (13 26) 198 (13 41) 99 (13 70) 297 (13 98) 396 (13 145) 297 (14 72) 198 (14 88) 99 (14 134) 297 (15 125) 297 (15 133) 297 (16 59) 396 (16 64) 198 (16 98) 396 (17 69) 99 (17 82) 99 (17 93) 396 (17 133) 396 (18 19) 396 (18 23) 198 (18 56) 297 (18 66) 99 (18 88) 198 (18 134) 99 (19 51) 396 (19 70) 396 (19 94) 297 (19 103) 99 (19 106) 99 (19 115) 297 (20 57) 297 (20 70) 99 (20 75) 396 (20 90) 198 (20 108) 99 (20 126) 198 (20 136) 198 (20 146) 396 (22 47) 99 (22 51) 396 (22 60) 198 (22 76) 297 (22 95) 297 (22 114) 198 (22 126) 297 (23 27) 396 (23 42) 99 (23 55) 396 (23 63) 198 (23 82) 99 (23 87) 198 (23 107) 297 (23 109) 198 (23 113) 99 (23 123) 297 (23 137) 396 (24 43) 99 (24 46) 297 (24 48) 396 (24 53) 396 (24 66) 99 (24 72) 99 (24 109) 297 (24 139) 297 (25 28) 396 (25 60) 396 (25 78) 396 (25 83) 99 (25 90) 198 (25 99) 396 (25 129) 99 (25 148) 396 (26 40) 99 (26 83) 297 (26 103) 198 (26 107) 99 (27 32) 396 (27 34) 297 (27 83) 198 (27 130) 396 (27 142) 99 (28 82) 99 (28 110) 297 (29 31) 297 (29 74) 198 (29 141) 297 (29 146) 297 (30 38) 396 (30 54) 99 (30 111) 396 (30 112) 99 (30 125) 396 (30 128) 396 (31 37) 297 (31 56) 297 (31 63) 99 (31 113) 99 (31 125) 99 (31 133) 99 (31 146) 198 (32 41) 396 (32 42) 396 (32 79) 396 (32 86) 198 (32 143) 99 (33 56) 198 (33 77) 396 (33 96) 396 (33 116) 198 (34 68) 198 (34 98) 297 (34 101) 396 (34 109) 396 (34 150) 198 (35 39) 297 (35 81) 396 (35 85) 297 (35 119) 297 (35 131) 297 (35 141) 198 (36 50) 198 (36 66) 297 (36 135) 396 (37 49) 396 (37 61) 198 (37 68) 396 (37 136) 198 (37 144) 396 (38 82) 297 (38 106) 99 (38 127) 99 (38 136) 297 (39 43) 99 (39 61) 198 (39 129) 396 (40 57) 198 (40 58) 198 (40 65) 396 (40 132) 198 (40 142) 99 (41 58) 198 (41 64) 198 (41 118) 396 (41 122) 297 (41 136) 297 (42 45) 198 (42 56) 198 (42 91) 297 (42 109) 396 (43 130) 198 (43 133) 99 (43 134) 198 (44 66) 198 (44 70) 99 (44 142) 99 (45 46) 198 (45 62) 198 (45 118) 198 (46 74) 297 (46 92) 99 (46 96) 297 (46 113) 297 (46 127) 396 (46 146) 396 (46 148) 99 (46 149) 99 (47 84) 198 (47 111) 396 (47 118) 198 (49 54) 198 (49 111) 396 (49 129) 297 (50 61) 396 (50 65) 99 (50 78) 99 (50 83) 99 (50 85) 99 (50 147) 198 (51 75) 396 (51 88) 297 (51 107) 297 (51 119) 198 (51 134) 396 (52 59) 198 (52 69) 396 (52 83) 99 (52 113) 198 (52 115) 99 (52 130) 297 (53 91) 99 (53 123) 99 (54 63) 396 (54 65) 396 (54 79) 396 (54 114) 396 (55 123) 297 (56 73) 297 (56 76) 198 (56 123) 297 (56 136) 396 (56 140) 198 (57 80) 99 (57 82) 396 (57 89) 297 (58 131) 198 (58 133) 297 (59 114) 396 (59 145) 297 (59 149) 198 (60 82) 396 (60 85) 396 (60 95) 396 (60 141) 396 (61 105) 396 (61 106) 198 (61 107) 99 (61 121) 297 (61 136) 297 (62 82) 396 (62 102) 396 (62 107) 396 (62 129) 396 (62 131) 198 (63 66) 99 (63 73) 99 (63 87) 99 (63 100) 198 (63 128) 99 (63 142) 99 (64 71) 99 (64 89) 198 (64 105) 198 (64 127) 297 (64 131) 99 (65 126) 297 (66 70) 396 (66 77) 198 (66 79) 198 (66 133) 297 (66 144) 396 (67 77) 396 (67 122) 297 (67 144) 198 (67 146) 99 (68 86) 396 (68 135) 396 (68 141) 396 (70 90) 297 (70 109) 99 (70 116) 396 (70 146) 198 (72 84) 99 (72 85) 297 (72 98) 198 (72 106) 99 (72 115) 99 (72 142) 396 (73 93) 198 (75 144) 396 (76 84) 198 (76 85) 99 (76 96) 99 (76 124) 297 (76 141) 396 (76 144) 198 (76 149) 297 (78 119) 198 (79 100) 396 (79 127) 297 (80 83) 99 (80 102) 99 (81 106) 99 (81 133) 297 (81 138) 297 (82 88) 396 (82 131) 99 (82 148) 198 (83 86) 99 (83 97) 99 (83 119) 396 (83 129) 396 (84 90) 297 (84 93) 396 (84 97) 396 (84 101) 99 (84 113) 396 (84 130) 297 (85 105) 99 (85 140) 396 (86 112) 198 (86 116) 396 (86 133) 198 (86 134) 396 (86 142) 396 (86 147) 297 (87 89) 297 (87 94) 396 (87 121) 198 (88 107) 99 (88 140) 297 (89 117) 297 (90 115) 297 (90 128) 396 (91 93) 198 (91 106) 396 (92 110) 99 (92 123) 99 (92 132) 99 (92 135) 99 (92 142) 297 (93 99) 396 (93 137) 198 (93 140) 396 (94 128) 396 (95 105) 396 (95 112) 396 (95 121) 198 (95 147) 396 (96 100) 99 (96 110) 198 (96 127) 396 (96 138) 198 (96 141) 198 (96 143) 396 (96 145) 297 (96 150) 99 (97 98) 297 (97 136) 198 (97 141) 396 (98 117) 396 (99 100) 99 (99 148) 198 (100 104) 198 (100 122) 297 (101 102) 297 (101 135) 198 (102 124) 396 (103 140) 99 (103 150) 396 (104 139) 198 (105 125) 198 (105 139) 297 (106 108) 396 (106 127) 99 (107 109) 99 (107 137) 198 (109 132) 297 (111 116) 198 (112 149) 99 (113 126) 396 (113 131) 396 (114 129) 396 (115 116) 198 (115 130) 396 (115 144) 396 (117 124) 396 (117 133) 396 (117 147) 396 (118 123) 297 (118 126) 198 (119 123) 297 (119 140) 396 (122 126) 198 (123 132) 198 (123 134) 99 (123 145) 396 (126 144) 198 (127 140) 99 (127 141) 198 (128 139) 297 (136 146) 396 (137 148) 198 (137 149) 99 (138 142) 396 (138 147) 297 (139 142) 198 (139 150) 99 (141 143) 396 (142 146) 198 ]

ImmediatePredecessorsToActivity: [
[ ]
[ 1 ]
[ 1 ]
[ 1 ]
[ 3 ]
[ 1 ]
[ 6 ]
[ 3 4 ]
[ 6 ]
[ 9 ]
[ 4 5 ]
[ 8 ]
[ 2 6 ]
[ 13 ]
[ 4 7 12 13 ]
[ 6 11 ]
[ 12 13 ]
[ 4 9 ]
[ 8 11 ]
[ 3 4 9 ]
[ 8 9 14 ]
[ 2 5 7 19 ]
[ 12 13 ]
[ 7 ]
[ 1 ]
[ 9 12 19 ]
[ 7 8 9 11 13 25 ]
[ 5 15 16 19 25 ]
[ 11 12 20 ]
[ 16 ]
[ 2 4 9 12 ]
[ ]
[ 32 ]
[ 32 ]
[ 32 ]
[ 34 ]
[ 32 ]
[ 32 ]
[ 32 ]
[ 38 39 ]
[ 34 ]
[ 39 ]
[ 32 ]
[ 38 ]
[ 39 43 44 ]
[ 40 43 ]
[ 33 36 40 ]
[ 39 44 ]
[ 34 40 45 ]
[ 33 34 45 46 ]
[ 36 44 46 ]
[ 43 44 ]
[ 36 48 ]
[ 41 49 53 ]
]

ActivitiesInProject: [
[ 1 2 3 4 5 6 7 8 9 10 11 12 13 14 15 16 17 18 19 20 21 22 23 24 25 26 27 28 29 30 31 ]
[ 32 33 34 35 36 37 38 39 40 41 42 43 44 45 46 47 48 49 50 51 52 53 54 ]
]

nActivityModes: [ 1 1 1 1 1 1 1 1 1 1 1 1 1 1 1 1 1 1 1 1 1 1 1 1 1 1 1 1 1 1 1 1 1 1 1 1 1 1 1 1 1 1 1 1 1 1 1 1 1 1 1 1 1 1 ]

ActivitiyDurationWithMode: [
1	
9	
11	
8	
12	
32	
11	
13	
12	
24	
9	
35	
11	
23	
9	
36	
10	
31	
12	
18	
9	
29	
17	
33	
48	
12	
27	
8	
10	
8	
17	
1	
40	
5	
10	
5	
45	
15	
20	
8	
24	
23	
25	
9	
6	
9	
5	
10	
10	
6	
5	
12	
7	
6	
]
StintsInProject: [
[ 1 2 3 4 5 6 7 8 9 ]
[ 10 11 12 13 14 15 16 17 18 19 20 21 22 23 24 25 26 27 ]
]

WorkingStintsOnDay: [
[ 1 10 ]
[ 1 10 ]
[ 1 10 ]
[ 1 10 ]
[ 1 10 ]
[ 1 ]
[ 1 ]
[ 1 11 ]
[ 1 11 ]
[ 1 11 ]
[ 1 11 ]
[ 1 11 ]
[ ]
[ ]
[ 2 12 ]
[ 2 12 ]
[ 2 12 ]
[ 2 12 ]
[ 2 12 ]
[ 2 ]
[ 2 ]
[ 2 13 ]
[ 2 13 ]
[ 2 13 ]
[ 2 13 ]
[ 2 13 ]
[ ]
[ ]
[ 3 14 ]
[ 3 14 ]
[ 3 14 ]
[ 3 14 ]
[ 3 14 ]
[ 3 ]
[ 3 ]
[ 3 15 ]
[ 3 15 ]
[ 3 15 ]
[ 3 15 ]
[ 3 15 ]
[ ]
[ ]
[ 4 16 ]
[ 4 16 ]
[ 4 16 ]
[ 4 16 ]
[ 4 16 ]
[ 4 ]
[ 4 ]
[ 4 17 ]
[ 4 17 ]
[ 4 17 ]
[ 4 17 ]
[ 4 17 ]
[ ]
[ ]
[ 5 18 ]
[ 5 18 ]
[ 5 18 ]
[ 5 18 ]
[ 5 18 ]
[ 5 ]
[ 5 ]
[ 5 19 ]
[ 5 19 ]
[ 5 19 ]
[ 5 19 ]
[ 5 19 ]
[ ]
[ ]
[ 6 20 ]
[ 6 20 ]
[ 6 20 ]
[ 6 20 ]
[ 6 20 ]
[ 6 ]
[ 6 ]
[ 6 21 ]
[ 6 21 ]
[ 6 21 ]
[ 6 21 ]
[ 6 21 ]
[ ]
[ ]
[ 7 22 ]
[ 7 22 ]
[ 7 22 ]
[ 7 22 ]
[ 7 22 ]
[ 7 ]
[ 7 ]
[ 7 23 ]
[ 7 23 ]
[ 7 23 ]
[ 7 23 ]
[ 7 23 ]
[ ]
[ ]
[ 8 24 ]
[ 8 24 ]
[ 8 24 ]
[ 8 24 ]
[ 8 24 ]
[ 8 ]
[ 8 ]
[ 8 25 ]
[ 8 25 ]
[ 8 25 ]
[ 8 25 ]
[ 8 25 ]
[ ]
[ ]
[ 9 26 ]
[ 9 26 ]
[ 9 26 ]
[ 9 26 ]
[ 9 26 ]
[ 9 ]
[ 9 ]
[ 9 27 ]
]

ProjectStart: [ 21 2 ]

ProjectEnd: [ 110 68 ]

EarliestStartDayForActivity: [ 1 21 21 21 34 21 59 34 59 73 48 49 59 72 90 59 90 73 59 73 97 73 90 72 21 90 77 101 93 101 90 1 2 2 2 9 2 2 2 30 9 30 2 23 37 40 58 34 45 58 53 37 48 59 ]

LatestStartDayForActivity: [ 1 110 110 110 110 110 110 110 110 110 110 110 110 110 110 110 110 110 110 110 110 110 110 110 110 110 110 110 110 110 110 1 68 68 68 68 68 68 68 68 68 68 68 68 68 68 68 68 68 68 68 68 68 68 ]

EquipmentTypeDemandInActivityWithMode: [
0	
1	
3	
0	
2	
0	
1	
2	
2	
0	
2	
3	
0	
1	
0	
1	
1	
0	
2	
1	
1	
2	
1	
0	
1	
1	
0	
1	
1	
0	
3	
0	
0	
1	
1	
1	
1	
1	
1	
1	
1	
1	
1	
0	
0	
0	
1	
0	
0	
0	
1	
1	
0	
0	

0	
1	
2	
0	
2	
1	
3	
4	
2	
1	
2	
1	
0	
1	
2	
0	
0	
2	
1	
1	
0	
1	
2	
1	
1	
1	
0	
3	
0	
0	
2	
0	
1	
1	
0	
0	
1	
0	
2	
1	
0	
1	
1	
2	
2	
0	
2	
0	
0	
3	
0	
1	
0	
1	

0	
3	
0	
1	
1	
2	
1	
1	
2	
2	
1	
1	
0	
0	
1	
2	
2	
1	
0	
1	
3	
1	
0	
2	
2	
0	
3	
2	
2	
2	
3	
0	
1	
2	
3	
1	
3	
1	
1	
0	
0	
0	
3	
1	
2	
1	
1	
4	
0	
1	
3	
2	
3	
0	

0	
1	
0	
0	
0	
0	
0	
0	
1	
2	
1	
0	
1	
0	
1	
2	
3	
1	
2	
2	
0	
1	
1	
1	
3	
1	
1	
0	
1	
0	
1	
0	
0	
3	
0	
2	
1	
1	
0	
1	
2	
1	
1	
0	
0	
0	
3	
2	
1	
0	
1	
1	
2	
2	

0	
2	
1	
1	
2	
1	
1	
1	
1	
1	
2	
0	
1	
2	
0	
1	
4	
0	
2	
1	
0	
0	
3	
1	
1	
0	
0	
2	
1	
1	
1	
0	
0	
1	
3	
0	
0	
1	
1	
1	
1	
1	
1	
1	
0	
3	
0	
1	
2	
1	
0	
1	
2	
0	

0	
1	
1	
1	
1	
0	
0	
0	
0	
0	
1	
1	
0	
1	
3	
1	
2	
1	
0	
2	
0	
1	
0	
1	
1	
0	
1	
2	
1	
2	
0	
0	
0	
2	
0	
1	
0	
1	
0	
1	
1	
2	
1	
2	
1	
0	
1	
0	
0	
1	
1	
2	
2	
2	

]

ExternalEquipmentRentingCost: [
3289	1076	2089	1272	4993	3451	2150	1235	5785	5524	3641	5251	1946	3138	4187	1114	2161	3610	5146	1969	3196	3598	2451	1654	4242	4347	4702	4980	3647	2080	1022	1792	2835	1153	3712	5336	2338	5978	3697	4617	4499	5606	5581	2492	1661	2819	4404	2717	5307	4628	3759	4304	3812	2210	
5765	4066	5037	1916	1117	1096	1720	4644	4288	4558	3881	2579	2029	3087	5800	5432	5220	2741	1749	5043	1844	3332	2291	5691	3904	1678	2711	4401	5436	3565	3459	4697	3766	1917	2231	2065	4239	5076	5881	2968	2569	2883	1744	4414	2844	2676	4455	3067	1823	4070	4723	2831	4461	5813	
1454	1662	3848	4509	4954	4868	5881	1557	3907	4352	2667	2828	5977	2787	1521	2581	4355	5652	2783	5558	2414	3756	5784	3138	3985	4798	3493	3869	2093	3522	2402	3343	1804	3880	4531	2011	1569	3922	5883	3367	2445	4504	2237	4354	3168	2762	1601	4970	4045	4742	5203	3617	2100	5549	
1536	2614	1973	2607	3886	3191	4937	1443	1661	1379	2825	1661	5258	4537	3335	2859	4648	5437	3761	4205	2711	4954	4216	2326	5431	4186	3720	4998	1025	3200	4422	2801	5575	4203	3147	4033	2574	1433	3932	4586	1215	3310	1784	2904	2336	2063	3920	3935	1901	2963	2909	3689	1860	5250	
4851	5989	2610	1433	3134	2636	1678	1647	1536	4404	2783	1784	1511	4101	1425	5283	1566	3370	3126	2796	4605	4038	4012	5085	5066	1957	2136	5052	1416	3281	1476	4316	3558	5740	5962	1322	3534	4302	1562	5470	2235	3416	4281	4431	4738	2766	2676	2194	1669	1014	2718	1043	2770	5915	
5532	1687	5465	4495	3747	1653	3283	5607	4560	5078	1570	4267	1075	3150	5798	1055	1717	3158	1028	5761	2931	5613	2003	3859	2316	4988	3174	5344	4591	1948	2715	2760	5217	1402	1910	2325	2203	4212	5660	5065	3529	4899	2736	3132	2774	4540	2198	5124	2601	5506	4245	4237	5289	4947	
]

EquipmentTypeTransportationCost: [
1	3931	
3931	1	

1	3615	
3615	1	

1	3571	
3571	1	

1	3441	
3441	1	

1	3459	
3459	1	

1	3307	
3307	1	

]

TransportationTimeForEquipmentTypeBetweenProjects: [
1	1	
1	1	

1	1	
1	1	

1	1	
1	1	

1	1	
1	1	

1	1	
1	1	

1	1	
1	1	

]

TotalNumberOfInitialEquipmentTypeLocation: [
(1 1) 2 (1 32) 1 
(2 1) 3 (2 32) 3 
(3 1) 4 (3 32) 7 
(4 1) 4 (4 32) 2 
(5 1) 4 (5 32) 4 
(6 1) 3 (6 32) 3 
]

DepotActivities: [ 1 32 ]

MaximalStintCliques: [
[ 2 1 12 ]
[ 2 3 14 ]
[ 2 13 ]
[ 4 17 ]
[ 4 18 5 ]
[ 4 3 16 ]
[ 5 19 ]
[ 5 20 6 ]
[ 6 21 ]
[ 6 22 7 ]
[ 7 8 24 ]
[ 7 23 ]
[ 8 9 26 ]
[ 8 25 ]
[ 9 27 ]
[ 10 1 ]
[ 11 1 ]
[ 15 3 ]
]
