nEmployees: 150
nSkills: 6
nProjects: 2
nDays: 180
nActivities: 62
nEquipmentTypes: 4
nStints: 26
nMaxModes: 3
nStintCliques: 12

EmployeeInStintCost: [
32684 32684 32684 32684 32684 32684 32684 32684 32684 32684 32684 32684 26420 33452 33452 33452 33452 33452 33452 33452 33452 33452 33452 33452 33452 27188 
12000 12000 12000 12000 12000 12000 12000 12000 12000 12000 12000 12000 6600 26684 26684 26684 26684 26684 26684 26684 26684 26684 26684 26684 26684 21284 
27396 27396 27396 27396 27396 27396 27396 27396 27396 27396 27396 27396 21888 27740 27740 27740 27740 27740 27740 27740 27740 27740 27740 27740 27740 22232 
28236 28236 28236 28236 28236 28236 28236 28236 28236 28236 28236 28236 22350 28580 28580 28580 28580 28580 28580 28580 28580 28580 28580 28580 28580 22694 
32804 32804 32804 32804 32804 32804 32804 32804 32804 32804 32804 32804 26378 29972 29972 29972 29972 29972 29972 29972 29972 29972 29972 29972 29972 23546 
28804 28804 28804 28804 28804 28804 28804 28804 28804 28804 28804 28804 23350 28196 28196 28196 28196 28196 28196 28196 28196 28196 28196 28196 28196 22742 
30124 30124 30124 30124 30124 30124 30124 30124 30124 30124 30124 30124 24076 29516 29516 29516 29516 29516 29516 29516 29516 29516 29516 29516 29516 23468 
31468 31468 31468 31468 31468 31468 31468 31468 31468 31468 31468 31468 25258 28636 28636 28636 28636 28636 28636 28636 28636 28636 28636 28636 28636 22426 
31148 31148 31148 31148 31148 31148 31148 31148 31148 31148 31148 31148 24776 28692 28692 28692 28692 28692 28692 28692 28692 28692 28692 28692 28692 22320 
31164 31164 31164 31164 31164 31164 31164 31164 31164 31164 31164 31164 25332 31940 31940 31940 31940 31940 31940 31940 31940 31940 31940 31940 31940 26108 
30628 30628 30628 30628 30628 30628 30628 30628 30628 30628 30628 30628 24796 27796 27796 27796 27796 27796 27796 27796 27796 27796 27796 27796 27796 21964 
30644 30644 30644 30644 30644 30644 30644 30644 30644 30644 30644 30644 25298 31412 31412 31412 31412 31412 31412 31412 31412 31412 31412 31412 31412 26066 
13440 13440 13440 13440 13440 13440 13440 13440 13440 13440 13440 13440 7392 28124 28124 28124 28124 28124 28124 28124 28124 28124 28124 28124 28124 22076 
33212 33212 33212 33212 33212 33212 33212 33212 33212 33212 33212 33212 28028 33892 33892 33892 33892 33892 33892 33892 33892 33892 33892 33892 33892 28708 
30860 30860 30860 30860 30860 30860 30860 30860 30860 30860 30860 30860 24812 28036 28036 28036 28036 28036 28036 28036 28036 28036 28036 28036 28036 21988 
28932 28932 28932 28932 28932 28932 28932 28932 28932 28932 28932 28932 23370 26428 26428 26428 26428 26428 26428 26428 26428 26428 26428 26428 26428 20866 
31644 31644 31644 31644 31644 31644 31644 31644 31644 31644 31644 31644 25596 32420 32420 32420 32420 32420 32420 32420 32420 32420 32420 32420 32420 26372 
33668 33668 33668 33668 33668 33668 33668 33668 33668 33668 33668 33668 27620 34292 34292 34292 34292 34292 34292 34292 34292 34292 34292 34292 34292 28244 
15320 15320 15320 15320 15320 15320 15320 15320 15320 15320 15320 15320 10082 26412 26412 26412 26412 26412 26412 26412 26412 26412 26412 26412 26412 21174 
11640 11640 11640 11640 11640 11640 11640 11640 11640 11640 11640 11640 6402 26324 26324 26324 26324 26324 26324 26324 26324 26324 26324 26324 26324 21086 
35492 35492 35492 35492 35492 35492 35492 35492 35492 35492 35492 35492 29282 36172 36172 36172 36172 36172 36172 36172 36172 36172 36172 36172 36172 29962 
29540 29540 29540 29540 29540 29540 29540 29540 29540 29540 29540 29540 24086 26716 26716 26716 26716 26716 26716 26716 26716 26716 26716 26716 26716 21262 
28740 28740 28740 28740 28740 28740 28740 28740 28740 28740 28740 28740 22746 15960 15960 15960 15960 15960 15960 15960 15960 15960 15960 15960 15960 9966 
27036 27036 27036 27036 27036 27036 27036 27036 27036 27036 27036 27036 21690 27380 27380 27380 27380 27380 27380 27380 27380 27380 27380 27380 27380 22034 
29068 29068 29068 29068 29068 29068 29068 29068 29068 29068 29068 29068 23938 26236 26236 26236 26236 26236 26236 26236 26236 26236 26236 26236 26236 21106 
28700 28700 28700 28700 28700 28700 28700 28700 28700 28700 28700 28700 22814 13080 13080 13080 13080 13080 13080 13080 13080 13080 13080 13080 13080 7194 
32972 32972 32972 32972 32972 32972 32972 32972 32972 32972 32972 32972 27896 33652 33652 33652 33652 33652 33652 33652 33652 33652 33652 33652 33652 28576 
28868 28868 28868 28868 28868 28868 28868 28868 28868 28868 28868 28868 23522 26412 26412 26412 26412 26412 26412 26412 26412 26412 26412 26412 26412 21066 
29204 29204 29204 29204 29204 29204 29204 29204 29204 29204 29204 29204 23642 26724 26724 26724 26724 26724 26724 26724 26724 26724 26724 26724 26724 21162 
31004 31004 31004 31004 31004 31004 31004 31004 31004 31004 31004 31004 25496 31772 31772 31772 31772 31772 31772 31772 31772 31772 31772 31772 31772 26264 
29084 29084 29084 29084 29084 29084 29084 29084 29084 29084 29084 29084 23576 26604 26604 26604 26604 26604 26604 26604 26604 26604 26604 26604 26604 21096 
30244 30244 30244 30244 30244 30244 30244 30244 30244 30244 30244 30244 24142 29636 29636 29636 29636 29636 29636 29636 29636 29636 29636 29636 29636 23534 
29460 29460 29460 29460 29460 29460 29460 29460 29460 29460 29460 29460 23142 16680 16680 16680 16680 16680 16680 16680 16680 16680 16680 16680 16680 10362 
30164 30164 30164 30164 30164 30164 30164 30164 30164 30164 30164 30164 24926 27332 27332 27332 27332 27332 27332 27332 27332 27332 27332 27332 27332 22094 
30732 30732 30732 30732 30732 30732 30732 30732 30732 30732 30732 30732 24360 28228 28228 28228 28228 28228 28228 28228 28228 28228 28228 28228 28228 21856 
29788 29788 29788 29788 29788 29788 29788 29788 29788 29788 29788 29788 24334 26956 26956 26956 26956 26956 26956 26956 26956 26956 26956 26956 26956 21502 
30268 30268 30268 30268 30268 30268 30268 30268 30268 30268 30268 30268 24598 27436 27436 27436 27436 27436 27436 27436 27436 27436 27436 27436 27436 21766 
33692 33692 33692 33692 33692 33692 33692 33692 33692 33692 33692 33692 28292 34372 34372 34372 34372 34372 34372 34372 34372 34372 34372 34372 34372 28972 
31284 31284 31284 31284 31284 31284 31284 31284 31284 31284 31284 31284 25398 32060 32060 32060 32060 32060 32060 32060 32060 32060 32060 32060 32060 26174 
30868 30868 30868 30868 30868 30868 30868 30868 30868 30868 30868 30868 24928 28036 28036 28036 28036 28036 28036 28036 28036 28036 28036 28036 28036 22096 
13920 13920 13920 13920 13920 13920 13920 13920 13920 13920 13920 13920 7656 28604 28604 28604 28604 28604 28604 28604 28604 28604 28604 28604 28604 22340 
30044 30044 30044 30044 30044 30044 30044 30044 30044 30044 30044 30044 24104 27564 27564 27564 27564 27564 27564 27564 27564 27564 27564 27564 27564 21624 
28324 28324 28324 28324 28324 28324 28324 28324 28324 28324 28324 28324 23086 27716 27716 27716 27716 27716 27716 27716 27716 27716 27716 27716 27716 22478 
32084 32084 32084 32084 32084 32084 32084 32084 32084 32084 32084 32084 26090 32852 32852 32852 32852 32852 32852 32852 32852 32852 32852 32852 32852 26858 
32468 32468 32468 32468 32468 32468 32468 32468 32468 32468 32468 32468 26960 33092 33092 33092 33092 33092 33092 33092 33092 33092 33092 33092 33092 27584 
28620 28620 28620 28620 28620 28620 28620 28620 28620 28620 28620 28620 22680 15840 15840 15840 15840 15840 15840 15840 15840 15840 15840 15840 15840 9900 
31988 31988 31988 31988 31988 31988 31988 31988 31988 31988 31988 31988 26696 32612 32612 32612 32612 32612 32612 32612 32612 32612 32612 32612 32612 27320 
31484 31484 31484 31484 31484 31484 31484 31484 31484 31484 31484 31484 25760 32252 32252 32252 32252 32252 32252 32252 32252 32252 32252 32252 32252 26528 
17600 17600 17600 17600 17600 17600 17600 17600 17600 17600 17600 17600 11336 28692 28692 28692 28692 28692 28692 28692 28692 28692 28692 28692 28692 22428 
33708 33708 33708 33708 33708 33708 33708 33708 33708 33708 33708 33708 28308 34364 34364 34364 34364 34364 34364 34364 34364 34364 34364 34364 34364 28964 
34788 34788 34788 34788 34788 34788 34788 34788 34788 34788 34788 34788 28902 35444 35444 35444 35444 35444 35444 35444 35444 35444 35444 35444 35444 29558 
34396 34396 34396 34396 34396 34396 34396 34396 34396 34396 34396 34396 28834 35076 35076 35076 35076 35076 35076 35076 35076 35076 35076 35076 35076 29514 
32324 32324 32324 32324 32324 32324 32324 32324 32324 32324 32324 32324 26222 33092 33092 33092 33092 33092 33092 33092 33092 33092 33092 33092 33092 26990 
28740 28740 28740 28740 28740 28740 28740 28740 28740 28740 28740 28740 22746 15960 15960 15960 15960 15960 15960 15960 15960 15960 15960 15960 15960 9966 
31644 31644 31644 31644 31644 31644 31644 31644 31644 31644 31644 31644 25596 32420 32420 32420 32420 32420 32420 32420 32420 32420 32420 32420 32420 26372 
28628 28628 28628 28628 28628 28628 28628 28628 28628 28628 28628 28628 23390 26172 26172 26172 26172 26172 26172 26172 26172 26172 26172 26172 26172 20934 
32348 32348 32348 32348 32348 32348 32348 32348 32348 32348 32348 32348 26894 32972 32972 32972 32972 32972 32972 32972 32972 32972 32972 32972 32972 27518 
30620 30620 30620 30620 30620 30620 30620 30620 30620 30620 30620 30620 24680 27796 27796 27796 27796 27796 27796 27796 27796 27796 27796 27796 27796 21856 
29084 29084 29084 29084 29084 29084 29084 29084 29084 29084 29084 29084 23576 26604 26604 26604 26604 26604 26604 26604 26604 26604 26604 26604 26604 21096 
34908 34908 34908 34908 34908 34908 34908 34908 34908 34908 34908 34908 28968 35564 35564 35564 35564 35564 35564 35564 35564 35564 35564 35564 35564 29624 
29652 29652 29652 29652 29652 29652 29652 29652 29652 29652 29652 29652 23766 27148 27148 27148 27148 27148 27148 27148 27148 27148 27148 27148 27148 21262 
31524 31524 31524 31524 31524 31524 31524 31524 31524 31524 31524 31524 25530 32300 32300 32300 32300 32300 32300 32300 32300 32300 32300 32300 32300 26306 
32324 32324 32324 32324 32324 32324 32324 32324 32324 32324 32324 32324 26222 33092 33092 33092 33092 33092 33092 33092 33092 33092 33092 33092 33092 26990 
34868 34868 34868 34868 34868 34868 34868 34868 34868 34868 34868 34868 28280 35492 35492 35492 35492 35492 35492 35492 35492 35492 35492 35492 35492 28904 
28596 28596 28596 28596 28596 28596 28596 28596 28596 28596 28596 28596 22548 28940 28940 28940 28940 28940 28940 28940 28940 28940 28940 28940 28940 22892 
33260 33260 33260 33260 33260 33260 33260 33260 33260 33260 33260 33260 27428 33788 33788 33788 33788 33788 33788 33788 33788 33788 33788 33788 33788 27956 
29548 29548 29548 29548 29548 29548 29548 29548 29548 29548 29548 29548 24202 26716 26716 26716 26716 26716 26716 26716 26716 26716 26716 26716 26716 21370 
29828 29828 29828 29828 29828 29828 29828 29828 29828 29828 29828 29828 24050 27372 27372 27372 27372 27372 27372 27372 27372 27372 27372 27372 27372 21594 
29052 29052 29052 29052 29052 29052 29052 29052 29052 29052 29052 29052 23436 26548 26548 26548 26548 26548 26548 26548 26548 26548 26548 26548 26548 20932 
30404 30404 30404 30404 30404 30404 30404 30404 30404 30404 30404 30404 25058 27572 27572 27572 27572 27572 27572 27572 27572 27572 27572 27572 27572 22226 
36076 36076 36076 36076 36076 36076 36076 36076 36076 36076 36076 36076 29758 36756 36756 36756 36756 36756 36756 36756 36756 36756 36756 36756 36756 30438 
32300 32300 32300 32300 32300 32300 32300 32300 32300 32300 32300 32300 26900 32828 32828 32828 32828 32828 32828 32828 32828 32828 32828 32828 32828 27428 
29780 29780 29780 29780 29780 29780 29780 29780 29780 29780 29780 29780 23408 14160 14160 14160 14160 14160 14160 14160 14160 14160 14160 14160 14160 7788 
29300 29300 29300 29300 29300 29300 29300 29300 29300 29300 29300 29300 23144 13680 13680 13680 13680 13680 13680 13680 13680 13680 13680 13680 13680 7524 
28236 28236 28236 28236 28236 28236 28236 28236 28236 28236 28236 28236 22350 28580 28580 28580 28580 28580 28580 28580 28580 28580 28580 28580 28580 22694 
33836 33836 33836 33836 33836 33836 33836 33836 33836 33836 33836 33836 27842 31052 31052 31052 31052 31052 31052 31052 31052 31052 31052 31052 31052 25058 
29180 29180 29180 29180 29180 29180 29180 29180 29180 29180 29180 29180 23888 26356 26356 26356 26356 26356 26356 26356 26356 26356 26356 26356 26356 21064 
28100 28100 28100 28100 28100 28100 28100 28100 28100 28100 28100 28100 22484 12480 12480 12480 12480 12480 12480 12480 12480 12480 12480 12480 12480 6864 
28460 28460 28460 28460 28460 28460 28460 28460 28460 28460 28460 28460 22682 12840 12840 12840 12840 12840 12840 12840 12840 12840 12840 12840 12840 7062 
13200 13200 13200 13200 13200 13200 13200 13200 13200 13200 13200 13200 7260 27884 27884 27884 27884 27884 27884 27884 27884 27884 27884 27884 27884 21944 
30564 30564 30564 30564 30564 30564 30564 30564 30564 30564 30564 30564 25002 31340 31340 31340 31340 31340 31340 31340 31340 31340 31340 31340 31340 25778 
14040 14040 14040 14040 14040 14040 14040 14040 14040 14040 14040 14040 7722 28724 28724 28724 28724 28724 28724 28724 28724 28724 28724 28724 28724 22406 
30044 30044 30044 30044 30044 30044 30044 30044 30044 30044 30044 30044 24860 27212 27212 27212 27212 27212 27212 27212 27212 27212 27212 27212 27212 22028 
30284 30284 30284 30284 30284 30284 30284 30284 30284 30284 30284 30284 25100 31052 31052 31052 31052 31052 31052 31052 31052 31052 31052 31052 31052 25868 
33380 33380 33380 33380 33380 33380 33380 33380 33380 33380 33380 33380 27494 33908 33908 33908 33908 33908 33908 33908 33908 33908 33908 33908 33908 28022 
30364 30364 30364 30364 30364 30364 30364 30364 30364 30364 30364 30364 24208 29756 29756 29756 29756 29756 29756 29756 29756 29756 29756 29756 29756 23600 
30524 30524 30524 30524 30524 30524 30524 30524 30524 30524 30524 30524 25124 27692 27692 27692 27692 27692 27692 27692 27692 27692 27692 27692 27692 22292 
30260 30260 30260 30260 30260 30260 30260 30260 30260 30260 30260 30260 24482 27436 27436 27436 27436 27436 27436 27436 27436 27436 27436 27436 27436 21658 
27844 27844 27844 27844 27844 27844 27844 27844 27844 27844 27844 27844 22822 27236 27236 27236 27236 27236 27236 27236 27236 27236 27236 27236 27236 22214 
30508 30508 30508 30508 30508 30508 30508 30508 30508 30508 30508 30508 24730 27676 27676 27676 27676 27676 27676 27676 27676 27676 27676 27676 27676 21898 
30764 30764 30764 30764 30764 30764 30764 30764 30764 30764 30764 30764 25256 27932 27932 27932 27932 27932 27932 27932 27932 27932 27932 27932 27932 22424 
17720 17720 17720 17720 17720 17720 17720 17720 17720 17720 17720 17720 11402 28812 28812 28812 28812 28812 28812 28812 28812 28812 28812 28812 28812 22494 
28940 28940 28940 28940 28940 28940 28940 28940 28940 28940 28940 28940 22946 13320 13320 13320 13320 13320 13320 13320 13320 13320 13320 13320 13320 7326 
31324 31324 31324 31324 31324 31324 31324 31324 31324 31324 31324 31324 24736 30716 30716 30716 30716 30716 30716 30716 30716 30716 30716 30716 30716 24128 
33572 33572 33572 33572 33572 33572 33572 33572 33572 33572 33572 33572 28226 34252 34252 34252 34252 34252 34252 34252 34252 34252 34252 34252 34252 28906 
32084 32084 32084 32084 32084 32084 32084 32084 32084 32084 32084 32084 25982 29252 29252 29252 29252 29252 29252 29252 29252 29252 29252 29252 29252 23150 
32004 32004 32004 32004 32004 32004 32004 32004 32004 32004 32004 32004 25794 32780 32780 32780 32780 32780 32780 32780 32780 32780 32780 32780 32780 26570 
30132 30132 30132 30132 30132 30132 30132 30132 30132 30132 30132 30132 24030 27628 27628 27628 27628 27628 27628 27628 27628 27628 27628 27628 27628 21526 
29884 29884 29884 29884 29884 29884 29884 29884 29884 29884 29884 29884 23944 29276 29276 29276 29276 29276 29276 29276 29276 29276 29276 29276 29276 23336 
33452 33452 33452 33452 33452 33452 33452 33452 33452 33452 33452 33452 28160 34132 34132 34132 34132 34132 34132 34132 34132 34132 34132 34132 34132 28840 
28484 28484 28484 28484 28484 28484 28484 28484 28484 28484 28484 28484 23246 26004 26004 26004 26004 26004 26004 26004 26004 26004 26004 26004 26004 20766 
31244 31244 31244 31244 31244 31244 31244 31244 31244 31244 31244 31244 25628 32012 32012 32012 32012 32012 32012 32012 32012 32012 32012 32012 32012 26396 
30124 30124 30124 30124 30124 30124 30124 30124 30124 30124 30124 30124 24076 29516 29516 29516 29516 29516 29516 29516 29516 29516 29516 29516 29516 23468 
32084 32084 32084 32084 32084 32084 32084 32084 32084 32084 32084 32084 26090 32852 32852 32852 32852 32852 32852 32852 32852 32852 32852 32852 32852 26858 
27980 27980 27980 27980 27980 27980 27980 27980 27980 27980 27980 27980 22418 12360 12360 12360 12360 12360 12360 12360 12360 12360 12360 12360 12360 6798 
33020 33020 33020 33020 33020 33020 33020 33020 33020 33020 33020 33020 27296 33548 33548 33548 33548 33548 33548 33548 33548 33548 33548 33548 33548 27824 
33068 33068 33068 33068 33068 33068 33068 33068 33068 33068 33068 33068 27290 33692 33692 33692 33692 33692 33692 33692 33692 33692 33692 33692 33692 27914 
29436 29436 29436 29436 29436 29436 29436 29436 29436 29436 29436 29436 23010 29780 29780 29780 29780 29780 29780 29780 29780 29780 29780 29780 29780 23354 
30980 30980 30980 30980 30980 30980 30980 30980 30980 30980 30980 30980 24878 28156 28156 28156 28156 28156 28156 28156 28156 28156 28156 28156 28156 22054 
32180 32180 32180 32180 32180 32180 32180 32180 32180 32180 32180 32180 26834 32708 32708 32708 32708 32708 32708 32708 32708 32708 32708 32708 32708 27362 
31028 31028 31028 31028 31028 31028 31028 31028 31028 31028 31028 31028 24710 28572 28572 28572 28572 28572 28572 28572 28572 28572 28572 28572 28572 22254 
33692 33692 33692 33692 33692 33692 33692 33692 33692 33692 33692 33692 28292 34372 34372 34372 34372 34372 34372 34372 34372 34372 34372 34372 34372 28972 
17240 17240 17240 17240 17240 17240 17240 17240 17240 17240 17240 17240 11138 28332 28332 28332 28332 28332 28332 28332 28332 28332 28332 28332 28332 22230 
29900 29900 29900 29900 29900 29900 29900 29900 29900 29900 29900 29900 24284 27076 27076 27076 27076 27076 27076 27076 27076 27076 27076 27076 27076 21460 
30748 30748 30748 30748 30748 30748 30748 30748 30748 30748 30748 30748 24862 27916 27916 27916 27916 27916 27916 27916 27916 27916 27916 27916 27916 22030 
28340 28340 28340 28340 28340 28340 28340 28340 28340 28340 28340 28340 22616 12720 12720 12720 12720 12720 12720 12720 12720 12720 12720 12720 12720 6996 
30372 30372 30372 30372 30372 30372 30372 30372 30372 30372 30372 30372 24162 27868 27868 27868 27868 27868 27868 27868 27868 27868 27868 27868 27868 21658 
30308 30308 30308 30308 30308 30308 30308 30308 30308 30308 30308 30308 24314 27852 27852 27852 27852 27852 27852 27852 27852 27852 27852 27852 27852 21858 
27036 27036 27036 27036 27036 27036 27036 27036 27036 27036 27036 27036 21690 27380 27380 27380 27380 27380 27380 27380 27380 27380 27380 27380 27380 22034 
29284 29284 29284 29284 29284 29284 29284 29284 29284 29284 29284 29284 23614 28676 28676 28676 28676 28676 28676 28676 28676 28676 28676 28676 28676 23006 
30644 30644 30644 30644 30644 30644 30644 30644 30644 30644 30644 30644 25298 31412 31412 31412 31412 31412 31412 31412 31412 31412 31412 31412 31412 26066 
30668 30668 30668 30668 30668 30668 30668 30668 30668 30668 30668 30668 24512 28212 28212 28212 28212 28212 28212 28212 28212 28212 28212 28212 28212 22056 
34668 34668 34668 34668 34668 34668 34668 34668 34668 34668 34668 34668 28836 35324 35324 35324 35324 35324 35324 35324 35324 35324 35324 35324 35324 29492 
29348 29348 29348 29348 29348 29348 29348 29348 29348 29348 29348 29348 23786 26892 26892 26892 26892 26892 26892 26892 26892 26892 26892 26892 26892 21330 
28700 28700 28700 28700 28700 28700 28700 28700 28700 28700 28700 28700 22814 13080 13080 13080 13080 13080 13080 13080 13080 13080 13080 13080 13080 7194 
30164 30164 30164 30164 30164 30164 30164 30164 30164 30164 30164 30164 24170 27684 27684 27684 27684 27684 27684 27684 27684 27684 27684 27684 27684 21690 
27660 27660 27660 27660 27660 27660 27660 27660 27660 27660 27660 27660 22152 14880 14880 14880 14880 14880 14880 14880 14880 14880 14880 14880 14880 9372 
17360 17360 17360 17360 17360 17360 17360 17360 17360 17360 17360 17360 11204 28452 28452 28452 28452 28452 28452 28452 28452 28452 28452 28452 28452 22296 
32484 32484 32484 32484 32484 32484 32484 32484 32484 32484 32484 32484 26058 33260 33260 33260 33260 33260 33260 33260 33260 33260 33260 33260 33260 26834 
27900 27900 27900 27900 27900 27900 27900 27900 27900 27900 27900 27900 22284 15120 15120 15120 15120 15120 15120 15120 15120 15120 15120 15120 15120 9504 
13440 13440 13440 13440 13440 13440 13440 13440 13440 13440 13440 13440 7392 28124 28124 28124 28124 28124 28124 28124 28124 28124 28124 28124 28124 22076 
29228 29228 29228 29228 29228 29228 29228 29228 29228 29228 29228 29228 23720 26772 26772 26772 26772 26772 26772 26772 26772 26772 26772 26772 26772 21264 
28148 28148 28148 28148 28148 28148 28148 28148 28148 28148 28148 28148 23126 25692 25692 25692 25692 25692 25692 25692 25692 25692 25692 25692 25692 20670 
15320 15320 15320 15320 15320 15320 15320 15320 15320 15320 15320 15320 10082 26412 26412 26412 26412 26412 26412 26412 26412 26412 26412 26412 26412 21174 
33468 33468 33468 33468 33468 33468 33468 33468 33468 33468 33468 33468 28176 34124 34124 34124 34124 34124 34124 34124 34124 34124 34124 34124 34124 28832 
28364 28364 28364 28364 28364 28364 28364 28364 28364 28364 28364 28364 23180 25884 25884 25884 25884 25884 25884 25884 25884 25884 25884 25884 25884 20700 
28684 28684 28684 28684 28684 28684 28684 28684 28684 28684 28684 28684 23284 28076 28076 28076 28076 28076 28076 28076 28076 28076 28076 28076 28076 22676 
33716 33716 33716 33716 33716 33716 33716 33716 33716 33716 33716 33716 27776 30932 30932 30932 30932 30932 30932 30932 30932 30932 30932 30932 30932 24992 
34428 34428 34428 34428 34428 34428 34428 34428 34428 34428 34428 34428 28704 35084 35084 35084 35084 35084 35084 35084 35084 35084 35084 35084 35084 29360 
30252 30252 30252 30252 30252 30252 30252 30252 30252 30252 30252 30252 24096 27748 27748 27748 27748 27748 27748 27748 27748 27748 27748 27748 27748 21592 
29964 29964 29964 29964 29964 29964 29964 29964 29964 29964 29964 29964 24672 30740 30740 30740 30740 30740 30740 30740 30740 30740 30740 30740 30740 25448 
27060 27060 27060 27060 27060 27060 27060 27060 27060 27060 27060 27060 21822 14280 14280 14280 14280 14280 14280 14280 14280 14280 14280 14280 14280 9042 
30644 30644 30644 30644 30644 30644 30644 30644 30644 30644 30644 30644 25298 31412 31412 31412 31412 31412 31412 31412 31412 31412 31412 31412 31412 26066 
31124 31124 31124 31124 31124 31124 31124 31124 31124 31124 31124 31124 25454 28292 28292 28292 28292 28292 28292 28292 28292 28292 28292 28292 28292 22622 
33548 33548 33548 33548 33548 33548 33548 33548 33548 33548 33548 33548 27554 34172 34172 34172 34172 34172 34172 34172 34172 34172 34172 34172 34172 28178 
29652 29652 29652 29652 29652 29652 29652 29652 29652 29652 29652 29652 23766 27148 27148 27148 27148 27148 27148 27148 27148 27148 27148 27148 27148 21262 
30428 30428 30428 30428 30428 30428 30428 30428 30428 30428 30428 30428 24380 27972 27972 27972 27972 27972 27972 27972 27972 27972 27972 27972 27972 21924 
35508 35508 35508 35508 35508 35508 35508 35508 35508 35508 35508 35508 29298 36164 36164 36164 36164 36164 36164 36164 36164 36164 36164 36164 36164 29954 
32084 32084 32084 32084 32084 32084 32084 32084 32084 32084 32084 32084 25982 29252 29252 29252 29252 29252 29252 29252 29252 29252 29252 29252 29252 23150 
29660 29660 29660 29660 29660 29660 29660 29660 29660 29660 29660 29660 24152 26836 26836 26836 26836 26836 26836 26836 26836 26836 26836 26836 26836 21328 
]

ExternalWorkerWithSkillOnStintCost: [
33624 37368 42552 38160 39672 31608 33264 34560 41832 30672 30096 40896 35064 37368 34776 29592 30672 31176 32472 32472 29808 34920 30600 34056 35496 42624 
29664 40320 29304 40176 34776 31896 39240 33408 31248 33192 32688 41544 42264 37512 39960 36720 38880 42984 39888 31896 40104 40464 33624 40536 29736 31464 
34848 39240 40032 34848 29160 33768 31752 33840 40464 33624 41040 41544 41256 29232 35280 34776 31680 29808 38304 36288 32832 40536 39816 33480 30024 30096 
36792 35712 34704 42624 33840 29952 32040 37656 30960 30168 28944 33336 32832 32760 38448 36216 40752 34344 32112 41112 37728 39672 41976 38232 36576 30456 
40176 34128 43128 42768 40104 36648 38160 37872 34704 37872 37440 32760 41760 39384 41472 31320 33912 34776 33408 39960 35712 37584 35712 29592 36360 38880 
32976 39168 33552 41112 39744 33408 39024 41400 34200 36576 40824 32400 41328 29520 35208 37296 42768 39816 33048 34920 37656 32544 40968 40680 29232 37512 
]

OverlappingStints: [
[ 2 14 15 ]
[ 3 14 15 16 ]
[ 4 15 16 17 ]
[ 5 16 17 18 ]
[ 6 17 18 19 ]
[ 7 18 19 20 ]
[ 8 19 20 21 ]
[ 9 20 21 22 ]
[ 10 21 22 23 ]
[ 11 22 23 24 ]
[ 12 23 24 25 ]
[ 13 24 25 26 ]
[ 25 26 ]
[ 15 ]
[ 16 ]
[ 17 ]
[ 18 ]
[ 19 ]
[ 20 ]
[ 21 ]
[ 22 ]
[ 23 ]
[ 24 ]
[ 25 ]
[ 26 ]
[ ]
]

EmployeesWithSkill: [
[ 1 2 3 4 5 6 7 8 9 10 11 12 13 14 15 16 17 18 19 20 21 22 23 24 25 26 27 28 29 30 31 32 33 34 35 36 37 38 39 40 41 42 43 44 45 46 47 48 49 50 51 52 53 54 55 56 57 58 59 60 61 62 63 64 65 66 67 68 69 70 71 72 73 74 75 76 77 78 79 80 81 82 83 84 85 86 87 88 89 90 91 92 93 94 95 96 97 98 99 100 101 102 103 104 105 106 107 108 109 110 111 112 113 114 115 116 117 118 119 120 121 122 123 124 125 126 127 128 129 130 131 132 133 134 135 136 137 138 139 140 141 142 143 144 145 146 147 148 149 150 ]
[ 13 29 33 44 45 49 63 64 72 82 98 119 122 123 ]
[ 44 ]
[ 5 9 16 22 28 33 48 65 71 85 94 109 122 127 134 140 146 ]
[ 3 5 8 10 12 13 19 20 21 24 32 33 35 38 41 44 49 55 59 60 61 64 70 73 77 78 81 82 90 91 92 94 95 97 105 107 108 109 111 112 113 114 117 122 124 125 129 138 143 144 145 148 150 ]
[ 1 3 4 6 8 9 11 12 14 21 22 23 24 26 28 30 35 37 38 39 41 45 46 49 50 51 52 54 55 56 58 59 60 61 62 63 64 65 66 67 68 69 71 72 73 74 76 79 81 83 84 85 86 91 92 94 95 98 99 100 101 102 103 104 105 107 108 111 112 117 119 120 121 122 125 127 128 129 132 135 136 142 144 145 147 149 ]
]

SkillDemandInActivityWithMode: [
0	0	0	
33	51	22	
6	10	4	
25	39	17	
17	27	12	
13	21	9	
27	42	18	
17	27	12	
20	31	14	
33	51	22	
33	51	22	
33	51	22	
19	30	13	
14	22	10	
19	30	13	
30	46	20	
27	42	18	
7	12	5	
16	25	11	
8	13	6	
30	46	20	
20	31	14	
25	39	17	
14	22	10	
6	10	4	
27	42	18	
27	42	18	
25	39	17	
9	15	6	
23	36	16	
33	51	22	
27	42	18	
25	39	17	
14	22	10	
0	0	0	
5	9	4	
14	22	10	
11	18	8	
8	13	6	
14	22	10	
11	18	8	
5	9	4	
11	18	8	
14	22	10	
9	15	6	
12	19	8	
9	15	6	
11	18	8	
7	12	5	
7	12	5	
14	22	10	
11	18	8	
3	6	2	
5	9	4	
8	13	6	
12	19	8	
7	12	5	
8	13	6	
12	19	8	
7	12	5	
10	16	7	
6	10	4	

0	0	0	
3	6	2	
0	1	0	
2	4	2	
1	3	1	
1	3	1	
2	4	2	
1	3	1	
1	3	1	
3	6	2	
3	6	2	
3	6	2	
1	3	1	
1	3	1	
1	3	1	
2	4	2	
2	4	2	
0	1	0	
1	3	1	
0	1	0	
2	4	2	
1	3	1	
2	4	2	
1	3	1	
0	1	0	
2	4	2	
2	4	2	
2	4	2	
0	1	0	
2	4	2	
3	6	2	
2	4	2	
2	4	2	
1	3	1	
0	0	0	
0	1	0	
1	3	1	
0	1	0	
0	1	0	
1	3	1	
0	1	0	
0	1	0	
0	1	0	
1	3	1	
0	1	0	
0	1	0	
0	1	0	
0	1	0	
0	1	0	
0	1	0	
0	1	0	
0	1	0	
0	1	0	
0	1	0	
0	1	0	
0	1	0	
0	1	0	
0	1	0	
0	1	0	
0	1	0	
0	1	0	
0	1	0	

0	0	0	
0	1	0	
0	1	0	
0	1	0	
0	1	0	
0	1	0	
0	1	0	
0	1	0	
0	1	0	
0	1	0	
0	1	0	
0	1	0	
0	1	0	
0	1	0	
0	1	0	
0	1	0	
0	1	0	
0	1	0	
0	1	0	
0	1	0	
0	1	0	
0	1	0	
0	1	0	
0	1	0	
0	1	0	
0	1	0	
0	1	0	
0	1	0	
0	1	0	
0	1	0	
0	1	0	
0	1	0	
0	1	0	
0	1	0	
0	0	0	
0	1	0	
0	1	0	
0	1	0	
0	1	0	
0	1	0	
0	1	0	
0	1	0	
0	1	0	
0	1	0	
0	1	0	
0	1	0	
0	1	0	
0	1	0	
0	1	0	
0	1	0	
0	1	0	
0	1	0	
0	1	0	
0	1	0	
0	1	0	
0	1	0	
0	1	0	
0	1	0	
0	1	0	
0	1	0	
0	1	0	
0	1	0	

0	0	0	
4	7	3	
0	1	0	
3	6	2	
2	4	2	
1	3	1	
3	6	2	
2	4	2	
2	4	2	
4	7	3	
4	7	3	
4	7	3	
2	4	2	
1	3	1	
2	4	2	
3	6	2	
3	6	2	
0	1	0	
2	4	2	
1	3	1	
3	6	2	
2	4	2	
3	6	2	
1	3	1	
0	1	0	
3	6	2	
3	6	2	
3	6	2	
1	3	1	
2	4	2	
4	7	3	
3	6	2	
3	6	2	
1	3	1	
0	0	0	
0	1	0	
0	1	0	
0	1	0	
0	1	0	
0	1	0	
0	1	0	
0	1	0	
0	1	0	
0	1	0	
0	1	0	
0	1	0	
0	1	0	
0	1	0	
0	1	0	
0	1	0	
0	1	0	
0	1	0	
0	1	0	
0	1	0	
0	1	0	
0	1	0	
0	1	0	
0	1	0	
0	1	0	
0	1	0	
0	1	0	
0	1	0	

0	0	0	
12	19	8	
2	4	2	
9	15	6	
6	10	4	
4	7	3	
10	16	7	
6	10	4	
7	12	5	
12	19	8	
12	19	8	
12	19	8	
7	12	5	
5	9	4	
7	12	5	
11	18	8	
10	16	7	
2	4	2	
5	9	4	
3	6	2	
11	18	8	
7	12	5	
9	15	6	
5	9	4	
2	4	2	
10	16	7	
10	16	7	
9	15	6	
3	6	2	
8	13	6	
12	19	8	
10	16	7	
9	15	6	
5	9	4	
0	0	0	
1	3	1	
3	6	2	
2	4	2	
1	3	1	
3	6	2	
2	4	2	
1	3	1	
2	4	2	
3	6	2	
2	4	2	
2	4	2	
2	4	2	
2	4	2	
1	3	1	
1	3	1	
3	6	2	
2	4	2	
0	1	0	
1	3	1	
1	3	1	
2	4	2	
1	3	1	
1	3	1	
2	4	2	
1	3	1	
2	4	2	
1	3	1	

0	0	0	
2	4	2	
0	1	0	
1	3	1	
1	3	1	
0	1	0	
1	3	1	
1	3	1	
1	3	1	
2	4	2	
2	4	2	
2	4	2	
1	3	1	
0	1	0	
1	3	1	
2	4	2	
1	3	1	
0	1	0	
1	3	1	
0	1	0	
2	4	2	
1	3	1	
1	3	1	
0	1	0	
0	1	0	
1	3	1	
1	3	1	
1	3	1	
0	1	0	
1	3	1	
2	4	2	
1	3	1	
1	3	1	
0	1	0	
0	0	0	
11	18	8	
33	51	22	
26	40	18	
19	30	13	
33	51	22	
26	40	18	
12	19	8	
26	40	18	
33	51	22	
21	33	14	
29	45	20	
21	33	14	
25	39	17	
15	24	10	
15	24	10	
33	51	22	
25	39	17	
6	10	4	
11	18	8	
19	30	13	
29	45	20	
16	25	11	
17	27	12	
29	45	20	
15	24	10	
23	36	16	
14	22	10	

]

EmployeeAvailability: [
1 1 1 1 1 1 1 1 1 1 0 0 1 1 1 1 1 1 1 1 1 1 1 0 0 1 
1 1 1 1 1 1 1 1 0 1 1 1 1 1 1 1 1 1 1 1 1 0 1 1 1 1 
1 1 1 1 1 1 1 1 1 1 1 1 1 1 1 1 1 1 1 1 1 1 1 1 1 1 
1 1 1 1 1 1 1 1 0 1 0 0 1 1 1 1 1 1 1 1 1 0 1 0 0 1 
1 1 1 1 1 1 1 1 0 1 1 0 1 1 1 1 1 1 1 1 1 0 1 1 0 1 
1 1 1 1 1 1 1 1 1 1 1 1 1 1 1 1 1 1 1 1 1 1 1 1 1 1 
1 1 1 1 1 1 1 1 1 1 1 1 0 1 1 1 1 1 1 1 1 1 1 1 1 0 
1 1 1 1 1 1 0 1 1 1 1 1 1 1 1 1 1 1 1 0 1 1 1 1 1 1 
1 1 1 1 1 1 1 1 1 1 1 1 1 1 1 1 1 1 1 1 1 1 1 1 1 1 
1 1 1 1 1 1 1 0 1 1 1 1 0 1 1 1 1 1 1 1 0 1 1 1 1 0 
1 0 1 1 1 1 1 1 1 0 1 1 1 1 0 1 1 1 1 1 1 1 0 1 1 1 
1 1 1 1 1 1 1 1 0 1 1 1 1 1 1 1 1 1 1 1 1 0 1 1 1 1 
1 1 1 1 1 1 1 1 1 1 1 1 1 1 1 1 1 1 1 1 1 1 1 1 1 1 
1 1 1 1 1 0 1 1 0 0 1 1 1 1 1 1 1 1 0 1 1 0 0 1 1 1 
1 1 1 1 1 1 1 1 1 1 1 1 1 1 1 1 1 1 1 1 1 1 1 1 1 1 
1 1 1 1 1 1 1 1 1 1 1 1 1 1 1 1 1 1 1 1 1 1 1 1 1 1 
1 1 1 1 1 1 1 1 1 1 1 1 1 1 1 1 1 1 1 1 1 1 1 1 1 1 
0 1 1 1 1 0 1 1 1 1 0 1 1 0 1 1 1 1 0 1 1 1 1 0 1 1 
1 1 1 1 1 1 1 1 1 1 1 1 1 1 1 1 1 1 1 1 1 1 1 1 1 1 
1 1 1 1 1 1 1 1 1 1 1 0 1 1 1 1 1 1 1 1 1 1 1 1 0 1 
1 1 1 1 1 0 1 1 1 1 1 0 1 1 1 1 1 1 0 1 1 1 1 1 0 1 
1 1 1 1 1 0 1 1 1 1 1 1 1 1 1 1 1 1 0 1 1 1 1 1 1 1 
1 1 1 0 1 1 1 0 1 1 0 1 1 1 1 1 0 1 1 1 0 1 1 0 1 1 
1 1 1 1 1 1 0 1 1 1 1 1 0 1 1 1 1 1 1 0 1 1 1 1 1 0 
1 0 1 1 1 1 1 1 1 1 1 1 1 1 0 1 1 1 1 1 1 1 1 1 1 1 
1 1 1 1 1 1 1 1 1 1 1 1 1 1 1 1 1 1 1 1 1 1 1 1 1 1 
1 0 1 1 1 1 1 1 1 1 1 1 0 1 0 1 1 1 1 1 1 1 1 1 1 0 
1 1 1 1 1 1 1 1 1 1 1 1 1 1 1 1 1 1 1 1 1 1 1 1 1 1 
1 1 1 0 0 1 1 1 1 1 1 1 1 1 1 1 0 0 1 1 1 1 1 1 1 1 
0 1 1 1 1 1 1 1 1 0 1 1 1 0 1 1 1 1 1 1 1 1 0 1 1 1 
1 1 1 1 1 0 1 1 1 1 1 1 1 1 1 1 1 1 0 1 1 1 1 1 1 1 
1 1 1 1 1 1 0 1 1 1 1 1 1 1 1 1 1 1 1 0 1 1 1 1 1 1 
1 0 1 1 1 0 1 1 1 0 1 1 1 1 0 1 1 1 0 1 1 1 0 1 1 1 
1 1 1 0 1 1 1 1 1 1 1 0 1 1 1 1 0 1 1 1 1 1 1 1 0 1 
1 1 1 1 1 0 1 1 1 1 1 1 1 1 1 1 1 1 0 1 1 1 1 1 1 1 
1 1 1 1 1 1 1 1 1 1 1 1 1 1 1 1 1 1 1 1 1 1 1 1 1 1 
1 1 1 1 1 1 0 1 1 1 1 1 1 1 1 1 1 1 1 0 1 1 1 1 1 1 
1 1 1 1 1 1 1 1 1 0 1 1 1 1 1 1 1 1 1 1 1 1 0 1 1 1 
1 1 0 1 1 1 1 1 1 1 0 0 1 1 1 0 1 1 1 1 1 1 1 0 0 1 
1 1 1 1 1 1 1 1 1 1 1 1 1 1 1 1 1 1 1 1 1 1 1 1 1 1 
1 1 1 1 1 1 1 0 1 1 1 0 1 1 1 1 1 1 1 1 0 1 1 1 0 1 
1 1 1 1 1 1 1 1 1 1 1 1 1 1 1 1 1 1 1 1 1 1 1 1 1 1 
0 1 1 0 1 1 1 1 0 1 1 1 1 0 1 1 0 1 1 1 1 0 1 1 1 1 
1 1 1 1 1 1 1 1 1 0 1 1 1 1 1 1 1 1 1 1 1 1 0 1 1 1 
1 1 1 0 1 1 0 1 1 1 1 1 1 1 1 1 0 1 1 0 1 1 1 1 1 1 
0 1 1 1 1 1 1 0 1 1 1 1 1 0 1 1 1 1 1 1 0 1 1 1 1 1 
1 1 1 1 1 1 1 0 1 1 0 1 1 1 1 1 1 1 1 1 0 1 1 0 1 1 
1 1 1 1 1 1 1 1 1 1 1 1 1 1 1 1 1 1 1 1 1 1 1 1 1 1 
1 1 1 1 1 0 1 1 1 1 1 1 1 1 1 1 1 1 0 1 1 1 1 1 1 1 
1 1 1 1 1 0 1 1 1 0 1 1 1 1 1 1 1 1 0 1 1 1 0 1 1 1 
1 1 1 1 1 1 1 1 1 1 1 1 1 1 1 1 1 1 1 1 1 1 1 1 1 1 
1 1 1 1 1 1 1 1 1 1 1 1 0 1 1 1 1 1 1 1 1 1 1 1 1 0 
0 1 1 1 1 1 0 1 1 1 0 1 1 0 1 1 1 1 1 0 1 1 1 0 1 1 
0 1 1 1 1 1 1 1 1 1 1 1 1 0 1 1 1 1 1 1 1 1 1 1 1 1 
1 1 0 1 1 1 1 1 1 1 0 1 1 1 1 0 1 1 1 1 1 1 1 0 1 1 
1 1 1 1 0 1 0 1 1 1 1 1 1 1 1 1 1 0 1 0 1 1 1 1 1 1 
1 1 1 1 1 1 0 1 1 1 1 1 1 1 1 1 1 1 1 0 1 1 1 1 1 1 
1 1 1 1 1 1 1 1 1 1 1 1 1 1 1 1 1 1 1 1 1 1 1 1 1 1 
1 1 0 1 1 1 1 0 1 1 1 1 1 1 1 0 1 1 1 1 0 1 1 1 1 1 
0 1 1 1 1 1 1 1 1 1 1 1 1 0 1 1 1 1 1 1 1 1 1 1 1 1 
1 1 0 1 1 1 1 0 1 1 1 1 1 1 1 0 1 1 1 1 0 1 1 1 1 1 
1 1 1 1 1 1 1 1 1 1 1 1 1 1 1 1 1 1 1 1 1 1 1 1 1 1 
1 1 1 1 1 1 1 1 1 1 0 1 1 1 1 1 1 1 1 1 1 1 1 0 1 1 
1 1 0 1 1 0 1 1 1 1 1 1 0 1 1 0 1 1 0 1 1 1 1 1 1 0 
1 1 1 1 1 1 0 1 1 1 1 1 1 1 1 1 1 1 1 0 1 1 1 1 1 1 
1 0 1 1 1 1 1 0 1 1 1 1 0 1 0 1 1 1 1 1 0 1 1 1 1 0 
1 1 1 1 0 1 1 1 1 1 1 1 1 1 1 1 1 0 1 1 1 1 1 1 1 1 
1 0 1 1 1 1 1 1 1 1 1 1 0 1 0 1 1 1 1 1 1 1 1 1 1 0 
1 1 1 1 1 1 1 1 0 1 1 1 1 1 1 1 1 1 1 1 1 0 1 1 1 1 
1 1 1 1 1 1 0 1 1 1 1 1 1 1 1 1 1 1 1 0 1 1 1 1 1 1 
1 1 1 1 1 1 0 1 1 1 1 0 1 1 1 1 1 1 1 0 1 1 1 1 0 1 
0 1 1 1 1 1 1 1 1 0 1 1 1 0 1 1 1 1 1 1 1 1 0 1 1 1 
1 1 1 1 1 1 1 1 1 1 1 1 1 1 1 1 1 1 1 1 1 1 1 1 1 1 
1 0 1 1 1 0 1 1 1 1 1 1 1 1 0 1 1 1 0 1 1 1 1 1 1 1 
1 1 1 1 1 1 1 1 1 1 1 1 1 1 1 1 1 1 1 1 1 1 1 1 1 1 
1 1 1 1 1 1 1 1 1 1 0 1 1 1 1 1 1 1 1 1 1 1 1 0 1 1 
1 1 1 1 0 1 1 1 1 1 1 0 1 1 1 1 1 0 1 1 1 1 1 1 0 1 
1 0 1 1 1 1 1 1 1 0 1 0 1 1 0 1 1 1 1 1 1 1 0 1 0 1 
1 1 1 1 0 0 1 1 1 1 1 1 1 1 1 1 1 0 0 1 1 1 1 1 1 1 
1 1 1 1 1 1 0 1 1 1 1 1 0 1 1 1 1 1 1 0 1 1 1 1 1 0 
1 0 0 1 1 1 1 1 1 1 1 1 1 1 0 0 1 1 1 1 1 1 1 1 1 1 
1 1 1 1 1 1 1 1 1 1 1 1 1 1 1 1 1 1 1 1 1 1 1 1 1 1 
1 1 1 1 1 1 1 1 0 1 1 1 1 1 1 1 1 1 1 1 1 0 1 1 1 1 
1 1 0 1 1 1 1 1 1 1 1 1 1 1 1 0 1 1 1 1 1 1 1 1 1 1 
1 1 1 1 1 1 1 1 1 1 1 0 1 1 1 1 1 1 1 1 1 1 1 1 0 1 
1 1 1 1 1 1 1 1 1 1 1 1 1 1 1 1 1 1 1 1 1 1 1 1 1 1 
0 0 1 1 1 1 1 1 1 1 1 1 1 0 0 1 1 1 1 1 1 1 1 1 1 1 
1 1 1 1 1 1 1 1 1 0 1 1 1 1 1 1 1 1 1 1 1 1 0 1 1 1 
1 1 1 1 1 1 0 1 1 1 0 1 1 1 1 1 1 1 1 0 1 1 1 0 1 1 
1 1 1 1 1 1 0 1 1 1 1 1 1 1 1 1 1 1 1 0 1 1 1 1 1 1 
1 1 1 1 1 1 1 1 1 0 1 1 1 1 1 1 1 1 1 1 1 1 0 1 1 1 
1 1 0 1 1 1 0 1 1 1 1 1 0 1 1 0 1 1 1 0 1 1 1 1 1 0 
1 1 1 1 0 1 0 1 1 1 1 1 1 1 1 1 1 0 1 0 1 1 1 1 1 1 
1 1 1 1 1 1 1 1 1 1 1 1 1 1 1 1 1 1 1 1 1 1 1 1 1 1 
1 1 1 0 1 1 1 1 1 1 0 1 1 1 1 1 0 1 1 1 1 1 1 0 1 1 
1 1 0 1 1 1 1 1 1 1 1 1 1 1 1 0 1 1 1 1 1 1 1 1 1 1 
1 1 1 1 1 1 1 1 1 1 1 1 1 1 1 1 1 1 1 1 1 1 1 1 1 1 
1 0 1 1 1 1 1 1 1 1 1 1 1 1 0 1 1 1 1 1 1 1 1 1 1 1 
1 1 1 1 1 0 1 1 1 0 1 1 0 1 1 1 1 1 0 1 1 1 0 1 1 0 
0 1 1 1 1 1 1 1 1 1 1 1 0 0 1 1 1 1 1 1 1 1 1 1 1 0 
1 1 1 1 1 1 1 1 1 1 0 1 1 1 1 1 1 1 1 1 1 1 1 0 1 1 
1 1 1 1 1 1 1 1 1 1 1 1 1 1 1 1 1 1 1 1 1 1 1 1 1 1 
1 0 1 1 1 0 1 1 1 1 1 1 1 1 0 1 1 1 0 1 1 1 1 1 1 1 
1 1 1 1 1 1 0 1 1 1 0 0 1 1 1 1 1 1 1 0 1 1 1 0 0 1 
1 1 0 1 1 1 1 1 1 1 1 1 1 1 1 0 1 1 1 1 1 1 1 1 1 1 
1 1 0 1 1 1 1 1 1 1 1 1 1 1 1 0 1 1 1 1 1 1 1 1 1 1 
0 1 1 1 1 1 1 1 1 1 1 1 1 0 1 1 1 1 1 1 1 1 1 1 1 1 
1 1 1 1 0 1 0 1 1 1 1 1 1 1 1 1 1 0 1 0 1 1 1 1 1 1 
1 1 1 1 1 1 0 1 1 1 1 1 1 1 1 1 1 1 1 0 1 1 1 1 1 1 
1 0 0 1 1 1 1 0 1 1 1 1 1 1 0 0 1 1 1 1 0 1 1 1 1 1 
1 1 1 1 1 1 1 1 1 0 1 1 1 1 1 1 1 1 1 1 1 1 0 1 1 1 
1 1 1 1 1 0 1 1 1 1 0 1 0 1 1 1 1 1 0 1 1 1 1 0 1 0 
1 1 1 1 1 1 1 1 1 1 1 1 1 1 1 1 1 1 1 1 1 1 1 1 1 1 
1 1 0 1 0 1 1 1 1 1 1 1 1 1 1 0 1 0 1 1 1 1 1 1 1 1 
1 1 1 1 1 1 1 1 1 1 1 0 1 1 1 1 1 1 1 1 1 1 1 1 0 1 
1 1 1 1 1 1 1 1 1 1 1 1 1 1 1 1 1 1 1 1 1 1 1 1 1 1 
0 1 1 1 1 1 1 1 1 1 1 1 1 0 1 1 1 1 1 1 1 1 1 1 1 1 
1 1 1 1 1 0 1 1 1 1 1 0 1 1 1 1 1 1 0 1 1 1 1 1 0 1 
0 1 1 1 0 1 1 1 1 1 1 1 1 0 1 1 1 0 1 1 1 1 1 1 1 1 
1 1 1 0 1 1 1 1 1 1 1 1 1 1 1 1 0 1 1 1 1 1 1 1 1 1 
1 1 1 1 0 1 0 1 1 0 1 1 1 1 1 1 1 0 1 0 1 1 0 1 1 1 
1 1 1 1 1 1 1 0 1 1 1 1 1 1 1 1 1 1 1 1 0 1 1 1 1 1 
1 1 1 1 1 1 1 1 0 1 1 0 1 1 1 1 1 1 1 1 1 0 1 1 0 1 
1 1 1 1 1 1 1 1 1 1 1 1 1 1 1 1 1 1 1 1 1 1 1 1 1 1 
1 1 1 1 1 1 1 1 1 1 1 1 1 1 1 1 1 1 1 1 1 1 1 1 1 1 
1 0 1 1 1 1 1 1 1 0 1 1 1 1 0 1 1 1 1 1 1 1 0 1 1 1 
1 0 1 1 1 1 1 1 1 0 0 1 1 1 0 1 1 1 1 1 1 1 0 0 1 1 
1 1 1 1 1 1 1 1 1 1 1 1 1 1 1 1 1 1 1 1 1 1 1 1 1 1 
1 1 1 1 1 1 1 1 1 1 1 1 1 1 1 1 1 1 1 1 1 1 1 1 1 1 
1 1 1 1 1 1 1 1 1 1 1 1 1 1 1 1 1 1 1 1 1 1 1 1 1 1 
1 0 1 1 1 1 1 1 0 1 1 1 1 1 0 1 1 1 1 1 1 0 1 1 1 1 
1 1 1 1 1 1 1 1 1 1 1 1 1 1 1 1 1 1 1 1 1 1 1 1 1 1 
1 1 1 1 1 1 1 1 1 1 0 1 1 1 1 1 1 1 1 1 1 1 1 0 1 1 
1 1 1 1 1 1 1 1 1 1 1 1 1 1 1 1 1 1 1 1 1 1 1 1 1 1 
1 1 1 1 1 1 1 1 0 1 1 1 1 1 1 1 1 1 1 1 1 0 1 1 1 1 
1 1 1 0 1 1 1 1 1 1 1 1 1 1 1 1 0 1 1 1 1 1 1 1 1 1 
1 1 1 1 1 1 0 1 1 1 1 1 0 1 1 1 1 1 1 0 1 1 1 1 1 0 
1 1 1 1 1 0 1 1 1 1 1 1 1 1 1 1 1 1 0 1 1 1 1 1 1 1 
1 1 1 1 1 1 1 1 1 1 1 0 1 1 1 1 1 1 1 1 1 1 1 1 0 1 
1 1 1 1 1 1 1 1 1 1 1 1 1 1 1 1 1 1 1 1 1 1 1 1 1 1 
1 1 1 1 1 0 1 1 1 1 0 1 1 1 1 1 1 1 0 1 1 1 1 0 1 1 
0 1 1 1 1 0 1 1 0 1 1 1 1 0 1 1 1 1 0 1 1 0 1 1 1 1 
1 1 1 0 1 1 1 1 1 1 1 1 1 1 1 1 0 1 1 1 1 1 1 1 1 1 
1 1 1 1 1 1 1 1 1 1 1 1 1 1 1 1 1 1 1 1 1 1 1 1 1 1 
1 1 1 1 1 1 1 1 1 1 1 1 1 1 1 1 1 1 1 1 1 1 1 1 1 1 
1 1 1 1 1 1 1 1 1 0 1 1 1 1 1 1 1 1 1 1 1 1 0 1 1 1 
1 0 1 1 1 1 0 1 1 1 0 1 1 1 0 1 1 1 1 0 1 1 1 0 1 1 
1 1 1 1 1 0 1 1 1 1 1 1 1 1 1 1 1 1 0 1 1 1 1 1 1 1 
1 0 1 1 0 1 1 1 1 1 1 1 1 1 0 1 1 0 1 1 1 1 1 1 1 1 
1 1 1 1 1 1 1 1 1 1 1 1 1 1 1 1 1 1 1 1 1 1 1 1 1 1 
]

EmployeeWantedInStint: [ (1 16) 1 (4 12) 1 (8 10) 1 (10 13) 1 (10 24) 1 (11 9) 1 (11 13) 1 (12 14) 1 (16 2) 1 (18 1) 1 (28 15) 1 (31 16) 1 (33 6) 1 (37 18) 1 (38 3) 1 (40 11) 1 (47 6) 1 (49 16) 1 (50 17) 1 (52 3) 1 (52 24) 1 (53 1) 1 (54 23) 1 (55 18) 1 (55 23) 1 (56 25) 1 (58 9) 1 (60 15) 1 (60 18) 1 (60 22) 1 (62 13) 1 (63 5) 1 (69 7) 1 (70 26) 1 (71 7) 1 (73 1) 1 (76 13) 1 (76 21) 1 (78 1) 1 (78 21) 1 (82 17) 1 (83 13) 1 (85 2) 1 (85 15) 1 (86 2) 1 (86 3) 1 (86 20) 1 (87 20) 1 (93 16) 1 (95 23) 1 (99 21) 1 (100 2) 1 (106 4) 1 (109 8) 1 (113 21) 1 (114 5) 1 (117 22) 1 (118 14) 1 (121 6) 1 (124 8) 1 (124 22) 1 (128 3) 1 (130 11) 1 (131 2) 1 (131 21) 1 (134 11) 1 (136 22) 1 (143 3) 1 (147 7) 1 (149 17) 1 (149 25) 1 (150 26) 1 ]

EmployeeWantedViolationCost: [ (1 16) 12000 (4 12) 5000 (8 10) 12000 (10 13) 5000 (10 24) 6000 (11 9) 7000 (11 13) 9000 (12 14) 7000 (16 2) 12000 (18 1) 15000 (28 15) 11000 (31 16) 12000 (33 6) 13000 (37 18) 5000 (38 3) 6000 (40 11) 15000 (47 6) 14000 (49 16) 5000 (50 17) 15000 (52 3) 9000 (52 24) 12000 (53 1) 11000 (54 23) 8000 (55 18) 10000 (55 23) 11000 (56 25) 12000 (58 9) 6000 (60 15) 13000 (60 18) 12000 (60 22) 13000 (62 13) 12000 (63 5) 6000 (69 7) 6000 (70 26) 13000 (71 7) 11000 (73 1) 11000 (76 13) 9000 (76 21) 12000 (78 1) 9000 (78 21) 5000 (82 17) 15000 (83 13) 9000 (85 2) 8000 (85 15) 12000 (86 2) 6000 (86 3) 5000 (86 20) 11000 (87 20) 6000 (93 16) 7000 (95 23) 5000 (99 21) 15000 (100 2) 13000 (106 4) 8000 (109 8) 13000 (113 21) 8000 (114 5) 7000 (117 22) 14000 (118 14) 7000 (121 6) 14000 (124 8) 13000 (124 22) 9000 (128 3) 11000 (130 11) 15000 (131 2) 12000 (131 21) 9000 (134 11) 11000 (136 22) 7000 (143 3) 9000 (147 7) 10000 (149 17) 9000 (149 25) 12000 (150 26) 6000 ]

EmployeesThatShouldNotWorkTogetherWithEmployee: [
[ 35 62 79 83 138 ]
[ 27 59 110 113 ]
[ 56 73 94 96 150 ]
[ 85 106 142 ]
[ 56 64 67 87 100 115 129 ]
[ 51 92 103 141 145 ]
[ 79 107 134 ]
[ 43 82 136 141 144 ]
[ 40 96 ]
[ 13 56 62 87 89 ]
[ 52 76 136 ]
[ 44 79 93 109 118 145 ]
[ 53 68 70 84 127 129 133 ]
[ 57 83 101 149 ]
[ 43 46 79 98 99 113 124 ]
[ 49 70 118 119 120 129 ]
[ 46 66 114 125 134 ]
[ 29 31 35 37 74 76 102 ]
[ 33 43 56 69 79 80 95 101 112 120 124 ]
[ 49 55 83 107 111 114 145 ]
[ 29 74 75 88 93 ]
[ 41 42 56 68 100 131 133 143 ]
[ 39 137 ]
[ 47 80 ]
[ 30 50 81 147 ]
[ 27 38 51 74 75 90 118 122 ]
[ 35 41 64 134 ]
[ 65 67 77 79 107 ]
[ 33 41 62 93 128 130 ]
[ 50 70 130 148 ]
[ 42 67 69 107 129 ]
[ 36 41 61 78 109 120 141 ]
[ 51 82 89 93 140 ]
[ 67 74 77 86 134 138 ]
[ 49 75 79 123 124 ]
[ 48 59 63 75 95 96 121 134 ]
[ 89 94 141 147 ]
[ 58 95 106 128 ]
[ 66 70 83 84 85 108 ]
[ 54 56 101 ]
[ 42 106 139 150 ]
[ 66 108 ]
[ 55 64 79 108 116 146 ]
[ 63 83 89 104 115 128 150 ]
[ 49 55 78 98 ]
[ 64 76 85 98 124 ]
[ 98 ]
[ 76 128 135 ]
[ 58 71 119 ]
[ 59 79 81 108 120 129 ]
[ 103 104 ]
[ 79 98 114 148 ]
[ 57 65 79 114 122 ]
[ 66 85 150 ]
[ 124 129 131 134 141 ]
[ 127 139 144 ]
[ 91 ]
[ 89 112 137 ]
[ 84 118 120 126 ]
[ 125 ]
[ 108 127 149 ]
[ 66 92 106 111 ]
[ 105 132 137 ]
[ 68 104 105 128 133 141 ]
[ 71 77 81 84 116 ]
[ 120 123 133 138 ]
[ 96 ]
[ 107 115 ]
[ 74 90 121 ]
[ ]
[ 84 102 117 ]
[ ]
[ 80 101 103 123 ]
[ 105 113 120 ]
[ 100 ]
[ 109 112 ]
[ ]
[ 89 98 129 ]
[ 83 85 105 128 147 ]
[ 84 109 119 ]
[ 126 ]
[ ]
[ 117 130 ]
[ 87 137 138 ]
[ 126 ]
[ 114 ]
[ 100 102 113 114 119 121 ]
[ 120 ]
[ 94 128 142 145 ]
[ 92 94 103 ]
[ 100 114 118 ]
[ 111 117 ]
[ 147 ]
[ 106 141 ]
[ 106 120 130 137 ]
[ 111 125 127 133 145 ]
[ 150 ]
[ 105 108 111 126 141 143 144 ]
[ 112 135 140 ]
[ 101 ]
[ 147 ]
[ 110 122 136 142 ]
[ 144 ]
[ 105 122 130 147 ]
[ 123 ]
[ 125 126 127 132 138 139 ]
[ 138 ]
[ ]
[ 115 122 ]
[ 135 ]
[ 141 ]
[ 140 147 ]
[ 118 129 ]
[ ]
[ 142 143 ]
[ ]
[ 133 144 ]
[ 147 ]
[ ]
[ ]
[ ]
[ 146 ]
[ 139 140 143 148 ]
[ 131 ]
[ ]
[ 137 143 ]
[ ]
[ 146 ]
[ 146 ]
[ 149 ]
[ 135 137 ]
[ 138 ]
[ 140 ]
[ ]
[ ]
[ 137 143 ]
[ 143 148 ]
[ ]
[ 142 ]
[ ]
[ 143 ]
[ ]
[ ]
[ ]
[ ]
[ ]
[ ]
[ ]
[ ]
[ ]
]

ShouldNotWorkTogetherCost: [ (1 35) 198 (1 62) 396 (1 79) 99 (1 83) 99 (1 138) 99 (2 27) 99 (2 59) 198 (2 110) 99 (2 113) 198 (3 56) 99 (3 73) 396 (3 94) 396 (3 96) 297 (3 150) 198 (4 85) 297 (4 106) 198 (4 142) 396 (5 56) 198 (5 64) 198 (5 67) 396 (5 87) 396 (5 100) 198 (5 115) 297 (5 129) 99 (6 51) 396 (6 92) 198 (6 103) 99 (6 141) 396 (6 145) 297 (7 79) 198 (7 107) 99 (7 134) 198 (8 43) 99 (8 82) 198 (8 136) 99 (8 141) 198 (8 144) 396 (9 40) 198 (9 96) 297 (10 13) 99 (10 56) 297 (10 62) 297 (10 87) 396 (10 89) 99 (11 52) 396 (11 76) 396 (11 136) 99 (12 44) 297 (12 79) 198 (12 93) 297 (12 109) 297 (12 118) 198 (12 145) 297 (13 53) 297 (13 68) 198 (13 70) 396 (13 84) 396 (13 127) 297 (13 129) 198 (13 133) 297 (14 57) 198 (14 83) 396 (14 101) 396 (14 149) 297 (15 43) 396 (15 46) 297 (15 79) 396 (15 98) 396 (15 99) 99 (15 113) 198 (15 124) 99 (16 49) 99 (16 70) 297 (16 118) 396 (16 119) 297 (16 120) 297 (16 129) 297 (17 46) 396 (17 66) 198 (17 114) 198 (17 125) 99 (17 134) 396 (18 29) 198 (18 31) 396 (18 35) 396 (18 37) 297 (18 74) 99 (18 76) 297 (18 102) 99 (19 33) 99 (19 43) 99 (19 56) 396 (19 69) 297 (19 79) 99 (19 80) 297 (19 95) 396 (19 101) 297 (19 112) 99 (19 120) 297 (19 124) 99 (20 49) 198 (20 55) 396 (20 83) 297 (20 107) 99 (20 111) 198 (20 114) 396 (20 145) 99 (21 29) 198 (21 74) 198 (21 75) 297 (21 88) 396 (21 93) 198 (22 41) 198 (22 42) 198 (22 56) 297 (22 68) 99 (22 100) 198 (22 131) 396 (22 133) 198 (22 143) 99 (23 39) 297 (23 137) 99 (24 47) 198 (24 80) 396 (25 30) 198 (25 50) 297 (25 81) 396 (25 147) 396 (26 27) 99 (26 38) 297 (26 51) 99 (26 74) 297 (26 75) 396 (26 90) 396 (26 118) 198 (26 122) 99 (27 35) 297 (27 41) 198 (27 64) 99 (27 134) 99 (28 65) 99 (28 67) 396 (28 77) 396 (28 79) 396 (28 107) 99 (29 33) 198 (29 41) 396 (29 62) 198 (29 93) 198 (29 128) 198 (29 130) 396 (30 50) 198 (30 70) 99 (30 130) 396 (30 148) 99 (31 42) 297 (31 67) 297 (31 69) 99 (31 107) 297 (31 129) 396 (32 36) 396 (32 41) 297 (32 61) 99 (32 78) 297 (32 109) 198 (32 120) 297 (32 141) 396 (33 51) 198 (33 82) 198 (33 89) 297 (33 93) 198 (33 140) 198 (34 67) 396 (34 74) 297 (34 77) 396 (34 86) 198 (34 134) 99 (34 138) 396 (35 49) 99 (35 75) 297 (35 79) 297 (35 123) 198 (35 124) 396 (36 48) 198 (36 59) 396 (36 63) 297 (36 75) 99 (36 95) 198 (36 96) 198 (36 121) 99 (36 134) 198 (37 89) 198 (37 94) 297 (37 141) 396 (37 147) 99 (38 58) 297 (38 95) 396 (38 106) 297 (38 128) 396 (39 66) 297 (39 70) 297 (39 83) 99 (39 84) 99 (39 85) 396 (39 108) 99 (40 54) 99 (40 56) 297 (40 101) 297 (41 42) 396 (41 106) 297 (41 139) 198 (41 150) 99 (42 66) 396 (42 108) 297 (43 55) 396 (43 64) 198 (43 79) 297 (43 108) 99 (43 116) 297 (43 146) 99 (44 63) 396 (44 83) 198 (44 89) 396 (44 104) 396 (44 115) 297 (44 128) 198 (44 150) 396 (45 49) 198 (45 55) 396 (45 78) 396 (45 98) 396 (46 64) 297 (46 76) 99 (46 85) 198 (46 98) 297 (46 124) 198 (47 98) 99 (48 76) 297 (48 128) 99 (48 135) 396 (49 58) 297 (49 71) 396 (49 119) 198 (50 59) 198 (50 79) 396 (50 81) 99 (50 108) 396 (50 120) 99 (50 129) 198 (51 103) 198 (51 104) 396 (52 79) 99 (52 98) 297 (52 114) 297 (52 148) 198 (53 57) 297 (53 65) 99 (53 79) 99 (53 114) 99 (53 122) 99 (54 66) 198 (54 85) 198 (54 150) 198 (55 124) 198 (55 129) 396 (55 131) 396 (55 134) 198 (55 141) 198 (56 127) 396 (56 139) 396 (56 144) 396 (57 91) 99 (58 89) 396 (58 112) 297 (58 137) 297 (59 84) 198 (59 118) 297 (59 120) 297 (59 126) 396 (60 125) 297 (61 108) 297 (61 127) 396 (61 149) 297 (62 66) 297 (62 92) 198 (62 106) 198 (62 111) 297 (63 105) 99 (63 132) 297 (63 137) 198 (64 68) 198 (64 104) 297 (64 105) 198 (64 128) 198 (64 133) 297 (64 141) 198 (65 71) 396 (65 77) 198 (65 81) 198 (65 84) 297 (65 116) 297 (66 120) 396 (66 123) 297 (66 133) 297 (66 138) 396 (67 96) 198 (68 107) 297 (68 115) 396 (69 74) 99 (69 90) 396 (69 121) 198 (71 84) 297 (71 102) 297 (71 117) 396 (73 80) 396 (73 101) 99 (73 103) 396 (73 123) 99 (74 105) 99 (74 113) 99 (74 120) 297 (75 100) 99 (76 109) 198 (76 112) 99 (78 89) 297 (78 98) 198 (78 129) 396 (79 83) 297 (79 85) 396 (79 105) 198 (79 128) 99 (79 147) 396 (80 84) 297 (80 109) 396 (80 119) 198 (81 126) 99 (83 117) 297 (83 130) 396 (84 87) 99 (84 137) 297 (84 138) 396 (85 126) 396 (86 114) 396 (87 100) 198 (87 102) 396 (87 113) 297 (87 114) 396 (87 119) 198 (87 121) 396 (88 120) 396 (89 94) 396 (89 128) 198 (89 142) 396 (89 145) 99 (90 92) 297 (90 94) 99 (90 103) 396 (91 100) 99 (91 114) 99 (91 118) 99 (92 111) 99 (92 117) 396 (93 147) 297 (94 106) 396 (94 141) 297 (95 106) 99 (95 120) 297 (95 130) 198 (95 137) 297 (96 111) 99 (96 125) 99 (96 127) 99 (96 133) 99 (96 145) 297 (97 150) 198 (98 105) 198 (98 108) 198 (98 111) 396 (98 126) 297 (98 141) 396 (98 143) 297 (98 144) 99 (99 112) 99 (99 135) 99 (99 140) 396 (100 101) 396 (101 147) 297 (102 110) 198 (102 122) 396 (102 136) 396 (102 142) 396 (103 144) 198 (104 105) 297 (104 122) 99 (104 130) 297 (104 147) 99 (105 123) 396 (106 125) 396 (106 126) 99 (106 127) 297 (106 132) 297 (106 138) 99 (106 139) 297 (107 138) 198 (109 115) 198 (109 122) 297 (110 135) 198 (111 141) 198 (112 140) 99 (112 147) 99 (113 118) 198 (113 129) 198 (115 142) 99 (115 143) 297 (117 133) 198 (117 144) 198 (118 147) 99 (122 146) 99 (123 139) 198 (123 140) 396 (123 143) 99 (123 148) 297 (124 131) 99 (126 137) 297 (126 143) 396 (128 146) 99 (129 146) 198 (130 149) 396 (131 135) 99 (131 137) 396 (132 138) 198 (133 140) 198 (136 137) 198 (136 143) 198 (137 143) 396 (137 148) 198 (139 142) 198 (141 143) 297 ]

ImmediatePredecessorsToActivity: [
[ ]
[ 1 ]
[ 1 ]
[ 3 ]
[ 2 3 ]
[ 1 ]
[ 4 ]
[ 3 ]
[ 2 4 ]
[ 2 4 ]
[ 4 ]
[ 1 ]
[ 1 ]
[ 12 ]
[ 2 3 6 ]
[ 13 ]
[ 6 ]
[ 16 17 ]
[ 3 ]
[ 6 ]
[ 3 13 ]
[ 6 21 ]
[ 12 21 ]
[ 3 6 12 ]
[ 1 ]
[ 14 15 17 20 ]
[ 2 14 20 21 ]
[ 4 13 17 ]
[ 6 13 ]
[ 4 6 21 ]
[ 6 8 16 ]
[ 2 4 ]
[ 21 ]
[ 16 17 ]
[ ]
[ 35 ]
[ 35 ]
[ 35 ]
[ 38 ]
[ 36 ]
[ 39 ]
[ 37 41 ]
[ 37 38 40 ]
[ 43 ]
[ 44 ]
[ 36 43 ]
[ 39 45 46 ]
[ 36 39 ]
[ 38 41 46 ]
[ 36 39 ]
[ 42 46 50 ]
[ 42 46 50 ]
[ 36 37 41 ]
[ 37 40 48 ]
[ 50 ]
[ 46 ]
[ 54 55 ]
[ 36 41 43 45 55 56 ]
[ 45 51 ]
[ 46 54 55 ]
[ 36 37 38 41 45 ]
[ 40 42 44 50 ]
]

ActivitiesInProject: [
[ 1 2 3 4 5 6 7 8 9 10 11 12 13 14 15 16 17 18 19 20 21 22 23 24 25 26 27 28 29 30 31 32 33 34 ]
[ 35 36 37 38 39 40 41 42 43 44 45 46 47 48 49 50 51 52 53 54 55 56 57 58 59 60 61 62 ]
]

nActivityModes: [ 3 3 3 3 3 3 3 3 3 3 3 3 3 3 3 3 3 3 3 3 3 3 3 3 3 3 3 3 3 3 3 3 3 3 3 3 3 3 3 3 3 3 3 3 3 3 3 3 3 3 3 3 3 3 3 3 3 3 3 3 3 3 ]

ActivitiyDurationWithMode: [
1	1	1	
9	6	12	
56	38	75	
12	8	16	
18	12	24	
24	16	32	
11	8	15	
18	12	24	
15	10	20	
9	6	12	
9	6	12	
9	6	12	
16	11	22	
21	14	28	
16	11	22	
10	7	14	
11	8	15	
47	32	63	
19	13	26	
37	25	50	
10	7	14	
15	10	20	
12	8	16	
22	15	30	
56	38	75	
11	8	15	
11	8	15	
12	8	16	
36	24	48	
13	9	18	
9	6	12	
11	8	15	
12	8	16	
22	15	30	
1	1	1	
21	14	28	
7	5	10	
9	6	12	
12	8	16	
7	5	10	
9	6	12	
19	13	26	
9	6	12	
7	5	10	
11	8	15	
8	6	11	
11	8	15	
9	6	12	
15	10	20	
15	10	20	
7	5	10	
9	6	12	
35	24	47	
20	14	27	
12	8	16	
8	6	11	
14	10	19	
13	9	18	
8	6	11	
15	10	20	
10	7	14	
16	11	22	
]
StintsInProject: [
[ 1 2 3 4 5 6 7 8 9 10 11 12 13 ]
[ 14 15 16 17 18 19 20 21 22 23 24 25 26 ]
]

WorkingStintsOnDay: [
[ 1 14 ]
[ 1 14 ]
[ 1 14 ]
[ 1 14 ]
[ 1 14 ]
[ 1 14 ]
[ 1 14 ]
[ 1 14 ]
[ 1 14 ]
[ 1 14 ]
[ 1 14 ]
[ 1 14 ]
[ ]
[ ]
[ 2 15 ]
[ 2 15 ]
[ 2 15 ]
[ 2 15 ]
[ 2 15 ]
[ 2 15 ]
[ 2 15 ]
[ 2 15 ]
[ 2 15 ]
[ 2 15 ]
[ 2 15 ]
[ 2 15 ]
[ ]
[ ]
[ 3 16 ]
[ 3 16 ]
[ 3 16 ]
[ 3 16 ]
[ 3 16 ]
[ 3 16 ]
[ 3 16 ]
[ 3 16 ]
[ 3 16 ]
[ 3 16 ]
[ 3 16 ]
[ 3 16 ]
[ ]
[ ]
[ 4 17 ]
[ 4 17 ]
[ 4 17 ]
[ 4 17 ]
[ 4 17 ]
[ 4 17 ]
[ 4 17 ]
[ 4 17 ]
[ 4 17 ]
[ 4 17 ]
[ 4 17 ]
[ 4 17 ]
[ ]
[ ]
[ 5 18 ]
[ 5 18 ]
[ 5 18 ]
[ 5 18 ]
[ 5 18 ]
[ 5 18 ]
[ 5 18 ]
[ 5 18 ]
[ 5 18 ]
[ 5 18 ]
[ 5 18 ]
[ 5 18 ]
[ ]
[ ]
[ 6 19 ]
[ 6 19 ]
[ 6 19 ]
[ 6 19 ]
[ 6 19 ]
[ 6 19 ]
[ 6 19 ]
[ 6 19 ]
[ 6 19 ]
[ 6 19 ]
[ 6 19 ]
[ 6 19 ]
[ ]
[ ]
[ 7 20 ]
[ 7 20 ]
[ 7 20 ]
[ 7 20 ]
[ 7 20 ]
[ 7 20 ]
[ 7 20 ]
[ 7 20 ]
[ 7 20 ]
[ 7 20 ]
[ 7 20 ]
[ 7 20 ]
[ ]
[ ]
[ 8 21 ]
[ 8 21 ]
[ 8 21 ]
[ 8 21 ]
[ 8 21 ]
[ 8 21 ]
[ 8 21 ]
[ 8 21 ]
[ 8 21 ]
[ 8 21 ]
[ 8 21 ]
[ 8 21 ]
[ ]
[ ]
[ 9 22 ]
[ 9 22 ]
[ 9 22 ]
[ 9 22 ]
[ 9 22 ]
[ 9 22 ]
[ 9 22 ]
[ 9 22 ]
[ 9 22 ]
[ 9 22 ]
[ 9 22 ]
[ 9 22 ]
[ ]
[ ]
[ 10 23 ]
[ 10 23 ]
[ 10 23 ]
[ 10 23 ]
[ 10 23 ]
[ 10 23 ]
[ 10 23 ]
[ 10 23 ]
[ 10 23 ]
[ 10 23 ]
[ 10 23 ]
[ 10 23 ]
[ ]
[ ]
[ 11 24 ]
[ 11 24 ]
[ 11 24 ]
[ 11 24 ]
[ 11 24 ]
[ 11 24 ]
[ 11 24 ]
[ 11 24 ]
[ 11 24 ]
[ 11 24 ]
[ 11 24 ]
[ 11 24 ]
[ ]
[ ]
[ 12 25 ]
[ 12 25 ]
[ 12 25 ]
[ 12 25 ]
[ 12 25 ]
[ 12 25 ]
[ 12 25 ]
[ 12 25 ]
[ 12 25 ]
[ 12 25 ]
[ 12 25 ]
[ 12 25 ]
[ ]
[ ]
[ 13 26 ]
[ 13 26 ]
[ 13 26 ]
[ 13 26 ]
[ 13 26 ]
[ 13 26 ]
[ 13 26 ]
[ 13 26 ]
[ 13 26 ]
[ 13 26 ]
[ 13 26 ]
[ 13 26 ]
]

ProjectStart: [ 5 23 ]

ProjectEnd: [ 102 104 ]

EarliestStartDayForActivity: [ 1 5 5 69 69 5 83 69 83 83 83 5 5 16 69 23 33 46 69 33 69 81 81 69 5 89 81 83 33 83 91 83 81 46 1 23 23 23 34 48 48 59 55 66 75 66 88 48 76 48 80 80 59 59 65 76 81 88 89 81 88 80 ]

LatestStartDayForActivity: [ 1 102 102 102 102 102 102 102 102 102 102 102 102 102 102 102 102 102 102 102 102 102 102 102 102 102 102 102 102 102 102 102 102 102 1 104 104 104 104 104 104 104 104 104 104 104 104 104 104 104 104 104 104 104 104 104 104 104 104 104 104 104 ]

EquipmentTypeDemandInActivityWithMode: [
0	0	0	
2	4	2	
0	1	0	
0	1	0	
2	4	2	
2	4	2	
0	1	0	
2	4	2	
0	1	0	
0	1	0	
0	1	0	
0	1	0	
1	3	1	
0	1	0	
0	1	0	
0	1	0	
2	4	2	
2	4	2	
0	1	0	
1	3	1	
0	1	0	
1	3	1	
1	3	1	
2	4	2	
0	1	0	
0	1	0	
1	3	1	
3	6	2	
1	3	1	
2	4	2	
1	3	1	
1	3	1	
0	1	0	
0	1	0	
0	0	0	
0	1	0	
0	1	0	
0	1	0	
1	3	1	
0	1	0	
1	3	1	
0	1	0	
1	3	1	
1	3	1	
2	4	2	
0	1	0	
0	1	0	
0	1	0	
1	3	1	
0	1	0	
0	1	0	
0	1	0	
2	4	2	
0	1	0	
2	4	2	
2	4	2	
1	3	1	
0	1	0	
0	1	0	
1	3	1	
1	3	1	
0	1	0	

0	0	0	
0	1	0	
1	3	1	
2	4	2	
1	3	1	
0	1	0	
2	4	2	
0	1	0	
1	3	1	
0	1	0	
2	4	2	
0	1	0	
0	1	0	
0	1	0	
0	1	0	
0	1	0	
2	4	2	
2	4	2	
0	1	0	
0	1	0	
0	1	0	
0	1	0	
0	1	0	
0	1	0	
0	1	0	
0	1	0	
1	3	1	
1	3	1	
2	4	2	
2	4	2	
0	1	0	
2	4	2	
0	1	0	
0	1	0	
0	0	0	
0	1	0	
2	4	2	
2	4	2	
1	3	1	
1	3	1	
2	4	2	
1	3	1	
3	6	2	
0	1	0	
0	1	0	
1	3	1	
0	1	0	
1	3	1	
2	4	2	
1	3	1	
1	3	1	
2	4	2	
0	1	0	
0	1	0	
2	4	2	
0	1	0	
0	1	0	
0	1	0	
1	3	1	
1	3	1	
1	3	1	
0	1	0	

0	0	0	
5	9	4	
0	1	0	
1	3	1	
0	1	0	
1	3	1	
1	3	1	
0	1	0	
0	1	0	
1	3	1	
0	1	0	
1	3	1	
0	1	0	
1	3	1	
0	1	0	
2	4	2	
1	3	1	
1	3	1	
0	1	0	
1	3	1	
0	1	0	
0	1	0	
0	1	0	
4	7	3	
1	3	1	
0	1	0	
2	4	2	
0	1	0	
2	4	2	
1	3	1	
1	3	1	
1	3	1	
1	3	1	
1	3	1	
0	0	0	
3	6	2	
2	4	2	
0	1	0	
1	3	1	
0	1	0	
2	4	2	
4	7	3	
0	1	0	
1	3	1	
0	1	0	
1	3	1	
1	3	1	
2	4	2	
0	1	0	
0	1	0	
2	4	2	
0	1	0	
1	3	1	
1	3	1	
2	4	2	
1	3	1	
0	1	0	
0	1	0	
0	1	0	
0	1	0	
3	6	2	
1	3	1	

0	0	0	
1	3	1	
0	1	0	
2	4	2	
0	1	0	
0	1	0	
0	1	0	
1	3	1	
3	6	2	
1	3	1	
2	4	2	
1	3	1	
5	9	4	
0	1	0	
0	1	0	
0	1	0	
0	1	0	
2	4	2	
1	3	1	
1	3	1	
0	1	0	
1	3	1	
1	3	1	
1	3	1	
1	3	1	
4	7	3	
1	3	1	
2	4	2	
1	3	1	
2	4	2	
2	4	2	
1	3	1	
3	6	2	
0	1	0	
0	0	0	
2	4	2	
0	1	0	
1	3	1	
0	1	0	
1	3	1	
0	1	0	
1	3	1	
0	1	0	
0	1	0	
0	1	0	
0	1	0	
1	3	1	
0	1	0	
1	3	1	
0	1	0	
0	1	0	
2	4	2	
0	1	0	
2	4	2	
1	3	1	
0	1	0	
0	1	0	
0	1	0	
0	1	0	
1	3	1	
2	4	2	
0	1	0	

]

ExternalEquipmentRentingCost: [
5176	1589	3056	5103	4814	1207	2510	5194	3107	5918	1169	2527	5955	1751	4798	5031	5837	2566	4393	3439	5838	4354	3403	2539	1941	4768	2435	1534	5632	4738	3602	3267	3376	2838	3102	2316	5521	3880	3516	3487	5060	4949	3446	1080	2821	1867	1088	3222	3147	4393	3671	5057	1003	2776	5612	1839	2863	1247	1554	3923	1816	4699	
1367	5521	3108	5602	5822	5900	1873	1733	2938	1981	4063	4840	1509	2917	1519	3468	5535	5780	5238	4237	4813	5432	4019	4403	3698	2482	4777	5046	3858	4877	3725	1457	4864	4489	1785	5273	5933	5369	4460	2499	2880	3806	2716	5033	3743	1927	3145	3967	2940	1442	4734	5449	2792	1745	2260	4644	4160	1449	5136	5361	3092	1843	
1620	5116	3896	4258	5144	4234	3300	1142	3867	1332	3576	5307	3210	5804	3730	2055	1451	3771	1614	3853	5944	2606	2909	1930	3481	1584	3097	5280	1728	5873	2928	1624	2893	5763	1316	5226	3089	4518	1308	1129	1645	5353	5292	4944	2069	1213	4866	5167	1143	4195	3738	2061	5552	1228	3390	1699	4253	2298	4667	1529	5936	3426	
2303	2835	1718	1165	4090	5686	4926	4156	3622	1928	5934	4800	4005	1628	5712	1862	2851	1491	3320	3034	4483	2903	5267	4217	2961	5354	2546	3270	3843	4215	5169	3882	2587	4988	4747	3757	5797	5033	1007	2124	4119	5766	4579	3494	2562	2151	4457	3367	4063	2252	5619	1150	2316	4437	1060	4281	4405	2100	3865	1195	5902	1455	
]

EquipmentTypeTransportationCost: [
1	4283	
4283	1	

1	2902	
2902	1	

1	3335	
3335	1	

1	2909	
2909	1	

]

TransportationTimeForEquipmentTypeBetweenProjects: [
1	1	
1	1	

1	1	
1	1	

1	1	
1	1	

1	1	
1	1	

]

TotalNumberOfInitialEquipmentTypeLocation: [
(1 1) 3 
(2 1) 2 (2 35) 1 
(3 1) 5 (3 35) 2 
(4 1) 5 (4 35) 2 
]

DepotActivities: [ 1 35 ]

MaximalStintCliques: [
[ 2 15 1 14 ]
[ 2 15 3 16 ]
[ 4 17 18 5 ]
[ 4 17 3 16 ]
[ 5 18 19 6 ]
[ 6 19 20 7 ]
[ 7 20 21 8 ]
[ 8 21 9 22 ]
[ 9 22 10 23 ]
[ 10 23 11 24 ]
[ 11 24 25 12 ]
[ 12 25 26 13 ]
]
