nEmployees: 150
nSkills: 6
nProjects: 2
nDays: 150
nActivities: 40
nEquipmentTypes: 3
nStints: 33
nMaxModes: 2
nStintCliques: 22

EmployeeInStintCost: [
9060 9060 9060 9060 9060 9060 9060 9060 9060 9060 9060 9060 9060 9060 9060 9060 9060 9060 9060 9060 9060 6300 34396 34396 34396 34396 34396 34396 34396 34396 34396 34396 24244 
18137 18137 18137 18137 18137 18137 18137 18137 18137 18137 18137 18137 18137 18137 18137 18137 18137 18137 18137 18137 18137 12783 40220 40220 40220 40220 40220 40220 40220 40220 40220 40220 30200 
15321 15321 15321 15321 15321 15321 15321 15321 15321 15321 15321 15321 15321 15321 15321 15321 15321 15321 15321 15321 15321 10111 16600 16600 16600 16600 16600 16600 16600 16600 16600 16600 9538 
13333 13333 13333 13333 13333 13333 13333 13333 13333 13333 13333 13333 13333 13333 13333 13333 13333 13333 13333 13333 13333 7763 32476 32476 32476 32476 32476 32476 32476 32476 32476 32476 21862 
8700 8700 8700 8700 8700 8700 8700 8700 8700 8700 8700 8700 8700 8700 8700 8700 8700 8700 8700 8700 8700 6180 33196 33196 33196 33196 33196 33196 33196 33196 33196 33196 23704 
11897 11897 11897 11897 11897 11897 11897 11897 11897 11897 11897 11897 11897 11897 11897 11897 11897 11897 11897 11897 11897 6543 32348 32348 32348 32348 32348 32348 32348 32348 32348 32348 22328 
14813 14813 14813 14813 14813 14813 14813 14813 14813 14813 14813 14813 14813 14813 14813 14813 14813 14813 14813 14813 14813 9339 31444 31444 31444 31444 31444 31444 31444 31444 31444 31444 21094 
15861 15861 15861 15861 15861 15861 15861 15861 15861 15861 15861 15861 15861 15861 15861 15861 15861 15861 15861 15861 15861 10675 29748 29748 29748 29748 29748 29748 29748 29748 29748 29748 20190 
20033 20033 20033 20033 20033 20033 20033 20033 20033 20033 20033 20033 20033 20033 20033 20033 20033 20033 20033 20033 20033 14727 41988 41988 41988 41988 41988 41988 41988 41988 41988 41988 32100 
14685 14685 14685 14685 14685 14685 14685 14685 14685 14685 14685 14685 14685 14685 14685 14685 14685 14685 14685 14685 14685 9499 36324 36324 36324 36324 36324 36324 36324 36324 36324 36324 26766 
14849 14849 14849 14849 14849 14849 14849 14849 14849 14849 14849 14849 14849 14849 14849 14849 14849 14849 14849 14849 14849 9351 31564 31564 31564 31564 31564 31564 31564 31564 31564 31564 21148 
19337 19337 19337 19337 19337 19337 19337 19337 19337 19337 19337 19337 19337 19337 19337 19337 19337 19337 19337 19337 19337 14319 40556 40556 40556 40556 40556 40556 40556 40556 40556 40556 31460 
8824 8824 8824 8824 8824 8824 8824 8824 8824 8824 8824 8824 8824 8824 8824 8824 8824 8824 8824 8824 8824 6088 34100 34100 34100 34100 34100 34100 34100 34100 34100 34100 24014 
3672 3672 3672 3672 3672 3672 3672 3672 3672 3672 3672 3672 3672 3672 3672 3672 3672 3672 3672 3672 3672 1224 31860 31860 31860 31860 31860 31860 31860 31860 31860 31860 22566 
14597 14597 14597 14597 14597 14597 14597 14597 14597 14597 14597 14597 14597 14597 14597 14597 14597 14597 14597 14597 14597 9267 30724 30724 30724 30724 30724 30724 30724 30724 30724 30724 20770 
8916 8916 8916 8916 8916 8916 8916 8916 8916 8916 8916 8916 8916 8916 8916 8916 8916 8916 8916 8916 8916 6252 33916 33916 33916 33916 33916 33916 33916 33916 33916 33916 24028 
15749 15749 15749 15749 15749 15749 15749 15749 15749 15749 15749 15749 15749 15749 15749 15749 15749 15749 15749 15749 15749 10179 38996 38996 38996 38996 38996 38996 38996 38996 38996 38996 28382 
20057 20057 20057 20057 20057 20057 20057 20057 20057 20057 20057 20057 20057 20057 20057 20057 20057 20057 20057 20057 20057 14559 42956 42956 42956 42956 42956 42956 42956 42956 42956 42956 32540 
20177 20177 20177 20177 20177 20177 20177 20177 20177 20177 20177 20177 20177 20177 20177 20177 20177 20177 20177 20177 20177 14775 42468 42468 42468 42468 42468 42468 42468 42468 42468 42468 32316 
19541 19541 19541 19541 19541 19541 19541 19541 19541 19541 19541 19541 19541 19541 19541 19541 19541 19541 19541 19541 19541 14403 41084 41084 41084 41084 41084 41084 41084 41084 41084 41084 31658 
20141 20141 20141 20141 20141 20141 20141 20141 20141 20141 20141 20141 20141 20141 20141 20141 20141 20141 20141 20141 20141 14763 42348 42348 42348 42348 42348 42348 42348 42348 42348 42348 32262 
8988 8988 8988 8988 8988 8988 8988 8988 8988 8988 8988 8988 8988 8988 8988 8988 8988 8988 8988 8988 8988 6276 34156 34156 34156 34156 34156 34156 34156 34156 34156 34156 24136 
13889 13889 13889 13889 13889 13889 13889 13889 13889 13889 13889 13889 13889 13889 13889 13889 13889 13889 13889 13889 13889 8727 29604 29604 29604 29604 29604 29604 29604 29604 29604 29604 20112 
8916 8916 8916 8916 8916 8916 8916 8916 8916 8916 8916 8916 8916 8916 8916 8916 8916 8916 8916 8916 8916 6252 33916 33916 33916 33916 33916 33916 33916 33916 33916 33916 24028 
17037 17037 17037 17037 17037 17037 17037 17037 17037 17037 17037 17037 17037 17037 17037 17037 17037 17037 17037 17037 17037 11947 38068 38068 38068 38068 38068 38068 38068 38068 38068 38068 28774 
16509 16509 16509 16509 16509 16509 16509 16509 16509 16509 16509 16509 16509 16509 16509 16509 16509 16509 16509 16509 16509 10891 31908 31908 31908 31908 31908 31908 31908 31908 31908 31908 21162 
19757 19757 19757 19757 19757 19757 19757 19757 19757 19757 19757 19757 19757 19757 19757 19757 19757 19757 19757 19757 19757 14475 41804 41804 41804 41804 41804 41804 41804 41804 41804 41804 31982 
13261 13261 13261 13261 13261 13261 13261 13261 13261 13261 13261 13261 13261 13261 13261 13261 13261 13261 13261 13261 13261 7739 32236 32236 32236 32236 32236 32236 32236 32236 32236 32236 21754 
13045 13045 13045 13045 13045 13045 13045 13045 13045 13045 13045 13045 13045 13045 13045 13045 13045 13045 13045 13045 13045 7667 31516 31516 31516 31516 31516 31516 31516 31516 31516 31516 21430 
14177 14177 14177 14177 14177 14177 14177 14177 14177 14177 14177 14177 14177 14177 14177 14177 14177 14177 14177 14177 14177 8823 30564 30564 30564 30564 30564 30564 30564 30564 30564 30564 20544 
16509 16509 16509 16509 16509 16509 16509 16509 16509 16509 16509 16509 16509 16509 16509 16509 16509 16509 16509 16509 16509 10891 31908 31908 31908 31908 31908 31908 31908 31908 31908 31908 21162 
19517 19517 19517 19517 19517 19517 19517 19517 19517 19517 19517 19517 19517 19517 19517 19517 19517 19517 19517 19517 19517 14379 41156 41156 41156 41156 41156 41156 41156 41156 41156 41156 31730 
17073 17073 17073 17073 17073 17073 17073 17073 17073 17073 17073 17073 17073 17073 17073 17073 17073 17073 17073 17073 17073 11959 38188 38188 38188 38188 38188 38188 38188 38188 38188 38188 28828 
14993 14993 14993 14993 14993 14993 14993 14993 14993 14993 14993 14993 14993 14993 14993 14993 14993 14993 14993 14993 14993 9591 13800 13800 13800 13800 13800 13800 13800 13800 13800 13800 6210 
14757 14757 14757 14757 14757 14757 14757 14757 14757 14757 14757 14757 14757 14757 14757 14757 14757 14757 14757 14757 14757 9523 36564 36564 36564 36564 36564 36564 36564 36564 36564 36564 26874 
14885 14885 14885 14885 14885 14885 14885 14885 14885 14885 14885 14885 14885 14885 14885 14885 14885 14885 14885 14885 14885 9555 13440 13440 13440 13440 13440 13440 13440 13440 13440 13440 6048 
8952 8952 8952 8952 8952 8952 8952 8952 8952 8952 8952 8952 8952 8952 8952 8952 8952 8952 8952 8952 8952 6264 34036 34036 34036 34036 34036 34036 34036 34036 34036 34036 24082 
19985 19985 19985 19985 19985 19985 19985 19985 19985 19985 19985 19985 19985 19985 19985 19985 19985 19985 19985 19985 19985 14535 42716 42716 42716 42716 42716 42716 42716 42716 42716 42716 32432 
14253 14253 14253 14253 14253 14253 14253 14253 14253 14253 14253 14253 14253 14253 14253 14253 14253 14253 14253 14253 14253 8923 17920 17920 17920 17920 17920 17920 17920 17920 17920 17920 10528 
15641 15641 15641 15641 15641 15641 15641 15641 15641 15641 15641 15641 15641 15641 15641 15641 15641 15641 15641 15641 15641 10143 38636 38636 38636 38636 38636 38636 38636 38636 38636 38636 28220 
3780 3780 3780 3780 3780 3780 3780 3780 3780 3780 3780 3780 3780 3780 3780 3780 3780 3780 3780 3780 3780 1260 32220 32220 32220 32220 32220 32220 32220 32220 32220 32220 22728 
14633 14633 14633 14633 14633 14633 14633 14633 14633 14633 14633 14633 14633 14633 14633 14633 14633 14633 14633 14633 14633 9279 30844 30844 30844 30844 30844 30844 30844 30844 30844 30844 20824 
16401 16401 16401 16401 16401 16401 16401 16401 16401 16401 16401 16401 16401 16401 16401 16401 16401 16401 16401 16401 16401 10855 31548 31548 31548 31548 31548 31548 31548 31548 31548 31548 21000 
12937 12937 12937 12937 12937 12937 12937 12937 12937 12937 12937 12937 12937 12937 12937 12937 12937 12937 12937 12937 12937 7631 31156 31156 31156 31156 31156 31156 31156 31156 31156 31156 21268 
19589 19589 19589 19589 19589 19589 19589 19589 19589 19589 19589 19589 19589 19589 19589 19589 19589 19589 19589 19589 19589 14403 41396 41396 41396 41396 41396 41396 41396 41396 41396 41396 31838 
15177 15177 15177 15177 15177 15177 15177 15177 15177 15177 15177 15177 15177 15177 15177 15177 15177 15177 15177 15177 15177 10063 16120 16120 16120 16120 16120 16120 16120 16120 16120 16120 9322 
13709 13709 13709 13709 13709 13709 13709 13709 13709 13709 13709 13709 13709 13709 13709 13709 13709 13709 13709 13709 13709 8667 29004 29004 29004 29004 29004 29004 29004 29004 29004 29004 19842 
9168 9168 9168 9168 9168 9168 9168 9168 9168 9168 9168 9168 9168 9168 9168 9168 9168 9168 9168 9168 9168 6336 34756 34756 34756 34756 34756 34756 34756 34756 34756 34756 24406 
12005 12005 12005 12005 12005 12005 12005 12005 12005 12005 12005 12005 12005 12005 12005 12005 12005 12005 12005 12005 12005 6723 31556 31556 31556 31556 31556 31556 31556 31556 31556 31556 21734 
20165 20165 20165 20165 20165 20165 20165 20165 20165 20165 20165 20165 20165 20165 20165 20165 20165 20165 20165 20165 20165 14595 43316 43316 43316 43316 43316 43316 43316 43316 43316 43316 32702 
14577 14577 14577 14577 14577 14577 14577 14577 14577 14577 14577 14577 14577 14577 14577 14577 14577 14577 14577 14577 14577 9463 35964 35964 35964 35964 35964 35964 35964 35964 35964 35964 26604 
19925 19925 19925 19925 19925 19925 19925 19925 19925 19925 19925 19925 19925 19925 19925 19925 19925 19925 19925 19925 19925 14691 41628 41628 41628 41628 41628 41628 41628 41628 41628 41628 31938 
17149 17149 17149 17149 17149 17149 17149 17149 17149 17149 17149 17149 17149 17149 17149 17149 17149 17149 17149 17149 17149 11675 31684 31684 31684 31684 31684 31684 31684 31684 31684 31684 21334 
14669 14669 14669 14669 14669 14669 14669 14669 14669 14669 14669 14669 14669 14669 14669 14669 14669 14669 14669 14669 14669 9291 30964 30964 30964 30964 30964 30964 30964 30964 30964 30964 20878 
14145 14145 14145 14145 14145 14145 14145 14145 14145 14145 14145 14145 14145 14145 14145 14145 14145 14145 14145 14145 14145 8887 17560 17560 17560 17560 17560 17560 17560 17560 17560 17560 10366 
14417 14417 14417 14417 14417 14417 14417 14417 14417 14417 14417 14417 14417 14417 14417 14417 14417 14417 14417 14417 14417 9207 30124 30124 30124 30124 30124 30124 30124 30124 30124 30124 20500 
14273 14273 14273 14273 14273 14273 14273 14273 14273 14273 14273 14273 14273 14273 14273 14273 14273 14273 14273 14273 14273 9159 29644 29644 29644 29644 29644 29644 29644 29644 29644 29644 20284 
15861 15861 15861 15861 15861 15861 15861 15861 15861 15861 15861 15861 15861 15861 15861 15861 15861 15861 15861 15861 15861 10291 18400 18400 18400 18400 18400 18400 18400 18400 18400 18400 10348 
14505 14505 14505 14505 14505 14505 14505 14505 14505 14505 14505 14505 14505 14505 14505 14505 14505 14505 14505 14505 14505 9007 18760 18760 18760 18760 18760 18760 18760 18760 18760 18760 10906 
16257 16257 16257 16257 16257 16257 16257 16257 16257 16257 16257 16257 16257 16257 16257 16257 16257 16257 16257 16257 16257 10807 31068 31068 31068 31068 31068 31068 31068 31068 31068 31068 20784 
15137 15137 15137 15137 15137 15137 15137 15137 15137 15137 15137 15137 15137 15137 15137 15137 15137 15137 15137 15137 15137 9639 14280 14280 14280 14280 14280 14280 14280 14280 14280 14280 6426 
16473 16473 16473 16473 16473 16473 16473 16473 16473 16473 16473 16473 16473 16473 16473 16473 16473 16473 16473 16473 16473 10879 31788 31788 31788 31788 31788 31788 31788 31788 31788 31788 21108 
15029 15029 15029 15029 15029 15029 15029 15029 15029 15029 15029 15029 15029 15029 15029 15029 15029 15029 15029 15029 15029 9603 13920 13920 13920 13920 13920 13920 13920 13920 13920 13920 6264 
16149 16149 16149 16149 16149 16149 16149 16149 16149 16149 16149 16149 16149 16149 16149 16149 16149 16149 16149 16149 16149 10771 30708 30708 30708 30708 30708 30708 30708 30708 30708 30708 20622 
15785 15785 15785 15785 15785 15785 15785 15785 15785 15785 15785 15785 15785 15785 15785 15785 15785 15785 15785 15785 15785 10191 39116 39116 39116 39116 39116 39116 39116 39116 39116 39116 28436 
15501 15501 15501 15501 15501 15501 15501 15501 15501 15501 15501 15501 15501 15501 15501 15501 15501 15501 15501 15501 15501 10171 17200 17200 17200 17200 17200 17200 17200 17200 17200 17200 9808 
20057 20057 20057 20057 20057 20057 20057 20057 20057 20057 20057 20057 20057 20057 20057 20057 20057 20057 20057 20057 20057 14559 42956 42956 42956 42956 42956 42956 42956 42956 42956 42956 32540 
14325 14325 14325 14325 14325 14325 14325 14325 14325 14325 14325 14325 14325 14325 14325 14325 14325 14325 14325 14325 14325 8947 18160 18160 18160 18160 18160 18160 18160 18160 18160 18160 10636 
19505 19505 19505 19505 19505 19505 19505 19505 19505 19505 19505 19505 19505 19505 19505 19505 19505 19505 19505 19505 19505 14391 40964 40964 40964 40964 40964 40964 40964 40964 40964 40964 31604 
12829 12829 12829 12829 12829 12829 12829 12829 12829 12829 12829 12829 12829 12829 12829 12829 12829 12829 12829 12829 12829 7595 30796 30796 30796 30796 30796 30796 30796 30796 30796 30796 21106 
12365 12365 12365 12365 12365 12365 12365 12365 12365 12365 12365 12365 12365 12365 12365 12365 12365 12365 12365 12365 12365 6843 32756 32756 32756 32756 32756 32756 32756 32756 32756 32756 22274 
15933 15933 15933 15933 15933 15933 15933 15933 15933 15933 15933 15933 15933 15933 15933 15933 15933 15933 15933 15933 15933 10699 29988 29988 29988 29988 29988 29988 29988 29988 29988 29988 20298 
8572 8572 8572 8572 8572 8572 8572 8572 8572 8572 8572 8572 8572 8572 8572 8572 8572 8572 8572 8572 8572 6004 33260 33260 33260 33260 33260 33260 33260 33260 33260 33260 23636 
15861 15861 15861 15861 15861 15861 15861 15861 15861 15861 15861 15861 15861 15861 15861 15861 15861 15861 15861 15861 15861 10675 29748 29748 29748 29748 29748 29748 29748 29748 29748 29748 20190 
14901 14901 14901 14901 14901 14901 14901 14901 14901 14901 14901 14901 14901 14901 14901 14901 14901 14901 14901 14901 14901 9571 37044 37044 37044 37044 37044 37044 37044 37044 37044 37044 27090 
20321 20321 20321 20321 20321 20321 20321 20321 20321 20321 20321 20321 20321 20321 20321 20321 20321 20321 20321 20321 20321 14823 42948 42948 42948 42948 42948 42948 42948 42948 42948 42948 32532 
14073 14073 14073 14073 14073 14073 14073 14073 14073 14073 14073 14073 14073 14073 14073 14073 14073 14073 14073 14073 14073 8863 17320 17320 17320 17320 17320 17320 17320 17320 17320 17320 10258 
19613 19613 19613 19613 19613 19613 19613 19613 19613 19613 19613 19613 19613 19613 19613 19613 19613 19613 19613 19613 19613 14427 41324 41324 41324 41324 41324 41324 41324 41324 41324 41324 31766 
14561 14561 14561 14561 14561 14561 14561 14561 14561 14561 14561 14561 14561 14561 14561 14561 14561 14561 14561 14561 14561 9447 12360 12360 12360 12360 12360 12360 12360 12360 12360 12360 5562 
12649 12649 12649 12649 12649 12649 12649 12649 12649 12649 12649 12649 12649 12649 12649 12649 12649 12649 12649 12649 12649 7535 30196 30196 30196 30196 30196 30196 30196 30196 30196 30196 20836 
4284 4284 4284 4284 4284 4284 4284 4284 4284 4284 4284 4284 4284 4284 4284 4284 4284 4284 4284 4284 4284 1428 33900 33900 33900 33900 33900 33900 33900 33900 33900 33900 23484 
17577 17577 17577 17577 17577 17577 17577 17577 17577 17577 17577 17577 17577 17577 17577 17577 17577 17577 17577 17577 17577 12127 39868 39868 39868 39868 39868 39868 39868 39868 39868 39868 29584 
20069 20069 20069 20069 20069 20069 20069 20069 20069 20069 20069 20069 20069 20069 20069 20069 20069 20069 20069 20069 20069 14739 42108 42108 42108 42108 42108 42108 42108 42108 42108 42108 32154 
19805 19805 19805 19805 19805 19805 19805 19805 19805 19805 19805 19805 19805 19805 19805 19805 19805 19805 19805 19805 19805 14475 42116 42116 42116 42116 42116 42116 42116 42116 42116 42116 32162 
14177 14177 14177 14177 14177 14177 14177 14177 14177 14177 14177 14177 14177 14177 14177 14177 14177 14177 14177 14177 14177 8823 30564 30564 30564 30564 30564 30564 30564 30564 30564 30564 20544 
16221 16221 16221 16221 16221 16221 16221 16221 16221 16221 16221 16221 16221 16221 16221 16221 16221 16221 16221 16221 16221 10795 30948 30948 30948 30948 30948 30948 30948 30948 30948 30948 20730 
8700 8700 8700 8700 8700 8700 8700 8700 8700 8700 8700 8700 8700 8700 8700 8700 8700 8700 8700 8700 8700 6180 33196 33196 33196 33196 33196 33196 33196 33196 33196 33196 23704 
16437 16437 16437 16437 16437 16437 16437 16437 16437 16437 16437 16437 16437 16437 16437 16437 16437 16437 16437 16437 16437 10867 31668 31668 31668 31668 31668 31668 31668 31668 31668 31668 21054 
14109 14109 14109 14109 14109 14109 14109 14109 14109 14109 14109 14109 14109 14109 14109 14109 14109 14109 14109 14109 14109 8875 17440 17440 17440 17440 17440 17440 17440 17440 17440 17440 10312 
14937 14937 14937 14937 14937 14937 14937 14937 14937 14937 14937 14937 14937 14937 14937 14937 14937 14937 14937 14937 14937 9583 37164 37164 37164 37164 37164 37164 37164 37164 37164 37164 27144 
20321 20321 20321 20321 20321 20321 20321 20321 20321 20321 20321 20321 20321 20321 20321 20321 20321 20321 20321 20321 20321 14823 42948 42948 42948 42948 42948 42948 42948 42948 42948 42948 32532 
12149 12149 12149 12149 12149 12149 12149 12149 12149 12149 12149 12149 12149 12149 12149 12149 12149 12149 12149 12149 12149 6771 32036 32036 32036 32036 32036 32036 32036 32036 32036 32036 21950 
14577 14577 14577 14577 14577 14577 14577 14577 14577 14577 14577 14577 14577 14577 14577 14577 14577 14577 14577 14577 14577 9031 19000 19000 19000 19000 19000 19000 19000 19000 19000 19000 11014 
15261 15261 15261 15261 15261 15261 15261 15261 15261 15261 15261 15261 15261 15261 15261 15261 15261 15261 15261 15261 15261 9691 38244 38244 38244 38244 38244 38244 38244 38244 38244 38244 27630 
12577 12577 12577 12577 12577 12577 12577 12577 12577 12577 12577 12577 12577 12577 12577 12577 12577 12577 12577 12577 12577 7511 29956 29956 29956 29956 29956 29956 29956 29956 29956 29956 20728 
12685 12685 12685 12685 12685 12685 12685 12685 12685 12685 12685 12685 12685 12685 12685 12685 12685 12685 12685 12685 12685 7547 30316 30316 30316 30316 30316 30316 30316 30316 30316 30316 20890 
15393 15393 15393 15393 15393 15393 15393 15393 15393 15393 15393 15393 15393 15393 15393 15393 15393 15393 15393 15393 15393 10135 16840 16840 16840 16840 16840 16840 16840 16840 16840 16840 9646 
20249 20249 20249 20249 20249 20249 20249 20249 20249 20249 20249 20249 20249 20249 20249 20249 20249 20249 20249 20249 20249 14799 42708 42708 42708 42708 42708 42708 42708 42708 42708 42708 32424 
3924 3924 3924 3924 3924 3924 3924 3924 3924 3924 3924 3924 3924 3924 3924 3924 3924 3924 3924 3924 3924 1308 32700 32700 32700 32700 32700 32700 32700 32700 32700 32700 22944 
12293 12293 12293 12293 12293 12293 12293 12293 12293 12293 12293 12293 12293 12293 12293 12293 12293 12293 12293 12293 12293 6819 32516 32516 32516 32516 32516 32516 32516 32516 32516 32516 22166 
11861 11861 11861 11861 11861 11861 11861 11861 11861 11861 11861 11861 11861 11861 11861 11861 11861 11861 11861 11861 11861 6675 31076 31076 31076 31076 31076 31076 31076 31076 31076 31076 21518 
16005 16005 16005 16005 16005 16005 16005 16005 16005 16005 16005 16005 16005 16005 16005 16005 16005 16005 16005 16005 16005 10723 30228 30228 30228 30228 30228 30228 30228 30228 30228 30228 20406 
14037 14037 14037 14037 14037 14037 14037 14037 14037 14037 14037 14037 14037 14037 14037 14037 14037 14037 14037 14037 14037 8851 17200 17200 17200 17200 17200 17200 17200 17200 17200 17200 10204 
14937 14937 14937 14937 14937 14937 14937 14937 14937 14937 14937 14937 14937 14937 14937 14937 14937 14937 14937 14937 14937 9583 37164 37164 37164 37164 37164 37164 37164 37164 37164 37164 27144 
14433 14433 14433 14433 14433 14433 14433 14433 14433 14433 14433 14433 14433 14433 14433 14433 14433 14433 14433 14433 14433 8983 18520 18520 18520 18520 18520 18520 18520 18520 18520 18520 10798 
19769 19769 19769 19769 19769 19769 19769 19769 19769 19769 19769 19769 19769 19769 19769 19769 19769 19769 19769 19769 19769 14463 41996 41996 41996 41996 41996 41996 41996 41996 41996 41996 32108 
14381 14381 14381 14381 14381 14381 14381 14381 14381 14381 14381 14381 14381 14381 14381 14381 14381 14381 14381 14381 14381 9195 30004 30004 30004 30004 30004 30004 30004 30004 30004 30004 20446 
11789 11789 11789 11789 11789 11789 11789 11789 11789 11789 11789 11789 11789 11789 11789 11789 11789 11789 11789 11789 11789 6507 31988 31988 31988 31988 31988 31988 31988 31988 31988 31988 22166 
18461 18461 18461 18461 18461 18461 18461 18461 18461 18461 18461 18461 18461 18461 18461 18461 18461 18461 18461 18461 18461 12891 41300 41300 41300 41300 41300 41300 41300 41300 41300 41300 30686 
14433 14433 14433 14433 14433 14433 14433 14433 14433 14433 14433 14433 14433 14433 14433 14433 14433 14433 14433 14433 14433 8983 18520 18520 18520 18520 18520 18520 18520 18520 18520 18520 10798 
8860 8860 8860 8860 8860 8860 8860 8860 8860 8860 8860 8860 8860 8860 8860 8860 8860 8860 8860 8860 8860 6100 34220 34220 34220 34220 34220 34220 34220 34220 34220 34220 24068 
11609 11609 11609 11609 11609 11609 11609 11609 11609 11609 11609 11609 11609 11609 11609 11609 11609 11609 11609 11609 11609 6447 31388 31388 31388 31388 31388 31388 31388 31388 31388 31388 21896 
14757 14757 14757 14757 14757 14757 14757 14757 14757 14757 14757 14757 14757 14757 14757 14757 14757 14757 14757 14757 14757 9523 36564 36564 36564 36564 36564 36564 36564 36564 36564 36564 26874 
8988 8988 8988 8988 8988 8988 8988 8988 8988 8988 8988 8988 8988 8988 8988 8988 8988 8988 8988 8988 8988 6276 34156 34156 34156 34156 34156 34156 34156 34156 34156 34156 24136 
13081 13081 13081 13081 13081 13081 13081 13081 13081 13081 13081 13081 13081 13081 13081 13081 13081 13081 13081 13081 13081 7679 31636 31636 31636 31636 31636 31636 31636 31636 31636 31636 21484 
16113 16113 16113 16113 16113 16113 16113 16113 16113 16113 16113 16113 16113 16113 16113 16113 16113 16113 16113 16113 16113 10759 30588 30588 30588 30588 30588 30588 30588 30588 30588 30588 20568 
15281 15281 15281 15281 15281 15281 15281 15281 15281 15281 15281 15281 15281 15281 15281 15281 15281 15281 15281 15281 15281 10023 37436 37436 37436 37436 37436 37436 37436 37436 37436 37436 27680 
12937 12937 12937 12937 12937 12937 12937 12937 12937 12937 12937 12937 12937 12937 12937 12937 12937 12937 12937 12937 12937 7631 31156 31156 31156 31156 31156 31156 31156 31156 31156 31156 21268 
16149 16149 16149 16149 16149 16149 16149 16149 16149 16149 16149 16149 16149 16149 16149 16149 16149 16149 16149 16149 16149 10771 30708 30708 30708 30708 30708 30708 30708 30708 30708 30708 20622 
15065 15065 15065 15065 15065 15065 15065 15065 15065 15065 15065 15065 15065 15065 15065 15065 15065 15065 15065 15065 15065 9615 14040 14040 14040 14040 14040 14040 14040 14040 14040 14040 6318 
15173 15173 15173 15173 15173 15173 15173 15173 15173 15173 15173 15173 15173 15173 15173 15173 15173 15173 15173 15173 15173 9651 14400 14400 14400 14400 14400 14400 14400 14400 14400 14400 6480 
14957 14957 14957 14957 14957 14957 14957 14957 14957 14957 14957 14957 14957 14957 14957 14957 14957 14957 14957 14957 14957 9579 13680 13680 13680 13680 13680 13680 13680 13680 13680 13680 6156 
15749 15749 15749 15749 15749 15749 15749 15749 15749 15749 15749 15749 15749 15749 15749 15749 15749 15749 15749 15749 15749 10179 38996 38996 38996 38996 38996 38996 38996 38996 38996 38996 28382 
17253 17253 17253 17253 17253 17253 17253 17253 17253 17253 17253 17253 17253 17253 17253 17253 17253 17253 17253 17253 17253 12019 38788 38788 38788 38788 38788 38788 38788 38788 38788 38788 29098 
17289 17289 17289 17289 17289 17289 17289 17289 17289 17289 17289 17289 17289 17289 17289 17289 17289 17289 17289 17289 17289 12031 38908 38908 38908 38908 38908 38908 38908 38908 38908 38908 29152 
14433 14433 14433 14433 14433 14433 14433 14433 14433 14433 14433 14433 14433 14433 14433 14433 14433 14433 14433 14433 14433 8983 18520 18520 18520 18520 18520 18520 18520 18520 18520 18520 10798 
8808 8808 8808 8808 8808 8808 8808 8808 8808 8808 8808 8808 8808 8808 8808 8808 8808 8808 8808 8808 8808 6216 33556 33556 33556 33556 33556 33556 33556 33556 33556 33556 23866 
8680 8680 8680 8680 8680 8680 8680 8680 8680 8680 8680 8680 8680 8680 8680 8680 8680 8680 8680 8680 8680 6040 33620 33620 33620 33620 33620 33620 33620 33620 33620 33620 23798 
8500 8500 8500 8500 8500 8500 8500 8500 8500 8500 8500 8500 8500 8500 8500 8500 8500 8500 8500 8500 8500 5980 33020 33020 33020 33020 33020 33020 33020 33020 33020 33020 23528 
17993 17993 17993 17993 17993 17993 17993 17993 17993 17993 17993 17993 17993 17993 17993 17993 17993 17993 17993 17993 17993 12735 39740 39740 39740 39740 39740 39740 39740 39740 39740 39740 29984 
14541 14541 14541 14541 14541 14541 14541 14541 14541 14541 14541 14541 14541 14541 14541 14541 14541 14541 14541 14541 14541 9019 18880 18880 18880 18880 18880 18880 18880 18880 18880 18880 10960 
8988 8988 8988 8988 8988 8988 8988 8988 8988 8988 8988 8988 8988 8988 8988 8988 8988 8988 8988 8988 8988 6276 34156 34156 34156 34156 34156 34156 34156 34156 34156 34156 24136 
14721 14721 14721 14721 14721 14721 14721 14721 14721 14721 14721 14721 14721 14721 14721 14721 14721 14721 14721 14721 14721 9079 19480 19480 19480 19480 19480 19480 19480 19480 19480 19480 11230 
19973 19973 19973 19973 19973 19973 19973 19973 19973 19973 19973 19973 19973 19973 19973 19973 19973 19973 19973 19973 19973 14547 42524 42524 42524 42524 42524 42524 42524 42524 42524 42524 32306 
3780 3780 3780 3780 3780 3780 3780 3780 3780 3780 3780 3780 3780 3780 3780 3780 3780 3780 3780 3780 3780 1260 32220 32220 32220 32220 32220 32220 32220 32220 32220 32220 22728 
20093 20093 20093 20093 20093 20093 20093 20093 20093 20093 20093 20093 20093 20093 20093 20093 20093 20093 20093 20093 20093 14571 43076 43076 43076 43076 43076 43076 43076 43076 43076 43076 32594 
16329 16329 16329 16329 16329 16329 16329 16329 16329 16329 16329 16329 16329 16329 16329 16329 16329 16329 16329 16329 16329 10831 31308 31308 31308 31308 31308 31308 31308 31308 31308 31308 20892 
14525 14525 14525 14525 14525 14525 14525 14525 14525 14525 14525 14525 14525 14525 14525 14525 14525 14525 14525 14525 14525 9243 30484 30484 30484 30484 30484 30484 30484 30484 30484 30484 20662 
19661 19661 19661 19661 19661 19661 19661 19661 19661 19661 19661 19661 19661 19661 19661 19661 19661 19661 19661 19661 19661 14427 41636 41636 41636 41636 41636 41636 41636 41636 41636 41636 31946 
20045 20045 20045 20045 20045 20045 20045 20045 20045 20045 20045 20045 20045 20045 20045 20045 20045 20045 20045 20045 20045 14571 42764 42764 42764 42764 42764 42764 42764 42764 42764 42764 32414 
14777 14777 14777 14777 14777 14777 14777 14777 14777 14777 14777 14777 14777 14777 14777 14777 14777 14777 14777 14777 14777 9327 31324 31324 31324 31324 31324 31324 31324 31324 31324 31324 21040 
12509 12509 12509 12509 12509 12509 12509 12509 12509 12509 12509 12509 12509 12509 12509 12509 12509 12509 12509 12509 12509 6891 33236 33236 33236 33236 33236 33236 33236 33236 33236 33236 22490 
14577 14577 14577 14577 14577 14577 14577 14577 14577 14577 14577 14577 14577 14577 14577 14577 14577 14577 14577 14577 14577 9031 19000 19000 19000 19000 19000 19000 19000 19000 19000 19000 11014 
14501 14501 14501 14501 14501 14501 14501 14501 14501 14501 14501 14501 14501 14501 14501 14501 14501 14501 14501 14501 14501 8931 31644 31644 31644 31644 31644 31644 31644 31644 31644 31644 21030 
15245 15245 15245 15245 15245 15245 15245 15245 15245 15245 15245 15245 15245 15245 15245 15245 15245 15245 15245 15245 15245 9675 14640 14640 14640 14640 14640 14640 14640 14640 14640 14640 6588 
14993 14993 14993 14993 14993 14993 14993 14993 14993 14993 14993 14993 14993 14993 14993 14993 14993 14993 14993 14993 14993 9399 32044 32044 32044 32044 32044 32044 32044 32044 32044 32044 21364 
13853 13853 13853 13853 13853 13853 13853 13853 13853 13853 13853 13853 13853 13853 13853 13853 13853 13853 13853 13853 13853 8715 29484 29484 29484 29484 29484 29484 29484 29484 29484 29484 20058 
12901 12901 12901 12901 12901 12901 12901 12901 12901 12901 12901 12901 12901 12901 12901 12901 12901 12901 12901 12901 12901 7619 31036 31036 31036 31036 31036 31036 31036 31036 31036 31036 21214 
19757 19757 19757 19757 19757 19757 19757 19757 19757 19757 19757 19757 19757 19757 19757 19757 19757 19757 19757 19757 19757 14475 41804 41804 41804 41804 41804 41804 41804 41804 41804 41804 31982 
15281 15281 15281 15281 15281 15281 15281 15281 15281 15281 15281 15281 15281 15281 15281 15281 15281 15281 15281 15281 15281 9687 14760 14760 14760 14760 14760 14760 14760 14760 14760 14760 6642 
]

ExternalWorkerWithSkillOnStintCost: [
17730 12060 15870 12600 14370 13860 16500 13380 17970 16890 13290 16650 17010 14160 16740 15150 17700 14970 15270 13140 12240 8064 36360 38376 34416 30888 39312 37728 38232 35712 42336 30816 30180 
15030 12780 14640 14760 14190 12720 17310 13530 13320 17820 17880 13290 17970 13110 14430 14880 12660 13380 12900 13110 15270 9558 35136 41400 35856 34272 37440 39240 36864 37008 29520 43056 24600 
15120 12510 13260 17730 14490 15780 13200 13560 17160 17880 12030 16320 13560 14610 15210 15690 13740 12240 17970 16350 15450 10530 32328 32184 40032 35928 42480 32976 29016 32472 29664 40464 33840 
15090 15030 13710 12930 14460 15120 15870 16710 14940 16500 13980 12720 17070 16470 12330 14250 16500 17250 16320 17070 16710 10638 29952 31032 41040 34992 31536 28944 36360 36576 34056 38736 27060 
14430 14100 14760 16680 15090 15690 14340 17100 16140 17520 17880 16380 17640 17670 12780 17640 15870 13440 14580 13290 16320 8586 32400 38448 40176 29520 32616 42912 36360 31680 30168 32400 26820 
16230 15270 16200 15450 17490 13080 16800 12690 13170 13890 14310 16020 12420 14730 16740 16380 15120 14550 17610 16800 17430 10602 30960 28800 42480 38736 31464 40680 42048 35712 39456 39528 31020 
]

OverlappingStints: [
[ 23 ]
[ 23 ]
[ 23 24 ]
[ 24 ]
[ 24 25 ]
[ 25 ]
[ 25 26 ]
[ 26 ]
[ 26 27 ]
[ 27 ]
[ 27 28 ]
[ 28 ]
[ 28 29 ]
[ 29 ]
[ 29 30 ]
[ 30 ]
[ 30 31 ]
[ 31 ]
[ 31 32 ]
[ 32 ]
[ 32 33 ]
[ 33 ]
[ 24 ]
[ 25 ]
[ 26 ]
[ 27 ]
[ 28 ]
[ 29 ]
[ 30 ]
[ 31 ]
[ 32 ]
[ 33 ]
[ ]
]

EmployeesWithSkill: [
[ 1 2 3 4 5 6 7 8 9 10 11 12 13 14 15 16 17 18 19 20 21 22 23 24 25 26 27 28 29 30 31 32 33 34 35 36 37 38 39 40 41 42 43 44 45 46 47 48 49 50 51 52 53 54 55 56 57 58 59 60 61 62 63 64 65 66 67 68 69 70 71 72 73 74 75 76 77 78 79 80 81 82 83 84 85 86 87 88 89 90 91 92 93 94 95 96 97 98 99 100 101 102 103 104 105 106 107 108 109 110 111 112 113 114 115 116 117 118 119 120 121 122 123 124 125 126 127 128 129 130 131 132 133 134 135 136 137 138 139 140 141 142 143 144 145 146 147 148 149 150 ]
[ 1 2 3 4 5 6 7 8 9 10 11 12 13 14 16 17 18 20 21 22 23 24 25 26 27 28 29 30 31 33 34 35 37 38 39 40 41 42 43 44 45 46 47 48 49 50 51 52 54 55 56 57 58 59 60 61 62 63 64 65 66 67 68 69 70 71 72 73 74 75 76 77 78 79 80 81 83 84 85 86 87 88 89 91 92 93 96 97 98 99 100 101 102 103 104 105 107 108 109 110 111 112 113 114 115 116 117 118 119 120 121 122 123 124 125 126 127 128 129 130 131 132 133 134 135 137 138 139 141 142 143 144 145 146 147 148 149 150 ]
[ 2 4 5 6 7 9 10 11 13 16 17 18 19 21 22 23 24 26 27 28 29 31 32 34 36 37 38 39 40 41 42 43 44 45 49 50 53 54 55 59 60 62 63 64 65 66 67 68 71 72 73 74 75 77 78 79 80 81 82 83 84 87 88 89 90 91 92 94 97 98 99 100 102 103 104 105 106 108 109 110 112 113 114 119 120 121 122 123 124 128 131 132 133 134 135 136 137 138 139 140 141 142 143 144 145 146 147 148 149 150 ]
[ 4 6 15 17 18 28 31 44 48 54 55 66 72 81 82 87 93 97 101 109 123 125 132 138 143 146 149 ]
[ 1 3 5 6 7 8 9 10 15 17 18 19 20 21 23 24 26 28 29 30 32 33 35 36 38 39 41 42 45 46 47 48 49 50 51 52 53 54 56 58 59 61 62 64 65 66 67 68 70 71 72 73 74 77 81 82 83 85 86 88 89 91 92 93 94 95 97 99 100 103 104 105 106 107 109 110 111 112 113 114 115 116 117 118 119 122 123 124 125 126 127 128 129 131 132 133 134 135 136 137 138 139 140 142 144 145 148 150 ]
[ 1 2 3 4 5 6 7 8 9 10 11 12 13 14 15 16 17 18 19 20 21 22 23 24 25 26 27 28 29 30 31 32 33 34 35 36 37 38 39 40 41 43 44 45 46 49 50 51 52 55 56 57 58 60 61 62 63 64 65 66 67 68 69 70 72 73 74 75 76 78 79 81 82 83 84 85 86 87 88 89 90 91 92 93 94 95 96 97 98 99 100 101 102 103 104 105 106 107 108 109 110 111 112 113 114 115 116 117 118 119 120 121 122 123 124 125 126 127 128 129 130 131 133 134 135 136 137 138 139 140 141 142 143 145 146 148 150 ]
]

SkillDemandInActivityWithMode: [
0	1	
4	7	
6	10	
6	10	
6	10	
4	7	
5	9	
3	6	
5	9	
4	7	
4	7	
1	3	
5	9	
3	6	
3	6	
2	4	
5	9	
0	1	
16	25	
37	57	
37	57	
25	39	
41	63	
61	93	
22	34	
37	57	
12	19	
16	25	
31	48	
61	93	
37	57	
61	93	
11	18	
16	25	
41	63	
61	93	
31	48	
29	45	
46	70	
12	19	

0	1	
31	48	
49	75	
49	75	
49	75	
30	46	
49	75	
24	37	
41	63	
35	54	
30	46	
9	15	
49	75	
27	42	
27	42	
19	30	
49	75	
0	1	
7	12	
17	27	
17	27	
11	18	
19	30	
28	43	
10	16	
17	27	
5	9	
7	12	
14	22	
28	43	
17	27	
28	43	
4	7	
7	12	
19	30	
28	43	
14	22	
13	21	
21	33	
5	9	

0	1	
45	69	
72	109	
72	109	
72	109	
45	69	
72	109	
36	55	
60	91	
51	78	
45	69	
13	21	
72	109	
39	60	
39	60	
27	42	
71	108	
0	1	
0	1	
1	3	
1	3	
1	3	
2	4	
3	6	
1	3	
1	3	
0	1	
0	1	
1	3	
3	6	
1	3	
3	6	
0	1	
0	1	
2	4	
3	6	
1	3	
1	3	
2	4	
0	1	

0	1	
8	13	
13	21	
13	21	
13	21	
8	13	
13	21	
6	10	
11	18	
9	15	
8	13	
2	4	
13	21	
7	12	
7	12	
5	9	
13	21	
0	1	
0	1	
2	4	
2	4	
1	3	
2	4	
3	6	
1	3	
2	4	
0	1	
0	1	
1	3	
3	6	
2	4	
3	6	
0	1	
0	1	
2	4	
3	6	
1	3	
1	3	
2	4	
0	1	

0	1	
29	45	
47	72	
47	72	
47	72	
29	45	
47	72	
23	36	
39	60	
34	52	
29	45	
9	15	
47	72	
26	40	
26	40	
18	28	
47	72	
0	1	
4	7	
10	16	
10	16	
6	10	
11	18	
16	25	
5	9	
10	16	
3	6	
4	7	
8	13	
16	25	
10	16	
16	25	
2	4	
4	7	
11	18	
16	25	
8	13	
7	12	
12	19	
3	6	

0	1	
7	12	
12	19	
12	19	
12	19	
7	12	
12	19	
6	10	
10	16	
8	13	
7	12	
2	4	
12	19	
6	10	
6	10	
4	7	
11	18	
0	1	
12	19	
30	46	
30	46	
20	31	
33	51	
50	76	
17	27	
30	46	
9	15	
12	19	
25	39	
50	76	
30	46	
50	76	
8	13	
12	19	
33	51	
50	76	
25	39	
23	36	
38	58	
9	15	

]

EmployeeAvailability: [
1 1 1 1 1 1 1 1 1 1 1 1 1 1 1 1 1 1 1 1 1 1 1 1 1 1 1 1 1 1 1 1 1 
1 1 1 1 1 1 1 1 1 1 1 1 1 1 1 1 1 1 1 1 1 1 1 1 1 1 1 1 1 1 1 1 1 
1 1 1 1 1 1 1 1 1 1 1 1 1 1 1 1 1 1 1 1 1 1 1 1 1 1 1 1 1 1 1 1 1 
1 1 0 1 1 1 1 1 1 1 1 1 1 1 1 1 1 0 1 1 1 1 1 0 1 1 1 1 1 1 0 1 1 
1 1 1 1 1 1 1 1 1 1 1 1 1 1 1 1 1 1 1 1 1 1 1 1 1 1 1 1 1 1 1 1 1 
1 1 1 1 1 1 1 1 1 1 0 1 1 1 1 1 1 1 1 1 1 1 1 1 1 1 1 0 1 1 1 1 1 
1 1 1 1 1 1 1 1 1 1 1 1 1 1 1 1 1 0 1 1 1 1 0 1 1 1 1 1 1 1 0 1 1 
1 1 1 1 1 1 1 1 1 1 1 1 1 1 1 1 1 1 1 1 1 1 1 1 1 1 1 1 1 1 1 1 1 
1 1 1 1 1 1 1 1 1 1 1 1 1 1 1 1 1 1 1 1 1 1 1 1 1 1 1 1 1 1 1 1 0 
1 1 1 1 1 1 1 1 1 1 1 1 1 1 1 1 1 1 1 1 1 1 1 1 1 1 1 1 1 1 1 1 1 
1 1 1 1 1 1 1 1 1 1 1 1 1 1 1 1 1 0 1 1 0 1 1 1 1 1 1 1 1 1 0 1 0 
1 1 1 1 1 1 1 1 1 1 1 0 1 1 1 1 1 1 1 1 1 1 1 0 1 1 1 0 1 1 1 1 1 
1 1 1 1 1 1 1 1 1 1 1 1 1 1 1 1 1 0 1 1 1 1 1 1 1 1 1 1 1 1 0 1 1 
1 1 1 1 1 1 1 1 1 1 1 1 1 1 1 1 1 1 1 1 0 1 1 1 1 1 1 1 1 1 1 1 0 
1 1 1 1 1 1 1 1 1 1 1 1 1 1 1 1 1 1 1 1 1 1 1 1 1 1 1 1 1 1 1 1 1 
0 1 1 1 0 1 1 1 1 1 1 1 1 1 0 1 1 1 1 1 1 1 0 1 0 1 1 1 1 0 1 1 1 
1 1 0 1 1 1 1 1 1 0 1 0 1 1 1 1 1 1 1 1 1 1 1 0 1 1 0 0 1 1 1 1 1 
1 1 1 1 1 1 1 1 1 1 1 1 1 1 1 1 1 1 1 1 1 1 1 1 1 1 1 1 1 1 1 1 1 
1 1 1 1 1 1 0 1 1 0 1 1 1 1 1 1 1 1 1 1 1 1 1 1 1 0 0 1 1 1 1 1 1 
1 1 1 1 1 1 0 1 1 1 1 1 1 1 1 1 1 1 1 1 0 1 1 1 1 0 1 1 1 1 1 1 0 
0 1 1 1 1 1 1 1 1 1 1 1 1 1 1 1 1 1 1 1 1 1 0 1 1 1 1 1 1 1 1 1 1 
1 1 1 1 1 1 0 1 1 1 1 1 1 1 1 1 1 1 1 1 1 1 1 1 1 0 1 1 1 1 1 1 1 
1 1 1 1 1 1 1 1 1 1 1 1 0 1 1 1 1 1 1 1 1 1 1 1 1 1 1 1 0 1 1 1 1 
1 1 1 1 1 1 1 1 1 1 0 0 1 1 1 1 1 0 1 1 1 1 1 1 1 1 1 0 1 1 0 1 1 
1 1 1 1 1 1 1 1 1 1 1 1 1 0 1 1 1 1 1 1 1 1 1 1 1 1 1 1 0 0 1 1 1 
1 1 0 1 1 1 1 1 1 1 1 1 1 1 1 1 1 1 1 1 1 1 1 0 1 0 1 1 1 1 1 1 1 
1 1 1 1 1 1 1 1 1 1 1 1 1 1 1 1 1 1 0 1 1 1 1 1 1 1 1 1 1 1 1 0 1 
1 1 1 0 1 1 1 1 1 1 1 1 1 1 1 1 1 1 1 1 1 1 1 0 0 1 1 1 1 0 1 1 1 
1 1 0 1 0 1 1 1 1 1 1 1 1 1 1 1 1 1 1 1 1 1 1 0 0 1 1 1 1 1 1 1 1 
1 1 1 1 1 1 1 1 1 1 1 1 1 1 1 1 1 0 1 1 1 1 1 1 1 1 1 1 1 1 0 1 1 
1 1 1 1 1 1 1 1 1 1 1 1 1 1 1 1 0 1 1 1 1 1 1 1 1 1 1 1 1 1 0 1 1 
1 1 1 1 1 1 1 1 1 1 1 1 1 1 1 1 1 1 1 1 1 1 1 1 1 1 1 1 1 1 1 1 1 
1 1 1 1 1 1 1 1 1 1 1 1 1 1 1 1 1 1 1 1 1 1 1 1 1 1 1 1 1 1 1 1 1 
1 1 0 1 1 1 1 1 1 1 0 1 1 1 1 1 1 1 1 1 0 1 1 0 1 1 1 0 1 1 1 1 0 
1 1 1 0 1 1 1 1 1 1 1 1 1 1 1 1 0 1 1 1 1 1 1 0 1 1 1 1 1 1 0 1 1 
1 1 1 1 1 1 1 1 1 1 0 1 1 1 1 1 1 1 1 1 1 1 1 1 1 1 1 0 1 1 1 1 1 
1 1 0 1 1 1 1 0 1 1 1 1 1 1 1 1 1 1 1 1 1 1 1 0 1 0 1 1 0 1 1 1 1 
1 0 1 1 1 1 1 0 1 1 1 1 1 1 1 1 1 1 1 1 0 1 0 1 1 0 1 1 1 1 1 1 0 
1 1 1 1 1 1 1 1 1 1 1 1 1 1 1 1 0 1 1 1 1 1 1 1 1 1 1 1 1 1 0 1 1 
1 1 1 0 1 1 1 1 1 1 1 0 1 1 1 1 1 1 1 1 1 1 1 0 1 1 1 0 1 1 1 1 1 
1 1 1 1 1 1 1 1 1 0 1 1 1 1 1 1 1 1 1 1 1 1 1 1 1 1 0 1 1 0 1 1 1 
1 1 1 1 1 1 1 1 1 1 1 1 1 0 1 1 1 1 1 1 1 1 1 1 1 1 1 1 0 1 1 1 1 
1 1 1 1 1 1 1 1 1 1 1 1 1 1 1 1 1 1 1 1 1 1 1 1 1 1 1 1 0 1 1 1 1 
1 1 1 1 1 1 1 1 1 0 1 1 1 1 0 1 1 1 1 1 1 1 1 1 1 1 0 1 1 0 1 1 1 
1 1 1 1 1 1 1 0 1 1 1 1 1 1 1 1 0 1 0 1 1 1 1 1 1 0 1 1 1 1 0 0 1 
1 1 1 1 1 1 1 1 1 1 1 1 1 1 1 1 1 1 1 1 1 1 1 1 1 1 1 1 1 1 1 1 1 
1 1 1 1 1 1 1 1 1 1 1 1 1 1 1 1 1 1 1 1 1 1 1 1 1 1 1 1 1 1 1 1 1 
0 1 1 0 1 1 1 1 1 1 1 1 1 1 1 1 1 1 1 1 1 1 0 0 1 1 1 1 1 1 1 1 1 
1 1 1 1 1 1 1 1 1 1 1 1 1 1 1 1 1 1 1 1 1 1 1 1 1 1 1 1 1 1 1 1 1 
1 1 1 1 1 1 1 1 1 1 0 1 1 1 1 1 1 1 1 1 1 1 1 1 1 1 1 0 1 1 1 1 1 
1 1 1 1 1 1 1 1 1 1 1 1 1 1 0 1 0 1 1 1 1 1 1 1 1 1 1 1 1 0 0 1 1 
1 1 0 1 1 1 1 1 1 1 1 1 1 1 1 1 1 1 1 0 1 1 1 0 1 1 1 1 1 1 1 0 1 
1 1 1 1 1 1 1 1 1 1 1 1 1 1 1 1 1 1 1 1 1 1 1 1 1 1 1 1 1 1 1 1 0 
1 1 1 1 1 1 1 1 1 1 1 1 1 1 1 1 1 1 1 1 1 1 1 1 1 1 1 0 1 1 1 1 1 
1 1 0 1 1 1 1 1 0 1 1 1 1 1 1 1 1 1 1 1 1 1 1 0 1 1 0 1 1 1 1 1 1 
1 1 1 1 1 1 0 1 1 1 1 1 1 1 1 1 1 1 0 1 1 1 1 1 1 0 1 1 1 1 1 0 1 
1 1 1 1 1 1 1 1 1 1 1 0 1 1 1 1 1 1 0 1 1 1 1 1 1 1 1 0 1 1 1 0 1 
1 1 1 1 1 1 1 1 1 1 1 1 1 1 1 1 1 1 1 1 1 1 1 1 1 1 1 1 1 1 1 1 1 
1 1 1 1 1 1 1 1 1 1 1 0 1 1 1 1 1 1 1 1 1 1 1 1 1 1 1 0 1 1 1 1 1 
1 1 1 1 0 1 1 1 1 1 1 1 1 1 1 1 1 1 1 1 1 1 1 1 0 1 1 1 1 1 1 1 1 
1 1 1 1 1 1 1 1 1 1 1 1 1 1 1 0 1 1 1 1 1 1 0 1 1 1 1 1 1 0 1 1 1 
1 1 1 1 1 1 1 1 1 1 1 1 1 1 0 0 1 0 1 1 1 1 1 1 1 1 1 1 1 0 0 1 1 
1 1 1 1 1 1 1 1 1 1 1 1 1 1 1 1 1 1 1 1 1 1 1 1 1 1 1 1 1 1 1 1 1 
1 1 0 1 0 1 1 1 1 1 1 1 1 1 1 1 1 1 1 1 1 1 1 0 0 1 1 1 1 1 1 1 1 
1 1 1 1 1 1 1 0 1 1 1 1 1 1 1 1 1 1 1 1 1 1 1 1 1 0 1 1 1 1 1 1 1 
1 1 1 1 1 1 1 1 1 1 1 1 1 1 1 1 1 1 1 1 0 1 1 1 1 1 1 1 1 1 1 1 0 
1 1 1 1 1 1 1 1 1 1 1 1 1 1 1 1 1 0 0 1 1 1 1 1 1 1 1 1 1 1 0 0 1 
1 1 1 1 1 0 1 1 1 1 1 1 1 1 1 1 1 1 1 1 1 1 0 1 0 1 1 1 1 1 1 1 1 
1 1 1 1 0 1 1 1 1 1 1 1 1 1 1 1 1 1 1 1 0 1 1 1 0 1 1 1 1 1 1 1 0 
1 1 1 1 0 1 1 1 1 1 1 1 1 1 1 1 0 1 1 1 1 1 1 1 0 1 1 1 1 1 0 1 1 
1 1 1 1 1 1 1 0 1 1 0 1 1 1 1 1 1 1 1 1 1 1 1 1 1 0 1 0 1 1 0 1 1 
1 1 1 1 1 1 1 1 1 1 1 1 1 1 1 1 1 1 1 1 1 1 1 1 1 1 1 1 1 1 1 1 1 
1 1 1 1 1 1 1 1 1 1 1 1 1 1 1 1 1 1 1 1 1 1 1 1 1 1 1 1 1 1 1 1 1 
1 1 1 1 1 1 0 1 1 1 1 1 1 1 1 1 1 1 1 1 1 1 1 1 1 0 1 1 1 1 1 0 1 
1 1 1 1 1 1 1 1 1 1 1 1 1 1 1 1 1 1 1 1 1 1 1 1 1 1 1 1 1 1 1 1 1 
1 1 1 0 1 1 1 1 1 1 1 1 1 1 1 1 1 1 0 1 1 0 1 0 1 1 1 1 1 1 1 0 0 
1 1 1 1 1 1 1 1 1 1 1 1 1 1 1 1 0 1 1 1 1 1 1 1 1 1 1 0 1 0 0 1 1 
1 1 1 0 1 1 1 1 1 0 1 1 1 1 1 1 1 1 1 1 0 1 1 0 1 1 0 1 1 1 1 1 0 
0 1 1 1 1 1 1 1 1 1 1 1 1 1 1 1 1 1 1 1 1 1 0 1 1 1 1 1 1 1 1 1 1 
1 1 1 1 1 1 1 1 1 1 1 1 1 1 1 1 1 1 1 1 1 1 1 1 1 1 1 1 1 1 1 1 1 
1 1 1 1 1 1 1 1 1 0 1 1 1 1 1 1 1 1 1 1 1 1 1 1 1 1 0 1 1 1 1 1 1 
1 1 1 1 1 0 1 1 1 1 1 1 1 1 1 1 1 1 1 1 1 1 1 1 0 1 1 1 1 1 1 1 1 
1 1 1 1 1 1 1 1 1 1 1 0 1 1 1 1 1 1 1 1 1 1 1 1 1 1 1 0 1 1 1 1 1 
1 1 1 1 1 1 1 0 1 1 1 1 1 1 1 1 1 1 1 1 1 1 1 1 0 0 1 1 1 1 1 1 1 
1 1 1 1 1 1 1 1 1 1 1 1 1 1 0 1 1 1 1 1 1 1 1 1 1 1 1 1 1 0 1 1 1 
1 1 1 1 1 1 1 1 1 1 1 1 1 1 1 1 1 1 1 1 1 1 1 1 1 1 1 1 1 1 1 1 1 
1 1 1 1 1 1 1 1 1 1 1 1 1 1 0 1 1 1 1 1 1 1 1 1 1 1 1 1 1 0 0 1 1 
1 1 1 1 1 1 1 1 1 1 1 1 1 1 1 1 0 1 1 1 0 1 1 1 1 1 1 1 1 1 0 1 0 
1 1 1 1 1 1 1 1 1 1 1 1 1 1 1 1 1 1 1 1 1 1 1 1 1 1 1 1 1 1 1 1 1 
1 1 1 1 1 1 1 1 1 1 1 1 1 1 1 1 1 1 1 0 1 1 1 1 1 1 1 1 1 0 1 0 1 
1 1 1 1 1 1 1 1 1 1 1 1 1 1 1 1 1 1 1 1 1 1 1 1 1 1 1 1 1 1 1 1 1 
1 1 1 1 1 1 1 1 1 1 1 1 1 1 1 1 1 1 1 1 1 1 1 1 1 1 1 1 1 1 1 1 1 
1 1 1 1 1 1 1 1 1 1 1 1 1 1 1 1 1 1 1 1 1 1 0 1 1 1 1 1 1 1 1 1 1 
1 1 0 1 1 1 1 1 1 1 1 1 1 1 1 1 1 1 1 1 1 1 1 0 1 1 1 1 1 1 0 1 1 
1 1 1 1 1 1 1 1 1 1 1 1 1 1 1 1 1 1 1 1 1 1 1 1 1 1 1 1 1 1 1 1 1 
1 1 1 1 1 1 1 1 1 1 1 1 1 1 1 1 1 1 1 1 1 1 1 1 1 1 1 1 1 1 1 1 1 
1 1 1 1 1 1 1 1 1 1 1 1 0 1 1 1 1 1 1 0 1 1 1 1 1 1 1 1 0 1 1 0 1 
1 1 1 0 1 1 1 1 1 1 1 1 1 1 1 1 1 1 1 1 1 1 1 0 1 1 1 1 0 0 1 1 1 
1 1 1 1 1 1 0 1 1 1 1 1 1 1 1 1 1 1 1 1 1 1 1 0 1 0 1 1 1 1 1 1 1 
1 1 1 1 1 0 1 1 1 1 1 1 1 1 1 1 1 1 1 1 1 1 1 1 0 1 1 1 1 1 1 1 1 
1 1 1 1 1 1 1 1 0 1 0 1 1 1 1 1 1 1 1 1 1 1 1 1 1 1 0 0 1 1 1 1 1 
1 1 0 1 1 1 1 1 1 1 1 1 1 1 1 1 1 1 1 1 1 1 1 0 1 1 1 0 1 1 1 1 1 
1 1 1 1 1 1 1 1 1 1 1 0 1 1 1 1 1 1 1 1 1 1 1 1 1 1 1 0 1 1 1 1 1 
1 0 1 1 1 0 1 1 0 1 1 1 1 1 1 1 1 1 1 1 1 1 0 1 0 1 0 1 1 1 1 1 1 
1 1 1 1 1 1 1 0 1 1 1 1 1 1 1 1 1 1 1 0 1 1 1 1 1 0 1 1 1 1 1 0 1 
1 1 1 1 1 1 1 1 1 1 1 1 1 1 1 1 1 1 1 1 1 1 1 1 1 1 1 1 1 1 1 1 1 
1 1 1 1 1 1 1 1 1 1 1 1 1 1 1 1 1 1 1 1 1 0 1 1 1 1 1 1 1 1 1 1 0 
1 1 1 1 1 1 1 1 1 0 1 1 1 1 1 1 0 1 1 1 1 1 1 1 1 1 0 1 1 1 0 1 1 
1 1 0 1 1 1 1 1 1 1 1 0 1 1 1 1 1 1 1 1 1 1 1 0 1 1 1 0 1 1 1 1 1 
0 1 1 1 1 1 1 1 1 1 1 1 1 1 1 1 1 1 1 1 1 1 0 1 1 1 1 1 1 1 1 1 1 
1 1 1 1 1 1 1 1 1 1 1 1 1 1 1 1 1 1 1 1 1 1 1 1 1 1 1 1 1 1 1 1 1 
1 1 1 1 1 1 0 1 1 1 1 1 1 1 1 1 1 1 1 1 1 1 1 1 1 0 1 1 1 1 1 1 1 
1 1 1 1 1 1 1 1 1 1 1 1 1 1 1 1 1 1 1 1 1 1 1 1 1 1 1 1 1 1 1 1 1 
1 1 1 1 1 1 1 1 1 1 1 1 1 1 1 1 1 1 1 1 1 1 1 1 1 1 1 1 1 1 1 1 1 
1 1 1 1 1 1 1 1 1 1 1 1 1 1 1 1 1 1 1 1 1 1 1 1 1 1 1 1 1 1 1 1 1 
1 1 1 1 1 1 1 1 1 1 1 1 1 1 0 1 1 1 1 1 1 1 1 1 1 1 1 1 1 0 1 1 1 
1 1 1 1 1 0 1 1 1 1 1 1 1 1 1 1 1 1 1 1 1 1 1 1 0 1 1 1 1 1 1 1 1 
1 1 1 1 1 1 1 1 1 1 1 1 1 1 1 1 1 1 1 1 1 1 1 1 1 1 1 1 1 1 1 1 1 
0 1 1 1 1 1 1 1 1 1 1 1 1 1 1 1 1 1 1 1 1 1 0 1 1 1 1 1 1 1 1 1 1 
1 1 1 1 1 1 1 1 1 1 1 1 1 1 1 1 1 1 1 1 1 1 1 1 1 1 1 1 1 1 1 1 1 
1 1 1 0 1 1 1 1 1 0 1 1 1 1 1 1 1 1 1 1 1 1 1 0 1 1 0 1 1 1 1 0 1 
1 1 1 1 1 1 1 1 1 1 0 1 1 1 1 1 1 0 1 0 1 1 1 1 1 1 1 0 1 1 0 0 1 
1 1 1 1 1 1 1 1 1 1 1 1 1 1 1 1 1 1 1 1 1 1 1 1 1 0 1 1 1 1 1 1 1 
1 1 1 1 1 1 1 1 1 1 1 1 1 1 1 1 1 1 1 1 1 1 1 1 1 1 1 0 1 1 1 1 1 
0 1 1 1 1 1 1 1 1 1 1 1 1 1 1 1 1 1 1 1 1 1 0 1 1 1 1 1 1 1 1 1 1 
1 1 1 1 1 1 1 1 1 1 1 1 1 1 1 1 1 1 1 1 1 1 1 1 1 1 1 1 1 1 1 1 1 
1 1 1 1 1 1 1 1 1 1 1 0 1 1 1 1 1 1 0 1 1 1 1 1 1 1 1 0 1 1 1 0 1 
1 1 1 1 1 1 0 1 1 1 1 1 1 1 1 1 1 0 1 1 1 1 1 1 1 0 1 1 1 1 0 1 1 
1 1 1 1 1 1 0 1 1 1 1 1 1 1 1 1 1 1 1 1 0 1 1 1 1 0 1 1 1 1 1 1 0 
0 1 1 1 1 0 1 1 1 1 1 1 1 1 1 1 1 1 1 1 1 1 0 1 0 1 1 1 1 1 1 1 1 
1 1 1 1 1 1 1 1 1 1 1 1 1 1 1 1 1 0 1 1 1 1 1 1 1 1 1 1 1 1 0 1 1 
1 1 1 1 1 1 1 1 1 1 1 1 1 1 1 1 1 1 1 1 1 1 1 1 1 1 1 1 1 1 1 1 1 
1 1 1 1 1 1 1 1 1 1 1 1 1 1 1 1 1 1 1 0 0 1 1 1 1 1 1 1 0 1 1 0 0 
0 1 0 1 1 1 1 1 1 1 1 1 1 1 1 1 1 1 1 1 1 1 0 0 1 1 1 1 1 1 1 1 1 
1 0 1 1 1 1 1 1 1 1 1 1 0 1 1 1 1 1 0 1 1 1 0 1 1 1 1 1 0 1 1 0 1 
1 1 1 1 1 1 1 1 0 1 1 1 0 1 1 1 1 1 1 1 1 1 1 1 1 1 0 1 0 1 1 1 1 
1 1 1 1 1 1 1 1 1 1 1 1 1 0 1 1 1 1 1 0 1 1 1 1 1 1 1 1 0 1 1 0 1 
1 1 1 1 1 1 1 1 1 1 1 1 1 1 1 1 1 1 1 1 1 1 1 1 1 1 1 1 1 1 1 1 1 
1 1 1 1 1 1 1 1 1 1 1 1 1 1 1 1 1 1 1 1 1 1 1 1 1 1 1 1 1 1 1 1 1 
1 1 1 1 1 1 1 1 1 1 1 1 1 1 1 1 1 1 1 1 1 1 1 1 1 1 1 1 1 1 1 1 1 
1 1 1 1 1 1 1 1 1 1 1 1 1 1 1 1 1 1 1 0 1 1 1 1 1 1 1 1 1 1 1 0 1 
1 1 1 1 1 1 1 1 1 1 1 1 1 1 0 1 1 1 1 1 1 1 1 1 1 1 1 1 1 0 1 1 1 
1 1 1 1 1 1 1 1 1 1 0 1 1 1 1 1 1 1 1 0 1 1 1 1 1 1 1 0 1 1 1 0 1 
1 1 1 1 1 1 1 1 0 1 1 0 1 1 1 1 1 1 1 1 1 1 1 1 1 1 0 0 1 1 1 1 1 
1 1 1 1 1 1 0 1 0 1 1 1 1 1 1 1 1 1 1 1 1 1 1 1 1 0 0 1 1 1 1 1 1 
1 1 1 1 1 1 1 1 1 1 1 1 1 1 1 1 1 1 1 1 1 1 1 1 1 1 1 1 1 1 1 1 1 
1 1 1 1 1 1 1 1 1 1 1 1 1 1 1 1 1 1 1 1 1 1 1 1 1 0 1 1 1 1 1 1 1 
1 1 1 1 1 1 1 1 1 1 1 1 1 1 1 1 1 1 1 1 1 0 1 1 1 1 1 1 1 1 1 1 0 
0 1 1 1 1 1 1 1 1 1 1 1 1 1 1 1 1 1 1 1 1 1 0 1 1 1 1 1 1 1 1 1 1 
1 1 1 1 1 1 1 1 1 1 1 1 1 1 1 1 1 1 1 1 1 0 1 1 1 1 1 1 1 1 1 1 0 
]

EmployeeWantedInStint: [ (1 26) 1 (1 32) 1 (3 20) 1 (9 2) 1 (11 11) 1 (12 2) 1 (12 25) 1 (12 30) 1 (14 8) 1 (15 13) 1 (16 27) 1 (18 6) 1 (18 26) 1 (19 28) 1 (21 23) 1 (26 15) 1 (28 24) 1 (29 15) 1 (31 11) 1 (34 4) 1 (37 33) 1 (43 6) 1 (45 33) 1 (54 33) 1 (57 23) 1 (58 18) 1 (58 29) 1 (62 22) 1 (65 7) 1 (65 30) 1 (69 6) 1 (70 18) 1 (71 3) 1 (71 9) 1 (71 22) 1 (72 18) 1 (76 19) 1 (77 19) 1 (78 30) 1 (79 2) 1 (81 26) 1 (83 25) 1 (87 3) 1 (89 7) 1 (91 23) 1 (91 26) 1 (92 14) 1 (93 28) 1 (94 2) 1 (98 11) 1 (101 17) 1 (101 20) 1 (103 3) 1 (105 3) 1 (106 31) 1 (107 30) 1 (108 2) 1 (110 22) 1 (110 28) 1 (112 7) 1 (115 8) 1 (115 22) 1 (115 30) 1 (116 15) 1 (117 5) 1 (117 14) 1 (120 16) 1 (123 7) 1 (123 8) 1 (123 12) 1 (125 13) 1 (126 27) 1 (130 5) 1 (133 32) 1 (134 24) 1 (135 3) 1 (136 16) 1 (139 10) 1 (139 13) 1 (140 30) 1 (141 30) 1 (142 4) 1 (144 17) 1 (146 11) 1 (147 11) 1 (147 21) 1 (147 28) 1 (148 3) 1 (150 26) 1 (150 29) 1 ]

EmployeeWantedViolationCost: [ (1 26) 5000 (1 32) 15000 (3 20) 14000 (9 2) 9000 (11 11) 9000 (12 2) 9000 (12 25) 15000 (12 30) 13000 (14 8) 15000 (15 13) 12000 (16 27) 11000 (18 6) 5000 (18 26) 11000 (19 28) 10000 (21 23) 14000 (26 15) 5000 (28 24) 8000 (29 15) 7000 (31 11) 7000 (34 4) 5000 (37 33) 13000 (43 6) 13000 (45 33) 15000 (54 33) 9000 (57 23) 13000 (58 18) 10000 (58 29) 14000 (62 22) 10000 (65 7) 7000 (65 30) 10000 (69 6) 6000 (70 18) 13000 (71 3) 7000 (71 9) 9000 (71 22) 7000 (72 18) 6000 (76 19) 6000 (77 19) 9000 (78 30) 6000 (79 2) 8000 (81 26) 12000 (83 25) 9000 (87 3) 13000 (89 7) 13000 (91 23) 6000 (91 26) 13000 (92 14) 7000 (93 28) 10000 (94 2) 10000 (98 11) 11000 (101 17) 12000 (101 20) 12000 (103 3) 6000 (105 3) 14000 (106 31) 7000 (107 30) 15000 (108 2) 6000 (110 22) 8000 (110 28) 6000 (112 7) 13000 (115 8) 9000 (115 22) 7000 (115 30) 6000 (116 15) 11000 (117 5) 12000 (117 14) 5000 (120 16) 14000 (123 7) 9000 (123 8) 14000 (123 12) 13000 (125 13) 15000 (126 27) 11000 (130 5) 5000 (133 32) 15000 (134 24) 12000 (135 3) 12000 (136 16) 15000 (139 10) 14000 (139 13) 11000 (140 30) 15000 (141 30) 7000 (142 4) 8000 (144 17) 12000 (146 11) 7000 (147 11) 15000 (147 21) 12000 (147 28) 14000 (148 3) 15000 (150 26) 8000 (150 29) 9000 ]

EmployeesThatShouldNotWorkTogetherWithEmployee: [
[ 9 54 100 108 130 134 ]
[ 8 15 22 37 40 63 105 110 133 ]
[ 11 44 56 65 69 95 120 138 ]
[ 5 13 32 37 40 63 87 104 127 ]
[ 24 34 49 66 100 126 139 149 ]
[ 71 78 92 114 115 126 145 149 ]
[ 35 62 74 75 80 91 115 127 ]
[ 19 38 68 73 98 108 ]
[ 10 40 88 95 97 ]
[ 23 40 98 112 117 138 ]
[ 13 18 68 ]
[ 46 48 56 57 59 87 ]
[ 50 56 57 58 60 130 137 ]
[ 49 137 ]
[ 25 27 82 97 102 138 ]
[ 25 42 54 62 72 134 ]
[ 21 26 119 ]
[ 32 41 62 85 ]
[ 41 80 90 120 125 143 ]
[ 78 86 113 117 150 ]
[ 47 75 84 108 124 134 146 ]
[ 61 63 66 74 98 112 116 ]
[ 48 59 92 ]
[ 49 89 ]
[ 29 48 60 95 120 ]
[ 85 100 129 ]
[ 71 ]
[ 33 55 63 69 ]
[ 57 61 103 107 ]
[ 31 52 112 ]
[ ]
[ 79 111 127 ]
[ 102 109 ]
[ 46 51 56 63 91 93 118 119 ]
[ 45 69 85 114 137 150 ]
[ 91 ]
[ 71 78 94 124 138 139 ]
[ 80 129 ]
[ 40 113 116 119 ]
[ 55 78 91 98 143 ]
[ 76 96 107 135 146 ]
[ 62 64 74 75 93 101 ]
[ 94 97 104 ]
[ 88 105 116 122 149 ]
[ 48 85 145 ]
[ 72 99 ]
[ 68 73 92 100 ]
[ 81 95 100 108 128 ]
[ 85 109 128 ]
[ 70 75 82 83 91 ]
[ 115 116 120 ]
[ 58 92 106 116 127 ]
[ 55 63 64 77 ]
[ 63 88 91 118 149 ]
[ 97 137 ]
[ 81 97 126 128 ]
[ 72 99 106 137 142 147 ]
[ 76 84 90 107 111 ]
[ 71 73 111 124 136 141 148 ]
[ 62 71 88 99 144 ]
[ 72 77 137 ]
[ 84 88 138 143 ]
[ 80 99 125 134 143 ]
[ 80 100 112 ]
[ 71 101 122 131 144 ]
[ 96 ]
[ 90 129 ]
[ 103 126 129 ]
[ 85 86 97 106 118 142 ]
[ 89 ]
[ 115 124 ]
[ 90 106 124 ]
[ 111 125 135 146 ]
[ 76 95 99 103 ]
[ 87 99 105 134 140 141 143 145 ]
[ 80 128 136 ]
[ 82 101 114 140 ]
[ 79 ]
[ 144 149 ]
[ 104 106 ]
[ 117 ]
[ 107 111 ]
[ 97 119 ]
[ 89 ]
[ 87 108 ]
[ 89 109 130 143 150 ]
[ 135 ]
[ 110 136 ]
[ 135 137 150 ]
[ 97 ]
[ 101 121 125 ]
[ 108 109 145 ]
[ 106 116 132 143 ]
[ 113 130 138 ]
[ 117 ]
[ 97 114 132 ]
[ 98 109 122 140 ]
[ 113 147 ]
[ 144 147 ]
[ 146 ]
[ 106 149 ]
[ 106 123 140 ]
[ ]
[ 105 129 ]
[ 114 145 ]
[ 107 116 ]
[ 128 135 ]
[ 113 ]
[ 114 118 130 ]
[ 111 133 ]
[ 120 143 ]
[ 117 128 129 ]
[ ]
[ ]
[ 116 127 ]
[ 130 134 ]
[ 132 ]
[ 123 ]
[ 125 142 ]
[ 133 ]
[ 139 143 149 ]
[ 127 147 ]
[ ]
[ 133 ]
[ 137 ]
[ 137 ]
[ ]
[ 133 135 143 ]
[ ]
[ 134 141 ]
[ 142 ]
[ ]
[ 140 ]
[ 139 ]
[ ]
[ 138 141 ]
[ ]
[ ]
[ 141 ]
[ ]
[ ]
[ ]
[ ]
[ ]
[ ]
[ ]
[ 150 ]
[ ]
[ ]
[ ]
]

ShouldNotWorkTogetherCost: [ (1 9) 297 (1 54) 198 (1 100) 198 (1 108) 99 (1 130) 297 (1 134) 198 (2 8) 297 (2 15) 396 (2 22) 99 (2 37) 297 (2 40) 396 (2 63) 297 (2 105) 396 (2 110) 198 (2 133) 396 (3 11) 198 (3 44) 297 (3 56) 99 (3 65) 396 (3 69) 297 (3 95) 396 (3 120) 297 (3 138) 99 (4 5) 198 (4 13) 396 (4 32) 99 (4 37) 396 (4 40) 396 (4 63) 297 (4 87) 99 (4 104) 396 (4 127) 198 (5 24) 396 (5 34) 396 (5 49) 198 (5 66) 99 (5 100) 99 (5 126) 297 (5 139) 198 (5 149) 297 (6 71) 297 (6 78) 198 (6 92) 297 (6 114) 396 (6 115) 297 (6 126) 99 (6 145) 198 (6 149) 99 (7 35) 198 (7 62) 396 (7 74) 198 (7 75) 297 (7 80) 99 (7 91) 198 (7 115) 297 (7 127) 99 (8 19) 297 (8 38) 297 (8 68) 297 (8 73) 396 (8 98) 198 (8 108) 396 (9 10) 396 (9 40) 99 (9 88) 396 (9 95) 198 (9 97) 396 (10 23) 198 (10 40) 198 (10 98) 99 (10 112) 198 (10 117) 99 (10 138) 297 (11 13) 198 (11 18) 297 (11 68) 99 (12 46) 99 (12 48) 396 (12 56) 297 (12 57) 297 (12 59) 99 (12 87) 396 (13 50) 396 (13 56) 99 (13 57) 396 (13 58) 396 (13 60) 99 (13 130) 396 (13 137) 99 (14 49) 396 (14 137) 198 (15 25) 297 (15 27) 396 (15 82) 396 (15 97) 297 (15 102) 297 (15 138) 396 (16 25) 297 (16 42) 99 (16 54) 99 (16 62) 99 (16 72) 198 (16 134) 396 (17 21) 198 (17 26) 297 (17 119) 198 (18 32) 198 (18 41) 198 (18 62) 99 (18 85) 396 (19 41) 198 (19 80) 396 (19 90) 198 (19 120) 297 (19 125) 198 (19 143) 99 (20 78) 396 (20 86) 198 (20 113) 99 (20 117) 297 (20 150) 99 (21 47) 198 (21 75) 99 (21 84) 198 (21 108) 198 (21 124) 198 (21 134) 396 (21 146) 297 (22 61) 198 (22 63) 396 (22 66) 396 (22 74) 198 (22 98) 297 (22 112) 396 (22 116) 297 (23 48) 396 (23 59) 99 (23 92) 198 (24 49) 297 (24 89) 198 (25 29) 99 (25 48) 198 (25 60) 198 (25 95) 396 (25 120) 198 (26 85) 297 (26 100) 198 (26 129) 396 (27 71) 198 (28 33) 297 (28 55) 396 (28 63) 297 (28 69) 99 (29 57) 297 (29 61) 396 (29 103) 99 (29 107) 396 (30 31) 396 (30 52) 297 (30 112) 198 (32 79) 396 (32 111) 99 (32 127) 297 (33 102) 99 (33 109) 198 (34 46) 396 (34 51) 198 (34 56) 396 (34 63) 99 (34 91) 297 (34 93) 297 (34 118) 198 (34 119) 396 (35 45) 99 (35 69) 396 (35 85) 297 (35 114) 396 (35 137) 198 (35 150) 297 (36 91) 198 (37 71) 99 (37 78) 198 (37 94) 297 (37 124) 99 (37 138) 297 (37 139) 99 (38 80) 99 (38 129) 198 (39 40) 396 (39 113) 396 (39 116) 396 (39 119) 297 (40 55) 297 (40 78) 198 (40 91) 198 (40 98) 396 (40 143) 99 (41 76) 396 (41 96) 99 (41 107) 297 (41 135) 396 (41 146) 396 (42 62) 297 (42 64) 198 (42 74) 396 (42 75) 396 (42 93) 396 (42 101) 99 (43 94) 99 (43 97) 198 (43 104) 99 (44 88) 99 (44 105) 297 (44 116) 297 (44 122) 99 (44 149) 396 (45 48) 198 (45 85) 396 (45 145) 297 (46 72) 198 (46 99) 297 (47 68) 396 (47 73) 297 (47 92) 396 (47 100) 396 (48 81) 396 (48 95) 198 (48 100) 396 (48 108) 99 (48 128) 198 (49 85) 297 (49 109) 99 (49 128) 297 (50 70) 396 (50 75) 198 (50 82) 297 (50 83) 99 (50 91) 297 (51 115) 396 (51 116) 198 (51 120) 99 (52 58) 99 (52 92) 396 (52 106) 297 (52 116) 198 (52 127) 198 (53 55) 198 (53 63) 198 (53 64) 396 (53 77) 198 (54 63) 198 (54 88) 198 (54 91) 396 (54 118) 297 (54 149) 99 (55 97) 297 (55 137) 99 (56 81) 396 (56 97) 297 (56 126) 99 (56 128) 396 (57 72) 396 (57 99) 99 (57 106) 99 (57 137) 198 (57 142) 99 (57 147) 198 (58 76) 396 (58 84) 99 (58 90) 99 (58 107) 297 (58 111) 396 (59 71) 396 (59 73) 396 (59 111) 297 (59 124) 99 (59 136) 396 (59 141) 99 (59 148) 396 (60 62) 396 (60 71) 297 (60 88) 297 (60 99) 396 (60 144) 396 (61 72) 396 (61 77) 297 (61 137) 198 (62 84) 297 (62 88) 99 (62 138) 99 (62 143) 198 (63 80) 396 (63 99) 297 (63 125) 99 (63 134) 297 (63 143) 396 (64 80) 198 (64 100) 297 (64 112) 99 (65 71) 396 (65 101) 396 (65 122) 297 (65 131) 99 (65 144) 99 (66 96) 297 (67 90) 396 (67 129) 297 (68 103) 396 (68 126) 99 (68 129) 396 (69 85) 396 (69 86) 396 (69 97) 198 (69 106) 396 (69 118) 297 (69 142) 297 (70 89) 396 (71 115) 99 (71 124) 198 (72 90) 297 (72 106) 99 (72 124) 297 (73 111) 99 (73 125) 396 (73 135) 99 (73 146) 297 (74 76) 297 (74 95) 99 (74 99) 396 (74 103) 396 (75 87) 99 (75 99) 198 (75 105) 396 (75 134) 198 (75 140) 198 (75 141) 198 (75 143) 396 (75 145) 396 (76 80) 99 (76 128) 396 (76 136) 198 (77 82) 297 (77 101) 99 (77 114) 396 (77 140) 198 (78 79) 297 (79 144) 99 (79 149) 99 (80 104) 198 (80 106) 297 (81 117) 297 (82 107) 396 (82 111) 297 (83 97) 297 (83 119) 198 (84 89) 99 (85 87) 99 (85 108) 99 (86 89) 198 (86 109) 297 (86 130) 99 (86 143) 396 (86 150) 99 (87 135) 99 (88 110) 297 (88 136) 198 (89 135) 396 (89 137) 396 (89 150) 198 (90 97) 198 (91 101) 198 (91 121) 297 (91 125) 396 (92 108) 396 (92 109) 198 (92 145) 99 (93 106) 198 (93 116) 198 (93 132) 396 (93 143) 396 (94 113) 297 (94 130) 198 (94 138) 99 (95 117) 297 (96 97) 396 (96 114) 396 (96 132) 396 (97 98) 198 (97 109) 99 (97 122) 297 (97 140) 297 (98 113) 396 (98 147) 297 (99 144) 99 (99 147) 297 (100 146) 99 (101 106) 99 (101 149) 99 (102 106) 99 (102 123) 99 (102 140) 99 (104 105) 198 (104 129) 99 (105 114) 297 (105 145) 297 (106 107) 198 (106 116) 297 (107 128) 198 (107 135) 297 (108 113) 297 (109 114) 99 (109 118) 297 (109 130) 198 (110 111) 297 (110 133) 99 (111 120) 396 (111 143) 198 (112 117) 198 (112 128) 297 (112 129) 396 (115 116) 297 (115 127) 297 (116 130) 297 (116 134) 297 (117 132) 396 (118 123) 297 (119 125) 396 (119 142) 297 (120 133) 297 (121 139) 396 (121 143) 297 (121 149) 198 (122 127) 297 (122 147) 198 (124 133) 297 (125 137) 99 (126 137) 99 (128 133) 396 (128 135) 396 (128 143) 99 (130 134) 198 (130 141) 99 (131 142) 99 (133 140) 99 (134 139) 99 (136 138) 297 (136 141) 297 (139 141) 297 (147 150) 99 ]

ImmediatePredecessorsToActivity: [
[ ]
[ 1 ]
[ 1 ]
[ 1 ]
[ 1 ]
[ 3 ]
[ 2 6 ]
[ 3 4 7 ]
[ 3 ]
[ 3 ]
[ 4 ]
[ 1 ]
[ 6 ]
[ 4 7 ]
[ 1 ]
[ 1 ]
[ 4 5 7 12 13 ]
[ ]
[ 18 ]
[ 18 ]
[ 18 ]
[ 18 ]
[ 22 ]
[ 19 20 ]
[ 21 24 ]
[ 19 20 22 ]
[ 18 ]
[ 24 ]
[ 26 ]
[ 25 26 ]
[ 26 ]
[ 18 ]
[ 18 ]
[ 20 32 ]
[ 19 29 34 ]
[ 23 25 27 31 ]
[ 20 22 27 ]
[ 23 33 34 ]
[ 24 29 37 ]
[ 22 32 ]
]

ActivitiesInProject: [
[ 1 2 3 4 5 6 7 8 9 10 11 12 13 14 15 16 17 ]
[ 18 19 20 21 22 23 24 25 26 27 28 29 30 31 32 33 34 35 36 37 38 39 40 ]
]

nActivityModes: [ 2 2 2 2 2 2 2 2 2 2 2 2 2 2 2 2 2 2 2 2 2 2 2 2 2 2 2 2 2 2 2 2 2 2 2 2 2 2 2 2 ]

ActivitiyDurationWithMode: [
1	1	
8	6	
5	4	
5	4	
5	4	
8	6	
5	4	
10	7	
6	4	
7	5	
8	6	
26	18	
5	4	
9	6	
9	6	
13	9	
5	4	
1	1	
24	16	
10	7	
10	7	
15	10	
9	6	
6	4	
17	12	
10	7	
31	21	
24	16	
12	8	
6	4	
10	7	
6	4	
36	24	
24	16	
9	6	
6	4	
12	8	
13	9	
8	6	
32	22	
]
StintsInProject: [
[ 1 2 3 4 5 6 7 8 9 10 11 12 13 14 15 16 17 18 19 20 21 22 ]
[ 23 24 25 26 27 28 29 30 31 32 33 ]
]

WorkingStintsOnDay: [
[ 1 23 ]
[ 1 23 ]
[ 1 23 ]
[ 1 23 ]
[ 1 23 ]
[ 23 ]
[ 23 ]
[ 2 23 ]
[ 2 23 ]
[ 2 23 ]
[ 2 23 ]
[ 2 23 ]
[ ]
[ ]
[ 3 24 ]
[ 3 24 ]
[ 3 24 ]
[ 3 24 ]
[ 3 24 ]
[ 24 ]
[ 24 ]
[ 4 24 ]
[ 4 24 ]
[ 4 24 ]
[ 4 24 ]
[ 4 24 ]
[ ]
[ ]
[ 5 25 ]
[ 5 25 ]
[ 5 25 ]
[ 5 25 ]
[ 5 25 ]
[ 25 ]
[ 25 ]
[ 6 25 ]
[ 6 25 ]
[ 6 25 ]
[ 6 25 ]
[ 6 25 ]
[ ]
[ ]
[ 7 26 ]
[ 7 26 ]
[ 7 26 ]
[ 7 26 ]
[ 7 26 ]
[ 26 ]
[ 26 ]
[ 8 26 ]
[ 8 26 ]
[ 8 26 ]
[ 8 26 ]
[ 8 26 ]
[ ]
[ ]
[ 9 27 ]
[ 9 27 ]
[ 9 27 ]
[ 9 27 ]
[ 9 27 ]
[ 27 ]
[ 27 ]
[ 10 27 ]
[ 10 27 ]
[ 10 27 ]
[ 10 27 ]
[ 10 27 ]
[ ]
[ ]
[ 11 28 ]
[ 11 28 ]
[ 11 28 ]
[ 11 28 ]
[ 11 28 ]
[ 28 ]
[ 28 ]
[ 12 28 ]
[ 12 28 ]
[ 12 28 ]
[ 12 28 ]
[ 12 28 ]
[ ]
[ ]
[ 13 29 ]
[ 13 29 ]
[ 13 29 ]
[ 13 29 ]
[ 13 29 ]
[ 29 ]
[ 29 ]
[ 14 29 ]
[ 14 29 ]
[ 14 29 ]
[ 14 29 ]
[ 14 29 ]
[ ]
[ ]
[ 15 30 ]
[ 15 30 ]
[ 15 30 ]
[ 15 30 ]
[ 15 30 ]
[ 30 ]
[ 30 ]
[ 16 30 ]
[ 16 30 ]
[ 16 30 ]
[ 16 30 ]
[ 16 30 ]
[ ]
[ ]
[ 17 31 ]
[ 17 31 ]
[ 17 31 ]
[ 17 31 ]
[ 17 31 ]
[ 31 ]
[ 31 ]
[ 18 31 ]
[ 18 31 ]
[ 18 31 ]
[ 18 31 ]
[ 18 31 ]
[ ]
[ ]
[ 19 32 ]
[ 19 32 ]
[ 19 32 ]
[ 19 32 ]
[ 19 32 ]
[ 32 ]
[ 32 ]
[ 20 32 ]
[ 20 32 ]
[ 20 32 ]
[ 20 32 ]
[ 20 32 ]
[ ]
[ ]
[ 21 33 ]
[ 21 33 ]
[ 21 33 ]
[ 21 33 ]
[ 21 33 ]
[ 33 ]
[ 33 ]
[ 22 33 ]
[ 22 33 ]
[ 22 33 ]
]

ProjectStart: [ 39 17 ]

ProjectEnd: [ 86 83 ]

EarliestStartDayForActivity: [ 1 39 39 39 39 46 58 65 46 46 46 39 58 65 39 39 75 1 17 17 17 17 34 45 51 45 17 51 55 72 55 17 17 27 69 72 52 59 69 34 ]

LatestStartDayForActivity: [ 1 86 86 86 86 86 86 86 86 86 86 86 86 86 86 86 86 1 83 83 83 83 83 83 83 83 83 83 83 83 83 83 83 83 83 83 83 83 83 83 ]

EquipmentTypeDemandInActivityWithMode: [
0	1	
2	4	
0	1	
0	1	
1	3	
0	1	
1	3	
0	1	
1	3	
2	4	
0	1	
2	4	
0	1	
1	3	
0	1	
1	3	
2	4	
0	1	
0	1	
0	1	
1	3	
0	1	
1	3	
0	1	
0	1	
1	3	
0	1	
0	1	
0	1	
2	4	
0	1	
0	1	
1	3	
0	1	
0	1	
1	3	
0	1	
1	3	
1	3	
0	1	

0	1	
2	4	
1	3	
2	4	
0	1	
2	4	
2	4	
0	1	
2	4	
1	3	
2	4	
0	1	
2	4	
1	3	
1	3	
2	4	
2	4	
0	1	
1	3	
0	1	
2	4	
1	3	
1	3	
1	3	
0	1	
2	4	
1	3	
2	4	
1	3	
2	4	
0	1	
5	9	
1	3	
2	4	
1	3	
1	3	
1	3	
3	6	
1	3	
3	6	

0	1	
1	3	
0	1	
0	1	
1	3	
0	1	
1	3	
1	3	
1	3	
0	1	
1	3	
0	1	
1	3	
0	1	
0	1	
1	3	
0	1	
0	1	
0	1	
1	3	
0	1	
1	3	
2	4	
0	1	
1	3	
0	1	
0	1	
0	1	
0	1	
0	1	
1	3	
2	4	
0	1	
0	1	
1	3	
0	1	
0	1	
0	1	
0	1	
0	1	

]

ExternalEquipmentRentingCost: [
2775	3333	4954	3443	5834	1725	3767	1890	5203	4258	1609	4279	3420	4890	2123	5479	3851	3018	2033	5139	3983	4131	3371	3283	2267	2262	3670	3580	3835	5406	5932	2126	2704	1229	1150	5008	2945	1242	1834	3710	
1014	5294	1717	1927	4795	5470	4928	4216	3285	3967	2168	5668	5223	3220	4456	4697	5501	4324	3196	1423	2888	2449	4985	2978	5334	4556	5672	3044	1100	1893	3325	1935	4153	2692	5128	4020	1443	3728	1397	1756	
1639	1711	2131	3368	4524	5624	4158	1596	2962	4973	5775	5529	4476	3498	2828	4645	1356	1846	4014	4080	5635	3400	4345	5283	1456	1222	4295	1238	5022	3314	3970	1436	4849	1050	4823	3366	4332	3720	2633	1002	
]

EquipmentTypeTransportationCost: [
1	3767	
3767	1	

1	4462	
4462	1	

1	3355	
3355	1	

]

TransportationTimeForEquipmentTypeBetweenProjects: [
1	3	
3	1	

1	3	
3	1	

1	3	
3	1	

]

TotalNumberOfInitialEquipmentTypeLocation: [
(1 1) 2 
(2 1) 3 (2 18) 3 
(3 18) 2 
]

DepotActivities: [ 1 18 ]

MaximalStintCliques: [
[ 1 23 ]
[ 2 23 ]
[ 6 25 ]
[ 7 25 26 ]
[ 8 26 ]
[ 9 26 27 ]
[ 10 27 ]
[ 11 27 28 ]
[ 12 28 ]
[ 13 28 29 ]
[ 14 29 ]
[ 15 29 30 ]
[ 16 30 ]
[ 17 30 31 ]
[ 18 31 ]
[ 19 31 32 ]
[ 20 32 ]
[ 21 33 32 ]
[ 22 33 ]
[ 24 25 5 ]
[ 24 3 23 ]
[ 24 4 ]
]
