nEmployees: 150
nSkills: 6
nProjects: 2
nDays: 60
nActivities: 28
nEquipmentTypes: 7
nStints: 10
nMaxModes: 3
nStintCliques: 4

EmployeeInStintCost: [
44898 44898 44898 38598 15458 39982 39982 39982 33682 12002 
43032 43032 43032 35592 10856 20088 20088 20088 12648 2232 
43648 43648 43648 35968 10896 44116 44116 44116 36436 12824 
41236 41236 41236 34636 11076 41424 41424 41424 34824 12724 
20576 20576 20576 14096 5024 37780 37780 37780 31300 9368 
42328 42328 42328 35128 10728 43180 43180 43180 35980 13040 
42708 42708 42708 35388 10820 19764 19764 19764 12444 2196 
40408 40408 40408 33928 10536 40876 40876 40876 34396 12464 
41400 41400 41400 34200 9800 24760 24760 24760 17560 7480 
20088 20088 20088 12648 2232 40988 40988 40988 33548 10272 
41736 41736 41736 34776 10712 18792 18792 18792 11832 2088 
19926 19926 19926 12546 2214 40826 40826 40826 33446 10254 
19440 19440 19440 12240 2160 40340 40340 40340 33140 10200 
40708 40708 40708 34108 10548 41560 41560 41560 34960 12860 
49022 49022 49022 42362 18718 44346 44346 44346 37686 15502 
39940 39940 39940 33340 9780 40464 40464 40464 33864 11764 
43354 43354 43354 37054 13914 38486 38486 38486 32186 10506 
39900 39900 39900 33540 10316 20052 20052 20052 13692 4788 
23950 23950 23950 17050 7390 39530 39530 39530 32630 10110 
39738 39738 39738 33438 10298 19890 19890 19890 13590 4770 
50804 50804 50804 43484 18916 46128 46128 46128 38808 15700 
48698 48698 48698 42158 18682 44022 44022 44022 37482 15466 
48050 48050 48050 41750 18610 43374 43374 43374 37074 15394 
40522 40522 40522 33982 10506 19698 19698 19698 13158 4002 
42208 42208 42208 34768 10032 42732 42732 42732 35292 12016 
42546 42546 42546 35286 10802 19602 19602 19602 12342 2178 
47030 47030 47030 39890 15574 42434 42434 42434 35294 12438 
38968 38968 38968 32728 9672 39492 39492 39492 33252 11656 
42046 42046 42046 35146 11166 42234 42234 42234 35334 12814 
22520 22520 22520 15320 5240 39724 39724 39724 32524 9584 
45472 45472 45472 38272 13872 40524 40524 40524 33324 10384 
20576 20576 20576 14096 5024 37780 37780 37780 31300 9368 
43114 43114 43114 35614 10794 22290 22290 22290 14790 4290 
43192 43192 43192 36952 13896 38324 38324 38324 32084 10488 
40102 40102 40102 33442 9798 40626 40626 40626 33966 11782 
46270 46270 46270 38890 14238 41402 41402 41402 34022 10830 
39252 39252 39252 33132 10244 19404 19404 19404 13284 4716 
40684 40684 40684 34084 10524 19860 19860 19860 13260 4020 
45572 45572 45572 38972 15412 40976 40976 40976 34376 12276 
44436 44436 44436 38316 15428 39968 39968 39968 33848 12420 
41682 41682 41682 34662 10514 21834 21834 21834 14814 4986 
20576 20576 20576 14096 5024 37780 37780 37780 31300 9368 
40084 40084 40084 33724 10500 40552 40552 40552 34192 12428 
21872 21872 21872 14912 5168 39076 39076 39076 32116 9512 
47564 47564 47564 41444 18556 42888 42888 42888 36768 15340 
42566 42566 42566 36146 12838 42794 42794 42794 36374 14526 
47652 47652 47652 40332 15764 42736 42736 42736 35416 12308 
39732 39732 39732 32892 8996 39256 39256 39256 32416 9980 
43990 43990 43990 36370 11382 44178 44178 44178 36558 13030 
47652 47652 47652 40332 15764 42736 42736 42736 35416 12308 
45896 45896 45896 39176 15448 41300 41300 41300 34580 12312 
39294 39294 39294 32874 9566 22654 22654 22654 16234 7246 
43700 43700 43700 36860 12964 43928 43928 43928 37088 14652 
23330 23330 23330 15830 5330 40534 40534 40534 33034 9674 
39456 39456 39456 32976 9584 22816 22816 22816 16336 7264 
46476 46476 46476 39636 15740 41904 41904 41904 35064 12628 
22196 22196 22196 15116 5204 39400 39400 39400 32320 9548 
39294 39294 39294 32874 9566 22654 22654 22654 16234 7246 
44834 44834 44834 37574 13090 45062 45062 45062 37802 14778 
42706 42706 42706 36646 13842 37838 37838 37838 31778 10434 
42790 42790 42790 35410 10758 21966 21966 21966 14586 4254 
45472 45472 45472 38272 13872 40524 40524 40524 33324 10384 
42728 42728 42728 36248 12856 42956 42956 42956 36476 14544 
40426 40426 40426 33646 9834 40950 40950 40950 34170 11818 
47190 47190 47190 40050 15734 42722 42722 42722 35582 12726 
43052 43052 43052 36452 12892 43280 43280 43280 36680 14580 
45148 45148 45148 38068 13836 40200 40200 40200 33120 10348 
47030 47030 47030 39890 15574 42434 42434 42434 35294 12438 
45136 45136 45136 38176 14112 40268 40268 40268 33308 10704 
42694 42694 42694 35554 11238 42882 42882 42882 35742 12886 
40846 40846 40846 34186 10542 20022 20022 20022 13362 4038 
44164 44164 44164 37564 14004 39296 39296 39296 32696 10596 
41542 41542 41542 34642 10662 42010 42010 42010 35110 12590 
48374 48374 48374 41954 18646 43698 43698 43698 37278 15430 
45410 45410 45410 38870 15394 40814 40814 40814 34274 12258 
38274 38274 38274 31974 8834 37798 37798 37798 31498 9818 
40846 40846 40846 34186 10542 20022 20022 20022 13362 4038 
42060 42060 42060 34980 10748 19116 19116 19116 12036 2124 
20900 20900 20900 14300 5060 38104 38104 38104 31504 9404 
24922 24922 24922 17662 7498 40502 40502 40502 33242 10218 
41332 41332 41332 34492 10596 20508 20508 20508 13668 4092 
39940 39940 39940 33340 9780 40464 40464 40464 33864 11764 
47352 47352 47352 40152 15752 42884 42884 42884 35684 12744 
42856 42856 42856 35176 10104 43380 43380 43380 35700 12088 
47352 47352 47352 40152 15752 42884 42884 42884 35684 12744 
45734 45734 45734 39074 15430 41138 41138 41138 34478 12294 
49832 49832 49832 42872 18808 45156 45156 45156 38196 15592 
43486 43486 43486 35866 10878 43954 43954 43954 36334 12806 
47286 47286 47286 40146 15830 42714 42714 42714 35574 12718 
23464 23464 23464 16744 7336 39044 39044 39044 32324 10056 
49184 49184 49184 42464 18736 44508 44508 44508 37788 15520 
41032 41032 41032 34312 10584 41884 41884 41884 35164 12896 
39388 39388 39388 33268 10380 18564 18564 18564 12444 3876 
18954 18954 18954 11934 2106 39854 39854 39854 32834 10146 
41236 41236 41236 34156 9924 41760 41760 41760 34680 11908 
39456 39456 39456 32976 9584 22816 22816 22816 16336 7264 
43700 43700 43700 36860 12964 43928 43928 43928 37088 14652 
45666 45666 45666 39126 15650 41094 41094 41094 34554 12538 
41704 41704 41704 34744 10680 42172 42172 42172 35212 12608 
45504 45504 45504 39024 15632 40932 40932 40932 34452 12520 
46218 46218 46218 39438 15626 41750 41750 41750 34970 12618 
42694 42694 42694 35074 10086 43218 43218 43218 35598 12070 
41028 41028 41028 33708 9140 40552 40552 40552 33232 10124 
42210 42210 42210 34710 9890 25570 25570 25570 18070 7570 
48164 48164 48164 40604 15700 43568 43568 43568 36008 12564 
45084 45084 45084 38724 15500 40616 40616 40616 34256 12492 
39630 39630 39630 33450 10478 16686 16686 16686 10506 1854 
44974 44974 44974 38074 14094 40106 40106 40106 33206 10686 
48374 48374 48374 41954 18646 43698 43698 43698 37278 15430 
22330 22330 22330 16030 7210 37910 37910 37910 31610 9930 
44812 44812 44812 37972 14076 39944 39944 39944 33104 10668 
41194 41194 41194 34414 10602 42046 42046 42046 35266 12914 
42870 42870 42870 35490 10838 19926 19926 19926 12546 2214 
25570 25570 25570 18070 7570 41150 41150 41150 33650 10290 
47352 47352 47352 40152 15752 42884 42884 42884 35684 12744 
17334 17334 17334 10914 1926 38234 38234 38234 31814 9966 
46544 46544 46544 39584 15520 41948 41948 41948 34988 12384 
46380 46380 46380 39540 15644 41912 41912 41912 35072 12636 
46800 46800 46800 39840 15776 42228 42228 42228 35268 12664 
45896 45896 45896 39176 15448 41300 41300 41300 34580 12312 
41352 41352 41352 33912 9176 40876 40876 40876 33436 10160 
20252 20252 20252 13892 4988 37456 37456 37456 31096 9332 
47328 47328 47328 40128 15728 42412 42412 42412 35212 12272 
21872 21872 21872 14912 5168 39076 39076 39076 32116 9512 
46380 46380 46380 39540 15644 41912 41912 41912 35072 12636 
40548 40548 40548 33948 10388 20700 20700 20700 14100 4860 
41518 41518 41518 34618 10638 42370 42370 42370 35470 12950 
38646 38646 38646 32466 9494 22006 22006 22006 15826 7174 
50642 50642 50642 43382 18898 45966 45966 45966 38706 15682 
42728 42728 42728 36248 12856 42956 42956 42956 36476 14544 
41520 41520 41520 34560 10496 21672 21672 21672 14712 4968 
45894 45894 45894 39234 15590 41426 41426 41426 34766 12582 
42208 42208 42208 34768 10032 42732 42732 42732 35292 12016 
43852 43852 43852 37252 13692 38904 38904 38904 32304 10204 
41412 41412 41412 34572 10676 18468 18468 18468 11628 2052 
45084 45084 45084 38724 15500 40616 40616 40616 34256 12492 
45180 45180 45180 38820 15596 40608 40608 40608 34248 12484 
45060 45060 45060 38700 15476 40144 40144 40144 33784 12020 
39712 39712 39712 33472 10416 18888 18888 18888 12648 3912 
41218 41218 41218 34438 10626 41686 41686 41686 34906 12554 
42060 42060 42060 34980 10748 19116 19116 19116 12036 2124 
39570 39570 39570 32790 8978 39094 39094 39094 32314 9962 
43052 43052 43052 36452 12892 43280 43280 43280 36680 14580 
44438 44438 44438 38258 15286 39842 39842 39842 33662 12150 
46606 46606 46606 38986 13998 41658 41658 41658 34038 10510 
39084 39084 39084 32484 8924 38608 38608 38608 32008 9908 
40870 40870 40870 34210 10566 41722 41722 41722 35062 12878 
19764 19764 19764 12444 2196 40664 40664 40664 33344 10236 
45460 45460 45460 38380 14148 40592 40592 40592 33512 10740 
47840 47840 47840 40400 15664 43244 43244 43244 35804 12528 
]

ExternalWorkerWithSkillOnStintCost: [
35700 46368 46032 43596 9840 49560 42672 39312 38220 12528 
49896 34020 49308 34608 13536 44100 43092 40068 50316 11136 
37380 38136 49308 46452 14112 38304 45444 47544 40320 12168 
44016 46536 45864 33684 12720 35196 40656 36792 39312 10680 
50232 37716 35616 46704 10872 40740 38976 34188 34944 12960 
50148 41916 50148 48132 10872 46368 47964 39144 44856 10320 
]

OverlappingStints: [
[ 2 6 7 ]
[ 3 6 7 8 ]
[ 4 7 8 9 ]
[ 5 8 9 10 ]
[ 9 10 ]
[ 7 ]
[ 8 ]
[ 9 ]
[ 10 ]
[ ]
]

EmployeesWithSkill: [
[ 1 2 3 4 5 6 7 8 9 10 11 12 13 14 15 16 17 18 19 20 21 22 23 24 25 26 27 28 29 30 31 32 33 34 35 36 37 38 39 40 41 42 43 44 45 46 47 48 49 50 51 52 53 54 55 56 57 58 59 60 61 62 63 64 65 66 67 68 69 70 71 72 73 74 75 76 77 78 79 80 81 82 83 84 85 86 87 88 89 90 91 92 93 94 95 96 97 98 99 100 101 102 103 104 105 106 107 108 109 110 111 112 113 114 115 116 117 118 119 120 121 122 123 124 125 126 127 128 129 130 131 132 133 134 135 136 137 138 139 140 141 142 143 144 145 146 147 148 149 150 ]
[ 2 3 4 5 6 7 8 9 10 11 12 13 14 15 17 18 20 21 22 23 24 25 26 27 28 29 30 31 32 33 34 35 36 37 38 39 41 42 44 46 47 48 49 50 51 52 53 54 55 56 57 59 61 62 64 65 66 67 68 69 70 71 72 73 74 75 77 78 79 80 81 82 83 84 85 86 87 88 89 90 91 92 93 94 95 96 97 98 99 101 102 103 104 105 106 107 108 111 112 113 114 115 116 117 118 119 120 122 124 125 126 127 128 129 130 131 132 133 134 135 136 137 138 140 141 142 143 144 145 146 147 148 149 150 ]
[ 2 3 4 5 6 8 9 10 11 12 13 14 15 16 17 18 19 20 21 22 23 24 25 26 27 28 29 30 31 32 33 35 36 37 38 39 40 41 42 43 44 45 46 47 48 49 50 51 52 53 54 55 56 58 59 61 62 63 64 65 66 67 68 69 70 72 73 75 76 77 78 79 80 81 82 83 84 85 86 87 88 89 90 91 92 94 95 96 97 98 99 100 101 102 103 104 105 106 107 108 109 110 111 113 114 115 116 117 119 120 121 122 123 124 125 126 127 128 129 130 131 132 133 134 135 137 138 140 141 142 143 145 146 147 148 149 150 ]
[ 3 5 7 9 12 21 25 32 36 38 42 43 46 48 49 51 52 54 55 56 57 59 60 66 67 69 72 73 75 76 80 83 84 86 88 92 93 94 95 98 102 104 105 108 114 121 124 126 129 131 134 135 142 145 150 ]
[ 2 3 4 5 6 7 8 9 10 11 12 13 15 16 17 18 19 20 21 23 24 25 26 27 28 29 30 31 32 33 35 36 37 39 40 41 43 44 45 46 48 49 50 51 52 53 54 56 57 58 59 61 62 63 65 66 67 68 69 70 71 72 73 74 75 76 77 78 81 82 83 84 85 86 87 88 89 90 91 93 94 95 96 97 98 99 101 102 103 104 105 106 107 108 109 110 111 112 113 114 115 116 117 118 120 121 122 123 125 126 127 129 130 131 132 133 135 136 138 139 140 141 142 143 144 145 146 147 148 149 150 ]
[ 1 2 3 5 6 7 8 9 10 11 12 13 14 15 17 19 21 24 25 27 31 32 33 34 35 36 38 39 41 42 45 47 48 49 50 51 53 54 55 56 57 58 59 61 62 64 65 68 69 72 73 74 75 76 78 79 81 82 83 84 86 87 88 89 91 92 94 95 96 97 98 102 103 104 105 106 108 109 112 113 114 115 117 118 119 120 121 122 123 124 126 127 128 130 132 133 134 135 136 137 138 140 141 142 145 147 148 150 ]
]

SkillDemandInActivityWithMode: [
0	0	0	
19	30	13	
29	45	20	
12	19	8	
17	27	12	
6	10	4	
15	24	10	
29	45	20	
29	45	20	
19	30	13	
9	15	6	
19	30	13	
23	36	16	
0	0	0	
13	21	9	
56	85	38	
10	16	7	
28	43	19	
56	85	38	
32	49	22	
45	69	30	
25	39	17	
56	85	38	
21	33	14	
13	21	9	
56	85	38	
45	69	30	
37	57	25	

0	0	0	
18	28	12	
27	42	18	
10	16	7	
15	24	10	
4	7	3	
13	21	9	
26	40	18	
26	40	18	
17	27	12	
7	12	5	
17	27	12	
21	33	14	
0	0	0	
10	16	7	
48	73	32	
8	13	6	
24	37	16	
48	73	32	
27	42	18	
38	58	26	
21	33	14	
47	72	32	
17	27	12	
10	16	7	
47	72	32	
38	58	26	
31	48	21	

0	0	0	
34	52	23	
52	79	35	
20	31	14	
29	45	20	
9	15	6	
25	39	17	
51	78	34	
51	78	34	
34	52	23	
14	22	10	
34	52	23	
41	63	28	
0	0	0	
6	10	4	
28	43	19	
4	7	3	
14	22	10	
28	43	19	
16	25	11	
22	34	15	
12	19	8	
28	43	19	
10	16	7	
6	10	4	
28	43	19	
22	34	15	
18	28	12	

0	0	0	
14	22	10	
22	34	15	
8	13	6	
12	19	8	
4	7	3	
11	18	8	
22	34	15	
22	34	15	
14	22	10	
6	10	4	
14	22	10	
17	27	12	
0	0	0	
2	4	2	
10	16	7	
1	3	1	
5	9	4	
10	16	7	
5	9	4	
8	13	6	
4	7	3	
10	16	7	
3	6	2	
2	4	2	
10	16	7	
8	13	6	
6	10	4	

0	0	0	
38	58	26	
58	88	39	
23	36	16	
33	51	22	
10	16	7	
29	45	20	
58	88	39	
58	88	39	
38	58	26	
16	25	11	
38	58	26	
46	70	31	
0	0	0	
4	7	3	
19	30	13	
3	6	2	
9	15	6	
19	30	13	
11	18	8	
15	24	10	
8	13	6	
19	30	13	
7	12	5	
4	7	3	
19	30	13	
15	24	10	
12	19	8	

0	0	0	
30	46	20	
45	69	30	
18	28	12	
25	39	17	
8	13	6	
22	34	15	
44	67	30	
44	67	30	
29	45	20	
12	19	8	
29	45	20	
35	54	24	
0	0	0	
4	7	3	
18	28	12	
3	6	2	
9	15	6	
18	28	12	
10	16	7	
15	24	10	
8	13	6	
18	28	12	
6	10	4	
4	7	3	
18	28	12	
14	22	10	
12	19	8	

]

EmployeeAvailability: [
1 1 1 1 1 1 1 1 1 1 
1 0 1 0 1 1 0 1 0 1 
0 0 1 0 1 0 0 1 0 1 
1 1 1 1 1 1 1 1 1 1 
1 1 1 1 1 1 1 1 1 1 
0 1 1 1 1 0 1 1 1 1 
0 1 1 1 1 0 1 1 1 1 
0 0 1 1 1 0 0 1 1 1 
1 1 1 1 1 1 1 1 1 1 
1 1 1 1 1 1 1 1 1 1 
1 1 1 0 1 1 1 1 0 1 
1 0 0 1 0 1 0 0 1 0 
0 0 0 1 1 0 0 0 1 1 
1 1 1 1 1 1 1 1 1 1 
1 1 1 1 1 1 1 1 1 1 
1 1 1 1 1 1 1 1 1 1 
0 0 1 1 1 0 0 1 1 1 
0 1 0 1 1 0 1 0 1 1 
1 1 1 1 1 1 1 1 1 1 
1 1 1 0 1 1 1 1 0 1 
0 1 1 0 1 0 1 1 0 1 
1 1 1 1 1 1 1 1 1 1 
1 1 1 1 1 1 1 1 1 1 
1 1 1 1 1 1 1 1 1 1 
1 1 0 0 1 1 1 0 0 1 
1 1 0 0 1 1 1 0 0 1 
1 0 1 1 1 1 0 1 1 1 
1 1 1 0 1 1 1 1 0 1 
1 0 1 1 1 1 0 1 1 1 
1 1 1 0 1 1 1 1 0 1 
0 1 1 1 1 0 1 1 1 1 
1 1 1 0 1 1 1 1 0 1 
1 1 0 1 1 1 1 0 1 1 
0 1 0 1 1 0 1 0 1 1 
0 0 1 1 1 0 0 1 1 1 
1 1 0 1 1 1 1 0 1 1 
0 1 1 1 1 0 1 1 1 1 
1 1 0 0 1 1 1 0 0 1 
0 1 1 1 1 0 1 1 1 1 
1 1 1 1 1 1 1 1 1 1 
1 1 1 0 0 1 1 1 0 0 
1 1 1 1 1 1 1 1 1 1 
0 1 1 1 0 0 1 1 1 0 
0 0 1 1 1 0 0 1 1 1 
1 1 0 0 1 1 1 0 0 1 
0 1 1 1 1 0 1 1 1 1 
0 0 0 1 1 0 0 0 1 1 
1 1 0 1 1 1 1 0 1 1 
0 1 0 1 1 0 1 0 1 1 
1 1 1 1 1 1 1 1 1 1 
1 1 1 1 1 1 1 1 1 1 
1 1 1 1 1 1 1 1 1 1 
1 0 1 1 1 1 0 1 1 1 
1 1 1 1 1 1 1 1 1 1 
1 1 0 0 1 1 1 0 0 1 
1 1 0 1 0 1 1 0 1 0 
1 1 1 1 1 1 1 1 1 1 
1 1 0 0 1 1 1 0 0 1 
0 0 1 1 1 0 0 1 1 1 
1 1 1 1 1 1 1 1 1 1 
1 1 0 1 1 1 1 0 1 1 
1 1 1 0 1 1 1 1 0 1 
1 1 0 0 1 1 1 0 0 1 
1 1 1 0 1 1 1 1 0 1 
0 1 0 1 1 0 1 0 1 1 
0 1 0 1 1 0 1 0 1 1 
1 0 1 0 1 1 0 1 0 1 
1 1 0 0 1 1 1 0 0 1 
1 1 1 1 1 1 1 1 1 1 
1 1 1 1 1 1 1 1 1 1 
1 1 0 0 0 1 1 0 0 0 
0 0 1 0 1 0 0 1 0 1 
1 1 1 0 1 1 1 1 0 1 
1 0 1 0 1 1 0 1 0 1 
1 1 1 1 1 1 1 1 1 1 
1 1 1 1 1 1 1 1 1 1 
1 1 1 1 1 1 1 1 1 1 
0 0 0 1 1 0 0 0 1 1 
0 1 0 1 1 0 1 0 1 1 
1 1 0 0 1 1 1 0 0 1 
1 0 1 1 1 1 0 1 1 1 
0 0 0 1 1 0 0 0 1 1 
1 1 1 0 1 1 1 1 0 1 
1 0 0 1 1 1 0 0 1 1 
1 1 1 1 1 1 1 1 1 1 
0 0 1 1 1 0 0 1 1 1 
1 1 1 1 1 1 1 1 1 1 
0 0 1 1 0 0 0 1 1 0 
1 1 1 1 1 1 1 1 1 1 
0 1 1 0 1 0 1 1 0 1 
1 0 1 0 1 1 0 1 0 1 
0 1 0 1 0 0 1 0 1 0 
0 1 1 0 1 0 1 1 0 1 
1 0 1 1 1 1 0 1 1 1 
1 1 1 1 1 1 1 1 1 1 
0 1 1 1 1 0 1 1 1 1 
1 1 0 1 1 1 1 0 1 1 
1 0 0 1 1 1 0 0 1 1 
0 1 1 1 1 0 1 1 1 1 
1 1 0 1 1 1 1 0 1 1 
1 1 1 0 1 1 1 1 0 1 
0 1 1 1 1 0 1 1 1 1 
0 1 0 1 1 0 1 0 1 1 
0 1 0 1 1 0 1 0 1 1 
1 1 1 1 1 1 1 1 1 1 
1 0 1 0 1 1 0 1 0 1 
1 1 1 1 1 1 1 1 1 1 
1 1 0 0 1 1 1 0 0 1 
1 1 0 1 1 1 1 0 1 1 
1 1 1 0 1 1 1 1 0 1 
1 1 0 1 1 1 1 0 1 1 
1 1 1 1 1 1 1 1 1 1 
1 0 0 0 1 1 0 0 0 1 
1 1 1 1 1 1 1 1 1 1 
1 1 1 1 1 1 1 1 1 1 
0 0 1 1 1 0 0 1 1 1 
1 1 1 1 1 1 1 1 1 1 
0 1 1 1 1 0 1 1 1 1 
1 0 1 0 1 1 0 1 0 1 
0 1 1 1 1 0 1 1 1 1 
1 1 1 1 1 1 1 1 1 1 
1 1 1 1 1 1 1 1 1 1 
0 1 1 1 1 0 1 1 1 1 
1 0 1 0 1 1 0 1 0 1 
1 0 0 1 1 1 0 0 1 1 
1 0 1 0 1 1 0 1 0 1 
0 1 0 1 1 0 1 0 1 1 
0 0 1 0 1 0 0 1 0 1 
1 1 1 0 1 1 1 1 0 1 
1 1 0 1 1 1 1 0 1 1 
0 1 1 1 1 0 1 1 1 1 
1 1 1 1 1 1 1 1 1 1 
1 1 0 0 1 1 1 0 0 1 
0 1 1 1 1 0 1 1 1 1 
0 1 0 0 1 0 1 0 0 1 
0 1 0 1 1 0 1 0 1 1 
0 1 1 1 1 0 1 1 1 1 
1 1 1 1 1 1 1 1 1 1 
0 0 1 0 1 0 0 1 0 1 
1 0 1 1 1 1 0 1 1 1 
1 0 0 1 1 1 0 0 1 1 
1 0 0 1 1 1 0 0 1 1 
0 1 0 1 0 0 1 0 1 0 
1 1 1 1 1 1 1 1 1 1 
0 1 1 0 1 0 1 1 0 1 
0 0 0 1 1 0 0 0 1 1 
1 1 0 1 0 1 1 0 1 0 
1 1 1 1 1 1 1 1 1 1 
1 1 0 0 1 1 1 0 0 1 
1 1 1 0 1 1 1 1 0 1 
]

EmployeeWantedInStint: [ (1 8) 1 (10 2) 1 (12 5) 1 (13 4) 1 (32 9) 1 (50 5) 1 (58 6) 1 (59 8) 1 (66 7) 1 (67 3) 1 (75 9) 1 (80 7) 1 (90 3) 1 (90 4) 1 (94 6) 1 (95 4) 1 (99 8) 1 (112 4) 1 (114 7) 1 (119 8) 1 (120 4) 1 (120 6) 1 (127 8) 1 (128 8) 1 (132 8) 1 (140 7) 1 (148 1) 1 (149 4) 1 (150 8) 1 ]

EmployeeWantedViolationCost: [ (1 8) 15000 (10 2) 14000 (12 5) 8000 (13 4) 7000 (32 9) 8000 (50 5) 5000 (58 6) 8000 (59 8) 11000 (66 7) 14000 (67 3) 15000 (75 9) 15000 (80 7) 7000 (90 3) 15000 (90 4) 6000 (94 6) 13000 (95 4) 6000 (99 8) 11000 (112 4) 14000 (114 7) 14000 (119 8) 5000 (120 4) 15000 (120 6) 5000 (127 8) 6000 (128 8) 15000 (132 8) 15000 (140 7) 13000 (148 1) 10000 (149 4) 14000 (150 8) 6000 ]

EmployeesThatShouldNotWorkTogetherWithEmployee: [
[ 13 24 26 67 69 79 123 ]
[ 48 76 ]
[ 24 31 40 69 107 109 119 ]
[ 12 16 26 42 48 69 87 ]
[ 35 60 113 125 133 ]
[ 26 32 39 52 61 71 108 137 144 ]
[ 21 27 56 93 121 ]
[ 20 25 41 87 114 ]
[ 97 125 142 ]
[ 22 99 118 130 144 ]
[ 48 93 ]
[ 31 38 62 94 106 123 ]
[ 21 34 84 91 128 130 134 142 ]
[ 20 56 57 92 ]
[ 43 124 126 130 134 148 ]
[ 25 38 102 107 129 146 ]
[ 30 47 67 123 128 ]
[ 32 80 90 111 128 143 ]
[ 47 48 68 82 89 124 148 ]
[ 49 76 116 121 ]
[ 68 79 114 131 136 ]
[ 23 31 50 85 88 96 126 137 ]
[ 38 39 59 60 ]
[ 81 89 131 ]
[ 28 46 91 132 ]
[ 35 48 58 59 70 90 106 ]
[ 90 93 124 149 ]
[ 39 43 73 128 136 ]
[ 38 83 94 102 ]
[ 58 ]
[ 99 101 134 143 ]
[ 70 119 120 ]
[ 60 63 140 ]
[ 57 66 79 109 112 147 ]
[ 57 66 94 121 132 139 150 ]
[ 41 42 65 66 91 92 105 108 113 141 ]
[ 64 92 100 104 105 108 131 ]
[ 55 57 67 97 126 ]
[ 52 131 143 ]
[ 51 73 85 88 89 112 ]
[ 63 88 108 137 ]
[ 49 70 71 76 111 128 131 143 ]
[ 52 54 90 111 115 132 ]
[ 46 52 58 116 ]
[ 47 60 72 81 117 133 134 149 ]
[ 50 72 101 103 141 149 ]
[ 87 102 ]
[ 49 90 ]
[ 63 95 127 128 132 137 149 ]
[ 52 68 ]
[ 54 104 143 ]
[ 91 ]
[ 57 68 71 82 104 138 ]
[ 55 78 107 117 118 119 ]
[ 69 99 ]
[ 66 77 91 93 96 109 117 ]
[ 59 78 129 ]
[ 59 69 87 118 128 141 142 ]
[ 113 137 149 ]
[ 119 ]
[ 112 140 ]
[ 95 128 149 150 ]
[ 65 74 140 ]
[ 79 80 125 146 ]
[ 72 104 132 142 147 ]
[ 89 ]
[ 68 87 104 105 106 108 110 ]
[ 95 109 141 ]
[ 81 98 102 105 138 ]
[ 107 119 ]
[ ]
[ 78 116 147 ]
[ 113 ]
[ 96 111 128 ]
[ 87 ]
[ 113 116 123 127 ]
[ 90 122 ]
[ 105 ]
[ 88 102 130 133 146 ]
[ 101 145 ]
[ 149 ]
[ 88 98 106 109 111 140 ]
[ 91 145 146 ]
[ 85 ]
[ ]
[ 108 113 133 140 ]
[ 90 96 104 105 ]
[ 120 ]
[ 112 141 ]
[ ]
[ 129 134 150 ]
[ ]
[ 104 108 116 123 141 ]
[ 101 145 ]
[ 118 ]
[ 134 143 ]
[ 133 140 ]
[ 113 ]
[ ]
[ 138 ]
[ ]
[ 117 118 134 ]
[ 125 127 136 ]
[ ]
[ 112 115 123 130 ]
[ 127 ]
[ 111 ]
[ 122 ]
[ 130 ]
[ 111 131 ]
[ 121 142 ]
[ 120 ]
[ 121 135 ]
[ 118 144 148 ]
[ 147 ]
[ 125 148 ]
[ 141 ]
[ 125 146 ]
[ 121 ]
[ ]
[ 143 ]
[ ]
[ 139 ]
[ 148 ]
[ 140 ]
[ 134 148 ]
[ ]
[ 136 145 ]
[ ]
[ 147 ]
[ 132 143 ]
[ 146 ]
[ ]
[ ]
[ 149 ]
[ 145 ]
[ ]
[ 142 ]
[ ]
[ ]
[ 142 ]
[ ]
[ ]
[ ]
[ ]
[ ]
[ ]
[ ]
[ ]
[ ]
]

ShouldNotWorkTogetherCost: [ (1 13) 297 (1 24) 99 (1 26) 396 (1 67) 99 (1 69) 99 (1 79) 396 (1 123) 99 (2 48) 396 (2 76) 396 (3 24) 99 (3 31) 396 (3 40) 396 (3 69) 297 (3 107) 396 (3 109) 297 (3 119) 99 (4 12) 297 (4 16) 198 (4 26) 99 (4 42) 99 (4 48) 99 (4 69) 198 (4 87) 99 (5 35) 198 (5 60) 198 (5 113) 99 (5 125) 198 (5 133) 396 (6 26) 99 (6 32) 396 (6 39) 99 (6 52) 396 (6 61) 99 (6 71) 99 (6 108) 198 (6 137) 99 (6 144) 297 (7 21) 99 (7 27) 297 (7 56) 99 (7 93) 99 (7 121) 99 (8 20) 396 (8 25) 396 (8 41) 396 (8 87) 396 (8 114) 396 (9 97) 396 (9 125) 396 (9 142) 297 (10 22) 396 (10 99) 396 (10 118) 396 (10 130) 99 (10 144) 198 (11 48) 99 (11 93) 297 (12 31) 198 (12 38) 396 (12 62) 297 (12 94) 396 (12 106) 99 (12 123) 198 (13 21) 99 (13 34) 297 (13 84) 99 (13 91) 99 (13 128) 396 (13 130) 297 (13 134) 396 (13 142) 198 (14 20) 198 (14 56) 198 (14 57) 99 (14 92) 198 (15 43) 99 (15 124) 99 (15 126) 198 (15 130) 396 (15 134) 396 (15 148) 297 (16 25) 198 (16 38) 99 (16 102) 99 (16 107) 99 (16 129) 99 (16 146) 99 (17 30) 99 (17 47) 297 (17 67) 297 (17 123) 297 (17 128) 297 (18 32) 297 (18 80) 396 (18 90) 297 (18 111) 99 (18 128) 99 (18 143) 99 (19 47) 396 (19 48) 99 (19 68) 99 (19 82) 297 (19 89) 396 (19 124) 297 (19 148) 99 (20 49) 396 (20 76) 198 (20 116) 198 (20 121) 297 (21 68) 99 (21 79) 198 (21 114) 297 (21 131) 198 (21 136) 198 (22 23) 297 (22 31) 99 (22 50) 99 (22 85) 297 (22 88) 198 (22 96) 99 (22 126) 297 (22 137) 99 (23 38) 99 (23 39) 198 (23 59) 99 (23 60) 297 (24 81) 99 (24 89) 99 (24 131) 396 (25 28) 297 (25 46) 396 (25 91) 297 (25 132) 99 (26 35) 99 (26 48) 396 (26 58) 99 (26 59) 198 (26 70) 297 (26 90) 198 (26 106) 99 (27 90) 99 (27 93) 99 (27 124) 198 (27 149) 198 (28 39) 297 (28 43) 198 (28 73) 198 (28 128) 99 (28 136) 99 (29 38) 396 (29 83) 297 (29 94) 99 (29 102) 396 (30 58) 297 (31 99) 396 (31 101) 396 (31 134) 396 (31 143) 297 (32 70) 297 (32 119) 396 (32 120) 198 (33 60) 297 (33 63) 99 (33 140) 396 (34 57) 198 (34 66) 198 (34 79) 396 (34 109) 297 (34 112) 99 (34 147) 396 (35 57) 198 (35 66) 99 (35 94) 396 (35 121) 297 (35 132) 198 (35 139) 297 (35 150) 297 (36 41) 297 (36 42) 198 (36 65) 99 (36 66) 297 (36 91) 297 (36 92) 198 (36 105) 99 (36 108) 297 (36 113) 198 (36 141) 99 (37 64) 396 (37 92) 99 (37 100) 297 (37 104) 99 (37 105) 297 (37 108) 297 (37 131) 396 (38 55) 396 (38 57) 99 (38 67) 99 (38 97) 297 (38 126) 297 (39 52) 297 (39 131) 99 (39 143) 297 (40 51) 198 (40 73) 198 (40 85) 198 (40 88) 198 (40 89) 99 (40 112) 99 (41 63) 198 (41 88) 396 (41 108) 396 (41 137) 396 (42 49) 396 (42 70) 198 (42 71) 297 (42 76) 396 (42 111) 99 (42 128) 297 (42 131) 297 (42 143) 198 (43 52) 396 (43 54) 396 (43 90) 99 (43 111) 99 (43 115) 396 (43 132) 198 (44 46) 198 (44 52) 297 (44 58) 99 (44 116) 396 (45 47) 99 (45 60) 99 (45 72) 198 (45 81) 396 (45 117) 297 (45 133) 99 (45 134) 396 (45 149) 297 (46 50) 297 (46 72) 198 (46 101) 198 (46 103) 99 (46 141) 198 (46 149) 297 (47 87) 99 (47 102) 396 (48 49) 99 (48 90) 198 (49 63) 198 (49 95) 99 (49 127) 99 (49 128) 297 (49 132) 396 (49 137) 198 (49 149) 99 (50 52) 297 (50 68) 297 (51 54) 99 (51 104) 198 (51 143) 99 (52 91) 99 (53 57) 99 (53 68) 297 (53 71) 396 (53 82) 99 (53 104) 99 (53 138) 99 (54 55) 99 (54 78) 297 (54 107) 99 (54 117) 297 (54 118) 396 (54 119) 297 (55 69) 198 (55 99) 99 (56 66) 396 (56 77) 396 (56 91) 198 (56 93) 396 (56 96) 198 (56 109) 396 (56 117) 396 (57 59) 99 (57 78) 99 (57 129) 396 (58 59) 396 (58 69) 396 (58 87) 198 (58 118) 99 (58 128) 198 (58 141) 396 (58 142) 297 (59 113) 99 (59 137) 99 (59 149) 297 (60 119) 297 (61 112) 297 (61 140) 198 (62 95) 396 (62 128) 198 (62 149) 99 (62 150) 297 (63 65) 396 (63 74) 396 (63 140) 396 (64 79) 99 (64 80) 297 (64 125) 297 (64 146) 297 (65 72) 297 (65 104) 297 (65 132) 297 (65 142) 396 (65 147) 297 (66 89) 198 (67 68) 297 (67 87) 198 (67 104) 297 (67 105) 297 (67 106) 99 (67 108) 99 (67 110) 99 (68 95) 198 (68 109) 198 (68 141) 396 (69 81) 99 (69 98) 99 (69 102) 396 (69 105) 396 (69 138) 198 (70 107) 297 (70 119) 297 (72 78) 396 (72 116) 297 (72 147) 297 (73 113) 198 (74 96) 198 (74 111) 297 (74 128) 297 (75 87) 396 (76 113) 99 (76 116) 297 (76 123) 99 (76 127) 198 (77 90) 396 (77 122) 99 (78 105) 297 (79 88) 297 (79 102) 396 (79 130) 396 (79 133) 198 (79 146) 396 (80 101) 396 (80 145) 198 (81 149) 297 (82 88) 297 (82 98) 297 (82 106) 99 (82 109) 99 (82 111) 297 (82 140) 99 (83 91) 297 (83 145) 396 (83 146) 198 (84 85) 99 (86 108) 99 (86 113) 297 (86 133) 198 (86 140) 198 (87 90) 297 (87 96) 99 (87 104) 396 (87 105) 198 (88 120) 297 (89 112) 396 (89 141) 297 (91 129) 297 (91 134) 297 (91 150) 99 (93 104) 297 (93 108) 99 (93 116) 297 (93 123) 99 (93 141) 396 (94 101) 99 (94 145) 297 (95 118) 198 (96 134) 198 (96 143) 297 (97 133) 99 (97 140) 396 (98 113) 198 (100 138) 99 (102 117) 198 (102 118) 297 (102 134) 297 (103 125) 396 (103 127) 198 (103 136) 297 (105 112) 297 (105 115) 297 (105 123) 99 (105 130) 99 (106 127) 297 (107 111) 297 (108 122) 198 (109 130) 198 (110 111) 198 (110 131) 297 (111 121) 396 (111 142) 99 (112 120) 396 (113 121) 198 (113 135) 396 (114 118) 198 (114 144) 297 (114 148) 297 (115 147) 198 (116 125) 198 (116 148) 198 (117 141) 396 (118 125) 99 (118 146) 198 (119 121) 99 (121 143) 396 (123 139) 99 (124 148) 297 (125 140) 99 (126 134) 198 (126 148) 396 (128 136) 99 (128 145) 297 (130 147) 396 (131 132) 99 (131 143) 396 (132 146) 99 (135 149) 99 (136 145) 198 (138 142) 99 (141 142) 297 ]

ImmediatePredecessorsToActivity: [
[ ]
[ 1 ]
[ 1 ]
[ 2 ]
[ 2 3 ]
[ 1 ]
[ 5 ]
[ 1 ]
[ 2 ]
[ 2 7 8 ]
[ 4 ]
[ 2 ]
[ 8 ]
[ ]
[ 14 ]
[ 14 ]
[ 16 ]
[ 17 ]
[ 14 ]
[ 15 ]
[ 20 ]
[ 20 ]
[ 18 22 ]
[ 16 ]
[ 16 19 ]
[ 21 ]
[ 18 20 ]
[ 17 20 24 ]
]

ActivitiesInProject: [
[ 1 2 3 4 5 6 7 8 9 10 11 12 13 ]
[ 14 15 16 17 18 19 20 21 22 23 24 25 26 27 28 ]
]

nActivityModes: [ 3 3 3 3 3 3 3 3 3 3 3 3 3 3 3 3 3 3 3 3 3 3 3 3 3 3 3 3 ]

ActivityDurationWithMode: [
1	1	1	
6	4	8	
4	3	6	
10	7	14	
7	5	10	
22	15	30	
8	6	11	
4	3	6	
4	3	6	
6	4	8	
14	10	19	
6	4	8	
5	4	7	
1	1	1	
18	12	24	
4	3	6	
23	16	31	
8	6	11	
4	3	6	
7	5	10	
5	4	7	
9	6	12	
4	3	6	
11	8	15	
18	12	24	
4	3	6	
5	4	7	
6	4	8	
]

StintsInProject: [
[ 1 2 3 4 5 ]
[ 6 7 8 9 10 ]
]

WorkingStintsOnDay: [
[ 1 6 ]
[ 1 6 ]
[ 1 6 ]
[ 1 6 ]
[ 1 6 ]
[ 1 6 ]
[ 1 6 ]
[ 1 6 ]
[ 1 6 ]
[ 1 6 ]
[ 1 6 ]
[ 1 6 ]
[ 1 6 ]
[ 1 6 ]
[ 2 7 ]
[ 2 7 ]
[ 2 7 ]
[ 2 7 ]
[ 2 7 ]
[ 2 7 ]
[ 2 7 ]
[ 2 7 ]
[ 2 7 ]
[ 2 7 ]
[ 2 7 ]
[ 2 7 ]
[ 2 7 ]
[ 2 7 ]
[ 3 8 ]
[ 3 8 ]
[ 3 8 ]
[ 3 8 ]
[ 3 8 ]
[ 3 8 ]
[ 3 8 ]
[ 3 8 ]
[ 3 8 ]
[ 3 8 ]
[ 3 8 ]
[ 3 8 ]
[ 3 8 ]
[ 3 8 ]
[ 4 9 ]
[ 4 9 ]
[ 4 9 ]
[ 4 9 ]
[ 4 9 ]
[ 4 9 ]
[ 4 9 ]
[ 4 9 ]
[ 4 9 ]
[ 4 9 ]
[ 4 9 ]
[ 4 9 ]
[ 4 9 ]
[ 4 9 ]
[ 5 10 ]
[ 5 10 ]
[ 5 10 ]
[ 5 10 ]
]

ProjectStart: [ 12 19 ]

ProjectEnd: [ 47 60 ]

EarliestStartDayForActivity: [ 1 12 12 18 18 12 25 12 18 33 28 18 16 1 19 19 23 46 19 37 44 44 54 23 23 49 54 46 ]

LatestStartDayForActivity: [ 1 47 47 47 47 47 47 47 47 47 47 47 47 1 60 60 60 60 60 60 60 60 60 60 60 60 60 60 ]

EquipmentTypeDemandInActivityWithMode: [
0	0	0	
1	3	1	
1	3	1	
2	4	2	
0	1	0	
2	4	2	
0	1	0	
1	3	1	
2	4	2	
1	3	1	
2	4	2	
0	1	0	
0	1	0	
0	0	0	
1	3	1	
2	4	2	
1	3	1	
0	1	0	
0	1	0	
1	3	1	
2	4	2	
2	4	2	
1	3	1	
0	1	0	
2	4	2	
1	3	1	
0	1	0	
0	1	0	

0	0	0	
0	1	0	
4	7	3	
0	1	0	
1	3	1	
2	4	2	
1	3	1	
1	3	1	
0	1	0	
0	1	0	
0	1	0	
0	1	0	
0	1	0	
0	0	0	
1	3	1	
0	1	0	
2	4	2	
1	3	1	
0	1	0	
2	4	2	
2	4	2	
0	1	0	
0	1	0	
0	1	0	
1	3	1	
0	1	0	
1	3	1	
0	1	0	

0	0	0	
0	1	0	
0	1	0	
0	1	0	
1	3	1	
2	4	2	
2	4	2	
2	4	2	
2	4	2	
1	3	1	
1	3	1	
2	4	2	
1	3	1	
0	0	0	
2	4	2	
2	4	2	
2	4	2	
0	1	0	
2	4	2	
1	3	1	
1	3	1	
3	6	2	
0	1	0	
0	1	0	
2	4	2	
0	1	0	
2	4	2	
3	6	2	

0	0	0	
3	6	2	
3	6	2	
0	1	0	
0	1	0	
1	3	1	
0	1	0	
1	3	1	
0	1	0	
1	3	1	
0	1	0	
1	3	1	
3	6	2	
0	0	0	
1	3	1	
0	1	0	
0	1	0	
2	4	2	
0	1	0	
0	1	0	
2	4	2	
0	1	0	
0	1	0	
0	1	0	
0	1	0	
0	1	0	
0	1	0	
0	1	0	

0	0	0	
1	3	1	
0	1	0	
1	3	1	
0	1	0	
1	3	1	
3	6	2	
0	1	0	
1	3	1	
2	4	2	
0	1	0	
0	1	0	
0	1	0	
0	0	0	
0	1	0	
1	3	1	
2	4	2	
1	3	1	
3	6	2	
1	3	1	
2	4	2	
2	4	2	
2	4	2	
1	3	1	
0	1	0	
1	3	1	
0	1	0	
1	3	1	

0	0	0	
0	1	0	
3	6	2	
0	1	0	
1	3	1	
0	1	0	
0	1	0	
0	1	0	
2	4	2	
1	3	1	
3	6	2	
0	1	0	
0	1	0	
0	0	0	
2	4	2	
2	4	2	
2	4	2	
2	4	2	
2	4	2	
0	1	0	
0	1	0	
0	1	0	
0	1	0	
1	3	1	
1	3	1	
2	4	2	
1	3	1	
0	1	0	

0	0	0	
2	4	2	
2	4	2	
0	1	0	
2	4	2	
0	1	0	
1	3	1	
0	1	0	
2	4	2	
2	4	2	
1	3	1	
2	4	2	
0	1	0	
0	0	0	
0	1	0	
1	3	1	
0	1	0	
3	6	2	
0	1	0	
3	6	2	
0	1	0	
1	3	1	
1	3	1	
1	3	1	
0	1	0	
1	3	1	
1	3	1	
1	3	1	

]

ExternalEquipmentRentingCost: [
1320	5128	5012	5209	4441	2008	3247	3054	5806	5710	5990	1606	3136	4948	2325	5080	1805	5574	2400	2598	1949	3010	3506	3080	5976	2187	1468	1827	
5155	1165	3399	5390	4023	3103	5384	2315	3658	1658	4675	3669	3260	5408	2912	4809	2672	4807	5156	5168	3520	4868	4694	2659	1846	3361	3556	3142	
2860	2655	1647	4208	5003	4213	2452	3124	1110	2666	5987	2696	5666	4384	5179	3104	3612	2991	5925	4801	5947	3765	1100	5221	5723	1117	5600	2751	
3145	2144	1062	5482	2227	1043	3959	5393	3919	1882	3816	1456	3845	2851	5750	2780	3769	4095	5362	4852	1753	4012	5833	5454	4190	4422	3262	5771	
1403	2602	1638	4730	4992	5031	4537	3989	3494	3883	3330	1127	2458	1266	4578	2785	2254	3509	2172	2092	3755	5028	4389	3352	3850	3528	3783	4286	
5167	3190	5060	2220	2404	3733	3977	4557	3383	1649	4271	2284	4519	5345	5769	1615	4061	2662	5606	5184	5317	2707	2722	1164	5664	3648	2189	5951	
4327	3881	3505	5083	5712	4851	5925	3858	3799	4282	5666	1495	5762	4072	3855	3505	3323	4859	3703	3042	4543	4102	4335	1323	3673	2431	3848	4533	
]

EquipmentTypeTransportationCost: [
1	3925	
3925	1	

1	4206	
4206	1	

1	3551	
3551	1	

1	4114	
4114	1	

1	3834	
3834	1	

1	3029	
3029	1	

1	3524	
3524	1	

]

TransportationTimeForEquipmentTypeBetweenProjects: [
1	1	
1	1	

1	1	
1	1	

1	1	
1	1	

1	1	
1	1	

1	1	
1	1	

1	1	
1	1	

1	1	
1	1	

]

TotalNumberOfInitialEquipmentTypeLocation: [
(1 1) 4 (1 14) 4 
(2 1) 3 (2 14) 3 
(3 1) 4 (3 14) 1 
(4 1) 3 (4 14) 3 
(5 1) 3 (5 14) 2 
(6 1) 3 (6 14) 6 
(7 1) 3 (7 14) 8 
]

DepotActivities: [ 1 14 ]

MaximalStintCliques: [
[ 2 7 1 6 ]
[ 2 7 3 8 ]
[ 4 9 10 5 ]
[ 4 9 3 8 ]
]
