nEmployees: 150
nSkills: 6
nProjects: 2
nDays: 90
nActivities: 46
nEquipmentTypes: 5
nStints: 26
nMaxModes: 3
nStintCliques: 13

EmployeeInStintCost: [
12012 12012 12012 12012 12012 12012 12012 12012 12012 12012 12012 12012 11370 16820 16820 16820 16820 16820 16820 16820 16820 16820 16820 16820 16820 16178 
18604 18604 18604 18604 18604 18604 18604 18604 18604 18604 18604 18604 17950 11292 11292 11292 11292 11292 11292 11292 11292 11292 11292 11292 11292 10638 
13336 13336 13336 13336 13336 13336 13336 13336 13336 13336 13336 13336 12724 13200 13200 13200 13200 13200 13200 13200 13200 13200 13200 13200 13200 12588 
4212 4212 4212 4212 4212 4212 4212 4212 4212 4212 4212 4212 3510 17652 17652 17652 17652 17652 17652 17652 17652 17652 17652 17652 17652 16950 
15412 15412 15412 15412 15412 15412 15412 15412 15412 15412 15412 15412 14698 22724 22724 22724 22724 22724 22724 22724 22724 22724 22724 22724 22724 22010 
17516 17516 17516 17516 17516 17516 17516 17516 17516 17516 17516 17516 16850 5476 5476 5476 5476 5476 5476 5476 5476 5476 5476 5476 5476 4810 
13372 13372 13372 13372 13372 13372 13372 13372 13372 13372 13372 13372 12754 13236 13236 13236 13236 13236 13236 13236 13236 13236 13236 13236 13236 12618 
12336 12336 12336 12336 12336 12336 12336 12336 12336 12336 12336 12336 11640 17144 17144 17144 17144 17144 17144 17144 17144 17144 17144 17144 17144 16448 
3600 3600 3600 3600 3600 3600 3600 3600 3600 3600 3600 3600 3000 17040 17040 17040 17040 17040 17040 17040 17040 17040 17040 17040 17040 16440 
7456 7456 7456 7456 7456 7456 7456 7456 7456 7456 7456 7456 6820 17104 17104 17104 17104 17104 17104 17104 17104 17104 17104 17104 17104 16468 
15252 15252 15252 15252 15252 15252 15252 15252 15252 15252 15252 15252 14562 21988 21988 21988 21988 21988 21988 21988 21988 21988 21988 21988 21988 21298 
13864 13864 13864 13864 13864 13864 13864 13864 13864 13864 13864 13864 13180 13896 13896 13896 13896 13896 13896 13896 13896 13896 13896 13896 13896 13212 
11152 11152 11152 11152 11152 11152 11152 11152 11152 11152 11152 11152 10516 15688 15688 15688 15688 15688 15688 15688 15688 15688 15688 15688 15688 15052 
11868 11868 11868 11868 11868 11868 11868 11868 11868 11868 11868 11868 11250 16676 16676 16676 16676 16676 16676 16676 16676 16676 16676 16676 16676 16058 
12776 12776 12776 12776 12776 12776 12776 12776 12776 12776 12776 12776 12068 16816 16816 16816 16816 16816 16816 16816 16816 16816 16816 16816 16816 16108 
12968 12968 12968 12968 12968 12968 12968 12968 12968 12968 12968 12968 12308 14208 14208 14208 14208 14208 14208 14208 14208 14208 14208 14208 14208 13548 
19804 19804 19804 19804 19804 19804 19804 19804 19804 19804 19804 19804 19210 12444 12444 12444 12444 12444 12444 12444 12444 12444 12444 12444 12444 11850 
13164 13164 13164 13164 13164 13164 13164 13164 13164 13164 13164 13164 12510 19476 19476 19476 19476 19476 19476 19476 19476 19476 19476 19476 19476 18822 
17012 17012 17012 17012 17012 17012 17012 17012 17012 17012 17012 17012 16430 4972 4972 4972 4972 4972 4972 4972 4972 4972 4972 4972 4972 4390 
4176 4176 4176 4176 4176 4176 4176 4176 4176 4176 4176 4176 3480 17616 17616 17616 17616 17616 17616 17616 17616 17616 17616 17616 17616 16920 
19500 19500 19500 19500 19500 19500 19500 19500 19500 19500 19500 19500 18846 12148 12148 12148 12148 12148 12148 12148 12148 12148 12148 12148 12148 11494 
20128 20128 20128 20128 20128 20128 20128 20128 20128 20128 20128 20128 19480 12768 12768 12768 12768 12768 12768 12768 12768 12768 12768 12768 12768 12120 
12536 12536 12536 12536 12536 12536 12536 12536 12536 12536 12536 12536 11948 13776 13776 13776 13776 13776 13776 13776 13776 13776 13776 13776 13776 13188 
17228 17228 17228 17228 17228 17228 17228 17228 17228 17228 17228 17228 16610 5188 5188 5188 5188 5188 5188 5188 5188 5188 5188 5188 5188 4570 
12300 12300 12300 12300 12300 12300 12300 12300 12300 12300 12300 12300 11610 17108 17108 17108 17108 17108 17108 17108 17108 17108 17108 17108 17108 16418 
13468 13468 13468 13468 13468 13468 13468 13468 13468 13468 13468 13468 12850 13500 13500 13500 13500 13500 13500 13500 13500 13500 13500 13500 13500 12882 
11008 11008 11008 11008 11008 11008 11008 11008 11008 11008 11008 11008 10396 15544 15544 15544 15544 15544 15544 15544 15544 15544 15544 15544 15544 14932 
13020 13020 13020 13020 13020 13020 13020 13020 13020 13020 13020 13020 12390 19332 19332 19332 19332 19332 19332 19332 19332 19332 19332 19332 19332 18702 
13448 13448 13448 13448 13448 13448 13448 13448 13448 13448 13448 13448 12872 20896 20896 20896 20896 20896 20896 20896 20896 20896 20896 20896 20896 20320 
7888 7888 7888 7888 7888 7888 7888 7888 7888 7888 7888 7888 7180 17536 17536 17536 17536 17536 17536 17536 17536 17536 17536 17536 17536 16828 
18064 18064 18064 18064 18064 18064 18064 18064 18064 18064 18064 18064 17500 10752 10752 10752 10752 10752 10752 10752 10752 10752 10752 10752 10752 10188 
10900 10900 10900 10900 10900 10900 10900 10900 10900 10900 10900 10900 10306 15436 15436 15436 15436 15436 15436 15436 15436 15436 15436 15436 15436 14842 
13552 13552 13552 13552 13552 13552 13552 13552 13552 13552 13552 13552 12904 13416 13416 13416 13416 13416 13416 13416 13416 13416 13416 13416 13416 12768 
13900 13900 13900 13900 13900 13900 13900 13900 13900 13900 13900 13900 13210 13932 13932 13932 13932 13932 13932 13932 13932 13932 13932 13932 13932 13242 
16372 16372 16372 16372 16372 16372 16372 16372 16372 16372 16372 16372 15730 9292 9292 9292 9292 9292 9292 9292 9292 9292 9292 9292 9292 8650 
14872 14872 14872 14872 14872 14872 14872 14872 14872 14872 14872 14872 14248 22184 22184 22184 22184 22184 22184 22184 22184 22184 22184 22184 22184 21560 
12156 12156 12156 12156 12156 12156 12156 12156 12156 12156 12156 12156 11490 16964 16964 16964 16964 16964 16964 16964 16964 16964 16964 16964 16964 16298 
13936 13936 13936 13936 13936 13936 13936 13936 13936 13936 13936 13936 13240 13968 13968 13968 13968 13968 13968 13968 13968 13968 13968 13968 13968 13272 
17480 17480 17480 17480 17480 17480 17480 17480 17480 17480 17480 17480 16820 5440 5440 5440 5440 5440 5440 5440 5440 5440 5440 5440 5440 4780 
13700 13700 13700 13700 13700 13700 13700 13700 13700 13700 13700 13700 13082 21148 21148 21148 21148 21148 21148 21148 21148 21148 21148 21148 21148 20530 
14980 14980 14980 14980 14980 14980 14980 14980 14980 14980 14980 14980 14338 22292 22292 22292 22292 22292 22292 22292 22292 22292 22292 22292 22292 21650 
7600 7600 7600 7600 7600 7600 7600 7600 7600 7600 7600 7600 6940 17248 17248 17248 17248 17248 17248 17248 17248 17248 17248 17248 17248 16588 
3780 3780 3780 3780 3780 3780 3780 3780 3780 3780 3780 3780 3150 17220 17220 17220 17220 17220 17220 17220 17220 17220 17220 17220 17220 16590 
20236 20236 20236 20236 20236 20236 20236 20236 20236 20236 20236 20236 19570 12876 12876 12876 12876 12876 12876 12876 12876 12876 12876 12876 12876 12210 
18604 18604 18604 18604 18604 18604 18604 18604 18604 18604 18604 18604 17950 11292 11292 11292 11292 11292 11292 11292 11292 11292 11292 11292 11292 10638 
13828 13828 13828 13828 13828 13828 13828 13828 13828 13828 13828 13828 13150 13860 13860 13860 13860 13860 13860 13860 13860 13860 13860 13860 13860 13182 
13516 13516 13516 13516 13516 13516 13516 13516 13516 13516 13516 13516 12874 13380 13380 13380 13380 13380 13380 13380 13380 13380 13380 13380 13380 12738 
12308 12308 12308 12308 12308 12308 12308 12308 12308 12308 12308 12308 11678 16348 16348 16348 16348 16348 16348 16348 16348 16348 16348 16348 16348 15718 
3636 3636 3636 3636 3636 3636 3636 3636 3636 3636 3636 3636 3030 17076 17076 17076 17076 17076 17076 17076 17076 17076 17076 17076 17076 16470 
13628 13628 13628 13628 13628 13628 13628 13628 13628 13628 13628 13628 13022 21076 21076 21076 21076 21076 21076 21076 21076 21076 21076 21076 21076 20470 
14048 14048 14048 14048 14048 14048 14048 14048 14048 14048 14048 14048 13400 12920 12920 12920 12920 12920 12920 12920 12920 12920 12920 12920 12920 12272 
13380 13380 13380 13380 13380 13380 13380 13380 13380 13380 13380 13380 12690 19692 19692 19692 19692 19692 19692 19692 19692 19692 19692 19692 19692 19002 
20128 20128 20128 20128 20128 20128 20128 20128 20128 20128 20128 20128 19480 12768 12768 12768 12768 12768 12768 12768 12768 12768 12768 12768 12768 12120 
13804 13804 13804 13804 13804 13804 13804 13804 13804 13804 13804 13804 13114 13668 13668 13668 13668 13668 13668 13668 13668 13668 13668 13668 13668 12978 
12524 12524 12524 12524 12524 12524 12524 12524 12524 12524 12524 12524 11858 16564 16564 16564 16564 16564 16564 16564 16564 16564 16564 16564 16564 15898 
18856 18856 18856 18856 18856 18856 18856 18856 18856 18856 18856 18856 18160 11544 11544 11544 11544 11544 11544 11544 11544 11544 11544 11544 11544 10848 
17336 17336 17336 17336 17336 17336 17336 17336 17336 17336 17336 17336 16700 5296 5296 5296 5296 5296 5296 5296 5296 5296 5296 5296 5296 4660 
15232 15232 15232 15232 15232 15232 15232 15232 15232 15232 15232 15232 14548 22544 22544 22544 22544 22544 22544 22544 22544 22544 22544 22544 22544 21860 
14728 14728 14728 14728 14728 14728 14728 14728 14728 14728 14728 14728 14128 22040 22040 22040 22040 22040 22040 22040 22040 22040 22040 22040 22040 21440 
13880 13880 13880 13880 13880 13880 13880 13880 13880 13880 13880 13880 13232 21328 21328 21328 21328 21328 21328 21328 21328 21328 21328 21328 21328 20680 
10936 10936 10936 10936 10936 10936 10936 10936 10936 10936 10936 10936 10336 15472 15472 15472 15472 15472 15472 15472 15472 15472 15472 15472 15472 14872 
13004 13004 13004 13004 13004 13004 13004 13004 13004 13004 13004 13004 12338 14244 14244 14244 14244 14244 14244 14244 14244 14244 14244 14244 14244 13578 
13148 13148 13148 13148 13148 13148 13148 13148 13148 13148 13148 13148 12458 14388 14388 14388 14388 14388 14388 14388 14388 14388 14388 14388 14388 13698 
13828 13828 13828 13828 13828 13828 13828 13828 13828 13828 13828 13828 13150 13860 13860 13860 13860 13860 13860 13860 13860 13860 13860 13860 13860 13182 
19948 19948 19948 19948 19948 19948 19948 19948 19948 19948 19948 19948 19330 12588 12588 12588 12588 12588 12588 12588 12588 12588 12588 12588 12588 11970 
13912 13912 13912 13912 13912 13912 13912 13912 13912 13912 13912 13912 13204 13776 13776 13776 13776 13776 13776 13776 13776 13776 13776 13776 13776 13068 
4212 4212 4212 4212 4212 4212 4212 4212 4212 4212 4212 4212 3510 17652 17652 17652 17652 17652 17652 17652 17652 17652 17652 17652 17652 16950 
19572 19572 19572 19572 19572 19572 19572 19572 19572 19572 19572 19572 18906 12220 12220 12220 12220 12220 12220 12220 12220 12220 12220 12220 12220 11554 
13092 13092 13092 13092 13092 13092 13092 13092 13092 13092 13092 13092 12450 19404 19404 19404 19404 19404 19404 19404 19404 19404 19404 19404 19404 18762 
13004 13004 13004 13004 13004 13004 13004 13004 13004 13004 13004 13004 12338 14244 14244 14244 14244 14244 14244 14244 14244 14244 14244 14244 14244 13578 
11584 11584 11584 11584 11584 11584 11584 11584 11584 11584 11584 11584 10876 16120 16120 16120 16120 16120 16120 16120 16120 16120 16120 16120 16120 15412 
11688 11688 11688 11688 11688 11688 11688 11688 11688 11688 11688 11688 11100 16496 16496 16496 16496 16496 16496 16496 16496 16496 16496 16496 16496 15908 
13648 13648 13648 13648 13648 13648 13648 13648 13648 13648 13648 13648 13000 13680 13680 13680 13680 13680 13680 13680 13680 13680 13680 13680 13680 13032 
12812 12812 12812 12812 12812 12812 12812 12812 12812 12812 12812 12812 12098 16852 16852 16852 16852 16852 16852 16852 16852 16852 16852 16852 16852 16138 
16552 16552 16552 16552 16552 16552 16552 16552 16552 16552 16552 16552 15880 9472 9472 9472 9472 9472 9472 9472 9472 9472 9472 9472 9472 8800 
18892 18892 18892 18892 18892 18892 18892 18892 18892 18892 18892 18892 18190 11580 11580 11580 11580 11580 11580 11580 11580 11580 11580 11580 11580 10878 
14964 14964 14964 14964 14964 14964 14964 14964 14964 14964 14964 14964 14322 21700 21700 21700 21700 21700 21700 21700 21700 21700 21700 21700 21700 21058 
12680 12680 12680 12680 12680 12680 12680 12680 12680 12680 12680 12680 12068 13920 13920 13920 13920 13920 13920 13920 13920 13920 13920 13920 13920 13308 
3996 3996 3996 3996 3996 3996 3996 3996 3996 3996 3996 3996 3330 17436 17436 17436 17436 17436 17436 17436 17436 17436 17436 17436 17436 16770 
13360 13360 13360 13360 13360 13360 13360 13360 13360 13360 13360 13360 12760 13392 13392 13392 13392 13392 13392 13392 13392 13392 13392 13392 13392 12792 
12300 12300 12300 12300 12300 12300 12300 12300 12300 12300 12300 12300 11610 17108 17108 17108 17108 17108 17108 17108 17108 17108 17108 17108 17108 16418 
4248 4248 4248 4248 4248 4248 4248 4248 4248 4248 4248 4248 3540 17688 17688 17688 17688 17688 17688 17688 17688 17688 17688 17688 17688 16980 
17516 17516 17516 17516 17516 17516 17516 17516 17516 17516 17516 17516 16850 5476 5476 5476 5476 5476 5476 5476 5476 5476 5476 5476 5476 4810 
3780 3780 3780 3780 3780 3780 3780 3780 3780 3780 3780 3780 3150 17220 17220 17220 17220 17220 17220 17220 17220 17220 17220 17220 17220 16590 
19768 19768 19768 19768 19768 19768 19768 19768 19768 19768 19768 19768 19180 12408 12408 12408 12408 12408 12408 12408 12408 12408 12408 12408 12408 11820 
13844 13844 13844 13844 13844 13844 13844 13844 13844 13844 13844 13844 13202 21292 21292 21292 21292 21292 21292 21292 21292 21292 21292 21292 21292 20650 
11152 11152 11152 11152 11152 11152 11152 11152 11152 11152 11152 11152 10516 15688 15688 15688 15688 15688 15688 15688 15688 15688 15688 15688 15688 15052 
14408 14408 14408 14408 14408 14408 14408 14408 14408 14408 14408 14408 13700 13280 13280 13280 13280 13280 13280 13280 13280 13280 13280 13280 13280 12572 
11296 11296 11296 11296 11296 11296 11296 11296 11296 11296 11296 11296 10636 15832 15832 15832 15832 15832 15832 15832 15832 15832 15832 15832 15832 15172 
15288 15288 15288 15288 15288 15288 15288 15288 15288 15288 15288 15288 14592 22024 22024 22024 22024 22024 22024 22024 22024 22024 22024 22024 22024 21328 
15216 15216 15216 15216 15216 15216 15216 15216 15216 15216 15216 15216 14532 21952 21952 21952 21952 21952 21952 21952 21952 21952 21952 21952 21952 21268 
11044 11044 11044 11044 11044 11044 11044 11044 11044 11044 11044 11044 10426 15580 15580 15580 15580 15580 15580 15580 15580 15580 15580 15580 15580 14962 
14044 14044 14044 14044 14044 14044 14044 14044 14044 14044 14044 14044 13330 14076 14076 14076 14076 14076 14076 14076 14076 14076 14076 14076 14076 13362 
13900 13900 13900 13900 13900 13900 13900 13900 13900 13900 13900 13900 13210 13932 13932 13932 13932 13932 13932 13932 13932 13932 13932 13932 13932 13242 
13164 13164 13164 13164 13164 13164 13164 13164 13164 13164 13164 13164 12510 19476 19476 19476 19476 19476 19476 19476 19476 19476 19476 19476 19476 18822 
14676 14676 14676 14676 14676 14676 14676 14676 14676 14676 14676 14676 14082 21412 21412 21412 21412 21412 21412 21412 21412 21412 21412 21412 21412 20818 
14656 14656 14656 14656 14656 14656 14656 14656 14656 14656 14656 14656 14068 21968 21968 21968 21968 21968 21968 21968 21968 21968 21968 21968 21968 21380 
19752 19752 19752 19752 19752 19752 19752 19752 19752 19752 19752 19752 19056 12400 12400 12400 12400 12400 12400 12400 12400 12400 12400 12400 12400 11704 
17660 17660 17660 17660 17660 17660 17660 17660 17660 17660 17660 17660 16970 5620 5620 5620 5620 5620 5620 5620 5620 5620 5620 5620 5620 4930 
19760 19760 19760 19760 19760 19760 19760 19760 19760 19760 19760 19760 19076 13144 13144 13144 13144 13144 13144 13144 13144 13144 13144 13144 13144 12460 
17528 17528 17528 17528 17528 17528 17528 17528 17528 17528 17528 17528 16820 4248 4248 4248 4248 4248 4248 4248 4248 4248 4248 4248 4248 3540 
12932 12932 12932 12932 12932 12932 12932 12932 12932 12932 12932 12932 12278 14172 14172 14172 14172 14172 14172 14172 14172 14172 14172 14172 14172 13518 
13200 13200 13200 13200 13200 13200 13200 13200 13200 13200 13200 13200 12540 19512 19512 19512 19512 19512 19512 19512 19512 19512 19512 19512 19512 18852 
4104 4104 4104 4104 4104 4104 4104 4104 4104 4104 4104 4104 3420 17544 17544 17544 17544 17544 17544 17544 17544 17544 17544 17544 17544 16860 
19364 19364 19364 19364 19364 19364 19364 19364 19364 19364 19364 19364 18746 12748 12748 12748 12748 12748 12748 12748 12748 12748 12748 12748 12748 12130 
19036 19036 19036 19036 19036 19036 19036 19036 19036 19036 19036 19036 18310 11724 11724 11724 11724 11724 11724 11724 11724 11724 11724 11724 11724 10998 
13732 13732 13732 13732 13732 13732 13732 13732 13732 13732 13732 13732 13054 13596 13596 13596 13596 13596 13596 13596 13596 13596 13596 13596 13596 12918 
13540 13540 13540 13540 13540 13540 13540 13540 13540 13540 13540 13540 12910 13572 13572 13572 13572 13572 13572 13572 13572 13572 13572 13572 13572 12942 
19716 19716 19716 19716 19716 19716 19716 19716 19716 19716 19716 19716 19026 12364 12364 12364 12364 12364 12364 12364 12364 12364 12364 12364 12364 11674 
11008 11008 11008 11008 11008 11008 11008 11008 11008 11008 11008 11008 10396 15544 15544 15544 15544 15544 15544 15544 15544 15544 15544 15544 15544 14932 
12308 12308 12308 12308 12308 12308 12308 12308 12308 12308 12308 12308 11678 16348 16348 16348 16348 16348 16348 16348 16348 16348 16348 16348 16348 15718 
13948 13948 13948 13948 13948 13948 13948 13948 13948 13948 13948 13948 13234 13812 13812 13812 13812 13812 13812 13812 13812 13812 13812 13812 13812 13098 
3528 3528 3528 3528 3528 3528 3528 3528 3528 3528 3528 3528 2940 16968 16968 16968 16968 16968 16968 16968 16968 16968 16968 16968 16968 16380 
12308 12308 12308 12308 12308 12308 12308 12308 12308 12308 12308 12308 11678 16348 16348 16348 16348 16348 16348 16348 16348 16348 16348 16348 16348 15718 
19696 19696 19696 19696 19696 19696 19696 19696 19696 19696 19696 19696 19120 12336 12336 12336 12336 12336 12336 12336 12336 12336 12336 12336 12336 11760 
11512 11512 11512 11512 11512 11512 11512 11512 11512 11512 11512 11512 10816 16048 16048 16048 16048 16048 16048 16048 16048 16048 16048 16048 16048 15352 
20200 20200 20200 20200 20200 20200 20200 20200 20200 20200 20200 20200 19540 12840 12840 12840 12840 12840 12840 12840 12840 12840 12840 12840 12840 12180 
18316 18316 18316 18316 18316 18316 18316 18316 18316 18316 18316 18316 17710 11004 11004 11004 11004 11004 11004 11004 11004 11004 11004 11004 11004 10398 
13040 13040 13040 13040 13040 13040 13040 13040 13040 13040 13040 13040 12368 14280 14280 14280 14280 14280 14280 14280 14280 14280 14280 14280 14280 13608 
16588 16588 16588 16588 16588 16588 16588 16588 16588 16588 16588 16588 15910 9508 9508 9508 9508 9508 9508 9508 9508 9508 9508 9508 9508 8830 
12704 12704 12704 12704 12704 12704 12704 12704 12704 12704 12704 12704 12008 16744 16744 16744 16744 16744 16744 16744 16744 16744 16744 16744 16744 16048 
12932 12932 12932 12932 12932 12932 12932 12932 12932 12932 12932 12932 12278 14172 14172 14172 14172 14172 14172 14172 14172 14172 14172 14172 14172 13518 
13164 13164 13164 13164 13164 13164 13164 13164 13164 13164 13164 13164 12510 19476 19476 19476 19476 19476 19476 19476 19476 19476 19476 19476 19476 18822 
11652 11652 11652 11652 11652 11652 11652 11652 11652 11652 11652 11652 11070 16460 16460 16460 16460 16460 16460 16460 16460 16460 16460 16460 16460 15878 
16120 16120 16120 16120 16120 16120 16120 16120 16120 16120 16120 16120 15520 9040 9040 9040 9040 9040 9040 9040 9040 9040 9040 9040 9040 8440 
14264 14264 14264 14264 14264 14264 14264 14264 14264 14264 14264 14264 13580 13136 13136 13136 13136 13136 13136 13136 13136 13136 13136 13136 13136 12452 
19724 19724 19724 19724 19724 19724 19724 19724 19724 19724 19724 19724 19046 13108 13108 13108 13108 13108 13108 13108 13108 13108 13108 13108 13108 12430 
15180 15180 15180 15180 15180 15180 15180 15180 15180 15180 15180 15180 14502 21916 21916 21916 21916 21916 21916 21916 21916 21916 21916 21916 21916 21238 
13480 13480 13480 13480 13480 13480 13480 13480 13480 13480 13480 13480 12844 13344 13344 13344 13344 13344 13344 13344 13344 13344 13344 13344 13344 12708 
12776 12776 12776 12776 12776 12776 12776 12776 12776 12776 12776 12776 12068 16816 16816 16816 16816 16816 16816 16816 16816 16816 16816 16816 16816 16108 
19876 19876 19876 19876 19876 19876 19876 19876 19876 19876 19876 19876 19270 12516 12516 12516 12516 12516 12516 12516 12516 12516 12516 12516 12516 11910 
19508 19508 19508 19508 19508 19508 19508 19508 19508 19508 19508 19508 18866 12892 12892 12892 12892 12892 12892 12892 12892 12892 12892 12892 12892 12250 
14408 14408 14408 14408 14408 14408 14408 14408 14408 14408 14408 14408 13700 13280 13280 13280 13280 13280 13280 13280 13280 13280 13280 13280 13280 12572 
12380 12380 12380 12380 12380 12380 12380 12380 12380 12380 12380 12380 11738 16420 16420 16420 16420 16420 16420 16420 16420 16420 16420 16420 16420 15778 
17696 17696 17696 17696 17696 17696 17696 17696 17696 17696 17696 17696 17000 5656 5656 5656 5656 5656 5656 5656 5656 5656 5656 5656 5656 4960 
17024 17024 17024 17024 17024 17024 17024 17024 17024 17024 17024 17024 16400 3744 3744 3744 3744 3744 3744 3744 3744 3744 3744 3744 3744 3120 
13524 13524 13524 13524 13524 13524 13524 13524 13524 13524 13524 13524 12810 19836 19836 19836 19836 19836 19836 19836 19836 19836 19836 19836 19836 19122 
19760 19760 19760 19760 19760 19760 19760 19760 19760 19760 19760 19760 19076 13144 13144 13144 13144 13144 13144 13144 13144 13144 13144 13144 13144 12460 
17240 17240 17240 17240 17240 17240 17240 17240 17240 17240 17240 17240 16580 3960 3960 3960 3960 3960 3960 3960 3960 3960 3960 3960 3960 3300 
13868 13868 13868 13868 13868 13868 13868 13868 13868 13868 13868 13868 13250 12740 12740 12740 12740 12740 12740 12740 12740 12740 12740 12740 12740 12122 
4212 4212 4212 4212 4212 4212 4212 4212 4212 4212 4212 4212 3510 17652 17652 17652 17652 17652 17652 17652 17652 17652 17652 17652 17652 16950 
13624 13624 13624 13624 13624 13624 13624 13624 13624 13624 13624 13624 12964 13488 13488 13488 13488 13488 13488 13488 13488 13488 13488 13488 13488 12828 
12704 12704 12704 12704 12704 12704 12704 12704 12704 12704 12704 12704 12008 16744 16744 16744 16744 16744 16744 16744 16744 16744 16744 16744 16744 16048 
17192 17192 17192 17192 17192 17192 17192 17192 17192 17192 17192 17192 16580 5152 5152 5152 5152 5152 5152 5152 5152 5152 5152 5152 5152 4540 
14336 14336 14336 14336 14336 14336 14336 14336 14336 14336 14336 14336 13640 13208 13208 13208 13208 13208 13208 13208 13208 13208 13208 13208 13208 12512 
19220 19220 19220 19220 19220 19220 19220 19220 19220 19220 19220 19220 18626 12604 12604 12604 12604 12604 12604 12604 12604 12604 12604 12604 12604 12010 
13900 13900 13900 13900 13900 13900 13900 13900 13900 13900 13900 13900 13210 13932 13932 13932 13932 13932 13932 13932 13932 13932 13932 13932 13932 13242 
14120 14120 14120 14120 14120 14120 14120 14120 14120 14120 14120 14120 13460 12992 12992 12992 12992 12992 12992 12992 12992 12992 12992 12992 12992 12332 
15196 15196 15196 15196 15196 15196 15196 15196 15196 15196 15196 15196 14518 22508 22508 22508 22508 22508 22508 22508 22508 22508 22508 22508 22508 21830 
18244 18244 18244 18244 18244 18244 18244 18244 18244 18244 18244 18244 17650 10932 10932 10932 10932 10932 10932 10932 10932 10932 10932 10932 10932 10338 
]

ExternalWorkerWithSkillOnStintCost: [
13110 17670 14880 15150 16800 17130 12150 12180 15780 16950 17940 16470 15990 13530 13140 13680 17790 16380 12090 14670 17790 16590 15630 16920 13860 16860 
16770 12150 16980 13080 17100 16800 14820 16440 12090 16470 12360 14550 12930 16320 13440 15480 16050 17850 17550 13980 12090 14280 16110 17430 14700 15660 
17970 15330 15000 17850 15810 15900 14910 14070 16770 14130 12240 15810 17610 15930 14400 15720 12330 13710 17550 13680 17820 17250 16410 14130 15390 15660 
16350 12660 13290 17400 16860 15000 13200 14100 12090 14010 12420 17730 14550 12810 13140 13290 15390 17400 16740 17670 15450 17970 15630 17310 13560 12090 
17400 12330 16620 13980 16860 12150 16200 16770 16170 15480 13530 17130 16260 14640 14700 13920 14580 13170 17310 12240 17550 17160 17580 14190 13140 14310 
12120 17520 13500 12840 15300 12960 13830 13350 14640 14820 17460 15630 15150 14490 15690 12420 13140 15270 14940 13680 12480 15030 13920 16590 13620 12600 
]

OverlappingStints: [
[ 14 ]
[ 15 ]
[ 16 ]
[ 17 ]
[ 18 ]
[ 19 ]
[ 20 ]
[ 21 ]
[ 22 ]
[ 23 ]
[ 24 ]
[ 25 ]
[ 26 ]
[ ]
[ ]
[ ]
[ ]
[ ]
[ ]
[ ]
[ ]
[ ]
[ ]
[ ]
[ ]
[ ]
]

EmployeesWithSkill: [
[ 1 2 3 4 5 6 7 8 9 10 11 12 13 14 15 16 17 18 19 20 21 22 23 24 25 26 27 28 29 30 31 32 33 34 35 36 37 38 39 40 41 42 43 44 45 46 47 48 49 50 51 52 53 54 55 56 57 58 59 60 61 62 63 64 65 66 67 68 69 70 71 72 73 74 75 76 77 78 79 80 81 82 83 84 85 86 87 88 89 90 91 92 93 94 95 96 97 98 99 100 101 102 103 104 105 106 107 108 109 110 111 112 113 114 115 116 117 118 119 120 121 122 123 124 125 126 127 128 129 130 131 132 133 134 135 136 137 138 139 140 141 142 143 144 145 146 147 148 149 150 ]
[ 1 2 3 4 6 7 8 10 11 12 13 14 15 16 17 20 22 24 25 26 28 29 32 33 35 36 38 39 40 41 42 43 44 46 47 48 49 50 51 54 55 56 58 59 61 62 63 64 65 66 67 68 70 71 74 75 76 77 78 79 80 82 83 84 86 88 89 90 93 94 95 99 101 102 104 105 106 108 109 110 112 114 115 117 119 122 123 124 125 127 129 130 131 132 133 134 135 136 137 138 139 140 141 142 144 146 147 149 150 ]
[ 1 2 3 4 5 9 13 15 16 18 20 21 24 26 28 30 33 34 35 39 41 44 46 48 50 51 52 53 54 56 57 59 60 64 65 66 67 68 69 70 71 73 75 76 77 78 80 81 82 86 87 88 89 90 92 94 95 97 98 100 101 102 105 106 107 108 109 114 116 117 118 119 122 126 127 128 129 131 132 133 134 136 139 140 141 142 143 145 147 149 150 ]
[ 1 4 5 11 14 15 18 19 20 23 27 28 41 51 52 55 67 69 71 73 74 82 84 92 93 96 98 100 101 103 106 109 125 133 134 146 ]
[ 1 16 18 21 30 39 68 74 84 91 102 130 142 ]
[ 2 7 8 14 24 36 39 44 62 72 75 112 114 118 121 137 ]
]

SkillDemandInActivityWithMode: [
0	0	0	
49	75	33	
61	93	41	
49	75	33	
35	54	24	
16	25	11	
49	75	33	
15	24	10	
49	75	33	
41	63	28	
49	75	33	
49	75	33	
9	15	6	
41	63	28	
49	75	33	
16	25	11	
49	75	33	
25	39	17	
35	54	24	
0	0	0	
12	19	8	
24	37	16	
13	21	9	
20	31	14	
22	34	15	
37	57	25	
9	15	6	
33	51	22	
8	13	6	
26	40	18	
18	28	12	
43	66	29	
19	30	13	
33	51	22	
22	34	15	
22	34	15	
11	18	8	
19	30	13	
15	24	10	
33	51	22	
20	31	14	
33	51	22	
37	57	25	
33	51	22	
24	37	16	
43	66	29	

0	0	0	
55	84	37	
68	103	46	
55	84	37	
39	60	26	
17	27	12	
55	84	37	
16	25	11	
55	84	37	
45	69	30	
55	84	37	
55	84	37	
9	15	6	
45	69	30	
54	82	36	
17	27	12	
54	82	36	
27	42	18	
39	60	26	
0	0	0	
5	9	4	
10	16	7	
5	9	4	
9	15	6	
9	15	6	
17	27	12	
3	6	2	
14	22	10	
3	6	2	
11	18	8	
7	12	5	
19	30	13	
8	13	6	
14	22	10	
9	15	6	
9	15	6	
4	7	3	
8	13	6	
6	10	4	
14	22	10	
9	15	6	
14	22	10	
16	25	11	
14	22	10	
10	16	7	
19	30	13	

0	0	0	
40	61	27	
50	76	34	
40	61	27	
28	43	19	
12	19	8	
40	61	27	
11	18	8	
40	61	27	
33	51	22	
40	61	27	
40	61	27	
6	10	4	
33	51	22	
40	61	27	
12	19	8	
40	61	27	
20	31	14	
28	43	19	
0	0	0	
5	9	4	
10	16	7	
6	10	4	
9	15	6	
10	16	7	
17	27	12	
4	7	3	
15	24	10	
3	6	2	
12	19	8	
8	13	6	
20	31	14	
8	13	6	
15	24	10	
10	16	7	
10	16	7	
4	7	3	
8	13	6	
6	10	4	
14	22	10	
9	15	6	
14	22	10	
17	27	12	
14	22	10	
10	16	7	
19	30	13	

0	0	0	
3	6	2	
4	7	3	
3	6	2	
2	4	2	
1	3	1	
3	6	2	
1	3	1	
3	6	2	
3	6	2	
3	6	2	
3	6	2	
0	1	0	
3	6	2	
3	6	2	
1	3	1	
3	6	2	
1	3	1	
2	4	2	
0	0	0	
3	6	2	
8	13	6	
4	7	3	
6	10	4	
7	12	5	
12	19	8	
2	4	2	
11	18	8	
2	4	2	
8	13	6	
5	9	4	
14	22	10	
6	10	4	
11	18	8	
7	12	5	
7	12	5	
3	6	2	
6	10	4	
4	7	3	
11	18	8	
6	10	4	
11	18	8	
12	19	8	
11	18	8	
8	13	6	
14	22	10	

0	0	0	
4	7	3	
5	9	4	
4	7	3	
3	6	2	
1	3	1	
4	7	3	
1	3	1	
4	7	3	
3	6	2	
4	7	3	
4	7	3	
0	1	0	
3	6	2	
4	7	3	
1	3	1	
4	7	3	
2	4	2	
2	4	2	
0	0	0	
1	3	1	
2	4	2	
1	3	1	
1	3	1	
1	3	1	
3	6	2	
0	1	0	
2	4	2	
0	1	0	
2	4	2	
1	3	1	
3	6	2	
1	3	1	
2	4	2	
1	3	1	
1	3	1	
0	1	0	
1	3	1	
1	3	1	
2	4	2	
1	3	1	
2	4	2	
3	6	2	
2	4	2	
2	4	2	
3	6	2	

0	0	0	
0	1	0	
0	1	0	
0	1	0	
0	1	0	
0	1	0	
0	1	0	
0	1	0	
0	1	0	
0	1	0	
0	1	0	
0	1	0	
0	1	0	
0	1	0	
0	1	0	
0	1	0	
0	1	0	
0	1	0	
0	1	0	
0	0	0	
1	3	1	
4	7	3	
2	4	2	
3	6	2	
3	6	2	
6	10	4	
1	3	1	
5	9	4	
1	3	1	
4	7	3	
2	4	2	
7	12	5	
3	6	2	
5	9	4	
3	6	2	
3	6	2	
1	3	1	
3	6	2	
2	4	2	
5	9	4	
3	6	2	
5	9	4	
6	10	4	
5	9	4	
3	6	2	
7	12	5	

]

EmployeeAvailability: [
1 0 1 1 1 1 1 1 1 0 1 1 1 1 0 1 1 1 1 1 1 1 0 1 1 1 
1 1 1 1 1 1 1 1 1 1 1 1 1 1 1 1 1 1 1 1 1 1 1 1 1 1 
1 1 0 1 1 1 1 0 1 1 1 1 1 1 1 0 1 1 1 1 0 1 1 1 1 1 
1 1 0 1 1 1 0 1 1 1 1 1 1 1 1 0 1 1 1 0 1 1 1 1 1 1 
1 1 1 1 1 1 0 1 1 1 1 1 1 1 1 1 1 1 1 0 1 1 1 1 1 1 
1 1 1 1 1 1 1 1 1 1 0 1 0 1 1 1 1 1 1 1 1 1 1 0 1 0 
1 0 1 1 1 1 1 1 1 1 1 0 1 1 0 1 1 1 1 1 1 1 1 1 0 1 
0 1 1 1 0 1 0 1 1 1 1 1 1 0 1 1 1 0 1 0 1 1 1 1 1 1 
1 1 0 1 1 1 1 0 1 1 1 1 1 1 1 0 1 1 1 1 0 1 1 1 1 1 
1 1 1 1 1 1 1 1 0 1 1 1 1 1 1 1 1 1 1 1 1 0 1 1 1 1 
1 1 1 1 1 0 1 1 1 1 1 1 1 1 1 1 1 1 0 1 1 1 1 1 1 1 
1 1 1 1 1 1 1 1 1 0 1 0 1 1 1 1 1 1 1 1 1 1 0 1 0 1 
1 1 1 1 1 1 1 1 1 1 1 1 1 1 1 1 1 1 1 1 1 1 1 1 1 1 
1 1 1 1 1 1 1 1 1 1 1 1 1 1 1 1 1 1 1 1 1 1 1 1 1 1 
1 1 1 1 0 1 0 1 1 1 1 1 1 1 1 1 1 0 1 0 1 1 1 1 1 1 
1 1 1 1 1 1 1 1 1 1 1 0 0 1 1 1 1 1 1 1 1 1 1 1 0 0 
1 0 1 1 1 1 1 1 1 1 1 0 0 1 0 1 1 1 1 1 1 1 1 1 0 0 
0 1 1 1 1 1 1 1 1 1 1 1 1 0 1 1 1 1 1 1 1 1 1 1 1 1 
1 1 1 1 1 0 1 1 1 1 1 1 1 1 1 1 1 1 0 1 1 1 1 1 1 1 
1 1 0 1 1 1 1 1 1 1 1 1 1 1 1 0 1 1 1 1 1 1 1 1 1 1 
1 1 1 1 1 1 1 1 1 1 1 1 1 1 1 1 1 1 1 1 1 1 1 1 1 1 
1 1 1 1 1 1 1 1 0 1 1 1 1 1 1 1 1 1 1 1 1 0 1 1 1 1 
1 0 1 1 1 1 1 1 1 1 1 1 1 1 0 1 1 1 1 1 1 1 1 1 1 1 
1 1 1 1 0 1 1 1 0 1 1 0 1 1 1 1 1 0 1 1 1 0 1 1 0 1 
1 1 1 1 0 0 1 1 1 1 1 1 1 1 1 1 1 0 0 1 1 1 1 1 1 1 
1 1 1 1 0 1 1 1 1 1 1 1 1 1 1 1 1 0 1 1 1 1 1 1 1 1 
1 1 0 1 1 1 1 1 1 1 1 1 1 1 1 0 1 1 1 1 1 1 1 1 1 1 
1 1 1 1 1 1 1 1 1 1 1 1 1 1 1 1 1 1 1 1 1 1 1 1 1 1 
1 1 0 1 1 1 1 1 1 1 1 1 1 1 1 0 1 1 1 1 1 1 1 1 1 1 
1 1 1 0 1 1 1 1 1 1 1 1 0 1 1 1 0 1 1 1 1 1 1 1 1 0 
1 1 1 1 1 1 1 1 1 1 1 1 1 1 1 1 1 1 1 1 1 1 1 1 1 1 
1 1 1 1 1 0 1 1 1 1 1 1 1 1 1 1 1 1 0 1 1 1 1 1 1 1 
1 0 1 1 1 1 1 0 1 0 1 1 1 1 0 1 1 1 1 1 0 1 0 1 1 1 
1 1 1 1 1 1 1 0 1 0 1 1 1 1 1 1 1 1 1 1 0 1 0 1 1 1 
1 1 1 1 1 1 0 1 1 1 1 1 1 1 1 1 1 1 1 0 1 1 1 1 1 1 
1 1 1 1 1 1 1 1 1 1 1 0 1 1 1 1 1 1 1 1 1 1 1 1 0 1 
1 1 1 1 1 1 1 1 1 1 1 1 1 1 1 1 1 1 1 1 1 1 1 1 1 1 
1 1 1 0 1 1 1 1 0 1 1 1 1 1 1 1 0 1 1 1 1 0 1 1 1 1 
1 1 1 1 0 1 1 1 1 1 1 1 1 1 1 1 1 0 1 1 1 1 1 1 1 1 
1 1 1 1 1 1 1 1 1 1 1 0 1 1 1 1 1 1 1 1 1 1 1 1 0 1 
1 1 1 1 1 1 1 1 1 0 1 1 1 1 1 1 1 1 1 1 1 1 0 1 1 1 
1 1 1 1 1 1 0 1 1 1 1 1 1 1 1 1 1 1 1 0 1 1 1 1 1 1 
1 1 1 1 1 1 0 0 0 1 1 1 1 1 1 1 1 1 1 0 0 0 1 1 1 1 
1 1 1 1 1 1 1 1 1 1 1 1 1 1 1 1 1 1 1 1 1 1 1 1 1 1 
1 1 1 1 1 1 1 1 1 1 1 1 1 1 1 1 1 1 1 1 1 1 1 1 1 1 
0 1 0 1 1 1 1 1 1 1 1 1 1 0 1 0 1 1 1 1 1 1 1 1 1 1 
1 1 1 1 1 1 1 1 1 1 1 1 0 1 1 1 1 1 1 1 1 1 1 1 1 0 
0 1 1 1 1 1 1 1 1 1 0 1 1 0 1 1 1 1 1 1 1 1 1 0 1 1 
1 1 1 1 0 1 1 1 1 1 1 1 1 1 1 1 1 0 1 1 1 1 1 1 1 1 
1 1 1 1 1 1 1 1 1 1 1 1 1 1 1 1 1 1 1 1 1 1 1 1 1 1 
0 1 1 1 1 1 1 0 1 1 1 0 1 0 1 1 1 1 1 1 0 1 1 1 0 1 
1 1 1 1 0 1 1 1 1 1 1 1 1 1 1 1 1 0 1 1 1 1 1 1 1 1 
1 1 1 1 1 1 1 1 1 1 1 1 1 1 1 1 1 1 1 1 1 1 1 1 1 1 
1 1 1 1 1 1 1 1 1 1 1 0 1 1 1 1 1 1 1 1 1 1 1 1 0 1 
1 1 1 1 1 1 1 0 1 1 1 1 1 1 1 1 1 1 1 1 0 1 1 1 1 1 
1 1 1 1 1 1 1 1 1 1 1 1 1 1 1 1 1 1 1 1 1 1 1 1 1 1 
1 1 1 1 1 1 1 1 1 0 1 1 1 1 1 1 1 1 1 1 1 1 0 1 1 1 
1 1 1 1 1 1 0 1 1 1 1 1 1 1 1 1 1 1 1 0 1 1 1 1 1 1 
1 1 1 1 1 1 1 1 1 1 1 1 1 1 1 1 1 1 1 1 1 1 1 1 1 1 
1 1 1 1 0 1 1 1 1 1 1 1 1 1 1 1 1 0 1 1 1 1 1 1 1 1 
1 1 1 1 1 1 1 1 1 0 0 1 1 1 1 1 1 1 1 1 1 1 0 0 1 1 
1 1 1 1 0 1 1 1 1 1 1 0 1 1 1 1 1 0 1 1 1 1 1 1 0 1 
1 1 1 1 1 1 1 1 1 1 1 1 0 1 1 1 1 1 1 1 1 1 1 1 1 0 
1 1 1 1 1 1 0 1 0 1 1 1 1 1 1 1 1 1 1 0 1 0 1 1 1 1 
1 1 1 1 1 1 1 1 1 1 1 0 1 1 1 1 1 1 1 1 1 1 1 1 0 1 
1 1 1 0 1 1 1 1 1 1 1 1 0 1 1 1 0 1 1 1 1 1 1 1 1 0 
1 1 1 1 1 1 1 1 1 1 1 1 1 1 1 1 1 1 1 1 1 1 1 1 1 1 
1 1 1 1 1 1 1 1 1 1 1 1 1 1 1 1 1 1 1 1 1 1 1 1 1 1 
1 1 1 0 1 1 1 1 1 1 1 1 1 1 1 1 0 1 1 1 1 1 1 1 1 1 
1 0 1 1 1 1 1 1 1 1 1 1 0 1 0 1 1 1 1 1 1 1 1 1 1 0 
1 1 1 1 1 1 1 1 1 0 1 1 1 1 1 1 1 1 1 1 1 1 0 1 1 1 
0 1 1 1 0 1 1 1 1 1 1 1 1 0 1 1 1 0 1 1 1 1 1 1 1 1 
1 0 1 1 1 0 1 1 1 1 1 1 1 1 0 1 1 1 0 1 1 1 1 1 1 1 
1 1 0 1 1 1 0 0 1 1 1 1 1 1 1 0 1 1 1 0 0 1 1 1 1 1 
1 1 1 1 1 1 1 1 1 0 1 1 1 1 1 1 1 1 1 1 1 1 0 1 1 1 
0 1 0 1 1 1 1 1 1 1 1 1 1 0 1 0 1 1 1 1 1 1 1 1 1 1 
1 1 1 1 1 1 1 1 1 1 1 1 1 1 1 1 1 1 1 1 1 1 1 1 1 1 
1 1 0 1 0 1 1 1 1 1 1 1 1 1 1 0 1 0 1 1 1 1 1 1 1 1 
1 1 1 1 1 1 1 1 1 1 1 1 1 1 1 1 1 1 1 1 1 1 1 1 1 1 
1 1 1 1 1 1 1 1 1 1 1 1 1 1 1 1 1 1 1 1 1 1 1 1 1 1 
1 1 1 1 0 1 1 1 1 1 1 1 1 1 1 1 1 0 1 1 1 1 1 1 1 1 
1 0 1 1 1 1 1 0 1 1 1 1 1 1 0 1 1 1 1 1 0 1 1 1 1 1 
1 1 1 0 1 1 1 1 1 1 1 1 1 1 1 1 0 1 1 1 1 1 1 1 1 1 
1 0 1 1 1 1 1 1 1 1 1 1 1 1 0 1 1 1 1 1 1 1 1 1 1 1 
1 1 1 1 1 1 1 1 1 1 1 1 1 1 1 1 1 1 1 1 1 1 1 1 1 1 
1 1 1 1 1 0 1 1 1 1 1 1 1 1 1 1 1 1 0 1 1 1 1 1 1 1 
1 1 1 1 0 1 1 0 1 1 1 1 1 1 1 1 1 0 1 1 0 1 1 1 1 1 
1 1 1 1 1 1 1 1 1 1 1 1 1 1 1 1 1 1 1 1 1 1 1 1 1 1 
1 1 1 1 1 1 1 1 0 1 1 1 1 1 1 1 1 1 1 1 1 0 1 1 1 1 
1 1 1 1 1 1 1 1 1 1 1 1 1 1 1 1 1 1 1 1 1 1 1 1 1 1 
0 1 1 1 1 1 1 1 1 1 1 1 1 0 1 1 1 1 1 1 1 1 1 1 1 1 
1 1 1 1 1 1 1 1 1 1 1 1 1 1 1 1 1 1 1 1 1 1 1 1 1 1 
0 1 1 1 0 1 0 1 1 1 1 1 1 0 1 1 1 0 1 0 1 1 1 1 1 1 
1 1 1 1 1 0 1 1 1 1 1 1 1 1 1 1 1 1 0 1 1 1 1 1 1 1 
0 1 1 1 1 1 1 1 1 1 0 1 1 0 1 1 1 1 1 1 1 1 1 0 1 1 
0 1 1 1 1 1 1 1 0 1 1 1 1 0 1 1 1 1 1 1 1 0 1 1 1 1 
1 1 1 1 1 1 1 1 1 1 1 1 0 1 1 1 1 1 1 1 1 1 1 1 1 0 
1 1 1 1 1 1 1 1 1 1 1 1 1 1 1 1 1 1 1 1 1 1 1 1 1 1 
0 1 1 1 1 1 1 1 1 1 0 1 1 0 1 1 1 1 1 1 1 1 1 0 1 1 
1 1 0 1 1 1 1 1 1 1 1 1 1 1 1 0 1 1 1 1 1 1 1 1 1 1 
1 1 1 1 0 1 0 0 1 1 1 1 1 1 1 1 1 0 1 0 0 1 1 1 1 1 
1 1 1 1 1 1 1 1 1 1 1 1 1 1 1 1 1 1 1 1 1 1 1 1 1 1 
1 1 0 1 1 1 1 1 1 1 1 0 1 1 1 0 1 1 1 1 1 1 1 1 0 1 
1 0 1 1 1 1 0 1 1 1 0 1 1 1 0 1 1 1 1 0 1 1 1 0 1 1 
1 1 1 0 1 1 1 1 1 1 1 1 1 1 1 1 0 1 1 1 1 1 1 1 1 1 
1 1 1 0 1 1 0 1 1 1 1 1 1 1 1 1 0 1 1 0 1 1 1 1 1 1 
1 1 1 1 1 1 1 1 1 1 1 1 1 1 1 1 1 1 1 1 1 1 1 1 1 1 
1 1 1 1 1 1 1 1 1 1 1 1 1 1 1 1 1 1 1 1 1 1 1 1 1 1 
1 1 1 1 1 1 1 0 1 1 1 0 1 1 1 1 1 1 1 1 0 1 1 1 0 1 
1 1 1 1 1 1 1 1 1 1 1 1 1 1 1 1 1 1 1 1 1 1 1 1 1 1 
1 1 1 1 1 1 0 1 1 1 1 1 1 1 1 1 1 1 1 0 1 1 1 1 1 1 
1 1 1 1 1 1 1 1 1 1 1 1 1 1 1 1 1 1 1 1 1 1 1 1 1 1 
1 1 1 1 1 1 1 1 1 1 1 1 1 1 1 1 1 1 1 1 1 1 1 1 1 1 
1 1 1 1 1 1 1 1 1 1 1 1 1 1 1 1 1 1 1 1 1 1 1 1 1 1 
1 0 1 1 1 1 1 1 1 0 1 1 1 1 0 1 1 1 1 1 1 1 0 1 1 1 
1 1 1 1 1 1 1 1 1 1 1 1 1 1 1 1 1 1 1 1 1 1 1 1 1 1 
1 1 1 1 1 1 1 1 1 1 0 1 1 1 1 1 1 1 1 1 1 1 1 0 1 1 
1 1 1 1 1 1 1 1 1 1 0 1 1 1 1 1 1 1 1 1 1 1 1 0 1 1 
1 1 1 1 1 1 1 0 1 1 0 1 1 1 1 1 1 1 1 1 0 1 1 0 1 1 
1 1 1 0 1 1 1 1 1 1 1 1 1 1 1 1 0 1 1 1 1 1 1 1 1 1 
1 1 1 1 1 1 1 0 0 1 1 1 1 1 1 1 1 1 1 1 0 0 1 1 1 1 
0 1 1 1 1 1 1 1 1 1 1 1 1 0 1 1 1 1 1 1 1 1 1 1 1 1 
1 1 1 1 1 1 1 1 1 1 1 1 1 1 1 1 1 1 1 1 1 1 1 1 1 1 
1 1 1 1 1 1 1 1 1 0 1 1 1 1 1 1 1 1 1 1 1 1 0 1 1 1 
1 1 1 1 1 1 0 0 1 1 1 1 1 1 1 1 1 1 1 0 0 1 1 1 1 1 
1 1 1 1 1 1 1 1 1 1 1 0 1 1 1 1 1 1 1 1 1 1 1 1 0 1 
1 1 1 1 0 1 1 1 1 1 0 1 1 1 1 1 1 0 1 1 1 1 1 0 1 1 
1 1 1 0 1 1 1 1 1 1 1 1 1 1 1 1 0 1 1 1 1 1 1 1 1 1 
1 1 1 1 1 1 1 1 1 1 1 1 1 1 1 1 1 1 1 1 1 1 1 1 1 1 
0 1 1 1 1 1 1 1 1 1 1 1 1 0 1 1 1 1 1 1 1 1 1 1 1 1 
1 1 1 0 1 1 1 1 1 1 1 1 1 1 1 1 0 1 1 1 1 1 1 1 1 1 
1 1 1 1 1 1 1 1 1 1 1 1 1 1 1 1 1 1 1 1 1 1 1 1 1 1 
1 0 1 1 1 1 1 1 1 1 1 0 1 1 0 1 1 1 1 1 1 1 1 1 0 1 
1 0 1 1 0 1 1 0 1 1 1 1 1 1 0 1 1 0 1 1 0 1 1 1 1 1 
1 1 1 0 1 1 1 1 1 0 1 1 1 1 1 1 0 1 1 1 1 1 0 1 1 1 
1 1 1 1 1 1 1 1 1 1 1 1 1 1 1 1 1 1 1 1 1 1 1 1 1 1 
1 1 1 1 1 1 0 0 1 1 1 1 1 1 1 1 1 1 1 0 0 1 1 1 1 1 
1 1 1 1 1 1 1 1 0 1 1 1 1 1 1 1 1 1 1 1 1 0 1 1 1 1 
1 1 1 1 1 1 1 1 0 1 1 1 1 1 1 1 1 1 1 1 1 0 1 1 1 1 
1 1 1 1 1 1 1 1 1 0 1 1 1 1 1 1 1 1 1 1 1 1 0 1 1 1 
1 1 1 1 1 0 1 1 0 1 1 1 1 1 1 1 1 1 0 1 1 0 1 1 1 1 
1 1 1 1 1 1 1 1 1 0 1 1 1 1 1 1 1 1 1 1 1 1 0 1 1 1 
1 1 1 1 1 1 1 1 1 1 1 0 0 1 1 1 1 1 1 1 1 1 1 1 0 0 
1 1 1 1 1 1 1 1 1 1 1 1 0 1 1 1 1 1 1 1 1 1 1 1 1 0 
1 1 1 1 1 1 1 1 1 1 0 1 0 1 1 1 1 1 1 1 1 1 1 0 1 0 
1 1 1 1 1 1 1 1 1 1 1 1 0 1 1 1 1 1 1 1 1 1 1 1 1 0 
1 0 1 0 1 1 1 1 1 1 1 1 1 1 0 1 0 1 1 1 1 1 1 1 1 1 
1 1 1 1 1 1 1 1 1 1 1 1 0 1 1 1 1 1 1 1 1 1 1 1 1 0 
1 1 1 1 1 1 1 1 1 1 1 1 1 1 1 1 1 1 1 1 1 1 1 1 1 1 
1 1 1 1 1 1 1 1 1 1 1 1 1 1 1 1 1 1 1 1 1 1 1 1 1 1 
]

EmployeeWantedInStint: [ (1 15) 1 (6 5) 1 (7 15) 1 (8 26) 1 (11 22) 1 (16 2) 1 (18 18) 1 (19 19) 1 (20 6) 1 (22 1) 1 (22 4) 1 (23 21) 1 (26 22) 1 (28 7) 1 (28 22) 1 (30 15) 1 (31 26) 1 (32 2) 1 (39 4) 1 (41 11) 1 (42 13) 1 (42 19) 1 (45 25) 1 (46 7) 1 (48 20) 1 (52 1) 1 (52 8) 1 (52 23) 1 (55 14) 1 (57 10) 1 (59 17) 1 (61 4) 1 (62 6) 1 (63 6) 1 (64 19) 1 (69 7) 1 (69 23) 1 (70 5) 1 (70 6) 1 (70 15) 1 (76 24) 1 (77 17) 1 (77 23) 1 (85 6) 1 (86 1) 1 (87 5) 1 (89 1) 1 (91 14) 1 (96 8) 1 (96 24) 1 (101 25) 1 (103 5) 1 (107 3) 1 (111 10) 1 (117 16) 1 (117 22) 1 (118 2) 1 (118 13) 1 (118 21) 1 (119 6) 1 (121 3) 1 (121 22) 1 (125 8) 1 (125 19) 1 (126 7) 1 (126 13) 1 (128 6) 1 (128 13) 1 (129 2) 1 (133 2) 1 (133 11) 1 (136 25) 1 (141 6) 1 (144 2) 1 (147 18) 1 (148 5) 1 (148 19) 1 ]

EmployeeWantedViolationCost: [ (1 15) 15000 (6 5) 14000 (7 15) 11000 (8 26) 15000 (11 22) 13000 (16 2) 10000 (18 18) 15000 (19 19) 6000 (20 6) 5000 (22 1) 8000 (22 4) 6000 (23 21) 12000 (26 22) 10000 (28 7) 13000 (28 22) 15000 (30 15) 9000 (31 26) 9000 (32 2) 13000 (39 4) 11000 (41 11) 5000 (42 13) 15000 (42 19) 11000 (45 25) 5000 (46 7) 11000 (48 20) 9000 (52 1) 8000 (52 8) 12000 (52 23) 11000 (55 14) 14000 (57 10) 12000 (59 17) 13000 (61 4) 6000 (62 6) 14000 (63 6) 10000 (64 19) 11000 (69 7) 10000 (69 23) 10000 (70 5) 12000 (70 6) 14000 (70 15) 8000 (76 24) 10000 (77 17) 7000 (77 23) 11000 (85 6) 10000 (86 1) 5000 (87 5) 9000 (89 1) 6000 (91 14) 11000 (96 8) 9000 (96 24) 6000 (101 25) 8000 (103 5) 15000 (107 3) 13000 (111 10) 11000 (117 16) 15000 (117 22) 12000 (118 2) 5000 (118 13) 13000 (118 21) 6000 (119 6) 15000 (121 3) 10000 (121 22) 6000 (125 8) 5000 (125 19) 7000 (126 7) 9000 (126 13) 15000 (128 6) 12000 (128 13) 9000 (129 2) 7000 (133 2) 13000 (133 11) 12000 (136 25) 7000 (141 6) 15000 (144 2) 5000 (147 18) 7000 (148 5) 12000 (148 19) 14000 ]

EmployeesThatShouldNotWorkTogetherWithEmployee: [
[ 42 46 72 112 136 ]
[ 13 44 115 124 ]
[ 86 147 ]
[ 12 84 101 105 ]
[ 18 79 83 104 130 137 148 ]
[ 8 63 84 91 119 138 147 ]
[ 15 39 71 128 145 ]
[ 31 66 71 86 102 ]
[ 12 13 35 42 57 148 ]
[ 11 40 46 87 89 108 116 131 ]
[ 77 82 117 118 147 ]
[ 85 87 88 ]
[ 16 41 67 96 99 110 ]
[ 57 86 88 90 101 130 145 ]
[ 19 31 38 43 52 59 83 97 101 129 ]
[ ]
[ 35 46 53 122 147 ]
[ 47 50 60 71 85 112 113 117 ]
[ 29 66 95 ]
[ 44 100 105 118 121 ]
[ 71 77 107 117 127 146 ]
[ 33 45 77 110 113 124 ]
[ 24 66 81 83 88 91 107 124 137 ]
[ 29 33 37 70 84 131 142 ]
[ 48 100 113 ]
[ 69 79 84 126 ]
[ 94 120 126 150 ]
[ 70 96 130 136 ]
[ 38 44 51 61 78 94 103 111 114 ]
[ 45 47 49 65 114 139 ]
[ 45 62 82 85 ]
[ 36 41 45 49 73 ]
[ 34 48 73 96 126 ]
[ 42 111 135 141 ]
[ 36 65 114 ]
[ 51 69 112 127 140 ]
[ 61 75 149 ]
[ 75 89 96 ]
[ 50 59 65 71 86 96 119 ]
[ 51 69 111 144 147 ]
[ 52 90 114 116 ]
[ 59 104 ]
[ 54 58 76 77 82 100 125 ]
[ 107 112 128 148 ]
[ 48 61 101 122 127 134 146 ]
[ 63 105 116 117 126 140 141 ]
[ 64 77 113 115 132 140 145 146 ]
[ 115 128 ]
[ 55 63 114 126 ]
[ 74 125 129 141 147 ]
[ 72 121 133 140 ]
[ 81 84 122 132 137 ]
[ 100 106 126 133 134 ]
[ 56 69 85 132 146 ]
[ 90 93 121 130 136 148 ]
[ 77 134 140 ]
[ 90 129 ]
[ 87 94 ]
[ 72 114 116 128 138 ]
[ 74 120 131 145 ]
[ 118 ]
[ 63 83 95 132 145 ]
[ 74 92 ]
[ 89 100 101 104 108 113 122 126 144 ]
[ 77 78 81 87 113 141 ]
[ 100 125 133 ]
[ 70 103 123 ]
[ 78 88 105 113 128 131 ]
[ 89 119 ]
[ 92 100 115 140 150 ]
[ 79 93 120 147 ]
[ 84 87 89 102 127 136 140 ]
[ 91 122 132 137 141 ]
[ 81 ]
[ 80 90 95 122 ]
[ 77 108 110 114 144 ]
[ 122 ]
[ 92 124 142 ]
[ 126 136 ]
[ 88 93 107 128 ]
[ ]
[ 144 ]
[ 94 113 130 ]
[ 99 105 117 120 123 137 140 ]
[ 106 108 138 ]
[ 89 132 ]
[ 94 102 117 122 ]
[ 89 123 136 ]
[ 123 133 ]
[ 136 137 ]
[ 123 127 129 ]
[ 100 103 ]
[ 96 140 ]
[ 97 ]
[ 114 138 ]
[ 100 123 142 145 ]
[ 130 ]
[ ]
[ 145 150 ]
[ 106 114 145 ]
[ 111 ]
[ 106 115 134 ]
[ ]
[ 123 125 130 132 ]
[ 106 114 ]
[ 119 ]
[ 124 139 ]
[ 116 141 ]
[ 141 143 ]
[ 136 ]
[ 115 ]
[ 124 ]
[ 114 132 ]
[ 128 132 140 ]
[ 149 ]
[ 135 ]
[ ]
[ 120 ]
[ ]
[ 135 147 ]
[ 140 ]
[ ]
[ 130 146 ]
[ 132 ]
[ 139 141 ]
[ 133 136 139 ]
[ ]
[ 133 137 ]
[ ]
[ ]
[ 136 ]
[ 140 144 ]
[ 150 ]
[ ]
[ 141 ]
[ ]
[ 139 ]
[ 139 141 ]
[ 147 150 ]
[ 149 ]
[ ]
[ 143 148 ]
[ ]
[ ]
[ ]
[ 147 ]
[ ]
[ 150 ]
[ ]
[ ]
]

ShouldNotWorkTogetherCost: [ (1 42) 396 (1 46) 396 (1 72) 198 (1 112) 198 (1 136) 99 (2 13) 99 (2 44) 396 (2 115) 198 (2 124) 396 (3 86) 99 (3 147) 99 (4 12) 297 (4 84) 396 (4 101) 198 (4 105) 99 (5 18) 396 (5 79) 99 (5 83) 297 (5 104) 198 (5 130) 198 (5 137) 396 (5 148) 99 (6 8) 99 (6 63) 396 (6 84) 99 (6 91) 198 (6 119) 198 (6 138) 99 (6 147) 297 (7 15) 297 (7 39) 396 (7 71) 297 (7 128) 99 (7 145) 99 (8 31) 99 (8 66) 396 (8 71) 198 (8 86) 297 (8 102) 99 (9 12) 297 (9 13) 198 (9 35) 396 (9 42) 297 (9 57) 297 (9 148) 297 (10 11) 99 (10 40) 396 (10 46) 297 (10 87) 99 (10 89) 297 (10 108) 99 (10 116) 99 (10 131) 99 (11 77) 297 (11 82) 396 (11 117) 396 (11 118) 198 (11 147) 297 (12 85) 297 (12 87) 99 (12 88) 396 (13 16) 396 (13 41) 99 (13 67) 396 (13 96) 198 (13 99) 297 (13 110) 396 (14 57) 99 (14 86) 297 (14 88) 99 (14 90) 198 (14 101) 198 (14 130) 297 (14 145) 396 (15 19) 99 (15 31) 99 (15 38) 99 (15 43) 297 (15 52) 297 (15 59) 198 (15 83) 297 (15 97) 198 (15 101) 297 (15 129) 99 (17 35) 198 (17 46) 198 (17 53) 396 (17 122) 396 (17 147) 198 (18 47) 297 (18 50) 396 (18 60) 396 (18 71) 198 (18 85) 297 (18 112) 99 (18 113) 198 (18 117) 99 (19 29) 396 (19 66) 396 (19 95) 297 (20 44) 396 (20 100) 99 (20 105) 297 (20 118) 198 (20 121) 99 (21 71) 396 (21 77) 198 (21 107) 297 (21 117) 99 (21 127) 99 (21 146) 297 (22 33) 198 (22 45) 297 (22 77) 297 (22 110) 396 (22 113) 99 (22 124) 297 (23 24) 198 (23 66) 99 (23 81) 396 (23 83) 297 (23 88) 297 (23 91) 297 (23 107) 396 (23 124) 396 (23 137) 198 (24 29) 198 (24 33) 297 (24 37) 297 (24 70) 198 (24 84) 396 (24 131) 198 (24 142) 396 (25 48) 297 (25 100) 396 (25 113) 297 (26 69) 198 (26 79) 198 (26 84) 297 (26 126) 396 (27 94) 99 (27 120) 99 (27 126) 396 (27 150) 297 (28 70) 198 (28 96) 99 (28 130) 297 (28 136) 99 (29 38) 198 (29 44) 99 (29 51) 396 (29 61) 297 (29 78) 297 (29 94) 198 (29 103) 396 (29 111) 297 (29 114) 99 (30 45) 396 (30 47) 99 (30 49) 99 (30 65) 297 (30 114) 297 (30 139) 297 (31 45) 198 (31 62) 396 (31 82) 99 (31 85) 396 (32 36) 396 (32 41) 198 (32 45) 297 (32 49) 297 (32 73) 99 (33 34) 396 (33 48) 297 (33 73) 198 (33 96) 396 (33 126) 198 (34 42) 297 (34 111) 99 (34 135) 396 (34 141) 198 (35 36) 297 (35 65) 99 (35 114) 99 (36 51) 396 (36 69) 99 (36 112) 396 (36 127) 297 (36 140) 198 (37 61) 99 (37 75) 297 (37 149) 198 (38 75) 396 (38 89) 297 (38 96) 99 (39 50) 297 (39 59) 198 (39 65) 99 (39 71) 396 (39 86) 396 (39 96) 396 (39 119) 396 (40 51) 396 (40 69) 198 (40 111) 297 (40 144) 396 (40 147) 198 (41 52) 396 (41 90) 396 (41 114) 198 (41 116) 99 (42 59) 297 (42 104) 99 (43 54) 396 (43 58) 198 (43 76) 198 (43 77) 198 (43 82) 99 (43 100) 198 (43 125) 396 (44 107) 297 (44 112) 99 (44 128) 396 (44 148) 99 (45 48) 396 (45 61) 198 (45 101) 396 (45 122) 396 (45 127) 99 (45 134) 396 (45 146) 396 (46 63) 396 (46 105) 198 (46 116) 198 (46 117) 297 (46 126) 198 (46 140) 396 (46 141) 99 (47 64) 396 (47 77) 396 (47 113) 99 (47 115) 396 (47 132) 198 (47 140) 297 (47 145) 99 (47 146) 297 (48 115) 396 (48 128) 198 (49 55) 198 (49 63) 99 (49 114) 198 (49 126) 297 (50 74) 198 (50 125) 99 (50 129) 99 (50 141) 396 (50 147) 396 (51 72) 396 (51 121) 396 (51 133) 99 (51 140) 99 (52 81) 99 (52 84) 198 (52 122) 396 (52 132) 297 (52 137) 297 (53 100) 198 (53 106) 297 (53 126) 198 (53 133) 99 (53 134) 297 (54 56) 198 (54 69) 99 (54 85) 99 (54 132) 198 (54 146) 297 (55 90) 99 (55 93) 396 (55 121) 99 (55 130) 297 (55 136) 99 (55 148) 396 (56 77) 396 (56 134) 198 (56 140) 297 (57 90) 99 (57 129) 99 (58 87) 297 (58 94) 99 (59 72) 396 (59 114) 396 (59 116) 396 (59 128) 99 (59 138) 396 (60 74) 99 (60 120) 198 (60 131) 396 (60 145) 297 (61 118) 396 (62 63) 99 (62 83) 99 (62 95) 198 (62 132) 99 (62 145) 297 (63 74) 396 (63 92) 99 (64 89) 198 (64 100) 396 (64 101) 198 (64 104) 396 (64 108) 99 (64 113) 297 (64 122) 297 (64 126) 198 (64 144) 396 (65 77) 198 (65 78) 99 (65 81) 198 (65 87) 99 (65 113) 396 (65 141) 396 (66 100) 297 (66 125) 99 (66 133) 198 (67 70) 396 (67 103) 99 (67 123) 396 (68 78) 198 (68 88) 297 (68 105) 198 (68 113) 396 (68 128) 198 (68 131) 297 (69 89) 297 (69 119) 396 (70 92) 297 (70 100) 198 (70 115) 297 (70 140) 297 (70 150) 99 (71 79) 198 (71 93) 198 (71 120) 198 (71 147) 297 (72 84) 297 (72 87) 198 (72 89) 198 (72 102) 198 (72 127) 396 (72 136) 198 (72 140) 297 (73 91) 198 (73 122) 99 (73 132) 297 (73 137) 297 (73 141) 396 (74 81) 198 (75 80) 198 (75 90) 99 (75 95) 99 (75 122) 396 (76 77) 297 (76 108) 396 (76 110) 297 (76 114) 198 (76 144) 396 (77 122) 99 (78 92) 99 (78 124) 198 (78 142) 396 (79 126) 396 (79 136) 99 (80 88) 99 (80 93) 99 (80 107) 198 (80 128) 396 (82 144) 198 (83 94) 99 (83 113) 396 (83 130) 297 (84 99) 297 (84 105) 396 (84 117) 396 (84 120) 99 (84 123) 99 (84 137) 99 (84 140) 198 (85 106) 198 (85 108) 396 (85 138) 198 (86 89) 99 (86 132) 198 (87 94) 396 (87 102) 297 (87 117) 99 (87 122) 198 (88 89) 297 (88 123) 99 (88 136) 99 (89 123) 198 (89 133) 198 (90 136) 297 (90 137) 198 (91 123) 198 (91 127) 297 (91 129) 297 (92 100) 297 (92 103) 297 (93 96) 99 (93 140) 396 (94 97) 99 (95 114) 99 (95 138) 99 (96 100) 99 (96 123) 99 (96 142) 198 (96 145) 297 (97 130) 396 (99 145) 297 (99 150) 99 (100 106) 396 (100 114) 396 (100 145) 198 (101 111) 99 (102 106) 198 (102 115) 99 (102 134) 396 (104 123) 99 (104 125) 99 (104 130) 396 (104 132) 99 (105 106) 297 (105 114) 99 (106 119) 198 (107 124) 99 (107 139) 99 (108 116) 297 (108 141) 99 (109 141) 297 (109 143) 99 (110 136) 99 (111 115) 297 (112 124) 99 (113 114) 396 (113 132) 198 (114 128) 198 (114 132) 198 (114 140) 396 (115 149) 297 (116 135) 297 (118 120) 198 (120 135) 99 (120 147) 198 (121 140) 99 (123 130) 99 (123 146) 198 (124 132) 99 (125 139) 396 (125 141) 99 (126 133) 198 (126 136) 99 (126 139) 297 (128 133) 396 (128 137) 198 (131 136) 198 (132 140) 198 (132 144) 99 (133 150) 396 (135 141) 198 (137 139) 99 (138 139) 396 (138 141) 297 (139 147) 99 (139 150) 297 (140 149) 198 (142 143) 198 (142 148) 297 (146 147) 396 (148 150) 396 ]

ImmediatePredecessorsToActivity: [
[ ]
[ 1 ]
[ 1 ]
[ 1 ]
[ 2 ]
[ 4 ]
[ 2 4 ]
[ 3 7 ]
[ 3 5 ]
[ 6 ]
[ 10 ]
[ 5 8 ]
[ 1 ]
[ 3 5 7 ]
[ 14 ]
[ 1 ]
[ 2 3 ]
[ 4 ]
[ 2 8 9 15 16 ]
[ ]
[ 20 ]
[ 20 ]
[ 21 22 ]
[ 20 ]
[ 21 22 24 ]
[ 21 ]
[ 20 ]
[ 24 ]
[ 20 ]
[ 23 25 26 27 ]
[ 25 ]
[ 29 ]
[ 25 26 ]
[ 25 26 29 ]
[ 27 28 ]
[ 21 29 35 ]
[ 20 ]
[ 20 ]
[ 21 ]
[ 25 28 ]
[ 22 24 39 ]
[ 26 27 32 40 ]
[ 24 32 38 ]
[ 28 32 38 ]
[ 23 28 29 37 ]
[ 21 43 ]
]

ActivitiesInProject: [
[ 1 2 3 4 5 6 7 8 9 10 11 12 13 14 15 16 17 18 19 ]
[ 20 21 22 23 24 25 26 27 28 29 30 31 32 33 34 35 36 37 38 39 40 41 42 43 44 45 46 ]
]

nActivityModes: [ 3 3 3 3 3 3 3 3 3 3 3 3 3 3 3 3 3 3 3 3 3 3 3 3 3 3 3 3 3 3 3 3 3 3 3 3 3 3 3 3 3 3 3 3 3 3 ]

ActivitiyDurationWithMode: [
1	1	1	
5	4	7	
4	3	6	
5	4	7	
7	5	10	
16	11	22	
5	4	7	
17	12	23	
5	4	7	
6	4	8	
5	4	7	
5	4	7	
30	20	40	
6	4	8	
5	4	7	
16	11	22	
5	4	7	
10	7	14	
7	5	10	
1	1	1	
23	16	31	
11	8	15	
20	14	27	
13	9	18	
12	8	16	
7	5	10	
30	20	40	
8	6	11	
36	24	48	
10	7	14	
15	10	20	
6	4	8	
14	10	19	
8	6	11	
12	8	16	
12	8	16	
25	17	34	
14	10	19	
18	12	24	
8	6	11	
13	9	18	
8	6	11	
7	5	10	
8	6	11	
11	8	15	
6	4	8	
]
StintsInProject: [
[ 1 2 3 4 5 6 7 8 9 10 11 12 13 ]
[ 14 15 16 17 18 19 20 21 22 23 24 25 26 ]
]

WorkingStintsOnDay: [
[ 1 14 ]
[ 1 14 ]
[ 1 14 ]
[ 1 14 ]
[ 1 14 ]
[ ]
[ ]
[ 2 15 ]
[ 2 15 ]
[ 2 15 ]
[ 2 15 ]
[ 2 15 ]
[ ]
[ ]
[ 3 16 ]
[ 3 16 ]
[ 3 16 ]
[ 3 16 ]
[ 3 16 ]
[ ]
[ ]
[ 4 17 ]
[ 4 17 ]
[ 4 17 ]
[ 4 17 ]
[ 4 17 ]
[ ]
[ ]
[ 5 18 ]
[ 5 18 ]
[ 5 18 ]
[ 5 18 ]
[ 5 18 ]
[ ]
[ ]
[ 6 19 ]
[ 6 19 ]
[ 6 19 ]
[ 6 19 ]
[ 6 19 ]
[ ]
[ ]
[ 7 20 ]
[ 7 20 ]
[ 7 20 ]
[ 7 20 ]
[ 7 20 ]
[ ]
[ ]
[ 8 21 ]
[ 8 21 ]
[ 8 21 ]
[ 8 21 ]
[ 8 21 ]
[ ]
[ ]
[ 9 22 ]
[ 9 22 ]
[ 9 22 ]
[ 9 22 ]
[ 9 22 ]
[ ]
[ ]
[ 10 23 ]
[ 10 23 ]
[ 10 23 ]
[ 10 23 ]
[ 10 23 ]
[ ]
[ ]
[ 11 24 ]
[ 11 24 ]
[ 11 24 ]
[ 11 24 ]
[ 11 24 ]
[ ]
[ ]
[ 12 25 ]
[ 12 25 ]
[ 12 25 ]
[ 12 25 ]
[ 12 25 ]
[ ]
[ ]
[ 13 26 ]
[ 13 26 ]
[ 13 26 ]
[ 13 26 ]
[ 13 26 ]
[ ]
]

ProjectStart: [ 4 4 ]

ProjectEnd: [ 56 81 ]

EarliestStartDayForActivity: [ 1 4 4 4 11 11 11 18 20 33 41 41 4 20 30 4 11 11 41 1 4 4 37 4 37 37 4 23 4 65 53 54 53 54 46 62 4 4 37 53 61 65 62 62 65 73 ]

LatestStartDayForActivity: [ 1 56 56 56 56 56 56 56 56 56 56 56 56 56 56 56 56 56 56 1 81 81 81 81 81 81 81 81 81 81 81 81 81 81 81 81 81 81 81 81 81 81 81 81 81 81 ]

EquipmentTypeDemandInActivityWithMode: [
0	0	0	
1	3	1	
1	3	1	
2	4	2	
1	3	1	
1	3	1	
0	1	0	
2	4	2	
1	3	1	
1	3	1	
0	1	0	
1	3	1	
0	1	0	
1	3	1	
1	3	1	
1	3	1	
2	4	2	
1	3	1	
0	1	0	
0	0	0	
1	3	1	
1	3	1	
1	3	1	
1	3	1	
0	1	0	
1	3	1	
1	3	1	
1	3	1	
1	3	1	
1	3	1	
0	1	0	
2	4	2	
0	1	0	
1	3	1	
1	3	1	
1	3	1	
1	3	1	
2	4	2	
0	1	0	
0	1	0	
0	1	0	
1	3	1	
0	1	0	
2	4	2	
3	6	2	
0	1	0	

0	0	0	
0	1	0	
0	1	0	
1	3	1	
1	3	1	
0	1	0	
0	1	0	
1	3	1	
0	1	0	
1	3	1	
2	4	2	
1	3	1	
0	1	0	
1	3	1	
0	1	0	
0	1	0	
0	1	0	
0	1	0	
1	3	1	
0	0	0	
0	1	0	
1	3	1	
0	1	0	
1	3	1	
1	3	1	
0	1	0	
0	1	0	
0	1	0	
1	3	1	
0	1	0	
1	3	1	
1	3	1	
2	4	2	
0	1	0	
2	4	2	
0	1	0	
0	1	0	
0	1	0	
0	1	0	
0	1	0	
1	3	1	
0	1	0	
1	3	1	
1	3	1	
0	1	0	
2	4	2	

0	0	0	
4	7	3	
4	7	3	
0	1	0	
2	4	2	
1	3	1	
1	3	1	
2	4	2	
0	1	0	
3	6	2	
3	6	2	
1	3	1	
1	3	1	
2	4	2	
0	1	0	
0	1	0	
0	1	0	
0	1	0	
3	6	2	
0	0	0	
0	1	0	
2	4	2	
1	3	1	
0	1	0	
2	4	2	
1	3	1	
2	4	2	
2	4	2	
1	3	1	
1	3	1	
2	4	2	
2	4	2	
4	7	3	
0	1	0	
2	4	2	
2	4	2	
1	3	1	
1	3	1	
1	3	1	
2	4	2	
3	6	2	
2	4	2	
1	3	1	
2	4	2	
2	4	2	
1	3	1	

0	0	0	
0	1	0	
2	4	2	
2	4	2	
1	3	1	
0	1	0	
1	3	1	
2	4	2	
2	4	2	
0	1	0	
1	3	1	
2	4	2	
2	4	2	
0	1	0	
1	3	1	
2	4	2	
0	1	0	
2	4	2	
3	6	2	
0	0	0	
1	3	1	
1	3	1	
1	3	1	
0	1	0	
1	3	1	
0	1	0	
0	1	0	
0	1	0	
1	3	1	
2	4	2	
1	3	1	
2	4	2	
0	1	0	
3	6	2	
2	4	2	
2	4	2	
1	3	1	
1	3	1	
1	3	1	
1	3	1	
1	3	1	
0	1	0	
0	1	0	
0	1	0	
2	4	2	
3	6	2	

0	0	0	
1	3	1	
0	1	0	
0	1	0	
1	3	1	
0	1	0	
1	3	1	
0	1	0	
1	3	1	
1	3	1	
2	4	2	
4	7	3	
2	4	2	
2	4	2	
1	3	1	
2	4	2	
0	1	0	
1	3	1	
3	6	2	
0	0	0	
2	4	2	
1	3	1	
0	1	0	
0	1	0	
1	3	1	
0	1	0	
0	1	0	
3	6	2	
1	3	1	
0	1	0	
0	1	0	
1	3	1	
1	3	1	
1	3	1	
2	4	2	
0	1	0	
1	3	1	
1	3	1	
0	1	0	
1	3	1	
1	3	1	
4	7	3	
1	3	1	
0	1	0	
0	1	0	
0	1	0	

]

ExternalEquipmentRentingCost: [
5311	3258	3843	5898	4178	3647	3424	2498	3979	5539	5079	2809	1778	1162	4520	2260	4346	1178	2788	1620	5061	1964	2544	1727	2953	2378	2029	4778	3553	5984	3005	4861	4916	1807	3135	2041	1811	1417	5859	2268	2991	3213	5421	4280	1370	5778	
4247	5438	4455	3424	4600	2509	2017	1757	2288	3413	1575	1648	5221	4693	2719	1292	5280	3168	4262	2105	1914	5826	1786	5894	1397	1626	4743	2008	3351	5681	1280	3633	4884	5524	4841	2151	5614	5031	5645	2273	4739	3548	2253	2971	3073	3648	
4360	3148	5066	4871	3778	5049	5101	5222	3867	1019	2062	3055	4138	3266	5266	3798	3438	1160	4865	3893	2051	4489	3842	4202	1632	5956	4101	2532	5050	1980	1021	4344	1851	1338	1829	5065	5708	5588	1928	5652	4538	5166	1565	3370	4515	2251	
5174	3810	3314	3184	1420	5894	4896	2597	1121	3594	5757	3396	4516	2169	4323	3684	5808	2572	4727	5167	3066	4575	3388	1582	2486	3099	4886	1548	2163	1380	1781	2840	4925	2423	5091	4351	3844	2497	4533	2947	1939	2258	3896	4724	3574	3104	
5908	5168	5073	4978	2103	5175	4773	3154	5636	3713	1312	2618	3498	1200	5363	3391	3540	1528	5212	2057	2038	3931	2921	5076	3256	4229	2881	5942	4893	1598	1873	1210	2389	2414	3212	2323	2517	1493	3813	4013	2147	1203	2287	1909	4190	3010	
]

EquipmentTypeTransportationCost: [
1	3368	
3368	1	

1	4414	
4414	1	

1	4789	
4789	1	

1	4070	
4070	1	

1	4700	
4700	1	

]

TransportationTimeForEquipmentTypeBetweenProjects: [
1	2	
2	1	

1	3	
3	1	

1	3	
3	1	

1	3	
3	1	

1	3	
3	1	

]

TotalNumberOfInitialEquipmentTypeLocation: [
(1 1) 1 (1 20) 4 
(2 1) 2 (2 20) 2 
(3 1) 3 (3 20) 3 
(4 1) 5 (4 20) 4 
(5 1) 3 (5 20) 3 
]

DepotActivities: [ 1 20 ]

MaximalStintCliques: [
[ 1 14 ]
[ 2 15 ]
[ 3 16 ]
[ 4 17 ]
[ 5 18 ]
[ 6 19 ]
[ 7 20 ]
[ 8 21 ]
[ 9 22 ]
[ 10 23 ]
[ 11 24 ]
[ 12 25 ]
[ 13 26 ]
]
