nEmployees: 150
nSkills: 6
nProjects: 2
nDays: 90
nActivities: 46
nEquipmentTypes: 5
nStints: 14
nMaxModes: 2
nStintCliques: 6

EmployeeInStintCost: [
45280 45280 45280 45280 45280 39616 23096 19116 19116 19116 19116 19116 13452 3540 
20250 20250 20250 20250 20250 14250 3750 45448 45448 45448 45448 45448 39448 22892 
36314 36314 36314 36314 36314 31370 16110 34148 34148 34148 34148 34148 29204 14496 
38430 38430 38430 38430 38430 33582 18490 31800 31800 31800 31800 31800 26952 12412 
34132 34132 34132 34132 34132 28756 12740 38918 38918 38918 38918 38918 33542 18078 
38562 38562 38562 38562 38562 32850 16246 36836 36836 36836 36836 36836 31124 15072 
39512 39512 39512 39512 39512 34424 18912 31842 31842 31842 31842 31842 26754 11794 
32822 32822 32822 32822 32822 27014 10242 43560 43560 43560 43560 43560 37752 21532 
42780 42780 42780 42780 42780 37596 21916 29726 29726 29726 29726 29726 24542 9414 
31850 31850 31850 31850 31850 26330 10062 42588 42588 42588 42588 42588 37068 21352 
36314 36314 36314 36314 36314 31370 16110 34148 34148 34148 34148 34148 29204 14496 
43914 43914 43914 43914 43914 38394 22126 30860 30860 30860 30860 30860 25340 9624 
35866 35866 35866 35866 35866 30730 15134 35580 35580 35580 35580 35580 30444 15400 
36132 36132 36132 36132 36132 31140 15796 34406 34406 34406 34406 34406 29414 14622 
42202 42202 42202 42202 42202 37450 22526 16038 16038 16038 16038 16038 11286 2970 
31374 31374 31374 31374 31374 26142 10378 40728 40728 40728 40728 40728 35496 20284 
41170 41170 41170 41170 41170 35458 18854 34148 34148 34148 34148 34148 28436 12384 
41196 41196 41196 41196 41196 36396 21388 28110 28110 28110 28110 28110 23310 8854 
39026 39026 39026 39026 39026 34082 18822 31356 31356 31356 31356 31356 26412 11704 
31040 31040 31040 31040 31040 25760 9912 41778 41778 41778 41778 41778 36498 21202 
36352 36352 36352 36352 36352 31072 15224 36066 36066 36066 36066 36066 30786 15490 
21202 21202 21202 21202 21202 15394 5230 44760 44760 44760 44760 44760 38952 22732 
33210 33210 33210 33210 33210 27690 11422 40892 40892 40892 40892 40892 35372 19656 
36638 36638 36638 36638 36638 31598 16170 34472 34472 34472 34472 34472 29432 14556 
30230 30230 30230 30230 30230 25190 9762 40968 40968 40968 40968 40968 35928 21052 
39874 39874 39874 39874 39874 34546 18614 32852 32852 32852 32852 32852 27524 12144 
19440 19440 19440 19440 19440 13680 3600 44638 44638 44638 44638 44638 38878 22742 
37772 37772 37772 37772 37772 32396 16380 35606 35606 35606 35606 35606 30230 14766 
39550 39550 39550 39550 39550 34318 18554 32528 32528 32528 32528 32528 27296 12084 
32836 32836 32836 32836 32836 27844 12500 37622 37622 37622 37622 37622 32630 17838 
32998 32998 32998 32998 32998 27958 12530 37784 37784 37784 37784 37784 32744 17868 
32580 32580 32580 32580 32580 27396 11716 39182 39182 39182 39182 39182 33998 18870 
37394 37394 37394 37394 37394 32642 17718 31700 31700 31700 31700 31700 26948 12576 
31040 31040 31040 31040 31040 25760 9912 41778 41778 41778 41778 41778 36498 21202 
37914 37914 37914 37914 37914 32394 16126 36188 36188 36188 36188 36188 30668 14952 
32562 32562 32562 32562 32562 27234 11302 40244 40244 40244 40244 40244 34916 19536 
18630 18630 18630 18630 18630 13110 3450 43828 43828 43828 43828 43828 38308 22592 
43418 43418 43418 43418 43418 37898 21630 32036 32036 32036 32036 32036 26516 10800 
39372 39372 39372 39372 39372 33420 16396 37646 37646 37646 37646 37646 31694 15222 
33480 33480 33480 33480 33480 27624 10768 42834 42834 42834 42834 42834 36978 20674 
42770 42770 42770 42770 42770 37442 21510 31388 31388 31388 31388 31388 26060 10680 
32836 32836 32836 32836 32836 27844 12500 37622 37622 37622 37622 37622 32630 17838 
44066 44066 44066 44066 44066 38354 21750 32684 32684 32684 32684 32684 26972 10920 
43140 43140 43140 43140 43140 37764 21748 30054 30054 30054 30054 30054 24678 9214 
38416 38416 38416 38416 38416 33520 18344 31394 31394 31394 31394 31394 26498 11874 
38592 38592 38592 38592 38592 33696 18520 31962 31962 31962 31962 31962 27066 12442 
30874 30874 30874 30874 30874 25546 9614 43284 43284 43284 43284 43284 37956 22576 
34456 34456 34456 34456 34456 28984 12800 39242 39242 39242 39242 39242 33770 18138 
38902 38902 38902 38902 38902 33862 18434 31880 31880 31880 31880 31880 26840 11964 
38076 38076 38076 38076 38076 32508 16156 36350 36350 36350 36350 36350 30782 14982 
35624 35624 35624 35624 35624 30536 15024 35482 35482 35482 35482 35482 30394 15434 
37772 37772 37772 37772 37772 32396 16380 35606 35606 35606 35606 35606 30230 14766 
38076 38076 38076 38076 38076 32508 16156 36350 36350 36350 36350 36350 30782 14982 
41844 41844 41844 41844 41844 36852 21508 28758 28758 28758 28758 28758 23766 8974 
17334 17334 17334 17334 17334 12198 3210 42532 42532 42532 42532 42532 37396 22352 
33484 33484 33484 33484 33484 28300 12620 38270 38270 38270 38270 38270 33086 17958 
31364 31364 31364 31364 31364 25988 9972 42102 42102 42102 42102 42102 36726 21262 
34830 34830 34830 34830 34830 28830 11722 42512 42512 42512 42512 42512 36512 19956 
32336 32336 32336 32336 32336 26672 10152 43074 43074 43074 43074 43074 37410 21442 
37568 37568 37568 37568 37568 31904 15384 37426 37426 37426 37426 37426 31762 15794 
41294 41294 41294 41294 41294 35678 19242 33624 33624 33624 33624 33624 28008 12124 
42770 42770 42770 42770 42770 37442 21510 31388 31388 31388 31388 31388 26060 10680 
43104 43104 43104 43104 43104 37824 21976 30050 30050 30050 30050 30050 24770 9474 
39500 39500 39500 39500 39500 34124 18108 33806 33806 33806 33806 33806 28430 12966 
32670 32670 32670 32670 32670 27054 10618 42024 42024 42024 42024 42024 36408 20524 
17820 17820 17820 17820 17820 12540 3300 43018 43018 43018 43018 43018 37738 22442 
18124 18124 18124 18124 18124 13228 4660 41682 41682 41682 41682 41682 36786 22162 
16038 16038 16038 16038 16038 11286 2970 41236 41236 41236 41236 41236 36484 22112 
18286 18286 18286 18286 18286 13342 4690 41844 41844 41844 41844 41844 36900 22192 
19096 19096 19096 19096 19096 13912 4840 42654 42654 42654 42654 42654 37470 22342 
36476 36476 36476 36476 36476 31484 16140 34310 34310 34310 34310 34310 29318 14526 
41682 41682 41682 41682 41682 36738 21478 28596 28596 28596 28596 28596 23652 8944 
41798 41798 41798 41798 41798 36758 21330 30416 30416 30416 30416 30416 25376 10500 
36596 36596 36596 36596 36596 31220 15204 36454 36454 36454 36454 36454 31078 15614 
40698 40698 40698 40698 40698 35178 18910 34068 34068 34068 34068 34068 28548 12832 
39550 39550 39550 39550 39550 34318 18554 32528 32528 32528 32528 32528 27296 12084 
33876 33876 33876 33876 33876 28308 11956 40478 40478 40478 40478 40478 34910 19110 
18954 18954 18954 18954 18954 13338 3510 44152 44152 44152 44152 44152 38536 22652 
34686 34686 34686 34686 34686 28878 12106 41288 41288 41288 41288 41288 35480 19260 
42122 42122 42122 42122 42122 36986 21390 30740 30740 30740 30740 30740 25604 10560 
43012 43012 43012 43012 43012 38020 22676 16848 16848 16848 16848 16848 11856 3120 
41682 41682 41682 41682 41682 36738 21478 28596 28596 28596 28596 28596 23652 8944 
40698 40698 40698 40698 40698 35178 18910 34068 34068 34068 34068 34068 28548 12832 
35704 35704 35704 35704 35704 30616 15104 35418 35418 35418 35418 35418 30330 15370 
30402 30402 30402 30402 30402 25458 10198 39756 39756 39756 39756 39756 34812 20104 
43104 43104 43104 43104 43104 37824 21976 30050 30050 30050 30050 30050 24770 9474 
31360 31360 31360 31360 31360 25888 9704 43770 43770 43770 43770 43770 38298 22666 
37568 37568 37568 37568 37568 31904 15384 37426 37426 37426 37426 37426 31762 15794 
17172 17172 17172 17172 17172 12084 3180 42370 42370 42370 42370 42370 37282 22322 
31914 31914 31914 31914 31914 26778 11182 39596 39596 39596 39596 39596 34460 19416 
39824 39824 39824 39824 39824 34352 18168 34130 34130 34130 34130 34130 28658 13026 
31770 31770 31770 31770 31770 26826 11566 38372 38372 38372 38372 38372 33428 18720 
36476 36476 36476 36476 36476 31484 16140 34310 34310 34310 34310 34310 29318 14526 
20068 20068 20068 20068 20068 14596 5020 43626 43626 43626 43626 43626 38154 22522 
42608 42608 42608 42608 42608 37328 21480 31226 31226 31226 31226 31226 25946 10650 
39674 39674 39674 39674 39674 34538 18942 32004 32004 32004 32004 32004 26868 11824 
36294 36294 36294 36294 36294 31254 15826 34568 34568 34568 34568 34568 29528 14652 
37406 37406 37406 37406 37406 31790 15354 37264 37264 37264 37264 37264 31648 15764 
41716 41716 41716 41716 41716 37108 22436 15552 15552 15552 15552 15552 10944 2880 
42446 42446 42446 42446 42446 37214 21450 31064 31064 31064 31064 31064 25832 10620 
31364 31364 31364 31364 31364 25988 9972 42102 42102 42102 42102 42102 36726 21262 
35590 35590 35590 35590 35590 29782 13010 40376 40376 40376 40376 40376 34568 18348 
39068 39068 39068 39068 39068 33308 16620 36902 36902 36902 36902 36902 31142 15006 
42132 42132 42132 42132 42132 37140 21796 29078 29078 29078 29078 29078 24086 9294 
34942 34942 34942 34942 34942 29326 12890 39728 39728 39728 39728 39728 34112 18228 
39824 39824 39824 39824 39824 34352 18168 34130 34130 34130 34130 34130 28658 13026 
38254 38254 38254 38254 38254 33406 18314 31232 31232 31232 31232 31232 26384 11844 
38864 38864 38864 38864 38864 33968 18792 31194 31194 31194 31194 31194 26298 11674 
42654 42654 42654 42654 42654 37422 21658 29568 29568 29568 29568 29568 24336 9124 
29916 29916 29916 29916 29916 25116 10108 39270 39270 39270 39270 39270 34470 20014 
32998 32998 32998 32998 32998 27958 12530 37784 37784 37784 37784 37784 32744 17868 
33210 33210 33210 33210 33210 27690 11422 40892 40892 40892 40892 40892 35372 19656 
30878 30878 30878 30878 30878 25646 9882 41616 41616 41616 41616 41616 36384 21172 
19764 19764 19764 19764 19764 13908 3660 44962 44962 44962 44962 44962 39106 22802 
20878 20878 20878 20878 20878 15166 5170 44436 44436 44436 44436 44436 38724 22672 
37590 37590 37590 37590 37590 32166 16066 35864 35864 35864 35864 35864 30440 14892 
43418 43418 43418 43418 43418 37898 21630 32036 32036 32036 32036 32036 26516 10800 
34490 34490 34490 34490 34490 29738 14814 34348 34348 34348 34348 34348 29596 15224 
38582 38582 38582 38582 38582 32966 16530 36416 36416 36416 36416 36416 30800 14916 
32580 32580 32580 32580 32580 27396 11716 39182 39182 39182 39182 39182 33998 18870 
31364 31364 31364 31364 31364 25988 9972 42102 42102 42102 42102 42102 36726 21262 
32998 32998 32998 32998 32998 27958 12530 37784 37784 37784 37784 37784 32744 17868 
38902 38902 38902 38902 38902 33862 18434 31880 31880 31880 31880 31880 26840 11964 
36780 36780 36780 36780 36780 31596 15916 35054 35054 35054 35054 35054 29870 14742 
35866 35866 35866 35866 35866 30730 15134 35580 35580 35580 35580 35580 30444 15400 
40310 40310 40310 40310 40310 34694 18258 34616 34616 34616 34616 34616 29000 13116 
41132 41132 41132 41132 41132 35564 19212 33462 33462 33462 33462 33462 27894 12094 
40958 40958 40958 40958 40958 35150 18378 35264 35264 35264 35264 35264 29456 13236 
33160 33160 33160 33160 33160 28072 12560 37946 37946 37946 37946 37946 32858 17898 
41656 41656 41656 41656 41656 35800 18944 34634 34634 34634 34634 34634 28778 12474 
35970 35970 35970 35970 35970 31026 15766 34244 34244 34244 34244 34244 29300 14592 
42942 42942 42942 42942 42942 37710 21946 29888 29888 29888 29888 29888 24656 9444 
35914 35914 35914 35914 35914 30010 13070 40700 40700 40700 40700 40700 34796 18408 
17496 17496 17496 17496 17496 12312 3240 42694 42694 42694 42694 42694 37510 22382 
18610 18610 18610 18610 18610 13570 4750 42168 42168 42168 42168 42168 37128 22252 
34182 34182 34182 34182 34182 28374 11602 41864 41864 41864 41864 41864 36056 19836 
38366 38366 38366 38366 38366 33326 17898 32672 32672 32672 32672 32672 27632 12756 
39550 39550 39550 39550 39550 34318 18554 32528 32528 32528 32528 32528 27296 12084 
43788 43788 43788 43788 43788 38220 21868 30702 30702 30702 30702 30702 25134 9334 
43428 43428 43428 43428 43428 38052 22036 30374 30374 30374 30374 30374 24998 9534 
40646 40646 40646 40646 40646 35222 19122 32976 32976 32976 32976 32976 27552 12004 
19744 19744 19744 19744 19744 14368 4960 43302 43302 43302 43302 43302 37926 22462 
34830 34830 34830 34830 34830 28830 11722 42512 42512 42512 42512 42512 36512 19956 
45928 45928 45928 45928 45928 40072 23216 19764 19764 19764 19764 19764 13908 3660 
42688 42688 42688 42688 42688 37792 22616 16524 16524 16524 16524 16524 11628 3060 
18630 18630 18630 18630 18630 13110 3450 43828 43828 43828 43828 43828 38308 22592 
16200 16200 16200 16200 16200 11400 3000 41398 41398 41398 41398 41398 36598 22142 
35380 35380 35380 35380 35380 30388 15044 35094 35094 35094 35094 35094 30102 15310 
39372 39372 39372 39372 39372 33420 16396 37646 37646 37646 37646 37646 31694 15222 
31698 31698 31698 31698 31698 26370 10438 41052 41052 41052 41052 41052 35724 20344 
]

ExternalWorkerWithSkillOnStintCost: [
43848 47544 39732 38388 37212 48300 17352 37464 46788 34692 34944 39396 44688 17316 
46032 36372 41832 49812 37632 49644 14400 35700 42840 39228 42672 34188 36036 20124 
48132 49728 34020 42840 36372 49560 16488 34104 42756 44856 41664 46704 37800 18072 
34776 50064 36120 41160 50148 39060 21420 36960 46032 41328 42084 41664 47292 19152 
45948 47712 50064 38808 39312 49728 19224 44520 49644 39312 45612 47208 48132 20628 
33684 37968 40152 45108 45108 35448 19152 37548 41412 46284 38472 37044 47376 17028 
]

OverlappingStints: [
[ 2 8 9 ]
[ 3 8 9 10 ]
[ 4 9 10 11 ]
[ 5 10 11 12 ]
[ 6 11 12 13 ]
[ 7 12 13 14 ]
[ 13 14 ]
[ 9 ]
[ 10 ]
[ 11 ]
[ 12 ]
[ 13 ]
[ 14 ]
[ ]
]

EmployeesWithSkill: [
[ 1 2 3 4 5 6 7 8 9 10 11 12 13 14 15 16 17 18 19 20 21 22 23 24 25 26 27 28 29 30 31 32 33 34 35 36 37 38 39 40 41 42 43 44 45 46 47 48 49 50 51 52 53 54 55 56 57 58 59 60 61 62 63 64 65 66 67 68 69 70 71 72 73 74 75 76 77 78 79 80 81 82 83 84 85 86 87 88 89 90 91 92 93 94 95 96 97 98 99 100 101 102 103 104 105 106 107 108 109 110 111 112 113 114 115 116 117 118 119 120 121 122 123 124 125 126 127 128 129 130 131 132 133 134 135 136 137 138 139 140 141 142 143 144 145 146 147 148 149 150 ]
[ 2 3 4 6 8 9 11 12 13 14 15 16 17 18 19 20 21 22 23 24 25 26 27 28 29 30 31 32 34 35 36 37 38 40 41 42 43 44 45 46 47 48 49 50 51 52 54 55 56 57 58 59 60 64 65 66 67 68 69 71 72 74 75 76 77 78 79 80 81 82 83 84 85 86 87 88 90 91 92 93 96 97 98 99 100 101 102 103 104 105 106 107 108 109 110 112 113 114 116 117 118 119 120 122 123 124 125 127 128 129 130 132 133 135 136 137 138 139 141 143 144 145 146 148 149 150 ]
[ 1 2 5 8 11 16 17 21 24 25 27 28 31 34 38 39 40 43 44 48 54 55 56 57 58 61 62 63 64 66 69 72 75 77 78 80 81 83 84 86 87 88 89 91 92 96 100 102 103 104 105 110 111 112 115 116 119 120 121 122 123 126 128 129 130 132 133 134 135 136 137 141 143 149 150 ]
[ 5 9 20 27 29 39 46 52 53 56 61 85 87 91 102 114 116 126 131 142 144 149 150 ]
[ 2 3 7 12 13 20 21 22 24 25 30 37 39 40 42 43 44 55 57 58 60 61 63 65 67 70 74 75 76 77 78 79 80 82 86 87 88 89 93 100 102 103 108 111 116 127 128 133 137 140 141 142 143 145 148 ]
[ 1 2 3 4 5 6 7 8 9 10 11 12 13 14 15 16 17 18 19 20 21 22 23 24 26 27 28 30 31 32 33 34 35 36 37 38 39 40 41 42 43 44 45 46 47 48 49 50 51 53 55 56 57 58 59 60 61 63 64 65 66 67 68 69 70 71 72 73 74 75 77 78 79 80 81 82 83 84 85 86 87 88 89 90 91 92 93 94 95 96 97 98 100 101 102 103 104 105 106 107 108 109 111 112 113 114 115 116 118 119 120 122 123 124 125 126 127 128 129 130 132 133 134 135 136 137 138 139 140 141 142 143 144 145 146 147 148 149 150 ]
]

SkillDemandInActivityWithMode: [
0	1	
30	46	
12	19	
5	9	
26	40	
30	46	
15	24	
18	28	
36	55	
11	18	
7	12	
36	55	
9	15	
36	55	
18	28	
36	55	
30	46	
0	1	
8	13	
14	22	
18	28	
4	7	
16	25	
13	21	
14	22	
3	6	
10	16	
16	25	
15	24	
16	25	
7	12	
18	28	
10	16	
4	7	
20	31	
16	25	
4	7	
11	18	
5	9	
10	16	
14	22	
16	25	
11	18	
15	24	
16	25	
20	31	

0	1	
34	52	
13	21	
5	9	
29	45	
34	52	
17	27	
20	31	
41	63	
12	19	
7	12	
40	61	
10	16	
40	61	
20	31	
40	61	
34	52	
0	1	
5	9	
8	13	
11	18	
2	4	
10	16	
8	13	
8	13	
1	3	
6	10	
10	16	
9	15	
10	16	
4	7	
11	18	
6	10	
2	4	
12	19	
10	16	
2	4	
6	10	
3	6	
6	10	
8	13	
10	16	
6	10	
9	15	
10	16	
12	19	

0	1	
20	31	
8	13	
3	6	
17	27	
20	31	
10	16	
12	19	
24	37	
7	12	
4	7	
24	37	
5	9	
23	36	
11	18	
23	36	
19	30	
0	1	
3	6	
5	9	
6	10	
1	3	
6	10	
4	7	
5	9	
1	3	
3	6	
6	10	
5	9	
6	10	
2	4	
6	10	
3	6	
1	3	
7	12	
6	10	
1	3	
4	7	
1	3	
3	6	
5	9	
6	10	
4	7	
5	9	
6	10	
7	12	

0	1	
9	15	
3	6	
1	3	
8	13	
9	15	
4	7	
5	9	
11	18	
3	6	
1	3	
11	18	
2	4	
11	18	
5	9	
11	18	
9	15	
0	1	
0	1	
0	1	
1	3	
0	1	
1	3	
0	1	
0	1	
0	1	
0	1	
1	3	
0	1	
1	3	
0	1	
1	3	
0	1	
0	1	
1	3	
1	3	
0	1	
0	1	
0	1	
0	1	
0	1	
0	1	
0	1	
0	1	
0	1	
1	3	

0	1	
23	36	
9	15	
3	6	
20	31	
23	36	
11	18	
14	22	
28	43	
8	13	
4	7	
28	43	
7	12	
28	43	
14	22	
27	42	
23	36	
0	1	
1	3	
1	3	
2	4	
0	1	
2	4	
1	3	
1	3	
0	1	
1	3	
2	4	
1	3	
1	3	
0	1	
2	4	
1	3	
0	1	
2	4	
1	3	
0	1	
1	3	
0	1	
1	3	
1	3	
1	3	
1	3	
1	3	
1	3	
2	4	

0	1	
70	106	
28	43	
11	18	
60	91	
70	106	
35	54	
42	64	
84	127	
24	37	
14	22	
84	127	
21	33	
84	127	
42	64	
84	127	
70	106	
0	1	
0	1	
0	1	
1	3	
0	1	
1	3	
0	1	
0	1	
0	1	
0	1	
1	3	
0	1	
1	3	
0	1	
1	3	
0	1	
0	1	
1	3	
1	3	
0	1	
0	1	
0	1	
0	1	
0	1	
1	3	
0	1	
0	1	
1	3	
1	3	

]

EmployeeAvailability: [
1 1 1 1 1 1 1 1 1 1 1 1 1 1 
0 1 0 1 0 1 1 0 1 0 1 0 1 1 
1 1 1 1 1 1 0 1 1 1 1 1 1 0 
1 0 0 0 1 1 1 1 0 0 0 1 1 1 
1 1 1 1 1 1 1 1 1 1 1 1 1 1 
1 1 1 1 1 1 1 1 1 1 1 1 1 1 
1 1 1 1 0 1 1 1 1 1 1 0 1 1 
1 1 1 1 1 0 1 1 1 1 1 1 0 1 
1 1 1 1 1 0 1 1 1 1 1 1 0 1 
1 0 1 1 1 1 0 1 0 1 1 1 1 0 
1 1 1 1 1 1 1 1 1 1 1 1 1 1 
1 1 1 1 1 1 1 1 1 1 1 1 1 1 
1 1 0 0 0 1 1 1 1 0 0 0 1 1 
1 1 1 1 1 1 1 1 1 1 1 1 1 1 
0 1 0 0 1 1 1 0 1 0 0 1 1 1 
1 1 1 1 1 0 1 1 1 1 1 1 0 1 
1 1 1 0 1 0 1 1 1 1 0 1 0 1 
1 1 1 0 0 0 1 1 1 1 0 0 0 1 
1 0 1 1 0 1 1 1 0 1 1 0 1 1 
0 1 1 1 1 1 0 0 1 1 1 1 1 0 
0 0 1 1 1 1 1 0 0 1 1 1 1 1 
1 1 1 1 0 0 0 1 1 1 1 0 0 0 
1 1 1 1 0 1 1 1 1 1 1 0 1 1 
0 0 1 1 1 1 1 0 0 1 1 1 1 1 
1 0 1 1 1 1 1 1 0 1 1 1 1 1 
0 1 1 1 1 0 1 0 1 1 1 1 0 1 
1 1 1 1 0 1 0 1 1 1 1 0 1 0 
1 0 1 1 1 1 1 1 0 1 1 1 1 1 
0 1 1 1 1 1 1 0 1 1 1 1 1 1 
1 1 1 0 1 1 1 1 1 1 0 1 1 1 
1 0 0 1 1 1 0 1 0 0 1 1 1 0 
0 1 1 1 1 1 1 0 1 1 1 1 1 1 
1 1 1 1 0 1 1 1 1 1 1 0 1 1 
1 1 1 1 1 1 1 1 1 1 1 1 1 1 
0 0 1 1 1 0 1 0 0 1 1 1 0 1 
1 1 0 1 1 1 0 1 1 0 1 1 1 0 
1 1 1 1 1 1 1 1 1 1 1 1 1 1 
1 1 1 1 1 1 0 1 1 1 1 1 1 0 
1 1 1 0 0 1 1 1 1 1 0 0 1 1 
1 1 0 0 1 0 1 1 1 0 0 1 0 1 
1 1 1 1 1 1 1 1 1 1 1 1 1 1 
1 1 1 1 1 1 1 1 1 1 1 1 1 1 
0 1 1 1 1 1 1 0 1 1 1 1 1 1 
0 1 1 0 1 1 1 0 1 1 0 1 1 1 
1 0 1 0 1 0 1 1 0 1 0 1 0 1 
1 1 1 1 1 1 1 1 1 1 1 1 1 1 
1 1 1 0 1 1 1 1 1 1 0 1 1 1 
1 0 0 1 0 1 1 1 0 0 1 0 1 1 
1 1 0 1 1 1 1 1 1 0 1 1 1 1 
1 1 1 1 1 0 1 1 1 1 1 1 0 1 
1 1 1 0 1 0 1 1 1 1 0 1 0 1 
1 1 1 0 1 1 1 1 1 1 0 1 1 1 
0 1 1 1 1 0 1 0 1 1 1 1 0 1 
0 0 1 1 1 1 1 0 0 1 1 1 1 1 
1 1 1 1 1 1 1 1 1 1 1 1 1 1 
1 1 1 1 1 1 1 1 1 1 1 1 1 1 
1 1 1 1 1 0 1 1 1 1 1 1 0 1 
0 1 1 1 1 1 1 0 1 1 1 1 1 1 
1 0 1 0 1 1 1 1 0 1 0 1 1 1 
1 1 0 1 1 1 1 1 1 0 1 1 1 1 
1 1 1 1 1 0 1 1 1 1 1 1 0 1 
1 0 1 1 1 1 1 1 0 1 1 1 1 1 
1 1 1 0 0 1 1 1 1 1 0 0 1 1 
1 0 1 1 0 1 1 1 0 1 1 0 1 1 
1 0 1 1 1 0 1 1 0 1 1 1 0 1 
1 0 1 1 0 1 1 1 0 1 1 0 1 1 
1 1 1 1 1 1 1 1 1 1 1 1 1 1 
1 1 1 1 1 1 1 1 1 1 1 1 1 1 
1 1 1 1 1 1 1 1 1 1 1 1 1 1 
1 1 1 1 1 1 1 1 1 1 1 1 1 1 
1 1 1 0 1 0 0 1 1 1 0 1 0 0 
0 1 1 1 1 0 0 0 1 1 1 1 0 0 
1 1 1 1 1 1 0 1 1 1 1 1 1 0 
1 1 1 0 1 1 0 1 1 1 0 1 1 0 
1 0 1 0 0 1 1 1 0 1 0 0 1 1 
1 1 1 1 1 1 1 1 1 1 1 1 1 1 
1 1 1 1 1 1 1 1 1 1 1 1 1 1 
1 1 1 1 0 1 1 1 1 1 1 0 1 1 
1 1 1 1 1 1 1 1 1 1 1 1 1 1 
1 1 1 1 1 1 1 1 1 1 1 1 1 1 
1 0 0 1 1 0 1 1 0 0 1 1 0 1 
1 0 1 0 1 1 1 1 0 1 0 1 1 1 
0 0 1 1 0 1 1 0 0 1 1 0 1 1 
1 1 1 0 1 1 0 1 1 1 0 1 1 0 
1 1 1 1 0 1 1 1 1 1 1 0 1 1 
1 1 1 1 1 1 1 1 1 1 1 1 1 1 
1 0 1 1 0 1 1 1 0 1 1 0 1 1 
1 1 1 0 1 1 1 1 1 1 0 1 1 1 
1 1 1 1 1 1 1 1 1 1 1 1 1 1 
0 0 1 1 1 1 1 0 0 1 1 1 1 1 
1 1 1 1 1 1 1 1 1 1 1 1 1 1 
1 1 1 1 1 1 1 1 1 1 1 1 1 1 
1 1 1 1 0 1 0 1 1 1 1 0 1 0 
1 1 1 1 1 1 0 1 1 1 1 1 1 0 
1 0 1 0 0 1 1 1 0 1 0 0 1 1 
1 1 1 0 1 0 1 1 1 1 0 1 0 1 
1 0 1 0 1 0 1 1 0 1 0 1 0 1 
0 1 0 1 0 1 1 0 1 0 1 0 1 1 
1 1 0 1 1 0 1 1 1 0 1 1 0 1 
1 0 1 1 1 1 1 1 0 1 1 1 1 1 
1 1 1 1 1 1 1 1 1 1 1 1 1 1 
0 0 1 1 0 1 1 0 0 1 1 0 1 1 
1 1 1 1 1 1 1 1 1 1 1 1 1 1 
1 1 1 1 1 1 1 1 1 1 1 1 1 1 
1 1 0 0 1 1 1 1 1 0 0 1 1 1 
1 1 1 1 1 1 1 1 1 1 1 1 1 1 
1 1 1 1 1 1 1 1 1 1 1 1 1 1 
0 1 1 0 1 1 0 0 1 1 0 1 1 0 
1 1 1 1 1 1 1 1 1 1 1 1 1 1 
1 1 1 1 0 1 1 1 1 1 1 0 1 1 
1 1 0 0 1 1 1 1 1 0 0 1 1 1 
1 1 0 0 0 1 1 1 1 0 0 0 1 1 
1 1 1 1 1 1 1 1 1 1 1 1 1 1 
1 1 1 0 1 1 1 1 1 1 0 1 1 1 
1 0 0 0 1 1 1 1 0 0 0 1 1 1 
1 1 0 1 1 0 1 1 1 0 1 1 0 1 
1 1 1 0 1 0 1 1 1 1 0 1 0 1 
1 1 1 1 1 1 1 1 1 1 1 1 1 1 
1 1 1 1 1 0 0 1 1 1 1 1 0 0 
0 1 1 0 1 0 1 0 1 1 0 1 0 1 
1 1 1 1 1 1 1 1 1 1 1 1 1 1 
1 1 1 1 1 1 1 1 1 1 1 1 1 1 
1 1 1 1 1 1 1 1 1 1 1 1 1 1 
1 0 1 1 1 0 0 1 0 1 1 1 0 0 
1 1 1 1 1 1 1 1 1 1 1 1 1 1 
1 1 1 1 1 1 0 1 1 1 1 1 1 0 
1 1 1 1 1 1 1 1 1 1 1 1 1 1 
1 1 1 1 1 1 1 1 1 1 1 1 1 1 
0 0 1 1 1 1 1 0 0 1 1 1 1 1 
1 1 1 1 1 0 1 1 1 1 1 1 0 1 
1 1 0 0 1 1 1 1 1 0 0 1 1 1 
1 1 1 1 1 1 0 1 1 1 1 1 1 0 
1 0 1 0 1 1 0 1 0 1 0 1 1 0 
1 1 1 1 1 1 1 1 1 1 1 1 1 1 
1 1 1 1 1 1 1 1 1 1 1 1 1 1 
1 0 1 1 1 1 1 1 0 1 1 1 1 1 
1 0 1 1 1 1 1 1 0 1 1 1 1 1 
1 1 1 1 1 0 1 1 1 1 1 1 0 1 
1 1 1 0 1 0 1 1 1 1 0 1 0 1 
1 1 1 0 1 1 1 1 1 1 0 1 1 1 
1 1 1 1 1 0 1 1 1 1 1 1 0 1 
1 1 1 1 1 1 1 1 1 1 1 1 1 1 
1 1 1 1 1 1 1 1 1 1 1 1 1 1 
1 1 1 0 0 1 1 1 1 1 0 0 1 1 
0 1 0 1 1 0 1 0 1 0 1 1 0 1 
0 1 1 1 0 1 1 0 1 1 1 0 1 1 
0 0 1 0 1 1 1 0 0 1 0 1 1 1 
1 1 1 1 1 0 0 1 1 1 1 1 0 0 
1 1 0 1 1 1 1 1 1 0 1 1 1 1 
1 1 1 1 0 1 1 1 1 1 1 0 1 1 
]

EmployeeWantedInStint: [ (9 9) 1 (9 13) 1 (10 7) 1 (11 2) 1 (18 13) 1 (20 7) 1 (21 13) 1 (24 5) 1 (24 13) 1 (26 6) 1 (26 7) 1 (30 9) 1 (33 13) 1 (35 6) 1 (35 14) 1 (37 4) 1 (37 7) 1 (38 12) 1 (46 9) 1 (53 10) 1 (64 12) 1 (65 2) 1 (73 11) 1 (74 2) 1 (76 7) 1 (92 9) 1 (96 4) 1 (98 8) 1 (98 12) 1 (108 7) 1 (111 1) 1 (114 2) 1 (116 14) 1 (120 12) 1 (120 13) 1 (121 14) 1 (124 14) 1 (126 11) 1 (128 12) 1 (128 14) 1 (140 2) 1 (140 11) 1 (142 2) 1 (146 14) 1 (148 10) 1 ]

EmployeeWantedViolationCost: [ (9 9) 14000 (9 13) 8000 (10 7) 9000 (11 2) 13000 (18 13) 11000 (20 7) 14000 (21 13) 5000 (24 5) 10000 (24 13) 15000 (26 6) 14000 (26 7) 11000 (30 9) 15000 (33 13) 7000 (35 6) 12000 (35 14) 13000 (37 4) 14000 (37 7) 13000 (38 12) 10000 (46 9) 7000 (53 10) 14000 (64 12) 12000 (65 2) 7000 (73 11) 6000 (74 2) 15000 (76 7) 6000 (92 9) 15000 (96 4) 6000 (98 8) 15000 (98 12) 10000 (108 7) 5000 (111 1) 11000 (114 2) 8000 (116 14) 13000 (120 12) 6000 (120 13) 6000 (121 14) 7000 (124 14) 13000 (126 11) 12000 (128 12) 8000 (128 14) 9000 (140 2) 6000 (140 11) 14000 (142 2) 14000 (146 14) 8000 (148 10) 11000 ]

EmployeesThatShouldNotWorkTogetherWithEmployee: [
[ 10 27 43 55 63 69 84 93 95 149 ]
[ 3 9 10 16 46 58 62 68 ]
[ 48 119 123 142 ]
[ 17 19 58 91 101 102 142 ]
[ 19 28 33 46 53 66 87 98 103 108 111 129 139 142 ]
[ 16 24 67 76 100 ]
[ 27 28 56 59 61 72 76 98 117 118 130 ]
[ 30 40 76 78 113 118 ]
[ 12 28 77 81 85 108 121 123 150 ]
[ 24 89 126 133 ]
[ 43 139 ]
[ 26 41 71 117 149 ]
[ 41 72 75 100 131 ]
[ 36 81 92 140 ]
[ 18 56 96 98 101 ]
[ 18 19 63 64 71 145 148 ]
[ 63 64 85 89 94 100 101 ]
[ 24 25 87 115 ]
[ 21 53 76 113 144 150 ]
[ 54 73 77 90 112 118 141 144 149 ]
[ 22 96 142 ]
[ 43 66 88 96 97 147 ]
[ 34 46 91 114 120 130 133 ]
[ 74 81 96 102 138 ]
[ 33 71 76 ]
[ 57 95 111 ]
[ 38 73 92 108 133 ]
[ 34 45 54 60 75 80 95 104 142 ]
[ 39 41 63 81 93 107 120 150 ]
[ 68 87 88 90 ]
[ 43 51 57 80 89 132 ]
[ 86 93 101 135 141 ]
[ 42 51 60 85 98 105 108 135 141 148 150 ]
[ 77 88 96 115 139 145 ]
[ 38 46 60 83 88 150 ]
[ 57 87 110 119 143 145 148 ]
[ 63 68 72 ]
[ 77 86 104 135 137 ]
[ 57 86 97 101 121 123 ]
[ 65 92 99 106 ]
[ 58 59 67 91 107 ]
[ 51 135 143 ]
[ 46 60 148 ]
[ 49 90 111 134 ]
[ 67 81 95 120 143 ]
[ 96 102 110 135 ]
[ 77 86 98 133 145 148 ]
[ 71 89 ]
[ 77 98 103 114 ]
[ 93 ]
[ 54 ]
[ 148 ]
[ 73 86 118 ]
[ 61 80 110 125 ]
[ 63 72 83 96 98 114 117 120 131 149 ]
[ 101 ]
[ 111 ]
[ 69 78 106 131 ]
[ 65 77 113 ]
[ 73 ]
[ 80 96 131 148 ]
[ 63 96 122 127 ]
[ 81 114 131 ]
[ 91 106 ]
[ 72 76 83 88 100 118 ]
[ 70 111 145 ]
[ 78 98 147 ]
[ 101 104 108 131 ]
[ 90 97 130 138 139 140 150 ]
[ 149 ]
[ 74 93 98 109 145 ]
[ 82 85 98 112 113 116 145 ]
[ 75 85 104 113 119 122 125 133 ]
[ 84 107 ]
[ 109 149 ]
[ ]
[ 82 113 144 145 ]
[ 141 ]
[ 94 113 125 148 ]
[ 103 ]
[ 142 ]
[ 84 85 91 94 107 136 138 ]
[ 94 119 ]
[ 97 ]
[ 99 117 ]
[ 90 92 104 116 135 136 141 ]
[ 90 123 128 ]
[ 98 ]
[ 124 130 141 ]
[ 107 110 ]
[ 92 122 125 137 140 ]
[ 106 122 ]
[ 100 128 129 ]
[ 121 ]
[ 123 ]
[ 139 142 145 ]
[ 132 ]
[ 109 140 ]
[ 121 129 130 131 ]
[ 105 118 146 ]
[ 121 134 143 ]
[ 146 150 ]
[ 136 141 ]
[ 132 140 ]
[ 121 ]
[ ]
[ 111 ]
[ 143 ]
[ 128 ]
[ ]
[ 144 150 ]
[ 117 120 139 ]
[ ]
[ ]
[ 116 121 ]
[ 120 148 ]
[ ]
[ 131 ]
[ 139 ]
[ 122 126 141 ]
[ 131 146 ]
[ 146 ]
[ 149 ]
[ 144 148 ]
[ 145 ]
[ ]
[ 145 146 ]
[ 131 ]
[ ]
[ 147 ]
[ 142 ]
[ ]
[ ]
[ 137 ]
[ 136 ]
[ ]
[ ]
[ 143 ]
[ ]
[ ]
[ ]
[ ]
[ ]
[ 147 ]
[ ]
[ ]
[ ]
[ ]
[ ]
[ ]
]

ShouldNotWorkTogetherCost: [ (1 10) 198 (1 27) 198 (1 43) 99 (1 55) 99 (1 63) 297 (1 69) 396 (1 84) 99 (1 93) 396 (1 95) 99 (1 149) 396 (2 3) 396 (2 9) 297 (2 10) 396 (2 16) 297 (2 46) 99 (2 58) 297 (2 62) 198 (2 68) 198 (3 48) 99 (3 119) 198 (3 123) 396 (3 142) 297 (4 17) 99 (4 19) 198 (4 58) 297 (4 91) 198 (4 101) 198 (4 102) 396 (4 142) 297 (5 19) 198 (5 28) 198 (5 33) 99 (5 46) 198 (5 53) 198 (5 66) 99 (5 87) 99 (5 98) 198 (5 103) 396 (5 108) 297 (5 111) 396 (5 129) 297 (5 139) 396 (5 142) 297 (6 16) 99 (6 24) 99 (6 67) 99 (6 76) 396 (6 100) 396 (7 27) 198 (7 28) 198 (7 56) 297 (7 59) 198 (7 61) 297 (7 72) 396 (7 76) 99 (7 98) 198 (7 117) 297 (7 118) 396 (7 130) 99 (8 30) 99 (8 40) 198 (8 76) 297 (8 78) 396 (8 113) 396 (8 118) 297 (9 12) 99 (9 28) 297 (9 77) 297 (9 81) 198 (9 85) 396 (9 108) 297 (9 121) 99 (9 123) 297 (9 150) 198 (10 24) 396 (10 89) 396 (10 126) 297 (10 133) 396 (11 43) 99 (11 139) 198 (12 26) 198 (12 41) 198 (12 71) 99 (12 117) 396 (12 149) 396 (13 41) 99 (13 72) 396 (13 75) 396 (13 100) 198 (13 131) 297 (14 36) 198 (14 81) 198 (14 92) 99 (14 140) 396 (15 18) 297 (15 56) 99 (15 96) 396 (15 98) 99 (15 101) 396 (16 18) 396 (16 19) 396 (16 63) 297 (16 64) 198 (16 71) 198 (16 145) 396 (16 148) 396 (17 63) 396 (17 64) 99 (17 85) 99 (17 89) 198 (17 94) 297 (17 100) 99 (17 101) 297 (18 24) 198 (18 25) 396 (18 87) 297 (18 115) 396 (19 21) 99 (19 53) 297 (19 76) 297 (19 113) 396 (19 144) 198 (19 150) 396 (20 54) 396 (20 73) 198 (20 77) 99 (20 90) 396 (20 112) 297 (20 118) 99 (20 141) 396 (20 144) 396 (20 149) 198 (21 22) 99 (21 96) 99 (21 142) 396 (22 43) 99 (22 66) 396 (22 88) 99 (22 96) 297 (22 97) 396 (22 147) 396 (23 34) 297 (23 46) 396 (23 91) 396 (23 114) 396 (23 120) 297 (23 130) 396 (23 133) 198 (24 74) 297 (24 81) 198 (24 96) 99 (24 102) 297 (24 138) 297 (25 33) 99 (25 71) 198 (25 76) 198 (26 57) 198 (26 95) 198 (26 111) 396 (27 38) 297 (27 73) 198 (27 92) 198 (27 108) 198 (27 133) 99 (28 34) 297 (28 45) 396 (28 54) 198 (28 60) 297 (28 75) 99 (28 80) 297 (28 95) 99 (28 104) 99 (28 142) 297 (29 39) 198 (29 41) 396 (29 63) 297 (29 81) 198 (29 93) 198 (29 107) 198 (29 120) 396 (29 150) 396 (30 68) 396 (30 87) 396 (30 88) 396 (30 90) 396 (31 43) 99 (31 51) 396 (31 57) 99 (31 80) 297 (31 89) 198 (31 132) 99 (32 86) 99 (32 93) 297 (32 101) 396 (32 135) 99 (32 141) 297 (33 42) 396 (33 51) 198 (33 60) 198 (33 85) 297 (33 98) 99 (33 105) 99 (33 108) 396 (33 135) 99 (33 141) 198 (33 148) 396 (33 150) 297 (34 77) 297 (34 88) 198 (34 96) 198 (34 115) 198 (34 139) 99 (34 145) 99 (35 38) 297 (35 46) 198 (35 60) 99 (35 83) 198 (35 88) 99 (35 150) 198 (36 57) 99 (36 87) 396 (36 110) 99 (36 119) 198 (36 143) 99 (36 145) 297 (36 148) 99 (37 63) 396 (37 68) 297 (37 72) 297 (38 77) 198 (38 86) 198 (38 104) 99 (38 135) 396 (38 137) 297 (39 57) 198 (39 86) 396 (39 97) 396 (39 101) 99 (39 121) 198 (39 123) 99 (40 65) 396 (40 92) 99 (40 99) 99 (40 106) 99 (41 58) 99 (41 59) 99 (41 67) 396 (41 91) 99 (41 107) 297 (42 51) 297 (42 135) 198 (42 143) 99 (43 46) 297 (43 60) 99 (43 148) 99 (44 49) 396 (44 90) 297 (44 111) 198 (44 134) 396 (45 67) 198 (45 81) 396 (45 95) 297 (45 120) 99 (45 143) 396 (46 96) 297 (46 102) 396 (46 110) 99 (46 135) 198 (47 77) 297 (47 86) 396 (47 98) 198 (47 133) 297 (47 145) 198 (47 148) 99 (48 71) 198 (48 89) 396 (49 77) 99 (49 98) 396 (49 103) 297 (49 114) 297 (50 93) 396 (51 54) 198 (52 148) 99 (53 73) 297 (53 86) 396 (53 118) 396 (54 61) 297 (54 80) 297 (54 110) 198 (54 125) 198 (55 63) 297 (55 72) 99 (55 83) 297 (55 96) 99 (55 98) 396 (55 114) 396 (55 117) 99 (55 120) 396 (55 131) 99 (55 149) 297 (56 101) 99 (57 111) 99 (58 69) 396 (58 78) 198 (58 106) 297 (58 131) 396 (59 65) 198 (59 77) 198 (59 113) 99 (60 73) 297 (61 80) 99 (61 96) 396 (61 131) 198 (61 148) 198 (62 63) 396 (62 96) 396 (62 122) 297 (62 127) 396 (63 81) 198 (63 114) 297 (63 131) 297 (64 91) 396 (64 106) 99 (65 72) 99 (65 76) 198 (65 83) 198 (65 88) 396 (65 100) 198 (65 118) 396 (66 70) 198 (66 111) 297 (66 145) 297 (67 78) 297 (67 98) 396 (67 147) 198 (68 101) 198 (68 104) 396 (68 108) 297 (68 131) 198 (69 90) 297 (69 97) 198 (69 130) 99 (69 138) 297 (69 139) 396 (69 140) 396 (69 150) 396 (70 149) 99 (71 74) 198 (71 93) 198 (71 98) 396 (71 109) 198 (71 145) 396 (72 82) 297 (72 85) 396 (72 98) 396 (72 112) 198 (72 113) 99 (72 116) 198 (72 145) 198 (73 75) 198 (73 85) 198 (73 104) 198 (73 113) 396 (73 119) 198 (73 122) 297 (73 125) 396 (73 133) 297 (74 84) 297 (74 107) 297 (75 109) 198 (75 149) 396 (77 82) 396 (77 113) 396 (77 144) 99 (77 145) 297 (78 141) 297 (79 94) 99 (79 113) 396 (79 125) 396 (79 148) 99 (80 103) 99 (81 142) 396 (82 84) 297 (82 85) 198 (82 91) 297 (82 94) 99 (82 107) 396 (82 136) 297 (82 138) 198 (83 94) 99 (83 119) 198 (84 97) 396 (85 99) 198 (85 117) 99 (86 90) 396 (86 92) 297 (86 104) 297 (86 116) 396 (86 135) 297 (86 136) 396 (86 141) 396 (87 90) 99 (87 123) 198 (87 128) 99 (88 98) 396 (89 124) 99 (89 130) 396 (89 141) 297 (90 107) 297 (90 110) 396 (91 92) 396 (91 122) 99 (91 125) 198 (91 137) 198 (91 140) 297 (92 106) 297 (92 122) 198 (93 100) 198 (93 128) 198 (93 129) 396 (94 121) 198 (95 123) 297 (96 139) 198 (96 142) 297 (96 145) 396 (97 132) 297 (98 109) 99 (98 140) 396 (99 121) 297 (99 129) 99 (99 130) 198 (99 131) 396 (100 105) 297 (100 118) 99 (100 146) 99 (101 121) 198 (101 134) 198 (101 143) 297 (102 146) 297 (102 150) 99 (103 136) 198 (103 141) 396 (104 132) 99 (104 140) 297 (105 121) 396 (107 111) 297 (108 143) 396 (109 128) 99 (111 144) 396 (111 150) 396 (112 117) 297 (112 120) 99 (112 139) 198 (115 116) 396 (115 121) 198 (116 120) 396 (116 148) 99 (118 131) 297 (119 139) 297 (120 122) 99 (120 126) 198 (120 141) 297 (121 131) 297 (121 146) 297 (122 146) 396 (123 149) 99 (124 144) 396 (124 148) 198 (125 145) 99 (127 145) 396 (127 146) 198 (128 131) 198 (130 147) 297 (131 142) 297 (134 137) 297 (135 136) 198 (138 143) 198 (144 147) 297 ]

ImmediatePredecessorsToActivity: [
[ ]
[ 1 ]
[ 1 ]
[ 2 ]
[ 1 ]
[ 1 ]
[ 5 ]
[ 3 ]
[ 5 6 ]
[ 1 ]
[ 5 ]
[ 7 8 10 ]
[ 2 10 ]
[ 3 9 11 13 ]
[ 2 6 ]
[ 8 ]
[ 5 ]
[ ]
[ 18 ]
[ 18 ]
[ 18 ]
[ 20 ]
[ 19 22 ]
[ 18 ]
[ 18 ]
[ 18 ]
[ 20 25 ]
[ 21 26 ]
[ 20 ]
[ 18 ]
[ 18 ]
[ 18 ]
[ 19 32 ]
[ 19 ]
[ 27 ]
[ 25 30 31 32 35 ]
[ 19 21 24 30 ]
[ 19 20 36 ]
[ 20 24 25 33 ]
[ 32 35 ]
[ 33 35 ]
[ 25 37 41 ]
[ 21 29 30 31 ]
[ 24 25 30 40 ]
[ 22 36 41 43 ]
[ 22 27 33 43 ]
]

ActivitiesInProject: [
[ 1 2 3 4 5 6 7 8 9 10 11 12 13 14 15 16 17 ]
[ 18 19 20 21 22 23 24 25 26 27 28 29 30 31 32 33 34 35 36 37 38 39 40 41 42 43 44 45 46 ]
]

nActivityModes: [ 2 2 2 2 2 2 2 2 2 2 2 2 2 2 2 2 2 2 2 2 2 2 2 2 2 2 2 2 2 2 2 2 2 2 2 2 2 2 2 2 2 2 2 2 2 2 ]

ActivityDurationWithMode: [
1	1	
6	4	
15	10	
36	24	
7	5	
6	4	
12	8	
10	7	
5	4	
17	12	
29	20	
5	4	
20	14	
5	4	
10	7	
5	4	
6	4	
1	1	
22	15	
13	9	
10	7	
57	38	
11	8	
14	10	
13	9	
67	45	
18	12	
11	8	
12	8	
11	8	
25	17	
10	7	
19	13	
51	34	
9	6	
11	8	
46	31	
17	12	
35	24	
18	12	
13	9	
11	8	
17	12	
12	8	
11	8	
9	6	
]

StintsInProject: [
[ 1 2 3 4 5 6 7 ]
[ 8 9 10 11 12 13 14 ]
]

WorkingStintsOnDay: [
[ 1 8 ]
[ 1 8 ]
[ 1 8 ]
[ 1 8 ]
[ 1 8 ]
[ 1 8 ]
[ 1 8 ]
[ 1 8 ]
[ 1 8 ]
[ 1 8 ]
[ 1 8 ]
[ 1 8 ]
[ 1 8 ]
[ 1 8 ]
[ 2 9 ]
[ 2 9 ]
[ 2 9 ]
[ 2 9 ]
[ 2 9 ]
[ 2 9 ]
[ 2 9 ]
[ 2 9 ]
[ 2 9 ]
[ 2 9 ]
[ 2 9 ]
[ 2 9 ]
[ 2 9 ]
[ 2 9 ]
[ 3 10 ]
[ 3 10 ]
[ 3 10 ]
[ 3 10 ]
[ 3 10 ]
[ 3 10 ]
[ 3 10 ]
[ 3 10 ]
[ 3 10 ]
[ 3 10 ]
[ 3 10 ]
[ 3 10 ]
[ 3 10 ]
[ 3 10 ]
[ 4 11 ]
[ 4 11 ]
[ 4 11 ]
[ 4 11 ]
[ 4 11 ]
[ 4 11 ]
[ 4 11 ]
[ 4 11 ]
[ 4 11 ]
[ 4 11 ]
[ 4 11 ]
[ 4 11 ]
[ 4 11 ]
[ 4 11 ]
[ 5 12 ]
[ 5 12 ]
[ 5 12 ]
[ 5 12 ]
[ 5 12 ]
[ 5 12 ]
[ 5 12 ]
[ 5 12 ]
[ 5 12 ]
[ 5 12 ]
[ 5 12 ]
[ 5 12 ]
[ 5 12 ]
[ 5 12 ]
[ 6 13 ]
[ 6 13 ]
[ 6 13 ]
[ 6 13 ]
[ 6 13 ]
[ 6 13 ]
[ 6 13 ]
[ 6 13 ]
[ 6 13 ]
[ 6 13 ]
[ 6 13 ]
[ 6 13 ]
[ 6 13 ]
[ 6 13 ]
[ 7 14 ]
[ 7 14 ]
[ 7 14 ]
[ 7 14 ]
[ 7 14 ]
[ 7 14 ]
]

ProjectStart: [ 20 8 ]

ProjectEnd: [ 67 90 ]

EarliestStartDayForActivity: [ 1 20 20 26 20 20 27 35 27 20 27 45 37 57 26 45 27 1 8 8 8 21 78 8 8 8 21 75 21 8 8 8 30 30 39 48 30 59 49 48 49 76 33 66 78 78 ]

LatestStartDayForActivity: [ 1 67 67 67 67 67 67 67 67 67 67 67 67 67 67 67 67 1 90 90 90 90 90 90 90 90 90 90 90 90 90 90 90 90 90 90 90 90 90 90 90 90 90 90 90 90 ]

EquipmentTypeDemandInActivityWithMode: [
0	1	
2	4	
1	3	
1	3	
3	6	
0	1	
2	4	
1	3	
1	3	
0	1	
0	1	
2	4	
0	1	
1	3	
0	1	
1	3	
1	3	
0	1	
0	1	
3	6	
0	1	
2	4	
0	1	
0	1	
2	4	
2	4	
1	3	
0	1	
1	3	
0	1	
0	1	
1	3	
2	4	
0	1	
2	4	
0	1	
1	3	
0	1	
3	6	
2	4	
1	3	
2	4	
0	1	
2	4	
0	1	
1	3	

0	1	
1	3	
2	4	
0	1	
0	1	
1	3	
1	3	
1	3	
0	1	
0	1	
0	1	
1	3	
0	1	
3	6	
3	6	
1	3	
1	3	
0	1	
0	1	
0	1	
2	4	
1	3	
1	3	
0	1	
2	4	
2	4	
0	1	
2	4	
0	1	
2	4	
1	3	
0	1	
3	6	
2	4	
1	3	
0	1	
3	6	
1	3	
0	1	
1	3	
0	1	
1	3	
1	3	
1	3	
3	6	
1	3	

0	1	
2	4	
1	3	
1	3	
0	1	
0	1	
0	1	
1	3	
0	1	
3	6	
0	1	
1	3	
0	1	
0	1	
1	3	
1	3	
3	6	
0	1	
1	3	
2	4	
0	1	
1	3	
1	3	
0	1	
0	1	
0	1	
0	1	
0	1	
1	3	
2	4	
0	1	
1	3	
0	1	
1	3	
0	1	
1	3	
1	3	
0	1	
0	1	
1	3	
3	6	
0	1	
1	3	
0	1	
1	3	
0	1	

0	1	
0	1	
1	3	
1	3	
0	1	
0	1	
0	1	
0	1	
0	1	
2	4	
0	1	
1	3	
1	3	
0	1	
0	1	
0	1	
0	1	
0	1	
0	1	
1	3	
0	1	
2	4	
0	1	
0	1	
1	3	
0	1	
0	1	
0	1	
0	1	
0	1	
0	1	
1	3	
0	1	
0	1	
1	3	
0	1	
1	3	
0	1	
0	1	
1	3	
1	3	
1	3	
0	1	
1	3	
0	1	
0	1	

0	1	
1	3	
0	1	
0	1	
0	1	
0	1	
1	3	
0	1	
1	3	
3	6	
1	3	
2	4	
1	3	
2	4	
1	3	
1	3	
0	1	
0	1	
1	3	
2	4	
1	3	
1	3	
0	1	
1	3	
1	3	
1	3	
2	4	
1	3	
2	4	
1	3	
1	3	
1	3	
1	3	
1	3	
2	4	
0	1	
1	3	
3	6	
1	3	
1	3	
1	3	
0	1	
1	3	
0	1	
0	1	
0	1	

]

ExternalEquipmentRentingCost: [
5797	4398	1594	2697	1917	2097	4482	4733	3909	1323	3681	2134	2227	1226	4719	4943	1327	2671	2022	3417	2741	4665	2677	3529	2350	1005	3168	2455	2769	1081	4025	5635	3392	1862	5052	4411	2724	1840	4562	2627	5512	5136	5175	2962	3708	1147	
5597	3303	1446	2113	2841	1131	5346	3799	1690	1671	3297	2345	1727	1031	2639	4661	5186	4841	3909	5665	3544	1930	4323	2911	3358	2439	3688	2086	1570	2179	4214	4150	1305	1143	5528	5812	3386	4644	5832	4084	3732	1188	2295	2688	1083	4407	
1400	4215	3452	2820	4148	1589	4201	4213	4090	1966	2906	2271	5764	5904	1057	1752	3714	3384	3189	2414	3524	4902	3595	2250	5113	2469	3571	5524	1146	1810	3515	1177	2278	1615	1629	5396	5662	1693	1202	5276	5479	1635	2333	1500	2066	1148	
3527	1191	2459	3591	4042	1406	5805	5769	1534	5961	4879	3244	1469	2439	2364	5999	3969	5806	1040	1490	4833	2341	1161	1154	2324	5090	3028	5353	2976	4948	4477	1818	1448	4864	2508	3808	5883	3010	2521	3617	5633	2683	4467	5754	2998	1052	
5828	4922	4567	5940	5724	5875	1173	2855	5726	2027	2911	1997	1104	5777	2259	1168	1347	2399	5190	5477	1142	2235	4264	3126	4741	2151	3672	1375	3537	2165	3678	2108	1783	3988	4515	1191	1259	4186	2373	1890	2012	2629	3955	4220	3620	3730	
]

EquipmentTypeTransportationCost: [
1	4570	
4570	1	

1	5141	
5141	1	

1	4987	
4987	1	

1	3519	
3519	1	

1	5532	
5532	1	

]

TransportationTimeForEquipmentTypeBetweenProjects: [
1	6	
6	1	

1	7	
7	1	

1	7	
7	1	

1	4	
4	1	

1	8	
8	1	

]

TotalNumberOfInitialEquipmentTypeLocation: [
(1 1) 3 (1 18) 2 
(2 1) 3 (2 18) 5 
(3 1) 4 (3 18) 3 
(4 1) 2 (4 18) 1 
(5 1) 5 (5 18) 2 
]

DepotActivities: [ 1 18 ]

MaximalStintCliques: [
[ 2 9 1 8 ]
[ 2 9 10 3 ]
[ 4 11 10 3 ]
[ 4 11 12 5 ]
[ 5 12 13 6 ]
[ 6 13 14 7 ]
]
