nEmployees: 150
nSkills: 6
nProjects: 2
nDays: 90
nActivities: 38
nEquipmentTypes: 5
nStints: 14
nMaxModes: 1
nStintCliques: 6

EmployeeInStintCost: [
30960 30960 30960 30960 30960 30324 14760 40176 40176 40176 40176 40176 35088 16024 
32488 32488 32488 32488 32488 31834 16018 40582 40582 40582 40582 40582 35350 16034 
31728 31728 31728 31728 31728 31056 14988 41604 41604 41604 41604 41604 36228 16660 
31680 31680 31680 31680 31680 31008 14940 41148 41148 41148 41148 41148 35772 16204 
17800 17800 17800 17800 17800 17158 8170 21494 21494 21494 21494 21494 16358 7370 
33880 33880 33880 33880 33880 33178 16690 43942 43942 43942 43942 43942 38326 18338 
33160 33160 33160 33160 33160 32494 16510 42970 42970 42970 42970 42970 37642 18158 
29624 29624 29624 29624 29624 28946 12794 38118 38118 38118 38118 38118 32694 13042 
29128 29128 29128 29128 29128 28510 13198 38442 38442 38442 38442 38442 33498 14686 
27744 27744 27744 27744 27744 27144 12084 37028 37028 37028 37028 37028 32228 13668 
28888 28888 28888 28888 28888 28282 13138 38118 38118 38118 38118 38118 33270 14626 
29816 29816 29816 29816 29816 29198 13886 37850 37850 37850 37850 37850 32906 14094 
35080 35080 35080 35080 35080 34366 17710 43658 43658 43658 43658 43658 37946 17790 
34352 34352 34352 34352 34352 33662 17342 44242 44242 44242 44242 44242 38722 18902 
29904 29904 29904 29904 29904 29196 12624 39944 39944 39944 39944 39944 34280 14208 
32368 32368 32368 32368 32368 31720 15988 40420 40420 40420 40420 40420 35236 16004 
27984 27984 27984 27984 27984 27372 12144 37352 37352 37352 37352 37352 32456 13728 
32672 32672 32672 32672 32672 32066 16922 41974 41974 41974 41974 41974 37126 18482 
29216 29216 29216 29216 29216 28586 13106 37198 37198 37198 37198 37198 32158 13178 
31304 31304 31304 31304 31304 30584 13844 40188 40188 40188 40188 40188 34428 14188 
11640 11640 11640 11640 11640 11058 2910 20794 20794 20794 20794 20794 16138 7990 
34480 34480 34480 34480 34480 33748 16840 44752 44752 44752 44752 44752 38896 18488 
31160 31160 31160 31160 31160 30566 15590 40354 40354 40354 40354 40354 35602 17126 
30920 30920 30920 30920 30920 30266 14450 38982 38982 38982 38982 38982 33750 14434 
27696 27696 27696 27696 27696 27042 11226 37374 37374 37374 37374 37374 32142 12826 
30800 30800 30800 30800 30800 30152 14420 38820 38820 38820 38820 38820 33636 14404 
31760 31760 31760 31760 31760 31136 15740 41164 41164 41164 41164 41164 36172 17276 
30440 30440 30440 30440 30440 29810 14330 38334 38334 38334 38334 38334 33294 14314 
32608 32608 32608 32608 32608 31948 16048 40744 40744 40744 40744 40744 35464 16064 
31320 31320 31320 31320 31320 30666 14850 40662 40662 40662 40662 40662 35430 16114 
34480 34480 34480 34480 34480 33748 16840 44752 44752 44752 44752 44752 38896 18488 
30464 30464 30464 30464 30464 29786 13634 39054 39054 39054 39054 39054 33630 13978 
30416 30416 30416 30416 30416 29726 13406 38818 38818 38818 38818 38818 33298 13478 
30440 30440 30440 30440 30440 29810 14330 38334 38334 38334 38334 38334 33294 14314 
33160 33160 33160 33160 33160 32494 16510 42970 42970 42970 42970 42970 37642 18158 
18680 18680 18680 18680 18680 18002 8510 37342 37342 37342 37342 37342 31918 12266 
31280 31280 31280 31280 31280 30608 14540 39468 39468 39468 39468 39468 34092 14524 
29504 29504 29504 29504 29504 28832 12764 37956 37956 37956 37956 37956 32580 13012 
30768 30768 30768 30768 30768 30144 14748 40308 40308 40308 40308 40308 35316 16420 
30408 30408 30408 30408 30408 29802 14658 39822 39822 39822 39822 39822 34974 16330 
30680 30680 30680 30680 30680 30038 14390 38658 38658 38658 38658 38658 33522 14374 
30656 30656 30656 30656 30656 29996 14096 38984 38984 38984 38984 38984 33704 14304 
34600 34600 34600 34600 34600 33910 17590 43010 43010 43010 43010 43010 37490 17670 
31280 31280 31280 31280 31280 30680 15620 40516 40516 40516 40516 40516 35716 17156 
26928 26928 26928 26928 26928 26334 11358 21078 21078 21078 21078 21078 16326 8010 
31016 31016 31016 31016 31016 30338 14186 39470 39470 39470 39470 39470 34046 14394 
17000 17000 17000 17000 17000 16406 8090 35074 35074 35074 35074 35074 30322 11846 
18400 18400 18400 18400 18400 17728 8320 22304 22304 22304 22304 22304 16928 7520 
30720 30720 30720 30720 30720 30096 14700 39852 39852 39852 39852 39852 34860 15964 
29456 29456 29456 29456 29456 28814 13166 37522 37522 37522 37522 37522 32386 13238 
32400 32400 32400 32400 32400 31692 15120 42120 42120 42120 42120 42120 36456 16384 
31256 31256 31256 31256 31256 30524 13616 39952 39952 39952 39952 39952 34096 13688 
18040 18040 18040 18040 18040 17392 8320 17496 17496 17496 17496 17496 12312 3240 
32568 32568 32568 32568 32568 31854 15198 42738 42738 42738 42738 42738 37026 16870 
31136 31136 31136 31136 31136 30452 14216 39632 39632 39632 39632 39632 34160 14424 
33880 33880 33880 33880 33880 33178 16690 43942 43942 43942 43942 43942 38326 18338 
18320 18320 18320 18320 18320 17660 8420 36856 36856 36856 36856 36856 31576 12176 
29904 29904 29904 29904 29904 29196 12624 39944 39944 39944 39944 39944 34280 14208 
30360 30360 30360 30360 30360 29754 14610 39366 39366 39366 39366 39366 34518 15874 
18280 18280 18280 18280 18280 17614 8290 22142 22142 22142 22142 22142 16814 7490 
29064 29064 29064 29064 29064 28398 12414 38810 38810 38810 38810 38810 33482 13998 
28184 28184 28184 28184 28184 27578 12434 36174 36174 36174 36174 36174 31326 12682 
28464 28464 28464 28464 28464 27828 12264 38000 38000 38000 38000 38000 32912 13848 
26496 26496 26496 26496 26496 25902 10926 35754 35754 35754 35754 35754 31002 12526 
30200 30200 30200 30200 30200 29582 14270 38010 38010 38010 38010 38010 33066 14254 
29424 29424 29424 29424 29424 28740 12504 39296 39296 39296 39296 39296 33824 14088 
30600 30600 30600 30600 30600 29982 14670 39690 39690 39690 39690 39690 34746 15934 
13320 13320 13320 13320 13320 12654 3330 23062 23062 23062 23062 23062 17734 8410 
30928 30928 30928 30928 30928 30220 13648 40872 40872 40872 40872 40872 35208 15136 
31280 31280 31280 31280 31280 30608 14540 39468 39468 39468 39468 39468 34092 14524 
31736 31736 31736 31736 31736 31022 14366 40442 40442 40442 40442 40442 34730 14574 
29504 29504 29504 29504 29504 28832 12764 37956 37956 37956 37956 37956 32580 13012 
28224 28224 28224 28224 28224 27600 12204 37676 37676 37676 37676 37676 32684 13788 
31488 31488 31488 31488 31488 30828 14928 41280 41280 41280 41280 41280 36000 16600 
12600 12600 12600 12600 12600 11970 3150 22090 22090 22090 22090 22090 17050 8230 
30104 30104 30104 30104 30104 29444 13544 38568 38568 38568 38568 38568 33288 13888 
13560 13560 13560 13560 13560 12882 3390 23386 23386 23386 23386 23386 17962 8470 
18760 18760 18760 18760 18760 18070 8410 22790 22790 22790 22790 22790 17270 7610 
31736 31736 31736 31736 31736 31022 14366 40442 40442 40442 40442 40442 34730 14574 
29984 29984 29984 29984 29984 29330 13514 38406 38406 38406 38406 38406 33174 13858 
29024 29024 29024 29024 29024 28376 12644 37308 37308 37308 37308 37308 32124 12892 
31968 31968 31968 31968 31968 31284 15048 41928 41928 41928 41928 41928 36456 16720 
29144 29144 29144 29144 29144 28490 12674 37470 37470 37470 37470 37470 32238 12922 
27408 27408 27408 27408 27408 26790 11478 21726 21726 21726 21726 21726 16782 8130 
27336 27336 27336 27336 27336 26700 11136 36888 36888 36888 36888 36888 31800 12736 
27216 27216 27216 27216 27216 26586 11106 36726 36726 36726 36726 36726 31686 12706 
29984 29984 29984 29984 29984 29288 12884 38604 38604 38604 38604 38604 33036 13132 
31368 31368 31368 31368 31368 30714 14898 41118 41118 41118 41118 41118 35886 16570 
28976 28976 28976 28976 28976 28358 13046 36874 36874 36874 36874 36874 31930 13118 
30896 30896 30896 30896 30896 30182 13526 39466 39466 39466 39466 39466 33754 13598 
32480 32480 32480 32480 32480 31820 15920 42136 42136 42136 42136 42136 36856 17456 
31616 31616 31616 31616 31616 30866 13706 40438 40438 40438 40438 40438 34438 13778 
31136 31136 31136 31136 31136 30410 13586 39790 39790 39790 39790 39790 33982 13658 
29504 29504 29504 29504 29504 28832 12764 37956 37956 37956 37956 37956 32580 13012 
31880 31880 31880 31880 31880 31250 15770 41326 41326 41326 41326 41326 36286 17306 
32560 32560 32560 32560 32560 31924 16360 42160 42160 42160 42160 42160 37072 18008 
27888 27888 27888 27888 27888 27246 11598 22374 22374 22374 22374 22374 17238 8250 
29744 29744 29744 29744 29744 29060 12824 38280 38280 38280 38280 38280 32808 13072 
34000 34000 34000 34000 34000 33292 16720 44104 44104 44104 44104 44104 38440 18368 
30920 30920 30920 30920 30920 30266 14450 38982 38982 38982 38982 38982 33750 14434 
32120 32120 32120 32120 32120 31406 14750 40602 40602 40602 40602 40602 34890 14734 
26136 26136 26136 26136 26136 25560 10836 35268 35268 35268 35268 35268 30660 12436 
27768 27768 27768 27768 27768 27132 11568 22212 22212 22212 22212 22212 17124 8220 
30104 30104 30104 30104 30104 29444 13544 38568 38568 38568 38568 38568 33288 13888 
30240 30240 30240 30240 30240 29640 14580 39204 39204 39204 39204 39204 34404 15844 
28128 28128 28128 28128 28128 27474 11658 22698 22698 22698 22698 22698 17466 8310 
32432 32432 32432 32432 32432 31838 16862 41650 41650 41650 41650 41650 36898 18422 
17960 17960 17960 17960 17960 17318 8330 36370 36370 36370 36370 36370 31234 12086 
28296 28296 28296 28296 28296 27612 11376 38184 38184 38184 38184 38184 32712 12976 
33880 33880 33880 33880 33880 33226 17410 42038 42038 42038 42038 42038 36806 17490 
30824 30824 30824 30824 30824 30086 13094 39738 39738 39738 39738 39738 33834 13342 
28136 28136 28136 28136 28136 27560 12836 35740 35740 35740 35740 35740 31132 12908 
28944 28944 28944 28944 28944 28284 12384 38648 38648 38648 38648 38648 33368 13968 
16960 16960 16960 16960 16960 16366 8050 16038 16038 16038 16038 16038 11286 2970 
29576 29576 29576 29576 29576 28928 13196 37684 37684 37684 37684 37684 32500 13268 
33448 33448 33448 33448 33448 32746 16258 41878 41878 41878 41878 41878 36262 16274 
30320 30320 30320 30320 30320 29696 14300 38172 38172 38172 38172 38172 33180 14284 
30464 30464 30464 30464 30464 29786 13634 39054 39054 39054 39054 39054 33630 13978 
30416 30416 30416 30416 30416 29726 13406 38818 38818 38818 38818 38818 33298 13478 
27576 27576 27576 27576 27576 26928 11196 37212 37212 37212 37212 37212 32028 12796 
13920 13920 13920 13920 13920 13224 3480 23872 23872 23872 23872 23872 18304 8560 
28728 28728 28728 28728 28728 28044 11808 23508 23508 23508 23508 23508 18036 8460 
32680 32680 32680 32680 32680 32038 16390 42322 42322 42322 42322 42322 37186 18038 
12360 12360 12360 12360 12360 11742 3090 21766 21766 21766 21766 21766 16822 8170 
29624 29624 29624 29624 29624 28988 13424 37920 37920 37920 37920 37920 32832 13768 
26808 26808 26808 26808 26808 26220 11328 20916 20916 20916 20916 20916 16212 7980 
19000 19000 19000 19000 19000 18304 8560 18792 18792 18792 18792 18792 13224 3480 
33632 33632 33632 33632 33632 32978 17162 43270 43270 43270 43270 43270 38038 18722 
31848 31848 31848 31848 31848 31170 15018 41766 41766 41766 41766 41766 36342 16690 
29568 29568 29568 29568 29568 28842 12018 24642 24642 24642 24642 24642 18834 8670 
26736 26736 26736 26736 26736 26130 10986 36078 36078 36078 36078 36078 31230 12586 
27336 27336 27336 27336 27336 26700 11136 36888 36888 36888 36888 36888 31800 12736 
30048 30048 30048 30048 30048 29460 14568 39336 39336 39336 39336 39336 34632 16240 
28784 28784 28784 28784 28784 28190 13214 36786 36786 36786 36786 36786 32034 13558 
12480 12480 12480 12480 12480 11856 3120 21928 21928 21928 21928 21928 16936 8200 
18080 18080 18080 18080 18080 17432 8360 36532 36532 36532 36532 36532 31348 12116 
29136 29136 29136 29136 29136 28410 11586 39318 39318 39318 39318 39318 33510 13186 
29368 29368 29368 29368 29368 28738 13258 38766 38766 38766 38766 38766 33726 14746 
18040 18040 18040 18040 18040 17386 8230 21818 21818 21818 21818 21818 16586 7430 
29664 29664 29664 29664 29664 28968 12564 39620 39620 39620 39620 39620 34052 14148 
32720 32720 32720 32720 32720 32048 15980 42460 42460 42460 42460 42460 37084 17516 
28736 28736 28736 28736 28736 28130 12986 36550 36550 36550 36550 36550 31702 13058 
30080 30080 30080 30080 30080 29468 14240 37848 37848 37848 37848 37848 32952 14224 
29504 29504 29504 29504 29504 28874 13394 37758 37758 37758 37758 37758 32718 13738 
32568 32568 32568 32568 32568 31854 15198 42738 42738 42738 42738 42738 37026 16870 
31256 31256 31256 31256 31256 30566 14246 39794 39794 39794 39794 39794 34274 14454 
18200 18200 18200 18200 18200 17546 8390 36694 36694 36694 36694 36694 31462 12146 
26808 26808 26808 26808 26808 26220 11328 20916 20916 20916 20916 20916 16212 7980 
28408 28408 28408 28408 28408 27826 13018 37470 37470 37470 37470 37470 32814 14506 
30840 30840 30840 30840 30840 30210 14730 40014 40014 40014 40014 40014 34974 15994 
]

ExternalWorkerWithSkillOnStintCost: [
41976 37224 39168 38304 41976 32472 21384 49896 45612 34440 40236 35868 39312 19980 
31968 40392 32688 33984 40680 35064 19620 41496 48804 46452 42168 49980 46620 21168 
34560 36648 35856 29592 33192 31824 17028 48216 43932 33852 39228 48552 37968 18072 
28800 34992 35496 42624 33696 29736 20376 37464 46368 34104 36792 45192 45444 14652 
40104 33120 36792 34416 33840 35136 20772 48468 39564 44352 42924 43596 35700 17856 
34632 34488 39600 39312 39456 40392 21348 50232 50064 38388 38724 50148 48804 17532 
]

OverlappingStints: [
[ 2 8 9 ]
[ 3 8 9 10 ]
[ 4 9 10 11 ]
[ 5 10 11 12 ]
[ 6 11 12 13 ]
[ 7 12 13 14 ]
[ 13 14 ]
[ 9 ]
[ 10 ]
[ 11 ]
[ 12 ]
[ 13 ]
[ 14 ]
[ ]
]

EmployeesWithSkill: [
[ 1 2 3 4 5 6 7 8 9 10 11 12 13 14 15 16 17 18 19 20 21 22 23 24 25 26 27 28 29 30 31 32 33 34 35 36 37 38 39 40 41 42 43 44 45 46 47 48 49 50 51 52 53 54 55 56 57 58 59 60 61 62 63 64 65 66 67 68 69 70 71 72 73 74 75 76 77 78 79 80 81 82 83 84 85 86 87 88 89 90 91 92 93 94 95 96 97 98 99 100 101 102 103 104 105 106 107 108 109 110 111 112 113 114 115 116 117 118 119 120 121 122 123 124 125 126 127 128 129 130 131 132 133 134 135 136 137 138 139 140 141 142 143 144 145 146 147 148 149 150 ]
[ 1 3 6 9 11 12 14 15 16 17 19 20 23 24 25 27 30 33 36 37 41 44 46 48 50 54 58 60 61 62 64 65 66 69 70 71 73 77 81 82 85 87 88 89 90 91 92 93 96 98 100 111 113 115 118 119 120 122 123 125 128 129 131 132 135 137 140 141 142 144 146 150 ]
[ 1 2 3 4 5 6 8 12 13 14 15 17 18 19 20 22 24 25 26 27 28 30 31 34 35 37 38 39 40 41 42 43 46 48 49 50 51 52 53 54 55 56 57 60 61 62 63 64 65 66 67 68 69 72 74 75 76 77 78 79 80 81 83 84 85 86 87 88 90 92 93 94 97 98 99 100 101 103 104 105 106 107 108 109 110 111 112 114 115 116 118 119 120 121 122 123 124 127 128 129 130 131 134 135 136 137 138 139 140 142 143 144 145 146 147 148 150 ]
[ 22 26 32 52 66 67 77 119 147 ]
[ 1 15 19 20 22 23 26 28 29 30 31 33 37 38 39 45 52 53 54 55 56 59 73 79 82 83 92 95 99 100 101 102 108 110 111 115 117 118 120 121 124 128 130 137 138 143 144 145 149 150 ]
[ 1 2 3 4 5 6 7 9 10 12 13 14 15 16 17 19 20 21 22 24 25 26 28 30 31 33 37 38 39 41 42 44 46 47 48 49 51 52 53 54 56 57 58 59 63 65 66 67 68 69 70 71 72 73 74 75 76 77 78 79 80 81 83 85 86 88 91 92 93 94 96 97 100 101 105 106 107 108 110 111 113 114 115 116 117 119 120 121 124 127 129 130 132 133 134 136 137 143 144 145 146 147 ]
]

SkillDemandInActivityWithMode: [
0	
38	
29	
9	
57	
27	
43	
68	
68	
10	
38	
68	
43	
29	
18	
68	
26	
0	
5	
8	
10	
8	
12	
10	
8	
5	
8	
10	
5	
8	
7	
5	
8	
8	
10	
6	
5	
7	

0	
5	
3	
1	
7	
3	
5	
9	
9	
1	
5	
9	
5	
3	
2	
8	
3	
0	
9	
14	
18	
14	
21	
18	
14	
9	
14	
18	
8	
14	
11	
8	
14	
14	
18	
11	
7	
12	

0	
23	
17	
5	
35	
16	
26	
42	
42	
5	
23	
42	
26	
17	
11	
42	
16	
0	
6	
10	
13	
10	
15	
13	
10	
6	
10	
13	
6	
10	
8	
6	
10	
10	
13	
8	
5	
9	

0	
1	
1	
0	
2	
1	
2	
3	
3	
0	
1	
3	
1	
1	
0	
3	
1	
0	
0	
0	
1	
0	
1	
1	
0	
0	
0	
1	
0	
0	
0	
0	
0	
0	
1	
0	
0	
0	

0	
9	
7	
2	
14	
6	
10	
17	
17	
2	
9	
16	
10	
7	
4	
16	
6	
0	
3	
5	
6	
4	
7	
6	
4	
3	
4	
6	
2	
4	
4	
2	
4	
4	
6	
4	
2	
4	

0	
25	
19	
5	
38	
17	
28	
45	
45	
6	
25	
45	
28	
18	
11	
45	
17	
0	
3	
5	
6	
5	
7	
6	
5	
3	
5	
6	
3	
5	
4	
3	
5	
5	
6	
4	
2	
4	

]

EmployeeAvailability: [
1 1 1 1 1 1 1 1 1 1 1 1 1 1 
1 1 1 1 1 0 1 1 1 1 1 0 0 1 
1 1 1 1 1 1 1 1 1 1 1 1 1 1 
1 1 1 1 1 0 1 1 1 1 0 1 0 1 
1 1 1 1 1 0 1 1 1 1 1 1 0 1 
1 1 1 1 1 1 1 1 1 1 1 1 0 1 
1 1 1 1 1 1 1 1 1 1 1 1 1 1 
1 0 1 1 1 0 1 1 0 1 1 1 0 1 
1 0 1 1 0 0 1 1 0 1 1 0 0 1 
1 0 1 1 1 1 1 1 0 1 1 1 1 1 
1 1 1 1 1 1 1 1 1 1 1 1 1 1 
1 1 0 1 1 1 1 1 1 0 0 1 0 1 
1 1 1 1 1 1 1 1 1 1 1 1 1 1 
1 1 1 1 1 1 1 1 1 1 1 1 1 1 
1 1 0 1 1 1 1 1 1 0 1 1 1 1 
1 0 1 1 0 1 1 1 0 1 1 0 1 1 
0 1 0 1 1 1 1 0 0 0 1 1 1 1 
1 1 1 1 1 0 1 1 1 1 1 1 0 1 
1 1 1 1 1 1 1 1 1 1 1 1 1 1 
1 1 1 1 1 1 1 1 1 1 1 1 1 1 
1 1 1 1 0 0 0 1 1 1 1 0 0 0 
1 1 1 1 0 1 1 1 1 1 1 0 1 1 
1 1 1 1 1 1 1 1 1 1 1 1 0 1 
1 1 1 1 1 1 1 1 1 1 1 1 1 1 
1 1 1 1 0 1 1 1 1 1 1 0 1 1 
0 1 1 1 0 1 1 0 1 1 1 0 1 1 
1 1 1 1 0 1 1 1 1 1 1 0 1 1 
1 1 1 0 1 1 1 1 1 1 0 1 0 1 
1 0 0 1 1 0 1 1 0 0 1 1 0 1 
0 1 0 1 1 0 1 0 1 0 1 1 0 1 
1 1 1 1 1 1 1 1 1 1 1 1 1 1 
1 1 1 1 1 1 1 1 1 1 1 1 1 1 
1 1 1 0 0 1 1 1 1 1 0 0 1 1 
1 1 1 1 1 0 1 1 0 1 1 1 0 1 
1 1 1 1 1 1 1 1 1 1 1 1 1 1 
1 1 0 1 1 1 1 1 1 0 1 1 1 1 
1 1 0 1 0 1 1 1 1 0 1 0 0 1 
1 1 1 1 1 1 1 1 1 1 1 1 1 1 
1 1 1 1 1 1 1 1 1 1 1 1 1 1 
1 1 1 1 1 1 1 1 1 1 1 1 1 1 
1 1 1 0 1 1 0 0 1 1 0 1 1 0 
1 1 1 0 1 1 1 1 1 1 0 1 1 1 
0 1 0 1 1 1 1 0 1 0 1 1 1 1 
1 1 1 0 0 1 1 1 1 1 0 0 1 1 
1 1 1 1 1 1 1 1 1 1 1 1 1 1 
1 1 1 1 1 0 1 1 1 1 1 1 0 1 
1 1 1 1 1 1 1 1 1 1 1 1 1 1 
1 1 1 1 1 1 1 1 1 1 1 1 1 1 
1 1 1 1 1 1 1 1 1 1 1 1 1 1 
0 1 1 0 1 1 1 0 1 1 0 1 1 1 
0 1 0 1 1 1 0 0 1 0 1 1 1 0 
1 1 1 1 1 1 1 1 1 1 1 1 1 1 
1 0 1 1 1 1 1 1 0 1 1 1 1 1 
1 1 0 1 1 1 1 1 1 0 1 1 1 1 
1 1 1 1 1 1 1 1 1 1 1 1 1 1 
1 1 0 1 1 1 1 1 1 0 1 1 1 1 
1 1 1 1 1 1 1 1 1 1 1 1 1 1 
1 1 1 0 0 0 1 1 1 1 0 0 0 1 
1 0 1 0 0 1 1 1 0 1 0 0 1 1 
1 0 1 1 1 1 1 1 0 1 0 1 1 1 
1 1 1 0 1 1 1 1 1 1 0 1 1 1 
1 1 1 0 1 0 1 1 1 1 0 1 0 1 
0 0 1 1 1 1 1 0 0 1 1 1 1 1 
1 1 1 1 1 0 0 1 0 1 1 1 0 0 
1 1 1 1 1 0 0 1 1 1 1 1 0 0 
1 0 1 1 1 1 1 1 0 1 1 1 1 1 
1 0 1 1 0 1 0 1 0 1 1 0 1 0 
1 1 1 1 1 0 1 1 1 1 1 1 0 1 
0 1 0 1 1 1 1 0 1 0 1 1 1 1 
1 1 1 0 1 1 1 1 1 1 0 1 0 1 
1 1 1 1 0 1 1 1 1 1 1 0 1 1 
1 1 1 1 1 1 1 1 1 1 1 1 1 1 
1 1 0 1 1 1 1 1 1 0 1 1 1 1 
0 0 0 1 1 1 1 0 0 0 1 1 1 1 
1 1 1 0 1 0 1 1 1 1 0 1 0 1 
1 1 1 0 1 1 1 1 1 1 0 1 1 1 
1 0 1 1 1 1 1 1 0 1 1 1 1 1 
0 1 1 1 1 1 1 0 1 1 1 1 1 1 
1 1 1 1 1 1 1 1 1 1 1 0 1 1 
1 1 1 1 1 1 1 1 1 1 1 1 1 1 
0 1 1 0 1 1 1 0 1 1 0 1 1 1 
1 1 0 0 1 1 1 1 1 0 0 1 1 1 
1 1 1 1 1 1 1 1 1 1 1 1 1 1 
1 1 1 0 1 1 1 1 1 1 0 1 1 1 
1 0 1 1 1 0 1 1 0 1 1 1 0 1 
1 1 1 0 1 1 1 1 1 1 0 1 1 1 
1 1 1 1 1 1 1 1 1 1 1 1 1 1 
0 1 1 1 0 0 1 0 1 1 1 0 0 1 
1 0 1 1 1 0 1 1 0 1 1 1 0 1 
1 1 1 1 1 1 0 1 1 1 1 1 1 0 
1 1 1 1 1 1 1 1 1 1 1 1 1 1 
1 1 1 1 1 1 1 1 1 1 1 1 1 1 
1 1 1 1 1 1 1 1 1 1 1 1 1 1 
1 1 1 1 0 1 1 1 1 1 1 0 1 1 
1 1 1 1 1 1 1 1 1 1 1 1 0 1 
1 1 1 0 0 1 1 0 1 1 0 0 1 1 
1 1 1 1 1 1 1 1 1 1 1 1 1 1 
1 1 1 1 1 1 1 0 1 1 1 1 1 1 
0 1 1 1 1 1 1 0 1 1 1 1 1 1 
1 0 1 1 1 1 1 1 0 1 1 1 1 1 
1 0 1 0 1 1 0 1 0 1 0 1 1 0 
1 1 1 0 0 0 1 1 1 1 0 0 0 1 
1 1 1 1 1 1 1 1 1 1 1 1 1 1 
0 0 1 1 1 1 1 0 0 1 1 1 1 1 
1 1 1 0 1 1 1 1 1 1 0 1 1 1 
1 1 1 0 1 0 1 1 1 1 0 1 0 1 
0 0 1 0 1 1 1 0 0 1 0 1 1 1 
0 1 1 1 1 1 1 0 1 1 1 1 1 1 
1 0 1 1 1 0 1 1 0 1 1 1 0 1 
1 1 1 1 1 1 1 1 1 1 1 1 1 1 
1 1 1 1 0 1 1 1 1 1 1 0 1 1 
0 1 1 0 1 1 1 0 1 1 0 1 1 1 
1 1 1 1 1 1 1 1 1 1 1 1 1 1 
0 1 1 1 1 1 0 0 1 1 1 0 1 0 
1 1 0 0 1 1 1 1 1 0 0 1 1 1 
1 0 1 1 1 1 1 1 0 1 0 1 1 1 
1 0 1 1 1 1 0 1 0 1 1 1 1 0 
1 0 1 1 1 1 1 1 0 1 1 1 1 1 
1 1 1 1 0 1 1 1 1 1 1 0 1 1 
1 0 1 0 1 1 1 1 0 1 0 1 1 1 
1 1 1 1 1 1 1 1 1 1 1 1 1 1 
1 1 1 1 1 1 1 1 1 1 1 1 1 1 
1 1 0 1 1 1 1 1 1 0 1 1 1 1 
1 1 1 1 1 1 1 1 1 1 1 1 1 1 
0 1 1 0 1 1 1 0 1 1 0 1 1 1 
1 1 1 0 0 1 1 0 1 1 0 0 1 1 
1 1 1 1 0 1 1 1 1 1 1 0 1 1 
1 1 1 1 1 1 1 1 1 1 1 1 1 1 
1 1 1 1 1 1 1 1 1 0 1 1 1 1 
1 1 1 1 1 0 1 1 1 1 1 1 0 1 
1 1 1 1 0 0 1 1 1 1 1 0 0 1 
1 1 1 0 0 1 1 1 1 1 0 0 1 1 
1 1 1 1 1 1 1 1 1 1 1 1 1 1 
1 1 1 1 1 1 1 1 1 1 1 1 1 1 
1 1 1 1 0 1 1 1 1 1 1 0 1 1 
0 1 1 0 1 1 1 0 1 1 0 1 1 1 
1 1 1 0 1 1 1 1 1 1 0 1 1 1 
1 1 1 1 1 1 1 1 1 1 1 1 1 1 
1 1 1 1 0 1 0 1 1 1 1 0 1 0 
1 1 0 1 0 1 1 1 1 0 1 0 0 1 
1 0 1 1 0 1 1 1 0 1 1 0 1 1 
1 1 1 0 1 1 1 1 1 1 0 1 1 1 
1 1 0 1 1 1 1 1 1 0 1 1 1 1 
1 1 1 1 1 1 1 1 1 1 1 0 1 1 
1 1 1 1 0 1 0 1 1 1 1 0 1 0 
0 1 1 1 0 1 1 0 1 1 1 0 1 1 
1 1 1 1 0 1 1 1 1 1 1 0 1 1 
1 0 1 1 1 1 1 1 0 1 1 1 1 1 
1 1 1 1 0 1 1 0 1 1 1 0 1 1 
0 1 0 1 1 1 1 0 1 0 1 1 1 1 
]

EmployeeWantedInStint: [ (9 4) 1 (13 13) 1 (19 11) 1 (26 8) 1 (27 9) 1 (27 10) 1 (29 5) 1 (29 14) 1 (31 2) 1 (34 10) 1 (39 6) 1 (42 10) 1 (47 12) 1 (58 13) 1 (60 9) 1 (61 14) 1 (62 1) 1 (67 7) 1 (68 4) 1 (70 4) 1 (70 12) 1 (72 14) 1 (76 10) 1 (76 14) 1 (83 5) 1 (85 11) 1 (89 9) 1 (93 10) 1 (95 11) 1 (101 14) 1 (104 14) 1 (107 13) 1 (111 12) 1 (114 6) 1 (124 7) 1 (127 14) 1 (128 8) 1 (132 3) 1 (136 6) 1 (137 11) 1 (138 14) 1 (139 3) 1 ]

EmployeeWantedViolationCost: [ (9 4) 9000 (13 13) 11000 (19 11) 14000 (26 8) 11000 (27 9) 8000 (27 10) 8000 (29 5) 11000 (29 14) 10000 (31 2) 11000 (34 10) 14000 (39 6) 5000 (42 10) 5000 (47 12) 15000 (58 13) 14000 (60 9) 14000 (61 14) 12000 (62 1) 12000 (67 7) 8000 (68 4) 8000 (70 4) 10000 (70 12) 10000 (72 14) 7000 (76 10) 7000 (76 14) 14000 (83 5) 10000 (85 11) 5000 (89 9) 6000 (93 10) 5000 (95 11) 10000 (101 14) 15000 (104 14) 10000 (107 13) 5000 (111 12) 15000 (114 6) 5000 (124 7) 11000 (127 14) 10000 (128 8) 11000 (132 3) 7000 (136 6) 11000 (137 11) 7000 (138 14) 15000 (139 3) 6000 ]

EmployeesThatShouldNotWorkTogetherWithEmployee: [
[ 18 38 63 68 102 ]
[ 11 45 111 113 116 ]
[ 4 71 72 90 106 136 146 ]
[ 17 39 53 130 ]
[ 17 20 43 49 57 102 ]
[ 7 24 32 61 65 73 104 137 ]
[ 54 63 74 95 150 ]
[ 11 49 57 58 72 90 114 147 ]
[ 27 52 69 88 105 106 107 115 145 ]
[ 14 68 76 113 117 149 ]
[ 38 58 86 112 113 126 ]
[ 67 68 85 ]
[ 46 54 61 67 83 99 132 ]
[ 47 71 127 131 137 142 ]
[ 17 31 56 69 80 92 96 112 119 131 ]
[ 23 30 34 39 52 60 91 124 131 143 150 ]
[ 44 72 79 83 94 98 104 117 ]
[ 43 68 71 93 131 ]
[ 38 54 64 73 120 139 145 ]
[ 42 58 113 115 ]
[ 69 76 85 96 110 117 123 ]
[ 56 119 140 ]
[ 67 119 134 ]
[ 30 48 60 71 77 87 92 107 ]
[ 44 48 53 61 63 80 116 121 ]
[ 84 99 104 137 ]
[ 44 85 97 114 138 148 ]
[ 29 42 64 75 140 ]
[ 54 93 113 150 ]
[ 33 36 40 57 66 68 82 105 110 ]
[ 73 130 136 148 ]
[ 83 110 129 143 ]
[ 71 93 110 130 135 136 ]
[ 41 42 47 110 125 143 ]
[ 42 45 73 98 116 136 149 ]
[ 41 74 109 ]
[ 53 67 70 100 108 118 135 ]
[ 67 73 100 ]
[ 43 55 141 ]
[ 139 ]
[ 81 141 ]
[ 58 76 97 114 137 ]
[ 139 ]
[ 77 83 85 131 132 134 ]
[ 54 63 117 118 ]
[ 53 75 87 90 99 117 ]
[ 55 105 ]
[ 100 101 110 126 ]
[ 53 70 80 102 118 142 150 ]
[ 66 78 89 98 102 116 128 134 142 ]
[ 52 112 121 137 ]
[ 128 143 ]
[ ]
[ 103 147 ]
[ 84 85 97 98 109 130 142 ]
[ 57 87 108 ]
[ 79 144 ]
[ ]
[ 71 75 89 100 125 132 ]
[ 121 134 ]
[ 99 103 111 116 129 133 ]
[ ]
[ 72 107 119 133 ]
[ 104 ]
[ 119 140 ]
[ 80 129 145 ]
[ 85 136 140 143 148 ]
[ 69 84 109 110 119 122 132 ]
[ 84 100 105 124 145 ]
[ 82 ]
[ 78 110 113 127 142 ]
[ 82 95 99 101 116 129 135 145 ]
[ 129 ]
[ 85 86 131 ]
[ 76 102 146 ]
[ 89 93 ]
[ ]
[ 82 141 147 ]
[ 82 ]
[ 84 93 103 112 147 ]
[ 106 131 137 150 ]
[ 94 105 114 ]
[ 132 133 142 ]
[ 88 98 112 129 144 ]
[ 91 122 131 137 ]
[ 95 116 117 ]
[ ]
[ 112 115 137 ]
[ 105 107 ]
[ 95 101 103 108 ]
[ 97 107 114 116 121 ]
[ ]
[ 110 113 ]
[ 106 112 130 150 ]
[ 103 139 ]
[ 127 130 139 ]
[ 150 ]
[ 114 ]
[ 108 ]
[ 121 146 ]
[ ]
[ 118 140 143 ]
[ 105 130 134 ]
[ 128 ]
[ 143 145 ]
[ 140 148 ]
[ 115 ]
[ 138 ]
[ 114 116 135 142 ]
[ 114 126 132 150 ]
[ 115 139 ]
[ 114 138 148 ]
[ 115 132 ]
[ 142 ]
[ 143 146 ]
[ 118 136 ]
[ ]
[ 121 ]
[ ]
[ ]
[ 131 138 ]
[ 137 145 ]
[ 126 ]
[ 133 142 ]
[ ]
[ 145 ]
[ 138 148 ]
[ ]
[ 140 ]
[ ]
[ ]
[ ]
[ 145 ]
[ 142 ]
[ ]
[ ]
[ 143 ]
[ 148 ]
[ 147 ]
[ 148 ]
[ ]
[ ]
[ ]
[ ]
[ ]
[ ]
[ ]
[ ]
[ ]
[ ]
]

ShouldNotWorkTogetherCost: [ (1 18) 198 (1 38) 99 (1 63) 198 (1 68) 396 (1 102) 198 (2 11) 198 (2 45) 396 (2 111) 297 (2 113) 297 (2 116) 198 (3 4) 99 (3 71) 99 (3 72) 297 (3 90) 297 (3 106) 297 (3 136) 198 (3 146) 99 (4 17) 99 (4 39) 198 (4 53) 99 (4 130) 396 (5 17) 297 (5 20) 396 (5 43) 297 (5 49) 99 (5 57) 297 (5 102) 99 (6 7) 297 (6 24) 396 (6 32) 396 (6 61) 99 (6 65) 297 (6 73) 99 (6 104) 396 (6 137) 396 (7 54) 297 (7 63) 396 (7 74) 297 (7 95) 297 (7 150) 99 (8 11) 198 (8 49) 99 (8 57) 99 (8 58) 396 (8 72) 297 (8 90) 99 (8 114) 198 (8 147) 198 (9 27) 198 (9 52) 99 (9 69) 396 (9 88) 198 (9 105) 99 (9 106) 396 (9 107) 99 (9 115) 297 (9 145) 198 (10 14) 99 (10 68) 198 (10 76) 297 (10 113) 396 (10 117) 198 (10 149) 198 (11 38) 99 (11 58) 396 (11 86) 99 (11 112) 198 (11 113) 198 (11 126) 198 (12 67) 396 (12 68) 198 (12 85) 396 (13 46) 297 (13 54) 396 (13 61) 297 (13 67) 297 (13 83) 297 (13 99) 198 (13 132) 396 (14 47) 99 (14 71) 99 (14 127) 297 (14 131) 99 (14 137) 297 (14 142) 99 (15 17) 198 (15 31) 99 (15 56) 297 (15 69) 198 (15 80) 99 (15 92) 99 (15 96) 297 (15 112) 198 (15 119) 297 (15 131) 297 (16 23) 99 (16 30) 297 (16 34) 198 (16 39) 198 (16 52) 396 (16 60) 297 (16 91) 297 (16 124) 99 (16 131) 99 (16 143) 99 (16 150) 297 (17 44) 396 (17 72) 99 (17 79) 198 (17 83) 396 (17 94) 99 (17 98) 198 (17 104) 297 (17 117) 297 (18 43) 396 (18 68) 198 (18 71) 198 (18 93) 396 (18 131) 198 (19 38) 396 (19 54) 198 (19 64) 99 (19 73) 198 (19 120) 198 (19 139) 99 (19 145) 297 (20 42) 297 (20 58) 198 (20 113) 198 (20 115) 99 (21 69) 396 (21 76) 396 (21 85) 297 (21 96) 198 (21 110) 198 (21 117) 198 (21 123) 396 (22 56) 297 (22 119) 198 (22 140) 198 (23 67) 297 (23 119) 198 (23 134) 99 (24 30) 297 (24 48) 396 (24 60) 99 (24 71) 396 (24 77) 99 (24 87) 198 (24 92) 198 (24 107) 396 (25 44) 396 (25 48) 99 (25 53) 297 (25 61) 396 (25 63) 396 (25 80) 396 (25 116) 99 (25 121) 297 (26 84) 396 (26 99) 396 (26 104) 297 (26 137) 198 (27 44) 198 (27 85) 198 (27 97) 99 (27 114) 297 (27 138) 297 (27 148) 198 (28 29) 297 (28 42) 297 (28 64) 396 (28 75) 198 (28 140) 396 (29 54) 198 (29 93) 198 (29 113) 297 (29 150) 99 (30 33) 198 (30 36) 198 (30 40) 198 (30 57) 297 (30 66) 198 (30 68) 198 (30 82) 297 (30 105) 297 (30 110) 297 (31 73) 297 (31 130) 297 (31 136) 198 (31 148) 198 (32 83) 297 (32 110) 297 (32 129) 396 (32 143) 297 (33 71) 99 (33 93) 297 (33 110) 198 (33 130) 99 (33 135) 297 (33 136) 99 (34 41) 396 (34 42) 297 (34 47) 198 (34 110) 99 (34 125) 396 (34 143) 99 (35 42) 297 (35 45) 198 (35 73) 99 (35 98) 396 (35 116) 198 (35 136) 396 (35 149) 297 (36 41) 297 (36 74) 198 (36 109) 396 (37 53) 99 (37 67) 297 (37 70) 396 (37 100) 297 (37 108) 396 (37 118) 198 (37 135) 198 (38 67) 396 (38 73) 99 (38 100) 99 (39 43) 396 (39 55) 396 (39 141) 297 (40 139) 99 (41 81) 99 (41 141) 198 (42 58) 99 (42 76) 396 (42 97) 198 (42 114) 396 (42 137) 297 (43 139) 99 (44 77) 396 (44 83) 396 (44 85) 297 (44 131) 198 (44 132) 99 (44 134) 99 (45 54) 198 (45 63) 99 (45 117) 396 (45 118) 99 (46 53) 396 (46 75) 99 (46 87) 99 (46 90) 297 (46 99) 198 (46 117) 198 (47 55) 198 (47 105) 198 (48 100) 99 (48 101) 396 (48 110) 198 (48 126) 198 (49 53) 396 (49 70) 99 (49 80) 198 (49 102) 396 (49 118) 297 (49 142) 198 (49 150) 198 (50 66) 396 (50 78) 198 (50 89) 99 (50 98) 396 (50 102) 396 (50 116) 99 (50 128) 396 (50 134) 198 (50 142) 396 (51 52) 198 (51 112) 297 (51 121) 198 (51 137) 99 (52 128) 297 (52 143) 396 (54 103) 99 (54 147) 297 (55 84) 297 (55 85) 396 (55 97) 297 (55 98) 198 (55 109) 99 (55 130) 297 (55 142) 198 (56 57) 99 (56 87) 99 (56 108) 297 (57 79) 198 (57 144) 396 (59 71) 396 (59 75) 198 (59 89) 396 (59 100) 99 (59 125) 297 (59 132) 396 (60 121) 99 (60 134) 297 (61 99) 198 (61 103) 99 (61 111) 297 (61 116) 99 (61 129) 396 (61 133) 99 (63 72) 297 (63 107) 396 (63 119) 297 (63 133) 99 (64 104) 99 (65 119) 396 (65 140) 396 (66 80) 297 (66 129) 198 (66 145) 99 (67 85) 99 (67 136) 396 (67 140) 297 (67 143) 99 (67 148) 396 (68 69) 297 (68 84) 99 (68 109) 297 (68 110) 297 (68 119) 198 (68 122) 99 (68 132) 297 (69 84) 297 (69 100) 396 (69 105) 198 (69 124) 99 (69 145) 297 (70 82) 297 (71 78) 99 (71 110) 99 (71 113) 297 (71 127) 198 (71 142) 297 (72 82) 297 (72 95) 396 (72 99) 396 (72 101) 297 (72 116) 198 (72 129) 198 (72 135) 99 (72 145) 297 (73 129) 297 (74 85) 297 (74 86) 99 (74 131) 396 (75 76) 396 (75 102) 99 (75 146) 99 (76 89) 198 (76 93) 198 (78 82) 99 (78 141) 99 (78 147) 396 (79 82) 99 (80 84) 99 (80 93) 99 (80 103) 198 (80 112) 99 (80 147) 99 (81 106) 297 (81 131) 99 (81 137) 396 (81 150) 99 (82 94) 297 (82 105) 297 (82 114) 396 (83 132) 297 (83 133) 99 (83 142) 297 (84 88) 198 (84 98) 396 (84 112) 396 (84 129) 297 (84 144) 99 (85 91) 198 (85 122) 198 (85 131) 198 (85 137) 198 (86 95) 198 (86 116) 396 (86 117) 99 (88 112) 198 (88 115) 198 (88 137) 297 (89 105) 297 (89 107) 297 (90 95) 198 (90 101) 297 (90 103) 99 (90 108) 297 (91 97) 396 (91 107) 297 (91 114) 297 (91 116) 198 (91 121) 297 (93 110) 396 (93 113) 396 (94 106) 198 (94 112) 198 (94 130) 99 (94 150) 99 (95 103) 297 (95 139) 297 (96 127) 396 (96 130) 297 (96 139) 297 (97 150) 198 (98 114) 297 (99 108) 297 (100 121) 99 (100 146) 297 (102 118) 99 (102 140) 99 (102 143) 396 (103 105) 99 (103 130) 297 (103 134) 396 (104 128) 396 (105 143) 198 (105 145) 198 (106 140) 198 (106 148) 396 (107 115) 99 (108 138) 297 (109 114) 99 (109 116) 396 (109 135) 396 (109 142) 198 (110 114) 198 (110 126) 198 (110 132) 297 (110 150) 198 (111 115) 198 (111 139) 396 (112 114) 99 (112 138) 198 (112 148) 396 (113 115) 99 (113 132) 396 (114 142) 198 (115 143) 198 (115 146) 99 (116 118) 198 (116 136) 99 (118 121) 99 (121 131) 198 (121 138) 297 (122 137) 99 (122 145) 297 (123 126) 297 (124 133) 396 (124 142) 396 (126 145) 99 (127 138) 396 (127 148) 396 (129 140) 396 (133 145) 198 (134 142) 297 (137 143) 198 (138 148) 396 (139 147) 99 (140 148) 198 ]

ImmediatePredecessorsToActivity: [
[ ]
[ 1 ]
[ 1 ]
[ 1 ]
[ 1 ]
[ 2 ]
[ 3 ]
[ 5 ]
[ 2 5 ]
[ 1 ]
[ 2 3 5 ]
[ 8 ]
[ 9 11 ]
[ 11 ]
[ 7 9 ]
[ 5 7 ]
[ 2 16 ]
[ ]
[ 18 ]
[ 19 ]
[ 20 ]
[ 18 ]
[ 19 22 ]
[ 21 ]
[ 20 22 ]
[ 18 ]
[ 20 24 ]
[ 20 24 ]
[ 26 ]
[ 27 ]
[ 21 26 28 ]
[ 19 25 ]
[ 24 ]
[ 18 ]
[ 23 25 26 34 ]
[ 27 29 33 ]
[ 20 24 26 34 ]
[ 25 33 ]
]

ActivitiesInProject: [
[ 1 2 3 4 5 6 7 8 9 10 11 12 13 14 15 16 17 ]
[ 18 19 20 21 22 23 24 25 26 27 28 29 30 31 32 33 34 35 36 37 38 ]
]

nActivityModes: [ 1 1 1 1 1 1 1 1 1 1 1 1 1 1 1 1 1 1 1 1 1 1 1 1 1 1 1 1 1 1 1 1 1 1 1 1 1 1 ]

ActivityDurationWithMode: [
1	
9	
12	
41	
6	
13	
8	
5	
5	
36	
9	
5	
8	
12	
19	
5	
13	
1	
14	
9	
7	
9	
6	
7	
9	
14	
9	
7	
15	
9	
11	
15	
9	
9	
7	
11	
16	
10	
]

StintsInProject: [
[ 1 2 3 4 5 6 7 ]
[ 8 9 10 11 12 13 14 ]
]

WorkingStintsOnDay: [
[ 1 8 ]
[ 1 8 ]
[ 1 8 ]
[ 1 8 ]
[ 1 8 ]
[ 1 8 ]
[ 1 8 ]
[ 1 8 ]
[ 1 8 ]
[ 1 8 ]
[ 1 8 ]
[ 1 8 ]
[ 8 ]
[ 8 ]
[ 2 9 ]
[ 2 9 ]
[ 2 9 ]
[ 2 9 ]
[ 2 9 ]
[ 2 9 ]
[ 2 9 ]
[ 2 9 ]
[ 2 9 ]
[ 2 9 ]
[ 2 9 ]
[ 2 9 ]
[ 9 ]
[ 9 ]
[ 3 10 ]
[ 3 10 ]
[ 3 10 ]
[ 3 10 ]
[ 3 10 ]
[ 3 10 ]
[ 3 10 ]
[ 3 10 ]
[ 3 10 ]
[ 3 10 ]
[ 3 10 ]
[ 3 10 ]
[ 10 ]
[ 10 ]
[ 4 11 ]
[ 4 11 ]
[ 4 11 ]
[ 4 11 ]
[ 4 11 ]
[ 4 11 ]
[ 4 11 ]
[ 4 11 ]
[ 4 11 ]
[ 4 11 ]
[ 4 11 ]
[ 4 11 ]
[ 11 ]
[ 11 ]
[ 5 12 ]
[ 5 12 ]
[ 5 12 ]
[ 5 12 ]
[ 5 12 ]
[ 5 12 ]
[ 5 12 ]
[ 5 12 ]
[ 5 12 ]
[ 5 12 ]
[ 5 12 ]
[ 5 12 ]
[ 12 ]
[ 12 ]
[ 6 13 ]
[ 6 13 ]
[ 6 13 ]
[ 6 13 ]
[ 6 13 ]
[ 6 13 ]
[ 6 13 ]
[ 6 13 ]
[ 6 13 ]
[ 6 13 ]
[ 6 13 ]
[ 6 13 ]
[ 13 ]
[ 13 ]
[ 7 14 ]
[ 7 14 ]
[ 7 14 ]
[ 7 14 ]
[ 7 14 ]
[ 7 14 ]
]

ProjectStart: [ 20 19 ]

ProjectEnd: [ 68 77 ]

EarliestStartDayForActivity: [ 1 20 20 20 20 31 34 26 31 20 34 33 45 45 44 44 49 1 19 33 42 19 33 49 42 19 56 56 33 65 63 51 56 19 51 65 56 65 ]

LatestStartDayForActivity: [ 1 68 68 68 68 68 68 68 68 68 68 68 68 68 68 68 68 1 77 77 77 77 77 77 77 77 77 77 77 77 77 77 77 77 77 77 77 77 ]

EquipmentTypeDemandInActivityWithMode: [
0	
0	
0	
1	
0	
0	
0	
0	
1	
0	
1	
0	
0	
0	
2	
3	
2	
0	
0	
0	
2	
1	
1	
2	
1	
0	
1	
2	
1	
2	
0	
0	
1	
0	
1	
3	
0	
1	

0	
2	
0	
1	
0	
1	
0	
0	
1	
1	
0	
0	
0	
0	
2	
1	
1	
0	
0	
1	
0	
1	
2	
0	
0	
0	
2	
1	
2	
0	
0	
0	
1	
2	
0	
1	
1	
1	

0	
0	
0	
1	
2	
0	
1	
1	
1	
1	
0	
0	
1	
2	
1	
1	
1	
0	
0	
0	
0	
2	
0	
0	
0	
3	
0	
0	
1	
1	
1	
2	
1	
0	
2	
2	
1	
0	

0	
0	
5	
0	
1	
2	
2	
1	
2	
0	
2	
1	
2	
2	
2	
0	
1	
0	
1	
0	
0	
1	
1	
1	
1	
0	
1	
0	
0	
4	
1	
0	
0	
0	
0	
3	
1	
0	

0	
2	
0	
1	
2	
2	
0	
2	
0	
0	
0	
3	
2	
0	
0	
0	
3	
0	
2	
0	
1	
0	
1	
3	
0	
0	
1	
2	
1	
2	
2	
1	
2	
1	
2	
0	
2	
0	

]

ExternalEquipmentRentingCost: [
4141	1113	5779	1984	5714	1839	4916	3037	1718	2830	2512	4362	1099	1959	3655	2624	3376	4370	1206	2167	5860	4184	2558	2976	1773	3978	1455	5426	5482	2223	5128	3716	2943	4583	5915	2627	4523	4260	
3550	5208	5216	2625	3794	3431	2747	5355	2630	3027	1016	4498	5831	2148	5709	1800	1579	5599	4896	1489	3732	1054	2505	3264	2193	3997	1013	5987	3717	1240	3119	2247	4034	1592	4822	4261	5612	5940	
5698	1106	2622	4913	5643	5162	5262	1969	2937	1129	1487	3781	3999	3707	3099	5625	4527	2247	3071	5094	5926	4139	4803	5643	3133	2341	5290	5214	1660	1218	3550	3694	2132	5888	3817	4404	4599	2229	
5419	1707	2230	4711	1322	4161	2849	1897	1115	4754	3028	5931	1751	4342	4650	3778	1524	5224	5845	5755	1032	5751	1614	4928	1089	2234	2638	5743	5245	2543	3774	5729	3464	5900	3458	3709	2454	4921	
4606	2485	3696	1227	3754	2378	4677	5723	1866	5283	1795	5738	2958	4032	5324	2835	3932	1013	5497	2955	2968	5719	5648	3769	4472	4357	1937	5190	5711	1095	3405	4641	5193	4282	3154	2008	4386	5655	
]

EquipmentTypeTransportationCost: [
1	3410	
3410	1	

1	4084	
4084	1	

1	3577	
3577	1	

1	3093	
3093	1	

1	3044	
3044	1	

]

TransportationTimeForEquipmentTypeBetweenProjects: [
1	1	
1	1	

1	1	
1	1	

1	1	
1	1	

1	1	
1	1	

1	1	
1	1	

]

TotalNumberOfInitialEquipmentTypeLocation: [
(1 1) 5 (1 18) 2 
(2 1) 1 (2 18) 2 
(3 1) 1 (3 18) 5 
(4 1) 4 (4 18) 3 
(5 1) 3 (5 18) 4 
]

DepotActivities: [ 1 18 ]

MaximalStintCliques: [
[ 2 9 1 8 ]
[ 2 9 10 3 ]
[ 4 11 10 3 ]
[ 4 11 12 5 ]
[ 5 12 13 6 ]
[ 6 13 14 7 ]
]
