nEmployees: 150
nSkills: 6
nProjects: 2
nDays: 120
nActivities: 54
nEquipmentTypes: 7
nStints: 18
nMaxModes: 3
nStintCliques: 8

EmployeeInStintCost: [
19000 19000 19000 19000 19000 19000 19000 19000 9328 27924 27924 27924 27924 27924 27924 27924 27924 14688 
28576 28576 28576 28576 28576 28576 28576 28576 15856 27220 27220 27220 27220 27220 27220 27220 27220 14608 
28552 28552 28552 28552 28552 28552 28552 28552 16534 26108 26108 26108 26108 26108 26108 26108 26108 14198 
28184 28184 28184 28184 28184 28184 28184 28184 15230 27788 27788 27788 27788 27788 27788 27788 27788 14942 
25432 25432 25432 25432 25432 25432 25432 25432 13804 24452 24452 24452 24452 24452 24452 24452 24452 12932 
28232 28232 28232 28232 28232 28232 28232 28232 16136 25332 25332 25332 25332 25332 25332 25332 25332 13344 
17840 17840 17840 17840 17840 17840 17840 17840 8948 27100 27100 27100 27100 27100 27100 27100 27100 14644 
29624 29624 29624 29624 29624 29624 29624 29624 17606 31092 31092 31092 31092 31092 31092 31092 31092 19182 
29152 29152 29152 29152 29152 29152 29152 29152 16744 26708 26708 26708 26708 26708 26708 26708 26708 14408 
30088 30088 30088 30088 30088 30088 30088 30088 17992 31300 31300 31300 31300 31300 31300 31300 31300 19312 
27672 27672 27672 27672 27672 27672 27672 27672 15342 18520 18520 18520 18520 18520 18520 18520 18520 9862 
28272 28272 28272 28272 28272 28272 28272 28272 15552 19120 19120 19120 19120 19120 19120 19120 19120 10072 
31288 31288 31288 31288 31288 31288 31288 31288 18412 32500 32500 32500 32500 32500 32500 32500 32500 19732 
33072 33072 33072 33072 33072 33072 33072 33072 20196 31036 31036 31036 31036 31036 31036 31036 31036 18268 
25904 25904 25904 25904 25904 25904 25904 25904 14432 25508 25508 25508 25508 25508 25508 25508 25508 14144 
17840 17840 17840 17840 17840 17840 17840 17840 8948 27100 27100 27100 27100 27100 27100 27100 27100 14644 
13440 13440 13440 13440 13440 13440 13440 13440 4704 26836 26836 26836 26836 26836 26836 26836 26836 14536 
27872 27872 27872 27872 27872 27872 27872 27872 14996 30044 30044 30044 30044 30044 30044 30044 30044 17276 
26080 26080 26080 26080 26080 26080 26080 26080 14374 12360 12360 12360 12360 12360 12360 12360 12360 4326 
27872 27872 27872 27872 27872 27872 27872 27872 16010 24972 24972 24972 24972 24972 24972 24972 24972 13218 
26088 26088 26088 26088 26088 26088 26088 26088 14226 25660 25660 25660 25660 25660 25660 25660 25660 13906 
28720 28720 28720 28720 28720 28720 28720 28720 16546 26508 26508 26508 26508 26508 26508 26508 26508 14442 
30056 30056 30056 30056 30056 30056 30056 30056 17024 28204 28204 28204 28204 28204 28204 28204 28204 15280 
26872 26872 26872 26872 26872 26872 26872 26872 14308 25892 25892 25892 25892 25892 25892 25892 25892 13436 
33192 33192 33192 33192 33192 33192 33192 33192 20238 31156 31156 31156 31156 31156 31156 31156 31156 18310 
17800 17800 17800 17800 17800 17800 17800 17800 8908 26724 26724 26724 26724 26724 26724 26724 26724 14268 
32056 32056 32056 32056 32056 32056 32056 32056 19024 33732 33732 33732 33732 33732 33732 33732 33732 20808 
29760 29760 29760 29760 29760 29760 29760 29760 17352 30692 30692 30692 30692 30692 30692 30692 30692 18392 
27232 27232 27232 27232 27232 27232 27232 27232 14434 26252 26252 26252 26252 26252 26252 26252 26252 13562 
31304 31304 31304 31304 31304 31304 31304 31304 18194 32772 32772 32772 32772 32772 32772 32772 32772 19770 
31288 31288 31288 31288 31288 31288 31288 31288 18412 32500 32500 32500 32500 32500 32500 32500 32500 19732 
26792 26792 26792 26792 26792 26792 26792 26792 14618 28964 28964 28964 28964 28964 28964 28964 28964 16898 
30960 30960 30960 30960 30960 30960 30960 30960 17772 31892 31892 31892 31892 31892 31892 31892 31892 18812 
29696 29696 29696 29696 29696 29696 29696 29696 16898 27844 27844 27844 27844 27844 27844 27844 27844 15154 
26624 26624 26624 26624 26624 26624 26624 26624 14684 26228 26228 26228 26228 26228 26228 26228 26228 14396 
27592 27592 27592 27592 27592 27592 27592 27592 14560 26612 26612 26612 26612 26612 26612 26612 26612 13688 
27976 27976 27976 27976 27976 27976 27976 27976 15646 26620 26620 26620 26620 26620 26620 26620 26620 14398 
27376 27376 27376 27376 27376 27376 27376 27376 15436 26020 26020 26020 26020 26020 26020 26020 26020 14188 
28512 28512 28512 28512 28512 28512 28512 28512 15636 19360 19360 19360 19360 19360 19360 19360 19360 10156 
26440 26440 26440 26440 26440 26440 26440 26440 14500 12720 12720 12720 12720 12720 12720 12720 12720 4452 
30536 30536 30536 30536 30536 30536 30536 30536 17192 28684 28684 28684 28684 28684 28684 28684 28684 15448 
13560 13560 13560 13560 13560 13560 13560 13560 4746 26956 26956 26956 26956 26956 26956 26956 26956 14578 
28912 28912 28912 28912 28912 28912 28912 28912 16660 26468 26468 26468 26468 26468 26468 26468 26468 14324 
16040 16040 16040 16040 16040 16040 16040 16040 8318 25300 25300 25300 25300 25300 25300 25300 25300 14014 
17920 17920 17920 17920 17920 17920 17920 17920 8950 26844 26844 26844 26844 26844 26844 26844 26844 14310 
27520 27520 27520 27520 27520 27520 27520 27520 14878 13800 13800 13800 13800 13800 13800 13800 13800 4830 
27632 27632 27632 27632 27632 27632 27632 27632 15926 24732 24732 24732 24732 24732 24732 24732 24732 13134 
28832 28832 28832 28832 28832 28832 28832 28832 16346 25932 25932 25932 25932 25932 25932 25932 25932 13554 
17320 17320 17320 17320 17320 17320 17320 17320 8740 26244 26244 26244 26244 26244 26244 26244 26244 14100 
16640 16640 16640 16640 16640 16640 16640 16640 8528 25900 25900 25900 25900 25900 25900 25900 25900 14224 
30272 30272 30272 30272 30272 30272 30272 30272 16850 27372 27372 27372 27372 27372 27372 27372 27372 14058 
28552 28552 28552 28552 28552 28552 28552 28552 16534 26108 26108 26108 26108 26108 26108 26108 26108 14198 
27272 27272 27272 27272 27272 27272 27272 27272 14786 29444 29444 29444 29444 29444 29444 29444 29444 17066 
31648 31648 31648 31648 31648 31648 31648 31648 18538 32860 32860 32860 32860 32860 32860 32860 32860 19858 
26568 26568 26568 26568 26568 26568 26568 26568 14394 26140 26140 26140 26140 26140 26140 26140 26140 14074 
29024 29024 29024 29024 29024 29024 29024 29024 17396 30492 30492 30492 30492 30492 30492 30492 30492 18972 
29232 29232 29232 29232 29232 29232 29232 29232 15888 20080 20080 20080 20080 20080 20080 20080 20080 10408 
27432 27432 27432 27432 27432 27432 27432 27432 15258 18280 18280 18280 18280 18280 18280 18280 18280 9778 
26832 26832 26832 26832 26832 26832 26832 26832 15048 17680 17680 17680 17680 17680 17680 17680 17680 9568 
28576 28576 28576 28576 28576 28576 28576 28576 15856 27220 27220 27220 27220 27220 27220 27220 27220 14608 
28432 28432 28432 28432 28432 28432 28432 28432 16492 25988 25988 25988 25988 25988 25988 25988 25988 14156 
28696 28696 28696 28696 28696 28696 28696 28696 15898 27340 27340 27340 27340 27340 27340 27340 27340 14650 
31288 31288 31288 31288 31288 31288 31288 31288 18412 32500 32500 32500 32500 32500 32500 32500 32500 19732 
28240 28240 28240 28240 28240 28240 28240 28240 16378 26028 26028 26028 26028 26028 26028 26028 26028 14274 
33192 33192 33192 33192 33192 33192 33192 33192 20238 31156 31156 31156 31156 31156 31156 31156 31156 18310 
17080 17080 17080 17080 17080 17080 17080 17080 8656 26004 26004 26004 26004 26004 26004 26004 26004 14016 
29512 29512 29512 29512 29512 29512 29512 29512 16870 27068 27068 27068 27068 27068 27068 27068 27068 14534 
26080 26080 26080 26080 26080 26080 26080 26080 14374 12360 12360 12360 12360 12360 12360 12360 12360 4326 
25600 25600 25600 25600 25600 25600 25600 25600 14206 11880 11880 11880 11880 11880 11880 11880 11880 4158 
29752 29752 29752 29752 29752 29752 29752 29752 16954 27308 27308 27308 27308 27308 27308 27308 27308 14618 
26088 26088 26088 26088 26088 26088 26088 26088 14226 25660 25660 25660 25660 25660 25660 25660 25660 13906 
28784 28784 28784 28784 28784 28784 28784 28784 15440 28388 28388 28388 28388 28388 28388 28388 28388 15152 
27712 27712 27712 27712 27712 27712 27712 27712 16240 25268 25268 25268 25268 25268 25268 25268 25268 13904 
27752 27752 27752 27752 27752 27752 27752 27752 14954 29924 29924 29924 29924 29924 29924 29924 29924 17234 
26672 26672 26672 26672 26672 26672 26672 26672 14576 28844 28844 28844 28844 28844 28844 28844 28844 16856 
28992 28992 28992 28992 28992 28992 28992 28992 15804 19840 19840 19840 19840 19840 19840 19840 19840 10324 
28424 28424 28424 28424 28424 28424 28424 28424 15314 28028 28028 28028 28028 28028 28028 28028 28028 15026 
27632 27632 27632 27632 27632 27632 27632 27632 14912 29804 29804 29804 29804 29804 29804 29804 29804 17192 
28512 28512 28512 28512 28512 28512 28512 28512 15636 19360 19360 19360 19360 19360 19360 19360 19360 10156 
30656 30656 30656 30656 30656 30656 30656 30656 17234 28804 28804 28804 28804 28804 28804 28804 28804 15490 
28136 28136 28136 28136 28136 28136 28136 28136 16352 26284 26284 26284 26284 26284 26284 26284 26284 14608 
27232 27232 27232 27232 27232 27232 27232 27232 14434 26252 26252 26252 26252 26252 26252 26252 26252 13562 
27856 27856 27856 27856 27856 27856 27856 27856 15604 26500 26500 26500 26500 26500 26500 26500 26500 14356 
31320 31320 31320 31320 31320 31320 31320 31320 17898 32252 32252 32252 32252 32252 32252 32252 32252 18938 
29280 29280 29280 29280 29280 29280 29280 29280 17184 30212 30212 30212 30212 30212 30212 30212 30212 18224 
28000 28000 28000 28000 28000 28000 28000 28000 16294 25788 25788 25788 25788 25788 25788 25788 25788 14190 
28248 28248 28248 28248 28248 28248 28248 28248 14982 27820 27820 27820 27820 27820 27820 27820 27820 14662 
26800 26800 26800 26800 26800 26800 26800 26800 14626 13080 13080 13080 13080 13080 13080 13080 13080 4578 
27016 27016 27016 27016 27016 27016 27016 27016 15310 25660 25660 25660 25660 25660 25660 25660 25660 14062 
27648 27648 27648 27648 27648 27648 27648 27648 14772 27220 27220 27220 27220 27220 27220 27220 27220 14452 
26328 26328 26328 26328 26328 26328 26328 26328 14310 25900 25900 25900 25900 25900 25900 25900 25900 13990 
32680 32680 32680 32680 32680 32680 32680 32680 20038 30164 30164 30164 30164 30164 30164 30164 30164 17630 
26864 26864 26864 26864 26864 26864 26864 26864 14768 26468 26468 26468 26468 26468 26468 26468 26468 14480 
28016 28016 28016 28016 28016 28016 28016 28016 16310 26164 26164 26164 26164 26164 26164 26164 26164 14566 
29416 29416 29416 29416 29416 29416 29416 29416 16150 28060 28060 28060 28060 28060 28060 28060 28060 14902 
31528 31528 31528 31528 31528 31528 31528 31528 18496 32740 32740 32740 32740 32740 32740 32740 32740 19816 
13560 13560 13560 13560 13560 13560 13560 13560 4746 26956 26956 26956 26956 26956 26956 26956 26956 14578 
33792 33792 33792 33792 33792 33792 33792 33792 20448 31756 31756 31756 31756 31756 31756 31756 31756 18520 
29752 29752 29752 29752 29752 29752 29752 29752 16954 27308 27308 27308 27308 27308 27308 27308 27308 14618 
29872 29872 29872 29872 29872 29872 29872 29872 16996 27428 27428 27428 27428 27428 27428 27428 27428 14660 
27856 27856 27856 27856 27856 27856 27856 27856 15604 26500 26500 26500 26500 26500 26500 26500 26500 14356 
28456 28456 28456 28456 28456 28456 28456 28456 15814 27100 27100 27100 27100 27100 27100 27100 27100 14566 
30480 30480 30480 30480 30480 30480 30480 30480 17604 31412 31412 31412 31412 31412 31412 31412 31412 18644 
29144 29144 29144 29144 29144 29144 29144 29144 17438 30612 30612 30612 30612 30612 30612 30612 30612 19014 
29192 29192 29192 29192 29192 29192 29192 29192 16472 26292 26292 26292 26292 26292 26292 26292 26292 13680 
28920 28920 28920 28920 28920 28920 28920 28920 17058 29852 29852 29852 29852 29852 29852 29852 29852 18098 
30016 30016 30016 30016 30016 30016 30016 30016 18310 31692 31692 31692 31692 31692 31692 31692 31692 20094 
27752 27752 27752 27752 27752 27752 27752 27752 15968 24852 24852 24852 24852 24852 24852 24852 24852 13176 
27872 27872 27872 27872 27872 27872 27872 27872 16010 24972 24972 24972 24972 24972 24972 24972 24972 13218 
27752 27752 27752 27752 27752 27752 27752 27752 14954 29924 29924 29924 29924 29924 29924 29924 29924 17234 
26920 26920 26920 26920 26920 26920 26920 26920 14668 13200 13200 13200 13200 13200 13200 13200 13200 4620 
27704 27704 27704 27704 27704 27704 27704 27704 15062 27308 27308 27308 27308 27308 27308 27308 27308 14774 
27472 27472 27472 27472 27472 27472 27472 27472 14518 26492 26492 26492 26492 26492 26492 26492 26492 13646 
27232 27232 27232 27232 27232 27232 27232 27232 14434 26252 26252 26252 26252 26252 26252 26252 26252 13562 
28840 28840 28840 28840 28840 28840 28840 28840 16588 26628 26628 26628 26628 26628 26628 26628 26628 14484 
28784 28784 28784 28784 28784 28784 28784 28784 17312 30252 30252 30252 30252 30252 30252 30252 30252 18888 
28112 28112 28112 28112 28112 28112 28112 28112 15080 30284 30284 30284 30284 30284 30284 30284 30284 17360 
28672 28672 28672 28672 28672 28672 28672 28672 16576 26228 26228 26228 26228 26228 26228 26228 26228 14240 
30000 30000 30000 30000 30000 30000 30000 30000 17436 30932 30932 30932 30932 30932 30932 30932 30932 18476 
17240 17240 17240 17240 17240 17240 17240 17240 8738 26500 26500 26500 26500 26500 26500 26500 26500 14434 
26712 26712 26712 26712 26712 26712 26712 26712 15006 17560 17560 17560 17560 17560 17560 17560 17560 9526 
28424 28424 28424 28424 28424 28424 28424 28424 15314 28028 28028 28028 28028 28028 28028 28028 28028 15026 
29912 29912 29912 29912 29912 29912 29912 29912 16724 27012 27012 27012 27012 27012 27012 27012 27012 13932 
30736 30736 30736 30736 30736 30736 30736 30736 18562 32412 32412 32412 32412 32412 32412 32412 32412 20346 
30592 30592 30592 30592 30592 30592 30592 30592 17248 28148 28148 28148 28148 28148 28148 28148 28148 14912 
13320 13320 13320 13320 13320 13320 13320 13320 4662 26716 26716 26716 26716 26716 26716 26716 26716 14494 
27880 27880 27880 27880 27880 27880 27880 27880 15004 14160 14160 14160 14160 14160 14160 14160 14160 4956 
27032 27032 27032 27032 27032 27032 27032 27032 14702 29204 29204 29204 29204 29204 29204 29204 29204 16982 
14160 14160 14160 14160 14160 14160 14160 14160 4956 27556 27556 27556 27556 27556 27556 27556 27556 14788 
32112 32112 32112 32112 32112 32112 32112 32112 19860 30076 30076 30076 30076 30076 30076 30076 30076 17932 
31696 31696 31696 31696 31696 31696 31696 31696 18898 33372 33372 33372 33372 33372 33372 33372 33372 20682 
29456 29456 29456 29456 29456 29456 29456 29456 16814 27604 27604 27604 27604 27604 27604 27604 27604 15070 
29608 29608 29608 29608 29608 29608 29608 29608 17824 30820 30820 30820 30820 30820 30820 30820 30820 19144 
30976 30976 30976 30976 30976 30976 30976 30976 18646 32652 32652 32652 32652 32652 32652 32652 32652 20430 
31752 31752 31752 31752 31752 31752 31752 31752 19734 29716 29716 29716 29716 29716 29716 29716 29716 17806 
28512 28512 28512 28512 28512 28512 28512 28512 15636 19360 19360 19360 19360 19360 19360 19360 19360 10156 
27016 27016 27016 27016 27016 27016 27016 27016 15310 25660 25660 25660 25660 25660 25660 25660 25660 14062 
28304 28304 28304 28304 28304 28304 28304 28304 15272 27908 27908 27908 27908 27908 27908 27908 27908 14984 
27104 27104 27104 27104 27104 27104 27104 27104 14852 26708 26708 26708 26708 26708 26708 26708 26708 14564 
26592 26592 26592 26592 26592 26592 26592 26592 14964 17440 17440 17440 17440 17440 17440 17440 17440 9484 
25912 25912 25912 25912 25912 25912 25912 25912 13972 24932 24932 24932 24932 24932 24932 24932 24932 13100 
32200 32200 32200 32200 32200 32200 32200 32200 19870 29684 29684 29684 29684 29684 29684 29684 29684 17462 
30224 30224 30224 30224 30224 30224 30224 30224 17816 31692 31692 31692 31692 31692 31692 31692 31692 19392 
26800 26800 26800 26800 26800 26800 26800 26800 14626 13080 13080 13080 13080 13080 13080 13080 13080 4578 
12960 12960 12960 12960 12960 12960 12960 12960 4536 26356 26356 26356 26356 26356 26356 26356 26356 14368 
28920 28920 28920 28920 28920 28920 28920 28920 17058 29852 29852 29852 29852 29852 29852 29852 29852 18098 
26896 26896 26896 26896 26896 26896 26896 26896 15268 25540 25540 25540 25540 25540 25540 25540 25540 14020 
27512 27512 27512 27512 27512 27512 27512 27512 15884 24612 24612 24612 24612 24612 24612 24612 24612 13092 
26920 26920 26920 26920 26920 26920 26920 26920 14668 13200 13200 13200 13200 13200 13200 13200 13200 4620 
29880 29880 29880 29880 29880 29880 29880 29880 17394 30812 30812 30812 30812 30812 30812 30812 30812 18434 
]

ExternalWorkerWithSkillOnStintCost: [
37944 34416 41040 40248 36576 29160 40968 34632 21456 29304 43128 41328 37512 32256 33408 31464 40968 27984 
40032 33624 30024 32472 30672 41688 38448 38448 26784 35928 38376 29448 41544 28944 42912 35568 35928 24576 
33192 34488 29376 28800 30600 34776 33048 33624 22080 30456 37080 30600 35928 39024 33264 37944 30312 22464 
42984 35136 29880 31536 38232 29592 31032 34056 19248 35784 38808 34128 39240 30096 29304 37944 42696 27312 
39312 32400 38448 39312 42480 36288 38520 39240 20592 39672 41040 36792 33696 29232 33552 33984 28872 28752 
41472 31032 31176 41472 39888 35856 31968 32112 23520 38016 29448 42696 29448 39816 33624 42624 29736 24480 
]

OverlappingStints: [
[ 2 10 11 ]
[ 3 10 11 12 ]
[ 4 11 12 13 ]
[ 5 12 13 14 ]
[ 6 13 14 15 ]
[ 7 14 15 16 ]
[ 8 15 16 17 ]
[ 9 16 17 18 ]
[ 17 18 ]
[ 11 ]
[ 12 ]
[ 13 ]
[ 14 ]
[ 15 ]
[ 16 ]
[ 17 ]
[ 18 ]
[ ]
]

EmployeesWithSkill: [
[ 1 2 3 4 5 6 7 8 9 10 11 12 13 14 15 16 17 18 19 20 21 22 23 24 25 26 27 28 29 30 31 32 33 34 35 36 37 38 39 40 41 42 43 44 45 46 47 48 49 50 51 52 53 54 55 56 57 58 59 60 61 62 63 64 65 66 67 68 69 70 71 72 73 74 75 76 77 78 79 80 81 82 83 84 85 86 87 88 89 90 91 92 93 94 95 96 97 98 99 100 101 102 103 104 105 106 107 108 109 110 111 112 113 114 115 116 117 118 119 120 121 122 123 124 125 126 127 128 129 130 131 132 133 134 135 136 137 138 139 140 141 142 143 144 145 146 147 148 149 150 ]
[ 1 4 5 6 7 8 9 10 11 12 13 15 16 17 18 19 20 21 22 23 24 25 26 27 28 29 30 31 33 34 35 36 38 39 41 42 45 48 49 50 51 53 54 55 56 57 58 59 61 62 63 64 65 66 67 68 69 70 71 72 73 74 75 76 77 80 82 83 84 86 87 88 89 90 91 92 93 94 95 97 98 100 101 102 103 104 105 106 107 108 110 111 112 113 114 115 116 117 119 120 121 122 123 124 125 126 128 129 130 131 132 133 134 135 136 137 138 139 140 141 142 143 144 145 146 148 149 150 ]
[ 1 3 4 5 7 8 9 10 12 13 14 15 17 18 20 21 22 24 25 26 27 29 30 31 32 34 35 36 37 39 41 42 45 46 48 49 50 52 53 54 56 57 58 59 60 61 63 64 65 66 67 70 71 72 73 74 76 77 78 80 83 84 85 87 88 92 94 95 96 97 98 99 100 101 103 106 107 109 112 113 117 118 120 123 124 125 126 127 128 130 132 133 134 138 139 141 142 143 146 148 149 150 ]
[ 1 2 3 6 7 9 10 12 13 14 17 18 20 21 22 23 24 25 26 27 28 29 31 32 33 34 35 36 38 39 40 41 42 43 44 45 46 47 48 51 52 53 54 55 56 57 58 59 63 65 66 67 68 72 74 76 77 78 79 80 81 82 83 84 85 86 87 88 89 90 91 92 93 95 96 97 98 102 103 104 105 106 107 108 111 112 113 114 115 117 120 121 122 124 125 129 130 131 133 134 135 136 137 138 139 140 142 143 144 145 146 147 149 150 ]
[ 3 10 13 25 27 32 39 41 43 51 57 62 65 68 75 78 79 80 81 87 93 97 98 103 108 125 126 127 140 146 150 ]
[ 1 3 8 9 10 11 12 14 17 19 21 23 24 28 29 30 31 32 33 35 36 38 39 41 44 45 46 47 48 50 51 58 60 65 66 67 69 72 74 75 76 78 82 84 85 87 89 92 94 95 96 98 99 101 102 103 104 105 110 111 114 115 117 120 121 122 123 124 126 127 128 130 131 132 137 139 145 ]
]

SkillDemandInActivityWithMode: [
0	0	0	
23	36	16	
15	24	10	
38	58	26	
38	58	26	
9	15	6	
38	58	26	
10	16	7	
26	40	18	
5	9	4	
38	58	26	
21	33	14	
10	16	7	
38	58	26	
26	40	18	
38	58	26	
38	58	26	
23	36	16	
38	58	26	
17	27	12	
13	21	9	
0	0	0	
19	30	13	
5	9	4	
3	6	2	
16	25	11	
19	30	13	
21	33	14	
13	21	9	
23	36	16	
19	30	13	
16	25	11	
3	6	2	
13	21	9	
9	15	6	
5	9	4	
12	19	8	
21	33	14	
8	13	6	
9	15	6	
16	25	11	
21	33	14	
21	33	14	
16	25	11	
21	33	14	
3	6	2	
14	22	10	
16	25	11	
14	22	10	
19	30	13	
23	36	16	
11	18	8	
7	12	5	
16	25	11	

0	0	0	
30	46	20	
19	30	13	
51	78	34	
51	78	34	
11	18	8	
51	78	34	
12	19	8	
34	52	23	
6	10	4	
51	78	34	
27	42	18	
12	19	8	
51	78	34	
34	52	23	
51	78	34	
51	78	34	
30	46	20	
51	78	34	
21	33	14	
17	27	12	
0	0	0	
8	13	6	
1	3	1	
1	3	1	
6	10	4	
8	13	6	
9	15	6	
5	9	4	
10	16	7	
8	13	6	
6	10	4	
1	3	1	
5	9	4	
3	6	2	
2	4	2	
5	9	4	
9	15	6	
3	6	2	
3	6	2	
6	10	4	
9	15	6	
9	15	6	
6	10	4	
9	15	6	
1	3	1	
6	10	4	
6	10	4	
6	10	4	
8	13	6	
10	16	7	
4	7	3	
2	4	2	
6	10	4	

0	0	0	
15	24	10	
9	15	6	
26	40	18	
26	40	18	
6	10	4	
26	40	18	
6	10	4	
17	27	12	
3	6	2	
26	40	18	
14	22	10	
6	10	4	
26	40	18	
17	27	12	
26	40	18	
26	40	18	
15	24	10	
26	40	18	
11	18	8	
8	13	6	
0	0	0	
12	19	8	
2	4	2	
1	3	1	
10	16	7	
12	19	8	
13	21	9	
8	13	6	
15	24	10	
12	19	8	
10	16	7	
1	3	1	
8	13	6	
5	9	4	
3	6	2	
7	12	5	
13	21	9	
5	9	4	
5	9	4	
10	16	7	
13	21	9	
13	21	9	
10	16	7	
13	21	9	
1	3	1	
9	15	6	
10	16	7	
9	15	6	
12	19	8	
15	24	10	
6	10	4	
4	7	3	
10	16	7	

0	0	0	
14	22	10	
8	13	6	
23	36	16	
23	36	16	
5	9	4	
23	36	16	
5	9	4	
15	24	10	
2	4	2	
23	36	16	
12	19	8	
5	9	4	
23	36	16	
15	24	10	
23	36	16	
23	36	16	
14	22	10	
23	36	16	
10	16	7	
7	12	5	
0	0	0	
15	24	10	
3	6	2	
2	4	2	
13	21	9	
15	24	10	
17	27	12	
10	16	7	
19	30	13	
15	24	10	
13	21	9	
2	4	2	
11	18	8	
7	12	5	
4	7	3	
9	15	6	
17	27	12	
6	10	4	
7	12	5	
13	21	9	
17	27	12	
17	27	12	
13	21	9	
17	27	12	
2	4	2	
12	19	8	
13	21	9	
12	19	8	
15	24	10	
19	30	13	
8	13	6	
5	9	4	
13	21	9	

0	0	0	
2	4	2	
1	3	1	
4	7	3	
4	7	3	
1	3	1	
4	7	3	
1	3	1	
3	6	2	
0	1	0	
4	7	3	
2	4	2	
1	3	1	
4	7	3	
3	6	2	
4	7	3	
4	7	3	
2	4	2	
4	7	3	
1	3	1	
1	3	1	
0	0	0	
5	9	4	
1	3	1	
0	1	0	
4	7	3	
5	9	4	
5	9	4	
3	6	2	
6	10	4	
4	7	3	
4	7	3	
0	1	0	
3	6	2	
2	4	2	
1	3	1	
3	6	2	
5	9	4	
2	4	2	
2	4	2	
4	7	3	
5	9	4	
5	9	4	
4	7	3	
5	9	4	
0	1	0	
3	6	2	
4	7	3	
3	6	2	
4	7	3	
6	10	4	
2	4	2	
1	3	1	
4	7	3	

0	0	0	
18	28	12	
11	18	8	
30	46	20	
29	45	20	
6	10	4	
29	45	20	
7	12	5	
19	30	13	
3	6	2	
29	45	20	
16	25	11	
7	12	5	
29	45	20	
19	30	13	
29	45	20	
29	45	20	
17	27	12	
29	45	20	
12	19	8	
9	15	6	
0	0	0	
5	9	4	
1	3	1	
0	1	0	
4	7	3	
5	9	4	
6	10	4	
3	6	2	
6	10	4	
5	9	4	
4	7	3	
0	1	0	
3	6	2	
2	4	2	
1	3	1	
3	6	2	
6	10	4	
2	4	2	
2	4	2	
4	7	3	
5	9	4	
5	9	4	
4	7	3	
5	9	4	
0	1	0	
4	7	3	
4	7	3	
4	7	3	
5	9	4	
6	10	4	
2	4	2	
1	3	1	
4	7	3	

]

EmployeeAvailability: [
0 1 1 1 1 1 1 1 0 0 1 1 1 1 1 1 1 0 
1 1 1 1 0 1 1 1 1 1 1 1 1 0 1 1 1 1 
1 1 1 1 1 1 1 1 1 1 1 1 1 1 1 1 1 1 
1 1 1 1 1 1 1 1 1 1 1 1 1 1 1 1 1 1 
1 1 1 1 1 1 1 1 1 1 1 1 1 1 1 1 1 1 
1 1 0 1 1 1 0 1 1 1 1 0 1 1 1 0 1 1 
1 1 1 1 1 1 1 0 1 1 1 1 1 1 1 1 0 1 
1 1 1 1 1 0 1 1 1 1 1 1 1 1 0 1 1 1 
1 1 1 1 1 0 1 1 1 1 1 1 1 1 0 1 1 1 
1 0 1 1 1 1 1 1 1 1 0 1 1 1 1 1 1 1 
0 0 1 1 1 1 1 1 1 0 0 1 1 1 1 1 1 1 
1 1 1 1 1 1 1 1 0 1 1 1 1 1 1 1 1 0 
0 1 1 1 1 1 1 1 1 0 1 1 1 1 1 1 1 1 
1 1 1 1 1 1 1 1 1 1 1 1 1 1 1 1 1 1 
1 1 1 1 1 1 1 1 1 1 1 1 1 1 1 1 1 1 
1 1 1 1 0 1 1 1 1 1 1 1 1 0 1 1 1 1 
1 1 1 1 1 1 1 1 1 1 1 1 1 1 1 1 1 1 
0 1 1 0 1 1 1 1 1 0 1 1 0 1 1 1 1 1 
1 0 1 1 1 1 1 1 1 1 0 1 1 1 1 1 1 1 
1 1 1 1 1 1 1 1 1 1 1 1 1 1 1 1 1 1 
1 1 1 1 1 1 1 1 1 1 1 1 1 1 1 1 1 1 
1 0 0 1 1 1 1 1 1 1 0 0 1 1 1 1 1 1 
1 1 1 1 1 1 1 1 1 1 1 1 1 1 1 1 1 1 
0 1 1 1 1 1 1 1 1 0 1 1 1 1 1 1 1 1 
1 0 1 1 1 0 0 1 1 1 0 1 1 1 0 0 1 1 
1 1 0 1 1 0 1 1 1 1 1 0 1 1 0 1 1 1 
1 1 1 1 1 1 1 1 1 1 1 1 1 1 1 1 1 1 
1 1 1 1 1 1 1 1 1 1 1 1 1 1 1 1 1 1 
1 1 1 0 1 1 1 1 1 1 1 1 0 1 1 1 1 1 
1 1 1 0 1 1 1 1 1 1 1 1 0 1 1 1 1 1 
1 1 1 0 1 1 1 1 1 1 1 1 0 1 1 1 1 1 
1 1 1 1 1 1 1 1 1 1 1 1 1 1 1 1 1 1 
1 1 1 0 1 1 1 1 1 1 1 1 0 1 1 1 1 1 
1 1 1 1 1 1 1 1 1 1 1 1 1 1 1 1 1 1 
1 0 1 1 1 1 1 1 1 1 0 1 1 1 1 1 1 1 
0 1 1 1 1 1 1 1 1 0 1 1 1 1 1 1 1 1 
1 1 1 0 1 1 1 1 1 1 1 1 0 1 1 1 1 1 
1 0 1 0 1 1 1 1 1 1 0 1 0 1 1 1 1 1 
1 1 1 1 1 0 1 1 1 1 1 1 1 1 0 1 1 1 
1 0 1 1 1 1 1 0 1 1 0 1 1 1 1 1 0 1 
1 1 0 0 0 1 1 1 1 1 1 0 0 0 1 1 1 1 
0 1 1 1 1 0 1 1 1 0 1 1 1 1 0 1 1 1 
1 1 1 1 1 1 1 1 1 1 1 1 1 1 1 1 1 1 
1 1 1 1 1 1 1 1 1 1 1 1 1 1 1 1 1 1 
0 1 1 1 1 1 1 1 0 0 1 1 1 1 1 1 1 0 
1 1 1 1 1 1 1 1 1 1 1 1 1 1 1 1 1 1 
1 1 0 1 1 0 0 1 1 1 1 0 1 1 0 0 1 1 
1 1 1 1 1 1 1 1 1 1 1 1 1 1 1 1 1 1 
1 1 1 1 1 0 1 1 1 1 1 1 1 1 0 1 1 1 
1 1 1 1 1 1 1 1 1 1 1 1 1 1 1 1 1 1 
1 1 1 1 1 1 1 1 1 1 1 1 1 1 1 1 1 1 
0 1 1 0 1 1 1 1 1 0 1 1 0 1 1 1 1 1 
1 1 1 0 1 0 1 0 1 1 1 1 0 1 0 1 0 1 
1 1 1 1 1 1 1 1 1 1 1 1 1 1 1 1 1 1 
1 1 1 1 1 1 0 1 1 1 1 1 1 1 1 0 1 1 
1 1 1 1 1 1 0 0 1 1 1 1 1 1 1 0 0 1 
1 1 1 1 1 1 1 1 1 1 1 1 1 1 1 1 1 1 
1 0 1 1 0 1 1 1 0 1 0 1 1 0 1 1 1 0 
1 1 1 1 1 1 1 1 1 1 1 1 1 1 1 1 1 1 
1 1 1 1 1 1 1 1 1 1 1 1 1 1 1 1 1 1 
1 0 1 1 1 0 1 1 1 1 0 1 1 1 0 1 1 1 
1 1 0 1 0 1 0 1 1 1 1 0 1 0 1 0 1 1 
1 1 1 1 1 1 1 1 1 1 1 1 1 1 1 1 1 1 
1 1 1 1 1 1 1 1 1 1 1 1 1 1 1 1 1 1 
1 1 1 1 1 1 1 0 1 1 1 1 1 1 1 1 0 1 
1 1 0 1 1 0 1 0 1 1 1 0 1 1 0 1 0 1 
1 1 0 1 1 1 1 0 1 1 1 0 1 1 1 1 0 1 
1 0 1 1 1 1 1 1 1 1 0 1 1 1 1 1 1 1 
1 1 1 1 1 1 1 0 1 1 1 1 1 1 1 1 0 1 
0 0 1 1 1 1 1 1 1 0 0 1 1 1 1 1 1 1 
1 1 0 0 1 1 1 1 1 1 1 0 0 1 1 1 1 1 
1 1 0 1 1 1 1 1 1 1 1 0 1 1 1 1 1 1 
0 1 1 0 1 1 1 0 1 0 1 1 0 1 1 1 0 1 
1 0 1 1 1 1 1 1 1 1 0 1 1 1 1 1 1 1 
1 0 1 1 1 1 1 1 1 1 0 1 1 1 1 1 1 1 
1 0 1 1 1 1 1 0 1 1 0 1 1 1 1 1 0 1 
1 1 1 1 1 1 1 1 1 1 1 1 1 1 1 1 1 1 
1 1 1 1 1 1 1 1 1 1 1 1 1 1 1 1 1 1 
1 0 1 1 1 1 1 1 0 1 0 1 1 1 1 1 1 0 
1 0 1 1 1 1 1 1 0 1 0 1 1 1 1 1 1 0 
1 1 1 1 1 1 1 0 1 1 1 1 1 1 1 1 0 1 
0 1 1 0 1 1 1 1 1 0 1 1 0 1 1 1 1 1 
1 1 1 1 1 0 1 1 0 1 1 1 1 1 0 1 1 0 
1 1 1 1 0 1 1 1 1 1 1 1 1 0 1 1 1 1 
0 1 1 1 1 1 1 1 1 0 1 1 1 1 1 1 1 1 
0 1 0 1 1 1 1 1 1 0 1 0 1 1 1 1 1 1 
1 1 1 1 1 1 1 0 0 1 1 1 1 1 1 1 0 0 
0 0 0 1 1 1 1 1 1 0 0 0 1 1 1 1 1 1 
1 1 0 1 1 1 1 1 1 1 1 0 1 1 1 1 1 1 
1 0 1 1 1 1 1 1 0 1 0 1 1 1 1 1 1 0 
1 1 1 1 1 1 1 1 1 1 1 1 1 1 1 1 1 1 
1 1 1 1 1 0 1 1 1 1 1 1 1 1 0 1 1 1 
1 1 0 1 1 1 0 1 1 1 1 0 1 1 1 0 1 1 
1 1 1 1 1 1 1 1 1 1 1 1 1 1 1 1 1 1 
1 1 1 1 1 1 1 0 1 1 1 1 1 1 1 1 0 1 
1 0 0 1 1 1 1 1 1 1 0 0 1 1 1 1 1 1 
1 0 1 1 1 1 1 0 1 1 0 1 1 1 1 1 0 1 
1 0 1 1 0 1 1 1 1 1 0 1 1 0 1 1 1 1 
0 1 1 1 1 1 1 1 0 0 1 1 1 1 1 1 1 0 
1 1 1 1 1 0 1 0 0 1 1 1 1 1 0 1 0 0 
1 1 1 1 1 1 1 1 1 1 1 1 1 1 1 1 1 1 
1 1 0 1 0 1 0 1 1 1 1 0 1 0 1 0 1 1 
1 1 1 1 1 1 1 1 1 1 1 1 1 1 1 1 1 1 
1 0 1 1 1 1 0 1 1 1 0 1 1 1 1 0 1 1 
1 1 1 1 1 1 1 1 1 1 1 1 1 1 1 1 1 1 
1 1 1 0 1 1 0 1 1 1 1 1 0 1 1 0 1 1 
1 1 1 1 1 1 1 0 1 1 1 1 1 1 1 1 0 1 
1 1 1 1 1 0 1 1 0 1 1 1 1 1 0 1 1 0 
0 1 1 1 0 1 1 1 1 0 1 1 1 0 1 1 1 1 
1 1 1 1 1 0 0 1 1 1 1 1 1 1 0 0 1 1 
1 1 1 1 1 1 1 1 1 1 1 1 1 1 1 1 1 1 
1 1 0 1 1 1 1 1 1 1 1 0 1 1 1 1 1 1 
1 1 1 0 1 1 1 1 1 1 1 1 0 1 1 1 1 1 
1 1 1 1 1 1 1 1 1 1 1 1 1 1 1 1 1 1 
1 1 1 1 1 1 1 1 1 1 1 1 1 1 1 1 1 1 
1 1 1 1 1 1 1 1 1 1 1 1 1 1 1 1 1 1 
1 1 1 1 1 1 1 1 1 1 1 1 1 1 1 1 1 1 
0 1 1 1 0 1 1 1 1 0 1 1 1 0 1 1 1 1 
1 1 1 1 1 1 1 1 1 1 1 1 1 1 1 1 1 1 
1 1 1 1 1 1 1 1 1 1 1 1 1 1 1 1 1 1 
1 1 1 0 1 0 1 1 1 1 1 1 0 1 0 1 1 1 
0 0 1 1 1 1 0 1 1 0 0 1 1 1 1 0 1 1 
1 1 1 1 1 0 1 0 0 1 1 1 1 1 0 1 0 0 
1 0 0 1 1 1 1 1 0 1 0 0 1 1 1 1 1 0 
0 1 1 1 0 1 1 0 1 0 1 1 1 0 1 1 0 1 
1 1 1 1 0 0 1 1 1 1 1 1 1 0 0 1 1 1 
1 1 1 1 1 1 1 1 1 1 1 1 1 1 1 1 1 1 
1 0 1 1 0 0 1 1 1 1 0 1 1 0 0 1 1 1 
1 1 0 1 0 1 0 1 1 1 1 0 1 0 1 0 1 1 
1 1 1 1 0 1 1 1 1 1 1 1 1 0 1 1 1 1 
0 1 1 1 0 1 1 1 0 0 1 1 1 0 1 1 1 0 
0 0 1 1 1 0 1 1 1 0 0 1 1 1 0 1 1 1 
1 1 1 1 1 1 1 0 1 1 1 1 1 1 1 1 0 1 
1 1 1 0 1 1 1 1 1 1 1 1 0 1 1 1 1 1 
0 1 1 1 1 1 1 1 1 0 1 1 1 1 1 1 1 1 
1 1 1 1 1 1 1 1 1 1 1 1 1 1 1 1 1 1 
0 1 1 1 1 1 1 1 1 0 1 1 1 1 1 1 1 1 
1 1 1 1 1 0 0 0 1 1 1 1 1 1 0 0 0 1 
1 1 1 0 1 1 1 1 1 1 1 1 0 1 1 1 1 1 
1 1 1 0 0 1 1 0 1 1 1 1 0 0 1 1 0 1 
0 1 1 1 1 1 1 1 1 0 1 1 1 1 1 1 1 1 
0 1 1 1 1 1 1 0 1 0 1 1 1 1 1 1 0 1 
1 1 1 1 1 1 1 1 1 1 1 1 1 1 1 1 1 1 
1 1 1 1 1 1 1 1 1 1 1 1 1 1 1 1 1 1 
0 1 0 1 1 1 0 1 1 0 1 0 1 1 1 0 1 1 
1 1 1 1 1 1 1 1 1 1 1 1 1 1 1 1 1 1 
1 0 1 1 1 1 1 1 1 1 0 1 1 1 1 1 1 1 
1 1 1 1 0 1 0 1 0 1 1 1 1 0 1 0 1 0 
1 1 1 1 1 1 1 1 1 1 1 1 1 1 1 1 1 1 
1 1 1 0 1 0 1 1 1 1 1 1 0 1 0 1 1 1 
]

EmployeeWantedInStint: [ (1 15) 1 (7 11) 1 (7 16) 1 (16 10) 1 (24 13) 1 (25 16) 1 (27 4) 1 (28 18) 1 (33 1) 1 (37 13) 1 (43 6) 1 (59 12) 1 (61 12) 1 (68 18) 1 (70 7) 1 (71 10) 1 (80 9) 1 (81 14) 1 (84 14) 1 (89 11) 1 (91 14) 1 (92 6) 1 (99 17) 1 (100 15) 1 (104 5) 1 (105 11) 1 (106 3) 1 (108 6) 1 (111 14) 1 (112 10) 1 (115 10) 1 (116 11) 1 (117 5) 1 (121 1) 1 (129 4) 1 (130 6) 1 (134 2) 1 (135 18) 1 (136 3) 1 (136 10) 1 (137 4) 1 (139 5) 1 (139 11) 1 (141 10) 1 (145 9) 1 (148 14) 1 (149 14) 1 ]

EmployeeWantedViolationCost: [ (1 15) 13000 (7 11) 14000 (7 16) 15000 (16 10) 6000 (24 13) 14000 (25 16) 13000 (27 4) 12000 (28 18) 10000 (33 1) 13000 (37 13) 9000 (43 6) 6000 (59 12) 9000 (61 12) 13000 (68 18) 10000 (70 7) 14000 (71 10) 11000 (80 9) 8000 (81 14) 15000 (84 14) 7000 (89 11) 13000 (91 14) 11000 (92 6) 7000 (99 17) 11000 (100 15) 11000 (104 5) 7000 (105 11) 11000 (106 3) 15000 (108 6) 7000 (111 14) 7000 (112 10) 14000 (115 10) 11000 (116 11) 13000 (117 5) 10000 (121 1) 6000 (129 4) 15000 (130 6) 15000 (134 2) 7000 (135 18) 11000 (136 3) 5000 (136 10) 15000 (137 4) 9000 (139 5) 14000 (139 11) 13000 (141 10) 13000 (145 9) 15000 (148 14) 7000 (149 14) 13000 ]

EmployeesThatShouldNotWorkTogetherWithEmployee: [
[ 22 32 45 47 87 146 ]
[ 26 41 53 64 67 83 105 124 143 ]
[ 5 76 83 110 139 ]
[ 30 67 68 92 112 138 ]
[ 19 26 32 43 132 143 ]
[ 65 86 ]
[ 63 75 90 96 108 110 115 ]
[ 22 53 61 92 108 130 ]
[ 24 71 100 117 ]
[ 54 76 123 ]
[ 47 76 131 150 ]
[ 44 58 60 63 90 ]
[ 23 50 58 65 92 112 131 ]
[ 19 22 50 96 136 ]
[ 29 37 41 106 116 135 136 148 ]
[ 39 75 79 89 102 107 ]
[ 35 63 70 77 82 84 93 104 110 137 147 ]
[ 24 29 98 ]
[ 32 72 85 87 143 ]
[ 22 59 61 73 ]
[ 24 26 34 56 61 83 84 112 139 ]
[ 49 73 99 127 128 139 ]
[ 29 51 68 87 111 ]
[ 43 64 71 74 102 118 124 125 147 150 ]
[ 55 74 128 131 145 148 ]
[ 48 52 76 116 127 ]
[ 43 54 74 113 ]
[ 77 104 140 ]
[ 41 109 135 ]
[ 91 114 117 129 134 ]
[ 63 72 76 ]
[ 41 73 75 ]
[ 65 70 83 ]
[ 45 52 82 109 136 ]
[ 61 89 116 117 ]
[ 40 66 71 75 80 122 123 143 144 ]
[ 48 56 106 127 ]
[ ]
[ 71 75 111 138 145 ]
[ 61 66 85 92 126 ]
[ 62 120 144 ]
[ 45 111 112 131 134 150 ]
[ 63 111 149 ]
[ ]
[ 46 64 69 85 93 119 ]
[ 51 62 66 78 113 120 141 ]
[ 48 50 76 83 101 104 117 127 143 ]
[ 72 114 ]
[ 112 114 124 128 ]
[ 59 74 97 122 ]
[ 60 90 96 97 ]
[ 71 90 ]
[ 112 117 130 137 ]
[ 104 114 128 ]
[ 81 111 112 115 ]
[ 86 117 ]
[ 59 136 143 ]
[ 93 99 117 132 150 ]
[ ]
[ 64 70 86 103 148 ]
[ 95 101 128 129 142 ]
[ 137 142 ]
[ 80 83 116 ]
[ 92 117 145 ]
[ ]
[ 150 ]
[ 134 148 ]
[ 77 86 123 ]
[ 76 78 85 100 112 ]
[ 96 128 ]
[ 97 105 118 121 ]
[ 73 77 98 120 ]
[ 97 146 149 ]
[ 132 ]
[ 81 83 86 100 122 ]
[ 126 142 ]
[ 87 109 ]
[ 82 109 115 132 133 ]
[ 144 ]
[ 86 92 126 137 139 ]
[ 115 116 122 125 145 ]
[ 122 ]
[ 94 133 ]
[ 116 ]
[ 90 137 ]
[ 89 97 141 ]
[ 149 ]
[ 102 142 ]
[ 107 133 ]
[ ]
[ 107 129 130 ]
[ 95 112 124 134 139 150 ]
[ 116 119 120 ]
[ 109 110 120 135 145 ]
[ 97 142 ]
[ 123 135 ]
[ 122 131 133 139 141 ]
[ 131 144 ]
[ 103 127 135 ]
[ 137 140 ]
[ ]
[ 147 ]
[ 108 138 ]
[ 146 147 ]
[ 129 ]
[ 110 126 ]
[ 113 ]
[ 125 ]
[ 111 128 129 149 ]
[ 116 123 125 128 137 148 ]
[ 129 ]
[ 120 126 136 139 147 ]
[ 120 129 132 136 ]
[ 116 120 121 ]
[ 148 ]
[ 125 ]
[ 120 146 ]
[ 134 146 149 ]
[ 138 ]
[ ]
[ 132 ]
[ 130 134 144 145 ]
[ 126 133 135 142 ]
[ 142 ]
[ ]
[ ]
[ 131 ]
[ ]
[ 145 149 ]
[ 150 ]
[ ]
[ ]
[ 143 147 ]
[ ]
[ 138 144 ]
[ ]
[ ]
[ 139 ]
[ ]
[ ]
[ ]
[ ]
[ 150 ]
[ 146 ]
[ ]
[ ]
[ 148 ]
[ ]
[ ]
[ ]
]

ShouldNotWorkTogetherCost: [ (1 22) 297 (1 32) 297 (1 45) 297 (1 47) 99 (1 87) 99 (1 146) 198 (2 26) 297 (2 41) 396 (2 53) 99 (2 64) 99 (2 67) 198 (2 83) 396 (2 105) 99 (2 124) 297 (2 143) 396 (3 5) 297 (3 76) 99 (3 83) 198 (3 110) 198 (3 139) 99 (4 30) 198 (4 67) 297 (4 68) 198 (4 92) 99 (4 112) 297 (4 138) 198 (5 19) 396 (5 26) 297 (5 32) 99 (5 43) 99 (5 132) 99 (5 143) 396 (6 65) 297 (6 86) 99 (7 63) 198 (7 75) 198 (7 90) 396 (7 96) 396 (7 108) 396 (7 110) 99 (7 115) 297 (8 22) 297 (8 53) 198 (8 61) 99 (8 92) 297 (8 108) 297 (8 130) 198 (9 24) 198 (9 71) 99 (9 100) 198 (9 117) 198 (10 54) 99 (10 76) 99 (10 123) 198 (11 47) 396 (11 76) 198 (11 131) 99 (11 150) 396 (12 44) 396 (12 58) 99 (12 60) 198 (12 63) 297 (12 90) 198 (13 23) 198 (13 50) 297 (13 58) 396 (13 65) 297 (13 92) 396 (13 112) 396 (13 131) 396 (14 19) 297 (14 22) 297 (14 50) 396 (14 96) 198 (14 136) 99 (15 29) 99 (15 37) 297 (15 41) 396 (15 106) 99 (15 116) 99 (15 135) 198 (15 136) 198 (15 148) 99 (16 39) 198 (16 75) 297 (16 79) 198 (16 89) 297 (16 102) 297 (16 107) 99 (17 35) 198 (17 63) 99 (17 70) 198 (17 77) 99 (17 82) 396 (17 84) 297 (17 93) 396 (17 104) 198 (17 110) 198 (17 137) 99 (17 147) 198 (18 24) 396 (18 29) 198 (18 98) 198 (19 32) 99 (19 72) 297 (19 85) 297 (19 87) 396 (19 143) 396 (20 22) 396 (20 59) 198 (20 61) 297 (20 73) 198 (21 24) 198 (21 26) 297 (21 34) 396 (21 56) 396 (21 61) 198 (21 83) 99 (21 84) 99 (21 112) 297 (21 139) 99 (22 49) 297 (22 73) 396 (22 99) 396 (22 127) 198 (22 128) 396 (22 139) 396 (23 29) 297 (23 51) 297 (23 68) 99 (23 87) 198 (23 111) 297 (24 43) 297 (24 64) 396 (24 71) 198 (24 74) 198 (24 102) 198 (24 118) 396 (24 124) 198 (24 125) 396 (24 147) 198 (24 150) 99 (25 55) 99 (25 74) 99 (25 128) 198 (25 131) 396 (25 145) 297 (25 148) 198 (26 48) 198 (26 52) 198 (26 76) 297 (26 116) 396 (26 127) 297 (27 43) 297 (27 54) 297 (27 74) 198 (27 113) 297 (28 77) 297 (28 104) 297 (28 140) 99 (29 41) 198 (29 109) 99 (29 135) 396 (30 91) 297 (30 114) 198 (30 117) 396 (30 129) 198 (30 134) 396 (31 63) 396 (31 72) 99 (31 76) 198 (32 41) 297 (32 73) 99 (32 75) 99 (33 65) 297 (33 70) 297 (33 83) 99 (34 45) 297 (34 52) 297 (34 82) 297 (34 109) 396 (34 136) 396 (35 61) 396 (35 89) 396 (35 116) 297 (35 117) 297 (36 40) 99 (36 66) 99 (36 71) 396 (36 75) 198 (36 80) 198 (36 122) 396 (36 123) 198 (36 143) 99 (36 144) 297 (37 48) 198 (37 56) 198 (37 106) 297 (37 127) 396 (39 71) 396 (39 75) 99 (39 111) 297 (39 138) 396 (39 145) 396 (40 61) 99 (40 66) 99 (40 85) 297 (40 92) 198 (40 126) 297 (41 62) 297 (41 120) 297 (41 144) 396 (42 45) 396 (42 111) 99 (42 112) 297 (42 131) 297 (42 134) 297 (42 150) 396 (43 63) 99 (43 111) 396 (43 149) 198 (45 46) 396 (45 64) 99 (45 69) 198 (45 85) 99 (45 93) 396 (45 119) 297 (46 51) 198 (46 62) 297 (46 66) 297 (46 78) 99 (46 113) 198 (46 120) 99 (46 141) 297 (47 48) 297 (47 50) 396 (47 76) 396 (47 83) 297 (47 101) 198 (47 104) 396 (47 117) 198 (47 127) 396 (47 143) 396 (48 72) 297 (48 114) 99 (49 112) 297 (49 114) 198 (49 124) 99 (49 128) 99 (50 59) 297 (50 74) 198 (50 97) 396 (50 122) 297 (51 60) 396 (51 90) 99 (51 96) 297 (51 97) 99 (52 71) 297 (52 90) 297 (53 112) 297 (53 117) 99 (53 130) 99 (53 137) 297 (54 104) 297 (54 114) 297 (54 128) 99 (55 81) 396 (55 111) 198 (55 112) 297 (55 115) 297 (56 86) 297 (56 117) 99 (57 59) 297 (57 136) 297 (57 143) 198 (58 93) 297 (58 99) 99 (58 117) 297 (58 132) 198 (58 150) 396 (60 64) 99 (60 70) 198 (60 86) 198 (60 103) 297 (60 148) 396 (61 95) 396 (61 101) 99 (61 128) 198 (61 129) 198 (61 142) 99 (62 137) 99 (62 142) 297 (63 80) 396 (63 83) 396 (63 116) 99 (64 92) 396 (64 117) 99 (64 145) 297 (66 150) 99 (67 134) 396 (67 148) 99 (68 77) 297 (68 86) 198 (68 123) 198 (69 76) 396 (69 78) 99 (69 85) 396 (69 100) 198 (69 112) 297 (70 96) 99 (70 128) 99 (71 97) 198 (71 105) 198 (71 118) 396 (71 121) 396 (72 73) 297 (72 77) 99 (72 98) 297 (72 120) 396 (73 97) 99 (73 146) 198 (73 149) 297 (74 132) 99 (75 81) 396 (75 83) 99 (75 86) 99 (75 100) 396 (75 122) 198 (76 126) 396 (76 142) 99 (77 87) 198 (77 109) 396 (78 82) 396 (78 109) 297 (78 115) 198 (78 132) 297 (78 133) 297 (79 144) 198 (80 86) 396 (80 92) 99 (80 126) 198 (80 137) 396 (80 139) 198 (81 115) 99 (81 116) 297 (81 122) 396 (81 125) 297 (81 145) 297 (82 122) 198 (83 94) 396 (83 133) 396 (84 116) 198 (85 90) 297 (85 137) 198 (86 89) 297 (86 97) 396 (86 141) 396 (87 149) 198 (88 102) 396 (88 142) 99 (89 107) 99 (89 133) 198 (91 107) 198 (91 129) 99 (91 130) 99 (92 95) 396 (92 112) 99 (92 124) 198 (92 134) 396 (92 139) 297 (92 150) 396 (93 116) 198 (93 119) 297 (93 120) 99 (94 109) 396 (94 110) 99 (94 120) 297 (94 135) 99 (94 145) 198 (95 97) 396 (95 142) 396 (96 123) 396 (96 135) 396 (97 122) 99 (97 131) 396 (97 133) 396 (97 139) 396 (97 141) 99 (98 131) 99 (98 144) 99 (99 103) 99 (99 127) 198 (99 135) 297 (100 137) 297 (100 140) 297 (102 147) 396 (103 108) 396 (103 138) 198 (104 146) 198 (104 147) 198 (105 129) 297 (106 110) 396 (106 126) 297 (107 113) 198 (108 125) 297 (109 111) 396 (109 128) 297 (109 129) 99 (109 149) 396 (110 116) 99 (110 123) 396 (110 125) 99 (110 128) 396 (110 137) 396 (110 148) 396 (111 129) 396 (112 120) 297 (112 126) 297 (112 136) 99 (112 139) 396 (112 147) 198 (113 120) 297 (113 129) 396 (113 132) 99 (113 136) 297 (114 116) 297 (114 120) 396 (114 121) 297 (115 148) 99 (116 125) 198 (117 120) 198 (117 146) 99 (118 134) 297 (118 146) 198 (118 149) 396 (119 138) 396 (121 132) 396 (122 130) 396 (122 134) 297 (122 144) 396 (122 145) 99 (123 126) 396 (123 133) 99 (123 135) 99 (123 142) 297 (124 142) 99 (127 131) 297 (129 145) 297 (129 149) 396 (130 150) 396 (133 143) 99 (133 147) 99 (135 138) 396 (135 144) 297 (138 139) 99 (143 150) 99 (144 146) 99 (147 148) 297 ]

ImmediatePredecessorsToActivity: [
[ ]
[ 1 ]
[ 2 ]
[ 1 ]
[ 2 ]
[ 1 ]
[ 4 ]
[ 1 ]
[ 2 ]
[ 1 ]
[ 4 ]
[ 1 ]
[ 8 ]
[ 3 ]
[ 5 6 11 ]
[ 4 5 6 ]
[ 9 15 16 ]
[ 4 5 6 12 ]
[ 6 8 14 17 ]
[ 4 ]
[ 2 7 11 20 ]
[ ]
[ 22 ]
[ 22 ]
[ 22 ]
[ 22 ]
[ 22 ]
[ 24 ]
[ 23 28 ]
[ 23 25 ]
[ 23 ]
[ 23 28 ]
[ 27 ]
[ 22 ]
[ 22 ]
[ 22 ]
[ 28 ]
[ 25 36 ]
[ 26 27 31 34 ]
[ 27 34 36 ]
[ 31 40 ]
[ 25 26 27 28 ]
[ 25 31 40 ]
[ 26 32 40 ]
[ 25 26 27 32 34 41 ]
[ 23 27 ]
[ 32 ]
[ 24 35 40 ]
[ 31 32 36 ]
[ 24 40 ]
[ 36 41 ]
[ 28 34 36 ]
[ 26 34 ]
[ 53 ]
]

ActivitiesInProject: [
[ 1 2 3 4 5 6 7 8 9 10 11 12 13 14 15 16 17 18 19 20 21 ]
[ 22 23 24 25 26 27 28 29 30 31 32 33 34 35 36 37 38 39 40 41 42 43 44 45 46 47 48 49 50 51 52 53 54 ]
]

nActivityModes: [ 3 3 3 3 3 3 3 3 3 3 3 3 3 3 3 3 3 3 3 3 3 3 3 3 3 3 3 3 3 3 3 3 3 3 3 3 3 3 3 3 3 3 3 3 3 3 3 3 3 3 3 3 3 3 ]

ActivitiyDurationWithMode: [
1	1	1	
10	7	14	
16	11	22	
6	4	8	
6	4	8	
26	18	35	
6	4	8	
25	17	34	
9	6	12	
50	34	67	
6	4	8	
11	8	15	
24	16	32	
6	4	8	
9	6	12	
6	4	8	
6	4	8	
10	7	14	
6	4	8	
14	10	19	
18	12	24	
1	1	1	
10	7	14	
44	30	59	
70	47	94	
12	8	16	
10	7	14	
9	6	12	
15	10	20	
8	6	11	
10	7	14	
12	8	16	
67	45	90	
14	10	19	
21	14	28	
37	25	50	
16	11	22	
9	6	12	
24	16	32	
21	14	28	
12	8	16	
9	6	12	
9	6	12	
12	8	16	
9	6	12	
66	44	88	
13	9	18	
12	8	16	
13	9	18	
10	7	14	
8	6	11	
18	12	24	
30	20	40	
12	8	16	
]
StintsInProject: [
[ 1 2 3 4 5 6 7 8 9 ]
[ 10 11 12 13 14 15 16 17 18 ]
]

WorkingStintsOnDay: [
[ 1 10 ]
[ 1 10 ]
[ 1 10 ]
[ 1 10 ]
[ 1 10 ]
[ 1 10 ]
[ 1 10 ]
[ 1 10 ]
[ 1 10 ]
[ 1 10 ]
[ 1 10 ]
[ 1 10 ]
[ ]
[ ]
[ 2 11 ]
[ 2 11 ]
[ 2 11 ]
[ 2 11 ]
[ 2 11 ]
[ 2 11 ]
[ 2 11 ]
[ 2 11 ]
[ 2 11 ]
[ 2 11 ]
[ 2 11 ]
[ 2 11 ]
[ ]
[ ]
[ 3 12 ]
[ 3 12 ]
[ 3 12 ]
[ 3 12 ]
[ 3 12 ]
[ 3 12 ]
[ 3 12 ]
[ 3 12 ]
[ 3 12 ]
[ 3 12 ]
[ 3 12 ]
[ 3 12 ]
[ ]
[ ]
[ 4 13 ]
[ 4 13 ]
[ 4 13 ]
[ 4 13 ]
[ 4 13 ]
[ 4 13 ]
[ 4 13 ]
[ 4 13 ]
[ 4 13 ]
[ 4 13 ]
[ 4 13 ]
[ 4 13 ]
[ ]
[ ]
[ 5 14 ]
[ 5 14 ]
[ 5 14 ]
[ 5 14 ]
[ 5 14 ]
[ 5 14 ]
[ 5 14 ]
[ 5 14 ]
[ 5 14 ]
[ 5 14 ]
[ 5 14 ]
[ 5 14 ]
[ ]
[ ]
[ 6 15 ]
[ 6 15 ]
[ 6 15 ]
[ 6 15 ]
[ 6 15 ]
[ 6 15 ]
[ 6 15 ]
[ 6 15 ]
[ 6 15 ]
[ 6 15 ]
[ 6 15 ]
[ 6 15 ]
[ ]
[ ]
[ 7 16 ]
[ 7 16 ]
[ 7 16 ]
[ 7 16 ]
[ 7 16 ]
[ 7 16 ]
[ 7 16 ]
[ 7 16 ]
[ 7 16 ]
[ 7 16 ]
[ 7 16 ]
[ 7 16 ]
[ ]
[ ]
[ 8 17 ]
[ 8 17 ]
[ 8 17 ]
[ 8 17 ]
[ 8 17 ]
[ 8 17 ]
[ 8 17 ]
[ 8 17 ]
[ 8 17 ]
[ 8 17 ]
[ 8 17 ]
[ 8 17 ]
[ ]
[ ]
[ 9 18 ]
[ 9 18 ]
[ 9 18 ]
[ 9 18 ]
[ 9 18 ]
[ 9 18 ]
[ 9 18 ]
[ 9 18 ]
]

ProjectStart: [ 36 4 ]

ProjectEnd: [ 95 98 ]

EarliestStartDayForActivity: [ 1 36 48 36 48 36 44 36 48 36 44 36 65 66 66 66 77 66 83 44 60 1 4 4 4 4 4 54 65 86 16 65 16 4 4 4 65 86 26 47 72 86 86 79 86 16 79 72 79 72 86 65 20 54 ]

LatestStartDayForActivity: [ 1 95 95 95 95 95 95 95 95 95 95 95 95 95 95 95 95 95 95 95 95 1 98 98 98 98 98 98 98 98 98 98 98 98 98 98 98 98 98 98 98 98 98 98 98 98 98 98 98 98 98 98 98 98 ]

EquipmentTypeDemandInActivityWithMode: [
0	0	0	
1	3	1	
2	4	2	
0	1	0	
0	1	0	
1	3	1	
0	1	0	
1	3	1	
0	1	0	
2	4	2	
0	1	0	
0	1	0	
2	4	2	
1	3	1	
2	4	2	
1	3	1	
2	4	2	
0	1	0	
2	4	2	
0	1	0	
1	3	1	
0	0	0	
0	1	0	
0	1	0	
0	1	0	
2	4	2	
2	4	2	
5	9	4	
0	1	0	
3	6	2	
1	3	1	
1	3	1	
1	3	1	
0	1	0	
1	3	1	
0	1	0	
0	1	0	
1	3	1	
1	3	1	
1	3	1	
1	3	1	
1	3	1	
0	1	0	
1	3	1	
2	4	2	
0	1	0	
1	3	1	
1	3	1	
1	3	1	
0	1	0	
0	1	0	
3	6	2	
2	4	2	
0	1	0	

0	0	0	
1	3	1	
3	6	2	
2	4	2	
0	1	0	
1	3	1	
1	3	1	
0	1	0	
0	1	0	
1	3	1	
0	1	0	
0	1	0	
3	6	2	
2	4	2	
1	3	1	
1	3	1	
0	1	0	
1	3	1	
4	7	3	
0	1	0	
0	1	0	
0	0	0	
0	1	0	
1	3	1	
2	4	2	
2	4	2	
1	3	1	
2	4	2	
2	4	2	
2	4	2	
1	3	1	
0	1	0	
2	4	2	
0	1	0	
1	3	1	
0	1	0	
2	4	2	
1	3	1	
1	3	1	
2	4	2	
1	3	1	
0	1	0	
2	4	2	
0	1	0	
2	4	2	
0	1	0	
1	3	1	
0	1	0	
1	3	1	
1	3	1	
0	1	0	
1	3	1	
1	3	1	
1	3	1	

0	0	0	
3	6	2	
2	4	2	
1	3	1	
1	3	1	
0	1	0	
0	1	0	
0	1	0	
3	6	2	
0	1	0	
3	6	2	
1	3	1	
0	1	0	
1	3	1	
3	6	2	
1	3	1	
1	3	1	
1	3	1	
0	1	0	
0	1	0	
1	3	1	
0	0	0	
2	4	2	
3	6	2	
0	1	0	
0	1	0	
1	3	1	
2	4	2	
2	4	2	
3	6	2	
1	3	1	
1	3	1	
1	3	1	
1	3	1	
1	3	1	
2	4	2	
1	3	1	
3	6	2	
0	1	0	
0	1	0	
4	7	3	
1	3	1	
4	7	3	
0	1	0	
1	3	1	
0	1	0	
0	1	0	
2	4	2	
4	7	3	
2	4	2	
2	4	2	
0	1	0	
0	1	0	
2	4	2	

0	0	0	
1	3	1	
1	3	1	
0	1	0	
1	3	1	
1	3	1	
0	1	0	
1	3	1	
1	3	1	
1	3	1	
0	1	0	
0	1	0	
0	1	0	
0	1	0	
0	1	0	
0	1	0	
0	1	0	
3	6	2	
0	1	0	
0	1	0	
1	3	1	
0	0	0	
0	1	0	
1	3	1	
0	1	0	
0	1	0	
0	1	0	
0	1	0	
0	1	0	
2	4	2	
0	1	0	
2	4	2	
0	1	0	
0	1	0	
1	3	1	
1	3	1	
0	1	0	
1	3	1	
1	3	1	
0	1	0	
0	1	0	
2	4	2	
2	4	2	
0	1	0	
1	3	1	
0	1	0	
1	3	1	
0	1	0	
2	4	2	
0	1	0	
0	1	0	
0	1	0	
1	3	1	
1	3	1	

0	0	0	
0	1	0	
1	3	1	
2	4	2	
2	4	2	
0	1	0	
0	1	0	
0	1	0	
0	1	0	
0	1	0	
2	4	2	
1	3	1	
1	3	1	
0	1	0	
1	3	1	
0	1	0	
1	3	1	
0	1	0	
0	1	0	
3	6	2	
0	1	0	
0	0	0	
0	1	0	
1	3	1	
1	3	1	
0	1	0	
1	3	1	
2	4	2	
2	4	2	
1	3	1	
2	4	2	
0	1	0	
2	4	2	
0	1	0	
1	3	1	
0	1	0	
0	1	0	
4	7	3	
0	1	0	
1	3	1	
0	1	0	
1	3	1	
2	4	2	
0	1	0	
2	4	2	
1	3	1	
1	3	1	
2	4	2	
0	1	0	
1	3	1	
1	3	1	
1	3	1	
1	3	1	
1	3	1	

0	0	0	
0	1	0	
4	7	3	
0	1	0	
2	4	2	
2	4	2	
0	1	0	
0	1	0	
0	1	0	
3	6	2	
2	4	2	
1	3	1	
0	1	0	
0	1	0	
0	1	0	
3	6	2	
0	1	0	
2	4	2	
2	4	2	
1	3	1	
2	4	2	
0	0	0	
2	4	2	
1	3	1	
3	6	2	
1	3	1	
0	1	0	
1	3	1	
1	3	1	
1	3	1	
0	1	0	
3	6	2	
3	6	2	
0	1	0	
0	1	0	
1	3	1	
2	4	2	
2	4	2	
1	3	1	
0	1	0	
0	1	0	
1	3	1	
1	3	1	
0	1	0	
1	3	1	
1	3	1	
1	3	1	
0	1	0	
1	3	1	
0	1	0	
0	1	0	
1	3	1	
1	3	1	
0	1	0	

0	0	0	
3	6	2	
0	1	0	
0	1	0	
1	3	1	
2	4	2	
1	3	1	
1	3	1	
1	3	1	
1	3	1	
3	6	2	
0	1	0	
0	1	0	
1	3	1	
0	1	0	
0	1	0	
0	1	0	
0	1	0	
1	3	1	
0	1	0	
2	4	2	
0	0	0	
1	3	1	
0	1	0	
1	3	1	
1	3	1	
0	1	0	
4	7	3	
0	1	0	
0	1	0	
3	6	2	
2	4	2	
1	3	1	
0	1	0	
0	1	0	
4	7	3	
1	3	1	
0	1	0	
0	1	0	
1	3	1	
1	3	1	
0	1	0	
0	1	0	
2	4	2	
1	3	1	
0	1	0	
0	1	0	
1	3	1	
0	1	0	
1	3	1	
1	3	1	
4	7	3	
0	1	0	
1	3	1	

]

ExternalEquipmentRentingCost: [
2754	4053	2882	2835	1371	4281	1472	4987	3774	5805	3119	2466	1852	3798	1468	4807	3673	1598	5552	2631	3899	1981	1769	2556	5795	4073	2399	3133	2482	5956	1490	4364	1439	1848	3734	5951	2499	5673	1340	4021	1188	2764	5906	2654	1857	2988	2311	2151	4345	5914	3599	5509	1090	2274	
4302	2436	1204	5170	3791	4364	1945	1515	2812	1603	3924	1811	1721	4615	4971	3575	5592	1375	1791	1172	3430	2512	4116	5742	1435	3668	4272	3140	3326	1028	4605	4477	3028	3706	4346	3544	4342	5929	2384	5940	5256	2070	2866	1966	4614	4406	3905	4429	3637	3711	5848	2688	1407	5141	
3362	3220	3402	1146	5276	3569	5078	2871	1986	4652	5920	5603	2156	4101	2226	5298	5059	5638	1151	1633	5642	4422	5198	4196	4159	4415	3154	1664	3603	3354	4919	1158	4794	5568	1822	4548	4963	5580	5067	5699	2242	5271	3385	3519	1737	5893	1494	2486	4708	1972	2363	2670	5724	3129	
3738	1995	3441	1955	3884	3544	3037	4228	5471	2776	5346	4768	5775	4494	5840	4466	1135	1323	4133	2787	1737	3093	5941	2799	3767	4275	1275	5935	5490	3425	2693	4917	3966	2505	3364	1837	3258	1905	2038	4911	2771	1975	4287	5356	5782	1971	4740	2779	5937	2648	3682	5223	2239	4313	
1924	5749	2543	4733	1850	4980	1905	5218	5126	4103	4126	2936	4898	4799	5555	5950	3208	1478	2279	5527	4892	5326	5945	2546	5031	3668	2840	1104	3017	2842	3580	1551	4059	5430	2634	4520	1316	2808	5309	1323	3357	2170	1205	4972	5907	5622	1209	2110	5964	4687	3933	5123	4980	4423	
1804	3371	1021	2539	3086	1466	2246	3966	5780	3993	3080	1925	4513	1982	4051	3161	2001	4658	1809	4592	4183	3943	5292	3285	5179	5586	5806	2368	2218	5183	4103	2168	1404	4035	4121	3134	5521	5007	3461	3649	1735	1989	4718	3596	2512	4365	4849	2964	2634	1994	4801	3337	2542	3777	
1380	5569	3060	1219	3002	1203	1660	3727	2033	5041	5810	4652	4126	4732	5272	2360	2538	1224	5914	3212	2981	5564	1605	5281	3730	5784	3214	4434	4143	4695	3093	5929	1045	4148	3257	5603	1008	2586	5247	3671	1973	3632	1950	1339	3859	1051	1564	2462	4065	3496	5999	3930	1452	1055	
]

EquipmentTypeTransportationCost: [
1	3784	
3784	1	

1	3818	
3818	1	

1	3653	
3653	1	

1	3708	
3708	1	

1	3661	
3661	1	

1	3094	
3094	1	

1	3743	
3743	1	

]

TransportationTimeForEquipmentTypeBetweenProjects: [
1	1	
1	1	

1	1	
1	1	

1	1	
1	1	

1	1	
1	1	

1	1	
1	1	

1	1	
1	1	

1	1	
1	1	

]

TotalNumberOfInitialEquipmentTypeLocation: [
(1 1) 2 (1 22) 5 
(2 1) 3 (2 22) 5 
(3 1) 2 (3 22) 7 
(4 1) 3 
(5 1) 3 (5 22) 4 
(6 1) 3 (6 22) 6 
(7 1) 3 (7 22) 4 
]

DepotActivities: [ 1 22 ]

MaximalStintCliques: [
[ 2 11 1 10 ]
[ 2 11 3 12 ]
[ 4 13 3 12 ]
[ 4 13 5 14 ]
[ 5 14 6 15 ]
[ 6 15 7 16 ]
[ 7 16 17 8 ]
[ 8 17 9 18 ]
]
