nEmployees: 150
nSkills: 6
nProjects: 2
nDays: 60
nActivities: 34
nEquipmentTypes: 6
nStints: 10
nMaxModes: 1
nStintCliques: 4

EmployeeInStintCost: [
36340 36340 36340 34306 17622 38144 38144 38144 36110 17546 
26204 26204 26204 24116 7180 30072 30072 30072 27984 9168 
33820 33820 33820 31822 15306 35208 35208 35208 33210 14814 
26076 26076 26076 24024 7256 17400 17400 17400 15348 5772 
35884 35884 35884 33832 17064 37520 37520 37520 35468 16820 
37332 37332 37332 35424 19328 39088 39088 39088 37180 19204 
35900 35900 35900 33884 17284 37552 37552 37552 35536 17056 
36620 36620 36620 34496 17392 38272 38272 38272 36148 17164 
30012 30012 30012 28050 11702 31920 31920 31920 29958 11730 
12840 12840 12840 10914 1926 28720 28720 28720 26794 8734 
12360 12360 12360 10506 1854 28240 28240 28240 26386 8662 
27300 27300 27300 25230 8378 28864 28864 28864 26794 8062 
30732 30732 30732 28662 11810 32640 32640 32640 30570 11838 
26684 26684 26684 24560 7456 29312 29312 29312 27188 8204 
28588 28588 28588 26716 10788 30744 30744 30744 28872 11064 
25740 25740 25740 23904 8144 27304 27304 27304 25468 7828 
36804 36804 36804 34644 17372 38464 38464 38464 36304 17152 
12240 12240 12240 10404 1836 28120 28120 28120 26284 8644 
35844 35844 35844 33828 17228 37504 37504 37504 35488 17008 
30132 30132 30132 28152 11720 32040 32040 32040 30060 11748 
32620 32620 32620 30802 15126 34008 34008 34008 32190 14634 
36820 36820 36820 34714 17694 38624 38624 38624 36518 17618 
24364 24364 24364 22636 7380 12760 12760 12760 11032 2968 
26284 26284 26284 24268 7668 14680 14680 14680 12664 3256 
26436 26436 26436 24330 7310 17760 17760 17760 15654 5826 
27132 27132 27132 25332 9740 28504 28504 28504 26704 9232 
33820 33820 33820 31822 15306 35208 35208 35208 33210 14814 
14280 14280 14280 12138 2142 30160 30160 30160 28018 8950 
25804 25804 25804 23860 7596 14200 14200 14200 12256 3184 
30972 30972 30972 28866 11846 32880 32880 32880 30774 11874 
28348 28348 28348 26512 10752 30504 30504 30504 28668 11028 
25356 25356 25356 23412 7148 16680 16680 16680 14736 5664 
34540 34540 34540 32434 15414 35928 35928 35928 33822 14922 
26500 26500 26500 24484 7884 13440 13440 13440 11424 2016 
27492 27492 27492 25638 9794 28864 28864 28864 27010 9286 
29772 29772 29772 27576 10136 31144 31144 31144 28948 9628 
28588 28588 28588 26716 10788 30744 30744 30744 28872 11064 
26340 26340 26340 24414 8234 27904 27904 27904 25978 7918 
36140 36140 36140 34088 17320 37792 37792 37792 35740 17092 
12960 12960 12960 11016 1944 28840 28840 28840 26896 8752 
25740 25740 25740 23904 8144 27304 27304 27304 25468 7828 
26380 26380 26380 24382 7866 13320 13320 13320 11322 1998 
37956 37956 37956 35958 19442 39488 39488 39488 37490 19094 
13800 13800 13800 11730 2070 29680 29680 29680 27610 8878 
26684 26684 26684 24560 7456 29312 29312 29312 27188 8204 
30028 30028 30028 27940 11004 32184 32184 32184 30096 11280 
26820 26820 26820 24822 8306 28384 28384 28384 26386 7990 
39236 39236 39236 37166 20314 40584 40584 40584 38514 19782 
27964 27964 27964 25912 9144 28528 28528 28528 26476 7828 
29372 29372 29372 27518 11674 30720 30720 30720 28866 11142 
34180 34180 34180 32128 15360 35568 35568 35568 33516 14868 
34660 34660 34660 32536 15432 36048 36048 36048 33924 14940 
26924 26924 26924 24728 7288 30792 30792 30792 28596 9276 
11880 11880 11880 10098 1782 27760 27760 27760 25978 8590 
37956 37956 37956 35958 19442 39488 39488 39488 37490 19094 
36924 36924 36924 34746 17390 38584 38584 38584 36406 17170 
35380 35380 35380 33490 17478 37184 37184 37184 35294 17402 
31780 31780 31780 30088 15000 33168 33168 33168 31476 14508 
26700 26700 26700 24720 8288 28264 28264 28264 26284 7972 
25180 25180 25180 23362 7686 12120 12120 12120 10302 1818 
29652 29652 29652 27744 11648 31560 31560 31560 29652 11676 
24524 24524 24524 22688 6928 28392 28392 28392 26556 8916 
25476 25476 25476 23514 7166 16800 16800 16800 14838 5682 
36100 36100 36100 34102 17586 37904 37904 37904 35906 17510 
30092 30092 30092 28130 11782 31440 31440 31440 29478 11250 
34420 34420 34420 32332 15396 35808 35808 35808 33720 14904 
26644 26644 26644 24574 7722 15040 15040 15040 12970 3310 
27036 27036 27036 24840 7400 18360 18360 18360 16164 5916 
34540 34540 34540 32434 15414 35928 35928 35928 33822 14922 
30332 30332 30332 28334 11818 31680 31680 31680 29682 11286 
25924 25924 25924 23962 7614 14320 14320 14320 12358 3202 
25324 25324 25324 23452 7524 13720 13720 13720 11848 3112 
26652 26652 26652 24924 9668 28024 28024 28024 26296 9160 
29172 29172 29172 27066 10046 30544 30544 30544 28438 9538 
27972 27972 27972 26046 9866 29344 29344 29344 27418 9358 
37196 37196 37196 35432 20008 38544 38544 38544 36780 19476 
25964 25964 25964 23948 7348 28592 28592 28592 26576 8096 
36380 36380 36380 34292 17356 38032 38032 38032 35944 17128 
26500 26500 26500 24484 7884 13440 13440 13440 11424 2016 
26316 26316 26316 24228 7292 17640 17640 17640 15552 5808 
25124 25124 25124 23198 7018 28992 28992 28992 27066 9006 
36684 36684 36684 34542 17354 38344 38344 38344 36202 17134 
30388 30388 30388 28246 11058 32544 32544 32544 30402 11334 
38156 38156 38156 36248 20152 39504 39504 39504 37596 19620 
39356 39356 39356 37268 20332 40704 40704 40704 38616 19800 
29428 29428 29428 27430 10914 31584 31584 31584 29586 11190 
26444 26444 26444 24356 7420 29072 29072 29072 26984 8168 
36132 36132 36132 34404 19148 37888 37888 37888 36160 19024 
26044 26044 26044 24064 7632 14440 14440 14440 12460 3220 
11880 11880 11880 10098 1782 27760 27760 27760 25978 8590 
26644 26644 26644 24574 7722 15040 15040 15040 12970 3310 
24524 24524 24524 22724 7132 27152 27152 27152 25352 7880 
33964 33964 33964 32200 16776 35600 35600 35600 33836 16532 
25236 25236 25236 23310 7130 16560 16560 16560 14634 5646 
26164 26164 26164 24166 7650 14560 14560 14560 12562 3238 
36444 36444 36444 34338 17318 38104 38104 38104 35998 17098 
25924 25924 25924 23962 7614 14320 14320 14320 12358 3202 
24636 24636 24636 22800 7040 15960 15960 15960 14124 5556 
38772 38772 38772 36648 19544 40528 40528 40528 38404 19420 
36124 36124 36124 34036 17100 37760 37760 37760 35672 16856 
34220 34220 34220 32456 17032 35872 35872 35872 34108 16804 
28452 28452 28452 26454 9938 29824 29824 29824 27826 9430 
26164 26164 26164 24382 8874 26728 26728 26728 24946 7558 
12600 12600 12600 10710 1890 28480 28480 28480 26590 8698 
27004 27004 27004 25096 9000 27568 27568 27568 25660 7684 
24764 24764 24764 22928 7168 27392 27392 27392 25556 7916 
13200 13200 13200 11220 1980 29080 29080 29080 27100 8788 
34924 34924 34924 33016 16920 36560 36560 36560 34652 16676 
34900 34900 34900 33082 17406 36704 36704 36704 34886 17330 
25724 25724 25724 23744 7312 28352 28352 28352 26372 8060 
35164 35164 35164 33220 16956 36800 36800 36800 34856 16712 
23916 23916 23916 22188 6932 15240 15240 15240 13512 5448 
28812 28812 28812 27030 11522 30720 30720 30720 28938 11550 
36972 36972 36972 35118 19274 38728 38728 38728 36874 19150 
35300 35300 35300 33374 17194 36952 36952 36952 35026 16966 
26764 26764 26764 24676 7740 15160 15160 15160 13072 3328 
37452 37452 37452 35526 19346 39208 39208 39208 37282 19222 
38892 38892 38892 36750 19562 40648 40648 40648 38506 19438 
26444 26444 26444 24320 7216 30312 30312 30312 28188 9204 
24884 24884 24884 22994 6982 28752 28752 28752 26862 8970 
34524 34524 34524 32706 17030 36184 36184 36184 34366 16810 
36140 36140 36140 34088 17320 37792 37792 37792 35740 17092 
25804 25804 25804 24076 8820 26368 26368 26368 24640 7504 
38276 38276 38276 36350 20170 39624 39624 39624 37698 19638 
34780 34780 34780 32980 17388 36584 36584 36584 34784 17312 
34300 34300 34300 32572 17316 36104 36104 36104 34376 17240 
24996 24996 24996 23106 7094 16320 16320 16320 14430 5610 
30692 30692 30692 28640 11872 32040 32040 32040 29988 11340 
26500 26500 26500 24484 7884 13440 13440 13440 11424 2016 
29068 29068 29068 27124 10860 31224 31224 31224 29280 11136 
35164 35164 35164 33220 16956 36800 36800 36800 34856 16712 
29412 29412 29412 27270 10082 30784 30784 30784 28642 9574 
36020 36020 36020 33986 17302 37672 37672 37672 35638 17074 
27484 27484 27484 25504 9072 28048 28048 28048 26068 7756 
26772 26772 26772 25026 9686 28144 28144 28144 26398 9178 
25004 25004 25004 23096 7000 28872 28872 28872 26964 8988 
36372 36372 36372 34608 19184 38128 38128 38128 36364 19060 
38156 38156 38156 36248 20152 39504 39504 39504 37596 19620 
39972 39972 39972 37668 19724 41728 41728 41728 39424 19600 
24644 24644 24644 22826 7150 27272 27272 27272 25454 7898 
25244 25244 25244 23300 7036 29112 29112 29112 27168 9024 
29652 29652 29652 27744 11648 31560 31560 31560 29652 11676 
27220 27220 27220 25096 7992 14160 14160 14160 12036 2124 
24644 24644 24644 22826 7150 27272 27272 27272 25454 7898 
25740 25740 25740 23904 8144 27304 27304 27304 25468 7828 
26580 26580 26580 24618 8270 28144 28144 28144 26182 7954 
27004 27004 27004 25096 9000 27568 27568 27568 25660 7684 
38196 38196 38196 36162 19478 39728 39728 39728 37694 19130 
34524 34524 34524 32706 17030 36184 36184 36184 34366 16810 
25116 25116 25116 23208 7112 16440 16440 16440 14532 5628 
]

ExternalWorkerWithSkillOnStintCost: [
30672 33264 41328 29376 13584 33048 33624 39816 36936 12240 
41760 30600 42336 33768 13080 39888 35064 38376 40464 11928 
38448 34848 39312 36288 12984 39024 37944 42624 38880 13464 
38376 36720 30456 37008 10872 30888 29016 37728 42624 10968 
29232 31320 31896 31464 11592 29448 42696 30888 30456 13896 
39672 33984 32832 36792 12864 37224 33120 29160 33192 13464 
]

OverlappingStints: [
[ 2 6 7 ]
[ 3 6 7 8 ]
[ 4 7 8 9 ]
[ 5 8 9 10 ]
[ 9 10 ]
[ 7 ]
[ 8 ]
[ 9 ]
[ 10 ]
[ ]
]

EmployeesWithSkill: [
[ 1 2 3 4 5 6 7 8 9 10 11 12 13 14 15 16 17 18 19 20 21 22 23 24 25 26 27 28 29 30 31 32 33 34 35 36 37 38 39 40 41 42 43 44 45 46 47 48 49 50 51 52 53 54 55 56 57 58 59 60 61 62 63 64 65 66 67 68 69 70 71 72 73 74 75 76 77 78 79 80 81 82 83 84 85 86 87 88 89 90 91 92 93 94 95 96 97 98 99 100 101 102 103 104 105 106 107 108 109 110 111 112 113 114 115 116 117 118 119 120 121 122 123 124 125 126 127 128 129 130 131 132 133 134 135 136 137 138 139 140 141 142 143 144 145 146 147 148 149 150 ]
[ 3 4 7 10 11 12 14 17 18 20 21 24 27 28 30 32 33 34 35 36 37 39 45 46 48 50 52 53 56 59 61 62 67 72 74 75 76 77 78 79 80 83 84 87 90 91 92 93 95 98 99 101 102 104 107 109 110 111 114 115 117 118 119 125 128 131 132 134 136 138 139 142 150 ]
[ 1 2 11 17 22 28 31 48 53 55 56 81 83 92 96 97 118 122 130 139 ]
[ 2 3 5 6 7 8 9 11 12 13 14 16 17 18 19 21 22 25 27 28 30 32 33 35 36 37 38 39 40 43 44 45 46 48 49 51 52 54 56 57 60 62 63 66 67 68 69 70 71 73 74 78 79 80 81 82 83 84 87 89 90 94 97 98 100 102 103 104 108 111 114 115 116 117 118 119 120 121 122 124 127 129 130 131 132 133 134 136 138 139 140 143 144 145 147 149 ]
[ 4 7 8 10 16 17 20 25 26 28 32 33 34 37 38 41 43 45 47 48 55 56 59 67 68 71 77 80 82 87 91 96 97 98 103 104 107 111 118 122 124 129 131 132 133 134 136 137 139 141 147 150 ]
[ 1 2 3 4 6 8 9 13 14 15 16 17 18 20 23 26 29 30 31 33 34 36 38 43 44 47 48 49 51 53 54 55 57 60 61 62 68 69 72 74 75 79 82 84 85 86 89 91 94 95 99 105 107 109 110 113 114 117 118 119 120 122 125 128 129 131 135 139 140 142 143 146 147 148 149 ]
]

SkillDemandInActivityWithMode: [
0	
6	
7	
7	
3	
7	
5	
8	
5	
5	
4	
7	
8	
2	
4	
7	
0	
69	
57	
38	
11	
43	
14	
49	
8	
29	
22	
19	
15	
43	
49	
57	
57	
35	

0	
19	
23	
23	
7	
23	
17	
27	
17	
15	
13	
22	
27	
6	
13	
22	
0	
12	
10	
6	
1	
7	
2	
8	
1	
5	
3	
3	
2	
7	
8	
10	
10	
6	

0	
5	
6	
6	
1	
6	
4	
7	
4	
4	
3	
5	
7	
1	
3	
5	
0	
3	
3	
2	
0	
2	
0	
2	
0	
1	
1	
1	
0	
2	
2	
3	
3	
1	

0	
30	
35	
35	
11	
35	
26	
42	
26	
23	
21	
34	
41	
9	
20	
34	
0	
11	
9	
6	
1	
6	
2	
7	
1	
4	
3	
3	
2	
6	
7	
9	
9	
5	

0	
10	
12	
12	
3	
12	
9	
14	
9	
8	
7	
12	
14	
3	
7	
12	
0	
13	
11	
7	
2	
8	
2	
9	
1	
5	
4	
3	
2	
8	
9	
10	
10	
6	

0	
17	
20	
20	
6	
20	
15	
24	
15	
13	
12	
20	
24	
5	
12	
20	
0	
16	
13	
9	
2	
10	
3	
11	
1	
6	
5	
4	
3	
10	
11	
13	
13	
8	

]

EmployeeAvailability: [
1 0 0 1 1 1 0 0 1 1 
1 0 0 1 1 1 0 0 1 1 
1 1 0 1 1 1 1 0 1 1 
1 1 1 0 1 1 1 1 0 1 
1 0 1 1 1 1 0 1 1 1 
1 1 1 1 1 1 1 1 1 1 
1 1 1 0 1 1 1 1 0 1 
1 1 1 1 1 1 1 1 1 1 
1 1 1 1 1 1 1 1 1 1 
0 1 1 1 1 0 1 1 1 1 
1 1 1 0 1 1 1 1 0 1 
1 1 0 1 1 1 1 0 1 1 
1 0 1 0 1 1 0 1 0 1 
1 1 1 1 1 1 1 1 1 1 
1 1 0 0 1 1 1 0 0 1 
1 1 1 1 1 1 1 1 1 1 
0 0 1 1 1 0 0 1 1 1 
1 1 1 1 1 1 1 1 1 1 
1 0 1 1 0 1 0 1 1 0 
1 0 1 0 0 1 0 1 0 0 
0 0 1 1 1 0 0 1 1 1 
1 1 1 1 1 1 1 1 1 1 
0 0 1 1 1 0 0 1 1 1 
0 0 1 1 1 0 0 1 1 1 
1 1 0 0 1 1 1 0 0 1 
1 1 1 0 1 1 1 1 0 1 
1 1 1 1 1 1 1 1 1 1 
1 1 1 1 1 1 1 1 1 1 
1 1 0 0 1 1 1 0 0 1 
1 1 1 0 1 1 1 1 0 1 
0 0 1 1 1 0 0 1 1 1 
1 1 1 1 1 1 1 1 1 1 
1 1 1 1 1 1 1 1 1 1 
1 1 0 1 1 1 1 0 1 1 
1 1 1 1 1 1 1 1 1 1 
1 0 1 1 0 1 0 1 1 0 
1 1 0 0 1 1 1 0 0 1 
1 1 1 1 1 1 1 1 1 1 
1 1 1 1 1 1 1 1 1 1 
0 1 1 1 1 0 1 1 1 1 
1 0 1 1 1 1 0 1 1 1 
1 1 1 0 1 1 1 1 0 1 
0 1 1 1 0 0 1 1 1 0 
0 1 1 1 1 0 1 1 1 1 
0 1 0 1 1 0 1 0 1 1 
0 1 1 1 1 0 1 1 1 1 
1 0 1 1 1 1 0 1 1 1 
1 0 1 1 1 1 0 1 1 1 
1 1 0 0 1 1 1 0 0 1 
0 1 1 1 1 0 1 1 1 1 
1 1 1 1 0 1 1 1 1 0 
1 0 1 0 1 1 0 1 0 1 
1 0 1 1 1 1 0 1 1 1 
1 1 0 1 1 1 1 0 1 1 
1 1 1 1 1 1 1 1 1 1 
1 1 1 1 1 1 1 1 1 1 
1 1 0 1 1 1 1 0 1 1 
1 0 0 1 1 1 0 0 1 1 
1 0 1 0 1 1 0 1 0 1 
1 1 1 0 1 1 1 1 0 1 
1 1 0 1 1 1 1 0 1 1 
1 0 1 0 1 1 0 1 0 1 
1 1 1 1 1 1 1 1 1 1 
0 0 0 1 1 0 0 0 1 1 
1 0 1 1 1 1 0 1 1 1 
1 1 1 1 1 1 1 1 1 1 
0 1 1 1 0 0 1 1 1 0 
1 1 1 1 1 1 1 1 1 1 
1 1 0 1 1 1 1 0 1 1 
1 0 1 1 1 1 0 1 1 1 
1 1 0 1 1 1 1 0 1 1 
0 1 1 0 1 0 1 1 0 1 
1 1 1 1 1 1 1 1 1 1 
1 0 1 1 1 1 0 1 1 1 
0 1 1 0 1 0 1 1 0 1 
1 0 1 1 0 1 0 1 1 0 
1 0 0 1 1 1 0 0 1 1 
1 0 1 0 0 1 0 1 0 0 
0 1 1 1 1 0 1 1 1 1 
1 1 1 1 1 1 1 1 1 1 
1 1 1 0 1 1 1 1 0 1 
1 1 0 0 1 1 1 0 0 1 
1 1 1 1 1 1 1 1 1 1 
0 1 0 1 1 0 1 0 1 1 
1 1 1 0 1 1 1 1 0 1 
1 0 1 1 0 1 0 1 1 0 
1 1 1 0 1 1 1 1 0 1 
1 1 1 1 1 1 1 1 1 1 
1 1 1 0 1 1 1 1 0 1 
1 1 1 1 1 1 1 1 1 1 
0 0 0 1 1 0 0 0 1 1 
1 1 1 1 1 1 1 1 1 1 
1 0 1 1 1 1 0 1 1 1 
1 0 1 0 1 1 0 1 0 1 
1 1 1 1 1 1 1 1 1 1 
1 1 0 1 1 1 1 0 1 1 
1 1 1 1 1 1 1 1 1 1 
1 1 1 1 1 1 1 1 1 1 
1 0 1 1 1 1 0 1 1 1 
1 1 1 1 1 1 1 1 1 1 
1 1 1 1 1 1 1 1 1 1 
1 1 1 1 1 1 1 1 1 1 
0 1 1 0 1 0 1 1 0 1 
1 1 1 1 1 1 1 1 1 1 
1 1 1 1 1 1 1 1 1 1 
0 1 0 1 1 0 1 0 1 1 
0 1 1 1 0 0 1 1 1 0 
0 1 0 1 0 0 1 0 1 0 
1 1 0 1 1 1 1 0 1 1 
1 1 1 0 1 1 1 1 0 1 
1 1 1 1 0 1 1 1 1 0 
1 1 1 0 1 1 1 1 0 1 
1 1 0 1 1 1 1 0 1 1 
0 0 1 1 0 0 0 1 1 0 
1 1 1 0 1 1 1 1 0 1 
1 0 1 1 1 1 0 1 1 1 
0 1 1 0 1 0 1 1 0 1 
0 1 1 1 1 0 1 1 1 1 
1 1 1 1 1 1 1 1 1 1 
1 1 1 1 1 1 1 1 1 1 
1 0 1 1 1 1 0 1 1 1 
1 1 0 0 1 1 1 0 0 1 
1 1 1 0 0 1 1 1 0 0 
1 1 1 1 1 1 1 1 1 1 
1 0 1 1 1 1 0 1 1 1 
1 1 1 0 0 1 1 1 0 0 
0 1 1 1 1 0 1 1 1 1 
0 0 1 1 1 0 0 1 1 1 
1 1 1 1 1 1 1 1 1 1 
1 1 1 1 1 1 1 1 1 1 
0 1 1 1 0 0 1 1 1 0 
0 1 0 1 1 0 1 0 1 1 
1 0 1 1 1 1 0 1 1 1 
1 1 0 1 1 1 1 0 1 1 
1 1 0 0 1 1 1 0 0 1 
0 1 1 1 1 0 1 1 1 1 
0 1 1 1 1 0 1 1 1 1 
1 1 1 1 1 1 1 1 1 1 
1 1 1 0 1 1 1 1 0 1 
1 1 0 1 1 1 1 0 1 1 
1 1 0 0 1 1 1 0 0 1 
0 1 1 0 1 0 1 1 0 1 
1 1 1 1 1 1 1 1 1 1 
1 1 1 1 1 1 1 1 1 1 
1 1 0 1 1 1 1 0 1 1 
1 1 1 1 1 1 1 1 1 1 
1 1 1 1 1 1 1 1 1 1 
1 1 1 0 1 1 1 1 0 1 
1 1 1 1 0 1 1 1 1 0 
1 0 1 0 1 1 0 1 0 1 
]

EmployeeWantedInStint: [ (1 1) 1 (5 7) 1 (6 3) 1 (15 10) 1 (30 2) 1 (35 2) 1 (45 6) 1 (49 3) 1 (49 4) 1 (51 9) 1 (59 1) 1 (65 2) 1 (74 6) 1 (83 7) 1 (88 4) 1 (89 2) 1 (91 2) 1 (92 10) 1 (95 1) 1 (97 3) 1 (108 5) 1 (116 9) 1 (118 3) 1 (122 10) 1 (134 4) 1 (135 8) 1 ]

EmployeeWantedViolationCost: [ (1 1) 7000 (5 7) 14000 (6 3) 5000 (15 10) 9000 (30 2) 13000 (35 2) 5000 (45 6) 11000 (49 3) 5000 (49 4) 11000 (51 9) 12000 (59 1) 5000 (65 2) 12000 (74 6) 10000 (83 7) 5000 (88 4) 11000 (89 2) 10000 (91 2) 6000 (92 10) 10000 (95 1) 8000 (97 3) 5000 (108 5) 14000 (116 9) 13000 (118 3) 11000 (122 10) 5000 (134 4) 10000 (135 8) 12000 ]

EmployeesThatShouldNotWorkTogetherWithEmployee: [
[ 33 36 65 70 79 123 124 ]
[ 12 31 33 39 40 49 51 55 140 149 ]
[ 11 30 31 35 73 74 99 117 127 ]
[ 80 83 108 ]
[ 13 36 55 66 76 79 142 ]
[ 45 52 77 115 121 134 ]
[ 50 65 77 103 ]
[ 25 40 50 52 125 ]
[ 12 18 47 49 72 80 138 ]
[ 70 78 134 ]
[ 14 27 54 98 ]
[ 29 62 88 93 118 ]
[ 60 92 117 127 131 ]
[ 16 49 83 85 95 135 ]
[ 37 64 80 97 103 114 122 131 ]
[ 38 40 52 85 110 122 124 137 ]
[ 45 50 59 87 89 127 128 ]
[ 46 88 128 ]
[ 33 64 75 104 119 ]
[ 30 57 82 89 ]
[ 27 112 129 150 ]
[ 82 117 126 143 148 ]
[ 67 138 ]
[ 61 79 109 112 138 ]
[ 42 45 105 110 113 140 146 ]
[ 62 118 124 142 ]
[ 41 66 80 114 118 127 135 145 ]
[ 76 77 94 130 137 ]
[ 42 72 99 111 117 142 149 ]
[ 84 85 107 128 148 ]
[ 53 55 60 73 107 ]
[ 67 70 95 ]
[ 34 54 57 64 77 80 87 97 102 136 150 ]
[ 35 43 64 83 101 107 114 126 137 ]
[ 50 57 79 92 ]
[ 80 84 89 106 111 129 ]
[ 41 45 57 82 120 130 148 ]
[ 47 76 77 148 150 ]
[ 78 89 103 134 147 ]
[ 63 89 99 123 134 ]
[ 43 68 81 109 ]
[ 58 61 96 106 ]
[ 68 85 122 128 ]
[ 76 149 ]
[ 53 60 66 83 85 95 ]
[ 94 100 125 ]
[ 51 69 100 113 127 140 ]
[ 92 94 104 129 139 ]
[ 62 137 ]
[ 55 60 65 68 88 124 ]
[ 79 89 135 136 ]
[ 108 112 ]
[ 61 123 126 ]
[ 98 130 143 ]
[ 60 119 123 127 128 136 139 ]
[ 69 76 113 116 129 136 ]
[ 118 124 132 ]
[ 68 86 113 117 126 137 145 ]
[ 63 75 99 101 103 110 112 119 150 ]
[ 88 95 136 ]
[ 97 99 105 137 ]
[ 77 91 101 118 143 ]
[ 87 109 114 115 136 ]
[ 108 111 116 126 134 137 ]
[ 128 ]
[ 86 93 100 137 ]
[ 70 79 111 116 120 ]
[ 135 ]
[ 71 86 89 110 124 ]
[ 139 ]
[ 76 82 115 ]
[ 81 83 89 92 93 ]
[ 90 114 137 ]
[ 117 140 143 150 ]
[ 85 145 148 150 ]
[ 112 126 129 137 ]
[ 78 82 98 106 122 ]
[ 79 83 85 98 ]
[ 113 116 ]
[ 92 94 113 ]
[ 97 ]
[ 89 101 104 107 109 119 139 148 ]
[ 99 136 140 ]
[ 135 ]
[ 91 138 ]
[ 149 ]
[ 92 101 140 142 ]
[ 112 123 132 135 ]
[ 93 98 ]
[ 97 141 147 ]
[ ]
[ 101 129 130 ]
[ 118 131 146 147 ]
[ 106 110 146 ]
[ 106 130 148 ]
[ ]
[ 104 113 135 ]
[ 114 142 ]
[ 143 ]
[ 121 129 134 138 146 149 ]
[ 109 ]
[ 103 133 145 ]
[ 111 ]
[ 115 118 124 144 148 ]
[ 108 138 ]
[ 124 134 141 142 ]
[ 131 146 ]
[ 111 127 146 148 ]
[ 112 145 ]
[ 144 ]
[ ]
[ 120 136 ]
[ 120 143 ]
[ 132 139 ]
[ 123 132 136 ]
[ 144 ]
[ 133 ]
[ ]
[ 133 ]
[ 123 138 140 ]
[ 127 129 ]
[ 145 ]
[ 140 ]
[ 145 ]
[ ]
[ 136 149 ]
[ ]
[ ]
[ 140 150 ]
[ 135 140 ]
[ ]
[ 133 143 ]
[ 145 ]
[ ]
[ 147 ]
[ ]
[ ]
[ 144 149 ]
[ 144 ]
[ ]
[ 146 ]
[ ]
[ 148 ]
[ 150 ]
[ ]
[ ]
[ ]
[ ]
[ ]
[ ]
]

ShouldNotWorkTogetherCost: [ (1 33) 99 (1 36) 297 (1 65) 198 (1 70) 198 (1 79) 396 (1 123) 99 (1 124) 198 (2 12) 99 (2 31) 198 (2 33) 297 (2 39) 198 (2 40) 198 (2 49) 198 (2 51) 99 (2 55) 396 (2 140) 396 (2 149) 198 (3 11) 198 (3 30) 198 (3 31) 198 (3 35) 198 (3 73) 396 (3 74) 198 (3 99) 198 (3 117) 99 (3 127) 198 (4 80) 297 (4 83) 198 (4 108) 297 (5 13) 396 (5 36) 99 (5 55) 198 (5 66) 198 (5 76) 297 (5 79) 396 (5 142) 297 (6 45) 297 (6 52) 99 (6 77) 396 (6 115) 99 (6 121) 297 (6 134) 396 (7 50) 396 (7 65) 198 (7 77) 99 (7 103) 198 (8 25) 99 (8 40) 297 (8 50) 99 (8 52) 297 (8 125) 198 (9 12) 396 (9 18) 99 (9 47) 396 (9 49) 198 (9 72) 198 (9 80) 396 (9 138) 396 (10 70) 396 (10 78) 198 (10 134) 297 (11 14) 99 (11 27) 99 (11 54) 396 (11 98) 297 (12 29) 198 (12 62) 297 (12 88) 198 (12 93) 297 (12 118) 297 (13 60) 198 (13 92) 297 (13 117) 396 (13 127) 198 (13 131) 198 (14 16) 396 (14 49) 297 (14 83) 99 (14 85) 396 (14 95) 99 (14 135) 198 (15 37) 396 (15 64) 297 (15 80) 297 (15 97) 396 (15 103) 198 (15 114) 99 (15 122) 396 (15 131) 99 (16 38) 99 (16 40) 198 (16 52) 198 (16 85) 198 (16 110) 198 (16 122) 99 (16 124) 396 (16 137) 99 (17 45) 99 (17 50) 297 (17 59) 198 (17 87) 396 (17 89) 99 (17 127) 396 (17 128) 198 (18 46) 297 (18 88) 99 (18 128) 99 (19 33) 297 (19 64) 396 (19 75) 297 (19 104) 396 (19 119) 297 (20 30) 198 (20 57) 198 (20 82) 99 (20 89) 99 (21 27) 198 (21 112) 198 (21 129) 198 (21 150) 297 (22 82) 396 (22 117) 396 (22 126) 396 (22 143) 99 (22 148) 198 (23 67) 297 (23 138) 396 (24 61) 396 (24 79) 99 (24 109) 198 (24 112) 396 (24 138) 396 (25 42) 297 (25 45) 297 (25 105) 297 (25 110) 99 (25 113) 99 (25 140) 198 (25 146) 297 (26 62) 99 (26 118) 396 (26 124) 297 (26 142) 198 (27 41) 99 (27 66) 297 (27 80) 198 (27 114) 396 (27 118) 396 (27 127) 297 (27 135) 198 (27 145) 396 (28 76) 297 (28 77) 297 (28 94) 297 (28 130) 99 (28 137) 297 (29 42) 297 (29 72) 396 (29 99) 297 (29 111) 396 (29 117) 99 (29 142) 297 (29 149) 297 (30 84) 396 (30 85) 198 (30 107) 198 (30 128) 396 (30 148) 99 (31 53) 99 (31 55) 99 (31 60) 297 (31 73) 99 (31 107) 297 (32 67) 396 (32 70) 396 (32 95) 396 (33 34) 396 (33 54) 99 (33 57) 297 (33 64) 396 (33 77) 297 (33 80) 297 (33 87) 297 (33 97) 396 (33 102) 297 (33 136) 297 (33 150) 198 (34 35) 198 (34 43) 396 (34 64) 99 (34 83) 99 (34 101) 297 (34 107) 297 (34 114) 198 (34 126) 297 (34 137) 99 (35 50) 99 (35 57) 396 (35 79) 198 (35 92) 99 (36 80) 297 (36 84) 198 (36 89) 297 (36 106) 99 (36 111) 99 (36 129) 297 (37 41) 198 (37 45) 297 (37 57) 396 (37 82) 396 (37 120) 99 (37 130) 198 (37 148) 396 (38 47) 396 (38 76) 99 (38 77) 396 (38 148) 198 (38 150) 198 (39 78) 99 (39 89) 198 (39 103) 297 (39 134) 396 (39 147) 99 (40 63) 198 (40 89) 198 (40 99) 297 (40 123) 99 (40 134) 198 (41 43) 99 (41 68) 198 (41 81) 198 (41 109) 198 (42 58) 297 (42 61) 396 (42 96) 198 (42 106) 99 (43 68) 396 (43 85) 297 (43 122) 297 (43 128) 99 (44 76) 198 (44 149) 396 (45 53) 297 (45 60) 198 (45 66) 198 (45 83) 198 (45 85) 198 (45 95) 198 (46 94) 198 (46 100) 297 (46 125) 396 (47 51) 99 (47 69) 198 (47 100) 198 (47 113) 99 (47 127) 99 (47 140) 396 (48 92) 297 (48 94) 99 (48 104) 198 (48 129) 297 (48 139) 99 (49 62) 396 (49 137) 198 (50 55) 198 (50 60) 198 (50 65) 99 (50 68) 297 (50 88) 297 (50 124) 99 (51 79) 198 (51 89) 297 (51 135) 396 (51 136) 198 (52 108) 198 (52 112) 297 (53 61) 99 (53 123) 198 (53 126) 99 (54 98) 99 (54 130) 396 (54 143) 99 (55 60) 198 (55 119) 297 (55 123) 396 (55 127) 198 (55 128) 99 (55 136) 198 (55 139) 99 (56 69) 297 (56 76) 198 (56 113) 297 (56 116) 297 (56 129) 396 (56 136) 297 (57 118) 198 (57 124) 99 (57 132) 198 (58 68) 198 (58 86) 99 (58 113) 99 (58 117) 99 (58 126) 99 (58 137) 198 (58 145) 99 (59 63) 297 (59 75) 297 (59 99) 198 (59 101) 396 (59 103) 198 (59 110) 198 (59 112) 396 (59 119) 297 (59 150) 198 (60 88) 297 (60 95) 198 (60 136) 99 (61 97) 297 (61 99) 99 (61 105) 99 (61 137) 198 (62 77) 297 (62 91) 99 (62 101) 198 (62 118) 198 (62 143) 99 (63 87) 99 (63 109) 297 (63 114) 297 (63 115) 198 (63 136) 396 (64 108) 99 (64 111) 396 (64 116) 396 (64 126) 99 (64 134) 297 (64 137) 297 (65 128) 297 (66 86) 99 (66 93) 99 (66 100) 99 (66 137) 297 (67 70) 297 (67 79) 198 (67 111) 396 (67 116) 297 (67 120) 198 (68 135) 198 (69 71) 99 (69 86) 396 (69 89) 198 (69 110) 396 (69 124) 99 (70 139) 396 (71 76) 198 (71 82) 297 (71 115) 297 (72 81) 297 (72 83) 297 (72 89) 297 (72 92) 297 (72 93) 396 (73 90) 297 (73 114) 297 (73 137) 198 (74 117) 297 (74 140) 297 (74 143) 198 (74 150) 198 (75 85) 297 (75 145) 198 (75 148) 297 (75 150) 297 (76 112) 198 (76 126) 198 (76 129) 99 (76 137) 198 (77 78) 297 (77 82) 198 (77 98) 297 (77 106) 99 (77 122) 99 (78 79) 297 (78 83) 297 (78 85) 99 (78 98) 99 (79 113) 99 (79 116) 396 (80 92) 396 (80 94) 198 (80 113) 99 (81 97) 198 (82 89) 198 (82 101) 396 (82 104) 198 (82 107) 99 (82 109) 297 (82 119) 99 (82 139) 396 (82 148) 297 (83 99) 396 (83 136) 396 (83 140) 297 (84 135) 297 (85 91) 396 (85 138) 297 (86 149) 198 (87 92) 297 (87 101) 99 (87 140) 297 (87 142) 297 (88 112) 297 (88 123) 297 (88 132) 297 (88 135) 198 (89 93) 198 (89 98) 396 (90 97) 198 (90 141) 297 (90 147) 396 (92 101) 396 (92 129) 396 (92 130) 396 (93 118) 297 (93 131) 99 (93 146) 297 (93 147) 198 (94 106) 198 (94 110) 99 (94 146) 198 (95 106) 99 (95 130) 99 (95 148) 297 (97 104) 297 (97 113) 99 (97 135) 396 (98 114) 396 (98 142) 198 (99 143) 99 (100 121) 297 (100 129) 198 (100 134) 297 (100 138) 396 (100 146) 297 (100 149) 297 (101 109) 99 (102 103) 297 (102 133) 198 (102 145) 198 (103 111) 198 (104 115) 198 (104 118) 198 (104 124) 198 (104 144) 99 (104 148) 99 (105 108) 396 (105 138) 198 (106 124) 99 (106 134) 198 (106 141) 297 (106 142) 297 (107 131) 99 (107 146) 396 (108 111) 297 (108 127) 297 (108 146) 297 (108 148) 297 (109 112) 99 (109 145) 99 (110 144) 396 (112 120) 198 (112 136) 198 (113 120) 198 (113 143) 396 (114 132) 198 (114 139) 99 (115 123) 198 (115 132) 99 (115 136) 99 (116 144) 297 (117 133) 99 (119 133) 396 (120 123) 396 (120 138) 297 (120 140) 297 (121 127) 198 (121 129) 396 (122 145) 99 (123 140) 99 (124 145) 99 (126 136) 99 (126 149) 297 (129 140) 198 (129 150) 396 (130 135) 198 (130 140) 198 (132 133) 297 (132 143) 99 (133 145) 297 (135 147) 396 (138 144) 297 (138 149) 297 (139 144) 99 (141 146) 396 (143 148) 396 (144 150) 99 ]

ImmediatePredecessorsToActivity: [
[ ]
[ 1 ]
[ 1 ]
[ 1 ]
[ 4 ]
[ 1 ]
[ 1 ]
[ 1 ]
[ 4 7 8 ]
[ 5 ]
[ 2 4 6 ]
[ 5 6 8 ]
[ 3 ]
[ 13 ]
[ 11 ]
[ 3 12 15 ]
[ ]
[ 17 ]
[ 17 ]
[ 18 19 ]
[ 17 ]
[ 19 ]
[ 22 ]
[ 20 ]
[ 17 ]
[ 17 ]
[ 24 26 ]
[ 17 ]
[ 20 ]
[ 28 ]
[ 20 21 30 ]
[ 22 ]
[ 19 24 ]
[ 24 26 30 ]
]

ActivitiesInProject: [
[ 1 2 3 4 5 6 7 8 9 10 11 12 13 14 15 16 ]
[ 17 18 19 20 21 22 23 24 25 26 27 28 29 30 31 32 33 34 ]
]

nActivityModes: [ 1 1 1 1 1 1 1 1 1 1 1 1 1 1 1 1 1 1 1 1 1 1 1 1 1 1 1 1 1 1 1 1 1 1 ]

ActivityDurationWithMode: [
1	
7	
6	
6	
19	
6	
8	
5	
8	
9	
10	
6	
5	
22	
10	
6	
1	
5	
6	
9	
33	
8	
25	
7	
43	
12	
16	
18	
24	
8	
7	
6	
6	
10	
]

StintsInProject: [
[ 1 2 3 4 5 ]
[ 6 7 8 9 10 ]
]

WorkingStintsOnDay: [
[ 1 6 ]
[ 1 6 ]
[ 1 6 ]
[ 1 6 ]
[ 1 6 ]
[ 1 6 ]
[ 1 6 ]
[ 1 6 ]
[ 1 6 ]
[ 1 6 ]
[ 1 6 ]
[ 1 6 ]
[ ]
[ ]
[ 2 7 ]
[ 2 7 ]
[ 2 7 ]
[ 2 7 ]
[ 2 7 ]
[ 2 7 ]
[ 2 7 ]
[ 2 7 ]
[ 2 7 ]
[ 2 7 ]
[ 2 7 ]
[ 2 7 ]
[ ]
[ ]
[ 3 8 ]
[ 3 8 ]
[ 3 8 ]
[ 3 8 ]
[ 3 8 ]
[ 3 8 ]
[ 3 8 ]
[ 3 8 ]
[ 3 8 ]
[ 3 8 ]
[ 3 8 ]
[ 3 8 ]
[ ]
[ ]
[ 4 9 ]
[ 4 9 ]
[ 4 9 ]
[ 4 9 ]
[ 4 9 ]
[ 4 9 ]
[ 4 9 ]
[ 4 9 ]
[ 4 9 ]
[ 4 9 ]
[ 4 9 ]
[ 4 9 ]
[ ]
[ ]
[ 5 10 ]
[ 5 10 ]
[ 5 10 ]
[ 5 10 ]
]

ProjectStart: [ 10 6 ]

ProjectEnd: [ 55 56 ]

EarliestStartDayForActivity: [ 1 10 10 10 18 10 10 10 20 39 19 39 18 23 31 47 1 6 6 12 6 12 22 23 6 6 32 6 23 26 45 22 32 36 ]

LatestStartDayForActivity: [ 1 55 55 55 55 55 55 55 55 55 55 55 55 55 55 55 1 56 56 56 56 56 56 56 56 56 56 56 56 56 56 56 56 56 ]

EquipmentTypeDemandInActivityWithMode: [
0	
2	
1	
1	
0	
3	
1	
0	
4	
3	
2	
2	
0	
0	
0	
1	
0	
1	
0	
2	
1	
2	
0	
0	
0	
0	
2	
0	
0	
1	
1	
2	
0	
0	

0	
3	
2	
2	
1	
1	
0	
0	
0	
1	
1	
0	
1	
1	
1	
0	
0	
1	
1	
2	
2	
0	
0	
3	
1	
0	
0	
2	
0	
0	
3	
0	
0	
1	

0	
1	
1	
0	
0	
1	
0	
0	
2	
0	
0	
0	
1	
2	
0	
0	
0	
0	
1	
0	
0	
1	
0	
0	
0	
1	
0	
0	
0	
1	
0	
0	
0	
1	

0	
2	
0	
1	
0	
0	
1	
0	
0	
0	
1	
1	
2	
2	
1	
0	
0	
0	
0	
2	
2	
0	
1	
0	
1	
2	
2	
0	
2	
1	
2	
2	
0	
1	

0	
0	
1	
2	
1	
1	
1	
0	
0	
1	
1	
0	
2	
1	
0	
3	
0	
1	
1	
0	
2	
1	
2	
0	
3	
1	
0	
1	
2	
0	
1	
1	
2	
3	

0	
0	
2	
0	
1	
1	
0	
2	
1	
0	
0	
0	
1	
0	
2	
1	
0	
1	
0	
1	
3	
2	
0	
0	
1	
2	
1	
0	
2	
0	
1	
0	
1	
2	

]

ExternalEquipmentRentingCost: [
2636	1142	3020	3204	2073	3744	3220	2281	4751	2822	5533	5942	1937	5725	1822	4020	4085	3572	3425	3121	2302	4987	2869	3530	2302	5802	5926	4996	5115	4538	1219	1190	4873	3653	
5730	4608	2586	3610	4005	1091	4708	3361	5121	1756	4649	3617	1661	2723	3398	2365	4628	4170	4139	1920	1421	4861	1917	3538	5785	2332	4327	3791	4067	1127	5010	1483	4408	2432	
2176	5614	4087	2578	4907	2889	4056	5758	1737	4440	3748	3954	1645	4706	5155	5102	2312	2764	4235	1870	2513	5146	4507	2364	2653	5984	2438	2342	1821	1299	2077	1869	4854	5507	
3574	1638	4115	4894	3016	2510	1129	3724	5216	4822	2311	4846	5262	3667	3062	2791	1125	2449	2440	1443	2922	3141	3114	1398	5956	1053	2172	3806	4462	5000	1063	1613	4611	3901	
2777	3663	5463	2510	2849	4837	1012	4781	3736	2501	3677	2249	3385	3543	5729	1402	3845	4288	1537	5838	1022	2061	5629	5377	2633	5379	4533	5267	3007	3786	1374	4321	2666	3680	
1996	2414	5301	3565	2994	3591	4623	5287	5090	4147	3872	5403	1415	5776	4542	4783	2818	4392	3319	4581	5604	5874	1449	5429	4845	3711	2602	5611	2935	2975	3990	1788	4358	5683	
]

EquipmentTypeTransportationCost: [
1	3036	
3036	1	

1	3320	
3320	1	

1	3797	
3797	1	

1	3749	
3749	1	

1	3257	
3257	1	

1	3623	
3623	1	

]

TransportationTimeForEquipmentTypeBetweenProjects: [
1	1	
1	1	

1	1	
1	1	

1	1	
1	1	

1	1	
1	1	

1	1	
1	1	

1	1	
1	1	

]

TotalNumberOfInitialEquipmentTypeLocation: [
(1 1) 4 (1 17) 5 
(2 1) 5 (2 17) 4 
(3 1) 2 
(4 1) 7 (4 17) 1 
(5 1) 3 (5 17) 4 
(6 1) 2 (6 17) 3 
]

DepotActivities: [ 1 17 ]

MaximalStintCliques: [
[ 2 7 1 6 ]
[ 2 7 3 8 ]
[ 4 9 10 5 ]
[ 4 9 3 8 ]
]
