nEmployees: 150
nSkills: 6
nProjects: 2
nDays: 60
nActivities: 19
nEquipmentTypes: 6
nStints: 10
nMaxModes: 2
nStintCliques: 4

EmployeeInStintCost: [
41406 41406 41406 34326 14984 19116 19116 19116 12036 2124 
32524 32524 32524 25984 7398 40266 40266 40266 33726 13850 
41474 41474 41474 34514 15340 22072 22072 22072 15112 5368 
37970 37970 37970 31490 12988 34320 34320 34320 27840 8048 
18954 18954 18954 11934 2106 43050 43050 43050 36030 15482 
18954 18954 18954 11934 2106 43050 43050 43050 36030 15482 
32174 32174 32174 26054 8056 38172 38172 38172 32052 12764 
37798 37798 37798 31438 13104 35180 35180 35180 28820 9196 
34954 34954 34954 27514 7668 42696 42696 42696 35256 14120 
37474 37474 37474 31234 13068 34856 34856 34856 28616 9160 
39528 39528 39528 33348 15266 19966 19966 19966 13786 5134 
40176 40176 40176 33756 15338 20614 20614 20614 14194 5206 
35904 35904 35904 28764 9338 40222 40222 40222 33082 12366 
35028 35028 35028 28968 11054 45714 45714 45714 39654 20450 
40502 40502 40502 33902 15232 21100 21100 21100 14500 5260 
33060 33060 33060 26760 8510 38698 38698 38698 32398 12858 
41474 41474 41474 34514 15340 22072 22072 22072 15112 5368 
34118 34118 34118 27278 8272 40116 40116 40116 33276 12980 
23518 23518 23518 16378 6382 42574 42574 42574 35434 14718 
22222 22222 22222 15562 6238 41278 41278 41278 34618 14574 
32826 32826 32826 26826 8996 37144 37144 37144 31144 12024 
35414 35414 35414 28094 8416 41412 41412 41412 34092 13124 
22546 22546 22546 15766 6274 41602 41602 41602 34822 14610 
36476 36476 36476 29696 10774 47186 47186 47186 40406 20194 
33172 33172 33172 26392 7470 40914 40914 40914 34134 13922 
32686 32686 32686 26086 7416 40428 40428 40428 33828 13868 
32660 32660 32660 26360 8110 38658 38658 38658 32358 12818 
38268 38268 38268 31008 11414 48954 48954 48954 41694 20810 
34842 34842 34842 27882 8708 40480 40480 40480 33520 13056 
40758 40758 40758 33918 14912 18468 18468 18468 11628 2052 
33518 33518 33518 27398 9400 44420 44420 44420 38300 19012 
40986 40986 40986 34266 15428 21424 21424 21424 14704 5296 
35090 35090 35090 27890 8380 41088 41088 41088 33888 13088 
37566 37566 37566 30246 10568 48428 48428 48428 41108 20140 
38284 38284 38284 31744 13158 35666 35666 35666 29126 9250 
36432 36432 36432 29532 10442 47294 47294 47294 40394 20014 
41636 41636 41636 34616 15358 22234 22234 22234 15214 5386 
39590 39590 39590 32510 13168 35940 35940 35940 28860 8228 
37890 37890 37890 30450 10604 48752 48752 48752 41312 20176 
40824 40824 40824 34164 15410 21262 21262 21262 14602 5278 
38720 38720 38720 32780 15034 19318 19318 19318 13378 5062 
36962 36962 36962 30002 10828 47672 47672 47672 40712 20248 
36110 36110 36110 29030 9688 47012 47012 47012 39932 19300 
35786 35786 35786 28826 9652 46688 46688 46688 39728 19264 
39104 39104 39104 32204 13114 35454 35454 35454 28554 8174 
39428 39428 39428 32408 13150 35778 35778 35778 28758 8210 
40176 40176 40176 33756 15338 20614 20614 20614 14194 5206 
37798 37798 37798 31438 13104 35180 35180 35180 28820 9196 
36110 36110 36110 29030 9688 47012 47012 47012 39932 19300 
36224 36224 36224 28604 8506 42222 42222 42222 34602 13214 
18630 18630 18630 11730 2070 42726 42726 42726 35826 15446 
33798 33798 33798 27438 9104 38116 38116 38116 31756 12132 
38106 38106 38106 30906 11396 48792 48792 48792 41592 20792 
34842 34842 34842 27882 8708 40480 40480 40480 33520 13056 
38468 38468 38468 32408 14494 33458 33458 33458 27398 8194 
34712 34712 34712 28292 9874 38790 38790 38790 32370 12662 
35684 35684 35684 28904 9982 39762 39762 39762 32982 12770 
40844 40844 40844 34304 15718 22098 22098 22098 15558 6402 
38718 38718 38718 32838 15176 19156 19156 19156 13276 5044 
33308 33308 33308 26768 8182 39306 39306 39306 32766 12890 
24490 24490 24490 16990 6490 43546 43546 43546 36046 14826 
33546 33546 33546 27066 8564 39184 39184 39184 32704 12912 
37484 37484 37484 31184 12934 33834 33834 33834 27534 7994 
41546 41546 41546 34346 14836 36536 36536 36536 29336 8536 
39094 39094 39094 32254 13248 36476 36476 36476 29636 9340 
35846 35846 35846 29006 10000 39924 39924 39924 33084 12788 
34226 34226 34226 27986 9820 38304 38304 38304 32064 12608 
21574 21574 21574 15154 6166 40630 40630 40630 34210 14502 
38106 38106 38106 30906 11396 48792 48792 48792 41592 20792 
36734 36734 36734 29894 10888 38788 38788 38788 31948 11652 
37058 37058 37058 30098 10924 39112 39112 39112 32152 11688 
34326 34326 34326 28206 10208 45188 45188 45188 39068 19780 
39926 39926 39926 33326 14656 34916 34916 34916 28316 8356 
37566 37566 37566 30246 10568 48428 48428 48428 41108 20140 
35600 35600 35600 29180 10762 37654 37654 37654 31234 11526 
32502 32502 32502 26622 8960 36820 36820 36820 30940 11988 
40412 40412 40412 33632 14710 35402 35402 35402 28622 8410 
33722 33722 33722 27482 9316 39088 39088 39088 32848 13392 
18468 18468 18468 11628 2052 42564 42564 42564 35724 15428 
41406 41406 41406 34326 14984 19116 19116 19116 12036 2124 
34306 34306 34306 27106 7596 42048 42048 42048 34848 14048 
34064 34064 34064 27884 9802 38142 38142 38142 31962 12590 
40520 40520 40520 34100 15682 21774 21774 21774 15354 6366 
35252 35252 35252 27992 8398 41250 41250 41250 33990 13106 
38814 38814 38814 32694 14696 16524 16524 16524 10404 1836 
41082 41082 41082 34122 14948 18792 18792 18792 11832 2088 
21898 21898 21898 15358 6202 40954 40954 40954 34414 14538 
40014 40014 40014 33654 15320 20452 20452 20452 14092 5188 
33172 33172 33172 26392 7470 40914 40914 40914 34134 13922 
33578 33578 33578 27578 9748 37656 37656 37656 31656 12536 
36758 36758 36758 29438 9760 47660 47660 47660 40340 19372 
35904 35904 35904 28764 9338 40222 40222 40222 33082 12366 
41568 41568 41568 34428 15002 19278 19278 19278 12138 2142 
37646 37646 37646 31286 12952 33996 33996 33996 27636 8012 
37484 37484 37484 31184 12934 33834 33834 33834 27534 7994 
33658 33658 33658 26698 7524 41400 41400 41400 34440 13976 
38490 38490 38490 32490 14660 16200 16200 16200 10200 1800 
38608 38608 38608 31948 13194 35990 35990 35990 29330 9286 
41816 41816 41816 34916 15826 23070 23070 23070 16170 6510 
22708 22708 22708 15868 6292 41764 41764 41764 34924 14628 
36110 36110 36110 29030 9688 47012 47012 47012 39932 19300 
23518 23518 23518 16378 6382 42574 42574 42574 35434 14718 
39116 39116 39116 32816 14566 34106 34106 34106 27806 8266 
35600 35600 35600 29180 10762 37654 37654 37654 31234 11526 
35300 35300 35300 28520 9598 46202 46202 46202 39422 19210 
35114 35114 35114 28874 10708 37168 37168 37168 30928 11472 
34442 34442 34442 27482 8308 40440 40440 40440 33480 13016 
41330 41330 41330 34610 15772 22584 22584 22584 15864 6456 
42120 42120 42120 34980 15554 22558 22558 22558 15418 5422 
41312 41312 41312 34412 15322 21910 21910 21910 15010 5350 
41472 41472 41472 34572 15482 21910 21910 21910 15010 5350 
21412 21412 21412 15052 6148 40468 40468 40468 34108 14484 
42788 42788 42788 35528 15934 24042 24042 24042 16782 6618 
38354 38354 38354 30914 11068 40408 40408 40408 32968 11832 
34790 34790 34790 28670 10672 36844 36844 36844 30724 11436 
38284 38284 38284 31744 13158 35666 35666 35666 29126 9250 
23680 23680 23680 16480 6400 42736 42736 42736 35536 14736 
37620 37620 37620 30600 11342 48306 48306 48306 41286 20738 
38976 38976 38976 32796 14714 16686 16686 16686 10506 1854 
35018 35018 35018 28298 9460 40384 40384 40384 33664 13536 
35622 35622 35622 29022 10352 46484 46484 46484 39884 19924 
38780 38780 38780 32000 13078 35130 35130 35130 28350 8138 
37798 37798 37798 31438 13104 35180 35180 35180 28820 9196 
33222 33222 33222 26862 8528 38860 38860 38860 32500 12876 
21250 21250 21250 14950 6130 40306 40306 40306 34006 14466 
41546 41546 41546 34346 14836 36536 36536 36536 29336 8536 
22708 22708 22708 15868 6292 41764 41764 41764 34924 14628 
37220 37220 37220 30200 10942 39274 39274 39274 32254 11706 
35180 35180 35180 28880 10630 45890 45890 45890 39590 20050 
32524 32524 32524 25984 7398 40266 40266 40266 33726 13850 
38430 38430 38430 31110 11432 49116 49116 49116 41796 20828 
40412 40412 40412 33632 14710 35402 35402 35402 28622 8410 
17496 17496 17496 11016 1944 41592 41592 41592 35112 15320 
37080 37080 37080 29940 10514 47942 47942 47942 40802 20086 
34446 34446 34446 27846 9176 38764 38764 38764 32164 12204 
41330 41330 41330 34610 15772 22584 22584 22584 15864 6456 
37458 37458 37458 30498 11324 48144 48144 48144 41184 20720 
39530 39530 39530 33290 15124 20128 20128 20128 13888 5152 
43274 43274 43274 35834 15988 24528 24528 24528 17088 6672 
33060 33060 33060 26760 8510 38698 38698 38698 32398 12858 
38268 38268 38268 31008 11414 48954 48954 48954 41694 20810 
32038 32038 32038 25678 7344 39780 39780 39780 33420 13796 
37244 37244 37244 29744 9814 48146 48146 48146 40646 19426 
41406 41406 41406 34326 14984 19116 19116 19116 12036 2124 
42768 42768 42768 35388 15626 23206 23206 23206 15826 5494 
34812 34812 34812 28512 10262 45674 45674 45674 39374 19834 
34770 34770 34770 28050 9212 39088 39088 39088 32368 12240 
22870 22870 22870 15970 6310 41926 41926 41926 35026 14646 
40016 40016 40016 33596 15178 20614 20614 20614 14194 5206 
37150 37150 37150 31030 13032 34532 34532 34532 28412 9124 
]

ExternalWorkerWithSkillOnStintCost: [
48888 34104 49476 49140 14256 36288 36876 34188 34440 14136 
41916 37884 38052 38892 14328 35112 40404 34692 39648 12072 
35364 44772 45948 49812 12816 36708 36708 39144 49308 13608 
47040 36792 47712 36288 11592 40740 42504 45696 37128 13128 
41160 38556 34608 35196 14328 40152 47544 38052 35028 12672 
34524 42336 43092 41076 14064 37800 45528 50316 38220 10464 
]

OverlappingStints: [
[ 2 6 7 ]
[ 3 6 7 8 ]
[ 4 7 8 9 ]
[ 5 8 9 10 ]
[ 9 10 ]
[ 7 ]
[ 8 ]
[ 9 ]
[ 10 ]
[ ]
]

EmployeesWithSkill: [
[ 1 2 3 4 5 6 7 8 9 10 11 12 13 14 15 16 17 18 19 20 21 22 23 24 25 26 27 28 29 30 31 32 33 34 35 36 37 38 39 40 41 42 43 44 45 46 47 48 49 50 51 52 53 54 55 56 57 58 59 60 61 62 63 64 65 66 67 68 69 70 71 72 73 74 75 76 77 78 79 80 81 82 83 84 85 86 87 88 89 90 91 92 93 94 95 96 97 98 99 100 101 102 103 104 105 106 107 108 109 110 111 112 113 114 115 116 117 118 119 120 121 122 123 124 125 126 127 128 129 130 131 132 133 134 135 136 137 138 139 140 141 142 143 144 145 146 147 148 149 150 ]
[ 9 10 13 27 38 44 45 50 52 63 69 78 84 85 89 91 104 107 121 132 139 141 143 ]
[ 1 2 3 4 5 6 7 8 9 10 13 14 15 16 19 20 22 23 24 25 26 27 28 29 30 31 32 33 34 35 36 37 38 39 42 43 44 45 46 47 49 50 52 53 54 55 56 58 59 60 61 63 64 65 66 67 68 69 70 71 73 74 75 76 77 78 79 80 81 82 83 84 85 86 87 88 89 90 91 92 93 94 95 96 97 99 101 102 103 104 105 106 107 108 111 113 114 115 117 118 119 120 121 122 123 124 125 126 127 128 130 131 132 133 134 135 136 139 140 141 142 143 145 147 149 150 ]
[ 1 3 6 18 25 26 30 32 37 38 39 45 46 50 51 52 53 57 58 60 61 63 64 65 69 70 71 74 81 84 86 94 96 99 113 114 116 117 120 124 127 129 130 132 133 134 139 141 143 144 145 147 ]
[ 1 2 3 5 7 8 9 12 13 16 20 21 22 23 24 27 28 29 30 31 32 33 34 35 36 37 39 40 42 43 46 49 50 51 56 58 61 64 65 66 67 70 71 72 75 77 80 81 82 84 87 88 89 91 92 93 94 95 96 101 103 107 109 111 114 117 118 119 123 124 125 126 128 129 131 132 135 136 142 143 144 145 146 148 149 ]
[ 1 3 4 5 6 7 8 9 10 13 15 16 17 18 19 20 21 22 23 24 25 26 27 28 29 30 31 32 33 34 35 36 37 38 39 40 41 42 43 44 45 46 47 48 49 50 52 53 54 55 56 57 60 61 62 63 64 68 70 71 72 73 74 75 77 78 80 81 82 83 84 86 87 88 89 90 92 93 94 95 96 97 99 100 101 102 103 104 105 106 109 110 111 112 113 114 115 116 118 119 120 121 122 123 124 125 126 127 128 129 130 131 133 134 135 137 139 140 141 142 143 144 145 146 150 ]
]

SkillDemandInActivityWithMode: [
0	1	
89	135	
67	102	
67	102	
15	24	
89	135	
89	135	
54	82	
67	102	
0	1	
18	28	
3	6	
24	37	
15	24	
18	28	
5	9	
18	28	
15	24	
12	19	

0	1	
13	21	
9	15	
9	15	
2	4	
13	21	
13	21	
7	12	
9	15	
0	1	
3	6	
0	1	
4	7	
2	4	
3	6	
0	1	
2	4	
2	4	
1	3	

0	1	
37	57	
28	43	
28	43	
6	10	
37	57	
37	57	
22	34	
28	43	
0	1	
39	60	
6	10	
52	79	
31	48	
39	60	
9	15	
39	60	
31	48	
26	40	

0	1	
17	27	
13	21	
13	21	
2	4	
17	27	
17	27	
10	16	
13	21	
0	1	
15	24	
2	4	
20	31	
11	18	
14	22	
3	6	
14	22	
11	18	
9	15	

0	1	
17	27	
12	19	
12	19	
2	4	
16	25	
16	25	
10	16	
12	19	
0	1	
32	49	
5	9	
43	66	
25	39	
32	49	
7	12	
32	49	
25	39	
21	33	

0	1	
17	27	
13	21	
13	21	
2	4	
17	27	
17	27	
10	16	
12	19	
0	1	
52	79	
8	13	
70	106	
42	64	
52	79	
12	19	
52	79	
41	63	
34	52	

]

EmployeeAvailability: [
0 0 1 1 1 0 0 1 1 1 
1 0 1 1 1 1 0 1 1 1 
1 1 1 1 1 1 1 1 1 1 
1 1 1 1 1 1 1 1 1 1 
1 0 1 1 0 1 0 1 1 0 
1 1 1 0 1 1 1 1 0 1 
0 1 1 0 1 0 1 1 0 1 
1 0 1 1 1 1 0 1 1 1 
0 0 1 1 1 0 0 1 1 1 
1 0 0 1 1 1 0 0 1 1 
0 0 0 1 1 0 0 0 1 1 
1 1 1 1 1 1 1 1 1 1 
0 0 1 1 1 0 0 1 1 1 
0 1 0 1 1 0 1 0 1 1 
1 1 1 1 1 1 1 1 1 1 
1 1 1 1 1 1 1 1 1 1 
1 1 1 1 1 1 1 1 1 1 
1 0 1 1 1 1 0 1 1 1 
1 0 0 0 1 1 0 0 0 1 
0 0 0 1 1 0 0 0 1 1 
1 1 1 1 1 1 1 1 1 1 
1 0 1 1 1 1 0 1 1 1 
0 1 1 1 1 0 1 1 1 1 
1 0 0 1 1 1 0 0 1 1 
0 1 0 0 1 0 1 0 0 1 
1 1 1 1 1 1 1 1 1 1 
1 1 1 1 1 1 1 1 1 1 
1 0 0 1 1 1 0 0 1 1 
1 1 1 0 1 1 1 1 0 1 
1 0 1 1 1 1 0 1 1 1 
0 0 1 0 1 0 0 1 0 1 
0 1 1 0 1 0 1 1 0 1 
0 1 0 1 1 0 1 0 1 1 
1 1 1 1 1 1 1 1 1 1 
0 0 1 1 1 0 0 1 1 1 
1 1 1 1 1 1 1 1 1 1 
0 1 0 1 1 0 1 0 1 1 
1 1 1 1 0 1 1 1 1 0 
0 1 0 1 1 0 1 0 1 1 
0 1 1 1 1 0 1 1 1 1 
0 0 1 0 1 0 0 1 0 1 
1 1 0 1 1 1 1 0 1 1 
1 1 1 1 1 1 1 1 1 1 
1 1 1 1 1 1 1 1 1 1 
1 1 1 1 0 1 1 1 1 0 
1 1 1 1 1 1 1 1 1 1 
1 1 1 1 1 1 1 1 1 1 
1 1 0 1 1 1 1 0 1 1 
0 0 1 1 1 0 0 1 1 1 
0 0 1 1 1 0 0 1 1 1 
1 1 1 1 1 1 1 1 1 1 
1 0 1 1 0 1 0 1 1 0 
1 1 1 1 1 1 1 1 1 1 
1 1 1 1 1 1 1 1 1 1 
1 1 1 1 1 1 1 1 1 1 
1 1 0 0 1 1 1 0 0 1 
1 1 1 1 1 1 1 1 1 1 
0 1 0 1 1 0 1 0 1 1 
1 0 1 0 1 1 0 1 0 1 
1 1 1 1 1 1 1 1 1 1 
0 1 0 0 1 0 1 0 0 1 
0 1 1 0 1 0 1 1 0 1 
0 1 0 0 1 0 1 0 0 1 
1 1 1 1 1 1 1 1 1 1 
1 0 1 0 1 1 0 1 0 1 
0 1 1 1 1 0 1 1 1 1 
0 0 1 0 1 0 0 1 0 1 
1 1 1 1 1 1 1 1 1 1 
0 0 1 1 1 0 0 1 1 1 
0 0 1 1 1 0 0 1 1 1 
0 1 1 0 0 0 1 1 0 0 
1 1 1 1 1 1 1 1 1 1 
0 0 1 1 0 0 0 1 1 0 
1 0 0 0 1 1 0 0 0 1 
1 0 1 1 1 1 0 1 1 1 
1 1 1 1 1 1 1 1 1 1 
1 1 1 0 1 1 1 1 0 1 
0 1 0 1 0 0 1 0 1 0 
0 1 0 1 0 0 1 0 1 0 
0 0 1 1 1 0 0 1 1 1 
1 1 0 0 1 1 1 0 0 1 
1 1 1 1 1 1 1 1 1 1 
1 1 1 0 1 1 1 1 0 1 
1 1 1 1 1 1 1 1 1 1 
0 1 1 0 1 0 1 1 0 1 
1 0 1 1 0 1 0 1 1 0 
1 1 1 0 0 1 1 1 0 0 
1 1 1 1 1 1 1 1 1 1 
1 1 1 1 1 1 1 1 1 1 
1 1 0 1 1 1 1 0 1 1 
1 0 1 1 1 1 0 1 1 1 
1 1 1 1 1 1 1 1 1 1 
1 0 0 1 1 1 0 0 1 1 
1 0 1 1 1 1 0 1 1 1 
1 1 1 1 1 1 1 1 1 1 
0 0 1 1 0 0 0 1 1 0 
1 1 0 1 1 1 1 0 1 1 
1 1 1 0 1 1 1 1 0 1 
1 0 1 1 1 1 0 1 1 1 
0 1 1 1 1 0 1 1 1 1 
1 0 1 1 1 1 0 1 1 1 
1 1 1 1 1 1 1 1 1 1 
1 1 1 0 1 1 1 1 0 1 
0 1 0 0 1 0 1 0 0 1 
1 1 1 1 1 1 1 1 1 1 
1 0 0 1 1 1 0 0 1 1 
1 1 1 0 1 1 1 1 0 1 
1 1 0 1 1 1 1 0 1 1 
1 1 0 0 1 1 1 0 0 1 
0 1 1 1 1 0 1 1 1 1 
1 1 1 1 1 1 1 1 1 1 
0 1 0 1 0 0 1 0 1 0 
1 1 1 1 1 1 1 1 1 1 
1 1 1 1 1 1 1 1 1 1 
1 0 1 1 1 1 0 1 1 1 
1 1 1 1 1 1 1 1 1 1 
0 1 1 1 0 0 1 1 1 0 
0 0 1 1 1 0 0 1 1 1 
1 1 1 0 1 1 1 1 0 1 
1 0 1 0 1 1 0 1 0 1 
1 1 0 0 1 1 1 0 0 1 
1 1 1 1 1 1 1 1 1 1 
1 1 1 1 1 1 1 1 1 1 
1 0 1 0 1 1 0 1 0 1 
1 1 0 1 0 1 1 0 1 0 
1 1 1 1 1 1 1 1 1 1 
0 1 0 1 1 0 1 0 1 1 
0 1 0 1 1 0 1 0 1 1 
1 1 1 1 1 1 1 1 1 1 
1 1 1 0 0 1 1 1 0 0 
1 0 0 1 1 1 0 0 1 1 
1 1 1 1 1 1 1 1 1 1 
1 1 1 0 1 1 1 1 0 1 
0 0 0 1 1 0 0 0 1 1 
1 0 1 1 1 1 0 1 1 1 
1 0 0 1 1 1 0 0 1 1 
0 1 0 0 1 0 1 0 0 1 
1 1 1 0 1 1 1 1 0 1 
0 1 1 1 1 0 1 1 1 1 
1 1 1 1 1 1 1 1 1 1 
1 0 0 0 1 1 0 0 0 1 
1 1 1 1 1 1 1 1 1 1 
1 1 0 1 1 1 1 0 1 1 
1 1 1 1 1 1 1 1 1 1 
1 1 1 1 1 1 1 1 1 1 
0 1 1 0 1 0 1 1 0 1 
1 1 1 0 1 1 1 1 0 1 
0 1 1 1 1 0 1 1 1 1 
1 1 1 1 1 1 1 1 1 1 
1 1 1 1 1 1 1 1 1 1 
]

EmployeeWantedInStint: [ (2 2) 1 (8 6) 1 (9 8) 1 (14 9) 1 (20 9) 1 (20 10) 1 (27 5) 1 (29 3) 1 (37 3) 1 (39 6) 1 (46 2) 1 (65 6) 1 (69 2) 1 (71 10) 1 (74 3) 1 (75 6) 1 (81 1) 1 (81 5) 1 (82 5) 1 (86 3) 1 (92 6) 1 (97 4) 1 (105 3) 1 (107 1) 1 (116 1) 1 (125 4) 1 (128 10) 1 (132 6) 1 (133 9) 1 (139 10) 1 (148 7) 1 ]

EmployeeWantedViolationCost: [ (2 2) 12000 (8 6) 14000 (9 8) 15000 (14 9) 6000 (20 9) 10000 (20 10) 14000 (27 5) 10000 (29 3) 5000 (37 3) 15000 (39 6) 12000 (46 2) 14000 (65 6) 13000 (69 2) 8000 (71 10) 8000 (74 3) 5000 (75 6) 13000 (81 1) 14000 (81 5) 12000 (82 5) 10000 (86 3) 7000 (92 6) 9000 (97 4) 7000 (105 3) 13000 (107 1) 6000 (116 1) 9000 (125 4) 15000 (128 10) 13000 (132 6) 8000 (133 9) 13000 (139 10) 12000 (148 7) 12000 ]

EmployeesThatShouldNotWorkTogetherWithEmployee: [
[ 4 17 35 110 124 128 148 ]
[ 5 29 43 55 78 79 97 108 111 ]
[ 32 34 48 71 100 120 ]
[ 10 15 28 37 73 77 ]
[ 30 90 127 133 136 ]
[ 29 57 ]
[ 22 33 62 130 ]
[ 20 21 29 35 64 83 90 127 ]
[ 47 105 ]
[ 48 69 70 90 109 127 ]
[ 13 69 121 149 ]
[ 14 20 36 42 44 105 ]
[ 15 32 33 67 81 94 117 147 ]
[ 22 60 79 103 146 ]
[ 56 84 100 149 ]
[ 30 42 56 59 99 144 148 ]
[ 23 91 97 ]
[ 19 39 68 105 132 149 ]
[ 22 30 44 45 56 75 116 130 ]
[ 46 62 65 99 121 124 ]
[ 43 62 63 95 105 127 134 ]
[ 37 49 55 119 123 128 130 ]
[ 25 44 56 113 119 ]
[ 33 42 62 77 93 118 ]
[ 56 60 96 116 122 123 ]
[ 32 50 63 68 108 115 144 ]
[ 40 50 119 120 122 141 ]
[ 51 60 65 82 85 ]
[ 102 136 ]
[ 85 112 120 140 ]
[ 36 74 94 103 104 ]
[ 74 93 98 128 133 135 146 ]
[ 75 91 95 102 109 132 144 ]
[ 49 73 79 92 127 148 149 ]
[ 43 47 80 85 ]
[ 38 57 66 105 133 ]
[ 66 81 88 103 131 147 ]
[ 64 87 137 ]
[ 57 99 118 119 143 ]
[ 61 121 149 ]
[ 67 71 126 ]
[ 61 63 68 ]
[ 60 68 89 98 116 147 ]
[ 78 85 88 120 134 147 ]
[ 60 70 130 ]
[ 84 97 103 129 142 150 ]
[ 87 149 ]
[ 64 78 88 119 130 144 ]
[ 63 74 124 ]
[ 94 99 106 145 ]
[ 66 83 99 104 114 130 138 139 ]
[ 54 84 90 ]
[ 59 78 85 98 145 ]
[ 102 103 107 122 ]
[ 62 89 91 ]
[ 67 95 104 ]
[ 78 81 109 122 ]
[ 98 140 ]
[ 86 124 125 150 ]
[ 98 111 113 133 ]
[ 89 116 118 133 ]
[ 96 109 111 119 131 ]
[ 75 83 91 100 104 112 116 123 128 ]
[ 76 93 105 ]
[ 91 111 ]
[ 71 121 ]
[ 102 127 ]
[ 108 111 ]
[ 83 93 101 122 ]
[ 88 128 140 146 ]
[ 137 ]
[ 101 113 121 131 ]
[ 123 138 ]
[ 130 ]
[ 80 89 111 ]
[ 127 147 ]
[ 104 111 ]
[ 94 103 105 128 136 ]
[ 122 143 147 ]
[ 81 85 127 138 143 ]
[ 93 116 134 143 144 ]
[ 114 118 126 127 131 ]
[ 85 102 146 ]
[ 86 117 135 140 148 ]
[ 143 ]
[ 95 99 118 126 ]
[ 101 112 126 143 ]
[ 112 146 ]
[ 96 149 ]
[ 107 108 121 ]
[ 114 144 ]
[ 94 116 ]
[ 98 120 139 ]
[ 95 110 119 124 ]
[ 100 133 ]
[ ]
[ 120 122 ]
[ 122 130 ]
[ 131 ]
[ 117 ]
[ ]
[ 127 131 136 146 ]
[ 104 112 123 127 135 ]
[ 131 141 150 ]
[ 123 141 ]
[ 110 139 149 ]
[ 109 118 135 ]
[ 121 ]
[ ]
[ 113 ]
[ ]
[ 148 ]
[ 114 150 ]
[ 117 131 146 ]
[ ]
[ 144 145 ]
[ 129 ]
[ 121 133 145 146 ]
[ 125 127 ]
[ 121 ]
[ ]
[ 135 ]
[ 132 ]
[ ]
[ 132 ]
[ 139 147 ]
[ 131 ]
[ ]
[ ]
[ 142 146 ]
[ ]
[ 135 ]
[ ]
[ 139 ]
[ ]
[ 138 ]
[ 147 ]
[ 146 ]
[ ]
[ ]
[ ]
[ ]
[ ]
[ ]
[ ]
[ ]
[ ]
[ ]
[ ]
[ ]
]

ShouldNotWorkTogetherCost: [ (1 4) 99 (1 17) 396 (1 35) 297 (1 110) 297 (1 124) 99 (1 128) 198 (1 148) 396 (2 5) 198 (2 29) 99 (2 43) 198 (2 55) 198 (2 78) 99 (2 79) 99 (2 97) 396 (2 108) 297 (2 111) 297 (3 32) 99 (3 34) 297 (3 48) 99 (3 71) 297 (3 100) 198 (3 120) 396 (4 10) 297 (4 15) 99 (4 28) 99 (4 37) 396 (4 73) 198 (4 77) 198 (5 30) 99 (5 90) 198 (5 127) 396 (5 133) 396 (5 136) 297 (6 29) 99 (6 57) 396 (7 22) 99 (7 33) 297 (7 62) 99 (7 130) 396 (8 20) 198 (8 21) 99 (8 29) 99 (8 35) 297 (8 64) 99 (8 83) 297 (8 90) 198 (8 127) 297 (9 47) 396 (9 105) 297 (10 48) 99 (10 69) 198 (10 70) 396 (10 90) 198 (10 109) 396 (10 127) 396 (11 13) 297 (11 69) 297 (11 121) 396 (11 149) 396 (12 14) 396 (12 20) 396 (12 36) 198 (12 42) 198 (12 44) 297 (12 105) 396 (13 15) 396 (13 32) 198 (13 33) 99 (13 67) 396 (13 81) 198 (13 94) 396 (13 117) 297 (13 147) 99 (14 22) 297 (14 60) 297 (14 79) 396 (14 103) 297 (14 146) 99 (15 56) 297 (15 84) 297 (15 100) 396 (15 149) 99 (16 30) 297 (16 42) 198 (16 56) 99 (16 59) 396 (16 99) 297 (16 144) 198 (16 148) 99 (17 23) 396 (17 91) 297 (17 97) 396 (18 19) 297 (18 39) 198 (18 68) 99 (18 105) 297 (18 132) 99 (18 149) 396 (19 22) 99 (19 30) 198 (19 44) 396 (19 45) 396 (19 56) 396 (19 75) 396 (19 116) 99 (19 130) 198 (20 46) 99 (20 62) 297 (20 65) 198 (20 99) 396 (20 121) 396 (20 124) 396 (21 43) 297 (21 62) 396 (21 63) 198 (21 95) 99 (21 105) 396 (21 127) 99 (21 134) 198 (22 37) 297 (22 49) 99 (22 55) 99 (22 119) 198 (22 123) 99 (22 128) 396 (22 130) 99 (23 25) 198 (23 44) 396 (23 56) 198 (23 113) 297 (23 119) 297 (24 33) 297 (24 42) 396 (24 62) 396 (24 77) 99 (24 93) 396 (24 118) 99 (25 56) 198 (25 60) 198 (25 96) 198 (25 116) 198 (25 122) 297 (25 123) 396 (26 32) 198 (26 50) 99 (26 63) 198 (26 68) 297 (26 108) 99 (26 115) 99 (26 144) 198 (27 40) 396 (27 50) 99 (27 119) 297 (27 120) 297 (27 122) 99 (27 141) 297 (28 51) 297 (28 60) 297 (28 65) 297 (28 82) 396 (28 85) 198 (29 102) 396 (29 136) 99 (30 85) 198 (30 112) 396 (30 120) 99 (30 140) 297 (31 36) 99 (31 74) 99 (31 94) 297 (31 103) 396 (31 104) 297 (32 74) 396 (32 93) 396 (32 98) 99 (32 128) 396 (32 133) 198 (32 135) 198 (32 146) 396 (33 75) 99 (33 91) 198 (33 95) 99 (33 102) 297 (33 109) 396 (33 132) 99 (33 144) 198 (34 49) 297 (34 73) 198 (34 79) 396 (34 92) 297 (34 127) 396 (34 148) 396 (34 149) 99 (35 43) 198 (35 47) 99 (35 80) 297 (35 85) 297 (36 38) 297 (36 57) 198 (36 66) 297 (36 105) 198 (36 133) 198 (37 66) 396 (37 81) 99 (37 88) 297 (37 103) 396 (37 131) 198 (37 147) 99 (38 64) 198 (38 87) 99 (38 137) 198 (39 57) 297 (39 99) 297 (39 118) 297 (39 119) 99 (39 143) 198 (40 61) 396 (40 121) 198 (40 149) 99 (41 67) 297 (41 71) 396 (41 126) 297 (42 61) 198 (42 63) 396 (42 68) 396 (43 60) 198 (43 68) 396 (43 89) 297 (43 98) 297 (43 116) 396 (43 147) 396 (44 78) 99 (44 85) 297 (44 88) 297 (44 120) 297 (44 134) 198 (44 147) 99 (45 60) 297 (45 70) 297 (45 130) 396 (46 84) 99 (46 97) 99 (46 103) 396 (46 129) 99 (46 142) 297 (46 150) 198 (47 87) 297 (47 149) 396 (48 64) 198 (48 78) 297 (48 88) 297 (48 119) 198 (48 130) 396 (48 144) 297 (49 63) 297 (49 74) 99 (49 124) 396 (50 94) 297 (50 99) 396 (50 106) 99 (50 145) 99 (51 66) 99 (51 83) 99 (51 99) 396 (51 104) 198 (51 114) 297 (51 130) 396 (51 138) 99 (51 139) 297 (52 54) 396 (52 84) 297 (52 90) 99 (53 59) 198 (53 78) 396 (53 85) 396 (53 98) 99 (53 145) 99 (54 102) 198 (54 103) 396 (54 107) 297 (54 122) 198 (55 62) 99 (55 89) 396 (55 91) 297 (56 67) 198 (56 95) 297 (56 104) 198 (57 78) 198 (57 81) 297 (57 109) 297 (57 122) 198 (58 98) 396 (58 140) 198 (59 86) 396 (59 124) 99 (59 125) 297 (59 150) 297 (60 98) 297 (60 111) 396 (60 113) 99 (60 133) 198 (61 89) 198 (61 116) 297 (61 118) 99 (61 133) 198 (62 96) 297 (62 109) 396 (62 111) 396 (62 119) 396 (62 131) 198 (63 75) 99 (63 83) 396 (63 91) 99 (63 100) 99 (63 104) 99 (63 112) 297 (63 116) 99 (63 123) 396 (63 128) 99 (64 76) 198 (64 93) 99 (64 105) 396 (65 91) 297 (65 111) 396 (66 71) 396 (66 121) 99 (67 102) 99 (67 127) 198 (68 108) 99 (68 111) 99 (69 83) 297 (69 93) 198 (69 101) 396 (69 122) 99 (70 88) 99 (70 128) 396 (70 140) 297 (70 146) 99 (71 137) 99 (72 101) 297 (72 113) 297 (72 121) 198 (72 131) 297 (73 123) 198 (73 138) 99 (74 130) 99 (75 80) 198 (75 89) 198 (75 111) 99 (76 127) 198 (76 147) 99 (77 104) 198 (77 111) 297 (78 94) 99 (78 103) 198 (78 105) 297 (78 128) 396 (78 136) 297 (79 122) 297 (79 143) 297 (79 147) 99 (80 81) 99 (80 85) 396 (80 127) 198 (80 138) 198 (80 143) 99 (81 93) 297 (81 116) 99 (81 134) 297 (81 143) 396 (81 144) 396 (82 114) 396 (82 118) 297 (82 126) 396 (82 127) 198 (82 131) 297 (83 85) 198 (83 102) 297 (83 146) 99 (84 86) 297 (84 117) 198 (84 135) 99 (84 140) 297 (84 148) 99 (85 143) 99 (86 95) 396 (86 99) 198 (86 118) 99 (86 126) 198 (87 101) 99 (87 112) 297 (87 126) 99 (87 143) 198 (88 112) 396 (88 146) 99 (89 96) 297 (89 149) 198 (90 107) 297 (90 108) 297 (90 121) 99 (91 114) 297 (91 144) 297 (92 94) 99 (92 116) 99 (93 98) 198 (93 120) 99 (93 139) 99 (94 95) 99 (94 110) 297 (94 119) 297 (94 124) 198 (95 100) 198 (95 133) 99 (97 120) 297 (97 122) 297 (98 122) 297 (98 130) 198 (99 131) 297 (100 117) 198 (102 127) 396 (102 131) 99 (102 136) 396 (102 146) 99 (103 104) 396 (103 112) 198 (103 123) 297 (103 127) 198 (103 135) 99 (104 131) 198 (104 141) 99 (104 150) 198 (105 123) 396 (105 141) 297 (106 110) 297 (106 139) 99 (106 149) 297 (107 109) 297 (107 118) 198 (107 135) 198 (108 121) 297 (110 113) 396 (112 148) 198 (113 114) 99 (113 150) 198 (114 117) 297 (114 131) 99 (114 146) 297 (116 144) 396 (116 145) 396 (117 129) 99 (118 121) 396 (118 133) 99 (118 145) 198 (118 146) 396 (119 125) 99 (119 127) 396 (120 121) 99 (122 135) 99 (123 132) 297 (125 132) 396 (126 139) 297 (126 147) 99 (127 131) 198 (130 142) 99 (130 146) 198 (132 135) 297 (134 139) 396 (136 138) 198 (137 147) 297 (138 146) 297 ]

ImmediatePredecessorsToActivity: [
[ ]
[ 1 ]
[ 2 ]
[ 3 ]
[ 1 ]
[ 5 ]
[ 1 ]
[ 2 7 ]
[ 1 ]
[ ]
[ 10 ]
[ 10 ]
[ 10 ]
[ 11 ]
[ 14 ]
[ 10 ]
[ 11 15 16 ]
[ 10 ]
[ 11 ]
]

ActivitiesInProject: [
[ 1 2 3 4 5 6 7 8 9 ]
[ 10 11 12 13 14 15 16 17 18 19 ]
]

nActivityModes: [ 2 2 2 2 2 2 2 2 2 2 2 2 2 2 2 2 2 2 2 ]

ActivitiyDurationWithMode: [
1	1	
3	2	
4	3	
4	3	
18	12	
3	2	
3	2	
5	4	
4	3	
1	1	
4	3	
25	17	
3	2	
5	4	
4	3	
17	12	
4	3	
5	4	
6	4	
]
StintsInProject: [
[ 1 2 3 4 5 ]
[ 6 7 8 9 10 ]
]

WorkingStintsOnDay: [
[ 1 6 ]
[ 1 6 ]
[ 1 6 ]
[ 1 6 ]
[ 1 6 ]
[ 1 6 ]
[ 1 6 ]
[ 1 6 ]
[ 1 6 ]
[ 1 6 ]
[ 1 6 ]
[ 1 6 ]
[ 1 6 ]
[ 1 6 ]
[ 2 7 ]
[ 2 7 ]
[ 2 7 ]
[ 2 7 ]
[ 2 7 ]
[ 2 7 ]
[ 2 7 ]
[ 2 7 ]
[ 2 7 ]
[ 2 7 ]
[ 2 7 ]
[ 2 7 ]
[ 2 7 ]
[ 2 7 ]
[ 3 8 ]
[ 3 8 ]
[ 3 8 ]
[ 3 8 ]
[ 3 8 ]
[ 3 8 ]
[ 3 8 ]
[ 3 8 ]
[ 3 8 ]
[ 3 8 ]
[ 3 8 ]
[ 3 8 ]
[ 3 8 ]
[ 3 8 ]
[ 4 9 ]
[ 4 9 ]
[ 4 9 ]
[ 4 9 ]
[ 4 9 ]
[ 4 9 ]
[ 4 9 ]
[ 4 9 ]
[ 4 9 ]
[ 4 9 ]
[ 4 9 ]
[ 4 9 ]
[ 4 9 ]
[ 4 9 ]
[ 5 10 ]
[ 5 10 ]
[ 5 10 ]
[ 5 10 ]
]

ProjectStart: [ 12 19 ]

ProjectEnd: [ 34 44 ]

EarliestStartDayForActivity: [ 1 12 15 19 12 30 12 15 12 1 19 19 19 23 28 19 36 19 23 ]

LatestStartDayForActivity: [ 1 34 34 34 34 34 34 34 34 1 44 44 44 44 44 44 44 44 44 ]

EquipmentTypeDemandInActivityWithMode: [
0	1	
2	4	
1	3	
1	3	
0	1	
1	3	
0	1	
0	1	
0	1	
0	1	
1	3	
0	1	
1	3	
0	1	
1	3	
1	3	
1	3	
1	3	
1	3	

0	1	
1	3	
1	3	
1	3	
1	3	
0	1	
2	4	
0	1	
0	1	
0	1	
0	1	
1	3	
0	1	
1	3	
3	6	
1	3	
1	3	
0	1	
1	3	

0	1	
2	4	
1	3	
2	4	
1	3	
2	4	
2	4	
1	3	
4	7	
0	1	
0	1	
1	3	
1	3	
0	1	
1	3	
1	3	
2	4	
0	1	
0	1	

0	1	
1	3	
0	1	
0	1	
2	4	
1	3	
2	4	
1	3	
2	4	
0	1	
2	4	
0	1	
0	1	
0	1	
1	3	
1	3	
1	3	
2	4	
1	3	

0	1	
1	3	
1	3	
0	1	
1	3	
2	4	
2	4	
0	1	
1	3	
0	1	
5	9	
1	3	
0	1	
0	1	
1	3	
1	3	
1	3	
1	3	
1	3	

0	1	
1	3	
1	3	
2	4	
3	6	
1	3	
2	4	
0	1	
0	1	
0	1	
0	1	
0	1	
2	4	
1	3	
0	1	
2	4	
0	1	
0	1	
1	3	

]

ExternalEquipmentRentingCost: [
2096	5016	4018	3510	3892	5693	5991	3825	5488	4559	4971	5397	3215	5014	1124	1367	5784	1148	1775	
5379	2012	4550	3892	4937	1565	2889	4264	1870	2020	5597	5341	4571	5613	5415	2981	2784	2937	4858	
2429	4839	1375	5083	2569	4987	3595	1416	4693	4648	2994	3810	1383	3248	5751	5102	4838	3132	5771	
2587	1984	4136	4528	5567	3919	4178	3355	2848	5627	5521	4224	5946	3951	4485	3810	1641	3764	1836	
4016	5802	5894	1880	2079	1536	1590	4126	2601	1662	4329	4187	5658	5905	1540	4064	1397	4508	2987	
3925	3052	1975	2097	5811	3816	5651	3907	5148	4051	4838	2844	1488	5167	5224	4242	2122	5374	2980	
]

EquipmentTypeTransportationCost: [
1	4880	
4880	1	

1	4732	
4732	1	

1	4901	
4901	1	

1	5039	
5039	1	

1	5116	
5116	1	

1	4744	
4744	1	

]

TransportationTimeForEquipmentTypeBetweenProjects: [
1	5	
5	1	

1	5	
5	1	

1	5	
5	1	

1	5	
5	1	

1	6	
6	1	

1	5	
5	1	

]

TotalNumberOfInitialEquipmentTypeLocation: [
(1 1) 2 (1 10) 3 
(2 1) 2 (2 10) 4 
(3 1) 4 (3 10) 5 
(4 1) 3 (4 10) 2 
(5 1) 3 (5 10) 3 
(6 1) 4 (6 10) 5 
]

DepotActivities: [ 1 10 ]

MaximalStintCliques: [
[ 2 7 1 6 ]
[ 2 7 3 8 ]
[ 4 9 10 5 ]
[ 4 9 3 8 ]
]
