nEmployees: 150
nSkills: 6
nProjects: 2
nDays: 180
nActivities: 78
nEquipmentTypes: 5
nStints: 26
nMaxModes: 2
nStintCliques: 12

EmployeeInStintCost: [
49230 49230 49230 49230 49230 49230 49230 49230 49230 49230 49230 47802 35542 35756 35756 35756 35756 35756 35756 35756 35756 35756 35756 35756 35756 29330 
19278 19278 19278 19278 19278 19278 19278 19278 19278 19278 19278 17850 7854 34068 34068 34068 34068 34068 34068 34068 34068 34068 34068 34068 34068 27642 
39524 39524 39524 39524 39524 39524 39524 39524 39524 39524 39524 38060 25548 31420 31420 31420 31420 31420 31420 31420 31420 31420 31420 31420 31420 24832 
34976 34976 34976 34976 34976 34976 34976 34976 34976 34976 34976 33680 22344 33164 33164 33164 33164 33164 33164 33164 33164 33164 33164 33164 33164 27332 
44600 44600 44600 44600 44600 44600 44600 44600 44600 44600 44600 43208 31200 31108 31108 31108 31108 31108 31108 31108 31108 31108 31108 31108 31108 24844 
35898 35898 35898 35898 35898 35898 35898 35898 35898 35898 35898 34590 23170 32884 32884 32884 32884 32884 32884 32884 32884 32884 32884 32884 32884 26998 
37026 37026 37026 37026 37026 37026 37026 37026 37026 37026 37026 35814 25066 28764 28764 28764 28764 28764 28764 28764 28764 28764 28764 28764 28764 23310 
47124 47124 47124 47124 47124 47124 47124 47124 47124 47124 47124 45852 34684 34196 34196 34196 34196 34196 34196 34196 34196 34196 34196 34196 34196 28472 
36984 36984 36984 36984 36984 36984 36984 36984 36984 36984 36984 35592 23584 33220 33220 33220 33220 33220 33220 33220 33220 33220 33220 33220 33220 26956 
34874 34874 34874 34874 34874 34874 34874 34874 34874 34874 34874 33614 22530 32036 32036 32036 32036 32036 32036 32036 32036 32036 32036 32036 32036 26366 
17010 17010 17010 17010 17010 17010 17010 17010 17010 17010 17010 15750 6930 32388 32388 32388 32388 32388 32388 32388 32388 32388 32388 32388 32388 26718 
18792 18792 18792 18792 18792 18792 18792 18792 18792 18792 18792 17400 7656 33708 33708 33708 33708 33708 33708 33708 33708 33708 33708 33708 33708 27444 
41090 41090 41090 41090 41090 41090 41090 41090 41090 41090 41090 39686 27594 14040 14040 14040 14040 14040 14040 14040 14040 14040 14040 14040 14040 7722 
20364 20364 20364 20364 20364 20364 20364 20364 20364 20364 20364 18900 8652 34500 34500 34500 34500 34500 34500 34500 34500 34500 34500 34500 34500 27912 
43142 43142 43142 43142 43142 43142 43142 43142 43142 43142 43142 41858 30606 30028 30028 30028 30028 30028 30028 30028 30028 30028 30028 30028 30028 24250 
37032 37032 37032 37032 37032 37032 37032 37032 37032 37032 37032 35640 23632 33724 33724 33724 33724 33724 33724 33724 33724 33724 33724 33724 33724 27460 
40280 40280 40280 40280 40280 40280 40280 40280 40280 40280 40280 38936 27264 13440 13440 13440 13440 13440 13440 13440 13440 13440 13440 13440 13440 7392 
34878 34878 34878 34878 34878 34878 34878 34878 34878 34878 34878 33642 22726 31660 31660 31660 31660 31660 31660 31660 31660 31660 31660 31660 31660 26098 
19116 19116 19116 19116 19116 19116 19116 19116 19116 19116 19116 17700 7788 33948 33948 33948 33948 33948 33948 33948 33948 33948 33948 33948 33948 27576 
44590 44590 44590 44590 44590 44590 44590 44590 44590 44590 44590 43210 31286 31684 31684 31684 31684 31684 31684 31684 31684 31684 31684 31684 31684 25474 
37992 37992 37992 37992 37992 37992 37992 37992 37992 37992 37992 36552 24208 31660 31660 31660 31660 31660 31660 31660 31660 31660 31660 31660 31660 25180 
36398 36398 36398 36398 36398 36398 36398 36398 36398 36398 36398 35114 23862 29756 29756 29756 29756 29756 29756 29756 29756 29756 29756 29756 29756 23978 
41688 41688 41688 41688 41688 41688 41688 41688 41688 41688 41688 40344 28672 28516 28516 28516 28516 28516 28516 28516 28516 28516 28516 28516 28516 22468 
38284 38284 38284 38284 38284 38284 38284 38284 38284 38284 38284 37060 26228 27644 27644 27644 27644 27644 27644 27644 27644 27644 27644 27644 27644 22136 
38822 38822 38822 38822 38822 38822 38822 38822 38822 38822 38822 37394 25134 30748 30748 30748 30748 30748 30748 30748 30748 30748 30748 30748 30748 24322 
48906 48906 48906 48906 48906 48906 48906 48906 48906 48906 48906 47502 35410 35516 35516 35516 35516 35516 35516 35516 35516 35516 35516 35516 35516 29198 
37790 37790 37790 37790 37790 37790 37790 37790 37790 37790 37790 36314 23718 34196 34196 34196 34196 34196 34196 34196 34196 34196 34196 34196 34196 27554 
20040 20040 20040 20040 20040 20040 20040 20040 20040 20040 20040 18600 8520 34260 34260 34260 34260 34260 34260 34260 34260 34260 34260 34260 34260 27780 
36210 36210 36210 36210 36210 36210 36210 36210 36210 36210 36210 34902 23482 30340 30340 30340 30340 30340 30340 30340 30340 30340 30340 30340 30340 24454 
36170 36170 36170 36170 36170 36170 36170 36170 36170 36170 36170 34814 23058 32996 32996 32996 32996 32996 32996 32996 32996 32996 32996 32996 32996 26894 
19716 19716 19716 19716 19716 19716 19716 19716 19716 19716 19716 18300 8388 34020 34020 34020 34020 34020 34020 34020 34020 34020 34020 34020 34020 27648 
38660 38660 38660 38660 38660 38660 38660 38660 38660 38660 38660 37436 26604 12240 12240 12240 12240 12240 12240 12240 12240 12240 12240 12240 12240 6732 
19068 19068 19068 19068 19068 19068 19068 19068 19068 19068 19068 17700 8124 33540 33540 33540 33540 33540 33540 33540 33540 33540 33540 33540 33540 27384 
40914 40914 40914 40914 40914 40914 40914 40914 40914 40914 40914 39414 26650 31644 31644 31644 31644 31644 31644 31644 31644 31644 31644 31644 31644 24894 
38336 38336 38336 38336 38336 38336 38336 38336 38336 38336 38336 36944 24936 30388 30388 30388 30388 30388 30388 30388 30388 30388 30388 30388 30388 24124 
18258 18258 18258 18258 18258 18258 18258 18258 18258 18258 18258 16950 7794 32940 32940 32940 32940 32940 32940 32940 32940 32940 32940 32940 32940 27054 
44924 44924 44924 44924 44924 44924 44924 44924 44924 44924 44924 43508 31332 31348 31348 31348 31348 31348 31348 31348 31348 31348 31348 31348 31348 24976 
38834 38834 38834 38834 38834 38834 38834 38834 38834 38834 38834 37526 26106 18800 18800 18800 18800 18800 18800 18800 18800 18800 18800 18800 18800 12914 
18420 18420 18420 18420 18420 18420 18420 18420 18420 18420 18420 17100 7860 33060 33060 33060 33060 33060 33060 33060 33060 33060 33060 33060 33060 27120 
36494 36494 36494 36494 36494 36494 36494 36494 36494 36494 36494 35114 23190 33236 33236 33236 33236 33236 33236 33236 33236 33236 33236 33236 33236 27026 
36932 36932 36932 36932 36932 36932 36932 36932 36932 36932 36932 35660 24492 29500 29500 29500 29500 29500 29500 29500 29500 29500 29500 29500 29500 23776 
37308 37308 37308 37308 37308 37308 37308 37308 37308 37308 37308 35892 23716 33460 33460 33460 33460 33460 33460 33460 33460 33460 33460 33460 33460 27088 
38166 38166 38166 38166 38166 38166 38166 38166 38166 38166 38166 36690 24094 34564 34564 34564 34564 34564 34564 34564 34564 34564 34564 34564 34564 27922 
37580 37580 37580 37580 37580 37580 37580 37580 37580 37580 37580 36260 24756 29980 29980 29980 29980 29980 29980 29980 29980 29980 29980 29980 29980 24040 
36716 36716 36716 36716 36716 36716 36716 36716 36716 36716 36716 35444 24276 29188 29188 29188 29188 29188 29188 29188 29188 29188 29188 29188 29188 23464 
37532 37532 37532 37532 37532 37532 37532 37532 37532 37532 37532 36164 24324 30596 30596 30596 30596 30596 30596 30596 30596 30596 30596 30596 30596 24440 
38066 38066 38066 38066 38066 38066 38066 38066 38066 38066 38066 36710 24954 30340 30340 30340 30340 30340 30340 30340 30340 30340 30340 30340 30340 24238 
39906 39906 39906 39906 39906 39906 39906 39906 39906 39906 39906 38598 27178 15440 15440 15440 15440 15440 15440 15440 15440 15440 15440 15440 15440 9554 
39942 39942 39942 39942 39942 39942 39942 39942 39942 39942 39942 38514 26254 30924 30924 30924 30924 30924 30924 30924 30924 30924 30924 30924 30924 24498 
38996 38996 38996 38996 38996 38996 38996 38996 38996 38996 38996 37676 26172 18920 18920 18920 18920 18920 18920 18920 18920 18920 18920 18920 18920 12980 
39258 39258 39258 39258 39258 39258 39258 39258 39258 39258 39258 37998 26914 14960 14960 14960 14960 14960 14960 14960 14960 14960 14960 14960 14960 9290 
40616 40616 40616 40616 40616 40616 40616 40616 40616 40616 40616 39176 26832 20120 20120 20120 20120 20120 20120 20120 20120 20120 20120 20120 20120 13640 
43790 43790 43790 43790 43790 43790 43790 43790 43790 43790 43790 42458 30870 30508 30508 30508 30508 30508 30508 30508 30508 30508 30508 30508 30508 24514 
39470 39470 39470 39470 39470 39470 39470 39470 39470 39470 39470 38186 26934 12840 12840 12840 12840 12840 12840 12840 12840 12840 12840 12840 12840 7062 
41686 41686 41686 41686 41686 41686 41686 41686 41686 41686 41686 40210 27614 30164 30164 30164 30164 30164 30164 30164 30164 30164 30164 30164 30164 23522 
36372 36372 36372 36372 36372 36372 36372 36372 36372 36372 36372 35052 23548 30460 30460 30460 30460 30460 30460 30460 30460 30460 30460 30460 30460 24520 
46048 46048 46048 46048 46048 46048 46048 46048 46048 46048 46048 44560 31880 32764 32764 32764 32764 32764 32764 32764 32764 32764 32764 32764 32764 26068 
36770 36770 36770 36770 36770 36770 36770 36770 36770 36770 36770 35510 24426 29380 29380 29380 29380 29380 29380 29380 29380 29380 29380 29380 29380 23710 
39942 39942 39942 39942 39942 39942 39942 39942 39942 39942 39942 38514 26254 30924 30924 30924 30924 30924 30924 30924 30924 30924 30924 30924 30924 24498 
37992 37992 37992 37992 37992 37992 37992 37992 37992 37992 37992 36552 24208 31660 31660 31660 31660 31660 31660 31660 31660 31660 31660 31660 31660 25180 
38932 38932 38932 38932 38932 38932 38932 38932 38932 38932 38932 37660 26492 28124 28124 28124 28124 28124 28124 28124 28124 28124 28124 28124 28124 22400 
34976 34976 34976 34976 34976 34976 34976 34976 34976 34976 34976 33680 22344 33164 33164 33164 33164 33164 33164 33164 33164 33164 33164 33164 33164 27332 
48906 48906 48906 48906 48906 48906 48906 48906 48906 48906 48906 47502 35410 35516 35516 35516 35516 35516 35516 35516 35516 35516 35516 35516 35516 29198 
37032 37032 37032 37032 37032 37032 37032 37032 37032 37032 37032 35640 23632 33724 33724 33724 33724 33724 33724 33724 33724 33724 33724 33724 33724 27460 
38672 38672 38672 38672 38672 38672 38672 38672 38672 38672 38672 37376 26040 18680 18680 18680 18680 18680 18680 18680 18680 18680 18680 18680 18680 12848 
42160 42160 42160 42160 42160 42160 42160 42160 42160 42160 42160 40960 30296 29884 29884 29884 29884 29884 29884 29884 29884 29884 29884 29884 29884 24484 
36110 36110 36110 36110 36110 36110 36110 36110 36110 36110 36110 34730 22806 34004 34004 34004 34004 34004 34004 34004 34004 34004 34004 34004 34004 27794 
42818 42818 42818 42818 42818 42818 42818 42818 42818 42818 42818 41558 30474 29788 29788 29788 29788 29788 29788 29788 29788 29788 29788 29788 29788 24118 
34550 34550 34550 34550 34550 34550 34550 34550 34550 34550 34550 33314 22398 31796 31796 31796 31796 31796 31796 31796 31796 31796 31796 31796 31796 26234 
37956 37956 37956 37956 37956 37956 37956 37956 37956 37956 37956 36492 23980 33940 33940 33940 33940 33940 33940 33940 33940 33940 33940 33940 33940 27352 
42494 42494 42494 42494 42494 42494 42494 42494 42494 42494 42494 41258 30342 29548 29548 29548 29548 29548 29548 29548 29548 29548 29548 29548 29548 23986 
40454 40454 40454 40454 40454 40454 40454 40454 40454 40454 40454 39026 26766 20000 20000 20000 20000 20000 20000 20000 20000 20000 20000 20000 20000 13574 
42412 42412 42412 42412 42412 42412 42412 42412 42412 42412 42412 41044 29204 29260 29260 29260 29260 29260 29260 29260 29260 29260 29260 29260 29260 23104 
41040 41040 41040 41040 41040 41040 41040 41040 41040 41040 41040 39648 27640 16280 16280 16280 16280 16280 16280 16280 16280 16280 16280 16280 16280 10016 
39942 39942 39942 39942 39942 39942 39942 39942 39942 39942 39942 38514 26254 30924 30924 30924 30924 30924 30924 30924 30924 30924 30924 30924 30924 24498 
44590 44590 44590 44590 44590 44590 44590 44590 44590 44590 44590 43210 31286 31684 31684 31684 31684 31684 31684 31684 31684 31684 31684 31684 31684 25474 
45504 45504 45504 45504 45504 45504 45504 45504 45504 45504 45504 44352 34024 32996 32996 32996 32996 32996 32996 32996 32996 32996 32996 32996 32996 27812 
37850 37850 37850 37850 37850 37850 37850 37850 37850 37850 37850 36494 24738 30028 30028 30028 30028 30028 30028 30028 30028 30028 30028 30028 30028 23926 
36932 36932 36932 36932 36932 36932 36932 36932 36932 36932 36932 35660 24492 29500 29500 29500 29500 29500 29500 29500 29500 29500 29500 29500 29500 23776 
37580 37580 37580 37580 37580 37580 37580 37580 37580 37580 37580 36260 24756 29980 29980 29980 29980 29980 29980 29980 29980 29980 29980 29980 29980 24040 
38552 38552 38552 38552 38552 38552 38552 38552 38552 38552 38552 37160 25152 30700 30700 30700 30700 30700 30700 30700 30700 30700 30700 30700 30700 24436 
40130 40130 40130 40130 40130 40130 40130 40130 40130 40130 40130 38726 26634 19760 19760 19760 19760 19760 19760 19760 19760 19760 19760 19760 19760 13442 
18630 18630 18630 18630 18630 18630 18630 18630 18630 18630 18630 17250 7590 33588 33588 33588 33588 33588 33588 33588 33588 33588 33588 33588 33588 27378 
36012 36012 36012 36012 36012 36012 36012 36012 36012 36012 36012 34692 23188 32500 32500 32500 32500 32500 32500 32500 32500 32500 32500 32500 32500 26560 
17124 17124 17124 17124 17124 17124 17124 17124 17124 17124 17124 15900 7332 32100 32100 32100 32100 32100 32100 32100 32100 32100 32100 32100 32100 26592 
36932 36932 36932 36932 36932 36932 36932 36932 36932 36932 36932 35660 24492 29500 29500 29500 29500 29500 29500 29500 29500 29500 29500 29500 29500 23776 
37082 37082 37082 37082 37082 37082 37082 37082 37082 37082 37082 35630 23202 34724 34724 34724 34724 34724 34724 34724 34724 34724 34724 34724 34724 28190 
36884 36884 36884 36884 36884 36884 36884 36884 36884 36884 36884 35564 24060 30116 30116 30116 30116 30116 30116 30116 30116 30116 30116 30116 30116 24176 
40068 40068 40068 40068 40068 40068 40068 40068 40068 40068 40068 38844 28012 27316 27316 27316 27316 27316 27316 27316 27316 27316 27316 27316 27316 21808 
42970 42970 42970 42970 42970 42970 42970 42970 42970 42970 42970 41710 30626 30484 30484 30484 30484 30484 30484 30484 30484 30484 30484 30484 30484 24814 
40552 40552 40552 40552 40552 40552 40552 40552 40552 40552 40552 39160 27152 29324 29324 29324 29324 29324 29324 29324 29324 29324 29324 29324 29324 23060 
36534 36534 36534 36534 36534 36534 36534 36534 36534 36534 36534 35202 23614 30580 30580 30580 30580 30580 30580 30580 30580 30580 30580 30580 30580 24586 
49230 49230 49230 49230 49230 49230 49230 49230 49230 49230 49230 47802 35542 35756 35756 35756 35756 35756 35756 35756 35756 35756 35756 35756 35756 29330 
20202 20202 20202 20202 20202 20202 20202 20202 20202 20202 20202 18750 8586 34380 34380 34380 34380 34380 34380 34380 34380 34380 34380 34380 34380 27846 
38284 38284 38284 38284 38284 38284 38284 38284 38284 38284 38284 37060 26228 27644 27644 27644 27644 27644 27644 27644 27644 27644 27644 27644 27644 22136 
38808 38808 38808 38808 38808 38808 38808 38808 38808 38808 38808 37464 25792 30084 30084 30084 30084 30084 30084 30084 30084 30084 30084 30084 30084 24036 
35562 35562 35562 35562 35562 35562 35562 35562 35562 35562 35562 34302 23218 29860 29860 29860 29860 29860 29860 29860 29860 29860 29860 29860 29860 24190 
39956 39956 39956 39956 39956 39956 39956 39956 39956 39956 39956 38636 27132 13200 13200 13200 13200 13200 13200 13200 13200 13200 13200 13200 13200 7260 
17496 17496 17496 17496 17496 17496 17496 17496 17496 17496 17496 16200 7128 32748 32748 32748 32748 32748 32748 32748 32748 32748 32748 32748 32748 26916 
39038 39038 39038 39038 39038 39038 39038 39038 39038 39038 39038 37610 25350 31060 31060 31060 31060 31060 31060 31060 31060 31060 31060 31060 31060 24634 
38770 38770 38770 38770 38770 38770 38770 38770 38770 38770 38770 37510 26426 28004 28004 28004 28004 28004 28004 28004 28004 28004 28004 28004 28004 22334 
36878 36878 36878 36878 36878 36878 36878 36878 36878 36878 36878 35594 24342 29308 29308 29308 29308 29308 29308 29308 29308 29308 29308 29308 29308 23530 
39744 39744 39744 39744 39744 39744 39744 39744 39744 39744 39744 38448 27112 15320 15320 15320 15320 15320 15320 15320 15320 15320 15320 15320 15320 9488 
37856 37856 37856 37856 37856 37856 37856 37856 37856 37856 37856 36464 24456 30836 30836 30836 30836 30836 30836 30836 30836 30836 30836 30836 30836 24572 
39420 39420 39420 39420 39420 39420 39420 39420 39420 39420 39420 38148 26980 15080 15080 15080 15080 15080 15080 15080 15080 15080 15080 15080 15080 9356 
41900 41900 41900 41900 41900 41900 41900 41900 41900 41900 41900 40436 27924 14640 14640 14640 14640 14640 14640 14640 14640 14640 14640 14640 14640 8052 
37182 37182 37182 37182 37182 37182 37182 37182 37182 37182 37182 35802 23878 31060 31060 31060 31060 31060 31060 31060 31060 31060 31060 31060 31060 24850 
40292 40292 40292 40292 40292 40292 40292 40292 40292 40292 40292 38876 26700 19880 19880 19880 19880 19880 19880 19880 19880 19880 19880 19880 19880 13508 
43308 43308 43308 43308 43308 43308 43308 43308 43308 43308 43308 41844 29332 29716 29716 29716 29716 29716 29716 29716 29716 29716 29716 29716 29716 23128 
44276 44276 44276 44276 44276 44276 44276 44276 44276 44276 44276 42908 31068 30868 30868 30868 30868 30868 30868 30868 30868 30868 30868 30868 30868 24712 
43466 43466 43466 43466 43466 43466 43466 43466 43466 43466 43466 42158 30738 30268 30268 30268 30268 30268 30268 30268 30268 30268 30268 30268 30268 24382 
36222 36222 36222 36222 36222 36222 36222 36222 36222 36222 36222 34890 23302 33124 33124 33124 33124 33124 33124 33124 33124 33124 33124 33124 33124 27130 
38024 38024 38024 38024 38024 38024 38024 38024 38024 38024 38024 36776 25776 18200 18200 18200 18200 18200 18200 18200 18200 18200 18200 18200 18200 12584 
50202 50202 50202 50202 50202 50202 50202 50202 50202 50202 50202 48702 35938 36476 36476 36476 36476 36476 36476 36476 36476 36476 36476 36476 36476 29726 
35786 35786 35786 35786 35786 35786 35786 35786 35786 35786 35786 34430 22674 33764 33764 33764 33764 33764 33764 33764 33764 33764 33764 33764 33764 27662 
38390 38390 38390 38390 38390 38390 38390 38390 38390 38390 38390 37010 25086 30580 30580 30580 30580 30580 30580 30580 30580 30580 30580 30580 30580 24370 
36398 36398 36398 36398 36398 36398 36398 36398 36398 36398 36398 35114 23862 29756 29756 29756 29756 29756 29756 29756 29756 29756 29756 29756 29756 23978 
44104 44104 44104 44104 44104 44104 44104 44104 44104 44104 44104 42760 31088 31324 31324 31324 31324 31324 31324 31324 31324 31324 31324 31324 31324 25276 
39294 39294 39294 39294 39294 39294 39294 39294 39294 39294 39294 37914 25990 30444 30444 30444 30444 30444 30444 30444 30444 30444 30444 30444 30444 24234 
35426 35426 35426 35426 35426 35426 35426 35426 35426 35426 35426 34214 23466 29036 29036 29036 29036 29036 29036 29036 29036 29036 29036 29036 29036 23582 
38822 38822 38822 38822 38822 38822 38822 38822 38822 38822 38822 37586 26670 12360 12360 12360 12360 12360 12360 12360 12360 12360 12360 12360 12360 6798 
36656 36656 36656 36656 36656 36656 36656 36656 36656 36656 36656 35264 23256 33356 33356 33356 33356 33356 33356 33356 33356 33356 33356 33356 33356 27092 
18420 18420 18420 18420 18420 18420 18420 18420 18420 18420 18420 17100 7860 33060 33060 33060 33060 33060 33060 33060 33060 33060 33060 33060 33060 27120 
40630 40630 40630 40630 40630 40630 40630 40630 40630 40630 40630 39394 28478 27940 27940 27940 27940 27940 27940 27940 27940 27940 27940 27940 27940 22378 
43628 43628 43628 43628 43628 43628 43628 43628 43628 43628 43628 42308 30804 30388 30388 30388 30388 30388 30388 30388 30388 30388 30388 30388 30388 24448 
38876 38876 38876 38876 38876 38876 38876 38876 38876 38876 38876 37460 25284 30940 30940 30940 30940 30940 30940 30940 30940 30940 30940 30940 30940 24568 
38552 38552 38552 38552 38552 38552 38552 38552 38552 38552 38552 37160 25152 30700 30700 30700 30700 30700 30700 30700 30700 30700 30700 30700 30700 24436 
43780 43780 43780 43780 43780 43780 43780 43780 43780 43780 43780 42460 30956 31084 31084 31084 31084 31084 31084 31084 31084 31084 31084 31084 31084 25144 
43294 43294 43294 43294 43294 43294 43294 43294 43294 43294 43294 42010 30758 30724 30724 30724 30724 30724 30724 30724 30724 30724 30724 30724 30724 24946 
44276 44276 44276 44276 44276 44276 44276 44276 44276 44276 44276 42908 31068 30868 30868 30868 30868 30868 30868 30868 30868 30868 30868 30868 30868 24712 
37700 37700 37700 37700 37700 37700 37700 37700 37700 37700 37700 36476 25644 17960 17960 17960 17960 17960 17960 17960 17960 17960 17960 17960 17960 12452 
35040 35040 35040 35040 35040 35040 35040 35040 35040 35040 35040 33792 22792 31780 31780 31780 31780 31780 31780 31780 31780 31780 31780 31780 31780 26164 
38066 38066 38066 38066 38066 38066 38066 38066 38066 38066 38066 36710 24954 30340 30340 30340 30340 30340 30340 30340 30340 30340 30340 30340 30340 24238 
40716 40716 40716 40716 40716 40716 40716 40716 40716 40716 40716 39348 27508 16040 16040 16040 16040 16040 16040 16040 16040 16040 16040 16040 16040 9884 
35798 35798 35798 35798 35798 35798 35798 35798 35798 35798 35798 34610 24030 28660 28660 28660 28660 28660 28660 28660 28660 28660 28660 28660 28660 23314 
37856 37856 37856 37856 37856 37856 37856 37856 37856 37856 37856 36464 24456 30836 30836 30836 30836 30836 30836 30836 30836 30836 30836 30836 30836 24572 
38714 38714 38714 38714 38714 38714 38714 38714 38714 38714 38714 37310 25218 30820 30820 30820 30820 30820 30820 30820 30820 30820 30820 30820 30820 24502 
38336 38336 38336 38336 38336 38336 38336 38336 38336 38336 38336 36944 24936 30388 30388 30388 30388 30388 30388 30388 30388 30388 30388 30388 30388 24124 
37512 37512 37512 37512 37512 37512 37512 37512 37512 37512 37512 36264 25264 29124 29124 29124 29124 29124 29124 29124 29124 29124 29124 29124 29124 23508 
44600 44600 44600 44600 44600 44600 44600 44600 44600 44600 44600 43208 31200 31108 31108 31108 31108 31108 31108 31108 31108 31108 31108 31108 31108 24844 
46476 46476 46476 46476 46476 46476 46476 46476 46476 46476 46476 45252 34420 33716 33716 33716 33716 33716 33716 33716 33716 33716 33716 33716 33716 28208 
40118 40118 40118 40118 40118 40118 40118 40118 40118 40118 40118 38786 27198 13320 13320 13320 13320 13320 13320 13320 13320 13320 13320 13320 13320 7326 
35300 35300 35300 35300 35300 35300 35300 35300 35300 35300 35300 33980 22476 33404 33404 33404 33404 33404 33404 33404 33404 33404 33404 33404 33404 27464 
36110 36110 36110 36110 36110 36110 36110 36110 36110 36110 36110 34730 22806 34004 34004 34004 34004 34004 34004 34004 34004 34004 34004 34004 34004 27794 
17820 17820 17820 17820 17820 17820 17820 17820 17820 17820 17820 16500 7260 32988 32988 32988 32988 32988 32988 32988 32988 32988 32988 32988 32988 27048 
41850 41850 41850 41850 41850 41850 41850 41850 41850 41850 41850 40398 27970 16880 16880 16880 16880 16880 16880 16880 16880 16880 16880 16880 16880 10346 
39470 39470 39470 39470 39470 39470 39470 39470 39470 39470 39470 38186 26934 12840 12840 12840 12840 12840 12840 12840 12840 12840 12840 12840 12840 7062 
39146 39146 39146 39146 39146 39146 39146 39146 39146 39146 39146 37886 26802 12600 12600 12600 12600 12600 12600 12600 12600 12600 12600 12600 12600 6930 
35412 35412 35412 35412 35412 35412 35412 35412 35412 35412 35412 34140 22972 32524 32524 32524 32524 32524 32524 32524 32524 32524 32524 32524 32524 26800 
18420 18420 18420 18420 18420 18420 18420 18420 18420 18420 18420 17100 7860 33060 33060 33060 33060 33060 33060 33060 33060 33060 33060 33060 33060 27120 
]

ExternalWorkerWithSkillOnStintCost: [
44184 37632 49728 44688 49140 38304 36036 36204 47208 39480 41160 38976 38160 30600 38448 40680 36576 37512 34056 37080 34920 31680 36648 35928 41544 33264 
40236 46368 41076 41244 48132 39480 36540 41076 43092 43344 50316 50148 31248 34488 38808 33840 36864 36072 41184 40824 28944 34776 30240 32328 36360 42336 
45948 44604 38304 38808 46704 43428 38808 43344 40152 36792 44268 45024 32328 42768 37584 40968 41544 34488 39168 37512 42696 34128 36936 33336 40752 36648 
49392 34944 43428 34440 41412 49224 47964 39144 35280 33600 40320 36540 33048 38520 31392 41184 37944 33696 36504 41544 38592 34920 38952 40464 40464 41688 
42252 46704 45864 33936 36036 44352 44352 39312 38136 45360 37716 47040 33264 32400 30168 36648 29160 36216 36072 30744 42048 38520 40896 29808 41184 30456 
47712 44016 33600 43344 48384 42588 38640 46704 42504 49224 47796 39984 40824 29808 31680 34704 30888 32472 31608 42768 41472 30888 34416 29880 40680 34128 
]

OverlappingStints: [
[ 2 14 15 ]
[ 3 14 15 16 ]
[ 4 15 16 17 ]
[ 5 16 17 18 ]
[ 6 17 18 19 ]
[ 7 18 19 20 ]
[ 8 19 20 21 ]
[ 9 20 21 22 ]
[ 10 21 22 23 ]
[ 11 22 23 24 ]
[ 12 23 24 25 ]
[ 13 24 25 26 ]
[ 25 26 ]
[ 15 ]
[ 16 ]
[ 17 ]
[ 18 ]
[ 19 ]
[ 20 ]
[ 21 ]
[ 22 ]
[ 23 ]
[ 24 ]
[ 25 ]
[ 26 ]
[ ]
]

EmployeesWithSkill: [
[ 1 2 3 4 5 6 7 8 9 10 11 12 13 14 15 16 17 18 19 20 21 22 23 24 25 26 27 28 29 30 31 32 33 34 35 36 37 38 39 40 41 42 43 44 45 46 47 48 49 50 51 52 53 54 55 56 57 58 59 60 61 62 63 64 65 66 67 68 69 70 71 72 73 74 75 76 77 78 79 80 81 82 83 84 85 86 87 88 89 90 91 92 93 94 95 96 97 98 99 100 101 102 103 104 105 106 107 108 109 110 111 112 113 114 115 116 117 118 119 120 121 122 123 124 125 126 127 128 129 130 131 132 133 134 135 136 137 138 139 140 141 142 143 144 145 146 147 148 149 150 ]
[ 1 2 3 4 5 6 7 8 9 10 11 12 13 14 15 16 17 18 19 20 21 22 23 24 25 26 27 28 29 30 31 32 33 34 35 36 37 38 39 40 41 42 43 44 45 46 47 48 49 50 51 52 53 54 55 56 57 58 59 60 61 62 63 64 65 66 68 69 70 71 72 73 74 75 76 78 79 80 81 82 83 85 86 87 88 89 90 91 92 94 95 96 98 99 100 101 102 103 104 105 106 107 108 109 110 111 112 113 114 115 116 117 118 119 120 121 122 123 124 125 126 127 128 129 130 131 132 133 134 135 136 137 138 139 140 141 142 143 144 145 146 147 148 149 150 ]
[ 3 4 5 8 9 10 19 22 28 32 34 37 42 45 47 48 52 53 55 57 60 70 71 74 75 81 86 87 92 94 97 99 104 106 108 111 112 113 114 116 121 122 123 129 131 134 138 143 146 149 ]
[ 1 2 3 4 5 6 7 10 11 12 13 14 15 16 20 21 22 23 24 25 26 27 28 29 30 31 33 35 36 37 39 41 42 43 44 45 46 47 48 49 50 51 52 53 54 55 56 57 59 60 62 63 64 65 66 67 68 69 70 72 73 74 75 76 77 78 79 80 81 82 83 84 85 86 87 91 92 93 94 95 96 98 99 100 101 103 104 105 106 107 109 111 112 113 114 115 117 119 120 121 122 124 125 126 127 128 130 131 132 133 134 136 138 139 140 141 142 143 144 145 146 148 149 150 ]
[ 1 2 6 10 15 19 23 27 28 34 36 43 48 51 57 62 63 64 90 92 93 99 103 109 114 118 123 127 130 145 146 147 ]
[ 4 6 9 12 13 14 15 16 21 22 23 24 26 27 28 34 35 36 43 44 50 52 53 55 64 65 67 76 81 88 89 98 101 104 105 108 109 110 111 112 115 117 119 122 124 125 128 130 133 137 140 143 144 145 ]
]

SkillDemandInActivityWithMode: [
0	1	
15	24	
8	13	
10	16	
14	22	
13	21	
3	6	
15	24	
13	21	
8	13	
13	21	
3	6	
5	9	
3	6	
10	16	
3	6	
14	22	
3	6	
18	28	
15	24	
6	10	
17	27	
15	24	
3	6	
13	21	
11	18	
9	15	
6	10	
2	4	
3	6	
10	16	
17	27	
17	27	
7	12	
5	9	
5	9	
9	15	
9	15	
12	19	
0	1	
7	12	
6	10	
9	15	
11	18	
19	30	
17	27	
3	6	
16	25	
11	18	
3	6	
11	18	
17	27	
15	24	
19	30	
10	16	
19	30	
16	25	
12	19	
15	24	
17	27	
8	13	
19	30	
19	30	
16	25	
11	18	
17	27	
3	6	
16	25	
15	24	
19	30	
16	25	
9	15	
17	27	
9	15	
4	7	
11	18	
15	24	
8	13	

0	1	
10	16	
5	9	
6	10	
9	15	
8	13	
1	3	
10	16	
8	13	
4	7	
8	13	
1	3	
3	6	
1	3	
6	10	
1	3	
9	15	
1	3	
11	18	
10	16	
3	6	
10	16	
10	16	
1	3	
8	13	
7	12	
5	9	
3	6	
1	3	
1	3	
6	10	
10	16	
10	16	
4	7	
3	6	
3	6	
5	9	
5	9	
7	12	
0	1	
7	12	
6	10	
10	16	
13	21	
23	36	
21	33	
3	6	
19	30	
13	21	
3	6	
13	21	
21	33	
18	28	
23	36	
11	18	
23	36	
19	30	
14	22	
18	28	
21	33	
9	15	
23	36	
23	36	
19	30	
13	21	
21	33	
3	6	
19	30	
18	28	
23	36	
19	30	
11	18	
21	33	
11	18	
3	6	
13	21	
18	28	
9	15	

0	1	
1	3	
0	1	
1	3	
1	3	
1	3	
0	1	
1	3	
1	3	
0	1	
1	3	
0	1	
0	1	
0	1	
1	3	
0	1	
1	3	
0	1	
2	4	
1	3	
0	1	
1	3	
1	3	
0	1	
1	3	
1	3	
0	1	
0	1	
0	1	
0	1	
1	3	
1	3	
1	3	
0	1	
0	1	
0	1	
0	1	
0	1	
1	3	
0	1	
3	6	
2	4	
4	7	
6	10	
10	16	
9	15	
1	3	
8	13	
5	9	
1	3	
6	10	
9	15	
8	13	
10	16	
5	9	
10	16	
8	13	
6	10	
8	13	
9	15	
4	7	
10	16	
10	16	
8	13	
5	9	
9	15	
1	3	
8	13	
8	13	
10	16	
8	13	
5	9	
9	15	
5	9	
1	3	
6	10	
8	13	
4	7	

0	1	
18	28	
9	15	
12	19	
17	27	
16	25	
3	6	
18	28	
15	24	
8	13	
16	25	
3	6	
5	9	
3	6	
12	19	
3	6	
17	27	
2	4	
22	34	
18	28	
7	12	
20	31	
18	28	
3	6	
15	24	
13	21	
11	18	
7	12	
2	4	
3	6	
11	18	
20	31	
20	31	
8	13	
5	9	
6	10	
10	16	
10	16	
14	22	
0	1	
2	4	
2	4	
3	6	
4	7	
7	12	
6	10	
1	3	
6	10	
4	7	
1	3	
4	7	
6	10	
5	9	
7	12	
3	6	
7	12	
6	10	
4	7	
5	9	
6	10	
2	4	
7	12	
7	12	
6	10	
4	7	
6	10	
1	3	
6	10	
5	9	
7	12	
6	10	
3	6	
6	10	
3	6	
1	3	
4	7	
5	9	
3	6	

0	1	
2	4	
1	3	
1	3	
1	3	
1	3	
0	1	
2	4	
1	3	
1	3	
1	3	
0	1	
0	1	
0	1	
1	3	
0	1	
1	3	
0	1	
2	4	
2	4	
0	1	
2	4	
2	4	
0	1	
1	3	
1	3	
1	3	
0	1	
0	1	
0	1	
1	3	
2	4	
2	4	
0	1	
0	1	
0	1	
1	3	
1	3	
1	3	
0	1	
1	3	
1	3	
2	4	
3	6	
5	9	
4	7	
0	1	
4	7	
3	6	
0	1	
3	6	
4	7	
4	7	
5	9	
2	4	
5	9	
4	7	
3	6	
4	7	
4	7	
2	4	
5	9	
5	9	
4	7	
3	6	
4	7	
0	1	
4	7	
4	7	
5	9	
4	7	
2	4	
4	7	
2	4	
0	1	
3	6	
4	7	
2	4	

0	1	
8	13	
4	7	
5	9	
8	13	
7	12	
1	3	
8	13	
7	12	
4	7	
7	12	
1	3	
2	4	
1	3	
5	9	
1	3	
8	13	
1	3	
10	16	
8	13	
3	6	
9	15	
8	13	
1	3	
7	12	
6	10	
5	9	
3	6	
1	3	
1	3	
5	9	
9	15	
9	15	
3	6	
2	4	
2	4	
5	9	
4	7	
6	10	
0	1	
0	1	
0	1	
0	1	
1	3	
2	4	
2	4	
0	1	
1	3	
1	3	
0	1	
1	3	
2	4	
1	3	
2	4	
1	3	
2	4	
1	3	
1	3	
1	3	
2	4	
0	1	
2	4	
2	4	
1	3	
1	3	
2	4	
0	1	
1	3	
1	3	
2	4	
1	3	
1	3	
1	3	
1	3	
0	1	
1	3	
1	3	
0	1	

]

EmployeeAvailability: [
1 1 1 1 1 1 1 1 1 1 0 1 1 1 1 1 1 1 1 1 1 1 1 1 1 1 
0 1 1 1 1 1 0 1 1 1 0 1 1 0 1 1 1 1 1 0 1 1 1 0 1 1 
1 1 1 1 1 1 0 1 1 1 0 1 1 1 1 1 1 1 1 0 1 1 1 1 1 1 
1 1 1 1 1 1 1 1 0 1 1 1 1 1 1 1 1 1 1 1 1 0 1 1 1 1 
1 1 1 1 1 1 1 1 1 1 1 0 1 1 1 1 1 1 1 1 1 1 1 1 0 1 
1 1 1 1 1 1 1 1 1 0 1 1 1 1 1 1 1 1 1 1 1 1 0 1 1 1 
1 1 1 1 1 1 1 1 1 1 1 1 1 1 1 1 1 1 1 1 1 1 1 1 1 1 
1 0 1 0 1 1 1 1 1 1 0 1 1 1 0 1 0 1 1 1 1 1 1 0 1 1 
1 1 1 1 1 1 1 1 1 0 1 1 0 1 1 1 1 1 1 1 1 1 0 1 1 0 
1 1 1 1 1 1 1 1 1 1 1 1 1 1 1 1 1 1 1 1 1 1 1 1 1 1 
1 1 1 1 1 1 1 0 1 1 1 1 1 1 1 1 1 1 1 1 0 1 1 1 1 1 
1 1 1 1 1 1 1 1 1 1 1 1 1 1 1 1 1 1 1 1 1 1 1 1 1 1 
1 1 1 1 1 1 1 1 1 1 1 1 1 1 1 1 1 1 1 1 1 1 1 1 1 1 
1 1 1 1 1 1 1 1 1 1 1 1 1 1 1 1 1 1 1 1 1 1 1 1 1 1 
1 1 1 1 1 0 0 1 1 1 1 1 1 1 1 1 1 1 0 0 1 1 1 1 1 1 
1 1 1 1 0 1 1 1 0 1 1 1 1 1 1 1 1 0 1 1 1 0 1 1 1 1 
1 1 1 1 1 1 1 0 1 1 1 1 1 1 1 1 1 1 1 1 0 1 1 1 1 1 
1 1 1 1 0 1 1 1 0 1 1 1 1 1 1 1 1 0 1 1 1 0 1 1 1 1 
1 1 1 1 1 1 1 1 1 1 1 1 1 1 1 1 1 1 1 1 1 1 1 1 1 1 
0 1 1 1 1 1 1 1 0 1 1 1 1 0 1 1 1 1 1 1 1 1 1 1 1 1 
1 1 1 1 1 1 1 1 1 1 1 0 1 1 1 1 1 1 1 1 1 1 1 1 0 1 
0 1 0 0 1 1 1 1 1 1 1 1 1 1 1 0 0 1 1 1 1 1 1 1 1 1 
1 1 1 0 1 1 1 1 0 1 1 1 1 1 1 1 0 1 1 1 1 0 1 1 1 1 
1 1 1 1 1 1 1 1 0 1 1 1 1 1 1 1 1 1 1 1 1 0 1 1 1 1 
1 1 1 1 1 1 1 1 1 1 1 1 1 1 1 1 1 1 1 1 1 1 1 1 1 1 
1 1 1 1 1 1 1 1 1 1 1 1 1 1 1 1 1 1 1 1 1 1 1 1 1 1 
1 1 1 1 0 1 1 1 1 0 0 1 1 1 1 1 1 0 1 1 1 1 0 0 1 1 
1 1 1 1 1 1 1 1 1 1 1 1 1 1 1 1 1 1 1 1 1 1 1 1 1 1 
1 0 1 0 1 1 0 1 1 1 1 1 1 1 0 1 0 1 1 0 1 1 1 1 1 1 
0 1 1 1 1 0 1 1 1 1 1 1 1 0 1 1 1 1 0 1 1 1 1 1 1 1 
1 1 1 0 1 0 1 1 0 1 1 1 1 1 1 1 0 1 0 1 1 0 1 1 1 1 
1 1 1 1 1 1 0 1 0 1 1 1 1 1 1 1 1 1 1 0 1 0 1 1 1 1 
1 1 1 0 1 0 1 1 0 1 1 1 1 1 1 1 0 1 0 1 1 0 1 1 1 1 
1 1 1 1 1 1 1 1 1 1 1 1 1 1 1 1 1 1 1 1 1 1 1 1 1 1 
1 1 1 1 1 1 1 1 1 1 1 1 1 1 1 1 1 1 1 1 1 1 1 1 1 1 
1 1 1 1 1 1 1 1 1 1 1 1 1 1 1 1 1 1 1 1 1 1 1 1 1 1 
1 1 1 1 1 1 1 1 1 1 1 1 1 1 1 1 1 1 1 1 1 1 1 1 1 1 
1 1 1 1 1 0 1 0 1 1 1 1 1 1 1 1 1 1 0 1 0 1 1 1 1 1 
1 0 1 1 1 1 1 1 1 1 1 0 1 1 0 1 1 1 1 1 1 1 1 1 0 1 
1 1 1 0 1 1 1 1 1 1 0 1 1 1 1 1 0 1 1 1 1 1 1 0 1 1 
1 1 1 1 1 0 1 1 1 1 0 1 1 1 1 1 1 1 0 1 1 1 1 0 1 1 
1 1 1 1 1 1 1 1 1 1 0 1 1 1 1 1 1 1 1 1 1 1 1 0 1 1 
0 0 1 1 1 1 1 1 1 1 1 1 1 0 0 1 1 1 1 1 1 1 1 1 1 1 
1 1 1 1 1 0 1 1 1 1 0 0 1 1 1 1 1 1 0 1 1 1 1 0 0 1 
1 1 1 1 0 1 1 1 1 0 1 1 1 1 1 1 1 0 1 1 1 1 1 1 1 1 
0 1 1 1 1 1 1 0 0 1 1 1 1 0 1 1 1 1 1 1 0 0 1 1 1 1 
1 1 1 1 1 1 1 0 1 1 1 1 1 1 1 1 1 1 1 1 1 1 1 1 1 1 
0 1 1 1 1 1 1 1 1 1 1 1 1 0 1 1 1 1 1 1 1 1 1 1 1 1 
1 1 1 1 0 1 1 1 1 1 1 1 1 1 1 1 1 0 1 1 1 1 1 1 1 1 
1 1 1 1 1 1 1 1 1 1 1 1 1 1 1 1 1 1 1 1 1 1 1 1 1 1 
1 0 1 1 1 1 1 0 1 1 1 1 1 1 0 1 1 1 1 1 0 1 1 1 1 1 
1 1 1 1 1 1 1 1 1 1 0 1 1 1 1 1 1 1 1 1 1 1 1 0 1 1 
1 0 1 1 1 1 1 0 1 1 1 1 1 1 0 1 1 1 1 1 0 1 1 1 1 1 
1 1 0 0 1 1 1 1 1 1 1 0 1 1 1 0 1 1 1 1 1 1 1 1 0 1 
1 1 1 1 1 1 1 1 1 1 1 1 1 1 1 1 1 1 1 1 1 1 1 1 1 1 
1 1 1 0 1 1 1 1 1 1 1 1 1 1 1 1 0 1 1 1 1 1 1 1 1 1 
1 1 1 1 1 1 1 1 1 1 1 1 1 1 1 1 1 1 1 1 1 1 1 1 1 1 
0 1 1 1 1 1 1 1 1 1 1 1 1 0 1 1 1 1 1 1 1 1 1 1 1 1 
1 1 0 1 1 1 1 1 1 1 1 1 1 1 1 0 1 1 1 1 1 1 1 1 1 1 
1 1 1 1 1 1 1 1 1 1 1 1 1 1 1 1 1 1 1 1 1 1 1 1 1 1 
1 1 1 1 1 1 1 0 1 1 1 1 1 1 1 1 1 1 1 1 1 1 1 1 1 1 
1 1 0 0 1 1 1 1 1 0 1 1 1 1 1 0 0 1 1 1 1 1 0 1 1 1 
1 1 0 1 1 1 0 1 0 1 1 1 1 1 1 0 1 1 1 0 1 0 1 1 1 1 
1 1 1 1 1 1 1 0 1 1 1 1 1 1 1 1 1 1 1 1 0 1 1 1 1 1 
1 1 1 1 1 1 1 1 1 0 1 1 1 1 1 1 1 1 1 1 1 1 0 1 1 1 
1 0 1 1 0 1 1 0 1 1 1 1 1 1 0 1 1 1 1 1 0 1 1 1 1 1 
1 1 1 1 1 1 1 1 1 0 1 1 0 1 1 1 1 1 1 1 1 1 0 1 1 0 
1 1 1 1 0 1 1 1 1 1 1 1 1 1 1 1 1 0 1 1 1 1 1 1 1 1 
1 1 1 1 1 1 1 1 1 1 0 1 1 1 1 1 1 1 1 1 1 1 1 0 1 1 
1 1 1 1 0 1 1 1 1 1 1 1 1 1 1 1 1 1 1 1 1 1 1 1 1 1 
1 0 1 1 1 1 1 1 1 0 1 1 1 1 0 1 1 1 1 1 1 1 1 1 1 1 
1 1 1 1 1 1 1 1 1 0 0 0 1 1 1 1 1 1 1 1 1 1 0 1 0 1 
0 1 0 1 1 1 1 1 1 1 1 1 1 0 1 0 1 1 1 1 1 1 1 1 1 1 
1 1 1 1 1 1 1 1 1 1 1 1 1 1 1 1 1 1 1 1 1 1 1 1 1 1 
1 1 1 1 1 1 1 1 1 1 1 1 1 1 1 1 1 1 1 1 1 1 1 1 1 1 
1 0 1 1 0 1 1 1 1 1 1 1 1 1 0 1 1 1 1 1 1 1 1 1 1 1 
1 1 1 1 1 0 1 1 1 1 1 1 1 1 1 1 1 1 0 1 1 1 1 1 1 1 
1 1 1 1 1 1 1 1 1 1 1 1 1 1 1 1 1 1 1 1 1 1 1 1 1 1 
1 1 1 1 1 1 1 1 1 1 1 1 1 1 1 1 1 1 1 1 1 1 1 1 1 1 
1 1 1 1 1 1 1 1 1 1 1 1 1 1 1 1 1 1 1 1 1 1 1 1 1 1 
1 1 1 1 1 1 1 0 1 1 1 1 1 1 1 1 1 1 1 1 0 1 1 1 1 1 
1 1 1 1 0 1 1 1 0 1 1 1 1 1 1 1 1 0 1 1 1 0 1 1 1 1 
1 1 1 0 1 1 1 1 1 1 1 0 1 1 1 1 0 1 1 1 1 1 1 1 0 1 
1 1 0 1 1 1 1 1 1 1 1 1 1 1 1 0 1 1 1 1 1 1 1 1 1 1 
1 1 1 0 1 1 1 1 1 1 1 1 1 1 1 1 0 1 1 1 1 1 1 1 1 1 
0 1 1 1 1 1 1 0 1 1 1 1 0 0 1 1 1 1 1 1 0 1 1 1 1 0 
1 1 1 1 1 1 1 1 1 1 0 1 1 1 1 1 1 1 1 1 1 1 1 0 1 1 
1 1 1 1 1 1 1 1 1 1 1 1 1 1 1 1 1 1 1 1 1 1 1 1 1 1 
1 1 1 1 1 1 1 0 1 1 0 1 1 1 1 1 1 1 1 1 0 1 1 0 1 1 
1 1 1 1 1 1 1 1 1 1 1 1 1 1 1 1 1 1 1 1 1 1 1 1 1 1 
1 1 1 1 1 1 1 1 1 1 1 1 1 1 1 1 1 1 1 1 1 1 1 1 1 1 
1 1 1 0 1 0 1 1 1 1 1 1 1 1 1 1 0 1 0 1 1 1 1 1 1 1 
1 0 1 1 0 1 1 1 1 1 1 1 0 1 0 1 1 0 1 1 1 1 1 1 1 0 
1 1 1 1 1 1 1 0 1 1 1 1 1 1 1 1 1 1 1 1 0 1 1 1 1 1 
1 1 1 1 0 1 1 1 1 1 1 1 0 1 1 1 1 0 1 1 1 1 1 1 1 0 
1 1 1 1 1 1 1 1 0 1 1 1 1 1 1 1 1 1 1 1 1 0 1 1 1 1 
1 1 1 0 1 1 1 1 1 1 0 1 1 1 1 1 0 1 1 1 1 1 1 0 1 1 
1 1 1 0 1 1 1 1 1 1 1 1 1 1 1 1 0 1 1 1 1 1 1 1 1 1 
1 1 1 1 1 1 1 1 1 1 1 1 1 1 1 1 1 1 1 1 1 1 1 1 1 1 
1 0 1 1 1 0 1 1 1 1 1 1 1 1 0 1 1 1 0 1 1 1 1 1 1 1 
1 1 1 1 1 1 1 1 1 1 0 1 1 1 1 1 1 1 1 1 1 1 1 0 1 1 
1 1 1 1 1 1 1 1 1 0 1 1 0 1 1 1 1 1 1 1 1 1 0 1 1 0 
1 1 1 1 1 1 1 1 0 0 1 1 1 1 1 1 1 1 1 1 1 1 0 1 1 1 
1 1 1 1 1 1 1 0 1 1 0 1 1 1 1 1 1 1 1 1 0 1 1 0 1 1 
1 1 1 1 1 1 0 1 1 1 1 1 1 1 1 1 1 1 1 0 1 1 1 1 1 1 
1 1 0 1 0 1 1 1 1 1 1 1 1 1 1 0 1 0 1 1 1 1 1 1 1 1 
0 1 1 1 1 1 0 1 1 1 1 1 1 0 1 1 1 1 1 0 1 1 1 1 1 1 
1 1 1 1 1 0 0 1 1 1 1 1 0 1 1 1 1 1 0 1 1 1 1 1 1 0 
1 1 0 1 1 1 0 1 1 1 1 1 1 1 1 0 1 1 1 1 1 1 1 1 1 1 
1 1 1 1 1 1 1 1 1 1 1 1 1 1 1 1 1 1 1 1 1 1 1 1 1 1 
1 0 1 1 1 1 1 0 1 1 1 1 0 1 0 1 1 1 1 1 0 1 1 1 1 0 
1 1 1 1 1 1 1 1 1 1 1 0 1 1 1 1 1 1 1 1 1 1 1 1 0 1 
1 1 1 1 0 1 1 1 0 1 1 1 1 1 1 1 1 0 1 1 1 0 1 1 1 1 
1 1 1 1 1 1 1 1 1 1 1 1 1 1 1 1 1 1 1 1 1 1 1 1 1 1 
1 0 1 1 1 1 1 1 1 1 1 1 1 1 0 1 1 1 1 1 1 1 1 1 1 1 
1 1 1 1 1 0 1 1 1 0 1 1 1 1 1 1 1 1 0 1 1 1 0 1 1 1 
1 1 1 1 0 1 1 0 1 1 1 1 1 1 1 1 1 0 1 1 0 1 1 1 1 1 
1 1 0 1 1 1 1 1 1 1 1 0 1 1 1 0 1 1 1 1 1 1 1 1 1 1 
1 0 1 1 0 1 0 1 1 1 1 1 1 1 0 1 1 0 1 0 1 1 1 1 1 1 
0 1 1 1 1 1 1 1 1 1 1 1 0 0 1 1 1 1 1 1 1 1 1 1 1 0 
1 0 1 1 1 1 1 1 1 1 1 1 1 1 0 1 1 1 1 1 1 1 1 1 1 1 
1 1 1 1 1 1 1 1 1 1 1 1 1 1 1 1 1 1 1 1 1 1 1 1 1 1 
1 1 1 1 0 1 1 1 1 1 1 1 1 1 1 1 1 0 1 1 1 1 1 1 1 1 
1 1 1 1 1 1 1 1 0 1 1 1 1 1 1 1 1 1 1 1 1 0 1 1 1 1 
1 1 1 1 1 1 1 1 1 1 1 0 1 1 1 1 1 1 1 1 1 1 1 1 0 1 
1 1 1 1 1 1 1 1 1 1 1 1 1 1 1 1 1 1 1 1 1 1 1 1 1 1 
1 1 1 1 0 0 1 1 1 1 1 1 1 1 1 1 1 1 0 1 1 1 1 1 1 1 
1 1 1 1 1 1 1 1 1 1 1 0 0 1 1 1 1 1 1 1 1 1 1 1 0 0 
1 0 1 1 1 1 1 1 1 1 1 0 1 1 0 1 1 1 1 1 1 1 1 1 0 1 
1 1 1 1 0 1 1 1 1 0 1 1 1 1 1 1 1 0 1 1 1 1 0 1 1 1 
1 1 1 1 1 0 1 1 1 1 1 1 0 1 1 1 1 1 0 1 1 1 1 1 1 0 
1 1 1 1 1 1 1 1 1 1 1 1 1 1 1 1 1 1 1 1 1 1 1 1 1 1 
1 1 1 1 1 1 1 1 1 1 1 1 1 1 1 1 1 1 1 1 1 1 1 1 1 1 
1 1 1 1 1 1 1 1 1 1 1 1 1 1 1 1 1 1 1 1 1 1 1 1 1 1 
0 1 0 1 0 1 1 1 1 1 1 1 1 0 1 0 1 1 1 1 1 1 1 1 1 1 
1 1 1 1 1 1 1 1 1 0 0 1 1 1 1 1 1 1 1 1 1 1 0 0 1 1 
1 1 1 1 1 1 1 1 1 1 1 1 1 1 1 1 1 1 1 1 1 1 1 1 1 1 
1 1 1 1 0 0 1 1 1 1 1 1 1 1 1 1 1 0 0 1 1 1 1 1 1 1 
0 1 0 1 1 1 1 1 0 1 1 1 1 1 1 0 1 1 1 1 1 0 1 1 1 1 
1 0 0 1 1 1 1 1 1 1 1 1 1 1 1 0 1 1 1 1 1 1 1 1 1 1 
1 1 0 1 0 1 1 1 1 1 1 1 1 1 1 0 1 0 1 1 1 1 1 1 1 1 
1 1 1 1 1 1 1 1 1 0 1 1 1 1 1 1 1 1 1 1 1 1 0 1 1 1 
1 1 1 1 1 1 0 1 1 1 1 1 1 1 1 1 1 1 1 0 1 1 1 1 1 1 
1 1 1 1 1 1 0 1 1 1 1 1 1 1 1 1 1 1 1 1 1 1 1 1 1 1 
1 1 1 1 1 1 0 1 1 1 1 1 0 1 1 1 1 1 1 0 1 1 1 1 1 0 
1 1 1 0 1 1 0 1 1 1 1 1 1 1 1 1 0 1 1 0 1 1 1 1 1 1 
1 1 1 1 0 0 1 1 1 1 1 1 1 1 1 1 1 0 1 1 1 1 1 1 1 1 
1 1 1 1 1 0 1 0 1 0 1 1 1 1 1 1 1 1 0 1 1 1 0 1 1 1 
1 1 1 1 1 1 1 1 1 0 1 0 1 1 1 1 1 1 1 1 1 1 1 1 0 1 
1 1 1 1 1 0 1 1 1 1 1 1 1 1 1 1 1 1 0 1 1 1 1 1 1 1 
]

EmployeeWantedInStint: [ (3 3) 1 (3 8) 1 (3 17) 1 (7 10) 1 (7 19) 1 (8 11) 1 (11 4) 1 (14 19) 1 (18 1) 1 (21 15) 1 (22 1) 1 (22 8) 1 (24 6) 1 (26 19) 1 (28 8) 1 (28 19) 1 (30 21) 1 (36 3) 1 (40 18) 1 (42 14) 1 (44 6) 1 (47 21) 1 (48 10) 1 (50 22) 1 (51 7) 1 (53 23) 1 (57 18) 1 (59 6) 1 (59 22) 1 (59 24) 1 (61 3) 1 (61 17) 1 (61 22) 1 (62 13) 1 (67 14) 1 (67 19) 1 (68 7) 1 (68 16) 1 (69 10) 1 (76 17) 1 (77 11) 1 (79 19) 1 (80 21) 1 (86 18) 1 (87 7) 1 (87 10) 1 (89 14) 1 (92 3) 1 (92 8) 1 (94 13) 1 (96 1) 1 (98 13) 1 (101 9) 1 (102 6) 1 (109 2) 1 (116 17) 1 (118 4) 1 (119 6) 1 (121 3) 1 (123 25) 1 (131 23) 1 (135 2) 1 (137 15) 1 (139 15) 1 (141 24) 1 (142 12) 1 (145 3) 1 (146 7) 1 (148 10) 1 (150 6) 1 ]

EmployeeWantedViolationCost: [ (3 3) 14000 (3 8) 11000 (3 17) 7000 (7 10) 7000 (7 19) 12000 (8 11) 11000 (11 4) 14000 (14 19) 6000 (18 1) 15000 (21 15) 14000 (22 1) 14000 (22 8) 10000 (24 6) 10000 (26 19) 12000 (28 8) 11000 (28 19) 15000 (30 21) 12000 (36 3) 5000 (40 18) 12000 (42 14) 6000 (44 6) 8000 (47 21) 11000 (48 10) 15000 (50 22) 9000 (51 7) 14000 (53 23) 8000 (57 18) 8000 (59 6) 10000 (59 22) 9000 (59 24) 7000 (61 3) 12000 (61 17) 7000 (61 22) 5000 (62 13) 15000 (67 14) 7000 (67 19) 5000 (68 7) 7000 (68 16) 11000 (69 10) 5000 (76 17) 14000 (77 11) 14000 (79 19) 15000 (80 21) 6000 (86 18) 5000 (87 7) 14000 (87 10) 14000 (89 14) 14000 (92 3) 12000 (92 8) 15000 (94 13) 11000 (96 1) 10000 (98 13) 10000 (101 9) 13000 (102 6) 8000 (109 2) 15000 (116 17) 12000 (118 4) 10000 (119 6) 11000 (121 3) 12000 (123 25) 12000 (131 23) 14000 (135 2) 15000 (137 15) 6000 (139 15) 14000 (141 24) 9000 (142 12) 12000 (145 3) 15000 (146 7) 9000 (148 10) 12000 (150 6) 15000 ]

EmployeesThatShouldNotWorkTogetherWithEmployee: [
[ 25 33 34 35 49 85 141 ]
[ 20 36 61 79 97 110 144 ]
[ 13 59 ]
[ 17 39 43 65 107 133 ]
[ 8 56 69 73 125 ]
[ 28 40 47 64 80 92 98 101 131 137 ]
[ 46 47 56 82 90 108 137 138 ]
[ 15 47 76 146 ]
[ 24 28 33 49 52 54 90 111 115 120 ]
[ 29 32 44 73 88 100 ]
[ 35 36 84 87 141 145 ]
[ 25 37 108 149 ]
[ ]
[ 25 30 ]
[ 23 27 56 99 117 144 ]
[ 43 59 67 103 114 140 144 ]
[ 19 32 50 76 ]
[ 68 70 91 105 115 122 ]
[ 37 73 111 129 138 ]
[ 33 35 71 79 83 93 ]
[ 39 52 67 84 96 145 ]
[ 35 52 94 126 132 144 ]
[ 71 102 122 143 ]
[ 39 63 65 78 95 120 131 134 135 ]
[ 26 50 51 86 ]
[ 41 57 93 104 ]
[ 130 ]
[ 60 62 105 110 ]
[ 42 46 59 63 99 109 132 136 ]
[ 35 37 69 118 146 ]
[ 46 89 108 124 128 138 ]
[ 49 120 147 ]
[ 65 113 130 131 138 ]
[ 36 42 111 116 125 128 ]
[ 48 83 92 141 143 ]
[ 93 104 108 137 ]
[ 65 100 128 129 ]
[ 45 76 89 94 101 146 ]
[ 79 87 147 ]
[ 41 98 100 118 122 125 149 ]
[ 59 60 108 136 ]
[ 52 110 111 ]
[ 49 69 92 101 126 ]
[ 47 63 125 147 ]
[ 47 59 76 94 98 137 ]
[ 66 138 ]
[ 111 118 137 ]
[ 76 132 ]
[ 120 124 141 ]
[ 81 100 146 ]
[ 53 56 119 127 ]
[ 114 138 148 ]
[ 55 75 102 129 131 135 ]
[ 76 89 105 137 ]
[ 103 128 133 ]
[ 65 80 101 137 ]
[ 106 135 138 142 144 150 ]
[ 112 ]
[ 62 96 117 121 145 ]
[ 88 146 ]
[ 72 79 112 126 130 131 140 145 ]
[ 65 117 ]
[ 65 77 91 110 125 134 142 ]
[ 81 116 ]
[ 70 83 88 95 101 106 108 112 123 125 128 137 ]
[ 69 136 138 ]
[ 87 90 93 99 113 117 133 144 ]
[ 80 87 104 ]
[ 72 137 140 ]
[ 76 77 79 87 ]
[ 74 86 121 148 ]
[ 87 130 131 146 ]
[ 94 ]
[ 82 89 102 136 ]
[ 91 98 101 110 126 145 148 ]
[ 135 ]
[ 87 96 120 143 145 ]
[ 99 130 ]
[ 104 124 136 146 150 ]
[ 121 ]
[ 82 103 127 137 143 ]
[ 84 121 146 ]
[ 84 89 120 ]
[ 91 95 101 130 ]
[ 87 133 135 ]
[ 92 94 101 130 142 ]
[ 92 99 ]
[ 91 96 123 ]
[ 143 ]
[ 127 134 ]
[ 115 135 ]
[ 118 123 134 138 ]
[ 105 ]
[ 96 127 140 145 ]
[ 124 128 134 ]
[ 133 ]
[ ]
[ 138 ]
[ 105 107 134 ]
[ ]
[ 111 117 134 146 ]
[ 104 132 137 ]
[ 110 123 128 148 ]
[ 105 128 132 150 ]
[ 106 145 ]
[ 107 137 138 147 ]
[ 133 ]
[ 112 ]
[ 143 149 ]
[ 124 ]
[ 135 143 ]
[ ]
[ 133 140 ]
[ 146 ]
[ 128 139 ]
[ 117 140 147 ]
[ 128 136 ]
[ ]
[ 125 150 ]
[ 138 ]
[ ]
[ 123 147 149 ]
[ ]
[ 126 132 ]
[ 134 135 ]
[ 127 135 145 ]
[ 150 ]
[ ]
[ ]
[ 147 150 ]
[ 132 141 ]
[ 147 ]
[ 139 144 ]
[ 150 ]
[ ]
[ ]
[ ]
[ ]
[ 147 ]
[ ]
[ ]
[ ]
[ 148 ]
[ 146 147 ]
[ ]
[ ]
[ ]
[ ]
[ ]
[ ]
]

ShouldNotWorkTogetherCost: [ (1 25) 198 (1 33) 99 (1 34) 297 (1 35) 297 (1 49) 99 (1 85) 99 (1 141) 198 (2 20) 297 (2 36) 297 (2 61) 99 (2 79) 99 (2 97) 99 (2 110) 198 (2 144) 99 (3 13) 198 (3 59) 99 (4 17) 198 (4 39) 396 (4 43) 297 (4 65) 396 (4 107) 297 (4 133) 396 (5 8) 297 (5 56) 99 (5 69) 297 (5 73) 396 (5 125) 396 (6 28) 99 (6 40) 198 (6 47) 198 (6 64) 396 (6 80) 396 (6 92) 99 (6 98) 198 (6 101) 297 (6 131) 297 (6 137) 297 (7 46) 396 (7 47) 198 (7 56) 297 (7 82) 198 (7 90) 297 (7 108) 99 (7 137) 297 (7 138) 396 (8 15) 396 (8 47) 396 (8 76) 198 (8 146) 396 (9 24) 297 (9 28) 99 (9 33) 99 (9 49) 297 (9 52) 396 (9 54) 198 (9 90) 297 (9 111) 99 (9 115) 396 (9 120) 99 (10 29) 99 (10 32) 198 (10 44) 198 (10 73) 198 (10 88) 297 (10 100) 198 (11 35) 297 (11 36) 198 (11 84) 297 (11 87) 99 (11 141) 99 (11 145) 396 (12 25) 297 (12 37) 99 (12 108) 396 (12 149) 396 (14 25) 396 (14 30) 297 (15 23) 99 (15 27) 297 (15 56) 99 (15 99) 99 (15 117) 99 (15 144) 99 (16 43) 198 (16 59) 99 (16 67) 297 (16 103) 99 (16 114) 297 (16 140) 297 (16 144) 99 (17 19) 396 (17 32) 396 (17 50) 198 (17 76) 396 (18 68) 396 (18 70) 297 (18 91) 396 (18 105) 99 (18 115) 198 (18 122) 297 (19 37) 396 (19 73) 99 (19 111) 396 (19 129) 396 (19 138) 396 (20 33) 99 (20 35) 297 (20 71) 99 (20 79) 396 (20 83) 297 (20 93) 297 (21 39) 396 (21 52) 297 (21 67) 198 (21 84) 99 (21 96) 99 (21 145) 99 (22 35) 198 (22 52) 297 (22 94) 198 (22 126) 198 (22 132) 297 (22 144) 198 (23 71) 396 (23 102) 198 (23 122) 99 (23 143) 99 (24 39) 396 (24 63) 198 (24 65) 396 (24 78) 198 (24 95) 396 (24 120) 396 (24 131) 396 (24 134) 297 (24 135) 297 (25 26) 396 (25 50) 198 (25 51) 297 (25 86) 396 (26 41) 396 (26 57) 99 (26 93) 99 (26 104) 297 (27 130) 297 (28 60) 198 (28 62) 297 (28 105) 99 (28 110) 297 (29 42) 297 (29 46) 99 (29 59) 99 (29 63) 99 (29 99) 99 (29 109) 396 (29 132) 198 (29 136) 396 (30 35) 396 (30 37) 396 (30 69) 99 (30 118) 297 (30 146) 198 (31 46) 99 (31 89) 297 (31 108) 99 (31 124) 297 (31 128) 99 (31 138) 99 (32 49) 99 (32 120) 198 (32 147) 198 (33 65) 297 (33 113) 297 (33 130) 198 (33 131) 99 (33 138) 198 (34 36) 198 (34 42) 99 (34 111) 198 (34 116) 99 (34 125) 297 (34 128) 198 (35 48) 99 (35 83) 198 (35 92) 99 (35 141) 99 (35 143) 198 (36 93) 297 (36 104) 99 (36 108) 297 (36 137) 396 (37 65) 198 (37 100) 297 (37 128) 198 (37 129) 297 (38 45) 198 (38 76) 198 (38 89) 297 (38 94) 198 (38 101) 99 (38 146) 297 (39 79) 99 (39 87) 297 (39 147) 99 (40 41) 99 (40 98) 99 (40 100) 396 (40 118) 99 (40 122) 99 (40 125) 99 (40 149) 99 (41 59) 297 (41 60) 198 (41 108) 99 (41 136) 297 (42 52) 198 (42 110) 396 (42 111) 198 (43 49) 297 (43 69) 297 (43 92) 396 (43 101) 297 (43 126) 99 (44 47) 396 (44 63) 297 (44 125) 99 (44 147) 297 (45 47) 198 (45 59) 297 (45 76) 198 (45 94) 297 (45 98) 297 (45 137) 396 (46 66) 396 (46 138) 198 (47 111) 396 (47 118) 297 (47 137) 396 (48 76) 198 (48 132) 198 (49 120) 198 (49 124) 297 (49 141) 99 (50 81) 297 (50 100) 99 (50 146) 396 (51 53) 297 (51 56) 99 (51 119) 396 (51 127) 297 (52 114) 99 (52 138) 297 (52 148) 198 (53 55) 99 (53 75) 99 (53 102) 99 (53 129) 99 (53 131) 396 (53 135) 297 (54 76) 99 (54 89) 99 (54 105) 99 (54 137) 396 (55 103) 396 (55 128) 396 (55 133) 99 (56 65) 99 (56 80) 198 (56 101) 396 (56 137) 297 (57 106) 99 (57 135) 99 (57 138) 396 (57 142) 198 (57 144) 396 (57 150) 99 (58 112) 99 (59 62) 297 (59 96) 396 (59 117) 297 (59 121) 99 (59 145) 297 (60 88) 297 (60 146) 198 (61 72) 297 (61 79) 297 (61 112) 396 (61 126) 198 (61 130) 396 (61 131) 198 (61 140) 99 (61 145) 198 (62 65) 396 (62 117) 396 (63 65) 99 (63 77) 297 (63 91) 99 (63 110) 198 (63 125) 297 (63 134) 396 (63 142) 297 (64 81) 198 (64 116) 396 (65 70) 198 (65 83) 198 (65 88) 396 (65 95) 396 (65 101) 396 (65 106) 99 (65 108) 99 (65 112) 297 (65 123) 297 (65 125) 396 (65 128) 198 (65 137) 396 (66 69) 396 (66 136) 198 (66 138) 99 (67 87) 99 (67 90) 99 (67 93) 396 (67 99) 198 (67 113) 198 (67 117) 396 (67 133) 99 (67 144) 99 (68 80) 297 (68 87) 198 (68 104) 297 (69 72) 396 (69 137) 297 (69 140) 396 (70 76) 297 (70 77) 198 (70 79) 99 (70 87) 99 (71 74) 297 (71 86) 99 (71 121) 198 (71 148) 198 (72 87) 297 (72 130) 198 (72 131) 297 (72 146) 396 (73 94) 396 (74 82) 99 (74 89) 297 (74 102) 198 (74 136) 99 (75 91) 198 (75 98) 297 (75 101) 198 (75 110) 297 (75 126) 297 (75 145) 99 (75 148) 396 (76 135) 198 (77 87) 297 (77 96) 297 (77 120) 396 (77 143) 198 (77 145) 198 (78 99) 99 (78 130) 198 (79 104) 198 (79 124) 198 (79 136) 297 (79 146) 297 (79 150) 396 (80 121) 99 (81 82) 198 (81 103) 396 (81 127) 99 (81 137) 396 (81 143) 297 (82 84) 99 (82 121) 99 (82 146) 198 (83 84) 99 (83 89) 396 (83 120) 396 (84 91) 99 (84 95) 396 (84 101) 99 (84 130) 99 (85 87) 297 (85 133) 198 (85 135) 198 (86 92) 297 (86 94) 198 (86 101) 99 (86 130) 198 (86 142) 396 (87 92) 99 (87 99) 99 (88 91) 99 (88 96) 99 (88 123) 396 (89 143) 396 (90 127) 297 (90 134) 99 (91 115) 396 (91 135) 297 (92 118) 198 (92 123) 99 (92 134) 297 (92 138) 297 (93 105) 297 (94 96) 396 (94 127) 198 (94 140) 198 (94 145) 99 (95 124) 396 (95 128) 198 (95 134) 396 (96 133) 396 (98 138) 198 (99 105) 297 (99 107) 297 (99 134) 396 (101 111) 99 (101 117) 198 (101 134) 297 (101 146) 198 (102 104) 297 (102 132) 396 (102 137) 198 (103 110) 198 (103 123) 396 (103 128) 99 (103 148) 198 (104 105) 198 (104 128) 198 (104 132) 99 (104 150) 297 (105 106) 198 (105 145) 99 (106 107) 396 (106 137) 198 (106 138) 99 (106 147) 198 (107 133) 99 (108 112) 198 (109 143) 198 (109 149) 198 (110 124) 99 (111 135) 99 (111 143) 396 (113 133) 396 (113 140) 396 (114 146) 198 (115 128) 99 (115 139) 297 (116 117) 198 (116 140) 396 (116 147) 99 (117 128) 99 (117 136) 396 (119 125) 396 (119 150) 396 (120 138) 198 (122 123) 198 (122 147) 297 (122 149) 198 (124 126) 198 (124 132) 99 (125 134) 198 (125 135) 198 (126 127) 198 (126 135) 396 (126 145) 297 (127 150) 396 (130 147) 99 (130 150) 396 (131 132) 198 (131 141) 198 (132 147) 396 (133 139) 99 (133 144) 297 (134 150) 396 (139 147) 297 (143 148) 396 (144 146) 99 (144 147) 297 ]

ImmediatePredecessorsToActivity: [
[ ]
[ 1 ]
[ 1 ]
[ 1 ]
[ 4 ]
[ 4 ]
[ 2 ]
[ 5 7 ]
[ 2 6 ]
[ 4 ]
[ 2 3 8 ]
[ 5 ]
[ 5 6 10 ]
[ 3 ]
[ 7 10 ]
[ 3 4 ]
[ 2 6 14 ]
[ 4 ]
[ 4 8 ]
[ 2 10 16 ]
[ 9 ]
[ 2 5 ]
[ 7 9 14 16 ]
[ 1 ]
[ 7 14 16 ]
[ 4 22 ]
[ 3 6 24 ]
[ 22 24 ]
[ 1 ]
[ 3 ]
[ 3 9 10 22 24 ]
[ 10 21 27 ]
[ 14 16 21 ]
[ 7 22 ]
[ 3 5 10 ]
[ 6 26 ]
[ 3 7 9 13 ]
[ 7 24 26 35 ]
[ 7 14 31 ]
[ ]
[ 40 ]
[ 40 ]
[ 40 ]
[ 42 ]
[ 40 ]
[ 43 45 ]
[ 41 ]
[ 40 ]
[ 45 ]
[ 40 ]
[ 45 ]
[ 40 ]
[ 41 43 51 ]
[ 46 48 53 ]
[ 48 53 ]
[ 46 55 ]
[ 49 51 ]
[ 43 44 54 57 ]
[ 50 52 53 57 ]
[ 58 ]
[ 41 42 ]
[ 41 56 ]
[ 44 46 55 60 62 ]
[ 55 57 61 62 ]
[ 40 ]
[ 48 53 60 65 ]
[ 48 ]
[ 54 ]
[ 41 42 46 50 57 65 ]
[ 55 57 ]
[ 44 46 59 62 67 ]
[ 53 56 61 ]
[ 44 45 54 56 59 ]
[ 52 61 70 ]
[ 41 43 48 51 52 ]
[ 49 53 68 ]
[ 48 50 53 58 65 ]
[ 42 50 52 53 58 ]
]

ActivitiesInProject: [
[ 1 2 3 4 5 6 7 8 9 10 11 12 13 14 15 16 17 18 19 20 21 22 23 24 25 26 27 28 29 30 31 32 33 34 35 36 37 38 39 ]
[ 40 41 42 43 44 45 46 47 48 49 50 51 52 53 54 55 56 57 58 59 60 61 62 63 64 65 66 67 68 69 70 71 72 73 74 75 76 77 78 ]
]

nActivityModes: [ 2 2 2 2 2 2 2 2 2 2 2 2 2 2 2 2 2 2 2 2 2 2 2 2 2 2 2 2 2 2 2 2 2 2 2 2 2 2 2 2 2 2 2 2 2 2 2 2 2 2 2 2 2 2 2 2 2 2 2 2 2 2 2 2 2 2 2 2 2 2 2 2 2 2 2 2 2 2 ]

ActivitiyDurationWithMode: [
1	1	
13	9	
25	17	
20	14	
14	10	
15	10	
70	47	
13	9	
16	11	
27	18	
15	10	
74	50	
43	29	
68	46	
20	14	
68	46	
14	10	
83	56	
11	8	
13	9	
34	23	
12	8	
13	9	
74	50	
16	11	
18	12	
22	15	
34	23	
107	72	
79	53	
21	14	
12	8	
12	8	
29	20	
41	28	
40	27	
22	15	
24	16	
17	12	
1	1	
30	20	
36	24	
23	16	
17	12	
10	7	
11	8	
64	43	
12	8	
18	12	
70	47	
17	12	
11	8	
13	9	
10	7	
20	14	
10	7	
12	8	
16	11	
13	9	
11	8	
26	18	
10	7	
10	7	
12	8	
18	12	
11	8	
66	44	
12	8	
13	9	
10	7	
12	8	
21	14	
11	8	
21	14	
60	40	
17	12	
13	9	
24	16	
]
StintsInProject: [
[ 1 2 3 4 5 6 7 8 9 10 11 12 13 ]
[ 14 15 16 17 18 19 20 21 22 23 24 25 26 ]
]

WorkingStintsOnDay: [
[ 1 14 ]
[ 1 14 ]
[ 1 14 ]
[ 1 14 ]
[ 1 14 ]
[ 1 14 ]
[ 1 14 ]
[ 1 14 ]
[ 1 14 ]
[ 1 14 ]
[ 1 14 ]
[ 1 14 ]
[ 1 ]
[ 1 ]
[ 2 15 ]
[ 2 15 ]
[ 2 15 ]
[ 2 15 ]
[ 2 15 ]
[ 2 15 ]
[ 2 15 ]
[ 2 15 ]
[ 2 15 ]
[ 2 15 ]
[ 2 15 ]
[ 2 15 ]
[ 2 ]
[ 2 ]
[ 3 16 ]
[ 3 16 ]
[ 3 16 ]
[ 3 16 ]
[ 3 16 ]
[ 3 16 ]
[ 3 16 ]
[ 3 16 ]
[ 3 16 ]
[ 3 16 ]
[ 3 16 ]
[ 3 16 ]
[ 3 ]
[ 3 ]
[ 4 17 ]
[ 4 17 ]
[ 4 17 ]
[ 4 17 ]
[ 4 17 ]
[ 4 17 ]
[ 4 17 ]
[ 4 17 ]
[ 4 17 ]
[ 4 17 ]
[ 4 17 ]
[ 4 17 ]
[ 4 ]
[ 4 ]
[ 5 18 ]
[ 5 18 ]
[ 5 18 ]
[ 5 18 ]
[ 5 18 ]
[ 5 18 ]
[ 5 18 ]
[ 5 18 ]
[ 5 18 ]
[ 5 18 ]
[ 5 18 ]
[ 5 18 ]
[ 5 ]
[ 5 ]
[ 6 19 ]
[ 6 19 ]
[ 6 19 ]
[ 6 19 ]
[ 6 19 ]
[ 6 19 ]
[ 6 19 ]
[ 6 19 ]
[ 6 19 ]
[ 6 19 ]
[ 6 19 ]
[ 6 19 ]
[ 6 ]
[ 6 ]
[ 7 20 ]
[ 7 20 ]
[ 7 20 ]
[ 7 20 ]
[ 7 20 ]
[ 7 20 ]
[ 7 20 ]
[ 7 20 ]
[ 7 20 ]
[ 7 20 ]
[ 7 20 ]
[ 7 20 ]
[ 7 ]
[ 7 ]
[ 8 21 ]
[ 8 21 ]
[ 8 21 ]
[ 8 21 ]
[ 8 21 ]
[ 8 21 ]
[ 8 21 ]
[ 8 21 ]
[ 8 21 ]
[ 8 21 ]
[ 8 21 ]
[ 8 21 ]
[ 8 ]
[ 8 ]
[ 9 22 ]
[ 9 22 ]
[ 9 22 ]
[ 9 22 ]
[ 9 22 ]
[ 9 22 ]
[ 9 22 ]
[ 9 22 ]
[ 9 22 ]
[ 9 22 ]
[ 9 22 ]
[ 9 22 ]
[ 9 ]
[ 9 ]
[ 10 23 ]
[ 10 23 ]
[ 10 23 ]
[ 10 23 ]
[ 10 23 ]
[ 10 23 ]
[ 10 23 ]
[ 10 23 ]
[ 10 23 ]
[ 10 23 ]
[ 10 23 ]
[ 10 23 ]
[ 10 ]
[ 10 ]
[ 11 24 ]
[ 11 24 ]
[ 11 24 ]
[ 11 24 ]
[ 11 24 ]
[ 11 24 ]
[ 11 24 ]
[ 11 24 ]
[ 11 24 ]
[ 11 24 ]
[ 11 24 ]
[ 11 24 ]
[ 11 ]
[ 11 ]
[ 12 25 ]
[ 12 25 ]
[ 12 25 ]
[ 12 25 ]
[ 12 25 ]
[ 12 25 ]
[ 12 25 ]
[ 12 25 ]
[ 12 25 ]
[ 12 25 ]
[ 12 25 ]
[ 12 25 ]
[ 12 ]
[ 12 ]
[ 13 26 ]
[ 13 26 ]
[ 13 26 ]
[ 13 26 ]
[ 13 26 ]
[ 13 26 ]
[ 13 26 ]
[ 13 26 ]
[ 13 26 ]
[ 13 26 ]
[ 13 26 ]
[ 13 26 ]
]

ProjectStart: [ 5 38 ]

ProjectEnd: [ 118 150 ]

EarliestStartDayForActivity: [ 1 5 5 5 25 25 18 88 40 25 101 39 52 30 88 30 98 25 101 98 56 39 98 5 98 51 79 79 5 30 79 101 98 88 52 69 95 93 100 1 38 38 38 80 38 65 74 38 50 38 50 38 74 89 89 111 72 101 120 119 80 123 135 135 38 132 52 101 120 111 135 123 135 123 74 115 120 120 ]

LatestStartDayForActivity: [ 1 118 118 118 118 118 118 118 118 118 118 118 118 118 118 118 118 118 118 118 118 118 118 118 118 118 118 118 118 118 118 118 118 118 118 118 118 118 118 1 150 150 150 150 150 150 150 150 150 150 150 150 150 150 150 150 150 150 150 150 150 150 150 150 150 150 150 150 150 150 150 150 150 150 150 150 150 150 ]

EquipmentTypeDemandInActivityWithMode: [
0	1	
1	3	
0	1	
1	3	
2	4	
0	1	
0	1	
1	3	
0	1	
1	3	
0	1	
0	1	
1	3	
0	1	
0	1	
1	3	
2	4	
0	1	
0	1	
0	1	
1	3	
1	3	
0	1	
0	1	
0	1	
0	1	
2	4	
2	4	
1	3	
4	7	
0	1	
1	3	
1	3	
0	1	
0	1	
0	1	
2	4	
0	1	
2	4	
0	1	
3	6	
1	3	
0	1	
0	1	
0	1	
1	3	
2	4	
0	1	
0	1	
2	4	
1	3	
1	3	
1	3	
1	3	
1	3	
2	4	
0	1	
0	1	
1	3	
0	1	
0	1	
0	1	
1	3	
0	1	
2	4	
1	3	
1	3	
1	3	
1	3	
1	3	
0	1	
1	3	
1	3	
0	1	
1	3	
1	3	
1	3	
1	3	

0	1	
2	4	
0	1	
0	1	
0	1	
1	3	
0	1	
0	1	
1	3	
2	4	
1	3	
1	3	
1	3	
1	3	
2	4	
1	3	
4	7	
2	4	
1	3	
2	4	
0	1	
2	4	
1	3	
2	4	
1	3	
0	1	
2	4	
3	6	
1	3	
0	1	
0	1	
2	4	
1	3	
1	3	
0	1	
2	4	
1	3	
0	1	
2	4	
0	1	
1	3	
1	3	
0	1	
3	6	
2	4	
4	7	
0	1	
2	4	
2	4	
3	6	
0	1	
3	6	
3	6	
2	4	
1	3	
1	3	
2	4	
1	3	
2	4	
1	3	
0	1	
2	4	
1	3	
1	3	
1	3	
0	1	
1	3	
1	3	
1	3	
0	1	
1	3	
1	3	
2	4	
2	4	
1	3	
0	1	
1	3	
2	4	

0	1	
2	4	
0	1	
1	3	
0	1	
0	1	
1	3	
0	1	
0	1	
1	3	
2	4	
1	3	
1	3	
1	3	
0	1	
1	3	
3	6	
1	3	
0	1	
1	3	
2	4	
2	4	
1	3	
1	3	
2	4	
0	1	
1	3	
3	6	
1	3	
0	1	
2	4	
0	1	
2	4	
3	6	
3	6	
0	1	
1	3	
2	4	
3	6	
0	1	
0	1	
0	1	
0	1	
0	1	
1	3	
0	1	
1	3	
1	3	
1	3	
1	3	
0	1	
1	3	
0	1	
4	7	
0	1	
1	3	
0	1	
1	3	
0	1	
1	3	
0	1	
2	4	
4	7	
2	4	
2	4	
0	1	
1	3	
3	6	
0	1	
1	3	
2	4	
2	4	
1	3	
0	1	
1	3	
0	1	
2	4	
1	3	

0	1	
0	1	
1	3	
1	3	
1	3	
1	3	
1	3	
2	4	
0	1	
0	1	
0	1	
2	4	
1	3	
0	1	
3	6	
1	3	
1	3	
0	1	
1	3	
1	3	
2	4	
2	4	
0	1	
1	3	
1	3	
0	1	
0	1	
1	3	
0	1	
0	1	
1	3	
0	1	
0	1	
2	4	
0	1	
0	1	
2	4	
1	3	
2	4	
0	1	
2	4	
1	3	
0	1	
0	1	
0	1	
1	3	
1	3	
1	3	
2	4	
2	4	
1	3	
2	4	
1	3	
2	4	
2	4	
2	4	
0	1	
1	3	
0	1	
2	4	
2	4	
2	4	
1	3	
0	1	
0	1	
3	6	
0	1	
1	3	
0	1	
1	3	
1	3	
1	3	
0	1	
1	3	
0	1	
1	3	
0	1	
0	1	

0	1	
0	1	
0	1	
0	1	
1	3	
2	4	
0	1	
1	3	
1	3	
0	1	
1	3	
0	1	
2	4	
0	1	
0	1	
0	1	
0	1	
0	1	
1	3	
0	1	
1	3	
1	3	
1	3	
2	4	
1	3	
2	4	
0	1	
1	3	
1	3	
0	1	
0	1	
1	3	
3	6	
0	1	
2	4	
2	4	
0	1	
1	3	
0	1	
0	1	
0	1	
0	1	
1	3	
3	6	
2	4	
1	3	
0	1	
0	1	
2	4	
2	4	
2	4	
2	4	
0	1	
1	3	
1	3	
2	4	
1	3	
1	3	
1	3	
0	1	
0	1	
1	3	
0	1	
0	1	
0	1	
1	3	
0	1	
0	1	
0	1	
1	3	
0	1	
0	1	
1	3	
0	1	
2	4	
1	3	
1	3	
0	1	

]

ExternalEquipmentRentingCost: [
1508	1448	2223	2109	1585	5585	3989	4660	1797	2834	2075	3055	3574	5893	3203	4129	5294	2717	3171	2685	5769	5383	2005	1007	1787	3736	5359	3812	3087	1470	1479	4231	5728	2328	2800	2177	3506	2392	4432	5730	5055	3228	3298	1698	3887	1333	1566	4120	3575	4551	1107	5539	1309	5688	1498	4437	2597	1592	2900	5016	5662	4628	2696	1990	3243	5355	1667	5780	5651	4834	4179	5180	5004	2791	1777	3459	2142	5262	
4567	3228	5231	1558	2296	1337	5872	1444	1465	2507	2134	2163	3527	4308	5503	2338	2984	4782	5351	3522	2537	3223	2688	3130	4815	2173	3615	4384	2595	2798	1234	5278	4935	3417	2476	1732	4729	4577	5756	5324	5545	3312	1430	5130	3983	4273	1104	5477	1526	1458	1302	3901	1079	1925	2484	1197	2459	4310	5958	3401	3727	3040	2133	2396	5834	5912	5108	3933	3166	5953	4795	2915	2137	1083	1585	5238	1982	5084	
3184	1852	5320	4034	4703	4122	1528	1229	3174	4355	4246	1284	5138	4078	1187	3094	1375	1274	5545	4986	1242	4008	5250	5209	4593	3508	4181	5705	4465	4219	2879	5311	3089	3391	2694	3517	3669	3964	2298	2865	2858	3221	3452	3840	3379	5350	3887	3453	5855	5659	5492	4323	4381	3872	5113	2644	4285	1599	4414	2134	4970	3223	4059	3347	1425	1806	1112	5746	2963	4421	1270	3818	1559	2055	1683	3883	2232	3366	
5454	4226	5459	2927	1915	1127	2293	2274	1971	3256	4201	5668	4624	5075	2138	5047	3061	1180	5040	5509	4134	2159	5273	5453	2861	2887	3509	1467	5292	3191	2889	4068	4882	5033	5438	1705	4403	5294	1887	3359	1832	1223	1267	2175	3033	1224	1138	3706	4666	1458	5914	2644	1854	1767	2924	4451	2739	2888	5959	2702	2812	3571	2639	4918	3012	3196	3974	2118	4955	2729	5102	2980	5263	1663	3587	5033	1772	2673	
3269	5510	2461	2945	4982	4024	4344	2926	2062	2260	3362	3981	3276	5100	3250	1459	5025	2677	1800	1645	1811	4435	1074	2420	1478	1195	3226	5700	1694	4933	3141	1278	5766	2760	1402	4282	1909	1981	5284	5472	1794	4913	5388	1553	4222	3292	5254	2917	4166	2428	1573	2372	3678	5982	2832	2902	1118	5465	2938	4403	3705	1997	2157	3013	5095	1377	3918	4596	3081	2882	3086	5493	2521	5213	4332	2357	1313	5965	
]

EquipmentTypeTransportationCost: [
1	4313	
4313	1	

1	4304	
4304	1	

1	3562	
3562	1	

1	3585	
3585	1	

1	4706	
4706	1	

]

TransportationTimeForEquipmentTypeBetweenProjects: [
1	3	
3	1	

1	3	
3	1	

1	3	
3	1	

1	3	
3	1	

1	4	
4	1	

]

TotalNumberOfInitialEquipmentTypeLocation: [
(1 1) 2 (1 40) 3 
(2 1) 6 (2 40) 4 
(3 1) 4 (3 40) 3 
(4 1) 2 (4 40) 2 
(5 1) 3 (5 40) 1 
]

DepotActivities: [ 1 40 ]

MaximalStintCliques: [
[ 2 15 1 14 ]
[ 2 15 3 16 ]
[ 4 17 18 5 ]
[ 4 17 3 16 ]
[ 5 18 19 6 ]
[ 6 19 20 7 ]
[ 7 20 21 8 ]
[ 8 21 9 22 ]
[ 9 22 10 23 ]
[ 10 23 11 24 ]
[ 11 24 25 12 ]
[ 12 25 26 13 ]
]
