nEmployees: 30
nSkills: 2
nProjects: 2
nDays: 90
nActivities: 38
nEquipmentTypes: 4
nStints: 20
nMaxModes: 2
nStintCliques: 13

EmployeeInStintCost: [
39122 39122 39122 39122 39122 34370 14102 10498 10498 10498 10498 10498 10498 10498 10498 10498 10498 10498 10498 9904 
45546 45546 45546 45546 45546 40218 18942 18114 18114 18114 18114 18114 18114 18114 18114 18114 18114 18114 18114 17448 
50560 50560 50560 50560 50560 45280 24088 23694 23694 23694 23694 23694 23694 23694 23694 23694 23694 23694 23694 23034 
50160 50160 50160 50160 50160 44880 23688 23742 23742 23742 23742 23742 23742 23742 23742 23742 23742 23742 23742 23082 
18306 18306 18306 18306 18306 12882 3390 13170 13170 13170 13170 13170 13170 13170 13170 13170 13170 13170 13170 12492 
44018 44018 44018 44018 44018 39266 18998 18978 18978 18978 18978 18978 18978 18978 18978 18978 18978 18978 18978 18384 
44430 44430 44430 44430 44430 39774 19674 19306 19306 19306 19306 19306 19306 19306 19306 19306 19306 19306 19306 18724 
17010 17010 17010 17010 17010 11970 3150 12882 12882 12882 12882 12882 12882 12882 12882 12882 12882 12882 12882 12252 
41390 41390 41390 41390 41390 35966 14522 11002 11002 11002 11002 11002 11002 11002 11002 11002 11002 11002 11002 10324 
41746 41746 41746 41746 41746 37186 17254 16450 16450 16450 16450 16450 16450 16450 16450 16450 16450 16450 16450 15880 
40138 40138 40138 40138 40138 35386 15118 12306 12306 12306 12306 12306 12306 12306 12306 12306 12306 12306 12306 11712 
38474 38474 38474 38474 38474 33914 13982 10354 10354 10354 10354 10354 10354 10354 10354 10354 10354 10354 10354 9784 
40288 40288 40288 40288 40288 35392 14872 12190 12190 12190 12190 12190 12190 12190 12190 12190 12190 12190 12190 11578 
42920 42920 42920 42920 42920 37832 16976 10454 10454 10454 10454 10454 10454 10454 10454 10454 10454 10454 10454 9818 
43892 43892 43892 43892 43892 38516 17156 10670 10670 10670 10670 10670 10670 10670 10670 10670 10670 10670 10670 9998 
40046 40046 40046 40046 40046 35582 15818 14330 14330 14330 14330 14330 14330 14330 14330 14330 14330 14330 14330 13772 
48616 48616 48616 48616 48616 43912 23728 23262 23262 23262 23262 23262 23262 23262 23262 23262 23262 23262 23262 22674 
44906 44906 44906 44906 44906 39578 18302 17506 17506 17506 17506 17506 17506 17506 17506 17506 17506 17506 17506 16840 
41574 41574 41574 41574 41574 36534 15762 14818 14818 14818 14818 14818 14818 14818 14818 14818 14818 14818 14818 14188 
41638 41638 41638 41638 41638 36406 15298 14962 14962 14962 14962 14962 14962 14962 14962 14962 14962 14962 14962 14308 
40814 40814 40814 40814 40814 36350 16586 9986 9986 9986 9986 9986 9986 9986 9986 9986 9986 9986 9986 9428 
41098 41098 41098 41098 41098 35962 15022 12370 12370 12370 12370 12370 12370 12370 12370 12370 12370 12370 12370 11728 
41300 41300 41300 41300 41300 36692 16676 10094 10094 10094 10094 10094 10094 10094 10094 10094 10094 10094 10094 9518 
40462 40462 40462 40462 40462 35614 15178 12378 12378 12378 12378 12378 12378 12378 12378 12378 12378 12378 12378 11772 
43772 43772 43772 43772 43772 38780 18092 17254 17254 17254 17254 17254 17254 17254 17254 17254 17254 17254 17254 16630 
43498 43498 43498 43498 43498 37978 16366 4140 4140 4140 4140 4140 4140 4140 4140 4140 4140 4140 4140 3450 
43852 43852 43852 43852 43852 38668 17644 16918 16918 16918 16918 16918 16918 16918 16918 16918 16918 16918 16918 16270 
41392 41392 41392 41392 41392 36496 15976 3672 3672 3672 3672 3672 3672 3672 3672 3672 3672 3672 3672 3060 
45078 45078 45078 45078 45078 40230 19794 19450 19450 19450 19450 19450 19450 19450 19450 19450 19450 19450 19450 18844 
40732 40732 40732 40732 40732 35932 15580 14854 14854 14854 14854 14854 14854 14854 14854 14854 14854 14854 14854 14254 
]

ExternalWorkerWithSkillOnStintCost: [
42672 47880 49812 50148 44436 47628 15876 12810 12180 15990 12060 14250 16740 14700 15720 12330 13500 13500 15420 16920 
41580 44772 47460 37632 48132 44520 20844 13770 17520 12000 13470 14730 14190 14880 14610 13530 16020 12600 17340 17100 
]

OverlappingStints: [
[ 2 8 9 10 11 ]
[ 3 10 11 12 13 ]
[ 4 12 13 14 15 ]
[ 5 14 15 16 17 ]
[ 6 16 17 18 19 ]
[ 7 18 19 20 ]
[ 20 ]
[ ]
[ ]
[ ]
[ ]
[ ]
[ ]
[ ]
[ ]
[ ]
[ ]
[ ]
[ ]
[ ]
]

EmployeesWithSkill: [
[ 1 2 3 4 5 6 7 8 9 10 11 12 13 14 15 16 17 18 19 20 21 22 23 24 25 26 27 28 29 30 ]
[ 2 4 6 7 19 20 24 26 ]
]

SkillDemandInActivityWithMode: [
0	1	
3	6	
1	3	
2	4	
3	6	
4	7	
1	3	
4	7	
2	4	
4	7	
1	3	
2	4	
2	4	
2	4	
1	3	
1	3	
4	7	
0	1	
10	16	
13	21	
3	6	
5	9	
9	15	
13	21	
13	21	
3	6	
3	6	
5	9	
11	18	
6	10	
8	13	
7	12	
7	12	
8	13	
8	13	
11	18	
11	18	
3	6	

0	1	
0	1	
0	1	
0	1	
0	1	
1	3	
0	1	
1	3	
0	1	
1	3	
0	1	
0	1	
0	1	
0	1	
0	1	
0	1	
0	1	
0	1	
2	4	
3	6	
0	1	
1	3	
2	4	
3	6	
3	6	
0	1	
0	1	
1	3	
2	4	
1	3	
2	4	
1	3	
1	3	
2	4	
2	4	
2	4	
2	4	
0	1	

]

EmployeeAvailability: [
0 1 1 1 0 0 1 0 1 1 1 1 1 1 1 1 1 0 1 1 
1 1 0 1 1 1 1 1 1 1 1 1 1 1 1 1 1 1 1 1 
0 1 0 1 1 1 1 1 0 1 1 0 1 1 1 1 1 1 1 1 
1 1 1 1 1 1 1 1 1 1 1 1 1 1 1 1 1 1 1 1 
1 0 1 0 1 1 0 1 1 1 1 1 1 1 0 1 1 1 1 1 
1 0 1 1 1 0 1 1 1 0 1 1 1 1 1 1 1 0 1 1 
1 0 1 0 1 0 1 1 1 0 1 1 1 0 1 1 1 1 1 1 
1 1 1 1 0 0 1 1 1 1 1 1 1 1 1 1 0 0 1 1 
1 1 1 1 1 1 1 1 1 1 1 1 1 1 1 1 1 1 1 1 
1 1 0 1 1 0 1 1 1 1 1 0 1 1 1 1 1 1 1 1 
1 1 0 1 1 0 1 1 1 1 1 1 0 1 1 1 1 0 1 1 
1 1 1 1 1 1 1 1 1 1 1 1 1 1 1 1 1 1 1 1 
1 1 0 1 1 1 1 1 1 1 1 0 1 1 1 1 1 1 1 1 
1 0 1 1 1 1 1 1 1 0 1 1 1 1 1 1 1 1 1 1 
0 1 1 0 1 1 1 0 0 1 1 1 1 1 1 1 1 1 1 1 
1 1 1 1 1 1 1 1 1 1 1 1 1 1 1 1 1 1 1 1 
1 1 1 1 0 1 1 1 1 1 1 1 1 1 1 0 1 1 1 1 
0 1 1 1 1 0 0 0 1 1 1 1 1 1 1 1 1 1 0 0 
1 1 1 1 1 1 1 1 1 1 1 1 1 1 1 1 1 1 1 1 
0 0 1 1 0 1 1 0 1 1 0 1 1 1 1 0 1 1 1 1 
1 0 1 1 1 1 1 1 1 1 1 1 1 1 1 1 1 1 1 1 
0 0 1 1 1 1 1 1 0 0 1 1 1 1 1 1 1 1 1 1 
1 0 1 1 0 1 1 1 1 0 1 1 1 1 1 1 0 1 1 1 
1 1 0 0 0 1 1 1 1 1 1 1 1 1 0 1 0 1 1 1 
1 1 1 1 1 1 0 1 1 1 1 1 1 1 1 1 1 1 1 0 
1 1 1 1 1 1 1 1 1 1 1 1 1 1 1 1 1 1 1 1 
1 1 0 1 0 1 0 1 1 1 1 1 1 1 1 0 1 1 1 0 
0 1 1 1 1 0 1 1 0 1 1 1 1 1 1 1 1 0 1 1 
1 1 0 1 0 1 1 1 1 1 1 1 1 1 1 1 0 1 1 1 
1 1 0 1 1 1 1 1 1 1 1 1 0 1 1 1 1 1 1 1 
]

EmployeeWantedInStint: [ (4 12) 1 (6 8) 1 (10 8) 1 (14 20) 1 (17 5) 1 (21 19) 1 (26 16) 1 (27 10) 1 (28 15) 1 (29 6) 1 ]

EmployeeWantedViolationCost: [ (4 12) 14000 (6 8) 14000 (10 8) 10000 (14 20) 6000 (17 5) 6000 (21 19) 6000 (26 16) 15000 (27 10) 12000 (28 15) 12000 (29 6) 6000 ]

EmployeesThatShouldNotWorkTogetherWithEmployee: [
[ ]
[ 7 ]
[ 21 29 ]
[ 6 22 23 ]
[ ]
[ ]
[ 10 27 ]
[ 21 25 ]
[ 23 ]
[ 18 ]
[ ]
[ 18 19 ]
[ ]
[ 17 ]
[ ]
[ ]
[ ]
[ ]
[ ]
[ ]
[ ]
[ ]
[ ]
[ ]
[ ]
[ ]
[ ]
[ 30 ]
[ ]
[ ]
]

ShouldNotWorkTogetherCost: [ (2 7) 396 (3 21) 99 (3 29) 99 (4 6) 198 (4 22) 99 (4 23) 99 (7 10) 297 (7 27) 99 (8 21) 198 (8 25) 396 (9 23) 198 (10 18) 297 (12 18) 99 (12 19) 297 (14 17) 297 (28 30) 99 ]

ImmediatePredecessorsToActivity: [
[ ]
[ 1 ]
[ 1 ]
[ 3 ]
[ 3 ]
[ 1 ]
[ 1 ]
[ 2 ]
[ 1 ]
[ 2 3 7 ]
[ 1 ]
[ 6 ]
[ 2 3 12 ]
[ 3 8 ]
[ 1 ]
[ 6 ]
[ 7 11 15 ]
[ ]
[ 18 ]
[ 18 ]
[ 18 ]
[ 19 ]
[ 21 ]
[ 18 ]
[ 19 20 24 ]
[ 19 20 ]
[ 25 ]
[ 25 ]
[ 21 22 28 ]
[ 24 ]
[ 30 ]
[ 30 ]
[ 21 ]
[ 19 32 ]
[ 24 26 28 ]
[ 20 31 32 33 ]
[ 22 23 26 31 ]
[ 19 24 ]
]

ActivitiesInProject: [
[ 1 2 3 4 5 6 7 8 9 10 11 12 13 14 15 16 17 ]
[ 18 19 20 21 22 23 24 25 26 27 28 29 30 31 32 33 34 35 36 37 38 ]
]

nActivityModes: [ 2 2 2 2 2 2 2 2 2 2 2 2 2 2 2 2 2 2 2 2 2 2 2 2 2 2 2 2 2 2 2 2 2 2 2 2 2 2 ]

ActivitiyDurationWithMode: [
1	1	
8	6	
28	19	
13	9	
8	6	
6	4	
36	24	
6	4	
14	10	
5	4	
22	15	
13	9	
10	7	
14	10	
21	14	
40	27	
6	4	
1	1	
7	5	
5	4	
23	16	
13	9	
8	6	
5	4	
5	4	
25	17	
27	18	
15	10	
6	4	
11	8	
8	6	
10	7	
10	7	
8	6	
8	6	
6	4	
6	4	
24	16	
]
StintsInProject: [
[ 1 2 3 4 5 6 7 ]
[ 8 9 10 11 12 13 14 15 16 17 18 19 20 ]
]

WorkingStintsOnDay: [
[ 1 8 ]
[ 1 8 ]
[ 1 8 ]
[ 1 8 ]
[ 1 8 ]
[ 1 ]
[ 1 ]
[ 1 9 ]
[ 1 9 ]
[ 1 9 ]
[ 1 9 ]
[ 1 9 ]
[ 1 ]
[ 1 ]
[ 2 10 ]
[ 2 10 ]
[ 2 10 ]
[ 2 10 ]
[ 2 10 ]
[ 2 ]
[ 2 ]
[ 2 11 ]
[ 2 11 ]
[ 2 11 ]
[ 2 11 ]
[ 2 11 ]
[ 2 ]
[ 2 ]
[ 3 12 ]
[ 3 12 ]
[ 3 12 ]
[ 3 12 ]
[ 3 12 ]
[ 3 ]
[ 3 ]
[ 3 13 ]
[ 3 13 ]
[ 3 13 ]
[ 3 13 ]
[ 3 13 ]
[ 3 ]
[ 3 ]
[ 4 14 ]
[ 4 14 ]
[ 4 14 ]
[ 4 14 ]
[ 4 14 ]
[ 4 ]
[ 4 ]
[ 4 15 ]
[ 4 15 ]
[ 4 15 ]
[ 4 15 ]
[ 4 15 ]
[ 4 ]
[ 4 ]
[ 5 16 ]
[ 5 16 ]
[ 5 16 ]
[ 5 16 ]
[ 5 16 ]
[ 5 ]
[ 5 ]
[ 5 17 ]
[ 5 17 ]
[ 5 17 ]
[ 5 17 ]
[ 5 17 ]
[ 5 ]
[ 5 ]
[ 6 18 ]
[ 6 18 ]
[ 6 18 ]
[ 6 18 ]
[ 6 18 ]
[ 6 ]
[ 6 ]
[ 6 19 ]
[ 6 19 ]
[ 6 19 ]
[ 6 19 ]
[ 6 19 ]
[ 6 ]
[ 6 ]
[ 7 20 ]
[ 7 20 ]
[ 7 20 ]
[ 7 20 ]
[ 7 20 ]
[ 7 ]
]

ProjectStart: [ 10 27 ]

ProjectEnd: [ 57 86 ]

EarliestStartDayForActivity: [ 1 10 10 38 38 10 10 18 10 46 10 16 38 38 10 16 46 1 27 27 27 38 60 27 38 38 45 45 66 34 51 51 60 65 73 74 73 38 ]

LatestStartDayForActivity: [ 1 57 57 57 57 57 57 57 57 57 57 57 57 57 57 57 57 1 86 86 86 86 86 86 86 86 86 86 86 86 86 86 86 86 86 86 86 86 ]

EquipmentTypeDemandInActivityWithMode: [
0	1	
0	1	
0	1	
2	4	
0	1	
2	4	
0	1	
3	6	
0	1	
0	1	
1	3	
0	1	
0	1	
1	3	
1	3	
2	4	
0	1	
0	1	
0	1	
1	3	
1	3	
0	1	
1	3	
0	1	
0	1	
0	1	
0	1	
1	3	
0	1	
1	3	
0	1	
0	1	
1	3	
0	1	
0	1	
2	4	
2	4	
0	1	

0	1	
1	3	
2	4	
2	4	
1	3	
1	3	
1	3	
2	4	
2	4	
0	1	
0	1	
0	1	
2	4	
1	3	
0	1	
0	1	
0	1	
0	1	
1	3	
0	1	
3	6	
3	6	
1	3	
1	3	
0	1	
2	4	
1	3	
2	4	
1	3	
0	1	
2	4	
2	4	
1	3	
1	3	
6	10	
0	1	
1	3	
1	3	

0	1	
1	3	
1	3	
1	3	
0	1	
1	3	
0	1	
0	1	
0	1	
1	3	
0	1	
0	1	
0	1	
1	3	
1	3	
0	1	
1	3	
0	1	
1	3	
2	4	
1	3	
1	3	
2	4	
0	1	
2	4	
1	3	
0	1	
2	4	
0	1	
1	3	
1	3	
1	3	
0	1	
0	1	
1	3	
1	3	
1	3	
0	1	

0	1	
4	7	
1	3	
3	6	
2	4	
1	3	
0	1	
0	1	
1	3	
0	1	
0	1	
0	1	
4	7	
0	1	
1	3	
1	3	
1	3	
0	1	
1	3	
0	1	
1	3	
0	1	
1	3	
0	1	
1	3	
2	4	
1	3	
1	3	
0	1	
1	3	
1	3	
0	1	
3	6	
0	1	
0	1	
1	3	
0	1	
1	3	

]

ExternalEquipmentRentingCost: [
4184	1641	2473	2725	1583	4684	2676	5875	1628	1435	2208	3680	2691	1846	5862	4233	1625	3455	4104	3967	2496	5802	3678	5028	3316	1369	4676	5108	4400	1037	2866	5091	4009	2163	4699	1138	4315	5788	
1513	3955	4767	1547	3453	4364	3605	3470	5251	4588	2199	3392	5650	5832	2984	1341	4001	3654	5997	3323	3234	1415	1472	1459	3944	5686	1683	2315	2240	4530	5288	4755	4200	5824	2192	2979	4348	4491	
5729	5652	2642	5237	4262	3007	1387	5355	3163	1589	5869	5088	3383	2869	4956	5752	3643	4158	1990	3946	3601	4877	4979	4053	1292	3435	4962	2508	4754	1201	5589	1863	2460	3848	2571	3128	3272	3797	
3780	5808	2234	3497	2584	4016	1557	2204	2901	4255	1675	4040	2238	1210	4157	4417	4047	5054	5345	1002	4338	5637	1167	4127	4820	2111	1858	5522	2528	1126	4971	2414	4228	3350	3833	5623	3588	5893	
]

EquipmentTypeTransportationCost: [
1	2689	
2689	1	

1	4071	
4071	1	

1	4081	
4081	1	

1	4200	
4200	1	

]

TransportationTimeForEquipmentTypeBetweenProjects: [
1	1	
1	1	

1	1	
1	1	

1	1	
1	1	

1	1	
1	1	

]

TotalNumberOfInitialEquipmentTypeLocation: [
(1 1) 1 (1 18) 1 
(2 1) 3 (2 18) 5 
(3 1) 3 
(4 1) 4 (4 18) 3 
]

DepotActivities: [ 1 18 ]

MaximalStintCliques: [
[ 2 1 10 ]
[ 2 1 11 ]
[ 2 3 12 ]
[ 2 3 13 ]
[ 4 17 5 ]
[ 4 3 14 ]
[ 4 3 15 ]
[ 4 5 16 ]
[ 5 18 6 ]
[ 5 19 6 ]
[ 6 20 7 ]
[ 8 1 ]
[ 9 1 ]
]
