nEmployees: 30
nSkills: 2
nProjects: 2
nDays: 60
nActivities: 29
nEquipmentTypes: 6
nStints: 10
nMaxModes: 1
nStintCliques: 4

EmployeeInStintCost: [
31480 31480 31480 29536 9488 34292 34292 34292 27812 9920 
37488 37488 37488 35472 15088 33332 33332 33332 26612 8384 
34104 34104 34104 32214 12418 21970 21970 21970 15670 6850 
35248 35248 35248 33448 14072 30844 30844 30844 24844 7624 
29168 29168 29168 27476 8604 31336 31336 31336 25696 8980 
34528 34528 34528 32620 12740 39720 39720 39720 33360 15636 
34464 34464 34464 32520 12472 22456 22456 22456 15976 6904 
36528 36528 36528 34620 14740 32224 32224 32224 25864 8140 
34360 34360 34360 32470 12674 20250 20250 20250 13950 5130 
37160 37160 37160 35198 15066 32686 32686 32686 26146 8170 
35448 35448 35448 33702 14578 30766 30766 30766 24946 7978 
32928 32928 32928 31038 11242 22650 22650 22650 16350 7530 
12840 12840 12840 10914 1926 34642 34642 34642 28222 10414 
35320 35320 35320 33286 12818 21546 21546 21546 14766 5274 
29888 29888 29888 28088 8712 32308 32308 32308 26308 9088 
32824 32824 32824 31114 12158 15390 15390 15390 9690 1710 
31448 31448 31448 29414 8946 34414 34414 34414 27634 9322 
35488 35488 35488 33652 14108 31168 31168 31168 25048 7660 
35840 35840 35840 34076 14868 30904 30904 30904 25024 7972 
29768 29768 29768 27986 8694 32146 32146 32146 26206 9070 
36120 36120 36120 34122 13822 31890 31890 31890 25230 7086 
33304 33304 33304 31522 12230 16038 16038 16038 10098 1782 
33280 33280 33280 31552 12512 18792 18792 18792 13032 4968 
31960 31960 31960 29944 9560 37252 37252 37252 30532 12304 
30720 30720 30720 28776 8728 35580 35580 35580 29100 11208 
33536 33536 33536 31736 12360 29916 29916 29916 23916 6696 
34528 34528 34528 32836 13964 29872 29872 29872 24232 7516 
34344 34344 34344 32418 12454 22294 22294 22294 15874 6886 
36648 36648 36648 34758 14962 32198 32198 32198 25898 8258 
36680 36680 36680 34790 14994 32038 32038 32038 25738 8098 
]

ExternalWorkerWithSkillOnStintCost: [
37872 36720 39600 39096 11328 48468 37548 44100 45276 9672 
40824 36360 41832 34632 12288 36792 48804 44520 39984 12192 
]

OverlappingStints: [
[ 2 6 7 ]
[ 3 6 7 8 ]
[ 4 7 8 9 ]
[ 5 8 9 10 ]
[ 9 10 ]
[ 7 ]
[ 8 ]
[ 9 ]
[ 10 ]
[ ]
]

EmployeesWithSkill: [
[ 1 2 3 4 5 6 7 8 9 10 11 12 13 14 15 16 17 18 19 20 21 22 23 24 25 26 27 28 29 30 ]
[ 7 9 17 22 23 24 26 30 ]
]

SkillDemandInActivityWithMode: [
0	
4	
3	
4	
4	
3	
1	
3	
5	
2	
5	
4	
2	
5	
4	
3	
4	
0	
5	
15	
12	
15	
5	
9	
6	
4	
4	
12	
15	

0	
0	
0	
0	
0	
0	
0	
0	
1	
0	
1	
0	
0	
1	
0	
0	
0	
0	
1	
4	
3	
4	
1	
2	
1	
1	
1	
3	
4	

]

EmployeeAvailability: [
0 0 1 1 1 0 0 1 1 1 
1 1 0 1 1 1 1 0 1 1 
1 1 1 1 1 1 1 1 1 1 
1 1 1 1 1 1 1 1 1 1 
1 1 1 0 1 1 1 0 0 1 
1 1 1 0 1 1 1 1 0 1 
1 1 1 1 1 0 1 1 0 1 
1 1 1 1 1 1 1 1 1 1 
1 0 1 1 1 1 0 0 0 1 
1 0 1 0 1 1 0 1 0 1 
0 1 0 1 1 0 1 0 1 1 
1 1 1 1 0 1 1 1 1 0 
0 1 1 0 1 0 1 1 0 1 
1 1 0 1 1 1 1 0 1 1 
0 1 1 1 1 0 1 1 1 1 
1 1 1 1 1 1 1 1 1 1 
1 0 1 1 1 1 0 1 1 1 
1 1 1 1 1 0 1 1 1 1 
1 1 1 0 1 1 1 1 0 1 
1 1 1 0 1 0 1 1 0 1 
1 1 0 0 1 0 1 0 0 1 
0 1 1 0 1 0 1 1 0 1 
1 0 1 0 1 1 0 1 0 1 
1 1 1 0 1 1 1 1 0 1 
1 0 0 1 1 1 0 0 1 1 
0 1 1 0 1 0 1 1 0 1 
1 1 1 1 1 1 1 1 1 1 
1 1 0 0 1 1 1 0 0 1 
0 1 1 0 0 0 1 1 0 0 
1 1 0 0 1 1 1 0 0 1 
]

EmployeeWantedInStint: [ (6 5) 1 (8 9) 1 (12 5) 1 (13 6) 1 (18 4) 1 (21 10) 1 (30 9) 1 ]

EmployeeWantedViolationCost: [ (6 5) 14000 (8 9) 10000 (12 5) 11000 (13 6) 15000 (18 4) 12000 (21 10) 14000 (30 9) 6000 ]

EmployeesThatShouldNotWorkTogetherWithEmployee: [
[ 6 21 29 ]
[ 3 12 ]
[ 25 ]
[ 13 ]
[ ]
[ 22 ]
[ ]
[ 9 ]
[ ]
[ 30 ]
[ ]
[ 15 ]
[ 20 25 ]
[ ]
[ ]
[ 26 ]
[ ]
[ ]
[ 21 24 ]
[ ]
[ ]
[ ]
[ ]
[ ]
[ ]
[ 27 ]
[ 29 ]
[ ]
[ ]
[ ]
]

ShouldNotWorkTogetherCost: [ (1 6) 99 (1 21) 99 (1 29) 297 (2 3) 396 (2 12) 99 (3 25) 198 (4 13) 297 (6 22) 99 (8 9) 198 (10 30) 198 (12 15) 396 (13 20) 198 (13 25) 396 (16 26) 198 (19 21) 297 (19 24) 198 (26 27) 297 (27 29) 297 ]

ImmediatePredecessorsToActivity: [
[ ]
[ 1 ]
[ 1 ]
[ 2 ]
[ 3 ]
[ 3 ]
[ 1 ]
[ 1 ]
[ 6 ]
[ 3 4 ]
[ 5 10 ]
[ 2 8 9 ]
[ 4 5 ]
[ 9 10 ]
[ 5 ]
[ 8 9 ]
[ 5 6 7 8 ]
[ ]
[ 18 ]
[ 19 ]
[ 20 ]
[ 19 ]
[ 22 ]
[ 21 22 ]
[ 18 ]
[ 18 ]
[ 25 ]
[ 18 ]
[ 19 21 27 ]
]

ActivitiesInProject: [
[ 1 2 3 4 5 6 7 8 9 10 11 12 13 14 15 16 17 ]
[ 18 19 20 21 22 23 24 25 26 27 28 29 ]
]

nActivityModes: [ 1 1 1 1 1 1 1 1 1 1 1 1 1 1 1 1 1 1 1 1 1 1 1 1 1 1 1 1 1 ]

ActivityDurationWithMode: [
1	
6	
10	
6	
7	
8	
28	
8	
5	
20	
5	
6	
21	
5	
7	
10	
6	
1	
12	
4	
5	
4	
13	
7	
10	
18	
17	
5	
4	
]

StintsInProject: [
[ 1 2 3 4 5 ]
[ 6 7 8 9 10 ]
]

WorkingStintsOnDay: [
[ 1 6 ]
[ 1 6 ]
[ 1 6 ]
[ 1 6 ]
[ 1 6 ]
[ 1 6 ]
[ 1 6 ]
[ 1 6 ]
[ 1 6 ]
[ 1 6 ]
[ 1 6 ]
[ 1 6 ]
[ 6 ]
[ 6 ]
[ 2 7 ]
[ 2 7 ]
[ 2 7 ]
[ 2 7 ]
[ 2 7 ]
[ 2 7 ]
[ 2 7 ]
[ 2 7 ]
[ 2 7 ]
[ 2 7 ]
[ 2 7 ]
[ 2 7 ]
[ 7 ]
[ 7 ]
[ 3 8 ]
[ 3 8 ]
[ 3 8 ]
[ 3 8 ]
[ 3 8 ]
[ 3 8 ]
[ 3 8 ]
[ 3 8 ]
[ 3 8 ]
[ 3 8 ]
[ 3 8 ]
[ 3 8 ]
[ 8 ]
[ 8 ]
[ 4 9 ]
[ 4 9 ]
[ 4 9 ]
[ 4 9 ]
[ 4 9 ]
[ 4 9 ]
[ 4 9 ]
[ 4 9 ]
[ 4 9 ]
[ 4 9 ]
[ 4 9 ]
[ 4 9 ]
[ 9 ]
[ 9 ]
[ 5 10 ]
[ 5 10 ]
[ 5 10 ]
[ 5 10 ]
]

ProjectStart: [ 4 3 ]

ProjectEnd: [ 51 35 ]

EarliestStartDayForActivity: [ 1 4 4 10 16 16 4 4 24 18 40 31 23 40 23 31 36 1 3 15 19 15 19 24 3 3 13 3 30 ]

LatestStartDayForActivity: [ 1 51 51 51 51 51 51 51 51 51 51 51 51 51 51 51 51 1 35 35 35 35 35 35 35 35 35 35 35 ]

EquipmentTypeDemandInActivityWithMode: [
0	
1	
0	
2	
1	
0	
2	
2	
0	
1	
0	
1	
1	
1	
1	
1	
0	
0	
2	
0	
1	
2	
2	
3	
0	
1	
0	
0	
3	

0	
2	
0	
3	
0	
3	
1	
0	
3	
0	
2	
1	
1	
2	
1	
0	
1	
0	
1	
1	
0	
0	
2	
1	
0	
1	
0	
2	
1	

0	
2	
3	
2	
1	
0	
1	
2	
0	
1	
1	
1	
0	
1	
1	
1	
0	
0	
1	
1	
1	
0	
1	
0	
1	
1	
3	
2	
0	

0	
0	
1	
0	
0	
1	
1	
2	
2	
1	
2	
0	
0	
3	
2	
2	
1	
0	
3	
2	
4	
2	
1	
2	
1	
0	
2	
0	
1	

0	
1	
2	
1	
1	
2	
3	
1	
0	
2	
2	
1	
1	
0	
2	
1	
2	
0	
2	
1	
1	
2	
1	
0	
0	
0	
2	
2	
1	

0	
2	
2	
0	
1	
2	
1	
1	
1	
1	
1	
1	
1	
1	
2	
1	
1	
0	
1	
3	
0	
0	
1	
2	
1	
3	
2	
0	
0	

]

ExternalEquipmentRentingCost: [
5947	1301	1848	1944	3165	1582	4650	2726	2221	2263	2572	4887	3602	1288	5992	1629	2607	2661	4781	1758	4835	4409	1134	3814	3176	3619	4101	2578	5048	
2570	2593	4893	3617	2976	2538	2291	3259	1239	2244	2731	4790	1061	3310	3027	1716	3816	3084	1316	2616	4059	4167	1297	1071	2659	5960	5074	1870	5267	
4090	3382	1709	5796	2744	3078	4256	3580	5151	2975	1758	1762	5750	2855	3554	5047	4305	2174	2707	1796	2042	1285	1389	2975	5827	1749	3318	3978	5694	
2982	2985	4933	4159	5165	1758	1719	5259	4686	3153	1190	2594	1829	2821	4204	2528	3965	2838	4228	4389	5281	1395	4117	2742	1849	4245	1930	1822	3139	
4250	4999	2320	2437	2993	3026	2628	4827	4690	5974	2060	5819	2620	4617	1915	4507	5975	1886	4519	5974	1506	3890	5290	4418	3899	4840	5581	5683	3806	
3868	3758	2048	3824	2272	3772	5479	4297	5780	2616	4302	2898	3815	5840	4079	2537	3246	3121	5421	1447	3166	5759	1890	3860	4505	2493	1963	4079	4867	
]

EquipmentTypeTransportationCost: [
1	4077	
4077	1	

1	3871	
3871	1	

1	3183	
3183	1	

1	5309	
5309	1	

1	4472	
4472	1	

1	4305	
4305	1	

]

TransportationTimeForEquipmentTypeBetweenProjects: [
1	3	
3	1	

1	3	
3	1	

1	2	
2	1	

1	4	
4	1	

1	3	
3	1	

1	3	
3	1	

]

TotalNumberOfInitialEquipmentTypeLocation: [
(1 1) 6 (1 18) 1 
(2 1) 4 (2 18) 4 
(3 1) 2 (3 18) 2 
(4 1) 4 (4 18) 4 
(5 1) 3 (5 18) 4 
(6 1) 2 (6 18) 4 
]

DepotActivities: [ 1 18 ]

MaximalStintCliques: [
[ 2 7 1 6 ]
[ 2 7 3 8 ]
[ 4 9 10 5 ]
[ 4 9 3 8 ]
]
