nEmployees: 30
nSkills: 2
nProjects: 2
nDays: 90
nActivities: 33
nEquipmentTypes: 5
nStints: 20
nMaxModes: 2
nStintCliques: 13

EmployeeInStintCost: [
23828 23828 23828 23828 23828 23246 10388 12332 12332 12332 12332 12332 12332 12332 12332 12332 12332 12332 12332 11750 
24548 24548 24548 24548 24548 23930 10568 13412 13412 13412 13412 13412 13412 13412 13412 13412 13412 13412 13412 12794 
24428 24428 24428 24428 24428 23816 10538 13376 13376 13376 13376 13376 13376 13376 13376 13376 13376 13376 13376 12764 
25852 25852 25852 25852 25852 25198 11332 13340 13340 13340 13340 13340 13340 13340 13340 13340 13340 13340 13340 12686 
13680 13680 13680 13680 13680 12996 3420 6384 6384 6384 6384 6384 6384 6384 6384 6384 6384 6384 6384 5700 
24308 24308 24308 24308 24308 23702 10508 13340 13340 13340 13340 13340 13340 13340 13340 13340 13340 13340 13340 12734 
30884 30884 30884 30884 30884 30260 16814 19672 19672 19672 19672 19672 19672 19672 19672 19672 19672 19672 19672 19048 
24292 24292 24292 24292 24292 23716 10942 12872 12872 12872 12872 12872 12872 12872 12872 12872 12872 12872 12872 12296 
22212 22212 22212 22212 22212 21654 9132 11916 11916 11916 11916 11916 11916 11916 11916 11916 11916 11916 11916 11358 
26332 26332 26332 26332 26332 25684 11902 14712 14712 14712 14712 14712 14712 14712 14712 14712 14712 14712 14712 14064 
32100 32100 32100 32100 32100 31452 17670 20576 20576 20576 20576 20576 20576 20576 20576 20576 20576 20576 20576 19928 
27828 27828 27828 27828 27828 27186 13488 16388 16388 16388 16388 16388 16388 16388 16388 16388 16388 16388 16388 15746 
12360 12360 12360 12360 12360 11742 3090 5988 5988 5988 5988 5988 5988 5988 5988 5988 5988 5988 5988 5370 
15120 15120 15120 15120 15120 14478 5490 3852 3852 3852 3852 3852 3852 3852 3852 3852 3852 3852 3852 3210 
12840 12840 12840 12840 12840 12198 3210 6132 6132 6132 6132 6132 6132 6132 6132 6132 6132 6132 6132 5490 
31380 31380 31380 31380 31380 30768 17490 20360 20360 20360 20360 20360 20360 20360 20360 20360 20360 20360 20360 19748 
26548 26548 26548 26548 26548 25924 12478 15296 15296 15296 15296 15296 15296 15296 15296 15296 15296 15296 15296 14672 
26804 26804 26804 26804 26804 26216 13274 16104 16104 16104 16104 16104 16104 16104 16104 16104 16104 16104 16104 15516 
23828 23828 23828 23828 23828 23246 10388 12332 12332 12332 12332 12332 12332 12332 12332 12332 12332 12332 12332 11750 
26908 26908 26908 26908 26908 26266 12568 15404 15404 15404 15404 15404 15404 15404 15404 15404 15404 15404 15404 14762 
31260 31260 31260 31260 31260 30654 17460 20324 20324 20324 20324 20324 20324 20324 20324 20324 20324 20324 20324 19718 
27620 27620 27620 27620 27620 27008 13730 16544 16544 16544 16544 16544 16544 16544 16544 16544 16544 16544 16544 15932 
31740 31740 31740 31740 31740 31110 17580 20468 20468 20468 20468 20468 20468 20468 20468 20468 20468 20468 20468 19838 
23172 23172 23172 23172 23172 22560 9282 12144 12144 12144 12144 12144 12144 12144 12144 12144 12144 12144 12144 11532 
27284 27284 27284 27284 27284 26672 13394 16248 16248 16248 16248 16248 16248 16248 16248 16248 16248 16248 16248 15636 
17760 17760 17760 17760 17760 17172 8940 7608 7608 7608 7608 7608 7608 7608 7608 7608 7608 7608 7608 7020 
32340 32340 32340 32340 32340 31680 17730 20648 20648 20648 20648 20648 20648 20648 20648 20648 20648 20648 20648 19988 
11880 11880 11880 11880 11880 11286 2970 5844 5844 5844 5844 5844 5844 5844 5844 5844 5844 5844 5844 5250 
30620 30620 30620 30620 30620 30008 16730 19560 19560 19560 19560 19560 19560 19560 19560 19560 19560 19560 19560 18948 
31740 31740 31740 31740 31740 31110 17580 20468 20468 20468 20468 20468 20468 20468 20468 20468 20468 20468 20468 19838 
]

ExternalWorkerWithSkillOnStintCost: [
35424 32472 41688 29664 30672 30744 20736 16290 16980 16680 15510 16680 16470 16320 14520 12540 12120 14580 13470 15690 
30384 36936 33048 40968 41112 36000 18720 15780 12600 13320 15240 17400 13260 16590 15990 16710 15570 14970 13200 17130 
]

OverlappingStints: [
[ 2 8 9 10 ]
[ 3 10 11 12 ]
[ 4 12 13 14 ]
[ 5 14 15 16 ]
[ 6 16 17 18 ]
[ 7 18 19 20 ]
[ 20 ]
[ ]
[ ]
[ ]
[ ]
[ ]
[ ]
[ ]
[ ]
[ ]
[ ]
[ ]
[ ]
[ ]
]

EmployeesWithSkill: [
[ 1 2 3 4 5 6 7 8 9 10 11 12 13 14 15 16 17 18 19 20 21 22 23 24 25 26 27 28 29 30 ]
[ 1 2 4 5 7 10 11 12 13 15 17 19 20 21 23 26 28 29 30 ]
]

SkillDemandInActivityWithMode: [
0	1	
3	6	
11	18	
13	21	
13	21	
13	21	
9	15	
13	21	
6	10	
6	10	
8	13	
7	12	
3	6	
5	9	
10	16	
6	10	
0	1	
7	12	
7	12	
7	12	
8	13	
7	12	
4	7	
3	6	
6	10	
6	10	
7	12	
3	6	
7	12	
3	6	
4	7	
6	10	
4	7	

0	1	
1	3	
6	10	
7	12	
7	12	
7	12	
5	9	
7	12	
3	6	
3	6	
4	7	
4	7	
1	3	
2	4	
6	10	
3	6	
0	1	
3	6	
3	6	
3	6	
4	7	
3	6	
2	4	
1	3	
3	6	
3	6	
3	6	
1	3	
3	6	
1	3	
1	3	
3	6	
1	3	

]

EmployeeAvailability: [
1 1 1 1 1 1 1 1 1 1 1 1 1 1 1 1 1 1 1 1 
1 1 1 1 1 0 1 1 1 1 1 1 1 1 1 1 1 1 0 1 
1 1 1 1 1 1 1 1 1 1 1 1 1 1 1 1 1 1 1 1 
1 1 1 1 1 1 1 1 1 1 1 1 1 1 1 1 1 1 1 1 
0 1 1 1 1 1 0 1 0 1 1 1 1 1 1 1 1 1 1 1 
1 0 0 1 1 1 1 1 1 1 0 0 1 1 1 1 1 1 1 1 
1 1 1 0 1 1 1 1 1 1 1 1 1 0 0 1 1 1 1 1 
1 0 1 1 1 1 0 1 1 1 0 1 1 1 1 1 1 1 1 0 
1 0 0 0 1 1 1 1 1 0 1 1 1 1 0 1 1 1 1 1 
0 1 0 1 1 1 1 0 1 1 1 1 0 1 1 1 1 1 1 1 
1 0 0 0 1 1 1 1 1 1 0 1 0 0 1 1 1 1 1 1 
1 0 1 1 1 0 1 1 1 1 1 1 1 1 1 1 1 0 1 1 
1 1 1 0 0 1 1 1 1 1 1 1 1 0 1 0 1 1 1 1 
1 1 1 1 1 1 1 1 1 1 1 1 1 1 1 1 1 1 1 1 
1 1 1 0 1 1 1 1 1 1 1 1 1 1 0 1 1 1 1 1 
1 1 1 1 1 1 1 1 1 1 1 1 1 1 1 1 1 1 1 1 
0 0 1 1 1 1 1 0 1 0 1 1 1 1 1 1 1 1 1 1 
1 1 1 0 1 1 1 1 1 1 1 1 1 0 0 1 1 1 1 1 
0 0 1 1 0 1 1 1 0 1 1 1 1 1 1 0 1 1 1 1 
1 0 1 1 1 1 1 1 1 0 1 1 1 1 1 1 1 1 1 1 
1 1 1 1 1 1 1 1 1 1 1 1 1 1 1 1 1 1 1 1 
1 1 1 1 1 1 1 1 1 1 1 1 1 1 1 1 1 1 1 1 
1 1 1 1 1 1 1 1 1 1 1 1 1 1 1 1 1 1 1 1 
0 0 1 1 1 1 1 1 0 1 0 1 1 1 1 1 1 1 1 1 
1 1 0 0 1 1 1 1 1 1 1 0 0 0 1 1 1 1 1 1 
1 0 1 1 1 0 1 1 1 0 1 1 1 1 1 1 1 1 0 1 
1 0 1 0 1 1 1 1 1 1 0 1 1 1 0 1 1 1 1 1 
1 1 1 1 0 1 1 1 1 1 1 1 1 1 1 1 0 1 1 1 
1 1 1 1 1 1 1 1 1 1 1 1 1 1 1 1 1 1 1 1 
1 1 1 1 1 0 1 1 1 1 1 1 1 1 1 1 1 1 1 1 
]

EmployeeWantedInStint: [ (7 9) 1 (10 8) 1 (10 15) 1 (13 3) 1 (15 3) 1 (15 15) 1 (18 12) 1 (18 16) 1 (21 1) 1 (26 6) 1 (29 6) 1 ]

EmployeeWantedViolationCost: [ (7 9) 15000 (10 8) 12000 (10 15) 11000 (13 3) 9000 (15 3) 9000 (15 15) 11000 (18 12) 6000 (18 16) 8000 (21 1) 12000 (26 6) 14000 (29 6) 10000 ]

EmployeesThatShouldNotWorkTogetherWithEmployee: [
[ 10 15 ]
[ 14 ]
[ 14 ]
[ 13 20 ]
[ 8 17 26 ]
[ 7 12 21 ]
[ 17 ]
[ 21 ]
[ 14 18 23 ]
[ ]
[ ]
[ 21 28 ]
[ ]
[ ]
[ ]
[ 21 25 ]
[ 18 ]
[ 25 ]
[ ]
[ ]
[ ]
[ 23 ]
[ ]
[ ]
[ 29 30 ]
[ ]
[ ]
[ ]
[ ]
[ ]
]

ShouldNotWorkTogetherCost: [ (1 10) 99 (1 15) 99 (2 14) 99 (3 14) 198 (4 13) 198 (4 20) 297 (5 8) 198 (5 17) 99 (5 26) 297 (6 7) 297 (6 12) 198 (6 21) 396 (7 17) 198 (8 21) 297 (9 14) 99 (9 18) 99 (9 23) 396 (12 21) 198 (12 28) 396 (16 21) 99 (16 25) 297 (17 18) 297 (18 25) 99 (22 23) 99 (25 29) 297 (25 30) 198 ]

ImmediatePredecessorsToActivity: [
[ ]
[ 1 ]
[ 1 ]
[ 2 ]
[ 1 ]
[ 1 ]
[ 5 ]
[ 1 ]
[ 3 5 ]
[ 6 8 9 ]
[ 2 3 6 7 8 ]
[ 3 ]
[ 8 ]
[ 8 12 ]
[ 6 7 ]
[ 3 ]
[ ]
[ 17 ]
[ 17 ]
[ 17 ]
[ 17 ]
[ 18 21 ]
[ 18 ]
[ 21 ]
[ 23 ]
[ 18 20 ]
[ 22 24 25 ]
[ 21 ]
[ 22 24 26 28 ]
[ 22 23 24 26 ]
[ 24 25 ]
[ 22 ]
[ 18 24 25 ]
]

ActivitiesInProject: [
[ 1 2 3 4 5 6 7 8 9 10 11 12 13 14 15 16 ]
[ 17 18 19 20 21 22 23 24 25 26 27 28 29 30 31 32 33 ]
]

nActivityModes: [ 2 2 2 2 2 2 2 2 2 2 2 2 2 2 2 2 2 2 2 2 2 2 2 2 2 2 2 2 2 2 2 2 2 ]

ActivityDurationWithMode: [
1	1	
27	18	
6	4	
5	4	
5	4	
5	4	
7	5	
5	4	
12	8	
12	8	
8	6	
9	6	
26	18	
13	9	
6	4	
10	7	
1	1	
5	4	
5	4	
5	4	
4	3	
5	4	
9	6	
11	8	
6	4	
6	4	
5	4	
11	8	
5	4	
13	9	
10	7	
5	4	
9	6	
]

StintsInProject: [
[ 1 2 3 4 5 6 7 ]
[ 8 9 10 11 12 13 14 15 16 17 18 19 20 ]
]

WorkingStintsOnDay: [
[ 1 8 ]
[ 1 8 ]
[ 1 8 ]
[ 1 8 ]
[ 1 8 ]
[ 1 ]
[ 1 ]
[ 1 9 ]
[ 1 9 ]
[ 1 9 ]
[ 1 9 ]
[ 1 9 ]
[ ]
[ ]
[ 2 10 ]
[ 2 10 ]
[ 2 10 ]
[ 2 10 ]
[ 2 10 ]
[ 2 ]
[ 2 ]
[ 2 11 ]
[ 2 11 ]
[ 2 11 ]
[ 2 11 ]
[ 2 11 ]
[ ]
[ ]
[ 3 12 ]
[ 3 12 ]
[ 3 12 ]
[ 3 12 ]
[ 3 12 ]
[ 3 ]
[ 3 ]
[ 3 13 ]
[ 3 13 ]
[ 3 13 ]
[ 3 13 ]
[ 3 13 ]
[ ]
[ ]
[ 4 14 ]
[ 4 14 ]
[ 4 14 ]
[ 4 14 ]
[ 4 14 ]
[ 4 ]
[ 4 ]
[ 4 15 ]
[ 4 15 ]
[ 4 15 ]
[ 4 15 ]
[ 4 15 ]
[ ]
[ ]
[ 5 16 ]
[ 5 16 ]
[ 5 16 ]
[ 5 16 ]
[ 5 16 ]
[ 5 ]
[ 5 ]
[ 5 17 ]
[ 5 17 ]
[ 5 17 ]
[ 5 17 ]
[ 5 17 ]
[ ]
[ ]
[ 6 18 ]
[ 6 18 ]
[ 6 18 ]
[ 6 18 ]
[ 6 18 ]
[ 6 ]
[ 6 ]
[ 6 19 ]
[ 6 19 ]
[ 6 19 ]
[ 6 19 ]
[ 6 19 ]
[ ]
[ ]
[ 7 20 ]
[ 7 20 ]
[ 7 20 ]
[ 7 20 ]
[ 7 20 ]
[ 7 ]
]

ProjectStart: [ 14 11 ]

ProjectEnd: [ 59 57 ]

EarliestStartDayForActivity: [ 1 14 14 46 14 14 20 14 21 35 46 21 20 32 27 21 1 11 11 11 11 18 18 17 31 18 39 17 32 32 39 25 39 ]

LatestStartDayForActivity: [ 1 59 59 59 59 59 59 59 59 59 59 59 59 59 59 59 1 57 57 57 57 57 57 57 57 57 57 57 57 57 57 57 57 ]

EquipmentTypeDemandInActivityWithMode: [
0	1	
0	1	
2	4	
0	1	
2	4	
1	3	
2	4	
2	4	
2	4	
1	3	
2	4	
1	3	
0	1	
2	4	
1	3	
0	1	
0	1	
1	3	
1	3	
1	3	
1	3	
0	1	
2	4	
0	1	
1	3	
2	4	
0	1	
3	6	
1	3	
1	3	
2	4	
2	4	
1	3	

0	1	
2	4	
0	1	
0	1	
0	1	
2	4	
1	3	
1	3	
0	1	
4	7	
0	1	
0	1	
1	3	
0	1	
1	3	
2	4	
0	1	
1	3	
0	1	
0	1	
1	3	
1	3	
0	1	
0	1	
1	3	
1	3	
1	3	
0	1	
1	3	
2	4	
0	1	
1	3	
0	1	

0	1	
2	4	
1	3	
0	1	
0	1	
1	3	
1	3	
1	3	
1	3	
1	3	
2	4	
0	1	
0	1	
0	1	
2	4	
2	4	
0	1	
0	1	
2	4	
2	4	
0	1	
0	1	
0	1	
0	1	
0	1	
1	3	
3	6	
0	1	
0	1	
0	1	
1	3	
2	4	
1	3	

0	1	
1	3	
0	1	
1	3	
2	4	
0	1	
1	3	
1	3	
2	4	
2	4	
1	3	
0	1	
0	1	
0	1	
1	3	
1	3	
0	1	
2	4	
0	1	
0	1	
1	3	
0	1	
0	1	
3	6	
1	3	
1	3	
0	1	
1	3	
0	1	
1	3	
3	6	
1	3	
2	4	

0	1	
1	3	
1	3	
0	1	
2	4	
1	3	
0	1	
1	3	
0	1	
0	1	
2	4	
0	1	
1	3	
1	3	
1	3	
0	1	
0	1	
1	3	
1	3	
0	1	
1	3	
1	3	
2	4	
2	4	
0	1	
3	6	
0	1	
2	4	
0	1	
0	1	
0	1	
0	1	
3	6	

]

ExternalEquipmentRentingCost: [
2850	4858	1844	2616	1695	4586	4814	1521	3092	5155	1480	1680	2653	4013	1517	1041	2393	2493	1808	5949	2969	5842	2944	2058	4499	5732	4792	2441	3204	5978	3910	3218	2307	
1684	5663	1397	5946	4333	3969	1212	3035	4265	2808	4931	4653	3632	5395	4311	2975	1936	5468	5391	1426	2397	1691	4841	2216	1128	4733	1734	3659	3115	4784	4623	2224	5531	
5670	1484	1681	5309	4415	2299	4498	3720	4997	1449	3224	2216	2149	4543	1924	3465	5506	5707	5048	5500	2753	5181	5228	3168	5145	1711	3596	5492	2046	4862	5354	4085	3368	
1012	2368	5321	2376	4447	4176	4803	5746	5091	3453	4660	4970	2288	5850	2910	1036	2274	4497	5285	5981	3386	5723	4377	2527	5569	2300	3677	5034	5423	5758	3224	2251	4580	
3127	1838	5203	2934	4696	3717	2627	3101	2628	2381	2515	2183	1669	4908	2262	2531	3116	2010	3611	4530	2262	2634	2036	5703	3090	5947	5650	1358	5796	1396	4137	4636	1550	
]

EquipmentTypeTransportationCost: [
1	2776	
2776	1	

1	2803	
2803	1	

1	2516	
2516	1	

1	2859	
2859	1	

1	3025	
3025	1	

]

TransportationTimeForEquipmentTypeBetweenProjects: [
1	1	
1	1	

1	1	
1	1	

1	1	
1	1	

1	1	
1	1	

1	1	
1	1	

]

TotalNumberOfInitialEquipmentTypeLocation: [
(1 1) 3 (1 17) 4 
(2 17) 4 
(3 17) 4 
(4 1) 5 (4 17) 1 
(5 1) 4 (5 17) 5 
]

DepotActivities: [ 1 17 ]

MaximalStintCliques: [
[ 2 1 10 ]
[ 2 12 3 ]
[ 2 11 ]
[ 4 3 14 ]
[ 4 5 16 ]
[ 4 15 ]
[ 5 17 ]
[ 5 18 6 ]
[ 6 19 ]
[ 6 20 7 ]
[ 8 1 ]
[ 9 1 ]
[ 13 3 ]
]
