nEmployees: 30
nSkills: 2
nProjects: 2
nDays: 60
nActivities: 29
nEquipmentTypes: 7
nStints: 14
nMaxModes: 1
nStintCliques: 9

EmployeeInStintCost: [
15955 15955 15955 15955 15955 15955 15955 15955 13360 31164 31164 31164 25524 7548 
15715 15715 15715 15715 15715 15715 15715 15715 13120 19868 19868 19868 14228 6332 
9923 9923 9923 9923 9923 9923 9923 9923 7148 39368 39368 39368 33128 14312 
11303 11303 11303 11303 11303 11303 11303 11303 8510 35962 35962 35962 29662 10762 
11027 11027 11027 11027 11027 11027 11027 11027 8396 39560 39560 39560 33800 15656 
11423 11423 11423 11423 11423 11423 11423 11423 8594 41342 41342 41342 34922 15854 
9563 9563 9563 9563 9563 9563 9563 9563 6968 37748 37748 37748 32108 14132 
9916 9916 9916 9916 9916 9916 9916 9916 7918 39230 39230 39230 32570 13166 
11303 11303 11303 11303 11303 11303 11303 11303 8510 36146 36146 36146 29846 10946 
11387 11387 11387 11387 11387 11387 11387 11387 8576 41180 41180 41180 34820 15836 
11235 11235 11235 11235 11235 11235 11235 11235 8424 41300 41300 41300 34940 15956 
3996 3996 3996 3996 3996 3996 3996 3996 1998 39318 39318 39318 32658 13254 
11699 11699 11699 11699 11699 11699 11699 11699 8708 37744 37744 37744 30784 10960 
9664 9664 9664 9664 9664 9664 9664 9664 7792 38096 38096 38096 31856 13040 
11451 11451 11451 11451 11451 11451 11451 11451 8532 42272 42272 42272 35552 16064 
8348 8348 8348 8348 8348 8348 8348 8348 6494 37182 37182 37182 31002 12270 
10115 10115 10115 10115 10115 10115 10115 10115 7268 37192 37192 37192 30712 11560 
12191 12191 12191 12191 12191 12191 12191 12191 9254 42986 42986 42986 36206 16634 
11519 11519 11519 11519 11519 11519 11519 11519 8618 37118 37118 37118 30458 11054 
11027 11027 11027 11027 11027 11027 11027 11027 8360 39628 39628 39628 33748 15436 
11339 11339 11339 11339 11339 11339 11339 11339 8528 36124 36124 36124 29764 10780 
9527 9527 9527 9527 9527 9527 9527 9527 6950 37586 37586 37586 32006 14114 
9671 9671 9671 9671 9671 9671 9671 9671 7022 38234 38234 38234 32414 14186 
12771 12771 12771 12771 12771 12771 12771 12771 10032 42388 42388 42388 36268 17620 
11063 11063 11063 11063 11063 11063 11063 11063 8414 39722 39722 39722 33902 15674 
11099 11099 11099 11099 11099 11099 11099 11099 8432 39884 39884 39884 34004 15692 
16135 16135 16135 16135 16135 16135 16135 16135 13450 31974 31974 31974 26034 7638 
12555 12555 12555 12555 12555 12555 12555 12555 9924 41416 41416 41416 35656 17512 
16491 16491 16491 16491 16491 16491 16491 16491 13860 30960 30960 30960 25200 7056 
11495 11495 11495 11495 11495 11495 11495 11495 8594 41734 41734 41734 35074 15670 
]

ExternalWorkerWithSkillOnStintCost: [
15000 16530 17910 14430 16890 12150 13770 12030 10344 38472 35112 36960 46872 12864 
13350 16650 14160 15990 17130 16680 16110 17220 11832 45948 34776 43428 34188 12120 
]

OverlappingStints: [
[ 10 ]
[ 10 ]
[ 10 11 ]
[ 10 11 ]
[ 11 12 ]
[ 11 12 ]
[ 12 13 ]
[ 12 13 ]
[ 13 14 ]
[ 11 ]
[ 12 ]
[ 13 ]
[ 14 ]
[ ]
]

EmployeesWithSkill: [
[ 1 2 3 4 5 6 7 8 9 10 11 12 13 14 15 16 17 18 19 20 21 22 23 24 25 26 27 28 29 30 ]
[ 3 5 6 9 11 13 14 18 21 24 26 27 28 29 ]
]

SkillDemandInActivityWithMode: [
0	
2	
2	
2	
1	
5	
5	
1	
3	
5	
4	
8	
3	
2	
2	
0	
4	
4	
16	
5	
4	
16	
11	
16	
9	
11	
13	
3	
6	

0	
0	
0	
1	
0	
2	
2	
0	
1	
2	
2	
4	
1	
1	
0	
0	
1	
1	
7	
1	
1	
7	
4	
7	
4	
4	
5	
0	
2	

]

EmployeeAvailability: [
0 1 1 1 1 1 1 1 1 0 1 1 1 1 
1 1 1 1 1 1 1 1 1 1 1 0 1 1 
1 0 0 1 1 1 1 1 1 0 0 1 0 1 
1 1 1 1 1 1 1 1 1 1 1 1 1 1 
1 1 1 1 1 1 1 1 1 1 0 1 0 1 
1 1 1 1 1 1 1 1 1 1 1 1 1 1 
1 1 1 0 1 0 0 1 1 1 0 0 0 1 
1 0 1 1 1 1 0 1 1 0 1 1 0 1 
1 1 1 1 1 1 1 1 1 1 0 0 1 1 
1 1 1 1 1 1 0 1 1 1 1 1 0 1 
0 1 1 1 1 1 1 1 1 0 0 1 1 1 
1 1 1 1 1 1 1 1 1 1 1 1 1 1 
1 1 1 1 1 1 1 1 1 1 1 1 1 1 
1 1 1 0 1 1 1 1 1 1 0 1 1 1 
1 1 1 1 1 1 1 1 1 1 1 1 1 1 
1 1 1 1 1 0 1 0 1 1 1 0 0 1 
0 1 1 1 1 1 1 1 0 0 1 1 0 0 
1 1 1 1 1 1 1 1 1 1 1 1 1 1 
1 1 1 1 1 1 1 1 1 1 0 1 1 1 
1 1 1 1 1 1 1 1 1 1 1 1 1 1 
0 1 1 1 1 1 1 0 0 0 1 1 0 0 
1 1 1 1 1 1 1 1 1 1 1 0 0 1 
1 0 1 1 1 1 1 1 1 0 1 1 1 1 
1 0 1 1 1 1 1 1 1 0 1 0 1 1 
1 1 1 1 1 1 1 1 1 1 1 1 1 1 
1 1 1 1 1 0 1 1 1 1 1 0 1 1 
1 1 1 1 1 0 1 1 1 1 1 0 1 1 
0 1 1 1 1 1 1 1 1 0 1 1 1 1 
0 1 1 1 1 1 1 1 0 0 1 1 1 0 
1 1 1 1 0 1 1 1 1 0 1 0 1 1 
]

EmployeeWantedInStint: [ (2 13) 1 (3 8) 1 (4 5) 1 (6 9) 1 (9 5) 1 (9 6) 1 (10 2) 1 (11 3) 1 (11 6) 1 (18 2) 1 (20 13) 1 (27 14) 1 ]

EmployeeWantedViolationCost: [ (2 13) 10000 (3 8) 9000 (4 5) 11000 (6 9) 12000 (9 5) 7000 (9 6) 6000 (10 2) 15000 (11 3) 9000 (11 6) 12000 (18 2) 11000 (20 13) 10000 (27 14) 14000 ]

EmployeesThatShouldNotWorkTogetherWithEmployee: [
[ 5 8 ]
[ 26 ]
[ 4 12 ]
[ ]
[ 30 ]
[ 12 ]
[ ]
[ 25 ]
[ 10 29 ]
[ 11 ]
[ 13 25 26 29 ]
[ ]
[ ]
[ ]
[ 27 29 ]
[ ]
[ ]
[ ]
[ 23 24 ]
[ ]
[ ]
[ ]
[ 28 ]
[ ]
[ ]
[ ]
[ ]
[ ]
[ ]
[ ]
]

ShouldNotWorkTogetherCost: [ (1 5) 198 (1 8) 198 (2 26) 198 (3 4) 198 (3 12) 297 (5 30) 198 (6 12) 198 (8 25) 297 (9 10) 396 (9 29) 198 (10 11) 99 (11 13) 99 (11 25) 99 (11 26) 198 (11 29) 396 (15 27) 297 (15 29) 198 (19 23) 396 (19 24) 297 (23 28) 99 ]

ImmediatePredecessorsToActivity: [
[ ]
[ 1 ]
[ 1 ]
[ 3 ]
[ 1 ]
[ 2 ]
[ 1 ]
[ 1 ]
[ 7 ]
[ 2 7 ]
[ 1 ]
[ 5 9 ]
[ 1 ]
[ 7 ]
[ 1 ]
[ ]
[ 16 ]
[ 16 ]
[ 17 ]
[ 18 ]
[ 16 ]
[ 19 21 ]
[ 22 ]
[ 20 22 ]
[ 18 21 ]
[ 19 ]
[ 16 ]
[ 27 ]
[ 27 ]
]

ActivitiesInProject: [
[ 1 2 3 4 5 6 7 8 9 10 11 12 13 14 15 ]
[ 16 17 18 19 20 21 22 23 24 25 26 27 28 29 ]
]

nActivityModes: [ 1 1 1 1 1 1 1 1 1 1 1 1 1 1 1 1 1 1 1 1 1 1 1 1 1 1 1 1 1 ]

ActivitiyDurationWithMode: [
1	
19	
15	
13	
25	
5	
5	
30	
9	
5	
6	
3	
11	
12	
18	
1	
19	
16	
4	
15	
20	
4	
6	
4	
7	
6	
5	
30	
12	
]
StintsInProject: [
[ 1 2 3 4 5 6 7 8 9 ]
[ 10 11 12 13 14 ]
]

WorkingStintsOnDay: [
[ 1 10 ]
[ 1 10 ]
[ 1 10 ]
[ 1 10 ]
[ 1 10 ]
[ 10 ]
[ 10 ]
[ 2 10 ]
[ 2 10 ]
[ 2 10 ]
[ 2 10 ]
[ 2 10 ]
[ 10 ]
[ 10 ]
[ 3 11 ]
[ 3 11 ]
[ 3 11 ]
[ 3 11 ]
[ 3 11 ]
[ 11 ]
[ 11 ]
[ 4 11 ]
[ 4 11 ]
[ 4 11 ]
[ 4 11 ]
[ 4 11 ]
[ 11 ]
[ 11 ]
[ 5 12 ]
[ 5 12 ]
[ 5 12 ]
[ 5 12 ]
[ 5 12 ]
[ 12 ]
[ 12 ]
[ 6 12 ]
[ 6 12 ]
[ 6 12 ]
[ 6 12 ]
[ 6 12 ]
[ 12 ]
[ 12 ]
[ 7 13 ]
[ 7 13 ]
[ 7 13 ]
[ 7 13 ]
[ 7 13 ]
[ 13 ]
[ 13 ]
[ 8 13 ]
[ 8 13 ]
[ 8 13 ]
[ 8 13 ]
[ 8 13 ]
[ 13 ]
[ 13 ]
[ 9 14 ]
[ 9 14 ]
[ 9 14 ]
[ 9 14 ]
]

ProjectStart: [ 4 2 ]

ProjectEnd: [ 46 39 ]

EarliestStartDayForActivity: [ 1 4 4 25 4 31 4 4 11 31 4 39 4 11 4 1 2 2 21 18 2 25 29 33 22 25 2 7 7 ]

LatestStartDayForActivity: [ 1 46 46 46 46 46 46 46 46 46 46 46 46 46 46 1 39 39 39 39 39 39 39 39 39 39 39 39 39 ]

EquipmentTypeDemandInActivityWithMode: [
0	
1	
2	
1	
0	
0	
0	
2	
0	
1	
0	
1	
0	
1	
2	
0	
1	
1	
1	
1	
0	
0	
0	
1	
1	
2	
1	
1	
2	

0	
2	
1	
0	
1	
3	
2	
1	
2	
3	
1	
1	
1	
2	
1	
0	
2	
0	
1	
0	
0	
0	
2	
0	
0	
1	
0	
2	
3	

0	
3	
0	
0	
1	
2	
1	
1	
1	
0	
1	
0	
0	
2	
1	
0	
3	
1	
0	
1	
0	
1	
1	
0	
0	
0	
0	
1	
0	

0	
0	
0	
0	
0	
1	
1	
1	
0	
1	
2	
0	
1	
2	
1	
0	
0	
0	
2	
2	
3	
0	
1	
0	
0	
0	
0	
2	
2	

0	
1	
0	
0	
2	
0	
0	
1	
2	
2	
2	
3	
0	
0	
0	
0	
1	
0	
2	
1	
1	
1	
2	
1	
2	
0	
0	
0	
1	

0	
2	
2	
1	
0	
2	
0	
1	
2	
2	
0	
4	
1	
0	
3	
0	
2	
2	
0	
1	
0	
1	
2	
4	
1	
0	
1	
2	
1	

0	
1	
3	
0	
1	
1	
1	
0	
3	
2	
1	
0	
0	
2	
0	
0	
0	
0	
0	
1	
0	
0	
0	
1	
0	
1	
2	
2	
3	

]

ExternalEquipmentRentingCost: [
1567	3989	2265	2999	2752	2267	4663	1992	2949	2132	5559	5455	3759	4868	1244	1071	4711	3261	2902	5347	3638	1193	3365	4520	1707	4386	3448	1724	2911	
4235	1571	3077	3071	1164	4637	5819	2308	5079	3355	1752	4782	1089	1401	3908	3204	5373	3115	1457	1456	2196	4905	5881	4816	1708	3504	4838	5116	3276	
3670	3792	1233	1403	3387	1572	3014	5853	5884	2765	1685	4089	4699	5612	2340	5202	2211	1398	1122	4680	2871	1892	4886	4026	4620	5733	3920	3764	3067	
1255	2786	2216	3983	1706	5636	4021	2720	5000	5074	3733	4766	3693	1737	4385	1302	2444	2541	3823	1843	4053	1584	2979	2334	5136	3728	4223	1420	5388	
4870	4523	5790	1101	1291	3965	5520	1281	3227	1289	3704	2957	1982	2090	1121	4274	1111	4219	1954	1386	1975	5286	1889	2977	1145	4650	4234	3456	4526	
4741	4718	3434	5165	2935	5179	5142	4615	5980	5939	3747	2785	1415	3118	1480	2385	5884	4567	3281	5976	1636	3485	3940	2953	2312	4387	4591	4020	5980	
2859	3940	4643	1111	2059	4153	2114	1400	5456	1249	3560	4057	3413	3371	1128	5537	1478	5596	3908	4299	5031	5963	1858	4343	1630	2396	2803	3320	4528	
]

EquipmentTypeTransportationCost: [
1	4749	
4749	1	

1	4002	
4002	1	

1	4990	
4990	1	

1	3893	
3893	1	

1	4480	
4480	1	

1	3925	
3925	1	

1	3264	
3264	1	

]

TransportationTimeForEquipmentTypeBetweenProjects: [
1	3	
3	1	

1	3	
3	1	

1	4	
4	1	

1	3	
3	1	

1	3	
3	1	

1	3	
3	1	

1	2	
2	1	

]

TotalNumberOfInitialEquipmentTypeLocation: [
(1 1) 1 (1 16) 5 
(2 1) 2 (2 16) 6 
(3 1) 4 (3 16) 1 
(4 1) 5 
(5 1) 3 (5 16) 4 
(6 1) 2 (6 16) 11 
(7 1) 2 (7 16) 4 
]

DepotActivities: [ 1 16 ]

MaximalStintCliques: [
[ 1 10 ]
[ 2 10 ]
[ 7 12 13 ]
[ 8 12 13 ]
[ 9 13 14 ]
[ 11 10 3 ]
[ 11 10 4 ]
[ 11 12 5 ]
[ 11 12 6 ]
]
