nEmployees: 30
nSkills: 2
nProjects: 2
nDays: 90
nActivities: 34
nEquipmentTypes: 6
nStints: 14
nMaxModes: 3
nStintCliques: 6

EmployeeInStintCost: [
39876 39876 39876 39876 39876 39216 21018 17820 17820 17820 17820 17820 12540 3300 
36052 36052 36052 36052 36052 35440 17914 36970 36970 36970 36970 36970 32074 13578 
41636 41636 41636 41636 41636 40976 22778 37250 37250 37250 37250 37250 31970 12802 
13320 13320 13320 13320 13320 12654 3330 44116 44116 44116 44116 44116 38788 19536 
45196 45196 45196 45196 45196 44530 26248 40564 40564 40564 40564 40564 35236 15984 
45932 45932 45932 45932 45932 45278 27164 41208 41208 41208 41208 41208 35976 16892 
43876 43876 43876 43876 43876 43276 25918 38886 38886 38886 38886 38886 34086 15758 
11880 11880 11880 11880 11880 11286 2970 42172 42172 42172 42172 42172 37420 19176 
40868 40868 40868 40868 40868 40298 23360 35892 35892 35892 35892 35892 31332 13424 
42548 42548 42548 42548 42548 41894 23780 38160 38160 38160 38160 38160 32928 13844 
44212 44212 44212 44212 44212 43630 26524 39008 39008 39008 39008 39008 34352 16276 
19160 19160 19160 19160 19160 18500 9260 42858 42858 42858 42858 42858 37578 18410 
44276 44276 44276 44276 44276 43700 26678 39086 39086 39086 39086 39086 34478 16486 
44716 44716 44716 44716 44716 44074 26128 39916 39916 39916 39916 39916 34780 15864 
41708 41708 41708 41708 41708 41054 22940 37168 37168 37168 37168 37168 31936 12852 
43996 43996 43996 43996 43996 43390 25948 38944 38944 38944 38944 38944 34096 15684 
45468 45468 45468 45468 45468 44784 26250 41042 41042 41042 41042 41042 35570 16066 
41308 41308 41308 41308 41308 40732 23710 36382 36382 36382 36382 36382 31774 13782 
45692 45692 45692 45692 45692 45050 27104 40884 40884 40884 40884 40884 35748 16832 
36772 36772 36772 36772 36772 36124 18094 37942 37942 37942 37942 37942 32758 13758 
43452 43452 43452 43452 43452 42828 25134 38782 38782 38782 38782 38782 33790 15126 
42732 42732 42732 42732 42732 42144 24954 37554 37554 37554 37554 37554 32850 14690 
40212 40212 40212 40212 40212 39534 21084 37120 37120 37120 37120 37120 31696 12276 
42828 42828 42828 42828 42828 42144 23610 38314 38314 38314 38314 38314 32842 13338 
38076 38076 38076 38076 38076 37506 20568 15390 15390 15390 15390 15390 10830 2850 
45316 45316 45316 45316 45316 44644 26278 40830 40830 40830 40830 40830 35454 16118 
42308 42308 42308 42308 42308 41666 23720 37836 37836 37836 37836 37836 32700 13784 
34164 34164 34164 34164 34164 33492 15126 41534 41534 41534 41534 41534 36158 16822 
43692 43692 43692 43692 43692 43056 25194 38850 38850 38850 38850 38850 33762 14930 
45716 45716 45716 45716 45716 45068 27038 41030 41030 41030 41030 41030 35846 16846 
]

ExternalWorkerWithSkillOnStintCost: [
38448 30528 39384 29376 37944 35208 17676 44940 42084 40908 48972 41580 49560 20052 
42264 42336 32328 42336 31536 36360 15804 46956 37212 34272 42336 50232 47712 19116 
]

OverlappingStints: [
[ 2 8 9 ]
[ 3 8 9 10 ]
[ 4 9 10 11 ]
[ 5 10 11 12 ]
[ 6 11 12 13 ]
[ 7 12 13 14 ]
[ 13 14 ]
[ 9 ]
[ 10 ]
[ 11 ]
[ 12 ]
[ 13 ]
[ 14 ]
[ ]
]

EmployeesWithSkill: [
[ 1 2 3 4 5 6 7 8 9 10 11 12 13 14 15 16 17 18 19 20 21 22 23 24 25 26 27 28 29 30 ]
[ 1 2 3 4 6 7 8 10 11 12 13 14 15 16 17 18 20 21 22 23 24 26 27 28 29 30 ]
]

SkillDemandInActivityWithMode: [
0	0	0	
3	6	2	
5	9	4	
14	22	10	
5	9	4	
14	22	10	
5	9	4	
5	9	4	
14	22	10	
9	15	6	
9	15	6	
6	10	4	
4	7	3	
0	0	0	
2	4	2	
2	4	2	
2	4	2	
2	4	2	
1	3	1	
4	7	3	
1	3	1	
5	9	4	
3	6	2	
3	6	2	
3	6	2	
1	3	1	
5	9	4	
5	9	4	
1	3	1	
3	6	2	
5	9	4	
1	3	1	
4	7	3	
2	4	2	

0	0	0	
2	4	2	
5	9	4	
17	27	12	
5	9	4	
17	27	12	
5	9	4	
5	9	4	
17	27	12	
11	18	8	
11	18	8	
7	12	5	
4	7	3	
0	0	0	
0	1	0	
0	1	0	
0	1	0	
0	1	0	
0	1	0	
1	3	1	
0	1	0	
1	3	1	
0	1	0	
0	1	0	
1	3	1	
0	1	0	
1	3	1	
1	3	1	
0	1	0	
1	3	1	
1	3	1	
0	1	0	
1	3	1	
0	1	0	

]

EmployeeAvailability: [
1 0 1 1 0 1 1 1 0 1 1 0 1 1 
1 1 1 1 1 1 1 1 1 1 1 1 1 1 
1 0 1 0 1 1 1 1 0 1 0 1 1 1 
1 1 1 1 1 1 1 1 1 1 1 1 1 1 
0 1 1 1 0 1 1 0 1 1 1 0 1 1 
0 1 1 1 1 0 1 0 1 1 1 0 0 1 
1 1 1 1 1 0 0 0 1 1 1 1 0 0 
1 1 1 0 1 1 1 1 1 1 0 1 0 1 
1 1 1 1 1 1 1 1 1 1 1 1 0 1 
1 1 1 1 1 1 1 1 1 1 1 1 1 1 
1 1 0 1 0 1 1 1 0 0 1 0 1 1 
1 0 1 1 1 1 1 1 0 1 1 1 1 1 
1 1 1 1 1 1 1 1 1 1 1 1 1 1 
1 1 0 1 1 0 1 1 1 0 1 1 0 1 
0 1 1 1 1 1 1 0 1 1 1 1 1 1 
0 0 1 1 1 1 1 0 0 1 1 1 1 1 
1 1 0 1 0 1 1 1 0 0 1 0 1 1 
1 1 1 0 1 0 1 0 1 1 0 1 0 1 
1 0 1 0 0 1 1 1 0 1 0 0 1 1 
1 1 1 1 1 1 1 1 1 1 1 1 1 1 
1 0 0 0 1 1 1 1 0 0 0 1 1 1 
1 1 1 1 1 1 1 1 1 1 1 1 1 1 
1 1 1 1 1 1 1 1 1 1 1 1 1 1 
1 1 1 1 1 0 0 1 0 1 1 1 0 0 
0 1 0 1 1 1 1 0 1 0 1 1 1 1 
0 0 1 1 1 1 1 0 0 1 1 1 1 1 
1 1 1 1 1 1 1 1 1 1 1 1 1 1 
1 1 1 0 1 0 1 1 1 1 0 1 0 1 
1 1 1 1 1 1 1 1 1 1 1 1 1 1 
0 1 1 1 1 1 1 0 1 1 1 1 1 1 
]

EmployeeWantedInStint: [ (4 7) 1 (5 3) 1 (6 11) 1 (9 4) 1 (11 7) 1 (14 8) 1 (17 2) 1 (28 6) 1 (30 5) 1 (30 11) 1 ]

EmployeeWantedViolationCost: [ (4 7) 13000 (5 3) 5000 (6 11) 7000 (9 4) 11000 (11 7) 12000 (14 8) 13000 (17 2) 7000 (28 6) 6000 (30 5) 9000 (30 11) 7000 ]

EmployeesThatShouldNotWorkTogetherWithEmployee: [
[ 15 ]
[ ]
[ 27 ]
[ 10 ]
[ 7 25 ]
[ 20 ]
[ 14 23 ]
[ 13 25 ]
[ 13 ]
[ ]
[ ]
[ 15 ]
[ ]
[ ]
[ 18 ]
[ ]
[ ]
[ ]
[ ]
[ ]
[ 24 25 ]
[ 27 ]
[ 28 ]
[ ]
[ ]
[ ]
[ ]
[ ]
[ ]
[ ]
]

ShouldNotWorkTogetherCost: [ (1 15) 297 (3 27) 297 (4 10) 198 (5 7) 198 (5 25) 297 (6 20) 99 (7 14) 396 (7 23) 99 (8 13) 99 (8 25) 99 (9 13) 198 (12 15) 396 (15 18) 198 (21 24) 396 (21 25) 198 (22 27) 396 (23 28) 396 ]

ImmediatePredecessorsToActivity: [
[ ]
[ 1 ]
[ 1 ]
[ 1 ]
[ 3 4 ]
[ 4 ]
[ 1 ]
[ 4 7 ]
[ 8 ]
[ 6 ]
[ 4 ]
[ 10 11 ]
[ 1 ]
[ ]
[ 14 ]
[ 15 ]
[ 15 ]
[ 14 ]
[ 15 18 ]
[ 14 ]
[ 14 ]
[ 17 ]
[ 16 17 18 ]
[ 18 ]
[ 20 24 ]
[ 14 ]
[ 15 18 ]
[ 16 22 ]
[ 14 ]
[ 17 26 ]
[ 16 17 20 29 ]
[ 14 ]
[ 16 20 29 32 ]
[ 18 25 ]
]

ActivitiesInProject: [
[ 1 2 3 4 5 6 7 8 9 10 11 12 13 ]
[ 14 15 16 17 18 19 20 21 22 23 24 25 26 27 28 29 30 31 32 33 34 ]
]

nActivityModes: [ 3 3 3 3 3 3 3 3 3 3 3 3 3 3 3 3 3 3 3 3 3 3 3 3 3 3 3 3 3 3 3 3 3 3 ]

ActivitiyDurationWithMode: [
1	1	1	
25	17	34	
13	9	18	
4	3	6	
12	8	16	
4	3	6	
12	8	16	
12	8	16	
4	3	6	
6	4	8	
6	4	8	
9	6	12	
16	11	22	
1	1	1	
27	18	36	
19	13	26	
19	13	26	
17	12	23	
31	21	42	
7	5	10	
55	37	74	
6	4	8	
12	8	16	
12	8	16	
9	6	12	
39	26	52	
6	4	8	
6	4	8	
36	24	48	
10	7	14	
6	4	8	
35	24	47	
8	6	11	
17	12	23	
]
StintsInProject: [
[ 1 2 3 4 5 6 7 ]
[ 8 9 10 11 12 13 14 ]
]

WorkingStintsOnDay: [
[ 1 8 ]
[ 1 8 ]
[ 1 8 ]
[ 1 8 ]
[ 1 8 ]
[ 1 8 ]
[ 1 8 ]
[ 1 8 ]
[ 1 8 ]
[ 1 8 ]
[ 1 8 ]
[ 1 8 ]
[ 8 ]
[ 8 ]
[ 2 9 ]
[ 2 9 ]
[ 2 9 ]
[ 2 9 ]
[ 2 9 ]
[ 2 9 ]
[ 2 9 ]
[ 2 9 ]
[ 2 9 ]
[ 2 9 ]
[ 2 9 ]
[ 2 9 ]
[ 9 ]
[ 9 ]
[ 3 10 ]
[ 3 10 ]
[ 3 10 ]
[ 3 10 ]
[ 3 10 ]
[ 3 10 ]
[ 3 10 ]
[ 3 10 ]
[ 3 10 ]
[ 3 10 ]
[ 3 10 ]
[ 3 10 ]
[ 10 ]
[ 10 ]
[ 4 11 ]
[ 4 11 ]
[ 4 11 ]
[ 4 11 ]
[ 4 11 ]
[ 4 11 ]
[ 4 11 ]
[ 4 11 ]
[ 4 11 ]
[ 4 11 ]
[ 4 11 ]
[ 4 11 ]
[ 11 ]
[ 11 ]
[ 5 12 ]
[ 5 12 ]
[ 5 12 ]
[ 5 12 ]
[ 5 12 ]
[ 5 12 ]
[ 5 12 ]
[ 5 12 ]
[ 5 12 ]
[ 5 12 ]
[ 5 12 ]
[ 5 12 ]
[ 12 ]
[ 12 ]
[ 6 13 ]
[ 6 13 ]
[ 6 13 ]
[ 6 13 ]
[ 6 13 ]
[ 6 13 ]
[ 6 13 ]
[ 6 13 ]
[ 6 13 ]
[ 6 13 ]
[ 6 13 ]
[ 6 13 ]
[ 13 ]
[ 13 ]
[ 7 14 ]
[ 7 14 ]
[ 7 14 ]
[ 7 14 ]
[ 7 14 ]
[ 7 14 ]
]

ProjectStart: [ 21 16 ]

ProjectEnd: [ 56 75 ]

EarliestStartDayForActivity: [ 1 21 21 21 36 25 21 35 49 31 25 37 21 1 16 43 43 16 43 16 16 62 62 33 45 16 43 68 16 62 62 16 62 54 ]

LatestStartDayForActivity: [ 1 56 56 56 56 56 56 56 56 56 56 56 56 1 75 75 75 75 75 75 75 75 75 75 75 75 75 75 75 75 75 75 75 75 ]

EquipmentTypeDemandInActivityWithMode: [
0	0	0	
1	3	1	
0	1	0	
2	4	2	
2	4	2	
1	3	1	
4	7	3	
3	6	2	
1	3	1	
0	1	0	
2	4	2	
3	6	2	
1	3	1	
0	0	0	
2	4	2	
1	3	1	
1	3	1	
4	7	3	
0	1	0	
0	1	0	
2	4	2	
0	1	0	
2	4	2	
1	3	1	
5	9	4	
1	3	1	
0	1	0	
2	4	2	
0	1	0	
0	1	0	
2	4	2	
1	3	1	
0	1	0	
3	6	2	

0	0	0	
0	1	0	
0	1	0	
1	3	1	
2	4	2	
0	1	0	
2	4	2	
0	1	0	
1	3	1	
0	1	0	
1	3	1	
0	1	0	
0	1	0	
0	0	0	
2	4	2	
2	4	2	
0	1	0	
0	1	0	
0	1	0	
1	3	1	
0	1	0	
0	1	0	
2	4	2	
1	3	1	
1	3	1	
1	3	1	
0	1	0	
2	4	2	
0	1	0	
0	1	0	
0	1	0	
1	3	1	
0	1	0	
1	3	1	

0	0	0	
0	1	0	
1	3	1	
2	4	2	
1	3	1	
0	1	0	
2	4	2	
1	3	1	
0	1	0	
1	3	1	
1	3	1	
2	4	2	
1	3	1	
0	0	0	
1	3	1	
0	1	0	
2	4	2	
1	3	1	
0	1	0	
0	1	0	
1	3	1	
1	3	1	
0	1	0	
1	3	1	
4	7	3	
0	1	0	
1	3	1	
2	4	2	
0	1	0	
0	1	0	
1	3	1	
2	4	2	
1	3	1	
2	4	2	

0	0	0	
1	3	1	
1	3	1	
2	4	2	
3	6	2	
2	4	2	
0	1	0	
2	4	2	
2	4	2	
0	1	0	
2	4	2	
2	4	2	
0	1	0	
0	0	0	
1	3	1	
1	3	1	
0	1	0	
0	1	0	
2	4	2	
0	1	0	
0	1	0	
2	4	2	
0	1	0	
0	1	0	
1	3	1	
3	6	2	
1	3	1	
0	1	0	
2	4	2	
1	3	1	
1	3	1	
1	3	1	
1	3	1	
2	4	2	

0	0	0	
2	4	2	
1	3	1	
1	3	1	
1	3	1	
1	3	1	
0	1	0	
2	4	2	
2	4	2	
1	3	1	
2	4	2	
1	3	1	
3	6	2	
0	0	0	
1	3	1	
0	1	0	
1	3	1	
1	3	1	
3	6	2	
2	4	2	
1	3	1	
2	4	2	
1	3	1	
1	3	1	
0	1	0	
1	3	1	
0	1	0	
1	3	1	
1	3	1	
0	1	0	
2	4	2	
0	1	0	
1	3	1	
0	1	0	

0	0	0	
0	1	0	
3	6	2	
1	3	1	
1	3	1	
0	1	0	
2	4	2	
0	1	0	
0	1	0	
1	3	1	
1	3	1	
1	3	1	
3	6	2	
0	0	0	
2	4	2	
0	1	0	
2	4	2	
2	4	2	
1	3	1	
0	1	0	
0	1	0	
1	3	1	
1	3	1	
1	3	1	
1	3	1	
1	3	1	
1	3	1	
0	1	0	
0	1	0	
1	3	1	
1	3	1	
2	4	2	
0	1	0	
1	3	1	

]

ExternalEquipmentRentingCost: [
5765	3639	4422	4665	5016	4480	4836	2931	4640	5028	1295	3919	1869	3010	4191	5031	5195	2521	1235	5773	3665	2335	4033	5186	2451	2237	4931	1099	1168	1464	2310	3612	2712	3169	
1442	5789	1771	1785	1169	5826	4241	1599	4733	4673	2725	1950	3824	4447	1110	3084	3184	2473	4690	3872	1535	2617	5718	4334	5471	2805	5824	1211	5599	2437	3251	3156	2537	2487	
3392	2455	5499	3753	4402	3858	2071	2681	1035	2456	4363	2939	2852	1625	5822	5943	3980	4394	1961	5284	1632	4920	4266	4865	5751	1029	1893	2087	1146	5661	5223	5539	3785	5719	
4736	1839	3477	2596	3314	5749	4782	2832	4406	2892	4412	5921	5031	1614	2415	4203	4595	3064	5959	4196	4055	5303	5227	5676	1412	1743	5241	4269	1036	4582	1030	5185	5768	5133	
3758	3161	3627	3287	2966	5177	5513	2155	5313	3007	4011	4656	2313	2627	2961	5036	2913	1704	3839	3124	1406	4002	2753	2258	3675	4982	1298	1667	4353	3758	5191	3193	5955	3550	
5903	1496	5973	3369	4931	4231	4796	2788	4529	5292	2295	1307	4732	3095	4039	3318	4442	5129	2809	2963	3213	5087	2983	5788	4455	4884	1079	2559	1146	4915	2345	1991	2856	2612	
]

EquipmentTypeTransportationCost: [
1	4590	
4590	1	

1	4067	
4067	1	

1	5040	
5040	1	

1	4589	
4589	1	

1	4126	
4126	1	

1	4321	
4321	1	

]

TransportationTimeForEquipmentTypeBetweenProjects: [
1	5	
5	1	

1	4	
4	1	

1	5	
5	1	

1	5	
5	1	

1	4	
4	1	

1	5	
5	1	

]

TotalNumberOfInitialEquipmentTypeLocation: [
(1 1) 7 (1 14) 5 
(2 1) 1 (2 14) 3 
(3 1) 3 (3 14) 3 
(4 1) 3 (4 14) 5 
(5 1) 3 (5 14) 3 
(6 1) 4 
]

DepotActivities: [ 1 14 ]

MaximalStintCliques: [
[ 2 9 1 8 ]
[ 2 9 10 3 ]
[ 4 11 10 3 ]
[ 4 11 12 5 ]
[ 5 12 13 6 ]
[ 6 13 14 7 ]
]
