nEmployees: 30
nSkills: 2
nProjects: 2
nDays: 180
nActivities: 57
nEquipmentTypes: 7
nStints: 39
nMaxModes: 1
nStintCliques: 26

EmployeeInStintCost: [
16525 16525 16525 16525 16525 16525 16525 16525 16525 16525 16525 16525 16525 16525 16525 16525 16525 16525 16525 16525 16525 16525 16525 16525 16525 15313 33848 33848 33848 33848 33848 33848 33848 33848 33848 33848 33848 33848 28394 
10289 10289 10289 10289 10289 10289 10289 10289 10289 10289 10289 10289 10289 10289 10289 10289 10289 10289 10289 10289 10289 10289 10289 10289 10289 9137 40216 40216 40216 40216 40216 40216 40216 40216 40216 40216 40216 40216 35032 
10325 10325 10325 10325 10325 10325 10325 10325 10325 10325 10325 10325 10325 10325 10325 10325 10325 10325 10325 10325 10325 10325 10325 10325 10325 9113 40288 40288 40288 40288 40288 40288 40288 40288 40288 40288 40288 40288 34834 
15025 15025 15025 15025 15025 15025 15025 15025 15025 15025 15025 15025 15025 15025 15025 15025 15025 15025 15025 15025 15025 15025 15025 15025 15025 13873 34552 34552 34552 34552 34552 34552 34552 34552 34552 34552 34552 34552 29368 
10217 10217 10217 10217 10217 10217 10217 10217 10217 10217 10217 10217 10217 10217 10217 10217 10217 10217 10217 10217 10217 10217 10217 10217 10217 9041 39928 39928 39928 39928 39928 39928 39928 39928 39928 39928 39928 39928 34636 
15097 15097 15097 15097 15097 15097 15097 15097 15097 15097 15097 15097 15097 15097 15097 15097 15097 15097 15097 15097 15097 15097 15097 15097 15097 13921 34792 34792 34792 34792 34792 34792 34792 34792 34792 34792 34792 34792 29500 
22205 22205 22205 22205 22205 22205 22205 22205 22205 22205 22205 22205 22205 22205 22205 22205 22205 22205 22205 22205 22205 22205 22205 22205 22205 20993 17320 17320 17320 17320 17320 17320 17320 17320 17320 17320 17320 17320 11866 
3888 3888 3888 3888 3888 3888 3888 3888 3888 3888 3888 3888 3888 3888 3888 3888 3888 3888 3888 3888 3888 3888 3888 3888 3888 2592 43048 43048 43048 43048 43048 43048 43048 43048 43048 43048 43048 43048 37216 
14941 14941 14941 14941 14941 14941 14941 14941 14941 14941 14941 14941 14941 14941 14941 14941 14941 14941 14941 14941 14941 14941 14941 14941 14941 13705 35800 35800 35800 35800 35800 35800 35800 35800 35800 35800 35800 35800 30238 
10829 10829 10829 10829 10829 10829 10829 10829 10829 10829 10829 10829 10829 10829 10829 10829 10829 10829 10829 10829 10829 10829 10829 10829 10829 9449 41968 41968 41968 41968 41968 41968 41968 41968 41968 41968 41968 41968 35758 
3780 3780 3780 3780 3780 3780 3780 3780 3780 3780 3780 3780 3780 3780 3780 3780 3780 3780 3780 3780 3780 3780 3780 3780 3780 2520 42688 42688 42688 42688 42688 42688 42688 42688 42688 42688 42688 42688 37018 
16725 16725 16725 16725 16725 16725 16725 16725 16725 16725 16725 16725 16725 16725 16725 16725 16725 16725 16725 16725 16725 16725 16725 16725 16725 15609 32456 32456 32456 32456 32456 32456 32456 32456 32456 32456 32456 32456 27434 
10613 10613 10613 10613 10613 10613 10613 10613 10613 10613 10613 10613 10613 10613 10613 10613 10613 10613 10613 10613 10613 10613 10613 10613 10613 9353 41296 41296 41296 41296 41296 41296 41296 41296 41296 41296 41296 41296 35626 
22273 22273 22273 22273 22273 22273 22273 22273 22273 22273 22273 22273 22273 22273 22273 22273 22273 22273 22273 22273 22273 22273 22273 22273 22273 20929 32328 32328 32328 32328 32328 32328 32328 32328 32328 32328 32328 32328 26280 
15169 15169 15169 15169 15169 15169 15169 15169 15169 15169 15169 15169 15169 15169 15169 15169 15169 15169 15169 15169 15169 15169 15169 15169 15169 13969 35032 35032 35032 35032 35032 35032 35032 35032 35032 35032 35032 35032 29632 
15025 15025 15025 15025 15025 15025 15025 15025 15025 15025 15025 15025 15025 15025 15025 15025 15025 15025 15025 15025 15025 15025 15025 15025 15025 13873 34552 34552 34552 34552 34552 34552 34552 34552 34552 34552 34552 34552 29368 
16489 16489 16489 16489 16489 16489 16489 16489 16489 16489 16489 16489 16489 16489 16489 16489 16489 16489 16489 16489 16489 16489 16489 16489 16489 15289 33728 33728 33728 33728 33728 33728 33728 33728 33728 33728 33728 33728 28328 
21625 21625 21625 21625 21625 21625 21625 21625 21625 21625 21625 21625 21625 21625 21625 21625 21625 21625 21625 21625 21625 21625 21625 21625 21625 20329 32656 32656 32656 32656 32656 32656 32656 32656 32656 32656 32656 32656 26824 
21189 21189 21189 21189 21189 21189 21189 21189 21189 21189 21189 21189 21189 21189 21189 21189 21189 21189 21189 21189 21189 21189 21189 21189 21189 20025 11640 11640 11640 11640 11640 11640 11640 11640 11640 11640 11640 11640 6402 
18305 18305 18305 18305 18305 18305 18305 18305 18305 18305 18305 18305 18305 18305 18305 18305 18305 18305 18305 18305 18305 18305 18305 18305 18305 17153 31272 31272 31272 31272 31272 31272 31272 31272 31272 31272 31272 31272 26088 
18269 18269 18269 18269 18269 18269 18269 18269 18269 18269 18269 18269 18269 18269 18269 18269 18269 18269 18269 18269 18269 18269 18269 18269 18269 17129 31152 31152 31152 31152 31152 31152 31152 31152 31152 31152 31152 31152 26022 
14689 14689 14689 14689 14689 14689 14689 14689 14689 14689 14689 14689 14689 14689 14689 14689 14689 14689 14689 14689 14689 14689 14689 14689 14689 13537 34960 34960 34960 34960 34960 34960 34960 34960 34960 34960 34960 34960 29776 
6388 6388 6388 6388 6388 6388 6388 6388 6388 6388 6388 6388 6388 6388 6388 6388 6388 6388 6388 6388 6388 6388 6388 6388 6388 5272 41728 41728 41728 41728 41728 41728 41728 41728 41728 41728 41728 41728 36706 
16941 16941 16941 16941 16941 16941 16941 16941 16941 16941 16941 16941 16941 16941 16941 16941 16941 16941 16941 16941 16941 16941 16941 16941 16941 15753 33176 33176 33176 33176 33176 33176 33176 33176 33176 33176 33176 33176 27830 
19077 19077 19077 19077 19077 19077 19077 19077 19077 19077 19077 19077 19077 19077 19077 19077 19077 19077 19077 19077 19077 19077 19077 19077 19077 17793 32216 32216 32216 32216 32216 32216 32216 32216 32216 32216 32216 32216 26438 
19185 19185 19185 19185 19185 19185 19185 19185 19185 19185 19185 19185 19185 19185 19185 19185 19185 19185 19185 19185 19185 19185 19185 19185 19185 17865 32576 32576 32576 32576 32576 32576 32576 32576 32576 32576 32576 32576 26636 
14653 14653 14653 14653 14653 14653 14653 14653 14653 14653 14653 14653 14653 14653 14653 14653 14653 14653 14653 14653 14653 14653 14653 14653 14653 13513 34840 34840 34840 34840 34840 34840 34840 34840 34840 34840 34840 34840 29710 
16905 16905 16905 16905 16905 16905 16905 16905 16905 16905 16905 16905 16905 16905 16905 16905 16905 16905 16905 16905 16905 16905 16905 16905 16905 15729 33056 33056 33056 33056 33056 33056 33056 33056 33056 33056 33056 33056 27764 
18413 18413 18413 18413 18413 18413 18413 18413 18413 18413 18413 18413 18413 18413 18413 18413 18413 18413 18413 18413 18413 18413 18413 18413 18413 17225 31632 31632 31632 31632 31632 31632 31632 31632 31632 31632 31632 31632 26286 
15601 15601 15601 15601 15601 15601 15601 15601 15601 15601 15601 15601 15601 15601 15601 15601 15601 15601 15601 15601 15601 15601 15601 15601 15601 14257 36472 36472 36472 36472 36472 36472 36472 36472 36472 36472 36472 36472 30424 
]

ExternalWorkerWithSkillOnStintCost: [
12360 17700 13320 14160 15960 13800 17760 12300 16920 14760 16650 12270 12480 16770 16950 14940 15150 16170 17070 14250 13050 13170 13860 12720 13890 12510 35064 38736 42120 34632 33552 39672 35712 41760 32904 31392 33624 30816 31464 
16080 15870 13800 12000 12300 13770 16140 14520 14460 16770 13080 16680 13410 13740 12840 15900 17040 13620 13050 14640 15210 12030 14820 17610 17970 17280 34704 40608 34704 42192 43128 31320 34344 35784 30312 39600 34560 31392 29160 
]

OverlappingStints: [
[ 27 ]
[ 27 ]
[ 27 28 ]
[ 28 ]
[ 28 29 ]
[ 29 ]
[ 29 30 ]
[ 30 ]
[ 30 31 ]
[ 31 ]
[ 31 32 ]
[ 32 ]
[ 32 33 ]
[ 33 ]
[ 33 34 ]
[ 34 ]
[ 34 35 ]
[ 35 ]
[ 35 36 ]
[ 36 ]
[ 36 37 ]
[ 37 ]
[ 37 38 ]
[ 38 ]
[ 38 39 ]
[ 39 ]
[ 28 ]
[ 29 ]
[ 30 ]
[ 31 ]
[ 32 ]
[ 33 ]
[ 34 ]
[ 35 ]
[ 36 ]
[ 37 ]
[ 38 ]
[ 39 ]
[ ]
]

EmployeesWithSkill: [
[ 1 2 3 4 5 6 7 8 9 10 11 12 13 14 15 16 17 18 19 20 21 22 23 24 25 26 27 28 29 30 ]
[ 10 25 ]
]

SkillDemandInActivityWithMode: [
0	
1	
7	
8	
7	
9	
8	
9	
4	
9	
6	
5	
8	
7	
4	
5	
5	
5	
7	
5	
9	
7	
4	
9	
9	
6	
6	
2	
2	
7	
6	
5	
5	
7	
3	
5	
0	
2	
3	
2	
2	
2	
2	
1	
2	
2	
1	
1	
1	
2	
3	
1	
1	
2	
2	
1	
3	

0	
0	
0	
0	
0	
0	
0	
0	
0	
0	
0	
0	
0	
0	
0	
0	
0	
0	
0	
0	
0	
0	
0	
0	
0	
0	
0	
0	
0	
0	
0	
0	
0	
0	
0	
0	
0	
0	
1	
0	
0	
0	
0	
0	
0	
0	
0	
0	
0	
0	
0	
0	
0	
0	
0	
0	
0	

]

EmployeeAvailability: [
1 1 1 1 1 1 1 1 1 1 1 1 1 1 1 1 1 1 1 1 1 1 1 1 0 0 1 1 1 1 1 1 1 1 1 1 1 1 0 
1 1 1 1 1 1 1 1 1 1 1 1 0 1 1 0 1 1 0 1 1 1 1 1 1 1 1 1 1 1 1 1 0 0 1 0 1 1 1 
1 1 1 0 1 1 1 1 1 1 1 1 1 1 1 1 1 1 1 1 1 1 1 1 1 0 1 0 1 1 1 1 1 1 1 1 1 1 0 
1 1 1 1 1 1 1 1 1 1 1 1 1 1 1 1 1 1 1 1 1 1 1 1 1 1 1 1 0 1 1 1 1 1 1 1 1 1 1 
1 1 1 1 1 1 1 1 1 1 1 1 1 1 1 1 1 1 1 1 1 1 1 1 1 1 1 1 0 1 1 1 1 1 1 1 1 1 1 
1 1 1 1 1 1 1 1 1 1 1 1 1 1 1 1 1 1 1 1 1 1 1 1 1 1 1 1 1 1 1 1 1 1 1 1 1 1 1 
1 1 1 1 1 0 1 1 1 1 1 1 1 1 1 1 1 1 1 1 1 1 1 1 1 1 1 1 0 1 1 1 1 1 1 1 1 1 1 
1 1 1 1 1 1 1 1 1 1 1 1 1 1 1 0 1 1 1 0 1 1 1 1 1 1 1 1 1 1 1 1 1 0 1 0 1 1 1 
1 1 1 1 1 1 1 1 1 1 1 1 1 1 1 1 1 1 1 1 1 1 1 1 1 1 1 1 1 1 1 1 1 1 1 1 1 1 1 
1 1 1 1 1 1 1 1 1 1 1 1 1 1 1 1 1 1 1 1 1 1 1 1 0 0 1 1 1 1 1 1 1 1 1 1 1 1 0 
1 1 1 1 1 1 1 1 1 1 1 1 1 1 1 1 1 1 1 1 1 1 1 1 1 1 1 1 1 1 1 1 1 1 1 1 1 1 1 
1 1 1 1 1 1 1 1 1 1 1 1 1 1 1 1 1 1 1 0 1 1 1 1 1 1 1 1 1 0 1 1 1 1 1 0 1 1 1 
1 1 1 1 0 1 1 1 1 1 1 0 1 1 1 1 1 1 1 1 1 1 1 1 1 1 1 1 0 1 1 0 1 1 1 1 0 1 1 
1 1 1 1 1 1 1 1 1 1 1 1 1 1 1 1 1 1 1 1 1 1 1 1 1 0 1 1 1 1 1 1 1 1 1 1 1 1 0 
1 1 1 1 1 1 1 1 0 1 1 1 1 1 1 1 1 1 1 1 1 1 1 1 1 1 1 1 1 1 0 1 1 1 1 1 1 1 1 
1 1 1 1 1 1 1 1 1 1 1 1 1 1 1 1 1 1 1 1 1 1 1 1 1 1 1 1 1 1 1 1 1 1 1 1 1 1 1 
1 1 1 1 1 1 1 1 1 1 1 1 1 1 1 1 1 1 1 1 0 1 1 0 1 1 1 1 1 1 1 1 1 1 1 1 0 0 1 
1 1 1 1 1 1 1 1 1 1 1 1 1 1 1 1 0 1 1 1 1 1 1 1 1 1 1 1 1 1 1 1 1 1 0 1 1 1 1 
1 1 1 1 1 1 1 1 1 1 1 1 1 1 1 1 1 1 1 1 1 1 1 1 1 1 1 1 1 1 1 1 1 1 1 1 1 1 1 
1 1 1 1 1 1 1 1 1 1 1 1 1 1 1 1 1 1 1 1 1 1 1 1 1 1 1 1 1 1 1 1 1 1 1 1 1 1 1 
1 1 0 1 1 1 1 1 1 0 1 1 1 1 1 1 1 1 1 1 1 1 1 1 1 1 1 0 1 1 0 1 1 1 1 1 0 1 1 
1 1 1 1 1 1 1 1 1 1 1 1 1 1 1 1 1 1 1 1 1 1 1 1 1 1 1 1 1 1 1 1 1 1 1 1 1 1 1 
1 1 1 1 0 1 1 1 1 1 1 1 1 1 1 1 1 1 1 1 1 1 1 1 1 1 1 1 0 1 1 1 1 1 1 1 1 1 1 
1 1 1 1 1 1 1 1 1 1 1 1 1 1 1 1 1 1 1 1 1 1 1 1 1 1 1 1 1 1 1 1 1 1 1 1 1 1 1 
1 1 1 1 1 1 0 1 1 1 1 1 1 1 1 1 1 1 1 1 1 1 1 1 1 1 1 1 1 0 1 1 1 1 1 1 1 1 1 
1 1 1 1 1 1 1 1 1 1 1 1 1 1 1 1 1 1 1 1 1 1 1 1 1 1 1 1 1 1 1 1 1 1 1 1 1 1 1 
1 1 1 1 1 1 1 1 1 1 1 1 1 1 1 1 1 1 1 1 1 1 1 1 1 1 1 1 1 1 1 1 1 1 1 1 1 0 1 
1 1 1 1 1 1 1 1 1 1 1 1 1 1 1 1 1 1 1 1 1 1 1 1 1 1 1 1 1 1 1 1 1 1 1 1 1 1 1 
1 1 1 1 1 1 1 1 1 1 1 1 1 1 1 1 1 1 1 1 1 1 1 1 1 1 1 1 1 1 1 1 1 1 1 1 1 1 1 
1 1 1 1 0 1 1 1 1 1 1 1 1 1 1 1 1 1 1 1 1 0 1 1 1 1 1 1 0 1 1 1 1 1 1 1 0 1 1 
]

EmployeeWantedInStint: [ (1 16) 1 (1 33) 1 (1 36) 1 (6 13) 1 (8 26) 1 (8 37) 1 (9 7) 1 (9 16) 1 (9 31) 1 (9 35) 1 (13 13) 1 (13 19) 1 (16 5) 1 (16 16) 1 (18 24) 1 (21 20) 1 (26 22) 1 (27 3) 1 (27 35) 1 (28 15) 1 (28 38) 1 ]

EmployeeWantedViolationCost: [ (1 16) 12000 (1 33) 12000 (1 36) 5000 (6 13) 13000 (8 26) 9000 (8 37) 9000 (9 7) 6000 (9 16) 11000 (9 31) 10000 (9 35) 11000 (13 13) 12000 (13 19) 5000 (16 5) 9000 (16 16) 6000 (18 24) 5000 (21 20) 13000 (26 22) 6000 (27 3) 6000 (27 35) 11000 (28 15) 9000 (28 38) 12000 ]

EmployeesThatShouldNotWorkTogetherWithEmployee: [
[ 29 ]
[ ]
[ 9 14 20 23 24 ]
[ 12 18 ]
[ 24 ]
[ ]
[ ]
[ ]
[ ]
[ ]
[ 14 28 ]
[ 19 ]
[ ]
[ 30 ]
[ 23 ]
[ ]
[ 21 ]
[ ]
[ ]
[ 21 ]
[ ]
[ ]
[ ]
[ ]
[ ]
[ ]
[ ]
[ ]
[ ]
[ ]
]

ShouldNotWorkTogetherCost: [ (1 29) 99 (3 9) 99 (3 14) 99 (3 20) 297 (3 23) 297 (3 24) 198 (4 12) 198 (4 18) 396 (5 24) 396 (11 14) 297 (11 28) 297 (12 19) 198 (14 30) 99 (15 23) 396 (17 21) 198 (20 21) 396 ]

ImmediatePredecessorsToActivity: [
[ ]
[ 1 ]
[ 1 ]
[ 1 ]
[ 3 ]
[ 3 ]
[ 3 ]
[ 1 ]
[ 1 ]
[ 8 ]
[ 3 9 ]
[ 1 ]
[ 6 7 8 9 ]
[ 7 12 ]
[ 5 10 13 ]
[ 7 ]
[ 4 8 11 ]
[ 11 14 16 ]
[ 10 11 13 14 ]
[ 7 12 15 19 ]
[ 5 8 12 18 19 ]
[ 11 20 ]
[ 6 10 14 ]
[ 4 21 ]
[ 5 17 18 20 23 24 ]
[ 23 ]
[ 12 15 26 ]
[ 5 7 11 12 ]
[ 4 7 9 12 ]
[ 4 11 20 ]
[ 4 12 13 ]
[ 4 11 13 21 23 ]
[ 19 29 ]
[ 17 21 23 31 ]
[ 6 8 16 19 31 ]
[ 4 15 16 21 ]
[ ]
[ 37 ]
[ 37 ]
[ 37 ]
[ 38 ]
[ 41 ]
[ 38 ]
[ 38 ]
[ 39 ]
[ 38 42 ]
[ 37 ]
[ 41 ]
[ 38 ]
[ 39 40 41 ]
[ 42 43 47 48 ]
[ 43 50 ]
[ 37 ]
[ 43 44 48 ]
[ 42 ]
[ 39 42 43 ]
[ 40 46 47 48 ]
]

ActivitiesInProject: [
[ 1 2 3 4 5 6 7 8 9 10 11 12 13 14 15 16 17 18 19 20 21 22 23 24 25 26 27 28 29 30 31 32 33 34 35 36 ]
[ 37 38 39 40 41 42 43 44 45 46 47 48 49 50 51 52 53 54 55 56 57 ]
]

nActivityModes: [ 1 1 1 1 1 1 1 1 1 1 1 1 1 1 1 1 1 1 1 1 1 1 1 1 1 1 1 1 1 1 1 1 1 1 1 1 1 1 1 1 1 1 1 1 1 1 1 1 1 1 1 1 1 1 1 1 1 ]

ActivitiyDurationWithMode: [
1	
69	
10	
9	
11	
8	
9	
8	
20	
8	
13	
14	
9	
10	
19	
15	
15	
16	
10	
15	
8	
10	
20	
8	
8	
13	
12	
39	
38	
10	
12	
15	
15	
11	
28	
15	
1	
8	
6	
12	
9	
12	
10	
30	
9	
8	
36	
24	
30	
12	
6	
18	
42	
7	
9	
21	
6	
]
StintsInProject: [
[ 1 2 3 4 5 6 7 8 9 10 11 12 13 14 15 16 17 18 19 20 21 22 23 24 25 26 ]
[ 27 28 29 30 31 32 33 34 35 36 37 38 39 ]
]

WorkingStintsOnDay: [
[ 1 27 ]
[ 1 27 ]
[ 1 27 ]
[ 1 27 ]
[ 1 27 ]
[ 27 ]
[ 27 ]
[ 2 27 ]
[ 2 27 ]
[ 2 27 ]
[ 2 27 ]
[ 2 27 ]
[ ]
[ ]
[ 3 28 ]
[ 3 28 ]
[ 3 28 ]
[ 3 28 ]
[ 3 28 ]
[ 28 ]
[ 28 ]
[ 4 28 ]
[ 4 28 ]
[ 4 28 ]
[ 4 28 ]
[ 4 28 ]
[ ]
[ ]
[ 5 29 ]
[ 5 29 ]
[ 5 29 ]
[ 5 29 ]
[ 5 29 ]
[ 29 ]
[ 29 ]
[ 6 29 ]
[ 6 29 ]
[ 6 29 ]
[ 6 29 ]
[ 6 29 ]
[ ]
[ ]
[ 7 30 ]
[ 7 30 ]
[ 7 30 ]
[ 7 30 ]
[ 7 30 ]
[ 30 ]
[ 30 ]
[ 8 30 ]
[ 8 30 ]
[ 8 30 ]
[ 8 30 ]
[ 8 30 ]
[ ]
[ ]
[ 9 31 ]
[ 9 31 ]
[ 9 31 ]
[ 9 31 ]
[ 9 31 ]
[ 31 ]
[ 31 ]
[ 10 31 ]
[ 10 31 ]
[ 10 31 ]
[ 10 31 ]
[ 10 31 ]
[ ]
[ ]
[ 11 32 ]
[ 11 32 ]
[ 11 32 ]
[ 11 32 ]
[ 11 32 ]
[ 32 ]
[ 32 ]
[ 12 32 ]
[ 12 32 ]
[ 12 32 ]
[ 12 32 ]
[ 12 32 ]
[ ]
[ ]
[ 13 33 ]
[ 13 33 ]
[ 13 33 ]
[ 13 33 ]
[ 13 33 ]
[ 33 ]
[ 33 ]
[ 14 33 ]
[ 14 33 ]
[ 14 33 ]
[ 14 33 ]
[ 14 33 ]
[ ]
[ ]
[ 15 34 ]
[ 15 34 ]
[ 15 34 ]
[ 15 34 ]
[ 15 34 ]
[ 34 ]
[ 34 ]
[ 16 34 ]
[ 16 34 ]
[ 16 34 ]
[ 16 34 ]
[ 16 34 ]
[ ]
[ ]
[ 17 35 ]
[ 17 35 ]
[ 17 35 ]
[ 17 35 ]
[ 17 35 ]
[ 35 ]
[ 35 ]
[ 18 35 ]
[ 18 35 ]
[ 18 35 ]
[ 18 35 ]
[ 18 35 ]
[ ]
[ ]
[ 19 36 ]
[ 19 36 ]
[ 19 36 ]
[ 19 36 ]
[ 19 36 ]
[ 36 ]
[ 36 ]
[ 20 36 ]
[ 20 36 ]
[ 20 36 ]
[ 20 36 ]
[ 20 36 ]
[ ]
[ ]
[ 21 37 ]
[ 21 37 ]
[ 21 37 ]
[ 21 37 ]
[ 21 37 ]
[ 37 ]
[ 37 ]
[ 22 37 ]
[ 22 37 ]
[ 22 37 ]
[ 22 37 ]
[ 22 37 ]
[ ]
[ ]
[ 23 38 ]
[ 23 38 ]
[ 23 38 ]
[ 23 38 ]
[ 23 38 ]
[ 38 ]
[ 38 ]
[ 24 38 ]
[ 24 38 ]
[ 24 38 ]
[ 24 38 ]
[ 24 38 ]
[ ]
[ ]
[ 25 39 ]
[ 25 39 ]
[ 25 39 ]
[ 25 39 ]
[ 25 39 ]
[ 39 ]
[ 39 ]
[ 26 39 ]
[ 26 39 ]
[ 26 39 ]
[ 26 39 ]
[ 26 39 ]
]

ProjectStart: [ 31 34 ]

ProjectEnd: [ 136 93 ]

EarliestStartDayForActivity: [ 1 31 31 31 45 45 45 31 31 41 59 31 59 58 72 58 76 79 76 97 101 118 72 111 123 100 117 76 59 118 72 111 111 111 90 111 1 34 34 34 44 53 44 44 40 67 34 53 44 53 81 67 34 81 67 67 81 ]

LatestStartDayForActivity: [ 1 136 136 136 136 136 136 136 136 136 136 136 136 136 136 136 136 136 136 136 136 136 136 136 136 136 136 136 136 136 136 136 136 136 136 136 1 93 93 93 93 93 93 93 93 93 93 93 93 93 93 93 93 93 93 93 93 ]

EquipmentTypeDemandInActivityWithMode: [
0	
1	
0	
1	
1	
0	
0	
1	
2	
2	
1	
4	
1	
0	
1	
2	
0	
2	
1	
3	
3	
2	
0	
1	
1	
1	
1	
0	
1	
2	
1	
0	
2	
0	
0	
3	
0	
0	
2	
1	
0	
3	
1	
1	
0	
0	
3	
0	
2	
1	
3	
0	
0	
0	
2	
2	
1	

0	
1	
2	
2	
3	
0	
2	
0	
0	
1	
4	
0	
0	
1	
1	
0	
1	
2	
3	
0	
4	
0	
0	
2	
2	
2	
2	
1	
1	
1	
3	
0	
1	
1	
2	
1	
0	
0	
1	
2	
0	
1	
1	
1	
3	
2	
2	
0	
2	
0	
2	
1	
1	
2	
1	
0	
0	

0	
0	
2	
0	
0	
2	
0	
0	
2	
1	
0	
2	
1	
1	
3	
2	
1	
0	
2	
2	
2	
0	
2	
0	
0	
2	
0	
1	
2	
0	
2	
0	
1	
0	
1	
1	
0	
1	
0	
2	
1	
1	
0	
0	
0	
1	
1	
2	
2	
0	
1	
1	
1	
1	
2	
1	
0	

0	
0	
0	
0	
3	
1	
1	
2	
0	
1	
1	
1	
3	
0	
2	
0	
1	
0	
2	
1	
1	
0	
0	
1	
2	
0	
1	
0	
0	
0	
0	
1	
0	
0	
0	
1	
0	
1	
2	
0	
0	
2	
2	
1	
1	
1	
1	
0	
1	
2	
1	
1	
3	
1	
0	
1	
0	

0	
1	
0	
0	
1	
2	
1	
0	
1	
1	
0	
1	
0	
1	
2	
0	
1	
0	
0	
1	
3	
0	
1	
2	
1	
1	
0	
1	
0	
0	
3	
0	
2	
3	
1	
2	
0	
0	
1	
1	
0	
0	
1	
0	
1	
2	
0	
0	
1	
0	
0	
1	
1	
1	
2	
0	
1	

0	
2	
0	
0	
0	
0	
0	
1	
0	
1	
1	
4	
3	
1	
1	
1	
1	
2	
3	
2	
0	
0	
4	
1	
0	
1	
0	
0	
0	
0	
1	
0	
2	
0	
3	
1	
0	
0	
4	
0	
1	
1	
0	
0	
1	
1	
0	
1	
0	
0	
0	
2	
1	
0	
1	
1	
1	

0	
3	
1	
1	
1	
2	
1	
1	
2	
0	
1	
0	
2	
0	
2	
1	
3	
2	
2	
2	
1	
2	
0	
0	
3	
0	
1	
1	
1	
0	
0	
1	
1	
0	
0	
2	
0	
2	
0	
1	
1	
1	
2	
2	
1	
1	
1	
1	
1	
0	
2	
1	
1	
0	
1	
2	
1	

]

ExternalEquipmentRentingCost: [
4740	1092	1893	5718	2903	2717	5400	5220	1482	1684	5389	4399	1812	1182	1141	1926	3278	5990	2629	2304	2256	3497	5450	1213	5098	1346	1941	4983	3434	3792	4700	4494	4003	3349	5487	4921	5855	4287	5912	4577	5770	1673	3144	2345	4230	1649	3627	2381	4768	1093	5312	5314	5658	2509	3495	2928	5163	
2718	1161	3096	1893	1790	3646	4392	2263	5842	1379	3389	4169	1753	1894	5638	2136	1472	1681	5135	4626	5428	2379	1126	2865	3096	3485	5956	5169	1063	3232	3681	1627	5018	4943	5307	4722	4127	4165	2991	4611	4152	4991	4410	3750	1864	1494	3468	3792	3338	3933	5812	3734	3753	1208	3919	5153	5883	
2560	2512	2625	5735	3826	1766	5449	3482	1718	4557	5644	2491	5794	4966	5281	4465	2108	5074	5725	5655	4683	3925	2465	1038	1804	4652	2116	4895	3265	2702	5203	2098	4797	1267	2081	4765	1563	5711	5149	5105	3912	5095	3708	5299	3681	1704	5307	3135	5096	5025	4302	4787	1107	3836	1301	4896	3517	
2515	3612	1222	5004	3315	2646	2753	3999	1247	3283	2721	5074	3374	1092	5505	2200	5033	1131	5555	3807	1223	5028	3699	2481	2533	3877	5070	1599	4788	4938	3895	2640	3367	5986	3795	5229	5605	5215	4494	2859	2971	2854	3110	4476	2615	3936	2549	1799	5107	3280	5482	4586	5054	3301	5820	1537	5605	
4043	5334	5933	1140	3787	4644	3802	4012	4736	5057	2442	5430	4758	1932	5622	2592	3944	3960	3425	2329	1709	4101	3535	3700	3023	4519	5455	1900	1173	4780	1975	4127	5975	3129	4310	3041	1190	2325	1023	1838	5398	5495	5016	5527	5729	2537	1618	4472	5470	4392	1390	2572	4316	2420	2387	3752	2320	
4991	1061	2979	1342	2740	1527	4228	1333	2490	4705	5451	4672	5045	5903	3353	4555	5059	3579	4067	3112	3124	4157	3847	4566	3220	1504	4967	2324	5768	1796	2706	2954	2796	2078	2090	1471	1672	4920	3337	2398	2448	2513	4964	5439	1551	4908	1633	3454	1415	3605	3529	5103	2951	1596	4239	5743	1772	
1180	4072	2252	4852	2534	4637	2455	1726	2687	4304	1290	2688	3302	2856	2929	5162	2897	4491	2522	2786	4321	4502	4209	1232	5597	1462	4538	4055	1207	4581	1332	2162	4011	1174	5980	1188	4695	3638	3502	5994	1773	1619	3667	2255	5211	2248	5821	4055	1801	4024	1868	2733	1708	1203	3549	2930	3024	
]

EquipmentTypeTransportationCost: [
1	5164	
5164	1	

1	4574	
4574	1	

1	4573	
4573	1	

1	5071	
5071	1	

1	5476	
5476	1	

1	5281	
5281	1	

1	4888	
4888	1	

]

TransportationTimeForEquipmentTypeBetweenProjects: [
1	7	
7	1	

1	6	
6	1	

1	6	
6	1	

1	7	
7	1	

1	8	
8	1	

1	8	
8	1	

1	7	
7	1	

]

TotalNumberOfInitialEquipmentTypeLocation: [
(1 1) 4 (1 37) 5 
(2 1) 5 (2 37) 4 
(3 1) 4 (3 37) 4 
(4 1) 1 (4 37) 3 
(5 1) 3 (5 37) 2 
(6 1) 6 (6 37) 2 
(7 1) 4 (7 37) 3 
]

DepotActivities: [ 1 37 ]

MaximalStintCliques: [
[ 1 27 ]
[ 2 27 ]
[ 6 29 ]
[ 7 29 30 ]
[ 8 30 ]
[ 9 30 31 ]
[ 10 31 ]
[ 11 31 32 ]
[ 12 32 ]
[ 13 33 32 ]
[ 14 33 ]
[ 15 33 34 ]
[ 16 34 ]
[ 17 34 35 ]
[ 18 35 ]
[ 19 35 36 ]
[ 20 36 ]
[ 21 36 37 ]
[ 22 37 ]
[ 23 37 38 ]
[ 24 38 ]
[ 25 38 39 ]
[ 26 39 ]
[ 28 3 27 ]
[ 28 4 ]
[ 28 5 29 ]
]
