nEmployees: 30
nSkills: 2
nProjects: 2
nDays: 150
nActivities: 66
nEquipmentTypes: 7
nStints: 44
nMaxModes: 3
nStintCliques: 22

EmployeeInStintCost: [
17116 17116 17116 17116 17116 17116 17116 17116 17116 17116 17116 17116 17116 17116 17116 17116 17116 17116 17116 17116 17116 11812 11884 11884 11884 11884 11884 11884 11884 11884 11884 11884 11884 11884 11884 11884 11884 11884 11884 11884 11884 11884 11884 6804 
16972 16972 16972 16972 16972 16972 16972 16972 16972 16972 16972 16972 16972 16972 16972 16972 16972 16972 16972 16972 16972 11764 11740 11740 11740 11740 11740 11740 11740 11740 11740 11740 11740 11740 11740 11740 11740 11740 11740 11740 11740 11740 11740 6756 
19932 19932 19932 19932 19932 19932 19932 19932 19932 19932 19932 19932 19932 19932 19932 19932 19932 19932 19932 19932 19932 14580 12876 12876 12876 12876 12876 12876 12876 12876 12876 12876 12876 12876 12876 12876 12876 12876 12876 12876 12876 12876 12876 7748 
11840 11840 11840 11840 11840 11840 11840 11840 11840 11840 11840 11840 11840 11840 11840 11840 11840 11840 11840 11840 11840 6752 18984 18984 18984 18984 18984 18984 18984 18984 18984 18984 18984 18984 18984 18984 18984 18984 18984 18984 18984 18984 18984 14120 
15244 15244 15244 15244 15244 15244 15244 15244 15244 15244 15244 15244 15244 15244 15244 15244 15244 15244 15244 15244 15244 9892 13596 13596 13596 13596 13596 13596 13596 13596 13596 13596 13596 13596 13596 13596 13596 13596 13596 13596 13596 13596 13596 8468 
17060 17060 17060 17060 17060 17060 17060 17060 17060 17060 17060 17060 17060 17060 17060 17060 17060 17060 17060 17060 17060 12044 11300 11300 11300 11300 11300 11300 11300 11300 11300 11300 11300 11300 11300 11300 11300 11300 11300 11300 11300 11300 11300 6508 
14988 14988 14988 14988 14988 14988 14988 14988 14988 14988 14988 14988 14988 14988 14988 14988 14988 14988 14988 14988 14988 9636 13564 13564 13564 13564 13564 13564 13564 13564 13564 13564 13564 13564 13564 13564 13564 13564 13564 13564 13564 13564 13564 8436 
14884 14884 14884 14884 14884 14884 14884 14884 14884 14884 14884 14884 14884 14884 14884 14884 14884 14884 14884 14884 14884 9772 13236 13236 13236 13236 13236 13236 13236 13236 13236 13236 13236 13236 13236 13236 13236 13236 13236 13236 13236 13236 13236 8348 
18736 18736 18736 18736 18736 18736 18736 18736 18736 18736 18736 18736 18736 18736 18736 18736 18736 18736 18736 18736 18736 13600 12208 12208 12208 12208 12208 12208 12208 12208 12208 12208 12208 12208 12208 12208 12208 12208 12208 12208 12208 12208 12208 7296 
19536 19536 19536 19536 19536 19536 19536 19536 19536 19536 19536 19536 19536 19536 19536 19536 19536 19536 19536 19536 19536 14448 12480 12480 12480 12480 12480 12480 12480 12480 12480 12480 12480 12480 12480 12480 12480 12480 12480 12480 12480 12480 12480 7616 
16828 16828 16828 16828 16828 16828 16828 16828 16828 16828 16828 16828 16828 16828 16828 16828 16828 16828 16828 16828 16828 11716 11596 11596 11596 11596 11596 11596 11596 11596 11596 11596 11596 11596 11596 11596 11596 11596 11596 11596 11596 11596 11596 6708 
15232 15232 15232 15232 15232 15232 15232 15232 15232 15232 15232 15232 15232 15232 15232 15232 15232 15232 15232 15232 15232 10144 12592 12592 12592 12592 12592 12592 12592 12592 12592 12592 12592 12592 12592 12592 12592 12592 12592 12592 12592 12592 12592 7728 
17452 17452 17452 17452 17452 17452 17452 17452 17452 17452 17452 17452 17452 17452 17452 17452 17452 17452 17452 17452 17452 12196 12084 12084 12084 12084 12084 12084 12084 12084 12084 12084 12084 12084 12084 12084 12084 12084 12084 12084 12084 12084 12084 7052 
22016 22016 22016 22016 22016 22016 22016 22016 22016 22016 22016 22016 22016 22016 22016 22016 22016 22016 22016 22016 22016 16880 14664 14664 14664 14664 14664 14664 14664 14664 14664 14664 14664 14664 14664 14664 14664 14664 14664 14664 14664 14664 14664 9752 
13168 13168 13168 13168 13168 13168 13168 13168 13168 13168 13168 13168 13168 13168 13168 13168 13168 13168 13168 13168 13168 7984 15400 15400 15400 15400 15400 15400 15400 15400 15400 15400 15400 15400 15400 15400 15400 15400 15400 15400 15400 15400 15400 10440 
12440 12440 12440 12440 12440 12440 12440 12440 12440 12440 12440 12440 12440 12440 12440 12440 12440 12440 12440 12440 12440 7160 16176 16176 16176 16176 16176 16176 16176 16176 16176 16176 16176 16176 16176 16176 16176 16176 16176 16176 16176 16176 16176 11120 
17796 17796 17796 17796 17796 17796 17796 17796 17796 17796 17796 17796 17796 17796 17796 17796 17796 17796 17796 17796 17796 12828 3492 3492 3492 3492 3492 3492 3492 3492 3492 3492 3492 3492 3492 3492 3492 3492 3492 3492 3492 3492 3492 1164 
13132 13132 13132 13132 13132 13132 13132 13132 13132 13132 13132 13132 13132 13132 13132 13132 13132 13132 13132 13132 13132 7972 15364 15364 15364 15364 15364 15364 15364 15364 15364 15364 15364 15364 15364 15364 15364 15364 15364 15364 15364 15364 15364 10428 
18264 18264 18264 18264 18264 18264 18264 18264 18264 18264 18264 18264 18264 18264 18264 18264 18264 18264 18264 18264 18264 12984 3960 3960 3960 3960 3960 3960 3960 3960 3960 3960 3960 3960 3960 3960 3960 3960 3960 3960 3960 3960 3960 1320 
16416 16416 16416 16416 16416 16416 16416 16416 16416 16416 16416 16416 16416 16416 16416 16416 16416 16416 16416 16416 16416 11328 11272 11272 11272 11272 11272 11272 11272 11272 11272 11272 11272 11272 11272 11272 11272 11272 11272 11272 11272 11272 11272 6408 
20676 20676 20676 20676 20676 20676 20676 20676 20676 20676 20676 20676 20676 20676 20676 20676 20676 20676 20676 20676 20676 15372 13284 13284 13284 13284 13284 13284 13284 13284 13284 13284 13284 13284 13284 13284 13284 13284 13284 13284 13284 13284 13284 8204 
11768 11768 11768 11768 11768 11768 11768 11768 11768 11768 11768 11768 11768 11768 11768 11768 11768 11768 11768 11768 11768 6728 18912 18912 18912 18912 18912 18912 18912 18912 18912 18912 18912 18912 18912 18912 18912 18912 18912 18912 18912 18912 18912 14096 
12116 12116 12116 12116 12116 12116 12116 12116 12116 12116 12116 12116 12116 12116 12116 12116 12116 12116 12116 12116 12116 7052 15852 15852 15852 15852 15852 15852 15852 15852 15852 15852 15852 15852 15852 15852 15852 15852 15852 15852 15852 15852 15852 11012 
17504 17504 17504 17504 17504 17504 17504 17504 17504 17504 17504 17504 17504 17504 17504 17504 17504 17504 17504 17504 17504 12272 12544 12544 12544 12544 12544 12544 12544 12544 12544 12544 12544 12544 12544 12544 12544 12544 12544 12544 12544 12544 12544 7536 
16612 16612 16612 16612 16612 16612 16612 16612 16612 16612 16612 16612 16612 16612 16612 16612 16612 16612 16612 16612 16612 11644 11380 11380 11380 11380 11380 11380 11380 11380 11380 11380 11380 11380 11380 11380 11380 11380 11380 11380 11380 11380 11380 6636 
17152 17152 17152 17152 17152 17152 17152 17152 17152 17152 17152 17152 17152 17152 17152 17152 17152 17152 17152 17152 17152 11824 11920 11920 11920 11920 11920 11920 11920 11920 11920 11920 11920 11920 11920 11920 11920 11920 11920 11920 11920 11920 11920 6816 
15160 15160 15160 15160 15160 15160 15160 15160 15160 15160 15160 15160 15160 15160 15160 15160 15160 15160 15160 15160 15160 10120 12520 12520 12520 12520 12520 12520 12520 12520 12520 12520 12520 12520 12520 12520 12520 12520 12520 12520 12520 12520 12520 7704 
11416 11416 11416 11416 11416 11416 11416 11416 11416 11416 11416 11416 11416 11416 11416 11416 11416 11416 11416 11416 11416 6472 17808 17808 17808 17808 17808 17808 17808 17808 17808 17808 17808 17808 17808 17808 17808 17808 17808 17808 17808 17808 17808 13088 
22124 22124 22124 22124 22124 22124 22124 22124 22124 22124 22124 22124 22124 22124 22124 22124 22124 22124 22124 22124 22124 16916 14772 14772 14772 14772 14772 14772 14772 14772 14772 14772 14772 14772 14772 14772 14772 14772 14772 14772 14772 14772 14772 9788 
18412 18412 18412 18412 18412 18412 18412 18412 18412 18412 18412 18412 18412 18412 18412 18412 18412 18412 18412 18412 18412 13492 11884 11884 11884 11884 11884 11884 11884 11884 11884 11884 11884 11884 11884 11884 11884 11884 11884 11884 11884 11884 11884 7188 
]

ExternalWorkerWithSkillOnStintCost: [
15420 14670 13740 13470 15990 13500 14580 14700 13080 13230 15210 12480 12690 13440 15690 16140 17490 13320 12510 17850 12330 7956 12030 17400 17670 14460 17880 16380 17670 12720 15270 15990 17760 16800 15000 14520 13980 17520 16590 17490 16200 17100 15360 8802 
16140 16290 14400 17820 17460 17040 14400 16260 12120 17580 16350 15570 13590 17340 16890 16170 17370 17670 12600 15240 15090 7596 12180 16470 12450 13620 12840 14580 17070 14100 14340 17490 12660 17670 15960 12090 15960 16350 12840 13200 13980 14010 16770 10368 
]

OverlappingStints: [
[ 23 ]
[ 24 ]
[ 25 ]
[ 26 ]
[ 27 ]
[ 28 ]
[ 29 ]
[ 30 ]
[ 31 ]
[ 32 ]
[ 33 ]
[ 34 ]
[ 35 ]
[ 36 ]
[ 37 ]
[ 38 ]
[ 39 ]
[ 40 ]
[ 41 ]
[ 42 ]
[ 43 ]
[ 44 ]
[ ]
[ ]
[ ]
[ ]
[ ]
[ ]
[ ]
[ ]
[ ]
[ ]
[ ]
[ ]
[ ]
[ ]
[ ]
[ ]
[ ]
[ ]
[ ]
[ ]
[ ]
[ ]
]

EmployeesWithSkill: [
[ 1 2 3 4 5 6 7 8 9 10 11 12 13 14 15 16 17 18 19 20 21 22 23 24 25 26 27 28 29 30 ]
[ 7 17 26 ]
]

SkillDemandInActivityWithMode: [
0	0	0	
2	4	2	
1	3	1	
1	3	1	
2	4	2	
1	3	1	
1	3	1	
1	3	1	
2	4	2	
1	3	1	
2	4	2	
1	3	1	
1	3	1	
1	3	1	
1	3	1	
2	4	2	
1	3	1	
2	4	2	
2	4	2	
1	3	1	
1	3	1	
2	4	2	
2	4	2	
2	4	2	
2	4	2	
1	3	1	
1	3	1	
1	3	1	
2	4	2	
1	3	1	
1	3	1	
1	3	1	
1	3	1	
1	3	1	
2	4	2	
1	3	1	
2	4	2	
1	3	1	
1	3	1	
2	4	2	
1	3	1	
1	3	1	
1	3	1	
1	3	1	
2	4	2	
2	4	2	
0	0	0	
6	10	4	
9	15	6	
29	45	20	
29	45	20	
29	45	20	
29	45	20	
24	37	16	
12	19	8	
29	45	20	
29	45	20	
21	33	14	
16	25	11	
29	45	20	
29	45	20	
15	24	10	
9	15	6	
18	28	12	
29	45	20	
15	24	10	

0	0	0	
0	1	0	
0	1	0	
0	1	0	
0	1	0	
0	1	0	
0	1	0	
0	1	0	
0	1	0	
0	1	0	
0	1	0	
0	1	0	
0	1	0	
0	1	0	
0	1	0	
0	1	0	
0	1	0	
0	1	0	
0	1	0	
0	1	0	
0	1	0	
0	1	0	
0	1	0	
0	1	0	
0	1	0	
0	1	0	
0	1	0	
0	1	0	
0	1	0	
0	1	0	
0	1	0	
0	1	0	
0	1	0	
0	1	0	
0	1	0	
0	1	0	
0	1	0	
0	1	0	
0	1	0	
0	1	0	
0	1	0	
0	1	0	
0	1	0	
0	1	0	
0	1	0	
0	1	0	
0	0	0	
0	1	0	
0	1	0	
2	4	2	
2	4	2	
2	4	2	
2	4	2	
2	4	2	
1	3	1	
2	4	2	
2	4	2	
1	3	1	
1	3	1	
2	4	2	
2	4	2	
1	3	1	
0	1	0	
1	3	1	
2	4	2	
1	3	1	

]

EmployeeAvailability: [
1 1 1 1 1 1 1 1 0 1 1 1 1 1 1 1 1 1 0 1 1 1 1 1 1 1 1 1 1 1 0 1 1 1 1 1 1 1 1 1 0 1 1 1 
1 1 1 1 1 1 1 1 1 1 1 1 1 1 1 0 1 0 1 1 1 1 1 1 1 1 1 1 1 1 1 1 1 1 1 1 1 0 1 0 1 1 1 1 
1 1 1 1 1 1 1 1 1 1 1 1 1 1 1 1 1 1 1 1 1 1 1 1 1 1 1 1 1 1 1 1 1 1 1 1 1 1 1 1 1 1 1 1 
1 1 1 1 1 1 1 1 1 1 1 1 0 1 1 1 0 1 1 1 1 1 1 1 1 1 1 1 1 1 1 1 1 1 0 1 1 1 0 1 1 1 1 1 
1 1 1 0 1 1 0 1 1 1 1 1 1 1 1 1 1 1 1 1 1 1 1 1 1 0 1 1 0 1 1 1 1 1 1 1 1 1 1 1 1 1 1 1 
1 1 1 1 1 1 1 1 1 1 1 1 1 1 1 1 1 1 1 1 1 1 1 1 1 1 1 1 1 1 1 1 1 1 1 1 1 1 1 1 1 1 1 1 
1 1 1 1 1 1 1 1 1 1 1 1 1 1 1 1 1 1 1 1 1 1 1 1 1 1 1 1 1 1 1 1 1 1 1 1 1 1 1 1 1 1 1 1 
0 1 1 1 1 1 1 1 1 1 1 1 1 1 1 1 1 1 1 1 1 0 0 1 1 1 1 1 1 1 1 1 1 1 1 1 1 1 1 1 1 1 1 0 
1 1 1 0 1 1 1 1 1 1 1 1 1 1 1 1 1 0 1 1 1 1 1 1 1 0 1 1 1 1 1 1 1 1 1 1 1 1 1 0 1 1 1 1 
1 1 1 1 1 1 1 1 1 1 1 1 1 1 1 1 1 1 1 1 1 1 1 1 1 1 1 1 1 1 1 1 1 1 1 1 1 1 1 1 1 1 1 1 
1 1 1 1 1 1 1 1 1 1 1 1 1 1 1 1 1 1 1 1 1 1 1 1 1 1 1 1 1 1 1 1 1 1 1 1 1 1 1 1 1 1 1 1 
1 1 1 1 1 1 1 1 1 1 1 1 1 1 1 1 0 1 1 1 1 1 1 1 1 1 1 1 1 1 1 1 1 1 1 1 1 1 0 1 1 1 1 1 
1 1 1 1 1 1 1 1 1 1 1 1 1 1 1 0 1 1 1 1 1 1 1 1 1 1 1 1 1 1 1 1 1 1 1 1 1 0 1 1 1 1 1 1 
1 1 1 1 1 1 1 1 1 1 1 0 1 1 1 1 1 1 0 1 1 1 1 1 1 1 1 1 1 1 1 1 1 0 1 1 1 1 1 1 0 1 1 1 
1 1 1 1 1 1 1 1 1 1 1 1 1 1 1 1 1 1 1 1 1 1 1 1 1 1 1 1 1 1 1 1 1 1 1 1 1 1 1 1 1 1 1 1 
1 1 1 1 1 1 1 1 1 1 1 1 1 1 1 1 1 0 1 1 1 0 1 1 1 1 1 1 1 1 1 1 1 1 1 1 1 1 1 0 1 1 1 0 
1 1 1 1 1 1 1 1 1 1 1 1 1 1 1 1 1 1 1 1 1 1 1 1 1 1 1 1 1 1 1 1 1 1 1 1 1 1 1 1 1 1 1 1 
1 1 1 1 1 1 1 1 1 1 1 1 1 1 1 1 1 1 1 1 1 1 1 1 1 1 1 1 1 1 1 1 1 1 1 1 1 1 1 1 1 1 1 1 
0 1 1 1 1 1 1 0 1 1 1 1 1 1 1 1 1 1 1 1 1 1 0 1 1 1 1 1 1 0 1 1 1 1 1 1 1 1 1 1 1 1 1 1 
1 1 1 1 1 1 1 1 1 1 1 1 1 1 0 1 1 1 1 1 1 1 1 1 1 1 1 1 1 1 1 1 1 1 1 1 0 1 1 1 1 1 1 1 
1 1 1 1 1 0 1 1 1 1 1 1 1 1 1 1 1 1 1 1 0 1 1 1 1 1 1 0 1 1 1 1 1 1 1 1 1 1 1 1 1 1 0 1 
1 1 1 1 1 1 1 1 1 1 1 1 1 1 0 1 1 1 1 1 1 1 1 1 1 1 1 1 1 1 1 1 1 1 1 1 0 1 1 1 1 1 1 1 
1 1 1 1 1 1 1 1 1 1 1 1 1 1 1 1 1 1 1 1 1 1 1 1 1 1 1 1 1 1 1 1 1 1 1 1 1 1 1 1 1 1 1 1 
1 1 1 1 1 1 1 1 1 1 1 1 1 1 1 1 1 1 1 1 1 1 1 1 1 1 1 1 1 1 1 1 1 1 1 1 1 1 1 1 1 1 1 1 
1 1 1 1 1 1 1 1 1 1 1 1 1 1 1 1 1 1 1 1 1 1 1 1 1 1 1 1 1 1 1 1 1 1 1 1 1 1 1 1 1 1 1 1 
1 1 1 1 1 0 1 1 1 1 1 1 1 1 1 1 1 1 0 1 1 1 1 1 1 1 1 0 1 1 1 1 1 1 1 1 1 1 1 1 0 1 1 1 
1 1 1 1 1 1 1 1 1 1 1 1 1 1 1 1 1 1 1 1 1 1 1 1 1 1 1 1 1 1 1 1 1 1 1 1 1 1 1 1 1 1 1 1 
1 1 1 1 1 1 1 1 1 1 1 1 1 1 1 1 1 1 1 1 1 1 1 1 1 1 1 1 1 1 1 1 1 1 1 1 1 1 1 1 1 1 1 1 
1 1 1 1 1 1 1 1 1 1 1 1 1 1 1 1 1 1 1 1 1 1 1 1 1 1 1 1 1 1 1 1 1 1 1 1 1 1 1 1 1 1 1 1 
1 1 1 1 1 1 1 1 1 0 0 1 1 1 1 0 1 1 1 1 1 1 1 1 1 1 1 1 1 1 1 0 0 1 1 1 1 0 1 1 1 1 1 1 
]

EmployeeWantedInStint: [ (1 5) 1 (1 21) 1 (1 30) 1 (2 11) 1 (3 10) 1 (3 19) 1 (3 24) 1 (3 39) 1 (4 3) 1 (5 9) 1 (6 36) 1 (8 12) 1 (9 5) 1 (9 35) 1 (10 35) 1 (11 28) 1 (14 1) 1 (14 13) 1 (16 14) 1 (17 43) 1 (21 25) 1 (22 17) 1 (22 41) 1 (25 24) 1 (26 7) 1 (28 28) 1 (29 29) 1 (30 42) 1 ]

EmployeeWantedViolationCost: [ (1 5) 11000 (1 21) 5000 (1 30) 14000 (2 11) 10000 (3 10) 7000 (3 19) 11000 (3 24) 11000 (3 39) 8000 (4 3) 15000 (5 9) 7000 (6 36) 14000 (8 12) 5000 (9 5) 11000 (9 35) 11000 (10 35) 11000 (11 28) 5000 (14 1) 6000 (14 13) 9000 (16 14) 14000 (17 43) 12000 (21 25) 12000 (22 17) 5000 (22 41) 10000 (25 24) 12000 (26 7) 11000 (28 28) 12000 (29 29) 6000 (30 42) 12000 ]

EmployeesThatShouldNotWorkTogetherWithEmployee: [
[ 4 6 10 ]
[ 3 20 ]
[ ]
[ 25 ]
[ 28 ]
[ 7 22 ]
[ 10 20 30 ]
[ 21 ]
[ 10 13 14 ]
[ ]
[ 14 22 27 ]
[ 27 29 ]
[ 14 ]
[ ]
[ ]
[ ]
[ ]
[ 24 ]
[ ]
[ ]
[ ]
[ ]
[ ]
[ ]
[ ]
[ ]
[ ]
[ ]
[ ]
[ ]
]

ShouldNotWorkTogetherCost: [ (1 4) 297 (1 6) 99 (1 10) 297 (2 3) 99 (2 20) 396 (4 25) 297 (5 28) 198 (6 7) 99 (6 22) 297 (7 10) 99 (7 20) 396 (7 30) 198 (8 21) 297 (9 10) 198 (9 13) 297 (9 14) 99 (11 14) 396 (11 22) 297 (11 27) 396 (12 27) 396 (12 29) 297 (13 14) 297 (18 24) 297 ]

ImmediatePredecessorsToActivity: [
[ ]
[ 1 ]
[ 1 ]
[ 3 ]
[ 1 ]
[ 4 5 ]
[ 2 4 ]
[ 1 ]
[ 2 6 ]
[ 8 ]
[ 10 ]
[ 2 ]
[ 2 6 ]
[ 3 9 11 12 ]
[ 3 12 ]
[ 3 8 9 ]
[ 8 ]
[ 4 5 10 ]
[ 5 13 16 ]
[ 2 ]
[ 2 ]
[ 11 16 ]
[ 10 17 ]
[ 5 ]
[ 5 12 16 23 ]
[ 1 ]
[ 9 12 23 ]
[ 11 17 ]
[ 2 6 11 18 ]
[ 11 12 20 23 24 ]
[ 2 17 18 ]
[ 11 18 ]
[ 24 ]
[ 9 12 13 23 ]
[ 2 5 26 ]
[ 3 29 ]
[ 8 13 35 ]
[ 17 26 ]
[ 17 29 ]
[ 4 14 20 23 24 ]
[ 2 24 ]
[ 6 12 ]
[ 6 18 41 ]
[ 11 12 20 38 41 ]
[ 13 14 16 23 29 ]
[ 10 14 29 41 ]
[ ]
[ 47 ]
[ 47 ]
[ 48 ]
[ 50 ]
[ 49 ]
[ 47 ]
[ 48 53 ]
[ 47 ]
[ 52 55 ]
[ 49 ]
[ 48 49 53 55 ]
[ 52 53 ]
[ 50 52 ]
[ 57 59 ]
[ 55 ]
[ 55 ]
[ 56 57 ]
[ 54 64 ]
[ 53 56 57 ]
]

ActivitiesInProject: [
[ 1 2 3 4 5 6 7 8 9 10 11 12 13 14 15 16 17 18 19 20 21 22 23 24 25 26 27 28 29 30 31 32 33 34 35 36 37 38 39 40 41 42 43 44 45 46 ]
[ 47 48 49 50 51 52 53 54 55 56 57 58 59 60 61 62 63 64 65 66 ]
]

nActivityModes: [ 3 3 3 3 3 3 3 3 3 3 3 3 3 3 3 3 3 3 3 3 3 3 3 3 3 3 3 3 3 3 3 3 3 3 3 3 3 3 3 3 3 3 3 3 3 3 3 3 3 3 3 3 3 3 3 3 3 3 3 3 3 3 3 3 3 3 ]

ActivityDurationWithMode: [
1	1	1	
12	8	16	
29	20	39	
15	10	20	
10	7	14	
15	10	20	
43	29	58	
38	26	51	
12	8	16	
18	12	24	
13	9	18	
16	11	22	
22	15	30	
13	9	18	
63	42	84	
12	8	16	
18	12	24	
11	8	15	
10	7	14	
44	30	59	
78	52	104	
10	7	14	
10	7	14	
12	8	16	
12	8	16	
33	22	44	
22	15	30	
13	9	18	
10	7	14	
18	12	24	
18	12	24	
20	14	27	
73	49	98	
15	10	20	
10	7	14	
13	9	18	
11	8	15	
17	12	23	
15	10	20	
10	7	14	
55	37	74	
30	20	40	
18	12	24	
15	10	20	
10	7	14	
10	7	14	
1	1	1	
28	19	38	
16	11	22	
5	4	7	
5	4	7	
5	4	7	
5	4	7	
6	4	8	
12	8	16	
5	4	7	
5	4	7	
7	5	10	
9	6	12	
5	4	7	
5	4	7	
10	7	14	
16	11	22	
8	6	11	
5	4	7	
10	7	14	
]

StintsInProject: [
[ 1 2 3 4 5 6 7 8 9 10 11 12 13 14 15 16 17 18 19 20 21 22 ]
[ 23 24 25 26 27 28 29 30 31 32 33 34 35 36 37 38 39 40 41 42 43 44 ]
]

WorkingStintsOnDay: [
[ 1 23 ]
[ 1 23 ]
[ 1 23 ]
[ 1 23 ]
[ 1 23 ]
[ ]
[ ]
[ 2 24 ]
[ 2 24 ]
[ 2 24 ]
[ 2 24 ]
[ 2 24 ]
[ ]
[ ]
[ 3 25 ]
[ 3 25 ]
[ 3 25 ]
[ 3 25 ]
[ 3 25 ]
[ ]
[ ]
[ 4 26 ]
[ 4 26 ]
[ 4 26 ]
[ 4 26 ]
[ 4 26 ]
[ ]
[ ]
[ 5 27 ]
[ 5 27 ]
[ 5 27 ]
[ 5 27 ]
[ 5 27 ]
[ ]
[ ]
[ 6 28 ]
[ 6 28 ]
[ 6 28 ]
[ 6 28 ]
[ 6 28 ]
[ ]
[ ]
[ 7 29 ]
[ 7 29 ]
[ 7 29 ]
[ 7 29 ]
[ 7 29 ]
[ ]
[ ]
[ 8 30 ]
[ 8 30 ]
[ 8 30 ]
[ 8 30 ]
[ 8 30 ]
[ ]
[ ]
[ 9 31 ]
[ 9 31 ]
[ 9 31 ]
[ 9 31 ]
[ 9 31 ]
[ ]
[ ]
[ 10 32 ]
[ 10 32 ]
[ 10 32 ]
[ 10 32 ]
[ 10 32 ]
[ ]
[ ]
[ 11 33 ]
[ 11 33 ]
[ 11 33 ]
[ 11 33 ]
[ 11 33 ]
[ ]
[ ]
[ 12 34 ]
[ 12 34 ]
[ 12 34 ]
[ 12 34 ]
[ 12 34 ]
[ ]
[ ]
[ 13 35 ]
[ 13 35 ]
[ 13 35 ]
[ 13 35 ]
[ 13 35 ]
[ ]
[ ]
[ 14 36 ]
[ 14 36 ]
[ 14 36 ]
[ 14 36 ]
[ 14 36 ]
[ ]
[ ]
[ 15 37 ]
[ 15 37 ]
[ 15 37 ]
[ 15 37 ]
[ 15 37 ]
[ ]
[ ]
[ 16 38 ]
[ 16 38 ]
[ 16 38 ]
[ 16 38 ]
[ 16 38 ]
[ ]
[ ]
[ 17 39 ]
[ 17 39 ]
[ 17 39 ]
[ 17 39 ]
[ 17 39 ]
[ ]
[ ]
[ 18 40 ]
[ 18 40 ]
[ 18 40 ]
[ 18 40 ]
[ 18 40 ]
[ ]
[ ]
[ 19 41 ]
[ 19 41 ]
[ 19 41 ]
[ 19 41 ]
[ 19 41 ]
[ ]
[ ]
[ 20 42 ]
[ 20 42 ]
[ 20 42 ]
[ 20 42 ]
[ 20 42 ]
[ ]
[ ]
[ 21 43 ]
[ 21 43 ]
[ 21 43 ]
[ 21 43 ]
[ 21 43 ]
[ ]
[ ]
[ 22 44 ]
[ 22 44 ]
[ 22 44 ]
]

ProjectStart: [ 9 49 ]

ProjectEnd: [ 143 106 ]

EarliestStartDayForActivity: [ 1 9 9 48 9 69 69 9 90 61 87 25 90 108 48 108 61 87 124 25 25 124 87 23 124 9 108 104 104 104 102 104 39 122 54 118 122 87 118 125 39 90 116 116 125 125 1 49 49 88 95 72 49 88 49 79 72 88 79 95 90 66 66 86 96 86 ]

LatestStartDayForActivity: [ 1 143 143 143 143 143 143 143 143 143 143 143 143 143 143 143 143 143 143 143 143 143 143 143 143 143 143 143 143 143 143 143 143 143 143 143 143 143 143 143 143 143 143 143 143 143 1 106 106 106 106 106 106 106 106 106 106 106 106 106 106 106 106 106 106 106 ]

EquipmentTypeDemandInActivityWithMode: [
0	0	0	
1	3	1	
1	3	1	
1	3	1	
0	1	0	
0	1	0	
2	4	2	
0	1	0	
4	7	3	
2	4	2	
0	1	0	
1	3	1	
1	3	1	
1	3	1	
0	1	0	
0	1	0	
3	6	2	
0	1	0	
0	1	0	
0	1	0	
3	6	2	
0	1	0	
3	6	2	
1	3	1	
0	1	0	
0	1	0	
1	3	1	
2	4	2	
1	3	1	
0	1	0	
0	1	0	
1	3	1	
3	6	2	
1	3	1	
1	3	1	
1	3	1	
2	4	2	
1	3	1	
0	1	0	
2	4	2	
1	3	1	
1	3	1	
0	1	0	
0	1	0	
1	3	1	
0	1	0	
0	0	0	
3	6	2	
1	3	1	
3	6	2	
2	4	2	
2	4	2	
3	6	2	
1	3	1	
2	4	2	
2	4	2	
1	3	1	
1	3	1	
3	6	2	
1	3	1	
1	3	1	
2	4	2	
0	1	0	
0	1	0	
1	3	1	
0	1	0	

0	0	0	
3	6	2	
0	1	0	
1	3	1	
0	1	0	
2	4	2	
1	3	1	
1	3	1	
1	3	1	
1	3	1	
1	3	1	
0	1	0	
0	1	0	
2	4	2	
1	3	1	
1	3	1	
0	1	0	
1	3	1	
0	1	0	
2	4	2	
0	1	0	
1	3	1	
0	1	0	
0	1	0	
1	3	1	
1	3	1	
1	3	1	
1	3	1	
2	4	2	
2	4	2	
2	4	2	
2	4	2	
2	4	2	
2	4	2	
3	6	2	
2	4	2	
1	3	1	
0	1	0	
1	3	1	
1	3	1	
1	3	1	
2	4	2	
2	4	2	
2	4	2	
1	3	1	
0	1	0	
0	0	0	
0	1	0	
0	1	0	
0	1	0	
2	4	2	
1	3	1	
2	4	2	
2	4	2	
3	6	2	
1	3	1	
3	6	2	
2	4	2	
0	1	0	
1	3	1	
2	4	2	
0	1	0	
2	4	2	
3	6	2	
1	3	1	
0	1	0	

0	0	0	
3	6	2	
0	1	0	
0	1	0	
2	4	2	
1	3	1	
0	1	0	
1	3	1	
1	3	1	
2	4	2	
3	6	2	
0	1	0	
1	3	1	
1	3	1	
3	6	2	
2	4	2	
0	1	0	
2	4	2	
2	4	2	
2	4	2	
1	3	1	
4	7	3	
1	3	1	
0	1	0	
0	1	0	
2	4	2	
2	4	2	
2	4	2	
2	4	2	
1	3	1	
2	4	2	
0	1	0	
2	4	2	
1	3	1	
1	3	1	
2	4	2	
2	4	2	
1	3	1	
0	1	0	
2	4	2	
0	1	0	
1	3	1	
0	1	0	
1	3	1	
1	3	1	
1	3	1	
0	0	0	
1	3	1	
1	3	1	
1	3	1	
1	3	1	
3	6	2	
3	6	2	
1	3	1	
0	1	0	
2	4	2	
0	1	0	
1	3	1	
3	6	2	
0	1	0	
0	1	0	
2	4	2	
0	1	0	
1	3	1	
2	4	2	
2	4	2	

0	0	0	
0	1	0	
0	1	0	
0	1	0	
1	3	1	
3	6	2	
1	3	1	
0	1	0	
0	1	0	
0	1	0	
1	3	1	
2	4	2	
0	1	0	
0	1	0	
1	3	1	
2	4	2	
0	1	0	
2	4	2	
0	1	0	
1	3	1	
0	1	0	
0	1	0	
0	1	0	
0	1	0	
0	1	0	
1	3	1	
0	1	0	
0	1	0	
0	1	0	
1	3	1	
1	3	1	
0	1	0	
1	3	1	
2	4	2	
0	1	0	
1	3	1	
1	3	1	
1	3	1	
1	3	1	
0	1	0	
1	3	1	
1	3	1	
0	1	0	
2	4	2	
1	3	1	
0	1	0	
0	0	0	
1	3	1	
2	4	2	
2	4	2	
0	1	0	
0	1	0	
0	1	0	
1	3	1	
0	1	0	
0	1	0	
1	3	1	
0	1	0	
1	3	1	
0	1	0	
1	3	1	
0	1	0	
1	3	1	
1	3	1	
1	3	1	
2	4	2	

0	0	0	
2	4	2	
0	1	0	
0	1	0	
3	6	2	
2	4	2	
2	4	2	
2	4	2	
1	3	1	
0	1	0	
0	1	0	
0	1	0	
0	1	0	
2	4	2	
2	4	2	
2	4	2	
4	7	3	
0	1	0	
1	3	1	
1	3	1	
1	3	1	
2	4	2	
1	3	1	
0	1	0	
2	4	2	
1	3	1	
1	3	1	
2	4	2	
0	1	0	
3	6	2	
1	3	1	
1	3	1	
2	4	2	
0	1	0	
2	4	2	
0	1	0	
1	3	1	
1	3	1	
0	1	0	
2	4	2	
2	4	2	
3	6	2	
1	3	1	
0	1	0	
0	1	0	
2	4	2	
0	0	0	
0	1	0	
0	1	0	
1	3	1	
1	3	1	
0	1	0	
2	4	2	
2	4	2	
2	4	2	
2	4	2	
3	6	2	
0	1	0	
0	1	0	
1	3	1	
1	3	1	
0	1	0	
1	3	1	
0	1	0	
2	4	2	
0	1	0	

0	0	0	
2	4	2	
0	1	0	
2	4	2	
0	1	0	
0	1	0	
1	3	1	
2	4	2	
3	6	2	
1	3	1	
0	1	0	
2	4	2	
1	3	1	
1	3	1	
1	3	1	
2	4	2	
2	4	2	
2	4	2	
2	4	2	
0	1	0	
1	3	1	
1	3	1	
1	3	1	
0	1	0	
1	3	1	
0	1	0	
1	3	1	
2	4	2	
1	3	1	
1	3	1	
0	1	0	
0	1	0	
2	4	2	
2	4	2	
1	3	1	
2	4	2	
1	3	1	
1	3	1	
3	6	2	
0	1	0	
0	1	0	
1	3	1	
1	3	1	
1	3	1	
0	1	0	
0	1	0	
0	0	0	
2	4	2	
1	3	1	
0	1	0	
0	1	0	
0	1	0	
3	6	2	
0	1	0	
1	3	1	
0	1	0	
0	1	0	
2	4	2	
1	3	1	
1	3	1	
2	4	2	
0	1	0	
0	1	0	
0	1	0	
1	3	1	
2	4	2	

0	0	0	
0	1	0	
2	4	2	
0	1	0	
1	3	1	
0	1	0	
0	1	0	
0	1	0	
0	1	0	
1	3	1	
1	3	1	
0	1	0	
2	4	2	
0	1	0	
1	3	1	
1	3	1	
0	1	0	
2	4	2	
2	4	2	
1	3	1	
3	6	2	
1	3	1	
2	4	2	
1	3	1	
1	3	1	
0	1	0	
0	1	0	
1	3	1	
0	1	0	
0	1	0	
0	1	0	
0	1	0	
0	1	0	
0	1	0	
0	1	0	
0	1	0	
0	1	0	
1	3	1	
0	1	0	
0	1	0	
0	1	0	
0	1	0	
0	1	0	
2	4	2	
1	3	1	
1	3	1	
0	0	0	
2	4	2	
0	1	0	
2	4	2	
1	3	1	
0	1	0	
0	1	0	
0	1	0	
0	1	0	
0	1	0	
1	3	1	
0	1	0	
1	3	1	
0	1	0	
0	1	0	
0	1	0	
0	1	0	
0	1	0	
0	1	0	
1	3	1	

]

ExternalEquipmentRentingCost: [
1663	3657	3443	4403	1223	1621	5255	5730	4227	1316	4761	3145	5648	5157	4119	4507	3162	4715	2730	1379	5649	5887	2048	1000	2103	5226	1997	2260	4400	5415	5577	2601	3643	3098	2065	3158	2022	1160	1127	2437	1214	5544	1671	5909	5997	1109	4458	5470	1345	2765	2544	4272	1851	5043	4524	5272	4274	1886	5297	1494	1608	3391	1185	5149	3601	5142	
4615	5875	4683	5608	1772	1123	5566	3076	3097	3181	2167	3851	5418	1395	5900	1352	1801	5789	3666	4173	1533	3844	2948	1113	3140	4921	3589	3921	3004	4096	5219	5071	5632	5666	4298	3682	1434	1089	1907	2781	2962	5343	3677	5844	1699	2661	5702	2301	1820	3911	3648	3715	4490	4041	4622	5451	4693	5518	4537	4069	1262	2214	2553	5379	4762	3154	
2250	5624	1994	5488	5581	4701	4407	3703	1779	3585	4536	3354	4579	3834	5098	1225	5443	4420	2706	1433	1626	2987	1617	5907	1528	5323	1106	4135	4940	5625	3824	5048	5447	2827	2623	3658	4065	5529	2761	1036	3451	2903	2864	4629	2670	1846	4834	4425	2691	5287	2926	2094	5746	4852	3210	4062	1628	2271	4689	1597	5099	3325	2441	5023	4354	3267	
1252	4634	1982	1235	3718	4388	3665	4585	3992	5858	1842	4485	2446	2630	1858	2759	4220	3752	1974	2299	4899	4999	1141	2790	3419	2376	2150	3281	3303	3815	3582	4854	2218	4405	5140	3928	3794	5101	2686	1134	2278	3049	5872	2452	4648	2602	4329	2861	5122	1463	1181	2805	3546	2528	2882	3786	1110	4449	4254	5095	4148	1064	2496	5211	1626	3369	
3969	2099	1089	1301	1204	5355	4272	5231	4407	1656	5855	4532	2649	2497	4743	5078	1596	4428	5425	3944	4283	2588	1658	5559	5630	1593	1885	3280	3069	5684	2798	4795	5859	5246	4982	4193	2497	3362	5643	1874	5736	3457	3476	1582	2105	4196	1545	3083	2892	5980	5446	5510	2326	1143	5791	5926	2598	2432	5634	5486	3835	2467	3066	4132	1585	4496	
5356	3321	2610	3298	3474	1813	2490	4213	5125	3278	2088	2533	1461	1590	5967	4592	5166	4180	5739	2180	1013	3933	1274	1104	5369	4990	3905	3892	5449	3711	2777	5770	3887	2056	5121	5651	2684	2222	1635	1527	4259	4145	4628	5031	3095	3966	5432	5597	2482	3873	1315	4874	4989	4981	2225	4543	5747	4510	2321	1910	2457	1505	5237	2270	5484	1693	
4607	2347	3068	4460	3798	3561	1223	2581	1205	3761	4150	3930	4551	1752	5200	4320	3571	4288	4682	4070	3993	5332	1279	4271	2827	5688	3760	2618	1635	1485	4742	1939	3859	2138	2009	2316	1438	2933	4922	4339	4337	1345	5832	2254	1391	1715	3489	4898	2954	1105	5203	4603	2955	5591	5463	5908	2591	4621	4505	5096	1711	2732	5890	1579	5961	3771	
]

EquipmentTypeTransportationCost: [
1	4121	
4121	1	

1	4701	
4701	1	

1	4648	
4648	1	

1	5087	
5087	1	

1	4543	
4543	1	

1	4957	
4957	1	

1	4638	
4638	1	

]

TransportationTimeForEquipmentTypeBetweenProjects: [
1	3	
3	1	

1	3	
3	1	

1	3	
3	1	

1	3	
3	1	

1	3	
3	1	

1	3	
3	1	

1	3	
3	1	

]

TotalNumberOfInitialEquipmentTypeLocation: [
(1 1) 6 (1 47) 4 
(2 1) 5 (2 47) 6 
(3 1) 3 (3 47) 6 
(4 1) 1 (4 47) 3 
(5 1) 6 (5 47) 2 
(6 1) 3 (6 47) 2 
(7 1) 1 (7 47) 2 
]

DepotActivities: [ 1 47 ]

MaximalStintCliques: [
[ 1 23 ]
[ 2 24 ]
[ 3 25 ]
[ 4 26 ]
[ 5 27 ]
[ 6 28 ]
[ 7 29 ]
[ 8 30 ]
[ 9 31 ]
[ 10 32 ]
[ 11 33 ]
[ 12 34 ]
[ 13 35 ]
[ 14 36 ]
[ 15 37 ]
[ 16 38 ]
[ 17 39 ]
[ 18 40 ]
[ 19 41 ]
[ 20 42 ]
[ 21 43 ]
[ 22 44 ]
]
