nEmployees: 30
nSkills: 2
nProjects: 2
nDays: 180
nActivities: 103
nEquipmentTypes: 3
nStints: 26
nMaxModes: 1
nStintCliques: 12

EmployeeInStintCost: [
35414 35414 35414 35414 35414 35414 35414 35414 35414 35414 35414 34130 23086 32540 32540 32540 32540 32540 32540 32540 32540 32540 32540 32540 32540 26762 
33602 33602 33602 33602 33602 33602 33602 33602 33602 33602 33602 32438 22234 38228 38228 38228 38228 38228 38228 38228 38228 38228 38228 38228 38228 32990 
32400 32400 32400 32400 32400 32400 32400 32400 32400 32400 32400 31248 21128 37060 37060 37060 37060 37060 37060 37060 37060 37060 37060 37060 37060 31876 
37892 37892 37892 37892 37892 37892 37892 37892 37892 37892 37892 36620 25660 30068 30068 30068 30068 30068 30068 30068 30068 30068 30068 30068 30068 24344 
34476 34476 34476 34476 34476 34476 34476 34476 34476 34476 34476 33252 22628 31972 31972 31972 31972 31972 31972 31972 31972 31972 31972 31972 31972 26464 
37610 37610 37610 37610 37610 37610 37610 37610 37610 37610 37610 36446 26242 27660 27660 27660 27660 27660 27660 27660 27660 27660 27660 27660 27660 22422 
37406 37406 37406 37406 37406 37406 37406 37406 37406 37406 37406 36170 25462 29708 29708 29708 29708 29708 29708 29708 29708 29708 29708 29708 29708 24146 
36258 36258 36258 36258 36258 36258 36258 36258 36258 36258 36258 34902 23354 33292 33292 33292 33292 33292 33292 33292 33292 33292 33292 33292 33292 27190 
34668 34668 34668 34668 34668 34668 34668 34668 34668 34668 34668 33348 22052 38740 38740 38740 38740 38740 38740 38740 38740 38740 38740 38740 38740 32800 
41278 41278 41278 41278 41278 41278 41278 41278 41278 41278 41278 39946 28566 18360 18360 18360 18360 18360 18360 18360 18360 18360 18360 18360 18360 12366 
33858 33858 33858 33858 33858 33858 33858 33858 33858 33858 33858 32598 21722 38140 38140 38140 38140 38140 38140 38140 38140 38140 38140 38140 38140 32470 
37892 37892 37892 37892 37892 37892 37892 37892 37892 37892 37892 36620 25660 30068 30068 30068 30068 30068 30068 30068 30068 30068 30068 30068 30068 24344 
34366 34366 34366 34366 34366 34366 34366 34366 34366 34366 34366 33082 22038 33468 33468 33468 33468 33468 33468 33468 33468 33468 33468 33468 33468 27690 
15714 15714 15714 15714 15714 15714 15714 15714 15714 15714 15714 14550 6402 34732 34732 34732 34732 34732 34732 34732 34732 34732 34732 34732 34732 29494 
35414 35414 35414 35414 35414 35414 35414 35414 35414 35414 35414 34130 23086 32540 32540 32540 32540 32540 32540 32540 32540 32540 32540 32540 32540 26762 
40954 40954 40954 40954 40954 40954 40954 40954 40954 40954 40954 39646 28434 18120 18120 18120 18120 18120 18120 18120 18120 18120 18120 18120 18120 12234 
35870 35870 35870 35870 35870 35870 35870 35870 35870 35870 35870 34538 23158 39908 39908 39908 39908 39908 39908 39908 39908 39908 39908 39908 39908 33914 
35186 35186 35186 35186 35186 35186 35186 35186 35186 35186 35186 34022 23818 29764 29764 29764 29764 29764 29764 29764 29764 29764 29764 29764 29764 24526 
35186 35186 35186 35186 35186 35186 35186 35186 35186 35186 35186 34022 23818 29764 29764 29764 29764 29764 29764 29764 29764 29764 29764 29764 29764 24526 
41602 41602 41602 41602 41602 41602 41602 41602 41602 41602 41602 40246 28698 18600 18600 18600 18600 18600 18600 18600 18600 18600 18600 18600 18600 12498 
38524 38524 38524 38524 38524 38524 38524 38524 38524 38524 38524 37396 27444 16320 16320 16320 16320 16320 16320 16320 16320 16320 16320 16320 16320 11244 
39178 39178 39178 39178 39178 39178 39178 39178 39178 39178 39178 38062 28194 16440 16440 16440 16440 16440 16440 16440 16440 16440 16440 16440 16440 11418 
43928 43928 43928 43928 43928 43928 43928 43928 43928 43928 43928 42632 31504 28444 28444 28444 28444 28444 28444 28444 28444 28444 28444 28444 28444 22612 
34280 34280 34280 34280 34280 34280 34280 34280 34280 34280 34280 33080 22624 31700 31700 31700 31700 31700 31700 31700 31700 31700 31700 31700 31700 26300 
40954 40954 40954 40954 40954 40954 40954 40954 40954 40954 40954 39646 28434 18120 18120 18120 18120 18120 18120 18120 18120 18120 18120 18120 18120 12234 
43766 43766 43766 43766 43766 43766 43766 43766 43766 43766 43766 42482 31438 28324 28324 28324 28324 28324 28324 28324 28324 28324 28324 28324 28324 22546 
33602 33602 33602 33602 33602 33602 33602 33602 33602 33602 33602 32438 22234 38228 38228 38228 38228 38228 38228 38228 38228 38228 38228 38228 38228 32990 
42094 42094 42094 42094 42094 42094 42094 42094 42094 42094 42094 40762 29382 18600 18600 18600 18600 18600 18600 18600 18600 18600 18600 18600 18600 12606 
34182 34182 34182 34182 34182 34182 34182 34182 34182 34182 34182 32898 21854 38380 38380 38380 38380 38380 38380 38380 38380 38380 38380 38380 38380 32602 
39496 39496 39496 39496 39496 39496 39496 39496 39496 39496 39496 38296 27840 17040 17040 17040 17040 17040 17040 17040 17040 17040 17040 17040 17040 11640 
]

ExternalWorkerWithSkillOnStintCost: [
43260 36456 42252 37464 49812 48552 36288 40320 48048 34608 36792 47964 37296 32328 37008 31896 40680 38304 32040 40320 36144 41616 35280 30384 30168 33048 
43512 44100 37548 34440 38220 42000 48132 46032 47124 43596 37800 46872 35784 37008 34344 35352 31248 40464 42840 32616 38376 33120 33768 38880 33840 29376 
]

OverlappingStints: [
[ 2 14 15 ]
[ 3 14 15 16 ]
[ 4 15 16 17 ]
[ 5 16 17 18 ]
[ 6 17 18 19 ]
[ 7 18 19 20 ]
[ 8 19 20 21 ]
[ 9 20 21 22 ]
[ 10 21 22 23 ]
[ 11 22 23 24 ]
[ 12 23 24 25 ]
[ 13 24 25 26 ]
[ 25 26 ]
[ 15 ]
[ 16 ]
[ 17 ]
[ 18 ]
[ 19 ]
[ 20 ]
[ 21 ]
[ 22 ]
[ 23 ]
[ 24 ]
[ 25 ]
[ 26 ]
[ ]
]

EmployeesWithSkill: [
[ 1 2 3 4 5 6 7 8 9 10 11 12 13 14 15 16 17 18 19 20 21 22 23 24 25 26 27 28 29 30 ]
[ 3 25 ]
]

SkillDemandInActivityWithMode: [
0	
1	
1	
1	
2	
2	
4	
1	
2	
3	
3	
2	
3	
2	
3	
1	
3	
1	
1	
3	
1	
4	
2	
1	
2	
3	
3	
1	
3	
2	
3	
3	
4	
3	
1	
1	
2	
1	
3	
2	
2	
4	
4	
4	
4	
2	
2	
0	
1	
2	
2	
2	
1	
1	
1	
3	
2	
2	
1	
1	
2	
3	
3	
2	
2	
3	
2	
3	
1	
2	
1	
2	
1	
1	
3	
1	
1	
2	
1	
2	
3	
2	
2	
1	
1	
2	
1	
1	
2	
1	
2	
2	
2	
2	
3	
2	
2	
2	
2	
2	
2	
2	
2	

0	
0	
0	
0	
0	
0	
0	
0	
0	
0	
0	
0	
0	
0	
0	
0	
0	
0	
0	
0	
0	
0	
0	
0	
0	
0	
0	
0	
0	
0	
0	
0	
0	
0	
0	
0	
0	
0	
0	
0	
0	
0	
0	
0	
0	
0	
0	
0	
0	
0	
0	
0	
0	
0	
0	
0	
0	
0	
0	
0	
0	
0	
0	
0	
0	
0	
0	
0	
0	
0	
0	
0	
0	
0	
0	
0	
0	
0	
0	
0	
0	
0	
0	
0	
0	
0	
0	
0	
0	
0	
0	
0	
0	
0	
0	
0	
0	
0	
0	
0	
0	
0	
0	

]

EmployeeAvailability: [
1 1 1 1 1 1 1 1 1 1 1 1 1 1 1 1 1 1 1 1 1 1 1 1 1 1 
1 1 0 1 1 1 1 1 1 1 1 1 1 1 1 0 1 1 1 1 1 1 1 1 1 1 
1 1 1 1 1 0 1 1 1 1 1 1 1 1 1 1 1 1 0 1 1 1 1 1 1 1 
1 1 1 1 0 1 0 1 1 1 1 1 1 1 1 1 1 0 1 0 1 1 1 1 1 1 
0 1 1 1 1 1 1 1 1 1 1 1 1 0 1 1 1 1 1 1 1 1 1 1 1 1 
1 1 1 1 1 0 1 0 1 1 1 1 0 1 1 1 1 1 0 1 0 1 1 1 1 0 
1 1 0 1 1 1 0 1 1 1 0 1 1 1 1 0 1 1 1 0 1 1 1 0 1 1 
1 1 1 1 1 1 1 0 1 1 1 1 1 1 1 1 1 1 1 1 0 1 1 1 1 1 
0 1 1 1 1 1 0 1 1 1 1 1 1 0 1 1 1 1 1 0 1 1 1 1 1 1 
1 1 1 1 0 1 1 1 1 1 1 1 1 1 1 1 1 0 1 1 1 1 1 1 1 1 
1 1 0 1 1 1 1 1 1 1 1 1 1 1 1 0 1 1 1 1 1 1 1 1 1 1 
0 1 1 1 1 1 1 1 1 1 1 1 1 0 1 1 1 1 1 1 1 1 1 1 1 1 
1 1 1 1 1 1 1 1 1 1 0 0 1 1 1 1 1 1 1 1 1 1 1 0 0 1 
1 1 1 1 1 1 1 1 1 1 1 1 1 1 1 1 1 1 1 1 1 1 1 1 1 1 
0 1 1 1 1 1 1 1 1 1 1 1 1 0 1 1 1 1 1 1 1 1 1 1 1 1 
1 1 1 1 0 1 1 1 1 1 1 1 1 1 1 1 1 0 1 1 1 1 1 1 1 1 
1 1 1 1 1 1 1 1 1 1 1 1 1 1 1 1 1 1 1 1 1 1 1 1 1 1 
1 1 1 0 1 1 1 1 1 1 1 1 1 1 1 1 0 1 1 1 1 1 1 1 1 1 
1 1 1 1 1 1 1 1 1 1 1 1 1 1 1 1 1 1 1 1 1 1 1 1 1 1 
1 0 0 1 1 1 1 1 1 1 1 1 1 1 0 0 1 1 1 1 1 1 1 1 1 1 
1 1 1 1 1 1 1 1 1 1 1 1 0 1 1 1 1 1 1 1 1 1 1 1 1 0 
1 1 1 1 1 1 1 1 1 1 1 1 1 1 1 1 1 1 1 1 1 1 1 1 1 1 
1 1 1 1 1 1 1 1 1 1 1 1 1 1 1 1 1 1 1 1 1 1 1 1 1 1 
1 0 1 1 1 1 1 1 1 1 1 1 0 1 0 1 1 1 1 1 1 1 1 1 1 0 
1 1 0 0 1 1 1 1 1 1 1 1 1 1 1 0 1 1 1 1 1 1 1 1 1 1 
1 1 1 1 1 1 1 1 1 1 1 1 1 1 1 1 1 1 1 1 1 1 1 1 1 1 
1 1 1 1 1 1 1 1 1 1 1 1 1 1 1 1 1 1 1 1 1 1 1 1 1 1 
0 0 1 1 0 1 1 1 1 1 1 1 1 0 0 1 1 0 1 1 1 1 1 1 1 1 
1 1 1 1 1 1 1 1 1 1 1 0 1 1 1 1 1 1 1 1 1 1 1 1 1 1 
1 0 1 1 1 1 1 1 1 1 1 1 1 1 0 1 1 1 1 1 1 1 1 1 1 1 
]

EmployeeWantedInStint: [ (1 25) 1 (2 23) 1 (3 4) 1 (4 4) 1 (6 8) 1 (6 16) 1 (7 8) 1 (11 23) 1 (12 4) 1 (14 15) 1 (16 13) 1 (20 16) 1 (21 10) 1 (22 9) 1 (24 5) 1 (28 5) 1 (28 15) 1 ]

EmployeeWantedViolationCost: [ (1 25) 8000 (2 23) 13000 (3 4) 5000 (4 4) 12000 (6 8) 9000 (6 16) 14000 (7 8) 8000 (11 23) 8000 (12 4) 9000 (14 15) 11000 (16 13) 7000 (20 16) 12000 (21 10) 9000 (22 9) 10000 (24 5) 14000 (28 5) 10000 (28 15) 11000 ]

EmployeesThatShouldNotWorkTogetherWithEmployee: [
[ ]
[ 8 27 ]
[ 17 22 ]
[ ]
[ 27 ]
[ 16 ]
[ 15 ]
[ ]
[ 10 11 29 ]
[ 24 ]
[ 23 ]
[ 13 24 ]
[ ]
[ 21 ]
[ ]
[ ]
[ 21 ]
[ 23 ]
[ 20 ]
[ ]
[ ]
[ 30 ]
[ 25 ]
[ ]
[ ]
[ ]
[ ]
[ 29 ]
[ ]
[ ]
]

ShouldNotWorkTogetherCost: [ (2 8) 396 (2 27) 396 (3 17) 297 (3 22) 297 (5 27) 396 (6 16) 198 (7 15) 99 (9 10) 99 (9 11) 396 (9 29) 99 (10 24) 99 (11 23) 396 (12 13) 297 (12 24) 396 (14 21) 297 (17 21) 99 (18 23) 297 (19 20) 99 (22 30) 99 (23 25) 198 (28 29) 198 ]

ImmediatePredecessorsToActivity: [
[ ]
[ 1 ]
[ 1 ]
[ 1 ]
[ 1 ]
[ 5 ]
[ 3 6 ]
[ 6 ]
[ 3 ]
[ 6 ]
[ 4 5 7 ]
[ 2 8 10 ]
[ 2 4 ]
[ 4 7 ]
[ 6 13 ]
[ 5 ]
[ 5 7 8 ]
[ 2 5 ]
[ 2 ]
[ 3 4 15 16 ]
[ 1 ]
[ 13 14 ]
[ 13 16 ]
[ 5 ]
[ 3 4 8 16 21 ]
[ 4 21 23 24 ]
[ 7 13 16 ]
[ 2 5 ]
[ 8 23 ]
[ 3 8 ]
[ 4 7 8 16 21 24 28 ]
[ 15 23 24 27 ]
[ 13 14 16 21 ]
[ 3 4 8 10 27 28 ]
[ 5 ]
[ 10 ]
[ 1 ]
[ 4 21 ]
[ 21 37 ]
[ 7 10 ]
[ 16 39 ]
[ 8 10 28 ]
[ 6 11 20 ]
[ 4 7 8 23 ]
[ 7 10 13 39 ]
[ 2 3 4 15 21 ]
[ 4 5 ]
[ ]
[ 48 ]
[ 48 ]
[ 50 ]
[ 48 ]
[ 52 ]
[ 48 ]
[ 50 53 ]
[ 49 55 ]
[ 51 ]
[ 49 50 57 ]
[ 49 57 ]
[ 51 ]
[ 59 ]
[ 55 ]
[ 51 52 55 58 ]
[ 50 59 ]
[ 51 ]
[ 49 57 ]
[ 59 66 ]
[ 58 60 61 67 ]
[ 49 ]
[ 49 65 ]
[ 53 58 70 ]
[ 53 60 ]
[ 48 ]
[ 65 66 73 ]
[ 55 59 ]
[ 48 ]
[ 53 ]
[ 52 73 ]
[ 53 57 73 ]
[ 60 70 78 ]
[ 51 59 70 72 76 ]
[ 59 72 ]
[ 49 50 ]
[ 53 57 70 78 83 ]
[ 52 57 65 ]
[ 59 72 ]
[ 65 83 ]
[ 52 ]
[ 57 65 ]
[ 49 50 52 65 ]
[ 59 76 78 83 ]
[ 51 59 72 74 78 ]
[ 52 59 60 65 76 ]
[ 66 78 ]
[ 53 59 76 94 ]
[ 50 78 89 ]
[ 49 52 ]
[ 50 53 65 ]
[ 51 ]
[ 74 99 ]
[ 60 65 66 73 83 97 99 ]
[ 58 78 97 98 ]
[ 52 76 98 ]
]

ActivitiesInProject: [
[ 1 2 3 4 5 6 7 8 9 10 11 12 13 14 15 16 17 18 19 20 21 22 23 24 25 26 27 28 29 30 31 32 33 34 35 36 37 38 39 40 41 42 43 44 45 46 47 ]
[ 48 49 50 51 52 53 54 55 56 57 58 59 60 61 62 63 64 65 66 67 68 69 70 71 72 73 74 75 76 77 78 79 80 81 82 83 84 85 86 87 88 89 90 91 92 93 94 95 96 97 98 99 100 101 102 103 ]
]

nActivityModes: [ 1 1 1 1 1 1 1 1 1 1 1 1 1 1 1 1 1 1 1 1 1 1 1 1 1 1 1 1 1 1 1 1 1 1 1 1 1 1 1 1 1 1 1 1 1 1 1 1 1 1 1 1 1 1 1 1 1 1 1 1 1 1 1 1 1 1 1 1 1 1 1 1 1 1 1 1 1 1 1 1 1 1 1 1 1 1 1 1 1 1 1 1 1 1 1 1 1 1 1 1 1 1 1 ]

ActivitiyDurationWithMode: [
1	
55	
83	
61	
30	
25	
14	
55	
43	
17	
20	
24	
17	
23	
18	
53	
19	
80	
79	
16	
86	
13	
23	
84	
25	
16	
16	
61	
19	
24	
16	
20	
14	
16	
95	
53	
32	
46	
21	
34	
25	
13	
14	
13	
13	
34	
30	
1	
47	
20	
22	
24	
50	
129	
50	
14	
24	
22	
43	
59	
18	
14	
14	
30	
22	
15	
18	
14	
93	
18	
38	
20	
76	
35	
17	
99	
66	
20	
62	
32	
15	
20	
23	
42	
67	
18	
56	
104	
25	
56	
25	
19	
21	
26	
17	
34	
21	
25	
29	
22	
21	
26	
30	
]
StintsInProject: [
[ 1 2 3 4 5 6 7 8 9 10 11 12 13 ]
[ 14 15 16 17 18 19 20 21 22 23 24 25 26 ]
]

WorkingStintsOnDay: [
[ 1 14 ]
[ 1 14 ]
[ 1 14 ]
[ 1 14 ]
[ 1 14 ]
[ 1 14 ]
[ 1 14 ]
[ 1 14 ]
[ 1 14 ]
[ 1 14 ]
[ 1 14 ]
[ 1 14 ]
[ 1 ]
[ 1 ]
[ 2 15 ]
[ 2 15 ]
[ 2 15 ]
[ 2 15 ]
[ 2 15 ]
[ 2 15 ]
[ 2 15 ]
[ 2 15 ]
[ 2 15 ]
[ 2 15 ]
[ 2 15 ]
[ 2 15 ]
[ 2 ]
[ 2 ]
[ 3 16 ]
[ 3 16 ]
[ 3 16 ]
[ 3 16 ]
[ 3 16 ]
[ 3 16 ]
[ 3 16 ]
[ 3 16 ]
[ 3 16 ]
[ 3 16 ]
[ 3 16 ]
[ 3 16 ]
[ 3 ]
[ 3 ]
[ 4 17 ]
[ 4 17 ]
[ 4 17 ]
[ 4 17 ]
[ 4 17 ]
[ 4 17 ]
[ 4 17 ]
[ 4 17 ]
[ 4 17 ]
[ 4 17 ]
[ 4 17 ]
[ 4 17 ]
[ 4 ]
[ 4 ]
[ 5 18 ]
[ 5 18 ]
[ 5 18 ]
[ 5 18 ]
[ 5 18 ]
[ 5 18 ]
[ 5 18 ]
[ 5 18 ]
[ 5 18 ]
[ 5 18 ]
[ 5 18 ]
[ 5 18 ]
[ 5 ]
[ 5 ]
[ 6 19 ]
[ 6 19 ]
[ 6 19 ]
[ 6 19 ]
[ 6 19 ]
[ 6 19 ]
[ 6 19 ]
[ 6 19 ]
[ 6 19 ]
[ 6 19 ]
[ 6 19 ]
[ 6 19 ]
[ 6 ]
[ 6 ]
[ 7 20 ]
[ 7 20 ]
[ 7 20 ]
[ 7 20 ]
[ 7 20 ]
[ 7 20 ]
[ 7 20 ]
[ 7 20 ]
[ 7 20 ]
[ 7 20 ]
[ 7 20 ]
[ 7 20 ]
[ 7 ]
[ 7 ]
[ 8 21 ]
[ 8 21 ]
[ 8 21 ]
[ 8 21 ]
[ 8 21 ]
[ 8 21 ]
[ 8 21 ]
[ 8 21 ]
[ 8 21 ]
[ 8 21 ]
[ 8 21 ]
[ 8 21 ]
[ 8 ]
[ 8 ]
[ 9 22 ]
[ 9 22 ]
[ 9 22 ]
[ 9 22 ]
[ 9 22 ]
[ 9 22 ]
[ 9 22 ]
[ 9 22 ]
[ 9 22 ]
[ 9 22 ]
[ 9 22 ]
[ 9 22 ]
[ 9 ]
[ 9 ]
[ 10 23 ]
[ 10 23 ]
[ 10 23 ]
[ 10 23 ]
[ 10 23 ]
[ 10 23 ]
[ 10 23 ]
[ 10 23 ]
[ 10 23 ]
[ 10 23 ]
[ 10 23 ]
[ 10 23 ]
[ 10 ]
[ 10 ]
[ 11 24 ]
[ 11 24 ]
[ 11 24 ]
[ 11 24 ]
[ 11 24 ]
[ 11 24 ]
[ 11 24 ]
[ 11 24 ]
[ 11 24 ]
[ 11 24 ]
[ 11 24 ]
[ 11 24 ]
[ 11 ]
[ 11 ]
[ 12 25 ]
[ 12 25 ]
[ 12 25 ]
[ 12 25 ]
[ 12 25 ]
[ 12 25 ]
[ 12 25 ]
[ 12 25 ]
[ 12 25 ]
[ 12 25 ]
[ 12 25 ]
[ 12 25 ]
[ 12 ]
[ 12 ]
[ 13 26 ]
[ 13 26 ]
[ 13 26 ]
[ 13 26 ]
[ 13 26 ]
[ 13 26 ]
[ 13 26 ]
[ 13 26 ]
[ 13 26 ]
[ 13 26 ]
[ 13 26 ]
[ 13 26 ]
]

ProjectStart: [ 10 15 ]

ProjectEnd: [ 146 179 ]

EarliestStartDayForActivity: [ 1 10 10 10 10 40 93 65 93 65 107 120 71 107 88 40 120 65 65 106 10 130 93 40 120 124 107 65 120 120 126 124 130 126 40 82 10 96 96 107 117 126 127 120 117 106 71 1 15 15 37 15 41 15 101 159 63 91 91 63 142 159 159 142 63 91 142 162 68 89 117 132 15 108 159 15 101 103 103 132 156 156 68 125 91 156 95 41 91 89 142 156 142 125 157 125 68 101 63 149 132 130 130 ]

LatestStartDayForActivity: [ 1 146 146 146 146 146 146 146 146 146 146 146 146 146 146 146 146 146 146 146 146 146 146 146 146 146 146 146 146 146 146 146 146 146 146 146 146 146 146 146 146 146 146 146 146 146 146 1 179 179 179 179 179 179 179 179 179 179 179 179 179 179 179 179 179 179 179 179 179 179 179 179 179 179 179 179 179 179 179 179 179 179 179 179 179 179 179 179 179 179 179 179 179 179 179 179 179 179 179 179 179 179 179 ]

EquipmentTypeDemandInActivityWithMode: [
0	
0	
0	
0	
0	
2	
1	
1	
0	
2	
1	
0	
1	
0	
1	
2	
0	
0	
1	
0	
0	
0	
0	
1	
0	
0	
0	
1	
0	
0	
1	
0	
3	
2	
0	
0	
0	
0	
1	
2	
1	
1	
1	
1	
0	
0	
2	
0	
0	
1	
0	
3	
1	
0	
1	
1	
0	
1	
1	
1	
2	
1	
0	
1	
1	
0	
1	
1	
2	
0	
0	
0	
2	
1	
1	
2	
0	
1	
0	
2	
0	
1	
0	
0	
3	
2	
1	
0	
1	
1	
2	
1	
1	
1	
0	
0	
0	
0	
3	
0	
1	
0	
1	

0	
0	
1	
0	
1	
1	
0	
0	
0	
0	
0	
0	
0	
1	
0	
0	
0	
0	
0	
0	
0	
0	
0	
0	
0	
1	
2	
0	
0	
0	
0	
0	
1	
0	
1	
1	
0	
0	
1	
1	
1	
0	
0	
1	
1	
0	
0	
0	
0	
1	
0	
0	
0	
0	
0	
0	
0	
0	
1	
0	
0	
0	
0	
1	
0	
0	
1	
0	
1	
0	
0	
1	
1	
0	
0	
0	
0	
0	
1	
2	
1	
0	
0	
1	
0	
0	
0	
2	
0	
0	
0	
0	
1	
0	
0	
2	
1	
0	
0	
0	
0	
0	
2	

0	
0	
1	
2	
1	
2	
0	
3	
1	
0	
2	
0	
0	
2	
1	
2	
2	
2	
1	
0	
1	
0	
2	
1	
2	
0	
1	
1	
2	
0	
2	
1	
0	
3	
0	
0	
0	
2	
0	
1	
2	
0	
0	
2	
0	
2	
1	
0	
2	
1	
1	
0	
0	
0	
1	
0	
3	
1	
3	
1	
1	
0	
2	
1	
2	
1	
0	
0	
1	
0	
0	
1	
3	
2	
2	
2	
1	
0	
0	
2	
0	
2	
1	
1	
1	
0	
3	
0	
1	
1	
2	
0	
0	
1	
1	
1	
0	
0	
0	
2	
1	
0	
2	

]

ExternalEquipmentRentingCost: [
2414	4157	1694	2721	2547	2112	3996	1244	3198	1574	5689	2424	2559	5447	5618	5154	4375	2060	2296	2507	5599	5054	2465	3573	5035	1884	3034	2691	4716	3001	2206	2314	4202	4560	3052	2154	4327	2163	4797	4466	5856	5781	2226	5307	5897	1220	3606	5908	4623	5608	1152	3475	1012	2302	2505	4031	4935	4936	2160	2568	4845	3556	3842	2862	3166	2210	5049	2829	2705	2744	1728	2805	3296	1515	5711	2994	2114	1852	5905	4666	2362	4536	5051	3474	4827	1503	4615	1415	1331	4983	4991	2081	5925	3838	1930	2541	2359	4380	1386	5473	1556	1287	4738	
1081	2014	2506	1015	5473	3895	5023	5926	4221	1279	5214	4889	2924	5807	3534	2698	1043	5711	5182	4546	3763	1248	2423	1974	5993	4390	5021	4663	4401	2606	4517	5067	1536	4758	3010	2263	1516	3578	2931	4454	1599	5678	2488	2221	3199	5647	1429	3876	5262	5313	5097	3098	4566	4775	2187	3348	3932	5574	4156	5050	2739	2351	4672	5199	4617	4127	3084	1590	3228	1350	5468	5775	5154	1298	5821	2711	3426	1618	1512	2338	1731	3551	4145	1331	4170	3053	1781	4820	5588	2691	2578	1848	5477	4148	3877	2217	1153	1389	1079	1020	2768	2606	5224	
3400	5934	5858	5357	5964	2511	5063	4916	1179	2633	2316	1868	2873	4929	2085	5648	3790	1572	2659	4021	2761	1160	1966	3341	3362	5911	4072	3453	4749	1411	5657	4990	4848	1811	4918	3236	5932	4973	5244	5951	5442	2803	4147	5819	1896	2669	4059	3343	4948	2867	2211	2905	3397	3841	4218	2192	2730	2220	1578	2018	3505	3530	5615	2456	4355	2816	4452	3422	1816	1124	1843	2423	2823	1449	3623	4028	5007	4926	5912	3369	5644	3473	3349	2823	1783	5302	2426	5287	3289	1263	1396	4979	2385	4297	2879	4113	3222	4684	5701	4654	5442	5494	2353	
]

EquipmentTypeTransportationCost: [
1	3708	
3708	1	

1	4624	
4624	1	

1	4264	
4264	1	

]

TransportationTimeForEquipmentTypeBetweenProjects: [
1	4	
4	1	

1	5	
5	1	

1	5	
5	1	

]

TotalNumberOfInitialEquipmentTypeLocation: [
(1 1) 3 
(2 48) 1 
(3 1) 3 (3 48) 3 
]

DepotActivities: [ 1 48 ]

MaximalStintCliques: [
[ 2 15 1 14 ]
[ 2 15 3 16 ]
[ 4 17 18 5 ]
[ 4 17 3 16 ]
[ 5 18 19 6 ]
[ 6 19 20 7 ]
[ 7 20 21 8 ]
[ 8 21 9 22 ]
[ 9 22 10 23 ]
[ 10 23 11 24 ]
[ 11 24 25 12 ]
[ 12 25 26 13 ]
]
