nEmployees: 30
nSkills: 2
nProjects: 2
nDays: 120
nActivities: 44
nEquipmentTypes: 3
nStints: 27
nMaxModes: 2
nStintCliques: 18

EmployeeInStintCost: [
36744 36744 36744 36744 36744 36744 36744 36744 24052 14600 14600 14600 14600 14600 14600 14600 14600 14600 14600 14600 14600 14600 14600 14600 14600 14600 7552 
16960 16960 16960 16960 16960 16960 16960 16960 9394 11220 11220 11220 11220 11220 11220 11220 11220 11220 11220 11220 11220 11220 11220 11220 11220 11220 4496 
37352 37352 37352 37352 37352 37352 37352 37352 24972 15688 15688 15688 15688 15688 15688 15688 15688 15688 15688 15688 15688 15688 15688 15688 15688 15688 8784 
28736 28736 28736 28736 28736 28736 28736 28736 16980 9184 9184 9184 9184 9184 9184 9184 9184 9184 9184 9184 9184 9184 9184 9184 9184 9184 5800 
32944 32944 32944 32944 32944 32944 32944 32944 20486 11044 11044 11044 11044 11044 11044 11044 11044 11044 11044 11044 11044 11044 11044 11044 11044 11044 4104 
38936 38936 38936 38936 38936 38936 38936 38936 26556 17496 17496 17496 17496 17496 17496 17496 17496 17496 17496 17496 17496 17496 17496 17496 17496 17496 10592 
35664 35664 35664 35664 35664 35664 35664 35664 23674 14276 14276 14276 14276 14276 14276 14276 14276 14276 14276 14276 14276 14276 14276 14276 14276 14276 7552 
11760 11760 11760 11760 11760 11760 11760 11760 4116 11624 11624 11624 11624 11624 11624 11624 11624 11624 11624 11624 11624 11624 11624 11624 11624 11624 4864 
40016 40016 40016 40016 40016 40016 40016 40016 26934 17820 17820 17820 17820 17820 17820 17820 17820 17820 17820 17820 17820 17820 17820 17820 17820 17820 10592 
37376 37376 37376 37376 37376 37376 37376 37376 25308 16224 16224 16224 16224 16224 16224 16224 16224 16224 16224 16224 16224 16224 16224 16224 16224 16224 9464 
30416 30416 30416 30416 30416 30416 30416 30416 17568 9688 9688 9688 9688 9688 9688 9688 9688 9688 9688 9688 9688 9688 9688 9688 9688 9688 5800 
37856 37856 37856 37856 37856 37856 37856 37856 25476 16368 16368 16368 16368 16368 16368 16368 16368 16368 16368 16368 16368 16368 16368 16368 16368 16368 9464 
38576 38576 38576 38576 38576 38576 38576 38576 26430 17388 17388 17388 17388 17388 17388 17388 17388 17388 17388 17388 17388 17388 17388 17388 17388 17388 10592 
34296 34296 34296 34296 34296 34296 34296 34296 22384 13272 13272 13272 13272 13272 13272 13272 13272 13272 13272 13272 13272 13272 13272 13272 13272 13272 6584 
30632 30632 30632 30632 30632 30632 30632 30632 18330 9028 9028 9028 9028 9028 9028 9028 9028 9028 9028 9028 9028 9028 9028 9028 9028 9028 2160 
35496 35496 35496 35496 35496 35496 35496 35496 22804 13632 13632 13632 13632 13632 13632 13632 13632 13632 13632 13632 13632 13632 13632 13632 13632 13632 6584 
27352 27352 27352 27352 27352 27352 27352 27352 15362 13316 13316 13316 13316 13316 13316 13316 13316 13316 13316 13316 13316 13316 13316 13316 13316 13316 6592 
27768 27768 27768 27768 27768 27768 27768 27768 15388 12680 12680 12680 12680 12680 12680 12680 12680 12680 12680 12680 12680 12680 12680 12680 12680 12680 5776 
26488 26488 26488 26488 26488 26488 26488 26488 14342 10324 10324 10324 10324 10324 10324 10324 10324 10324 10324 10324 10324 10324 10324 10324 10324 10324 3528 
26968 26968 26968 26968 26968 26968 26968 26968 14510 10468 10468 10468 10468 10468 10468 10468 10468 10468 10468 10468 10468 10468 10468 10468 10468 10468 3528 
31744 31744 31744 31744 31744 31744 31744 31744 20066 10684 10684 10684 10684 10684 10684 10684 10684 10684 10684 10684 10684 10684 10684 10684 10684 10684 4104 
34176 34176 34176 34176 34176 34176 34176 34176 22342 13236 13236 13236 13236 13236 13236 13236 13236 13236 13236 13236 13236 13236 13236 13236 13236 13236 6584 
27208 27208 27208 27208 27208 27208 27208 27208 14594 10540 10540 10540 10540 10540 10540 10540 10540 10540 10540 10540 10540 10540 10540 10540 10540 10540 3528 
37584 37584 37584 37584 37584 37584 37584 37584 24346 14852 14852 14852 14852 14852 14852 14852 14852 14852 14852 14852 14852 14852 14852 14852 14852 14852 7552 
26808 26808 26808 26808 26808 26808 26808 26808 15052 12392 12392 12392 12392 12392 12392 12392 12392 12392 12392 12392 12392 12392 12392 12392 12392 12392 5776 
26504 26504 26504 26504 26504 26504 26504 26504 14826 13516 13516 13516 13516 13516 13516 13516 13516 13516 13516 13516 13516 13516 13516 13516 13516 13516 6936 
30888 30888 30888 30888 30888 30888 30888 30888 17650 4068 4068 4068 4068 4068 4068 4068 4068 4068 4068 4068 4068 4068 4068 4068 4068 4068 0 
30648 30648 30648 30648 30648 30648 30648 30648 17566 3996 3996 3996 3996 3996 3996 3996 3996 3996 3996 3996 3996 3996 3996 3996 3996 3996 0 
40328 40328 40328 40328 40328 40328 40328 40328 27090 17700 17700 17700 17700 17700 17700 17700 17700 17700 17700 17700 17700 17700 17700 17700 17700 17700 10400 
26688 26688 26688 26688 26688 26688 26688 26688 15010 12356 12356 12356 12356 12356 12356 12356 12356 12356 12356 12356 12356 12356 12356 12356 12356 12356 5776 
]

ExternalWorkerWithSkillOnStintCost: [
30600 41832 30240 42480 35640 30168 35280 42192 20304 17400 17430 14220 15180 14040 14250 16290 17070 14250 15450 16800 12960 15330 15810 15180 12180 17100 3456 
32616 32760 43128 33264 38448 35712 38160 28944 24240 17370 15720 16320 16050 16530 14250 13740 17040 13080 13950 16680 16320 14220 13650 16410 12360 17610 3288 
]

OverlappingStints: [
[ 2 10 11 12 ]
[ 3 12 13 14 ]
[ 4 14 15 16 ]
[ 5 16 17 18 ]
[ 6 18 19 20 ]
[ 7 20 21 22 ]
[ 8 22 23 24 ]
[ 9 24 25 26 ]
[ 26 27 ]
[ ]
[ ]
[ ]
[ ]
[ ]
[ ]
[ ]
[ ]
[ ]
[ ]
[ ]
[ ]
[ ]
[ ]
[ ]
[ ]
[ ]
[ ]
]

EmployeesWithSkill: [
[ 1 2 3 4 5 6 7 8 9 10 11 12 13 14 15 16 17 18 19 20 21 22 23 24 25 26 27 28 29 30 ]
[ 20 ]
]

SkillDemandInActivityWithMode: [
0	1	
8	13	
11	18	
7	12	
12	19	
8	13	
8	13	
5	9	
12	19	
12	19	
12	19	
12	19	
15	24	
5	9	
12	19	
8	13	
4	7	
0	1	
6	10	
3	6	
3	6	
4	7	
2	4	
6	10	
5	9	
4	7	
5	9	
4	7	
2	4	
4	7	
5	9	
2	4	
3	6	
2	4	
3	6	
4	7	
5	9	
6	10	
3	6	
5	9	
5	9	
6	10	
4	7	
6	10	

0	1	
0	1	
0	1	
0	1	
0	1	
0	1	
0	1	
0	1	
0	1	
0	1	
0	1	
0	1	
0	1	
0	1	
0	1	
0	1	
0	1	
0	1	
0	1	
0	1	
0	1	
0	1	
0	1	
0	1	
0	1	
0	1	
0	1	
0	1	
0	1	
0	1	
0	1	
0	1	
0	1	
0	1	
0	1	
0	1	
0	1	
0	1	
0	1	
0	1	
0	1	
0	1	
0	1	
0	1	

]

EmployeeAvailability: [
1 1 1 0 1 1 1 0 0 1 1 1 1 1 1 0 1 1 1 1 1 1 1 0 1 0 1 
1 1 1 1 1 1 1 1 1 1 1 1 1 1 1 1 1 1 1 1 1 1 1 1 1 1 1 
1 0 1 0 1 1 1 0 1 1 1 1 1 1 1 1 1 1 1 1 1 1 1 0 1 1 1 
1 1 0 1 1 1 1 1 1 1 1 1 1 0 1 1 1 1 1 1 1 1 1 1 1 1 1 
0 0 1 1 1 1 1 1 1 0 1 1 0 1 1 1 1 1 1 1 1 1 1 1 1 1 1 
1 1 1 1 0 1 1 1 0 1 1 1 1 1 1 1 1 1 0 1 1 1 1 1 1 1 1 
1 1 1 1 1 1 1 1 0 1 1 1 1 1 1 1 1 1 1 1 1 1 1 1 1 0 1 
1 1 1 1 1 1 1 1 0 1 1 1 1 1 1 1 1 1 1 1 1 1 1 1 1 1 0 
0 1 1 1 1 1 1 1 0 1 1 1 1 1 1 1 1 1 1 1 1 1 1 1 1 1 1 
1 1 1 1 1 0 1 1 1 1 1 1 1 1 1 1 1 1 1 1 0 1 1 1 1 1 1 
1 1 1 0 1 1 1 1 1 1 1 1 1 1 1 0 1 1 1 1 1 1 1 1 1 1 1 
1 1 1 1 1 0 0 1 1 1 1 1 1 1 1 1 1 1 1 1 0 1 0 1 1 1 1 
1 1 0 1 1 1 1 1 1 1 1 1 1 1 1 1 1 1 1 1 1 1 1 1 1 1 1 
1 1 0 1 1 1 1 1 1 1 1 1 1 0 1 1 1 1 1 1 1 1 1 1 1 1 1 
1 1 1 1 1 1 1 1 0 1 1 1 1 1 1 1 1 1 1 1 1 1 1 1 1 0 1 
1 1 1 1 1 1 1 1 1 1 1 1 1 1 1 1 1 1 1 1 1 1 1 1 1 1 1 
1 1 1 1 0 1 1 1 1 1 1 1 1 1 1 1 1 1 0 1 1 1 1 1 1 1 1 
1 1 1 1 1 1 1 1 1 1 1 1 1 1 1 1 1 1 1 1 1 1 1 1 1 1 1 
1 1 1 1 1 1 0 1 1 1 1 1 1 1 1 1 1 1 1 1 1 1 0 1 1 1 1 
1 1 1 1 1 1 1 1 1 1 1 1 1 1 1 1 1 1 1 1 1 1 1 1 1 1 1 
0 1 1 0 1 1 1 1 1 1 1 1 1 1 1 1 0 1 1 1 1 1 1 1 1 1 1 
1 1 1 0 1 1 1 1 0 1 1 1 1 1 1 1 0 1 1 1 1 1 1 1 1 1 0 
1 1 1 1 1 1 1 1 1 1 1 1 1 1 1 1 1 1 1 1 1 1 1 1 1 1 1 
1 1 1 1 1 0 1 1 1 1 1 1 1 1 1 1 1 1 1 1 0 1 1 1 1 1 1 
1 0 0 1 1 1 1 1 1 1 1 0 1 0 1 1 1 1 1 1 1 1 1 1 1 1 1 
1 1 0 1 1 1 1 1 1 1 1 1 1 1 0 1 1 1 1 1 1 1 1 1 1 1 1 
1 0 1 0 1 1 0 1 1 1 1 1 1 1 1 0 1 1 1 1 1 0 1 1 1 1 1 
1 0 1 1 1 1 1 0 1 1 1 0 1 1 1 1 1 1 1 1 1 1 1 0 1 1 1 
1 1 1 1 1 1 0 0 1 1 1 1 1 1 1 1 1 1 1 1 1 1 1 0 1 1 1 
1 1 1 1 1 0 1 1 1 1 1 1 1 1 1 1 1 1 1 1 0 1 1 1 1 1 1 
]

EmployeeWantedInStint: [ (4 16) 1 (6 6) 1 (8 12) 1 (11 20) 1 (12 24) 1 (14 8) 1 (15 10) 1 (15 23) 1 (15 26) 1 (16 1) 1 (16 15) 1 (17 14) 1 (18 14) 1 (18 15) 1 (28 2) 1 (28 5) 1 (30 16) 1 (30 25) 1 ]

EmployeeWantedViolationCost: [ (4 16) 11000 (6 6) 15000 (8 12) 12000 (11 20) 6000 (12 24) 9000 (14 8) 10000 (15 10) 9000 (15 23) 8000 (15 26) 5000 (16 1) 9000 (16 15) 5000 (17 14) 13000 (18 14) 10000 (18 15) 13000 (28 2) 12000 (28 5) 5000 (30 16) 13000 (30 25) 12000 ]

EmployeesThatShouldNotWorkTogetherWithEmployee: [
[ 4 21 ]
[ 7 9 ]
[ ]
[ ]
[ 22 ]
[ ]
[ ]
[ ]
[ 20 ]
[ 14 23 ]
[ ]
[ 21 ]
[ 24 ]
[ ]
[ ]
[ 27 ]
[ 27 ]
[ 19 ]
[ ]
[ 21 ]
[ 22 26 ]
[ 27 ]
[ ]
[ ]
[ 28 ]
[ ]
[ ]
[ ]
[ ]
[ ]
]

ShouldNotWorkTogetherCost: [ (1 4) 99 (1 21) 198 (2 7) 396 (2 9) 396 (5 22) 99 (9 20) 198 (10 14) 297 (10 23) 396 (12 21) 198 (13 24) 198 (16 27) 99 (17 27) 198 (18 19) 297 (20 21) 99 (21 22) 396 (21 26) 198 (22 27) 297 (25 28) 297 ]

ImmediatePredecessorsToActivity: [
[ ]
[ 1 ]
[ 1 ]
[ 1 ]
[ 2 ]
[ 4 ]
[ 3 5 6 ]
[ 5 6 ]
[ 7 ]
[ 3 ]
[ 2 3 ]
[ 11 ]
[ 5 6 10 ]
[ 6 10 ]
[ 7 10 11 ]
[ 4 7 12 13 ]
[ 1 ]
[ ]
[ 18 ]
[ 18 ]
[ 19 ]
[ 19 ]
[ 20 21 ]
[ 18 ]
[ 22 23 ]
[ 22 24 ]
[ 25 ]
[ 19 25 ]
[ 20 26 ]
[ 22 24 ]
[ 20 21 ]
[ 22 ]
[ 21 ]
[ 30 ]
[ 19 26 31 33 ]
[ 26 ]
[ 30 35 ]
[ 30 ]
[ 21 ]
[ 30 31 39 ]
[ 25 36 ]
[ 24 36 40 ]
[ 30 39 ]
[ 20 25 35 36 40 ]
]

ActivitiesInProject: [
[ 1 2 3 4 5 6 7 8 9 10 11 12 13 14 15 16 17 ]
[ 18 19 20 21 22 23 24 25 26 27 28 29 30 31 32 33 34 35 36 37 38 39 40 41 42 43 44 ]
]

nActivityModes: [ 2 2 2 2 2 2 2 2 2 2 2 2 2 2 2 2 2 2 2 2 2 2 2 2 2 2 2 2 2 2 2 2 2 2 2 2 2 2 2 2 2 2 2 2 ]

ActivityDurationWithMode: [
1	1	
9	6	
7	5	
11	8	
6	4	
9	6	
9	6	
17	12	
6	4	
6	4	
6	4	
6	4	
5	4	
17	12	
6	4	
9	6	
21	14	
1	1	
6	4	
13	9	
12	8	
10	7	
16	11	
6	4	
7	5	
8	6	
7	5	
8	6	
28	19	
8	6	
7	5	
25	17	
12	8	
25	17	
15	10	
10	7	
7	5	
6	4	
12	8	
7	5	
7	5	
6	4	
9	6	
6	4	
]

StintsInProject: [
[ 1 2 3 4 5 6 7 8 9 ]
[ 10 11 12 13 14 15 16 17 18 19 20 21 22 23 24 25 26 27 ]
]

WorkingStintsOnDay: [
[ 1 10 ]
[ 1 10 ]
[ 1 10 ]
[ 1 10 ]
[ 1 10 ]
[ 1 ]
[ 1 ]
[ 1 11 ]
[ 1 11 ]
[ 1 11 ]
[ 1 11 ]
[ 1 11 ]
[ ]
[ ]
[ 2 12 ]
[ 2 12 ]
[ 2 12 ]
[ 2 12 ]
[ 2 12 ]
[ 2 ]
[ 2 ]
[ 2 13 ]
[ 2 13 ]
[ 2 13 ]
[ 2 13 ]
[ 2 13 ]
[ ]
[ ]
[ 3 14 ]
[ 3 14 ]
[ 3 14 ]
[ 3 14 ]
[ 3 14 ]
[ 3 ]
[ 3 ]
[ 3 15 ]
[ 3 15 ]
[ 3 15 ]
[ 3 15 ]
[ 3 15 ]
[ ]
[ ]
[ 4 16 ]
[ 4 16 ]
[ 4 16 ]
[ 4 16 ]
[ 4 16 ]
[ 4 ]
[ 4 ]
[ 4 17 ]
[ 4 17 ]
[ 4 17 ]
[ 4 17 ]
[ 4 17 ]
[ ]
[ ]
[ 5 18 ]
[ 5 18 ]
[ 5 18 ]
[ 5 18 ]
[ 5 18 ]
[ 5 ]
[ 5 ]
[ 5 19 ]
[ 5 19 ]
[ 5 19 ]
[ 5 19 ]
[ 5 19 ]
[ ]
[ ]
[ 6 20 ]
[ 6 20 ]
[ 6 20 ]
[ 6 20 ]
[ 6 20 ]
[ 6 ]
[ 6 ]
[ 6 21 ]
[ 6 21 ]
[ 6 21 ]
[ 6 21 ]
[ 6 21 ]
[ ]
[ ]
[ 7 22 ]
[ 7 22 ]
[ 7 22 ]
[ 7 22 ]
[ 7 22 ]
[ 7 ]
[ 7 ]
[ 7 23 ]
[ 7 23 ]
[ 7 23 ]
[ 7 23 ]
[ 7 23 ]
[ ]
[ ]
[ 8 24 ]
[ 8 24 ]
[ 8 24 ]
[ 8 24 ]
[ 8 24 ]
[ 8 ]
[ 8 ]
[ 8 25 ]
[ 8 25 ]
[ 8 25 ]
[ 8 25 ]
[ 8 25 ]
[ ]
[ ]
[ 9 26 ]
[ 9 26 ]
[ 9 26 ]
[ 9 26 ]
[ 9 26 ]
[ 9 ]
[ 9 ]
[ 9 27 ]
]

ProjectStart: [ 22 39 ]

ProjectEnd: [ 68 115 ]

EarliestStartDayForActivity: [ 1 22 22 22 33 35 46 46 55 31 33 39 46 46 55 55 22 1 39 39 47 47 65 39 87 61 96 96 73 61 65 61 65 73 81 73 102 73 65 81 96 90 81 102 ]

LatestStartDayForActivity: [ 1 68 68 68 68 68 68 68 68 68 68 68 68 68 68 68 68 1 115 115 115 115 115 115 115 115 115 115 115 115 115 115 115 115 115 115 115 115 115 115 115 115 115 115 ]

EquipmentTypeDemandInActivityWithMode: [
0	1	
0	1	
1	3	
2	4	
1	3	
1	3	
0	1	
0	1	
0	1	
1	3	
1	3	
0	1	
1	3	
0	1	
2	4	
0	1	
1	3	
0	1	
2	4	
0	1	
0	1	
0	1	
0	1	
0	1	
0	1	
0	1	
0	1	
0	1	
0	1	
0	1	
0	1	
0	1	
1	3	
2	4	
0	1	
0	1	
0	1	
1	3	
2	4	
0	1	
0	1	
1	3	
0	1	
0	1	

0	1	
0	1	
1	3	
0	1	
0	1	
1	3	
0	1	
0	1	
1	3	
0	1	
1	3	
0	1	
0	1	
0	1	
1	3	
0	1	
0	1	
0	1	
1	3	
1	3	
0	1	
1	3	
1	3	
1	3	
0	1	
0	1	
1	3	
0	1	
1	3	
0	1	
1	3	
1	3	
0	1	
0	1	
0	1	
0	1	
1	3	
0	1	
0	1	
1	3	
2	4	
1	3	
1	3	
1	3	

0	1	
1	3	
0	1	
0	1	
1	3	
2	4	
1	3	
1	3	
0	1	
1	3	
1	3	
0	1	
1	3	
1	3	
1	3	
3	6	
2	4	
0	1	
0	1	
1	3	
2	4	
2	4	
0	1	
0	1	
1	3	
1	3	
0	1	
1	3	
1	3	
0	1	
0	1	
0	1	
1	3	
0	1	
2	4	
1	3	
3	6	
1	3	
1	3	
0	1	
0	1	
2	4	
1	3	
1	3	

]

ExternalEquipmentRentingCost: [
4576	2967	3547	3389	2597	4812	1383	2255	1423	1484	1671	1110	4399	4143	5950	4061	3997	3656	2863	5410	2864	2924	3432	2697	1982	1243	4755	1820	3247	5371	3745	4318	5117	5484	3694	3744	4372	3206	1809	3114	1631	5070	5467	5788	
3118	3326	1864	1939	3384	2663	4358	1703	1016	5325	2981	4215	2999	5644	2748	4326	5994	3135	5028	2166	4441	4317	3894	4448	5893	1354	4769	3010	5671	5020	1082	3630	4224	3057	3215	4175	1584	4949	3714	5036	2912	4571	5464	1856	
3787	2305	1425	4196	1928	5252	2461	4667	2466	4115	2373	2377	1248	4267	1875	5584	3149	2846	1667	1860	1279	1279	1235	1703	1765	3206	3033	2328	4534	3116	2379	1263	3257	2595	4890	4419	5900	1130	5803	4202	2818	1059	4913	4714	
]

EquipmentTypeTransportationCost: [
1	4124	
4124	1	

1	3108	
3108	1	

1	3861	
3861	1	

]

TransportationTimeForEquipmentTypeBetweenProjects: [
1	3	
3	1	

1	3	
3	1	

1	3	
3	1	

]

TotalNumberOfInitialEquipmentTypeLocation: [
(1 1) 1 (1 18) 1 
(2 18) 2 
(3 1) 3 (3 18) 3 
]

DepotActivities: [ 1 18 ]

MaximalStintCliques: [
[ 2 1 12 ]
[ 2 3 14 ]
[ 2 13 ]
[ 4 17 ]
[ 4 18 5 ]
[ 4 3 16 ]
[ 5 19 ]
[ 5 20 6 ]
[ 6 21 ]
[ 6 22 7 ]
[ 7 8 24 ]
[ 7 23 ]
[ 8 9 26 ]
[ 8 25 ]
[ 9 27 ]
[ 10 1 ]
[ 11 1 ]
[ 15 3 ]
]
