nEmployees: 30
nSkills: 2
nProjects: 2
nDays: 180
nActivities: 85
nEquipmentTypes: 6
nStints: 26
nMaxModes: 3
nStintCliques: 12

EmployeeInStintCost: [
40778 40778 40778 40778 40778 40778 40778 40778 40778 40778 40778 39566 28210 30588 30588 30588 30588 30588 30588 30588 30588 30588 30588 30588 30588 25134 
39920 39920 39920 39920 39920 39920 39920 39920 39920 39920 39920 38672 27064 32404 32404 32404 32404 32404 32404 32404 32404 32404 32404 32404 32404 26788 
40056 40056 40056 40056 40056 40056 40056 40056 40056 40056 40056 38712 26432 34060 34060 34060 34060 34060 34060 34060 34060 34060 34060 34060 34060 28012 
38376 38376 38376 38376 38376 38376 38376 38376 38376 38376 38376 37128 25520 35308 35308 35308 35308 35308 35308 35308 35308 35308 35308 35308 35308 29692 
38558 38558 38558 38558 38558 38558 38558 38558 38558 38558 38558 37370 26182 36636 36636 36636 36636 36636 36636 36636 36636 36636 36636 36636 36636 31290 
41302 41302 41302 41302 41302 41302 41302 41302 41302 41302 41302 40114 28926 38980 38980 38980 38980 38980 38980 38980 38980 38980 38980 38980 38980 33634 
43474 43474 43474 43474 43474 43474 43474 43474 43474 43474 43474 42262 30906 41396 41396 41396 41396 41396 41396 41396 41396 41396 41396 41396 41396 35942 
40730 40730 40730 40730 40730 40730 40730 40730 40730 40730 40730 39422 27394 33004 33004 33004 33004 33004 33004 33004 33004 33004 33004 33004 33004 27118 
45552 45552 45552 45552 45552 45552 45552 45552 45552 45552 45552 44160 31544 13920 13920 13920 13920 13920 13920 13920 13920 13920 13920 13920 13920 7656 
40734 40734 40734 40734 40734 40734 40734 40734 40734 40734 40734 39450 27590 32660 32660 32660 32660 32660 32660 32660 32660 32660 32660 32660 32660 26882 
41594 41594 41594 41594 41594 41594 41594 41594 41594 41594 41594 40334 28642 31732 31732 31732 31732 31732 31732 31732 31732 31732 31732 31732 31732 26062 
45904 45904 45904 45904 45904 45904 45904 45904 45904 45904 45904 44512 31896 43196 43196 43196 43196 43196 43196 43196 43196 43196 43196 43196 43196 36932 
41788 41788 41788 41788 41788 41788 41788 41788 41788 41788 41788 40564 29124 39340 39340 39340 39340 39340 39340 39340 39340 39340 39340 39340 39340 33832 
40978 40978 40978 40978 40978 40978 40978 40978 40978 40978 40978 39814 28794 38740 38740 38740 38740 38740 38740 38740 38740 38740 38740 38740 38740 33502 
38700 38700 38700 38700 38700 38700 38700 38700 38700 38700 38700 37428 25652 35548 35548 35548 35548 35548 35548 35548 35548 35548 35548 35548 35548 29824 
44770 44770 44770 44770 44770 44770 44770 44770 44770 44770 44770 43462 31434 42356 42356 42356 42356 42356 42356 42356 42356 42356 42356 42356 42356 36470 
41644 41644 41644 41644 41644 41644 41644 41644 41644 41644 41644 40516 29748 39868 39868 39868 39868 39868 39868 39868 39868 39868 39868 39868 39868 34792 
18144 18144 18144 18144 18144 18144 18144 18144 18144 18144 18144 16800 7392 35780 35780 35780 35780 35780 35780 35780 35780 35780 35780 35780 35780 29732 
39084 39084 39084 39084 39084 39084 39084 39084 39084 39084 39084 37812 26036 33340 33340 33340 33340 33340 33340 33340 33340 33340 33340 33340 33340 27616 
18526 18526 18526 18526 18526 18526 18526 18526 18526 18526 18526 17290 8638 34828 34828 34828 34828 34828 34828 34828 34828 34828 34828 34828 34828 29266 
37566 37566 37566 37566 37566 37566 37566 37566 37566 37566 37566 36378 25190 34708 34708 34708 34708 34708 34708 34708 34708 34708 34708 34708 34708 29362 
17878 17878 17878 17878 17878 17878 17878 17878 17878 17878 17878 16690 8374 34348 34348 34348 34348 34348 34348 34348 34348 34348 34348 34348 34348 29002 
43406 43406 43406 43406 43406 43406 43406 43406 43406 43406 43406 42026 29494 31676 31676 31676 31676 31676 31676 31676 31676 31676 31676 31676 31676 25466 
42566 42566 42566 42566 42566 42566 42566 42566 42566 42566 42566 41234 29038 32452 32452 32452 32452 32452 32452 32452 32452 32452 32452 32452 32452 26458 
17496 17496 17496 17496 17496 17496 17496 17496 17496 17496 17496 16200 7128 35300 35300 35300 35300 35300 35300 35300 35300 35300 35300 35300 35300 29468 
18364 18364 18364 18364 18364 18364 18364 18364 18364 18364 18364 17140 8572 34708 34708 34708 34708 34708 34708 34708 34708 34708 34708 34708 34708 29200 
39906 39906 39906 39906 39906 39906 39906 39906 39906 39906 39906 38790 28106 29300 29300 29300 29300 29300 29300 29300 29300 29300 29300 29300 29300 24278 
40392 40392 40392 40392 40392 40392 40392 40392 40392 40392 40392 39240 28304 29660 29660 29660 29660 29660 29660 29660 29660 29660 29660 29660 29660 24476 
19962 19962 19962 19962 19962 19962 19962 19962 19962 19962 19962 18750 10266 34780 34780 34780 34780 34780 34780 34780 34780 34780 34780 34780 34780 29326 
41158 41158 41158 41158 41158 41158 41158 41158 41158 41158 41158 39922 28398 39060 39060 39060 39060 39060 39060 39060 39060 39060 39060 39060 39060 33498 
]

ExternalWorkerWithSkillOnStintCost: [
34524 40992 49392 40488 42252 34524 35112 38808 47292 34104 35448 41580 36288 32184 33624 37080 37728 28800 30528 41544 41832 39816 31896 32616 43128 29664 
44184 40992 46452 35448 41160 36876 38304 44268 35952 33768 36708 34944 31608 30888 42624 42624 42984 38232 29088 31032 39384 41040 34128 33984 34848 35856 
]

OverlappingStints: [
[ 2 14 15 ]
[ 3 14 15 16 ]
[ 4 15 16 17 ]
[ 5 16 17 18 ]
[ 6 17 18 19 ]
[ 7 18 19 20 ]
[ 8 19 20 21 ]
[ 9 20 21 22 ]
[ 10 21 22 23 ]
[ 11 22 23 24 ]
[ 12 23 24 25 ]
[ 13 24 25 26 ]
[ 25 26 ]
[ 15 ]
[ 16 ]
[ 17 ]
[ 18 ]
[ 19 ]
[ 20 ]
[ 21 ]
[ 22 ]
[ 23 ]
[ 24 ]
[ 25 ]
[ 26 ]
[ ]
]

EmployeesWithSkill: [
[ 1 2 3 4 5 6 7 8 9 10 11 12 13 14 15 16 17 18 19 20 21 22 23 24 25 26 27 28 29 30 ]
[ 2 3 4 7 9 10 12 13 15 18 19 20 21 23 24 25 28 29 ]
]

SkillDemandInActivityWithMode: [
0	0	0	
3	6	2	
5	9	4	
3	6	2	
6	10	4	
3	6	2	
3	6	2	
7	12	5	
7	12	5	
1	3	1	
3	6	2	
7	12	5	
4	7	3	
4	7	3	
2	4	2	
7	12	5	
4	7	3	
7	12	5	
6	10	4	
4	7	3	
2	4	2	
5	9	4	
3	6	2	
4	7	3	
7	12	5	
6	10	4	
2	4	2	
7	12	5	
5	9	4	
3	6	2	
4	7	3	
7	12	5	
5	9	4	
3	6	2	
0	0	0	
2	4	2	
1	3	1	
2	4	2	
1	3	1	
1	3	1	
1	3	1	
1	3	1	
1	3	1	
1	3	1	
2	4	2	
2	4	2	
2	4	2	
1	3	1	
1	3	1	
1	3	1	
2	4	2	
1	3	1	
1	3	1	
1	3	1	
1	3	1	
1	3	1	
2	4	2	
1	3	1	
1	3	1	
1	3	1	
1	3	1	
1	3	1	
1	3	1	
1	3	1	
1	3	1	
2	4	2	
1	3	1	
2	4	2	
1	3	1	
1	3	1	
2	4	2	
2	4	2	
1	3	1	
1	3	1	
1	3	1	
1	3	1	
1	3	1	
1	3	1	
1	3	1	
1	3	1	
1	3	1	
1	3	1	
1	3	1	
1	3	1	
1	3	1	

0	0	0	
1	3	1	
2	4	2	
1	3	1	
3	6	2	
1	3	1	
1	3	1	
3	6	2	
3	6	2	
0	1	0	
1	3	1	
3	6	2	
2	4	2	
2	4	2	
1	3	1	
4	7	3	
2	4	2	
4	7	3	
3	6	2	
2	4	2	
0	1	0	
2	4	2	
1	3	1	
2	4	2	
3	6	2	
3	6	2	
0	1	0	
4	7	3	
2	4	2	
1	3	1	
2	4	2	
4	7	3	
2	4	2	
1	3	1	
0	0	0	
0	1	0	
0	1	0	
0	1	0	
0	1	0	
0	1	0	
0	1	0	
0	1	0	
0	1	0	
0	1	0	
0	1	0	
0	1	0	
0	1	0	
0	1	0	
0	1	0	
0	1	0	
0	1	0	
0	1	0	
0	1	0	
0	1	0	
0	1	0	
0	1	0	
0	1	0	
0	1	0	
0	1	0	
0	1	0	
0	1	0	
0	1	0	
0	1	0	
0	1	0	
0	1	0	
0	1	0	
0	1	0	
0	1	0	
0	1	0	
0	1	0	
0	1	0	
0	1	0	
0	1	0	
0	1	0	
0	1	0	
0	1	0	
0	1	0	
0	1	0	
0	1	0	
0	1	0	
0	1	0	
0	1	0	
0	1	0	
0	1	0	
0	1	0	

]

EmployeeAvailability: [
1 1 1 1 1 1 1 1 1 1 1 1 1 1 1 1 1 1 1 1 1 1 1 1 1 1 
1 1 0 1 1 1 1 1 0 1 0 1 1 1 1 1 1 1 1 1 1 0 1 0 1 1 
1 1 1 1 1 1 1 1 1 0 0 1 1 1 1 1 1 1 1 1 1 1 0 0 1 1 
1 1 1 1 1 1 1 1 1 0 1 1 1 1 1 1 1 1 1 1 1 1 0 1 1 1 
1 1 1 1 1 0 1 1 1 1 1 0 1 1 1 1 1 1 0 1 1 1 1 1 1 1 
1 1 1 1 1 1 1 1 1 1 1 1 1 1 1 1 1 1 1 1 1 1 1 1 1 1 
1 1 0 1 1 1 1 1 1 0 1 1 1 1 1 0 1 1 1 1 1 1 1 1 1 1 
1 1 1 1 1 1 1 1 1 0 0 1 1 1 1 1 1 1 1 1 1 1 1 0 1 1 
1 1 1 1 0 1 1 1 1 1 1 0 0 1 1 1 1 0 1 1 1 1 1 1 0 0 
1 1 1 1 1 1 1 0 1 1 1 1 1 1 1 1 1 1 1 1 1 1 1 1 1 1 
0 0 0 1 1 1 1 1 1 1 1 1 1 0 0 1 1 1 1 1 1 1 1 1 1 1 
1 1 1 1 0 1 1 1 1 1 1 1 1 1 1 1 1 0 1 1 1 1 1 1 1 1 
1 1 1 1 1 1 1 1 1 0 1 1 1 1 1 1 1 1 1 1 1 1 0 1 1 1 
1 1 1 1 1 1 1 1 1 1 1 1 1 1 1 1 1 1 1 1 1 1 1 1 1 1 
1 1 1 0 1 1 1 1 1 0 1 1 1 1 1 1 0 1 1 1 1 1 0 1 1 1 
1 1 1 1 0 1 1 1 1 1 1 1 1 1 1 1 1 0 1 1 1 1 1 1 1 1 
1 1 0 1 0 1 1 1 1 1 0 1 1 1 1 0 1 0 1 1 1 1 1 0 1 1 
1 1 1 1 1 1 1 1 0 1 0 1 1 1 1 1 1 1 1 1 1 0 1 0 1 1 
1 1 0 1 1 1 1 0 1 1 1 1 1 1 1 0 1 1 1 1 1 1 1 1 1 1 
1 1 1 1 1 1 0 1 1 1 1 1 1 1 1 1 1 1 1 0 1 1 1 1 1 1 
1 1 1 1 0 1 1 1 1 1 1 1 1 1 1 1 1 1 1 1 1 1 1 1 1 1 
0 1 1 1 1 0 1 1 0 1 1 1 1 0 1 1 1 1 0 1 1 1 1 1 1 1 
1 1 1 1 1 1 1 0 1 1 1 1 1 1 1 1 1 1 1 1 0 1 1 1 1 1 
1 1 1 1 1 1 1 1 1 1 1 0 1 1 1 1 1 1 1 1 1 1 1 1 0 1 
1 1 1 1 1 1 0 1 1 1 1 0 1 1 1 1 1 1 1 0 1 1 1 1 0 1 
1 1 1 1 0 1 1 1 1 1 0 1 1 1 1 1 1 0 1 1 1 1 1 0 1 1 
1 1 1 1 1 1 1 0 1 1 1 1 1 1 1 1 1 1 1 1 0 1 1 1 1 1 
1 1 1 1 1 1 1 0 0 1 1 1 1 1 1 1 1 1 1 1 0 0 1 1 1 1 
1 0 1 1 1 1 1 1 1 1 1 1 1 1 0 1 1 1 1 1 1 1 1 1 1 1 
1 1 1 1 1 1 1 1 1 1 1 1 0 1 1 1 1 1 1 1 1 1 1 1 1 0 
]

EmployeeWantedInStint: [ (2 18) 1 (3 9) 1 (4 10) 1 (5 19) 1 (11 15) 1 (11 17) 1 (11 24) 1 (14 7) 1 (14 17) 1 (16 4) 1 (18 16) 1 (18 17) 1 (22 9) 1 (24 7) 1 (25 11) 1 (28 19) 1 (30 1) 1 (30 18) 1 ]

EmployeeWantedViolationCost: [ (2 18) 10000 (3 9) 10000 (4 10) 14000 (5 19) 11000 (11 15) 7000 (11 17) 8000 (11 24) 6000 (14 7) 8000 (14 17) 6000 (16 4) 10000 (18 16) 11000 (18 17) 9000 (22 9) 14000 (24 7) 6000 (25 11) 5000 (28 19) 10000 (30 1) 7000 (30 18) 15000 ]

EmployeesThatShouldNotWorkTogetherWithEmployee: [
[ 12 ]
[ ]
[ 14 ]
[ 19 ]
[ ]
[ ]
[ 23 ]
[ ]
[ ]
[ 17 27 ]
[ ]
[ 15 30 ]
[ 24 ]
[ ]
[ 20 ]
[ ]
[ ]
[ ]
[ ]
[ ]
[ ]
[ 24 ]
[ ]
[ ]
[ ]
[ ]
[ ]
[ ]
[ ]
[ ]
]

ShouldNotWorkTogetherCost: [ (1 12) 297 (3 14) 198 (4 19) 396 (7 23) 99 (10 17) 396 (10 27) 396 (12 15) 198 (12 30) 396 (13 24) 396 (15 20) 99 (22 24) 297 ]

ImmediatePredecessorsToActivity: [
[ ]
[ 1 ]
[ 1 ]
[ 1 ]
[ 1 ]
[ 4 ]
[ 3 5 ]
[ 2 4 5 ]
[ 6 ]
[ 1 ]
[ 1 ]
[ 7 9 ]
[ 12 ]
[ 5 ]
[ 7 ]
[ 2 14 ]
[ 6 7 ]
[ 6 8 ]
[ 2 6 14 ]
[ 17 18 ]
[ 2 5 11 ]
[ 8 9 17 ]
[ 7 14 18 ]
[ 3 11 16 ]
[ 4 5 9 16 17 ]
[ 2 17 18 ]
[ 1 ]
[ 1 ]
[ 4 5 27 ]
[ 6 8 11 14 27 ]
[ 6 12 24 ]
[ 8 24 25 26 28 ]
[ 3 8 9 ]
[ 7 14 18 ]
[ ]
[ 35 ]
[ 35 ]
[ 35 ]
[ 36 38 ]
[ 35 ]
[ 37 ]
[ 38 ]
[ 36 ]
[ 37 42 43 ]
[ 37 38 43 ]
[ 43 ]
[ 35 ]
[ 38 ]
[ 35 ]
[ 35 ]
[ 43 48 49 ]
[ 38 40 ]
[ 50 ]
[ 53 ]
[ 37 48 53 ]
[ 36 40 47 49 50 ]
[ 36 42 50 52 55 ]
[ 38 47 53 ]
[ 37 48 ]
[ 38 49 ]
[ 60 ]
[ 36 ]
[ 40 60 ]
[ 36 ]
[ 37 38 47 49 50 61 ]
[ 47 53 60 ]
[ 40 53 ]
[ 49 52 59 67 ]
[ 40 48 53 61 ]
[ 42 66 ]
[ 47 51 55 ]
[ 61 ]
[ 43 49 61 66 ]
[ 52 61 ]
[ 43 48 49 61 ]
[ 59 66 72 ]
[ 43 49 50 55 ]
[ 47 49 50 ]
[ 40 43 47 60 72 ]
[ 36 37 53 ]
[ 49 ]
[ 53 81 ]
[ 55 78 80 81 ]
[ 47 ]
[ 42 43 52 ]
]

ActivitiesInProject: [
[ 1 2 3 4 5 6 7 8 9 10 11 12 13 14 15 16 17 18 19 20 21 22 23 24 25 26 27 28 29 30 31 32 33 34 ]
[ 35 36 37 38 39 40 41 42 43 44 45 46 47 48 49 50 51 52 53 54 55 56 57 58 59 60 61 62 63 64 65 66 67 68 69 70 71 72 73 74 75 76 77 78 79 80 81 82 83 84 85 ]
]

nActivityModes: [ 3 3 3 3 3 3 3 3 3 3 3 3 3 3 3 3 3 3 3 3 3 3 3 3 3 3 3 3 3 3 3 3 3 3 3 3 3 3 3 3 3 3 3 3 3 3 3 3 3 3 3 3 3 3 3 3 3 3 3 3 3 3 3 3 3 3 3 3 3 3 3 3 3 3 3 3 3 3 3 3 3 3 3 3 3 ]

ActivitiyDurationWithMode: [
1	1	1	
25	17	34	
17	12	23	
25	17	34	
14	10	19	
25	17	34	
32	22	43	
12	8	16	
12	8	16	
89	60	119	
25	17	34	
12	8	16	
22	15	30	
21	14	28	
43	29	58	
11	8	15	
21	14	28	
11	8	15	
13	9	18	
20	14	27	
61	41	82	
15	10	20	
25	17	34	
19	13	26	
12	8	16	
13	9	18	
64	43	86	
11	8	15	
17	12	23	
29	20	39	
19	13	26	
11	8	15	
15	10	20	
35	24	47	
1	1	1	
13	9	18	
43	29	58	
14	10	19	
101	68	135	
72	48	96	
80	54	107	
75	50	100	
87	58	116	
24	16	32	
16	11	22	
16	11	22	
13	9	18	
50	34	67	
26	18	35	
28	19	38	
14	10	19	
17	12	23	
20	14	27	
67	45	90	
38	26	51	
44	30	59	
15	10	20	
47	32	63	
41	28	55	
35	24	47	
28	19	38	
98	66	131	
52	35	70	
108	72	144	
30	20	40	
15	10	20	
36	24	48	
14	10	19	
22	15	30	
36	24	48	
12	8	16	
13	9	18	
24	16	32	
24	16	32	
22	15	30	
18	12	24	
19	13	26	
54	36	72	
19	13	26	
46	31	62	
40	27	54	
34	23	46	
20	14	27	
108	72	144	
16	11	22	
]
StintsInProject: [
[ 1 2 3 4 5 6 7 8 9 10 11 12 13 ]
[ 14 15 16 17 18 19 20 21 22 23 24 25 26 ]
]

WorkingStintsOnDay: [
[ 1 14 ]
[ 1 14 ]
[ 1 14 ]
[ 1 14 ]
[ 1 14 ]
[ 1 14 ]
[ 1 14 ]
[ 1 14 ]
[ 1 14 ]
[ 1 14 ]
[ 1 14 ]
[ 1 14 ]
[ 1 ]
[ 1 ]
[ 2 15 ]
[ 2 15 ]
[ 2 15 ]
[ 2 15 ]
[ 2 15 ]
[ 2 15 ]
[ 2 15 ]
[ 2 15 ]
[ 2 15 ]
[ 2 15 ]
[ 2 15 ]
[ 2 15 ]
[ 2 ]
[ 2 ]
[ 3 16 ]
[ 3 16 ]
[ 3 16 ]
[ 3 16 ]
[ 3 16 ]
[ 3 16 ]
[ 3 16 ]
[ 3 16 ]
[ 3 16 ]
[ 3 16 ]
[ 3 16 ]
[ 3 16 ]
[ 3 ]
[ 3 ]
[ 4 17 ]
[ 4 17 ]
[ 4 17 ]
[ 4 17 ]
[ 4 17 ]
[ 4 17 ]
[ 4 17 ]
[ 4 17 ]
[ 4 17 ]
[ 4 17 ]
[ 4 17 ]
[ 4 17 ]
[ 4 ]
[ 4 ]
[ 5 18 ]
[ 5 18 ]
[ 5 18 ]
[ 5 18 ]
[ 5 18 ]
[ 5 18 ]
[ 5 18 ]
[ 5 18 ]
[ 5 18 ]
[ 5 18 ]
[ 5 18 ]
[ 5 18 ]
[ 5 ]
[ 5 ]
[ 6 19 ]
[ 6 19 ]
[ 6 19 ]
[ 6 19 ]
[ 6 19 ]
[ 6 19 ]
[ 6 19 ]
[ 6 19 ]
[ 6 19 ]
[ 6 19 ]
[ 6 19 ]
[ 6 19 ]
[ 6 ]
[ 6 ]
[ 7 20 ]
[ 7 20 ]
[ 7 20 ]
[ 7 20 ]
[ 7 20 ]
[ 7 20 ]
[ 7 20 ]
[ 7 20 ]
[ 7 20 ]
[ 7 20 ]
[ 7 20 ]
[ 7 20 ]
[ 7 ]
[ 7 ]
[ 8 21 ]
[ 8 21 ]
[ 8 21 ]
[ 8 21 ]
[ 8 21 ]
[ 8 21 ]
[ 8 21 ]
[ 8 21 ]
[ 8 21 ]
[ 8 21 ]
[ 8 21 ]
[ 8 21 ]
[ 8 ]
[ 8 ]
[ 9 22 ]
[ 9 22 ]
[ 9 22 ]
[ 9 22 ]
[ 9 22 ]
[ 9 22 ]
[ 9 22 ]
[ 9 22 ]
[ 9 22 ]
[ 9 22 ]
[ 9 22 ]
[ 9 22 ]
[ 9 ]
[ 9 ]
[ 10 23 ]
[ 10 23 ]
[ 10 23 ]
[ 10 23 ]
[ 10 23 ]
[ 10 23 ]
[ 10 23 ]
[ 10 23 ]
[ 10 23 ]
[ 10 23 ]
[ 10 23 ]
[ 10 23 ]
[ 10 ]
[ 10 ]
[ 11 24 ]
[ 11 24 ]
[ 11 24 ]
[ 11 24 ]
[ 11 24 ]
[ 11 24 ]
[ 11 24 ]
[ 11 24 ]
[ 11 24 ]
[ 11 24 ]
[ 11 24 ]
[ 11 24 ]
[ 11 ]
[ 11 ]
[ 12 25 ]
[ 12 25 ]
[ 12 25 ]
[ 12 25 ]
[ 12 25 ]
[ 12 25 ]
[ 12 25 ]
[ 12 25 ]
[ 12 25 ]
[ 12 25 ]
[ 12 25 ]
[ 12 25 ]
[ 12 ]
[ 12 ]
[ 13 26 ]
[ 13 26 ]
[ 13 26 ]
[ 13 26 ]
[ 13 26 ]
[ 13 26 ]
[ 13 26 ]
[ 13 26 ]
[ 13 26 ]
[ 13 26 ]
[ 13 26 ]
[ 13 26 ]
]

ProjectStart: [ 28 24 ]

ProjectEnd: [ 125 173 ]

EarliestStartDayForActivity: [ 1 28 28 28 28 53 45 53 78 28 28 90 102 42 77 63 78 78 78 99 53 99 89 74 99 99 28 28 92 92 102 112 90 89 1 24 24 24 40 24 75 40 39 142 142 142 24 40 24 24 142 108 58 80 100 108 144 80 100 54 95 39 108 39 129 95 108 150 129 129 158 129 142 129 142 147 144 58 144 80 54 102 144 39 142 ]

LatestStartDayForActivity: [ 1 125 125 125 125 125 125 125 125 125 125 125 125 125 125 125 125 125 125 125 125 125 125 125 125 125 125 125 125 125 125 125 125 125 1 173 173 173 173 173 173 173 173 173 173 173 173 173 173 173 173 173 173 173 173 173 173 173 173 173 173 173 173 173 173 173 173 173 173 173 173 173 173 173 173 173 173 173 173 173 173 173 173 173 173 ]

EquipmentTypeDemandInActivityWithMode: [
0	0	0	
2	4	2	
1	3	1	
1	3	1	
1	3	1	
0	1	0	
0	1	0	
0	1	0	
1	3	1	
0	1	0	
3	6	2	
2	4	2	
1	3	1	
1	3	1	
1	3	1	
3	6	2	
1	3	1	
0	1	0	
0	1	0	
0	1	0	
0	1	0	
1	3	1	
1	3	1	
0	1	0	
1	3	1	
3	6	2	
0	1	0	
0	1	0	
1	3	1	
1	3	1	
1	3	1	
1	3	1	
1	3	1	
1	3	1	
0	0	0	
3	6	2	
2	4	2	
0	1	0	
1	3	1	
0	1	0	
0	1	0	
1	3	1	
0	1	0	
2	4	2	
0	1	0	
0	1	0	
2	4	2	
0	1	0	
1	3	1	
1	3	1	
2	4	2	
0	1	0	
0	1	0	
1	3	1	
2	4	2	
0	1	0	
2	4	2	
2	4	2	
2	4	2	
0	1	0	
0	1	0	
1	3	1	
1	3	1	
2	4	2	
0	1	0	
1	3	1	
1	3	1	
3	6	2	
0	1	0	
1	3	1	
2	4	2	
1	3	1	
0	1	0	
1	3	1	
2	4	2	
1	3	1	
2	4	2	
1	3	1	
2	4	2	
1	3	1	
3	6	2	
1	3	1	
1	3	1	
2	4	2	
0	1	0	

0	0	0	
0	1	0	
3	6	2	
0	1	0	
0	1	0	
0	1	0	
0	1	0	
0	1	0	
1	3	1	
3	6	2	
2	4	2	
1	3	1	
2	4	2	
0	1	0	
1	3	1	
0	1	0	
1	3	1	
1	3	1	
2	4	2	
0	1	0	
0	1	0	
5	9	4	
2	4	2	
2	4	2	
1	3	1	
0	1	0	
1	3	1	
2	4	2	
0	1	0	
1	3	1	
0	1	0	
0	1	0	
0	1	0	
3	6	2	
0	0	0	
0	1	0	
1	3	1	
1	3	1	
0	1	0	
0	1	0	
0	1	0	
2	4	2	
0	1	0	
0	1	0	
1	3	1	
1	3	1	
1	3	1	
0	1	0	
0	1	0	
1	3	1	
0	1	0	
0	1	0	
3	6	2	
2	4	2	
0	1	0	
3	6	2	
1	3	1	
1	3	1	
2	4	2	
1	3	1	
0	1	0	
1	3	1	
2	4	2	
1	3	1	
1	3	1	
1	3	1	
1	3	1	
3	6	2	
3	6	2	
0	1	0	
1	3	1	
0	1	0	
1	3	1	
0	1	0	
1	3	1	
0	1	0	
1	3	1	
1	3	1	
0	1	0	
1	3	1	
0	1	0	
1	3	1	
0	1	0	
1	3	1	
0	1	0	

0	0	0	
1	3	1	
2	4	2	
2	4	2	
1	3	1	
0	1	0	
0	1	0	
2	4	2	
2	4	2	
1	3	1	
1	3	1	
0	1	0	
3	6	2	
1	3	1	
0	1	0	
0	1	0	
0	1	0	
1	3	1	
0	1	0	
1	3	1	
0	1	0	
1	3	1	
2	4	2	
1	3	1	
1	3	1	
1	3	1	
0	1	0	
0	1	0	
0	1	0	
4	7	3	
0	1	0	
1	3	1	
1	3	1	
0	1	0	
0	0	0	
3	6	2	
1	3	1	
1	3	1	
1	3	1	
0	1	0	
1	3	1	
2	4	2	
2	4	2	
1	3	1	
2	4	2	
2	4	2	
0	1	0	
0	1	0	
0	1	0	
0	1	0	
1	3	1	
1	3	1	
2	4	2	
0	1	0	
2	4	2	
0	1	0	
2	4	2	
1	3	1	
0	1	0	
1	3	1	
1	3	1	
0	1	0	
2	4	2	
0	1	0	
2	4	2	
4	7	3	
0	1	0	
0	1	0	
0	1	0	
1	3	1	
1	3	1	
2	4	2	
2	4	2	
3	6	2	
0	1	0	
0	1	0	
2	4	2	
1	3	1	
1	3	1	
1	3	1	
1	3	1	
0	1	0	
1	3	1	
0	1	0	
3	6	2	

0	0	0	
0	1	0	
1	3	1	
0	1	0	
0	1	0	
0	1	0	
1	3	1	
1	3	1	
0	1	0	
0	1	0	
1	3	1	
2	4	2	
0	1	0	
2	4	2	
0	1	0	
1	3	1	
0	1	0	
1	3	1	
0	1	0	
1	3	1	
1	3	1	
1	3	1	
1	3	1	
1	3	1	
0	1	0	
0	1	0	
0	1	0	
1	3	1	
0	1	0	
1	3	1	
2	4	2	
0	1	0	
0	1	0	
0	1	0	
0	0	0	
2	4	2	
0	1	0	
1	3	1	
2	4	2	
2	4	2	
0	1	0	
0	1	0	
0	1	0	
0	1	0	
0	1	0	
0	1	0	
2	4	2	
0	1	0	
1	3	1	
1	3	1	
2	4	2	
1	3	1	
1	3	1	
0	1	0	
2	4	2	
1	3	1	
0	1	0	
0	1	0	
3	6	2	
0	1	0	
0	1	0	
1	3	1	
0	1	0	
1	3	1	
0	1	0	
0	1	0	
1	3	1	
1	3	1	
3	6	2	
1	3	1	
3	6	2	
1	3	1	
1	3	1	
0	1	0	
0	1	0	
1	3	1	
0	1	0	
0	1	0	
1	3	1	
0	1	0	
0	1	0	
0	1	0	
1	3	1	
1	3	1	
0	1	0	

0	0	0	
0	1	0	
0	1	0	
0	1	0	
1	3	1	
1	3	1	
1	3	1	
1	3	1	
0	1	0	
1	3	1	
2	4	2	
0	1	0	
2	4	2	
1	3	1	
0	1	0	
0	1	0	
4	7	3	
2	4	2	
0	1	0	
3	6	2	
1	3	1	
0	1	0	
1	3	1	
0	1	0	
0	1	0	
1	3	1	
1	3	1	
0	1	0	
2	4	2	
1	3	1	
1	3	1	
3	6	2	
0	1	0	
0	1	0	
0	0	0	
3	6	2	
1	3	1	
0	1	0	
1	3	1	
2	4	2	
2	4	2	
2	4	2	
1	3	1	
1	3	1	
2	4	2	
0	1	0	
2	4	2	
1	3	1	
0	1	0	
2	4	2	
0	1	0	
1	3	1	
0	1	0	
0	1	0	
1	3	1	
0	1	0	
3	6	2	
0	1	0	
1	3	1	
1	3	1	
1	3	1	
5	9	4	
0	1	0	
1	3	1	
0	1	0	
0	1	0	
0	1	0	
2	4	2	
1	3	1	
0	1	0	
2	4	2	
0	1	0	
0	1	0	
3	6	2	
1	3	1	
0	1	0	
1	3	1	
0	1	0	
0	1	0	
2	4	2	
2	4	2	
1	3	1	
1	3	1	
2	4	2	
2	4	2	

0	0	0	
1	3	1	
1	3	1	
1	3	1	
0	1	0	
1	3	1	
3	6	2	
2	4	2	
0	1	0	
1	3	1	
1	3	1	
3	6	2	
0	1	0	
1	3	1	
1	3	1	
0	1	0	
2	4	2	
2	4	2	
1	3	1	
0	1	0	
1	3	1	
3	6	2	
2	4	2	
1	3	1	
0	1	0	
1	3	1	
2	4	2	
0	1	0	
2	4	2	
1	3	1	
1	3	1	
2	4	2	
1	3	1	
2	4	2	
0	0	0	
1	3	1	
0	1	0	
2	4	2	
0	1	0	
1	3	1	
3	6	2	
2	4	2	
0	1	0	
4	7	3	
0	1	0	
1	3	1	
0	1	0	
3	6	2	
1	3	1	
0	1	0	
3	6	2	
1	3	1	
1	3	1	
0	1	0	
2	4	2	
2	4	2	
0	1	0	
0	1	0	
0	1	0	
2	4	2	
0	1	0	
1	3	1	
0	1	0	
1	3	1	
0	1	0	
0	1	0	
0	1	0	
1	3	1	
1	3	1	
2	4	2	
1	3	1	
0	1	0	
0	1	0	
3	6	2	
0	1	0	
3	6	2	
1	3	1	
0	1	0	
3	6	2	
1	3	1	
0	1	0	
1	3	1	
0	1	0	
3	6	2	
0	1	0	

]

ExternalEquipmentRentingCost: [
2064	1817	4768	4100	4750	5688	4177	1332	1194	4834	1802	2400	3187	2504	4729	1221	1248	1181	1793	4179	1476	4430	3193	2834	1432	4497	3023	1519	1440	2669	1576	4611	3967	5601	5622	5932	3086	1350	1322	1232	3297	1411	5753	1923	2082	1832	3414	4021	1445	5373	3691	5191	3133	4165	2317	1085	2233	3278	3953	3434	1110	4391	3709	3228	5358	4008	2796	4632	2125	2573	1450	2841	3968	2017	2263	4686	1938	3530	4404	4362	4699	3716	1336	5901	3301	
3594	5909	3377	4438	1824	5172	1343	5404	1161	5121	1962	3504	5267	5142	1345	1622	1629	5927	5209	3192	3158	2868	1928	5299	5192	2678	2458	2217	2216	4356	2463	4577	3007	3549	4751	3536	4841	2802	1232	2716	3257	2795	4623	4382	4526	2331	3408	3600	5790	1425	1889	1137	2853	4328	5803	1524	1289	1033	1186	4636	2903	2636	5045	5239	5459	5994	4562	2000	2062	4476	4745	5454	3647	4077	5338	3789	1391	1719	2559	1918	5030	4131	4865	4636	4090	
1029	4670	5921	4660	5303	5291	1011	4185	1887	1166	2720	3266	5703	5408	4405	5377	2469	2661	4956	2171	2982	2092	3476	1296	4981	4858	4312	3676	1597	3004	3611	4162	4325	1745	2538	2960	4649	1083	2114	3408	5675	3660	3881	3232	5705	1220	2627	4856	4077	2031	1883	2093	2231	2781	4721	3124	3742	1060	4630	1346	1365	4893	5487	1843	2402	3422	4075	3887	1331	1547	2663	4204	4395	2834	5591	1028	2866	1624	4862	1981	3012	3585	1462	2794	1137	
2159	1388	3855	4122	3633	4701	3279	5004	5802	3840	2066	2693	5432	1306	4408	2895	2513	2989	5916	2331	3928	4135	5749	1713	2849	2395	5847	3479	2684	3730	3748	3324	2236	2431	2495	2157	2859	2835	5164	2494	1782	3403	1690	4250	5334	3418	3765	5126	1540	4542	5031	3920	2926	4564	2742	4884	3909	4177	2217	1134	5326	2056	1615	1429	4120	1364	2316	2041	2152	2511	5688	3224	5937	1348	3572	2830	3051	2468	4355	5468	1969	5428	1474	4710	1002	
1752	1693	4441	3761	1960	5494	1303	1400	2439	3731	2791	5571	1798	3617	2856	5885	5347	5899	5461	3888	2884	5852	4585	4890	4880	1801	2412	3603	3249	1465	1638	2644	1516	3463	5617	3708	1259	5293	3385	3452	4563	5703	3229	1697	5408	2020	3959	1296	5184	2503	4294	2886	3040	3093	2731	2338	3961	2381	5476	1933	3736	3455	2404	5675	4193	2529	4462	5107	1822	1059	1385	2575	3456	4046	4026	5886	1631	3495	1893	3356	3805	1123	1965	3904	2635	
1070	2992	1537	4108	3802	4454	3736	1490	2975	1498	5795	3482	1113	3869	3607	1186	3312	3427	5147	4421	1305	2531	1196	3674	1980	5910	4525	5233	4150	1407	1588	4281	3476	1889	3405	1222	4509	3259	2064	5599	3523	4642	5205	1359	2760	3586	2169	3291	3660	1576	5172	2312	5809	1926	3782	5605	1288	4237	4959	1450	1196	2448	1277	5571	5684	2675	4034	5430	5297	5057	4335	3366	1556	3688	3889	4850	2561	3562	2773	1684	2413	4923	3962	5576	4877	
]

EquipmentTypeTransportationCost: [
1	3936	
3936	1	

1	4874	
4874	1	

1	3674	
3674	1	

1	4807	
4807	1	

1	4686	
4686	1	

1	4940	
4940	1	

]

TransportationTimeForEquipmentTypeBetweenProjects: [
1	3	
3	1	

1	3	
3	1	

1	3	
3	1	

1	4	
4	1	

1	3	
3	1	

1	3	
3	1	

]

TotalNumberOfInitialEquipmentTypeLocation: [
(1 1) 2 (1 35) 4 
(2 1) 4 (2 35) 4 
(3 1) 2 (3 35) 4 
(4 1) 2 (4 35) 2 
(5 1) 2 (5 35) 3 
(6 1) 5 (6 35) 6 
]

DepotActivities: [ 1 35 ]

MaximalStintCliques: [
[ 2 15 1 14 ]
[ 2 15 3 16 ]
[ 4 17 18 5 ]
[ 4 17 3 16 ]
[ 5 18 19 6 ]
[ 6 19 20 7 ]
[ 7 20 21 8 ]
[ 8 21 9 22 ]
[ 9 22 10 23 ]
[ 10 23 11 24 ]
[ 11 24 25 12 ]
[ 12 25 26 13 ]
]
