nEmployees: 60
nSkills: 3
nProjects: 2
nDays: 90
nActivities: 38
nEquipmentTypes: 7
nStints: 14
nMaxModes: 2
nStintCliques: 6

EmployeeInStintCost: [
32892 32892 32892 32892 32892 28044 11856 34532 34532 34532 34532 34532 33926 18368 
41492 41492 41492 41492 41492 36836 20984 28172 28172 28172 28172 28172 27590 12368 
43274 43274 43274 43274 43274 38090 21314 29492 29492 29492 29492 29492 28844 12698 
33352 33352 33352 33352 33352 28408 12052 34612 34612 34612 34612 34612 33994 18268 
34162 34162 34162 34162 34162 28978 12202 35212 35212 35212 35212 35212 34564 18418 
17010 17010 17010 17010 17010 11970 3150 37948 37948 37948 37948 37948 37318 21424 
31924 31924 31924 31924 31924 27076 10888 35444 35444 35444 35444 35444 34838 19280 
20532 20532 20532 20532 20532 15444 6540 38028 38028 38028 38028 38028 37392 21414 
33424 33424 33424 33424 33424 28288 11596 35596 35596 35596 35596 35596 34954 18892 
43150 43150 43150 43150 43150 37678 20398 13680 13680 13680 13680 13680 12996 3420 
33586 33586 33586 33586 33586 28402 11626 35716 35716 35716 35716 35716 35068 18922 
41820 41820 41820 41820 41820 36972 20784 28588 28588 28588 28588 28588 27982 12424 
34234 34234 34234 34234 34234 28858 11746 36196 36196 36196 36196 36196 35524 19042 
45640 45640 45640 45640 45640 40120 22756 30300 30300 30300 30300 30300 29610 12876 
38716 38716 38716 38716 38716 33484 16624 30900 30900 30900 30900 30900 30246 14016 
39526 39526 39526 39526 39526 34054 16774 31500 31500 31500 31500 31500 30816 14166 
32896 32896 32896 32896 32896 27760 11068 36164 36164 36164 36164 36164 35522 19460 
42178 42178 42178 42178 42178 36994 20218 12960 12960 12960 12960 12960 12312 3240 
33544 33544 33544 33544 33544 28216 11188 36644 36644 36644 36644 36644 35978 19580 
40394 40394 40394 40394 40394 35594 19490 17480 17480 17480 17480 17480 16880 8480 
18306 18306 18306 18306 18306 12882 3390 38908 38908 38908 38908 38908 38230 21664 
32774 32774 32774 32774 32774 27878 11606 36588 36588 36588 36588 36588 35976 20334 
38522 38522 38522 38522 38522 33146 16034 32572 32572 32572 32572 32572 31900 15418 
42626 42626 42626 42626 42626 37634 21194 29012 29012 29012 29012 29012 28388 12578 
40880 40880 40880 40880 40880 35936 19580 17840 17840 17840 17840 17840 17222 8570 
38068 38068 38068 38068 38068 33028 16504 30420 30420 30420 30420 30420 29790 13896 
31804 31804 31804 31804 31804 27148 11296 34396 34396 34396 34396 34396 33814 18592 
39170 39170 39170 39170 39170 33602 16154 33052 33052 33052 33052 33052 32356 15538 
44088 44088 44088 44088 44088 38568 21204 30268 30268 30268 30268 30268 29578 12844 
39040 39040 39040 39040 39040 33712 16684 31140 31140 31140 31140 31140 30474 14076 
37582 37582 37582 37582 37582 32686 16414 30060 30060 30060 30060 30060 29448 13806 
24470 24470 24470 24470 24470 18950 9290 38356 38356 38356 38356 38356 37666 20932 
36712 36712 36712 36712 36712 31384 14356 33588 33588 33588 33588 33588 32922 16524 
32730 32730 32730 32730 32730 27930 11826 34412 34412 34412 34412 34412 33812 18338 
33868 33868 33868 33868 33868 28444 11248 36884 36884 36884 36884 36884 36206 19640 
43150 43150 43150 43150 43150 37678 20398 13680 13680 13680 13680 13680 12996 3420 
24632 24632 24632 24632 24632 19064 9320 38476 38476 38476 38476 38476 37780 20962 
33054 33054 33054 33054 33054 28158 11886 34652 34652 34652 34652 34652 34040 18398 
41530 41530 41530 41530 41530 36538 20098 12480 12480 12480 12480 12480 11856 3120 
35564 35564 35564 35564 35564 30140 12944 35292 35292 35292 35292 35292 34614 18048 
34930 34930 34930 34930 34930 30130 14026 32268 32268 32268 32268 32268 31668 16194 
35642 35642 35642 35642 35642 30266 13154 34772 34772 34772 34772 34772 34100 17618 
42794 42794 42794 42794 42794 38186 22418 28228 28228 28228 28228 28228 27652 12514 
43274 43274 43274 43274 43274 38090 21314 29492 29492 29492 29492 29492 28844 12698 
38230 38230 38230 38230 38230 33142 16534 30540 30540 30540 30540 30540 29904 13926 
44506 44506 44506 44506 44506 39322 22546 29460 29460 29460 29460 29460 28812 12666 
44738 44738 44738 44738 44738 39554 22778 29668 29668 29668 29668 29668 29020 12874 
41492 41492 41492 41492 41492 36836 20984 28172 28172 28172 28172 28172 27590 12368 
34998 34998 34998 34998 34998 29526 12246 36092 36092 36092 36092 36092 35408 18758 
38230 38230 38230 38230 38230 33142 16534 30540 30540 30540 30540 30540 29904 13926 
34998 34998 34998 34998 34998 29526 12246 36092 36092 36092 36092 36092 35408 18758 
33028 33028 33028 33028 33028 28180 11992 34372 34372 34372 34372 34372 33766 18208 
42662 42662 42662 42662 42662 37190 19910 19160 19160 19160 19160 19160 18476 8900 
33054 33054 33054 33054 33054 28158 11886 34652 34652 34652 34652 34652 34040 18398 
37582 37582 37582 37582 37582 32686 16414 30060 30060 30060 30060 30060 29448 13806 
43118 43118 43118 43118 43118 38414 22478 28468 28468 28468 28468 28468 27880 12574 
33544 33544 33544 33544 33544 28216 11188 36644 36644 36644 36644 36644 35978 19580 
32776 32776 32776 32776 32776 27832 11476 35116 35116 35116 35116 35116 34498 18772 
43534 43534 43534 43534 43534 38638 22366 28740 28740 28740 28740 28740 28128 12486 
33748 33748 33748 33748 33748 28516 11656 35836 35836 35836 35836 35836 35182 18952 
]

ExternalWorkerWithSkillOnStintCost: [
44268 42588 47124 39144 36120 44268 17388 38520 30672 42120 38160 34632 39168 14832 
36708 33936 35112 48468 38808 45864 17064 42984 31248 38520 36144 29232 31032 20844 
39144 46788 34104 43764 43008 47544 16308 31032 29808 43128 38304 42480 42264 19152 
]

OverlappingStints: [
[ 2 8 9 ]
[ 3 8 9 10 ]
[ 4 9 10 11 ]
[ 5 10 11 12 ]
[ 6 11 12 13 ]
[ 7 12 13 14 ]
[ 13 14 ]
[ 9 ]
[ 10 ]
[ 11 ]
[ 12 ]
[ 13 ]
[ 14 ]
[ ]
]

EmployeesWithSkill: [
[ 1 2 3 4 5 6 7 8 9 10 11 12 13 14 15 16 17 18 19 20 21 22 23 24 25 26 27 28 29 30 31 32 33 34 35 36 37 38 39 40 41 42 43 44 45 46 47 48 49 50 51 52 53 54 55 56 57 58 59 60 ]
[ 1 2 3 4 5 6 7 8 9 10 11 12 13 14 16 17 18 19 20 21 22 23 24 25 26 27 28 29 30 31 32 33 34 35 36 37 38 39 40 41 42 43 44 45 46 47 48 49 50 51 52 53 54 55 56 57 58 59 60 ]
[ 5 11 ]
]

SkillDemandInActivityWithMode: [
0	1	
8	13	
11	18	
8	13	
16	25	
7	12	
12	19	
11	18	
14	22	
5	9	
5	9	
11	18	
5	9	
10	16	
4	7	
11	18	
14	22	
6	10	
11	18	
4	7	
12	19	
3	6	
0	1	
9	15	
3	6	
3	6	
8	13	
3	6	
4	7	
10	16	
2	4	
9	15	
10	16	
5	9	
5	9	
10	16	
9	15	
10	16	

0	1	
2	4	
3	6	
2	4	
5	9	
2	4	
3	6	
3	6	
4	7	
1	3	
1	3	
3	6	
1	3	
3	6	
1	3	
3	6	
4	7	
1	3	
3	6	
1	3	
3	6	
0	1	
0	1	
22	34	
7	12	
6	10	
19	30	
6	10	
9	15	
27	42	
4	7	
22	34	
27	42	
11	18	
12	19	
27	42	
22	34	
27	42	

0	1	
0	1	
0	1	
0	1	
0	1	
0	1	
0	1	
0	1	
0	1	
0	1	
0	1	
0	1	
0	1	
0	1	
0	1	
0	1	
0	1	
0	1	
0	1	
0	1	
0	1	
0	1	
0	1	
0	1	
0	1	
0	1	
0	1	
0	1	
0	1	
0	1	
0	1	
0	1	
0	1	
0	1	
0	1	
0	1	
0	1	
0	1	

]

EmployeeAvailability: [
1 1 1 0 0 1 0 1 1 1 0 0 1 0 
1 1 1 0 1 1 1 1 1 1 0 1 1 1 
1 1 1 1 1 1 1 1 1 1 1 1 1 1 
1 1 1 1 1 0 1 1 1 1 1 1 1 1 
0 1 1 1 1 0 1 0 1 1 1 1 0 1 
1 1 1 0 0 1 1 1 1 1 1 0 1 1 
1 1 1 1 1 1 1 1 1 1 1 1 1 1 
1 1 0 1 1 1 1 1 1 0 1 1 1 1 
0 1 1 1 1 1 1 1 1 1 1 1 1 1 
1 0 0 1 1 1 1 1 0 0 1 1 1 1 
1 0 1 1 1 1 1 1 0 1 1 1 1 1 
1 1 1 1 1 1 1 1 1 1 1 1 1 1 
1 1 1 1 1 1 1 1 1 1 1 1 1 1 
1 0 1 1 1 1 1 1 0 1 1 1 1 1 
0 0 1 1 0 1 1 0 0 1 1 0 1 1 
1 1 0 1 1 1 1 1 1 0 1 1 1 1 
1 1 1 1 0 1 1 1 1 1 1 1 1 1 
1 1 0 1 0 0 1 1 1 0 1 1 0 1 
0 1 1 1 1 1 1 0 1 1 1 1 1 1 
1 1 1 1 1 0 1 1 1 1 1 1 0 1 
1 0 0 0 1 1 1 1 0 0 0 1 1 1 
1 1 1 1 1 1 1 1 1 1 1 1 1 1 
0 1 1 1 1 0 0 0 1 1 1 1 0 0 
0 1 1 1 1 1 1 1 1 1 1 1 1 1 
1 1 1 1 0 1 1 1 1 1 1 0 1 1 
1 0 1 1 1 0 1 1 1 1 1 1 0 1 
0 1 1 1 0 0 1 0 1 1 1 0 0 1 
0 1 1 1 1 1 1 0 1 1 1 1 1 1 
1 1 1 0 0 0 1 1 1 1 0 0 0 1 
1 0 0 0 1 1 1 1 0 1 0 1 1 1 
1 0 1 1 1 0 1 1 0 1 1 1 0 1 
1 0 0 1 1 0 1 1 0 0 1 1 0 1 
1 1 1 1 1 1 1 1 1 1 1 1 1 1 
1 1 0 1 0 1 1 1 1 0 1 0 1 1 
0 0 1 1 1 1 1 0 0 1 1 1 1 1 
0 1 1 0 1 0 1 0 1 1 0 1 0 1 
1 0 1 0 1 1 1 1 0 1 0 1 1 1 
1 0 0 1 1 0 1 1 0 0 1 1 0 1 
1 1 1 1 1 1 1 1 1 1 1 1 1 1 
1 1 1 1 1 1 1 1 1 1 1 1 1 1 
0 1 0 1 0 1 1 0 1 0 1 1 1 1 
1 0 0 1 0 1 1 1 0 0 1 1 1 1 
1 1 1 1 1 1 1 1 1 1 1 1 1 1 
0 1 1 0 1 0 1 0 1 1 0 1 0 1 
0 1 1 1 1 1 1 0 1 1 1 1 1 1 
1 1 0 1 1 1 0 1 1 0 1 1 1 0 
0 1 1 1 1 1 1 0 1 1 1 1 1 1 
0 1 0 1 1 1 0 0 1 1 1 1 1 0 
1 0 1 0 0 1 1 1 0 1 0 0 1 1 
0 0 1 1 1 1 0 0 0 1 1 1 1 0 
1 1 0 1 1 1 1 1 1 0 1 1 1 1 
1 1 0 1 1 1 1 1 1 0 1 1 1 1 
1 1 1 1 1 0 1 1 1 1 1 1 1 1 
1 0 1 0 1 1 0 1 0 1 0 1 1 0 
1 0 1 1 1 1 1 1 1 1 1 1 1 1 
1 1 1 1 0 1 0 1 1 1 1 0 1 0 
1 0 1 1 0 1 1 1 1 1 1 0 1 1 
1 0 1 1 1 1 1 1 0 1 1 1 1 1 
0 1 1 0 1 1 1 0 1 1 0 1 1 1 
1 1 1 1 1 0 1 1 1 1 1 1 0 1 
]

EmployeeWantedInStint: [ (1 6) 1 (2 7) 1 (3 1) 1 (5 8) 1 (22 6) 1 (27 2) 1 (33 1) 1 (39 8) 1 (45 8) 1 (48 6) 1 (50 5) 1 (55 4) 1 ]

EmployeeWantedViolationCost: [ (1 6) 6000 (2 7) 11000 (3 1) 7000 (5 8) 7000 (22 6) 15000 (27 2) 6000 (33 1) 15000 (39 8) 8000 (45 8) 11000 (48 6) 11000 (50 5) 6000 (55 4) 6000 ]

EmployeesThatShouldNotWorkTogetherWithEmployee: [
[ 37 56 ]
[ 20 39 48 ]
[ 14 ]
[ ]
[ ]
[ 31 35 43 ]
[ 23 24 33 54 ]
[ 14 15 31 ]
[ 12 ]
[ 26 29 38 ]
[ 22 24 33 50 59 ]
[ 21 26 29 31 35 39 ]
[ 18 ]
[ 56 ]
[ 31 54 ]
[ 39 54 57 ]
[ 52 ]
[ 20 26 ]
[ 23 57 ]
[ 31 36 53 ]
[ ]
[ 28 60 ]
[ 57 ]
[ 32 34 39 60 ]
[ 32 43 47 ]
[ ]
[ 32 ]
[ 35 45 ]
[ 39 53 ]
[ 49 57 ]
[ 55 ]
[ 38 ]
[ ]
[ 38 46 49 ]
[ 42 ]
[ 56 ]
[ ]
[ ]
[ 50 57 ]
[ 46 51 55 ]
[ 57 ]
[ ]
[ 51 ]
[ 53 ]
[ ]
[ ]
[ 52 ]
[ 57 ]
[ ]
[ ]
[ ]
[ ]
[ ]
[ ]
[ 58 60 ]
[ ]
[ 58 ]
[ ]
[ ]
[ ]
]

ShouldNotWorkTogetherCost: [ (1 37) 198 (1 56) 198 (2 20) 396 (2 39) 396 (2 48) 297 (3 14) 198 (6 31) 396 (6 35) 297 (6 43) 198 (7 23) 99 (7 24) 396 (7 33) 297 (7 54) 396 (8 14) 99 (8 15) 297 (8 31) 198 (9 12) 297 (10 26) 198 (10 29) 198 (10 38) 99 (11 22) 198 (11 24) 396 (11 33) 297 (11 50) 297 (11 59) 396 (12 21) 198 (12 26) 198 (12 29) 396 (12 31) 396 (12 35) 396 (12 39) 297 (13 18) 297 (14 56) 297 (15 31) 297 (15 54) 99 (16 39) 99 (16 54) 99 (16 57) 99 (17 52) 396 (18 20) 198 (18 26) 297 (19 23) 396 (19 57) 396 (20 31) 396 (20 36) 297 (20 53) 198 (22 28) 297 (22 60) 297 (23 57) 198 (24 32) 297 (24 34) 396 (24 39) 99 (24 60) 99 (25 32) 297 (25 43) 396 (25 47) 99 (27 32) 198 (28 35) 198 (28 45) 297 (29 39) 396 (29 53) 396 (30 49) 396 (30 57) 297 (31 55) 99 (32 38) 198 (34 38) 297 (34 46) 99 (34 49) 297 (35 42) 396 (36 56) 396 (39 50) 396 (39 57) 198 (40 46) 99 (40 51) 297 (40 55) 396 (41 57) 99 (43 51) 297 (44 53) 396 (47 52) 396 (48 57) 198 (55 58) 99 (55 60) 396 (57 58) 198 ]

ImmediatePredecessorsToActivity: [
[ ]
[ 1 ]
[ 1 ]
[ 1 ]
[ 1 ]
[ 3 4 5 ]
[ 4 5 ]
[ 2 ]
[ 1 ]
[ 6 ]
[ 2 9 ]
[ 11 ]
[ 2 6 ]
[ 5 ]
[ 1 ]
[ 3 5 ]
[ 4 10 12 ]
[ 4 ]
[ 13 14 17 ]
[ 3 7 8 18 ]
[ 3 7 8 17 ]
[ 3 7 14 ]
[ ]
[ 23 ]
[ 24 ]
[ 23 ]
[ 24 ]
[ 24 ]
[ 23 ]
[ 27 ]
[ 23 ]
[ 25 29 30 ]
[ 29 ]
[ 25 27 ]
[ 25 30 33 ]
[ 27 35 ]
[ 25 27 28 ]
[ 23 ]
]

ActivitiesInProject: [
[ 1 2 3 4 5 6 7 8 9 10 11 12 13 14 15 16 17 18 19 20 21 22 ]
[ 23 24 25 26 27 28 29 30 31 32 33 34 35 36 37 38 ]
]

nActivityModes: [ 2 2 2 2 2 2 2 2 2 2 2 2 2 2 2 2 2 2 2 2 2 2 2 2 2 2 2 2 2 2 2 2 2 2 2 2 2 2 ]

ActivitiyDurationWithMode: [
1	1	
13	9	
9	6	
12	8	
6	4	
15	10	
8	6	
9	6	
7	5	
19	13	
19	13	
9	6	
23	16	
10	7	
26	18	
9	6	
7	5	
18	12	
9	6	
25	17	
8	6	
38	26	
1	1	
6	4	
17	12	
21	14	
7	5	
22	15	
14	10	
5	4	
28	19	
6	4	
5	4	
12	8	
11	8	
5	4	
6	4	
5	4	
]
StintsInProject: [
[ 1 2 3 4 5 6 7 ]
[ 8 9 10 11 12 13 14 ]
]

WorkingStintsOnDay: [
[ 1 8 ]
[ 1 8 ]
[ 1 8 ]
[ 1 8 ]
[ 1 8 ]
[ 1 8 ]
[ 1 8 ]
[ 1 8 ]
[ 1 8 ]
[ 1 8 ]
[ 1 8 ]
[ 1 8 ]
[ 1 ]
[ 1 ]
[ 2 9 ]
[ 2 9 ]
[ 2 9 ]
[ 2 9 ]
[ 2 9 ]
[ 2 9 ]
[ 2 9 ]
[ 2 9 ]
[ 2 9 ]
[ 2 9 ]
[ 2 9 ]
[ 2 9 ]
[ 2 ]
[ 2 ]
[ 3 10 ]
[ 3 10 ]
[ 3 10 ]
[ 3 10 ]
[ 3 10 ]
[ 3 10 ]
[ 3 10 ]
[ 3 10 ]
[ 3 10 ]
[ 3 10 ]
[ 3 10 ]
[ 3 10 ]
[ 3 ]
[ 3 ]
[ 4 11 ]
[ 4 11 ]
[ 4 11 ]
[ 4 11 ]
[ 4 11 ]
[ 4 11 ]
[ 4 11 ]
[ 4 11 ]
[ 4 11 ]
[ 4 11 ]
[ 4 11 ]
[ 4 11 ]
[ 4 ]
[ 4 ]
[ 5 12 ]
[ 5 12 ]
[ 5 12 ]
[ 5 12 ]
[ 5 12 ]
[ 5 12 ]
[ 5 12 ]
[ 5 12 ]
[ 5 12 ]
[ 5 12 ]
[ 5 12 ]
[ 5 12 ]
[ 5 ]
[ 5 ]
[ 6 13 ]
[ 6 13 ]
[ 6 13 ]
[ 6 13 ]
[ 6 13 ]
[ 6 13 ]
[ 6 13 ]
[ 6 13 ]
[ 6 13 ]
[ 6 13 ]
[ 6 13 ]
[ 6 13 ]
[ 6 ]
[ 6 ]
[ 7 14 ]
[ 7 14 ]
[ 7 14 ]
[ 7 14 ]
[ 7 14 ]
[ 7 14 ]
]

ProjectStart: [ 5 2 ]

ProjectEnd: [ 68 47 ]

EarliestStartDayForActivity: [ 1 5 5 5 5 17 17 18 5 32 18 37 32 11 5 14 51 17 58 35 58 25 1 2 8 2 8 8 2 17 2 27 18 27 27 40 34 2 ]

LatestStartDayForActivity: [ 1 68 68 68 68 68 68 68 68 68 68 68 68 68 68 68 68 68 68 68 68 68 1 47 47 47 47 47 47 47 47 47 47 47 47 47 47 47 ]

EquipmentTypeDemandInActivityWithMode: [
0	1	
0	1	
0	1	
0	1	
0	1	
0	1	
1	3	
2	4	
1	3	
1	3	
3	6	
0	1	
1	3	
1	3	
1	3	
1	3	
2	4	
0	1	
2	4	
3	6	
0	1	
0	1	
0	1	
0	1	
1	3	
2	4	
0	1	
1	3	
3	6	
1	3	
1	3	
1	3	
0	1	
1	3	
1	3	
1	3	
0	1	
0	1	

0	1	
0	1	
0	1	
1	3	
2	4	
2	4	
1	3	
0	1	
2	4	
1	3	
1	3	
0	1	
2	4	
1	3	
3	6	
3	6	
2	4	
1	3	
2	4	
1	3	
0	1	
0	1	
0	1	
0	1	
0	1	
1	3	
2	4	
1	3	
0	1	
1	3	
2	4	
2	4	
1	3	
1	3	
0	1	
1	3	
2	4	
1	3	

0	1	
1	3	
2	4	
1	3	
1	3	
1	3	
2	4	
3	6	
2	4	
1	3	
0	1	
2	4	
0	1	
0	1	
2	4	
1	3	
0	1	
0	1	
0	1	
1	3	
2	4	
2	4	
0	1	
3	6	
2	4	
2	4	
0	1	
1	3	
2	4	
0	1	
2	4	
0	1	
0	1	
1	3	
1	3	
1	3	
3	6	
0	1	

0	1	
0	1	
1	3	
0	1	
0	1	
0	1	
2	4	
0	1	
2	4	
0	1	
0	1	
0	1	
2	4	
2	4	
2	4	
0	1	
1	3	
0	1	
0	1	
1	3	
1	3	
0	1	
0	1	
2	4	
3	6	
2	4	
1	3	
3	6	
1	3	
2	4	
0	1	
1	3	
0	1	
0	1	
2	4	
0	1	
0	1	
2	4	

0	1	
0	1	
0	1	
0	1	
3	6	
0	1	
1	3	
2	4	
3	6	
0	1	
1	3	
0	1	
0	1	
2	4	
1	3	
0	1	
0	1	
0	1	
0	1	
0	1	
2	4	
1	3	
0	1	
0	1	
1	3	
1	3	
0	1	
0	1	
1	3	
0	1	
0	1	
0	1	
0	1	
0	1	
0	1	
0	1	
0	1	
0	1	

0	1	
1	3	
0	1	
0	1	
1	3	
0	1	
2	4	
1	3	
3	6	
1	3	
3	6	
1	3	
3	6	
2	4	
1	3	
1	3	
1	3	
0	1	
3	6	
0	1	
1	3	
0	1	
0	1	
2	4	
1	3	
1	3	
3	6	
1	3	
1	3	
1	3	
0	1	
1	3	
3	6	
2	4	
0	1	
3	6	
3	6	
2	4	

0	1	
0	1	
1	3	
2	4	
1	3	
3	6	
0	1	
1	3	
1	3	
0	1	
1	3	
2	4	
0	1	
2	4	
0	1	
1	3	
3	6	
0	1	
1	3	
2	4	
2	4	
0	1	
0	1	
0	1	
2	4	
0	1	
1	3	
2	4	
1	3	
2	4	
2	4	
0	1	
1	3	
2	4	
3	6	
1	3	
0	1	
0	1	

]

ExternalEquipmentRentingCost: [
5085	1020	4003	5156	1406	5342	3212	5818	1968	1997	5223	3387	2075	5174	5832	4159	3456	1469	1517	2924	1710	2525	4272	1558	1352	4322	3789	1288	4477	1745	5387	2499	3122	2494	2823	5600	2999	2758	
4147	3448	3665	5868	3432	2905	2686	4497	1240	1895	3118	1711	2073	3650	1708	1188	2673	1239	1469	4563	4971	2576	2794	2701	2013	1350	5157	1316	5161	5199	4473	3788	2159	5260	5297	4793	2768	1386	
2213	1190	1596	5939	1474	5870	2555	1474	1950	1688	3663	1191	1514	5965	4293	4828	1839	1379	3390	2823	3922	3685	1437	2483	5994	4205	5845	4296	5559	3709	2639	3848	3638	5609	4544	2440	2533	4638	
5787	2293	4911	1304	1272	5962	4434	5287	3759	4859	1707	5154	3163	4296	3679	2118	3958	5664	5892	1067	3003	3402	4232	5524	2805	2320	3921	5550	4294	1926	1894	3176	2618	2441	5064	1358	2893	2390	
1924	5977	4070	1820	5727	5426	4488	4032	4832	4700	4383	2943	3268	5301	4952	3823	2250	5151	4210	4760	5688	3038	3970	1119	5572	2770	5287	3554	4366	5563	1105	4145	3840	5373	3488	2684	2145	4210	
2186	4844	1822	3520	2771	1325	3690	4720	5845	4664	5548	5026	1794	1715	1598	4072	1090	5124	1757	2624	3278	2839	4796	4172	1762	4516	2178	4909	1329	4849	2771	3716	1058	1524	2777	5185	4470	3573	
1131	2451	1167	2404	3132	2146	5387	2528	1983	1596	2103	4055	1613	1782	1822	3401	3606	1656	1330	3914	5466	2936	2310	5286	1257	5757	2556	5957	1525	2542	1825	2943	1669	5157	4850	5951	5055	4983	
]

EquipmentTypeTransportationCost: [
1	5481	
5481	1	

1	5140	
5140	1	

1	4420	
4420	1	

1	4104	
4104	1	

1	3882	
3882	1	

1	5123	
5123	1	

1	4755	
4755	1	

]

TransportationTimeForEquipmentTypeBetweenProjects: [
1	6	
6	1	

1	5	
5	1	

1	4	
4	1	

1	4	
4	1	

1	4	
4	1	

1	6	
6	1	

1	5	
5	1	

]

TotalNumberOfInitialEquipmentTypeLocation: [
(1 1) 3 (1 23) 3 
(2 1) 8 
(3 1) 2 (3 23) 7 
(4 1) 4 (4 23) 3 
(5 1) 1 (5 23) 2 
(6 1) 7 (6 23) 4 
(7 1) 4 (7 23) 2 
]

DepotActivities: [ 1 23 ]

MaximalStintCliques: [
[ 2 9 1 8 ]
[ 2 9 10 3 ]
[ 4 11 10 3 ]
[ 4 11 12 5 ]
[ 5 12 13 6 ]
[ 6 13 14 7 ]
]
