nEmployees: 60
nSkills: 3
nProjects: 2
nDays: 120
nActivities: 51
nEquipmentTypes: 7
nStints: 18
nMaxModes: 3
nStintCliques: 8

EmployeeInStintCost: [
33694 33694 33694 33694 33694 33694 33694 30022 15604 16360 16360 16360 16360 16360 16360 16360 16360 8404 
34158 34158 34158 34158 34158 34158 34158 30198 15108 26092 26092 26092 26092 26092 26092 26092 26092 13908 
21086 21086 21086 21086 21086 21086 21086 17378 8726 28140 28140 28140 28140 28140 28140 28140 28140 16502 
34446 34446 34446 34446 34446 34446 34446 30918 16836 23972 23972 23972 23972 23972 23972 23972 23972 12724 
17172 17172 17172 17172 17172 17172 17172 13356 4452 27876 27876 27876 27876 27876 27876 27876 27876 16004 
33008 33008 33008 33008 33008 33008 33008 29444 15278 23924 23924 23924 23924 23924 23924 23924 23924 12598 
32858 32858 32858 32858 32858 32858 32858 29258 15008 30092 30092 30092 30092 30092 30092 30092 30092 18688 
16038 16038 16038 16038 16038 16038 16038 12474 4158 27036 27036 27036 27036 27036 27036 27036 27036 15710 
36318 36318 36318 36318 36318 36318 36318 32646 18228 33532 33532 33532 33532 33532 33532 33532 33532 21972 
34316 34316 34316 34316 34316 34316 34316 30392 15386 31172 31172 31172 31172 31172 31172 31172 31172 19066 
36980 36980 36980 36980 36980 36980 36980 33488 19490 34084 34084 34084 34084 34084 34084 34084 34084 22914 
32538 32538 32538 32538 32538 32538 32538 28938 14688 24892 24892 24892 24892 24892 24892 24892 24892 13488 
32718 32718 32718 32718 32718 32718 32718 28758 13668 27764 27764 27764 27764 27764 27764 27764 27764 15580 
35962 35962 35962 35962 35962 35962 35962 31786 16192 18040 18040 18040 18040 18040 18040 18040 18040 8992 
37304 37304 37304 37304 37304 37304 37304 33740 19574 34324 34324 34324 34324 34324 34324 34324 34324 22998 
34530 34530 34530 34530 34530 34530 34530 31074 17160 17480 17480 17480 17480 17480 17480 17480 17480 9992 
36480 36480 36480 36480 36480 36480 36480 32772 18270 33652 33652 33652 33652 33652 33652 33652 33652 22014 
30450 30450 30450 30450 30450 30450 30450 26994 13080 26084 26084 26084 26084 26084 26084 26084 26084 14992 
36150 36150 36150 36150 36150 36150 36150 32334 17580 18680 18680 18680 18680 18680 18680 18680 18680 10412 
34316 34316 34316 34316 34316 34316 34316 30392 15386 31172 31172 31172 31172 31172 31172 31172 31172 19066 
35660 35660 35660 35660 35660 35660 35660 31736 16730 32316 32316 32316 32316 32316 32316 32316 32316 20210 
35256 35256 35256 35256 35256 35256 35256 31548 17046 24572 24572 24572 24572 24572 24572 24572 24572 12934 
33436 33436 33436 33436 33436 33436 33436 29800 15466 24372 24372 24372 24372 24372 24372 24372 24372 12890 
17982 17982 17982 17982 17982 17982 17982 13986 4662 28476 28476 28476 28476 28476 28476 28476 28476 16214 
34644 34644 34644 34644 34644 34644 34644 30576 15234 26452 26452 26452 26452 26452 26452 26452 26452 14034 
35762 35762 35762 35762 35762 35762 35762 31586 15992 25964 25964 25964 25964 25964 25964 25964 25964 13312 
31992 31992 31992 31992 31992 31992 31992 28428 14262 24828 24828 24828 24828 24828 24828 24828 24828 13502 
36462 36462 36462 36462 36462 36462 36462 32358 16932 13680 13680 13680 13680 13680 13680 13680 13680 4788 
35016 35016 35016 35016 35016 35016 35016 31452 17286 17840 17840 17840 17840 17840 17840 17840 17840 10118 
32910 32910 32910 32910 32910 32910 32910 28950 13860 28372 28372 28372 28372 28372 28372 28372 28372 16188 
33204 33204 33204 33204 33204 33204 33204 29136 13794 28124 28124 28124 28124 28124 28124 28124 28124 15706 
33870 33870 33870 33870 33870 33870 33870 30342 16260 11760 11760 11760 11760 11760 11760 11760 11760 4116 
36642 36642 36642 36642 36642 36642 36642 32898 18312 33772 33772 33772 33772 33772 33772 33772 33772 22056 
35822 35822 35822 35822 35822 35822 35822 31862 16772 32436 32436 32436 32436 32436 32436 32436 32436 20252 
37614 37614 37614 37614 37614 37614 37614 33654 18564 34492 34492 34492 34492 34492 34492 34492 34492 22308 
31614 31614 31614 31614 31614 31614 31614 27942 13524 27412 27412 27412 27412 27412 27412 27412 27412 15852 
33558 33558 33558 33558 33558 33558 33558 29454 14028 28852 28852 28852 28852 28852 28852 28852 28852 16356 
33272 33272 33272 33272 33272 33272 33272 29276 14102 29100 29100 29100 29100 29100 29100 29100 29100 16838 
20438 20438 20438 20438 20438 20438 20438 16874 8558 27660 27660 27660 27660 27660 27660 27660 27660 16334 
35872 35872 35872 35872 35872 35872 35872 32020 17182 32884 32884 32884 32884 32884 32884 32884 32884 20934 
33384 33384 33384 33384 33384 33384 33384 29964 16134 11400 11400 11400 11400 11400 11400 11400 11400 3990 
32696 32696 32696 32696 32696 32696 32696 29132 14966 29972 29972 29972 29972 29972 29972 29972 29972 18646 
32748 32748 32748 32748 32748 32748 32748 28824 13818 28252 28252 28252 28252 28252 28252 28252 28252 16146 
32696 32696 32696 32696 32696 32696 32696 29132 14966 29972 29972 29972 29972 29972 29972 29972 29972 18646 
33656 33656 33656 33656 33656 33656 33656 29948 15446 24404 24404 24404 24404 24404 24404 24404 24404 12766 
32070 32070 32070 32070 32070 32070 32070 28254 13500 27284 27284 27284 27284 27284 27284 27284 27284 15412 
35438 35438 35438 35438 35438 35438 35438 31334 15908 25724 25724 25724 25724 25724 25724 25724 25724 13228 
33450 33450 33450 33450 33450 33450 33450 29562 14640 25908 25908 25908 25908 25908 25908 25908 25908 13880 
31166 31166 31166 31166 31166 31166 31166 27638 13556 27540 27540 27540 27540 27540 27540 27540 27540 16292 
32626 32626 32626 32626 32626 32626 32626 29170 15256 23772 23772 23772 23772 23772 23772 23772 23772 12680 
34584 34584 34584 34584 34584 34584 34584 30444 14934 26748 26748 26748 26748 26748 26748 26748 26748 14174 
34990 34990 34990 34990 34990 34990 34990 31030 15940 17320 17320 17320 17320 17320 17320 17320 17320 8740 
34692 34692 34692 34692 34692 34692 34692 31200 17202 17600 17600 17600 17600 17600 17600 17600 17600 10034 
34260 34260 34260 34260 34260 34260 34260 30192 14850 26508 26508 26508 26508 26508 26508 26508 26508 14090 
33182 33182 33182 33182 33182 33182 33182 29510 15092 30332 30332 30332 30332 30332 30332 30332 30332 18772 
37284 37284 37284 37284 37284 37284 37284 33216 17874 19520 19520 19520 19520 19520 19520 19520 19520 10706 
33510 33510 33510 33510 33510 33510 33510 29694 14940 25612 25612 25612 25612 25612 25612 25612 25612 13740 
35762 35762 35762 35762 35762 35762 35762 31586 15992 25964 25964 25964 25964 25964 25964 25964 25964 13312 
35872 35872 35872 35872 35872 35872 35872 32020 17182 32884 32884 32884 32884 32884 32884 32884 32884 20934 
18306 18306 18306 18306 18306 18306 18306 14238 4746 28716 28716 28716 28716 28716 28716 28716 28716 16298 
]

ExternalWorkerWithSkillOnStintCost: [
36120 38304 34692 39060 43932 44520 41664 38472 25776 36864 42336 43128 41832 32616 34632 29088 42408 25392 
37212 39648 39648 44268 34188 38640 43680 47712 21792 41544 29592 40680 38808 42480 33696 37368 31608 25824 
34188 47460 46704 42504 36624 36288 42924 44016 22080 32976 42984 33912 35568 35280 31536 30528 40248 19872 
]

OverlappingStints: [
[ 2 10 11 ]
[ 3 10 11 12 ]
[ 4 11 12 13 ]
[ 5 12 13 14 ]
[ 6 13 14 15 ]
[ 7 14 15 16 ]
[ 8 15 16 17 ]
[ 9 16 17 18 ]
[ 17 18 ]
[ 11 ]
[ 12 ]
[ 13 ]
[ 14 ]
[ 15 ]
[ 16 ]
[ 17 ]
[ 18 ]
[ ]
]

EmployeesWithSkill: [
[ 1 2 3 4 5 6 7 8 9 10 11 12 13 14 15 16 17 18 19 20 21 22 23 24 25 26 27 28 29 30 31 32 33 34 35 36 37 38 39 40 41 42 43 44 45 46 47 48 49 50 51 52 53 54 55 56 57 58 59 60 ]
[ 7 15 44 ]
[ 1 2 3 4 5 8 9 10 11 12 13 14 15 18 19 20 21 23 24 26 27 28 31 32 34 35 37 38 39 40 42 44 45 47 48 50 51 52 53 54 57 58 ]
]

SkillDemandInActivityWithMode: [
0	0	0	
5	9	4	
2	4	2	
3	6	2	
2	4	2	
2	4	2	
5	9	4	
3	6	2	
1	3	1	
5	9	4	
4	7	3	
4	7	3	
4	7	3	
4	7	3	
3	6	2	
5	9	4	
1	3	1	
4	7	3	
5	9	4	
3	6	2	
4	7	3	
3	6	2	
4	7	3	
5	9	4	
2	4	2	
3	6	2	
5	9	4	
4	7	3	
5	9	4	
2	4	2	
5	9	4	
5	9	4	
0	0	0	
15	24	10	
10	16	7	
15	24	10	
22	34	15	
22	34	15	
7	12	5	
6	10	4	
6	10	4	
8	13	6	
22	34	15	
22	34	15	
17	27	12	
6	10	4	
10	16	7	
5	9	4	
19	30	13	
22	34	15	
11	18	8	

0	0	0	
0	1	0	
0	1	0	
0	1	0	
0	1	0	
0	1	0	
0	1	0	
0	1	0	
0	1	0	
0	1	0	
0	1	0	
0	1	0	
0	1	0	
0	1	0	
0	1	0	
0	1	0	
0	1	0	
0	1	0	
0	1	0	
0	1	0	
0	1	0	
0	1	0	
0	1	0	
0	1	0	
0	1	0	
0	1	0	
0	1	0	
0	1	0	
0	1	0	
0	1	0	
0	1	0	
0	1	0	
0	0	0	
0	1	0	
0	1	0	
0	1	0	
1	3	1	
1	3	1	
0	1	0	
0	1	0	
0	1	0	
0	1	0	
1	3	1	
1	3	1	
0	1	0	
0	1	0	
0	1	0	
0	1	0	
1	3	1	
1	3	1	
0	1	0	

0	0	0	
6	10	4	
2	4	2	
2	4	2	
1	3	1	
1	3	1	
6	10	4	
3	6	2	
0	1	0	
5	9	4	
5	9	4	
5	9	4	
4	7	3	
4	7	3	
2	4	2	
6	10	4	
0	1	0	
4	7	3	
6	10	4	
3	6	2	
4	7	3	
3	6	2	
5	9	4	
5	9	4	
1	3	1	
2	4	2	
6	10	4	
4	7	3	
5	9	4	
1	3	1	
5	9	4	
6	10	4	
0	0	0	
5	9	4	
3	6	2	
5	9	4	
7	12	5	
7	12	5	
2	4	2	
1	3	1	
2	4	2	
2	4	2	
7	12	5	
7	12	5	
5	9	4	
1	3	1	
3	6	2	
1	3	1	
6	10	4	
7	12	5	
3	6	2	

]

EmployeeAvailability: [
1 1 1 1 1 0 1 1 1 1 1 1 1 1 0 1 1 1 
1 1 0 1 1 1 1 1 1 1 1 0 1 1 1 1 1 1 
1 1 1 1 1 1 1 1 1 1 1 1 1 1 1 1 1 1 
0 1 1 0 1 1 1 1 1 0 1 1 0 1 1 1 1 1 
1 1 1 1 1 1 1 1 1 1 1 1 1 1 1 1 1 1 
1 1 1 1 1 1 1 1 1 1 1 1 1 1 1 1 1 1 
1 0 1 1 1 0 1 1 1 1 0 1 1 1 0 1 1 1 
0 1 1 1 1 0 0 1 1 0 1 1 1 1 0 0 1 1 
1 1 1 0 1 1 0 1 1 1 1 1 0 1 1 0 1 1 
0 1 1 0 1 1 1 1 1 0 1 1 0 1 1 1 1 1 
0 1 1 1 1 1 1 1 1 0 1 1 1 1 1 1 1 1 
1 1 1 1 1 1 1 1 1 1 1 1 1 1 1 1 1 1 
1 1 1 1 1 1 1 0 1 1 1 1 1 1 1 1 0 1 
1 1 1 1 0 1 0 1 1 1 1 1 1 0 1 0 1 1 
1 1 1 0 1 1 0 1 1 1 1 1 0 1 1 0 1 1 
1 1 1 1 1 0 1 1 1 1 1 1 1 1 0 1 1 1 
1 0 1 1 1 0 1 1 1 1 1 1 1 1 1 1 1 1 
0 1 1 1 1 1 1 1 1 0 1 1 1 1 1 1 1 1 
1 1 1 1 0 0 1 1 1 1 1 1 1 0 0 1 1 1 
1 1 1 1 1 1 1 1 1 1 1 1 1 1 1 1 1 1 
1 1 1 1 1 0 1 1 0 1 1 1 1 1 0 1 1 0 
0 1 1 1 0 1 1 1 1 1 1 1 1 0 1 1 1 1 
1 1 1 1 1 1 1 1 1 1 1 1 1 1 1 1 1 1 
1 1 1 1 1 0 1 1 1 1 1 1 1 1 0 1 1 1 
1 1 1 1 1 1 1 0 1 1 1 1 1 1 1 1 0 1 
1 1 0 0 1 1 1 0 1 1 1 0 0 1 1 1 0 1 
1 1 1 1 1 1 1 1 1 1 1 1 1 1 1 1 1 1 
1 1 1 1 1 1 1 1 1 1 1 1 1 1 1 1 1 1 
1 0 1 1 1 1 1 1 1 1 1 1 1 1 1 1 1 1 
1 1 1 0 1 1 1 1 1 1 1 1 0 1 1 1 1 1 
1 1 1 0 1 1 1 0 1 1 1 1 0 1 1 1 1 1 
1 1 1 1 1 1 1 1 1 1 1 1 1 1 1 1 1 1 
1 1 0 1 1 1 0 1 1 1 1 0 1 1 1 0 1 1 
1 1 0 1 1 1 0 1 1 1 1 0 1 1 1 0 1 1 
0 1 1 1 1 1 1 1 0 0 1 1 1 1 1 1 1 0 
1 0 1 1 1 0 1 1 0 1 1 1 1 1 0 1 1 0 
1 1 1 1 1 1 1 1 0 1 1 1 1 1 1 1 1 0 
1 0 1 1 1 1 1 1 1 1 0 1 1 1 1 1 1 1 
1 1 0 0 1 1 1 1 1 1 1 0 1 1 1 1 1 1 
0 1 1 1 0 1 1 0 1 0 1 1 1 0 1 1 0 1 
1 1 0 1 1 1 1 1 0 1 1 0 1 1 1 1 1 0 
0 1 1 0 1 1 1 1 1 0 1 1 1 1 1 1 1 1 
1 0 1 1 1 1 1 1 1 1 0 1 1 1 1 1 1 1 
0 1 1 1 1 0 1 1 1 0 1 1 1 1 0 1 1 1 
1 1 1 0 1 1 1 1 1 1 1 1 0 1 1 1 1 1 
1 1 1 1 1 1 1 1 1 1 1 1 1 1 1 1 1 1 
1 1 1 1 1 1 1 1 1 1 1 1 1 1 1 1 1 1 
1 1 1 1 1 1 1 1 1 1 1 1 1 1 1 1 1 1 
1 1 1 1 1 1 1 0 1 1 1 1 1 1 1 1 0 1 
1 1 1 1 0 1 1 1 1 1 1 1 1 0 1 1 1 1 
1 1 1 1 1 1 0 1 1 1 1 1 1 1 1 1 1 1 
1 1 1 1 1 1 1 1 1 1 1 1 1 1 1 1 1 1 
1 1 1 0 1 1 0 1 1 1 1 1 0 1 1 0 1 1 
1 0 1 1 1 0 1 1 1 1 0 1 1 1 0 1 1 1 
1 0 1 1 1 1 1 1 1 1 1 1 1 1 1 1 1 1 
1 1 1 1 1 1 0 0 1 1 1 1 1 1 1 0 0 1 
1 1 0 1 1 0 0 1 1 1 1 0 1 1 0 0 1 1 
1 1 1 1 1 1 1 1 0 1 1 1 1 1 1 1 1 0 
1 1 1 1 1 1 1 1 1 1 1 1 1 1 1 1 1 1 
1 1 1 0 0 0 1 1 1 1 1 1 1 0 0 1 1 1 
]

EmployeeWantedInStint: [ (4 9) 1 (5 7) 1 (8 7) 1 (11 12) 1 (15 8) 1 (22 4) 1 (24 17) 1 (28 7) 1 (28 12) 1 (33 9) 1 (33 16) 1 (39 4) 1 (39 7) 1 (44 6) 1 (51 9) 1 (54 10) 1 (56 12) 1 ]

EmployeeWantedViolationCost: [ (4 9) 10000 (5 7) 13000 (8 7) 10000 (11 12) 10000 (15 8) 15000 (22 4) 5000 (24 17) 14000 (28 7) 5000 (28 12) 7000 (33 9) 14000 (33 16) 7000 (39 4) 13000 (39 7) 6000 (44 6) 5000 (51 9) 8000 (54 10) 13000 (56 12) 9000 ]

EmployeesThatShouldNotWorkTogetherWithEmployee: [
[ 7 14 18 ]
[ 10 43 ]
[ 9 17 40 ]
[ 41 60 ]
[ 44 ]
[ 9 12 22 35 48 50 55 ]
[ 52 60 ]
[ 28 43 ]
[ 35 47 58 59 ]
[ ]
[ 37 59 ]
[ 24 43 ]
[ 34 45 ]
[ 52 ]
[ 37 43 ]
[ 21 33 42 53 60 ]
[ ]
[ 48 ]
[ ]
[ ]
[ 55 ]
[ 31 54 ]
[ 27 ]
[ 25 36 55 ]
[ 43 48 ]
[ 46 ]
[ 43 48 53 57 ]
[ 49 55 59 ]
[ ]
[ ]
[ 41 43 53 59 ]
[ 36 57 ]
[ 43 50 54 ]
[ 48 55 59 ]
[ 48 50 ]
[ 50 ]
[ 41 48 ]
[ ]
[ 54 ]
[ 59 ]
[ 43 ]
[ ]
[ 50 60 ]
[ 49 ]
[ 55 ]
[ ]
[ ]
[ ]
[ 55 ]
[ 55 ]
[ ]
[ 57 ]
[ ]
[ ]
[ 58 ]
[ ]
[ ]
[ ]
[ ]
[ ]
]

ShouldNotWorkTogetherCost: [ (1 7) 99 (1 14) 198 (1 18) 297 (2 10) 198 (2 43) 297 (3 9) 99 (3 17) 99 (3 40) 297 (4 41) 396 (4 60) 297 (5 44) 297 (6 9) 198 (6 12) 297 (6 22) 297 (6 35) 198 (6 48) 396 (6 50) 297 (6 55) 297 (7 52) 297 (7 60) 99 (8 28) 198 (8 43) 396 (9 35) 396 (9 47) 198 (9 58) 396 (9 59) 99 (11 37) 396 (11 59) 198 (12 24) 99 (12 43) 297 (13 34) 297 (13 45) 297 (14 52) 99 (15 37) 297 (15 43) 396 (16 21) 99 (16 33) 99 (16 42) 99 (16 53) 297 (16 60) 99 (18 48) 396 (21 55) 297 (22 31) 396 (22 54) 198 (23 27) 297 (24 25) 396 (24 36) 99 (24 55) 99 (25 43) 297 (25 48) 297 (26 46) 99 (27 43) 99 (27 48) 297 (27 53) 396 (27 57) 99 (28 49) 99 (28 55) 396 (28 59) 99 (31 41) 198 (31 43) 198 (31 53) 198 (31 59) 297 (32 36) 297 (32 57) 396 (33 43) 396 (33 50) 297 (33 54) 99 (34 48) 198 (34 55) 99 (34 59) 99 (35 48) 297 (35 50) 396 (36 50) 198 (37 41) 297 (37 48) 297 (39 54) 396 (40 59) 297 (41 43) 198 (43 50) 198 (43 60) 297 (44 49) 99 (45 55) 198 (49 55) 198 (50 55) 396 (52 57) 396 (55 58) 297 ]

ImmediatePredecessorsToActivity: [
[ ]
[ 1 ]
[ 1 ]
[ 3 ]
[ 1 ]
[ 2 3 5 ]
[ 3 ]
[ 6 ]
[ 2 3 ]
[ 2 7 ]
[ 6 ]
[ 6 ]
[ 1 ]
[ 10 13 ]
[ 5 10 13 ]
[ 2 14 ]
[ 1 ]
[ 7 16 ]
[ 7 11 14 17 ]
[ 13 ]
[ 5 ]
[ 6 14 ]
[ 4 7 11 16 ]
[ 11 15 18 20 ]
[ 2 5 13 ]
[ 7 14 15 ]
[ 10 20 ]
[ 3 12 15 25 ]
[ 7 21 25 27 ]
[ 27 ]
[ 29 ]
[ 10 17 20 31 ]
[ ]
[ 33 ]
[ 33 ]
[ 35 ]
[ 34 ]
[ 33 ]
[ 34 ]
[ 33 ]
[ 34 35 ]
[ 35 ]
[ 33 ]
[ 35 37 ]
[ 35 ]
[ 37 ]
[ 38 45 ]
[ 35 ]
[ 40 42 44 ]
[ 39 40 44 45 ]
[ 38 39 44 ]
]

ActivitiesInProject: [
[ 1 2 3 4 5 6 7 8 9 10 11 12 13 14 15 16 17 18 19 20 21 22 23 24 25 26 27 28 29 30 31 32 ]
[ 33 34 35 36 37 38 39 40 41 42 43 44 45 46 47 48 49 50 51 ]
]

nActivityModes: [ 3 3 3 3 3 3 3 3 3 3 3 3 3 3 3 3 3 3 3 3 3 3 3 3 3 3 3 3 3 3 3 3 3 3 3 3 3 3 3 3 3 3 3 3 3 3 3 3 3 3 3 ]

ActivitiyDurationWithMode: [
1	1	1	
9	6	12	
26	18	35	
20	14	27	
33	22	44	
36	24	48	
9	6	12	
16	11	22	
66	44	88	
10	7	14	
11	8	15	
11	8	15	
13	9	18	
14	10	19	
21	14	28	
9	6	12	
64	43	86	
13	9	18	
9	6	12	
17	12	23	
14	10	19	
16	11	22	
11	8	15	
10	7	14	
30	20	40	
20	14	27	
9	6	12	
12	8	16	
10	7	14	
31	21	42	
10	7	14	
9	6	12	
1	1	1	
9	6	12	
13	9	18	
9	6	12	
6	4	8	
6	4	8	
21	14	28	
24	16	32	
22	15	30	
18	12	24	
6	4	8	
6	4	8	
8	6	11	
24	16	32	
14	10	19	
32	22	43	
7	5	10	
6	4	8	
12	8	16	
]
StintsInProject: [
[ 1 2 3 4 5 6 7 8 9 ]
[ 10 11 12 13 14 15 16 17 18 ]
]

WorkingStintsOnDay: [
[ 1 10 ]
[ 1 10 ]
[ 1 10 ]
[ 1 10 ]
[ 1 10 ]
[ 1 10 ]
[ 1 10 ]
[ 1 10 ]
[ 1 10 ]
[ 1 10 ]
[ 1 10 ]
[ 1 10 ]
[ 1 ]
[ 1 ]
[ 2 11 ]
[ 2 11 ]
[ 2 11 ]
[ 2 11 ]
[ 2 11 ]
[ 2 11 ]
[ 2 11 ]
[ 2 11 ]
[ 2 11 ]
[ 2 11 ]
[ 2 11 ]
[ 2 11 ]
[ 2 ]
[ 2 ]
[ 3 12 ]
[ 3 12 ]
[ 3 12 ]
[ 3 12 ]
[ 3 12 ]
[ 3 12 ]
[ 3 12 ]
[ 3 12 ]
[ 3 12 ]
[ 3 12 ]
[ 3 12 ]
[ 3 12 ]
[ 3 ]
[ 3 ]
[ 4 13 ]
[ 4 13 ]
[ 4 13 ]
[ 4 13 ]
[ 4 13 ]
[ 4 13 ]
[ 4 13 ]
[ 4 13 ]
[ 4 13 ]
[ 4 13 ]
[ 4 13 ]
[ 4 13 ]
[ 4 ]
[ 4 ]
[ 5 14 ]
[ 5 14 ]
[ 5 14 ]
[ 5 14 ]
[ 5 14 ]
[ 5 14 ]
[ 5 14 ]
[ 5 14 ]
[ 5 14 ]
[ 5 14 ]
[ 5 14 ]
[ 5 14 ]
[ 5 ]
[ 5 ]
[ 6 15 ]
[ 6 15 ]
[ 6 15 ]
[ 6 15 ]
[ 6 15 ]
[ 6 15 ]
[ 6 15 ]
[ 6 15 ]
[ 6 15 ]
[ 6 15 ]
[ 6 15 ]
[ 6 15 ]
[ 6 ]
[ 6 ]
[ 7 16 ]
[ 7 16 ]
[ 7 16 ]
[ 7 16 ]
[ 7 16 ]
[ 7 16 ]
[ 7 16 ]
[ 7 16 ]
[ 7 16 ]
[ 7 16 ]
[ 7 16 ]
[ 7 16 ]
[ 7 ]
[ 7 ]
[ 8 17 ]
[ 8 17 ]
[ 8 17 ]
[ 8 17 ]
[ 8 17 ]
[ 8 17 ]
[ 8 17 ]
[ 8 17 ]
[ 8 17 ]
[ 8 17 ]
[ 8 17 ]
[ 8 17 ]
[ 8 ]
[ 8 ]
[ 9 18 ]
[ 9 18 ]
[ 9 18 ]
[ 9 18 ]
[ 9 18 ]
[ 9 18 ]
[ 9 18 ]
[ 9 18 ]
]

ProjectStart: [ 13 12 ]

ProjectEnd: [ 106 66 ]

EarliestStartDayForActivity: [ 1 13 13 39 13 46 39 82 39 48 82 82 13 58 58 72 13 81 93 26 46 82 93 94 46 79 58 93 76 67 86 96 1 12 12 27 23 12 23 12 27 27 12 31 27 31 37 27 49 48 48 ]

LatestStartDayForActivity: [ 1 106 106 106 106 106 106 106 106 106 106 106 106 106 106 106 106 106 106 106 106 106 106 106 106 106 106 106 106 106 106 106 1 66 66 66 66 66 66 66 66 66 66 66 66 66 66 66 66 66 66 ]

EquipmentTypeDemandInActivityWithMode: [
0	0	0	
1	3	1	
0	1	0	
1	3	1	
1	3	1	
1	3	1	
0	1	0	
0	1	0	
0	1	0	
1	3	1	
0	1	0	
1	3	1	
0	1	0	
3	6	2	
0	1	0	
2	4	2	
2	4	2	
2	4	2	
2	4	2	
1	3	1	
0	1	0	
0	1	0	
4	7	3	
1	3	1	
1	3	1	
1	3	1	
2	4	2	
2	4	2	
0	1	0	
0	1	0	
1	3	1	
2	4	2	
0	0	0	
2	4	2	
3	6	2	
0	1	0	
0	1	0	
1	3	1	
3	6	2	
1	3	1	
1	3	1	
1	3	1	
2	4	2	
0	1	0	
1	3	1	
1	3	1	
2	4	2	
1	3	1	
2	4	2	
1	3	1	
1	3	1	

0	0	0	
0	1	0	
0	1	0	
2	4	2	
1	3	1	
1	3	1	
1	3	1	
1	3	1	
0	1	0	
1	3	1	
2	4	2	
0	1	0	
3	6	2	
0	1	0	
2	4	2	
3	6	2	
1	3	1	
2	4	2	
0	1	0	
2	4	2	
2	4	2	
2	4	2	
3	6	2	
0	1	0	
0	1	0	
1	3	1	
1	3	1	
1	3	1	
1	3	1	
0	1	0	
1	3	1	
1	3	1	
0	0	0	
2	4	2	
2	4	2	
1	3	1	
0	1	0	
0	1	0	
0	1	0	
3	6	2	
2	4	2	
0	1	0	
0	1	0	
0	1	0	
0	1	0	
2	4	2	
1	3	1	
1	3	1	
2	4	2	
0	1	0	
0	1	0	

0	0	0	
0	1	0	
1	3	1	
1	3	1	
1	3	1	
1	3	1	
3	6	2	
2	4	2	
0	1	0	
3	6	2	
0	1	0	
0	1	0	
2	4	2	
1	3	1	
2	4	2	
0	1	0	
0	1	0	
0	1	0	
1	3	1	
0	1	0	
0	1	0	
0	1	0	
0	1	0	
0	1	0	
0	1	0	
2	4	2	
1	3	1	
0	1	0	
0	1	0	
2	4	2	
1	3	1	
0	1	0	
0	0	0	
1	3	1	
2	4	2	
0	1	0	
0	1	0	
1	3	1	
0	1	0	
1	3	1	
2	4	2	
2	4	2	
3	6	2	
0	1	0	
1	3	1	
2	4	2	
1	3	1	
1	3	1	
2	4	2	
1	3	1	
1	3	1	

0	0	0	
0	1	0	
1	3	1	
1	3	1	
1	3	1	
1	3	1	
1	3	1	
1	3	1	
2	4	2	
1	3	1	
1	3	1	
1	3	1	
3	6	2	
0	1	0	
1	3	1	
1	3	1	
2	4	2	
0	1	0	
0	1	0	
1	3	1	
1	3	1	
0	1	0	
2	4	2	
0	1	0	
0	1	0	
3	6	2	
1	3	1	
2	4	2	
1	3	1	
0	1	0	
1	3	1	
1	3	1	
0	0	0	
1	3	1	
1	3	1	
0	1	0	
1	3	1	
2	4	2	
1	3	1	
2	4	2	
1	3	1	
1	3	1	
0	1	0	
2	4	2	
1	3	1	
2	4	2	
1	3	1	
0	1	0	
1	3	1	
0	1	0	
1	3	1	

0	0	0	
1	3	1	
0	1	0	
1	3	1	
0	1	0	
0	1	0	
2	4	2	
1	3	1	
1	3	1	
3	6	2	
0	1	0	
0	1	0	
0	1	0	
0	1	0	
0	1	0	
3	6	2	
2	4	2	
1	3	1	
0	1	0	
1	3	1	
1	3	1	
0	1	0	
0	1	0	
2	4	2	
2	4	2	
2	4	2	
1	3	1	
1	3	1	
1	3	1	
0	1	0	
1	3	1	
0	1	0	
0	0	0	
1	3	1	
0	1	0	
3	6	2	
1	3	1	
0	1	0	
0	1	0	
1	3	1	
2	4	2	
1	3	1	
1	3	1	
1	3	1	
2	4	2	
1	3	1	
0	1	0	
0	1	0	
1	3	1	
3	6	2	
1	3	1	

0	0	0	
0	1	0	
0	1	0	
1	3	1	
2	4	2	
1	3	1	
1	3	1	
0	1	0	
1	3	1	
1	3	1	
3	6	2	
2	4	2	
1	3	1	
1	3	1	
1	3	1	
1	3	1	
1	3	1	
3	6	2	
1	3	1	
1	3	1	
2	4	2	
1	3	1	
1	3	1	
0	1	0	
3	6	2	
2	4	2	
0	1	0	
2	4	2	
2	4	2	
1	3	1	
2	4	2	
0	1	0	
0	0	0	
0	1	0	
1	3	1	
2	4	2	
1	3	1	
2	4	2	
4	7	3	
0	1	0	
0	1	0	
1	3	1	
3	6	2	
0	1	0	
0	1	0	
0	1	0	
3	6	2	
0	1	0	
0	1	0	
1	3	1	
1	3	1	

0	0	0	
0	1	0	
0	1	0	
1	3	1	
1	3	1	
2	4	2	
1	3	1	
0	1	0	
0	1	0	
0	1	0	
0	1	0	
1	3	1	
0	1	0	
0	1	0	
1	3	1	
2	4	2	
0	1	0	
1	3	1	
0	1	0	
2	4	2	
1	3	1	
0	1	0	
1	3	1	
2	4	2	
0	1	0	
1	3	1	
0	1	0	
2	4	2	
0	1	0	
1	3	1	
2	4	2	
1	3	1	
0	0	0	
0	1	0	
1	3	1	
1	3	1	
0	1	0	
1	3	1	
1	3	1	
0	1	0	
1	3	1	
1	3	1	
1	3	1	
1	3	1	
0	1	0	
3	6	2	
2	4	2	
0	1	0	
0	1	0	
2	4	2	
0	1	0	

]

ExternalEquipmentRentingCost: [
4249	5470	2162	4214	1714	5884	2349	1575	5763	5141	3522	5931	1266	2552	5869	2948	3155	1406	2795	3558	2134	5920	1494	2631	4156	5184	2451	2943	1990	1232	4861	1019	2590	1250	4204	2820	5568	3240	1363	1840	2794	4444	1223	2048	3302	3495	1237	1147	3305	1612	4021	
2344	3647	2143	3006	5843	5115	2048	3394	3802	4225	2952	2840	1486	5421	5340	2266	4180	5009	1655	3873	5448	5639	5576	1361	5741	2689	4974	2552	2913	2318	3435	4284	5686	1793	4836	3589	2139	3428	3631	4104	3522	4277	1351	4903	4151	5707	4214	4187	5856	5601	1695	
4244	5372	4691	4740	3643	4727	1702	3942	1263	3838	3508	2087	5141	5082	3701	4991	3282	3436	4481	1849	5982	1448	3552	4282	1205	5787	4425	1861	2887	2520	4719	1505	1564	1126	3345	5597	4554	5337	5356	4622	3534	4930	1757	1631	4173	1017	5448	3574	2139	3455	3053	
4414	5471	4034	3275	4468	1713	1602	4769	3993	5473	3738	4990	1832	3935	4239	5092	5037	2852	1423	2610	3716	5116	4327	4342	5368	3115	2021	2563	4142	1186	4819	1413	5521	2550	5694	3197	2650	4728	3071	2884	2012	1317	4578	2119	2082	4801	1623	4925	5469	3444	1747	
1915	4576	4732	4519	5289	2902	5262	2988	3305	3490	1734	3770	5368	3523	5532	4466	5760	1808	4161	3906	5007	1416	4059	3148	4257	2788	1885	5732	5799	4127	2223	3600	3649	3408	5748	5959	2946	5394	2436	5062	1464	4791	3139	5112	4651	1470	5670	2174	4006	2720	4346	
4193	2513	2016	5299	1736	4521	1310	4734	3530	3215	5691	2666	5513	5292	5586	2245	2584	2844	4410	1434	3440	3491	1955	5299	2981	1941	2366	4639	4631	5500	5312	2854	1094	1020	5711	2016	4067	5995	5742	5572	1689	1378	1485	3898	4622	1662	2075	4520	4094	1015	3678	
1492	1267	4546	4901	2151	2207	3692	5054	2506	4155	3254	2092	5663	1659	1118	1905	5966	1054	2196	5040	4454	3128	4210	1024	4936	5330	2420	5340	4250	1952	3619	4022	3426	5143	5329	4567	3614	3309	2919	4617	4274	2093	1041	5585	5229	5482	5388	1130	2068	5939	4258	
]

EquipmentTypeTransportationCost: [
1	4633	
4633	1	

1	4398	
4398	1	

1	4107	
4107	1	

1	4303	
4303	1	

1	3553	
3553	1	

1	3994	
3994	1	

1	3618	
3618	1	

]

TransportationTimeForEquipmentTypeBetweenProjects: [
1	4	
4	1	

1	3	
3	1	

1	3	
3	1	

1	3	
3	1	

1	3	
3	1	

1	3	
3	1	

1	3	
3	1	

]

TotalNumberOfInitialEquipmentTypeLocation: [
(1 1) 1 (1 33) 7 
(2 1) 4 (2 33) 3 
(3 1) 5 (3 33) 4 
(4 1) 3 (4 33) 2 
(5 1) 6 (5 33) 2 
(6 1) 5 (6 33) 4 
(7 1) 1 (7 33) 3 
]

DepotActivities: [ 1 33 ]

MaximalStintCliques: [
[ 2 11 1 10 ]
[ 2 11 3 12 ]
[ 4 13 3 12 ]
[ 4 13 5 14 ]
[ 5 14 6 15 ]
[ 6 15 7 16 ]
[ 7 16 17 8 ]
[ 8 17 9 18 ]
]
