nEmployees: 60
nSkills: 3
nProjects: 2
nDays: 90
nActivities: 33
nEquipmentTypes: 6
nStints: 14
nMaxModes: 2
nStintCliques: 6

EmployeeInStintCost: [
28556 28556 28556 28556 28556 27938 12200 29828 29828 29828 29828 29828 29210 12836 
29092 29092 29092 29092 29092 28432 12106 30364 30364 30364 30364 30364 29704 12742 
28420 28420 28420 28420 28420 27784 11794 29692 29692 29692 29692 29692 29056 12430 
29620 29620 29620 29620 29620 28960 12634 30892 30892 30892 30892 30892 30232 13270 
35340 35340 35340 35340 35340 34770 19704 36612 36612 36612 36612 36612 36042 20340 
12960 12960 12960 12960 12960 12312 3240 12960 12960 12960 12960 12960 12312 3240 
29236 29236 29236 29236 29236 28636 13150 30508 30508 30508 30508 30508 29908 13786 
28420 28420 28420 28420 28420 27820 12334 29692 29692 29692 29692 29692 29092 12970 
27820 27820 27820 27820 27820 27214 11644 29092 29092 29092 29092 29092 28486 12280 
30044 30044 30044 30044 30044 29408 13418 31316 31316 31316 31316 31316 30680 14054 
37452 37452 37452 37452 37452 36822 20916 38724 38724 38724 38724 38724 38094 21552 
28076 28076 28076 28076 28076 27482 12080 29348 29348 29348 29348 29348 28754 12716 
18360 18360 18360 18360 18360 17706 8550 18360 18360 18360 18360 18360 17706 8550 
28468 28468 28468 28468 28468 27868 12382 29740 29740 29740 29740 29740 29140 13018 
27988 27988 27988 27988 27988 27412 12262 29260 29260 29260 29260 29260 28684 12898 
29260 29260 29260 29260 29260 28648 12994 30532 30532 30532 30532 30532 29920 13630 
30332 30332 30332 30332 30332 29666 13256 31604 31604 31604 31604 31604 30938 13892 
36428 36428 36428 36428 36428 35732 18902 37700 37700 37700 37700 37700 37004 19538 
29020 29020 29020 29020 29020 28420 12934 30292 30292 30292 30292 30292 29692 13570 
29812 29812 29812 29812 29812 29236 14086 31084 31084 31084 31084 31084 30508 14722 
31396 31396 31396 31396 31396 30772 14950 32668 32668 32668 32668 32668 32044 15586 
29572 29572 29572 29572 29572 28888 12226 30844 30844 30844 30844 30844 30160 12862 
29020 29020 29020 29020 29020 28390 12484 30292 30292 30292 30292 30292 29662 13120 
27956 27956 27956 27956 27956 27368 12050 29228 29228 29228 29228 29228 28640 12686 
28964 28964 28964 28964 28964 28382 13148 30236 30236 30236 30236 30236 29654 13784 
29804 29804 29804 29804 29804 29180 13358 31076 31076 31076 31076 31076 30452 13994 
32500 32500 32500 32500 32500 31864 15874 33772 33772 33772 33772 33772 33136 16510 
27476 27476 27476 27476 27476 26912 11930 28748 28748 28748 28748 28748 28184 12566 
12240 12240 12240 12240 12240 11628 3060 12240 12240 12240 12240 12240 11628 3060 
30316 30316 30316 30316 30316 29662 13420 31588 31588 31588 31588 31588 30934 14056 
28780 28780 28780 28780 28780 28126 11884 30052 30052 30052 30052 30052 29398 12520 
32380 32380 32380 32380 32380 31750 15844 33652 33652 33652 33652 33652 33022 16480 
34628 34628 34628 34628 34628 34022 18452 35900 35900 35900 35900 35900 35294 19088 
28060 28060 28060 28060 28060 27478 12244 29332 29332 29332 29332 29332 28750 12880 
28660 28660 28660 28660 28660 28078 12844 29932 29932 29932 29932 29932 29350 13480 
36308 36308 36308 36308 36308 35618 18872 37580 37580 37580 37580 37580 36890 19508 
27172 27172 27172 27172 27172 26608 11626 28444 28444 28444 28444 28444 27880 12262 
29476 29476 29476 29476 29476 28864 13210 30748 30748 30748 30748 30748 30136 13846 
17440 17440 17440 17440 17440 16828 8260 17440 17440 17440 17440 17440 16828 8260 
27460 27460 27460 27460 27460 26872 11554 28732 28732 28732 28732 28732 28144 12190 
37380 37380 37380 37380 37380 36708 20214 38652 38652 38652 38652 38652 37980 20850 
27716 27716 27716 27716 27716 27140 11990 28988 28988 28988 28988 28988 28412 12626 
32260 32260 32260 32260 32260 31636 15814 33532 33532 33532 33532 33532 32908 16450 
27580 27580 27580 27580 27580 26986 11584 28852 28852 28852 28852 28852 28258 12220 
31636 31636 31636 31636 31636 31000 15010 32908 32908 32908 32908 32908 32272 15646 
18360 18360 18360 18360 18360 17706 8550 18360 18360 18360 18360 18360 17706 8550 
30244 30244 30244 30244 30244 29554 12808 31516 31516 31516 31516 31516 30826 13444 
35460 35460 35460 35460 35460 34884 19734 36732 36732 36732 36732 36732 36156 20370 
29740 29740 29740 29740 29740 29104 13114 31012 31012 31012 31012 31012 30376 13750 
29492 29492 29492 29492 29492 28868 13046 30764 30764 30764 30764 30764 30140 13682 
28708 28708 28708 28708 28708 28096 12442 29980 29980 29980 29980 29980 29368 13078 
13200 13200 13200 13200 13200 12540 3300 13200 13200 13200 13200 13200 12540 3300 
28972 28972 28972 28972 28972 28318 12076 30244 30244 30244 30244 30244 29590 12712 
33084 33084 33084 33084 33084 32388 15558 34356 34356 34356 34356 34356 33660 16194 
29972 29972 29972 29972 29972 29324 13166 31244 31244 31244 31244 31244 30596 13802 
17400 17400 17400 17400 17400 16794 8310 17400 17400 17400 17400 17400 16794 8310 
29284 29284 29284 29284 29284 28642 12568 30556 30556 30556 30556 30556 29914 13204 
28780 28780 28780 28780 28780 28162 12424 30052 30052 30052 30052 30052 29434 13060 
29012 29012 29012 29012 29012 28412 12926 30284 30284 30284 30284 30284 29684 13562 
37332 37332 37332 37332 37332 36708 20886 38604 38604 38604 38604 38604 37980 21522 
]

ExternalWorkerWithSkillOnStintCost: [
40392 29736 35496 31248 40896 32544 19404 36936 36576 32184 29592 39456 34848 17820 
33264 42624 31824 34848 41760 40392 16164 30888 36936 42264 32328 30888 34776 17136 
30816 37008 39384 35856 31896 39312 16416 41112 37224 42264 40392 29448 36072 15588 
]

OverlappingStints: [
[ 2 8 9 ]
[ 3 8 9 10 ]
[ 4 9 10 11 ]
[ 5 10 11 12 ]
[ 6 11 12 13 ]
[ 7 12 13 14 ]
[ 13 14 ]
[ 9 ]
[ 10 ]
[ 11 ]
[ 12 ]
[ 13 ]
[ 14 ]
[ ]
]

EmployeesWithSkill: [
[ 1 2 3 4 5 6 7 8 9 10 11 12 13 14 15 16 17 18 19 20 21 22 23 24 25 26 27 28 29 30 31 32 33 34 35 36 37 38 39 40 41 42 43 44 45 46 47 48 49 50 51 52 53 54 55 56 57 58 59 60 ]
[ 1 4 6 14 18 19 22 23 27 36 39 44 46 47 53 58 60 ]
[ 1 6 7 8 14 15 24 30 35 38 40 45 48 49 50 52 53 54 55 ]
]

SkillDemandInActivityWithMode: [
0	1	
4	7	
3	6	
3	6	
4	7	
4	7	
5	9	
5	9	
1	3	
4	7	
5	9	
3	6	
3	6	
1	3	
5	9	
4	7	
3	6	
0	1	
15	24	
10	16	
12	19	
9	15	
8	13	
21	33	
6	10	
12	19	
24	37	
16	25	
29	45	
24	37	
29	45	
15	24	
29	45	

0	1	
6	10	
4	7	
4	7	
6	10	
6	10	
7	12	
7	12	
0	1	
6	10	
7	12	
4	7	
4	7	
1	3	
7	12	
6	10	
4	7	
0	1	
0	1	
0	1	
0	1	
0	1	
0	1	
1	3	
0	1	
0	1	
1	3	
0	1	
1	3	
1	3	
1	3	
0	1	
1	3	

0	1	
7	12	
5	9	
5	9	
7	12	
7	12	
9	15	
9	15	
1	3	
7	12	
9	15	
5	9	
5	9	
2	4	
9	15	
7	12	
5	9	
0	1	
0	1	
0	1	
0	1	
0	1	
0	1	
0	1	
0	1	
0	1	
0	1	
0	1	
0	1	
0	1	
0	1	
0	1	
0	1	

]

EmployeeAvailability: [
1 1 0 1 0 1 1 1 1 0 1 0 1 1 
1 1 1 0 1 1 1 1 1 1 0 1 1 1 
1 0 1 1 0 0 1 1 0 1 1 0 0 1 
1 0 0 0 1 1 1 1 0 0 0 1 1 1 
1 1 1 1 1 1 1 1 1 1 1 1 1 1 
0 1 1 1 0 1 0 0 1 1 1 0 1 0 
0 1 1 0 1 1 1 0 1 1 0 1 1 1 
0 1 0 1 0 1 1 0 1 0 1 0 1 1 
0 0 1 1 1 1 1 0 0 1 1 1 1 1 
1 1 1 1 1 1 1 1 1 1 1 1 1 1 
1 1 1 1 0 0 1 1 1 1 1 0 0 1 
1 1 0 1 0 1 1 1 1 0 1 0 1 1 
1 1 0 1 1 1 1 1 1 0 1 1 1 1 
1 1 1 1 0 1 1 1 1 1 1 0 1 1 
1 1 1 0 1 1 1 1 1 1 0 1 1 1 
1 1 1 1 1 1 1 1 1 1 1 1 1 1 
1 1 1 1 1 1 1 1 1 1 1 1 1 1 
1 1 1 1 1 0 1 1 1 1 1 1 0 1 
1 1 1 1 1 1 1 1 1 1 1 1 1 1 
1 1 0 1 0 1 1 1 1 0 1 0 1 1 
1 1 1 1 1 1 1 1 1 1 1 1 1 1 
1 1 0 1 0 0 1 1 1 0 1 0 0 1 
1 1 1 1 1 1 1 1 1 1 1 1 1 1 
1 1 0 1 0 1 1 1 1 0 1 0 1 1 
1 1 0 0 1 1 1 1 1 0 0 1 1 1 
1 1 0 1 0 1 1 1 1 0 1 0 1 1 
1 1 0 1 0 1 1 1 1 0 1 0 1 1 
1 1 0 0 1 0 1 1 1 0 0 1 0 1 
1 1 1 0 1 1 0 1 1 1 0 1 1 0 
1 0 1 1 1 0 1 1 0 1 1 1 0 1 
1 1 1 1 1 0 1 1 1 1 1 1 0 1 
1 1 0 0 1 1 1 1 1 0 0 1 1 1 
0 1 1 0 1 1 0 0 1 1 0 1 1 0 
1 1 1 0 1 0 1 1 1 1 0 1 0 1 
1 0 0 1 1 1 1 1 0 0 1 1 1 1 
1 1 1 1 1 1 1 1 1 1 1 1 1 1 
1 1 1 1 1 1 1 1 1 1 1 1 1 1 
0 0 1 1 1 1 1 0 0 1 1 1 1 1 
1 1 0 1 0 1 1 1 1 0 1 0 1 1 
1 0 1 1 0 1 1 1 0 1 1 0 1 1 
1 1 1 1 1 0 0 1 1 1 1 1 0 0 
1 1 0 0 1 1 1 1 1 0 0 1 1 1 
1 0 1 1 1 1 1 1 0 1 1 1 1 1 
0 1 1 1 1 0 1 0 1 1 1 1 0 1 
0 0 1 1 1 1 1 0 0 1 1 1 1 1 
1 1 0 1 1 1 1 1 1 0 1 1 1 1 
1 1 1 1 0 1 1 1 1 1 1 0 1 1 
1 1 1 1 1 1 0 1 1 1 1 1 1 0 
0 0 1 1 1 1 1 0 0 1 1 1 1 1 
1 1 1 1 0 1 1 1 1 1 1 0 1 1 
1 1 1 1 1 1 1 1 1 1 1 1 1 1 
0 0 1 1 1 0 1 0 0 1 1 1 0 1 
1 1 1 1 1 1 1 1 1 1 1 1 1 1 
1 1 1 1 1 0 1 1 1 1 1 1 0 1 
0 1 1 1 1 1 1 0 1 1 1 1 1 1 
0 1 1 1 1 0 1 0 1 1 1 1 0 1 
1 1 1 1 1 1 1 1 1 1 1 1 1 1 
1 1 1 1 1 0 1 1 1 1 1 1 0 1 
1 1 1 1 1 1 0 1 1 1 1 1 1 0 
1 1 0 1 1 1 1 1 1 0 1 1 1 1 
]

EmployeeWantedInStint: [ (3 1) 1 (8 7) 1 (21 9) 1 (22 11) 1 (28 2) 1 (28 6) 1 (29 5) 1 (33 1) 1 (35 6) 1 (37 9) 1 (38 3) 1 (38 7) 1 (40 3) 1 (42 10) 1 (44 14) 1 (45 10) 1 (47 14) 1 (52 14) 1 (55 3) 1 (55 9) 1 (55 14) 1 (59 13) 1 ]

EmployeeWantedViolationCost: [ (3 1) 8000 (8 7) 10000 (21 9) 15000 (22 11) 9000 (28 2) 9000 (28 6) 10000 (29 5) 13000 (33 1) 10000 (35 6) 11000 (37 9) 11000 (38 3) 7000 (38 7) 14000 (40 3) 13000 (42 10) 6000 (44 14) 13000 (45 10) 11000 (47 14) 12000 (52 14) 7000 (55 3) 6000 (55 9) 5000 (55 14) 9000 (59 13) 10000 ]

EmployeesThatShouldNotWorkTogetherWithEmployee: [
[ 32 44 ]
[ 56 ]
[ ]
[ 14 29 43 60 ]
[ 21 23 28 40 53 ]
[ 7 9 50 ]
[ 8 12 ]
[ 33 ]
[ 20 42 43 ]
[ 20 32 ]
[ 12 14 26 56 ]
[ 37 ]
[ 52 ]
[ ]
[ 23 26 ]
[ 48 54 58 ]
[ 46 ]
[ 29 53 ]
[ 30 35 60 ]
[ 27 55 ]
[ 49 57 ]
[ 32 42 ]
[ 33 36 50 ]
[ 26 44 ]
[ 29 32 43 ]
[ 60 ]
[ 31 ]
[ 50 59 ]
[ 33 ]
[ ]
[ 50 ]
[ ]
[ 42 ]
[ 50 55 ]
[ 40 58 59 60 ]
[ 37 43 45 ]
[ 58 ]
[ 54 58 ]
[ 48 54 55 ]
[ ]
[ ]
[ 57 60 ]
[ 60 ]
[ ]
[ ]
[ ]
[ ]
[ ]
[ ]
[ 52 59 ]
[ ]
[ ]
[ ]
[ ]
[ 60 ]
[ ]
[ ]
[ ]
[ ]
[ ]
]

ShouldNotWorkTogetherCost: [ (1 32) 396 (1 44) 198 (2 56) 99 (4 14) 198 (4 29) 396 (4 43) 198 (4 60) 396 (5 21) 99 (5 23) 198 (5 28) 297 (5 40) 99 (5 53) 99 (6 7) 396 (6 9) 198 (6 50) 396 (7 8) 396 (7 12) 99 (8 33) 396 (9 20) 297 (9 42) 198 (9 43) 297 (10 20) 396 (10 32) 198 (11 12) 198 (11 14) 99 (11 26) 99 (11 56) 396 (12 37) 396 (13 52) 99 (15 23) 297 (15 26) 297 (16 48) 198 (16 54) 99 (16 58) 99 (17 46) 99 (18 29) 297 (18 53) 198 (19 30) 198 (19 35) 99 (19 60) 297 (20 27) 198 (20 55) 396 (21 49) 297 (21 57) 297 (22 32) 396 (22 42) 396 (23 33) 297 (23 36) 297 (23 50) 396 (24 26) 396 (24 44) 396 (25 29) 396 (25 32) 198 (25 43) 99 (26 60) 198 (27 31) 198 (28 50) 297 (28 59) 99 (29 33) 198 (31 50) 396 (33 42) 99 (34 50) 396 (34 55) 99 (35 40) 198 (35 58) 396 (35 59) 297 (35 60) 99 (36 37) 198 (36 43) 99 (36 45) 297 (37 58) 396 (38 54) 297 (38 58) 396 (39 48) 396 (39 54) 198 (39 55) 396 (42 57) 198 (42 60) 99 (43 60) 198 (50 52) 198 (50 59) 396 (55 60) 297 ]

ImmediatePredecessorsToActivity: [
[ ]
[ 1 ]
[ 1 ]
[ 2 ]
[ 1 ]
[ 1 ]
[ 1 ]
[ 4 5 6 ]
[ 1 ]
[ 1 ]
[ 2 ]
[ 2 3 5 ]
[ 2 6 7 ]
[ 5 10 13 ]
[ 3 4 10 13 ]
[ 12 15 ]
[ 15 ]
[ ]
[ 18 ]
[ 18 ]
[ 18 ]
[ 18 ]
[ 20 21 ]
[ 19 21 ]
[ 18 ]
[ 19 22 ]
[ 19 22 ]
[ 20 ]
[ 19 25 ]
[ 21 25 26 28 ]
[ 21 26 27 28 ]
[ 27 ]
[ 27 28 ]
]

ActivitiesInProject: [
[ 1 2 3 4 5 6 7 8 9 10 11 12 13 14 15 16 17 ]
[ 18 19 20 21 22 23 24 25 26 27 28 29 30 31 32 33 ]
]

nActivityModes: [ 2 2 2 2 2 2 2 2 2 2 2 2 2 2 2 2 2 2 2 2 2 2 2 2 2 2 2 2 2 2 2 2 2 ]

ActivitiyDurationWithMode: [
1	1	
6	4	
9	6	
9	6	
6	4	
6	4	
5	4	
5	4	
40	27	
6	4	
5	4	
8	6	
8	6	
22	15	
5	4	
6	4	
9	6	
1	1	
10	7	
15	10	
12	8	
17	12	
18	12	
7	5	
27	18	
12	8	
6	4	
9	6	
5	4	
6	4	
5	4	
10	7	
5	4	
]
StintsInProject: [
[ 1 2 3 4 5 6 7 ]
[ 8 9 10 11 12 13 14 ]
]

WorkingStintsOnDay: [
[ 1 8 ]
[ 1 8 ]
[ 1 8 ]
[ 1 8 ]
[ 1 8 ]
[ 1 8 ]
[ 1 8 ]
[ 1 8 ]
[ 1 8 ]
[ 1 8 ]
[ 1 8 ]
[ 1 8 ]
[ ]
[ ]
[ 2 9 ]
[ 2 9 ]
[ 2 9 ]
[ 2 9 ]
[ 2 9 ]
[ 2 9 ]
[ 2 9 ]
[ 2 9 ]
[ 2 9 ]
[ 2 9 ]
[ 2 9 ]
[ 2 9 ]
[ ]
[ ]
[ 3 10 ]
[ 3 10 ]
[ 3 10 ]
[ 3 10 ]
[ 3 10 ]
[ 3 10 ]
[ 3 10 ]
[ 3 10 ]
[ 3 10 ]
[ 3 10 ]
[ 3 10 ]
[ 3 10 ]
[ ]
[ ]
[ 4 11 ]
[ 4 11 ]
[ 4 11 ]
[ 4 11 ]
[ 4 11 ]
[ 4 11 ]
[ 4 11 ]
[ 4 11 ]
[ 4 11 ]
[ 4 11 ]
[ 4 11 ]
[ 4 11 ]
[ ]
[ ]
[ 5 12 ]
[ 5 12 ]
[ 5 12 ]
[ 5 12 ]
[ 5 12 ]
[ 5 12 ]
[ 5 12 ]
[ 5 12 ]
[ 5 12 ]
[ 5 12 ]
[ 5 12 ]
[ 5 12 ]
[ ]
[ ]
[ 6 13 ]
[ 6 13 ]
[ 6 13 ]
[ 6 13 ]
[ 6 13 ]
[ 6 13 ]
[ 6 13 ]
[ 6 13 ]
[ 6 13 ]
[ 6 13 ]
[ 6 13 ]
[ 6 13 ]
[ ]
[ ]
[ 7 14 ]
[ 7 14 ]
[ 7 14 ]
[ 7 14 ]
[ 7 14 ]
[ 7 14 ]
]

ProjectStart: [ 5 21 ]

ProjectEnd: [ 52 65 ]

EarliestStartDayForActivity: [ 1 5 5 11 5 5 5 22 5 5 11 16 11 21 22 27 27 1 21 21 21 21 38 35 21 40 40 38 52 54 54 48 49 ]

LatestStartDayForActivity: [ 1 52 52 52 52 52 52 52 52 52 52 52 52 52 52 52 52 1 65 65 65 65 65 65 65 65 65 65 65 65 65 65 65 ]

EquipmentTypeDemandInActivityWithMode: [
0	1	
0	1	
2	4	
3	6	
0	1	
1	3	
2	4	
0	1	
0	1	
1	3	
1	3	
1	3	
1	3	
0	1	
2	4	
0	1	
3	6	
0	1	
1	3	
0	1	
1	3	
0	1	
2	4	
2	4	
0	1	
2	4	
0	1	
0	1	
2	4	
1	3	
1	3	
0	1	
2	4	

0	1	
1	3	
0	1	
1	3	
1	3	
1	3	
0	1	
0	1	
1	3	
1	3	
0	1	
3	6	
1	3	
0	1	
0	1	
0	1	
1	3	
0	1	
0	1	
1	3	
0	1	
1	3	
0	1	
0	1	
1	3	
1	3	
1	3	
1	3	
0	1	
1	3	
1	3	
0	1	
5	9	

0	1	
0	1	
0	1	
0	1	
2	4	
2	4	
1	3	
2	4	
2	4	
0	1	
1	3	
1	3	
0	1	
1	3	
2	4	
0	1	
1	3	
0	1	
1	3	
2	4	
2	4	
1	3	
1	3	
0	1	
0	1	
2	4	
1	3	
1	3	
0	1	
1	3	
2	4	
2	4	
0	1	

0	1	
1	3	
2	4	
0	1	
1	3	
1	3	
1	3	
0	1	
1	3	
3	6	
1	3	
0	1	
0	1	
1	3	
2	4	
1	3	
1	3	
0	1	
0	1	
0	1	
0	1	
1	3	
2	4	
2	4	
0	1	
1	3	
0	1	
1	3	
2	4	
1	3	
0	1	
0	1	
0	1	

0	1	
0	1	
0	1	
2	4	
2	4	
3	6	
0	1	
1	3	
0	1	
1	3	
0	1	
1	3	
0	1	
2	4	
1	3	
0	1	
4	7	
0	1	
1	3	
0	1	
1	3	
2	4	
1	3	
1	3	
0	1	
1	3	
0	1	
0	1	
0	1	
2	4	
1	3	
1	3	
0	1	

0	1	
2	4	
2	4	
0	1	
0	1	
1	3	
0	1	
1	3	
0	1	
2	4	
1	3	
1	3	
1	3	
2	4	
0	1	
0	1	
0	1	
0	1	
3	6	
1	3	
3	6	
1	3	
0	1	
4	7	
1	3	
0	1	
0	1	
1	3	
2	4	
3	6	
4	7	
0	1	
0	1	

]

ExternalEquipmentRentingCost: [
4801	2342	5635	1643	4016	5397	5069	4738	5659	2841	1344	3784	1114	4023	2400	4634	5399	3380	2222	1647	3636	2140	1330	2775	4709	5479	3483	1693	1235	4882	4979	5945	5728	
4053	5012	2922	4837	5740	5357	4562	5670	4387	2723	2380	1643	5449	3562	1213	3553	3461	4795	5508	5489	1024	4838	1713	1322	3471	1293	4174	1390	1926	1353	5050	5516	3906	
2742	1926	3716	4958	1051	1530	2308	3622	5011	1083	3758	1312	1544	4366	3934	1302	4446	5775	5759	3068	4413	1062	4161	2367	3048	5359	3198	4938	2945	4506	1552	4876	1934	
2780	4026	1901	4033	3337	5068	4000	4221	5124	1330	5584	1580	3797	2610	3243	5204	2015	2464	5143	4328	5052	1527	5334	3219	2052	2736	2534	1548	3620	1106	4740	5438	1911	
4400	3971	3122	4844	1457	3069	5771	3933	5722	3247	4198	2802	3508	5642	4314	1088	4037	3502	2839	1515	4166	4472	4200	4636	3258	1258	3681	5144	1553	5207	4809	2464	3520	
4757	2607	5748	1289	4804	2260	5062	1581	4742	1909	1208	5715	3676	3213	1434	5935	4142	1782	1825	4428	2969	1465	3958	2863	1733	3260	3631	4219	3226	3016	1561	3290	1404	
]

EquipmentTypeTransportationCost: [
1	1000	
1000	1	

1	1000	
1000	1	

1	1000	
1000	1	

1	1000	
1000	1	

1	1000	
1000	1	

1	1000	
1000	1	

]

TransportationTimeForEquipmentTypeBetweenProjects: [
1	1	
1	1	

1	1	
1	1	

1	1	
1	1	

1	1	
1	1	

1	1	
1	1	

1	1	
1	1	

]

TotalNumberOfInitialEquipmentTypeLocation: [
(1 1) 3 (1 18) 3 
(2 1) 1 (2 18) 7 
(3 1) 4 (3 18) 4 
(4 1) 4 (4 18) 1 
(5 1) 3 (5 18) 2 
(6 1) 4 (6 18) 4 
]

DepotActivities: [ 1 18 ]

MaximalStintCliques: [
[ 2 9 1 8 ]
[ 2 9 10 3 ]
[ 4 11 10 3 ]
[ 4 11 12 5 ]
[ 5 12 13 6 ]
[ 6 13 14 7 ]
]
