nEmployees: 60
nSkills: 3
nProjects: 2
nDays: 150
nActivities: 83
nEquipmentTypes: 3
nStints: 33
nMaxModes: 2
nStintCliques: 22

EmployeeInStintCost: [
37866 37866 37866 37866 37866 37866 37866 37866 37866 35010 20638 12372 12372 12372 12372 12372 12372 12372 12372 12372 12372 12372 12372 12372 12372 12372 12372 12372 12372 12372 12372 12372 7484 
41244 41244 41244 41244 41244 41244 41244 41244 41244 38940 26500 17752 17752 17752 17752 17752 17752 17752 17752 17752 17752 17752 17752 17752 17752 17752 17752 17752 17752 17752 17752 17752 13416 
40092 40092 40092 40092 40092 40092 40092 40092 40092 37404 23620 14496 14496 14496 14496 14496 14496 14496 14496 14496 14496 14496 14496 14496 14496 14496 14496 14496 14496 14496 14496 14496 9776 
36436 36436 36436 36436 36436 36436 36436 36436 36436 33748 19964 11096 11096 11096 11096 11096 11096 11096 11096 11096 11096 11096 11096 11096 11096 11096 11096 11096 11096 11096 11096 11096 6376 
37142 37142 37142 37142 37142 37142 37142 37142 37142 34526 20994 14788 14788 14788 14788 14788 14788 14788 14788 14788 14788 14788 14788 14788 14788 14788 14788 14788 14788 14788 14788 14788 10140 
37338 37338 37338 37338 37338 37338 37338 37338 37338 35058 22702 13884 13884 13884 13884 13884 13884 13884 13884 13884 13884 13884 13884 13884 13884 13884 13884 13884 13884 13884 13884 13884 9572 
44484 44484 44484 44484 44484 44484 44484 44484 44484 41700 27580 18472 18472 18472 18472 18472 18472 18472 18472 18472 18472 18472 18472 18472 18472 18472 18472 18472 18472 18472 18472 18472 13656 
34190 34190 34190 34190 34190 34190 34190 34190 34190 31862 19338 11316 11316 11316 11316 11316 11316 11316 11316 11316 11316 11316 11316 11316 11316 11316 11316 11316 11316 11316 11316 11316 6956 
43068 43068 43068 43068 43068 43068 43068 43068 43068 40284 26164 17264 17264 17264 17264 17264 17264 17264 17264 17264 17264 17264 17264 17264 17264 17264 17264 17264 17264 17264 17264 17264 12448 
42384 42384 42384 42384 42384 42384 42384 42384 42384 39936 26992 18144 18144 18144 18144 18144 18144 18144 18144 18144 18144 18144 18144 18144 18144 18144 18144 18144 18144 18144 18144 18144 13664 
15552 15552 15552 15552 15552 15552 15552 15552 15552 13248 5184 10224 10224 10224 10224 10224 10224 10224 10224 10224 10224 10224 10224 10224 10224 10224 10224 10224 10224 10224 10224 10224 5888 
44004 44004 44004 44004 44004 44004 44004 44004 44004 41316 27532 18504 18504 18504 18504 18504 18504 18504 18504 18504 18504 18504 18504 18504 18504 18504 18504 18504 18504 18504 18504 18504 13784 
37812 37812 37812 37812 37812 37812 37812 37812 37812 35508 23068 14472 14472 14472 14472 14472 14472 14472 14472 14472 14472 14472 14472 14472 14472 14472 14472 14472 14472 14472 14472 14472 10136 
39618 39618 39618 39618 39618 39618 39618 39618 39618 37146 24118 15380 15380 15380 15380 15380 15380 15380 15380 15380 15380 15380 15380 15380 15380 15380 15380 15380 15380 15380 15380 15380 10876 
35302 35302 35302 35302 35302 35302 35302 35302 35302 32782 19586 10844 10844 10844 10844 10844 10844 10844 10844 10844 10844 10844 10844 10844 10844 10844 10844 10844 10844 10844 10844 10844 6292 
34514 34514 34514 34514 34514 34514 34514 34514 34514 32138 19446 11388 11388 11388 11388 11388 11388 11388 11388 11388 11388 11388 11388 11388 11388 11388 11388 11388 11388 11388 11388 11388 6980 
39802 39802 39802 39802 39802 39802 39802 39802 39802 37522 25166 16476 16476 16476 16476 16476 16476 16476 16476 16476 16476 16476 16476 16476 16476 16476 16476 16476 16476 16476 16476 16476 12164 
20050 20050 20050 20050 20050 20050 20050 20050 20050 17530 8710 10596 10596 10596 10596 10596 10596 10596 10596 10596 10596 10596 10596 10596 10596 10596 10596 10596 10596 10596 10596 10596 6044 
34028 34028 34028 34028 34028 34028 34028 34028 34028 31724 19284 11280 11280 11280 11280 11280 11280 11280 11280 11280 11280 11280 11280 11280 11280 11280 11280 11280 11280 11280 11280 11280 6944 
35494 35494 35494 35494 35494 35494 35494 35494 35494 32878 19346 11732 11732 11732 11732 11732 11732 11732 11732 11732 11732 11732 11732 11732 11732 11732 11732 11732 11732 11732 11732 11732 7084 
36134 36134 36134 36134 36134 36134 36134 36134 36134 33518 19986 11748 11748 11748 11748 11748 11748 11748 11748 11748 11748 11748 11748 11748 11748 11748 11748 11748 11748 11748 11748 11748 7100 
37444 37444 37444 37444 37444 37444 37444 37444 37444 34852 21404 13192 13192 13192 13192 13192 13192 13192 13192 13192 13192 13192 13192 13192 13192 13192 13192 13192 13192 13192 13192 13192 8568 
20200 20200 20200 20200 20200 20200 20200 20200 20200 17800 9400 11152 11152 11152 11152 11152 11152 11152 11152 11152 11152 11152 11152 11152 11152 11152 11152 11152 11152 11152 11152 11152 6720 
34338 34338 34338 34338 34338 34338 34338 34338 34338 31770 18406 3852 3852 3852 3852 3852 3852 3852 3852 3852 3852 3852 3852 3852 3852 3852 3852 3852 3852 3852 3852 3852 1284 
38646 38646 38646 38646 38646 38646 38646 38646 38646 36318 23794 15164 15164 15164 15164 15164 15164 15164 15164 15164 15164 15164 15164 15164 15164 15164 15164 15164 15164 15164 15164 15164 10804 
41908 41908 41908 41908 41908 41908 41908 41908 41908 39316 25868 16944 16944 16944 16944 16944 16944 16944 16944 16944 16944 16944 16944 16944 16944 16944 16944 16944 16944 16944 16944 16944 12320 
36944 36944 36944 36944 36944 36944 36944 36944 36944 34208 20256 11928 11928 11928 11928 11928 11928 11928 11928 11928 11928 11928 11928 11928 11928 11928 11928 11928 11928 11928 11928 11928 7160 
16038 16038 16038 16038 16038 16038 16038 16038 16038 13662 5346 10332 10332 10332 10332 10332 10332 10332 10332 10332 10332 10332 10332 10332 10332 10332 10332 10332 10332 10332 10332 10332 5924 
43400 43400 43400 43400 43400 43400 43400 43400 43400 40760 27144 18136 18136 18136 18136 18136 18136 18136 18136 18136 18136 18136 18136 18136 18136 18136 18136 18136 18136 18136 18136 18136 13464 
20374 20374 20374 20374 20374 20374 20374 20374 20374 17806 8818 10668 10668 10668 10668 10668 10668 10668 10668 10668 10668 10668 10668 10668 10668 10668 10668 10668 10668 10668 10668 10668 6068 
43350 43350 43350 43350 43350 43350 43350 43350 43350 40734 27202 18220 18220 18220 18220 18220 18220 18220 18220 18220 18220 18220 18220 18220 18220 18220 18220 18220 18220 18220 18220 18220 13572 
42420 42420 42420 42420 42420 42420 42420 42420 42420 39732 25948 17120 17120 17120 17120 17120 17120 17120 17120 17120 17120 17120 17120 17120 17120 17120 17120 17120 17120 17120 17120 17120 12400 
36922 36922 36922 36922 36922 36922 36922 36922 36922 34162 20126 11204 11204 11204 11204 11204 11204 11204 11204 11204 11204 11204 11204 11204 11204 11204 11204 11204 11204 11204 11204 11204 6412 
41892 41892 41892 41892 41892 41892 41892 41892 41892 39492 26716 17896 17896 17896 17896 17896 17896 17896 17896 17896 17896 17896 17896 17896 17896 17896 17896 17896 17896 17896 17896 17896 13464 
36332 36332 36332 36332 36332 36332 36332 36332 36332 33836 20724 14608 14608 14608 14608 14608 14608 14608 14608 14608 14608 14608 14608 14608 14608 14608 14608 14608 14608 14608 14608 14608 10080 
38298 38298 38298 38298 38298 38298 38298 38298 38298 35922 23230 14580 14580 14580 14580 14580 14580 14580 14580 14580 14580 14580 14580 14580 14580 14580 14580 14580 14580 14580 14580 14580 10172 
37444 37444 37444 37444 37444 37444 37444 37444 37444 34852 21404 13192 13192 13192 13192 13192 13192 13192 13192 13192 13192 13192 13192 13192 13192 13192 13192 13192 13192 13192 13192 13192 8568 
39768 39768 39768 39768 39768 39768 39768 39768 39768 37128 23512 14424 14424 14424 14424 14424 14424 14424 14424 14424 14424 14424 14424 14424 14424 14424 14424 14424 14424 14424 14424 14424 9752 
38148 38148 38148 38148 38148 38148 38148 38148 38148 35748 22972 14064 14064 14064 14064 14064 14064 14064 14064 14064 14064 14064 14064 14064 14064 14064 14064 14064 14064 14064 14064 14064 9632 
21982 21982 21982 21982 21982 21982 21982 21982 21982 19318 9994 11548 11548 11548 11548 11548 11548 11548 11548 11548 11548 11548 11548 11548 11548 11548 11548 11548 11548 11548 11548 11548 6852 
34014 34014 34014 34014 34014 34014 34014 34014 34014 31494 18298 3780 3780 3780 3780 3780 3780 3780 3780 3780 3780 3780 3780 3780 3780 3780 3780 3780 3780 3780 3780 3780 1260 
35140 35140 35140 35140 35140 35140 35140 35140 35140 32644 19532 10808 10808 10808 10808 10808 10808 10808 10808 10808 10808 10808 10808 10808 10808 10808 10808 10808 10808 10808 10808 10808 6280 
36296 36296 36296 36296 36296 36296 36296 36296 36296 33656 20040 11784 11784 11784 11784 11784 11784 11784 11784 11784 11784 11784 11784 11784 11784 11784 11784 11784 11784 11784 11784 11784 7112 
34550 34550 34550 34550 34550 34550 34550 34550 34550 32318 20130 14212 14212 14212 14212 14212 14212 14212 14212 14212 14212 14212 14212 14212 14212 14212 14212 14212 14212 14212 14212 14212 9948 
35310 35310 35310 35310 35310 35310 35310 35310 35310 32598 18730 4068 4068 4068 4068 4068 4068 4068 4068 4068 4068 4068 4068 4068 4068 4068 4068 4068 4068 4068 4068 4068 1356 
45330 45330 45330 45330 45330 45330 45330 45330 45330 42570 28534 19676 19676 19676 19676 19676 19676 19676 19676 19676 19676 19676 19676 19676 19676 19676 19676 19676 19676 19676 19676 19676 14884 
34838 34838 34838 34838 34838 34838 34838 34838 34838 32414 19554 11460 11460 11460 11460 11460 11460 11460 11460 11460 11460 11460 11460 11460 11460 11460 11460 11460 11460 11460 11460 11460 7004 
34684 34684 34684 34684 34684 34684 34684 34684 34684 32188 19076 11552 11552 11552 11552 11552 11552 11552 11552 11552 11552 11552 11552 11552 11552 11552 11552 11552 11552 11552 11552 11552 7024 
34176 34176 34176 34176 34176 34176 34176 34176 34176 31632 18352 3816 3816 3816 3816 3816 3816 3816 3816 3816 3816 3816 3816 3816 3816 3816 3816 3816 3816 3816 3816 3816 1272 
16848 16848 16848 16848 16848 16848 16848 16848 16848 14352 5616 10512 10512 10512 10512 10512 10512 10512 10512 10512 10512 10512 10512 10512 10512 10512 10512 10512 10512 10512 10512 10512 5984 
35128 35128 35128 35128 35128 35128 35128 35128 35128 32392 18440 11600 11600 11600 11600 11600 11600 11600 11600 11600 11600 11600 11600 11600 11600 11600 11600 11600 11600 11600 11600 11600 6832 
43350 43350 43350 43350 43350 43350 43350 43350 43350 40734 27202 18220 18220 18220 18220 18220 18220 18220 18220 18220 18220 18220 18220 18220 18220 18220 18220 18220 18220 18220 18220 18220 13572 
43724 43724 43724 43724 43724 43724 43724 43724 43724 41036 27252 18208 18208 18208 18208 18208 18208 18208 18208 18208 18208 18208 18208 18208 18208 18208 18208 18208 18208 18208 18208 18208 13488 
42216 42216 42216 42216 42216 42216 42216 42216 42216 39768 26824 17968 17968 17968 17968 17968 17968 17968 17968 17968 17968 17968 17968 17968 17968 17968 17968 17968 17968 17968 17968 17968 13488 
38322 38322 38322 38322 38322 38322 38322 38322 38322 36042 23686 15092 15092 15092 15092 15092 15092 15092 15092 15092 15092 15092 15092 15092 15092 15092 15092 15092 15092 15092 15092 15092 10780 
41584 41584 41584 41584 41584 41584 41584 41584 41584 39040 25760 16872 16872 16872 16872 16872 16872 16872 16872 16872 16872 16872 16872 16872 16872 16872 16872 16872 16872 16872 16872 16872 12296 
44166 44166 44166 44166 44166 44166 44166 44166 44166 41454 27586 18540 18540 18540 18540 18540 18540 18540 18540 18540 18540 18540 18540 18540 18540 18540 18540 18540 18540 18540 18540 18540 13796 
42582 42582 42582 42582 42582 42582 42582 42582 42582 39870 26002 17156 17156 17156 17156 17156 17156 17156 17156 17156 17156 17156 17156 17156 17156 17156 17156 17156 17156 17156 17156 17156 12412 
36494 36494 36494 36494 36494 36494 36494 36494 36494 33974 20778 14644 14644 14644 14644 14644 14644 14644 14644 14644 14644 14644 14644 14644 14644 14644 14644 14644 14644 14644 14644 14644 10092 
36274 36274 36274 36274 36274 36274 36274 36274 36274 33610 19910 11060 11060 11060 11060 11060 11060 11060 11060 11060 11060 11060 11060 11060 11060 11060 11060 11060 11060 11060 11060 11060 6364 
]

ExternalWorkerWithSkillOnStintCost: [
35700 47796 44268 45192 48048 38472 35532 41664 40152 46200 35700 13440 17490 12240 17310 12510 15960 14400 17880 14040 12150 16380 14850 17130 16950 13800 16680 12600 16710 17610 16710 12720 10206 
49812 45108 36960 44100 50232 45360 49056 37716 36876 38304 33360 12540 17730 12540 12330 15810 17820 13170 15120 16290 12210 17910 17130 15630 16650 14130 15180 15930 12660 14640 14820 17760 7722 
40404 36036 46032 34440 39312 45864 36624 47964 43176 41496 30060 16350 15030 12000 14490 16590 13740 12600 14880 14220 13440 15210 17550 15390 16530 15570 13020 16590 14160 16920 16650 17340 9522 
]

OverlappingStints: [
[ 2 12 13 14 15 ]
[ 3 14 15 16 17 ]
[ 4 16 17 18 19 ]
[ 5 18 19 20 21 ]
[ 6 20 21 22 23 ]
[ 7 22 23 24 25 ]
[ 8 24 25 26 27 ]
[ 9 26 27 28 29 ]
[ 10 28 29 30 31 ]
[ 11 30 31 32 33 ]
[ 32 33 ]
[ ]
[ ]
[ ]
[ ]
[ ]
[ ]
[ ]
[ ]
[ ]
[ ]
[ ]
[ ]
[ ]
[ ]
[ ]
[ ]
[ ]
[ ]
[ ]
[ ]
[ ]
[ ]
]

EmployeesWithSkill: [
[ 1 2 3 4 5 6 7 8 9 10 11 12 13 14 15 16 17 18 19 20 21 22 23 24 25 26 27 28 29 30 31 32 33 34 35 36 37 38 39 40 41 42 43 44 45 46 47 48 49 50 51 52 53 54 55 56 57 58 59 60 ]
[ 1 4 5 7 9 10 11 12 14 18 19 20 21 22 23 24 26 27 28 29 30 31 32 33 34 35 37 39 40 41 42 43 46 48 49 51 52 54 57 59 ]
[ 1 4 9 10 16 21 22 26 27 30 32 33 41 48 50 56 57 ]
]

SkillDemandInActivityWithMode: [
0	1	
2	4	
2	4	
2	4	
4	7	
3	6	
3	6	
6	10	
2	4	
3	6	
6	10	
5	9	
5	9	
1	3	
6	10	
2	4	
5	9	
2	4	
4	7	
5	9	
2	4	
3	6	
1	3	
4	7	
4	7	
2	4	
5	9	
2	4	
5	9	
5	9	
3	6	
4	7	
4	7	
5	9	
5	9	
2	4	
5	9	
4	7	
2	4	
3	6	
5	9	
5	9	
4	7	
3	6	
5	9	
0	1	
6	10	
11	18	
8	13	
2	4	
12	19	
11	18	
12	19	
3	6	
10	16	
5	9	
10	16	
3	6	
5	9	
10	16	
8	13	
5	9	
8	13	
4	7	
3	6	
10	16	
8	13	
5	9	
2	4	
13	21	
4	7	
12	19	
11	18	
5	9	
13	21	
5	9	
13	21	
9	15	
13	21	
11	18	
13	21	
4	7	
11	18	

0	1	
0	1	
0	1	
0	1	
1	3	
1	3	
1	3	
2	4	
0	1	
1	3	
2	4	
2	4	
2	4	
0	1	
2	4	
0	1	
2	4	
0	1	
1	3	
2	4	
0	1	
1	3	
0	1	
1	3	
1	3	
0	1	
2	4	
0	1	
2	4	
2	4	
1	3	
1	3	
1	3	
2	4	
2	4	
0	1	
2	4	
1	3	
0	1	
1	3	
2	4	
2	4	
1	3	
1	3	
2	4	
0	1	
4	7	
8	13	
6	10	
1	3	
9	15	
8	13	
9	15	
1	3	
7	12	
3	6	
7	12	
2	4	
3	6	
7	12	
6	10	
3	6	
6	10	
2	4	
1	3	
7	12	
6	10	
3	6	
1	3	
10	16	
3	6	
9	15	
8	13	
3	6	
10	16	
3	6	
10	16	
6	10	
10	16	
8	13	
10	16	
2	4	
8	13	

0	1	
0	1	
0	1	
0	1	
1	3	
1	3	
1	3	
2	4	
0	1	
1	3	
2	4	
2	4	
1	3	
0	1	
2	4	
0	1	
1	3	
0	1	
1	3	
2	4	
0	1	
1	3	
0	1	
1	3	
1	3	
0	1	
1	3	
0	1	
2	4	
2	4	
1	3	
1	3	
1	3	
1	3	
1	3	
0	1	
2	4	
1	3	
0	1	
1	3	
1	3	
1	3	
1	3	
1	3	
1	3	
0	1	
0	1	
1	3	
1	3	
0	1	
1	3	
1	3	
1	3	
0	1	
1	3	
0	1	
1	3	
0	1	
0	1	
1	3	
1	3	
0	1	
1	3	
0	1	
0	1	
1	3	
1	3	
0	1	
0	1	
2	4	
0	1	
1	3	
1	3	
0	1	
2	4	
0	1	
2	4	
1	3	
2	4	
1	3	
2	4	
0	1	
1	3	

]

EmployeeAvailability: [
1 1 1 1 1 1 1 1 1 1 1 1 1 1 1 1 1 1 1 1 1 1 1 1 1 1 1 1 1 1 1 1 1 
0 1 0 1 1 1 1 1 1 1 1 1 1 1 1 0 1 1 1 1 1 1 1 1 1 1 1 1 1 1 1 1 1 
1 1 1 1 1 1 1 1 1 1 1 1 1 1 1 1 1 1 1 1 1 1 1 1 1 1 1 1 1 1 1 1 1 
1 1 1 1 1 1 1 1 1 1 1 1 1 1 1 1 1 1 1 1 1 1 1 1 1 1 1 1 1 1 1 1 1 
0 1 1 1 1 0 1 1 0 1 1 1 1 1 1 1 1 1 1 1 1 0 1 1 1 1 1 1 0 1 1 1 1 
1 1 1 1 1 1 1 1 1 1 1 1 1 1 1 1 1 1 1 1 1 1 1 1 1 1 1 1 1 1 1 1 1 
1 1 1 1 1 1 1 1 1 0 1 1 1 1 1 1 1 1 1 1 1 1 1 1 1 1 1 1 1 1 0 1 1 
1 1 1 1 1 1 1 1 1 1 1 1 1 1 1 1 1 1 1 1 1 1 1 1 1 1 1 1 1 1 1 1 1 
1 1 0 1 1 0 1 1 1 1 1 1 1 1 1 0 1 1 1 1 1 1 0 1 1 1 1 1 1 1 1 1 1 
0 1 1 1 1 1 1 1 1 1 1 0 1 1 1 1 1 1 1 1 1 1 1 1 1 1 1 1 1 1 1 1 1 
1 1 1 1 1 1 1 1 1 1 1 1 1 1 1 1 1 1 1 1 1 1 1 1 1 1 1 1 1 1 1 1 1 
0 1 1 1 1 1 1 1 1 1 1 0 1 1 1 1 1 1 1 1 1 1 1 1 1 1 1 1 1 1 1 1 1 
1 1 1 1 1 1 1 1 1 1 1 1 1 1 1 1 1 1 1 1 1 1 1 1 1 1 1 1 1 1 1 1 1 
1 1 1 0 1 1 1 1 0 0 1 1 1 1 1 1 1 1 0 1 1 1 1 1 1 1 1 0 1 0 1 1 1 
1 1 1 1 1 1 1 1 1 1 1 1 1 1 1 1 1 1 1 1 1 1 1 1 1 1 1 1 1 1 1 1 1 
1 1 1 1 0 1 1 1 1 0 1 1 1 1 1 1 1 1 1 0 1 1 1 1 1 1 1 1 1 1 1 1 1 
1 0 1 1 1 0 1 1 1 1 1 1 1 1 0 1 1 1 1 1 1 1 0 1 1 1 1 1 1 1 1 1 1 
0 1 1 1 1 1 1 1 1 1 1 1 1 1 1 1 1 1 1 1 1 1 1 1 1 1 1 1 1 1 1 1 1 
1 1 1 1 1 0 1 1 1 0 1 1 1 1 1 1 1 1 1 1 1 1 0 1 1 1 1 1 1 0 0 1 1 
1 1 1 1 1 1 0 1 1 1 1 1 1 1 1 1 1 1 1 1 1 1 1 1 1 1 1 1 1 1 1 1 1 
1 1 1 1 1 1 1 1 1 1 1 1 1 1 1 1 1 1 1 1 1 1 1 1 1 1 1 1 1 1 1 1 1 
1 1 0 1 0 1 1 1 1 0 1 1 1 1 1 0 1 1 1 1 0 1 1 1 1 1 1 1 1 1 0 1 1 
1 0 1 1 1 1 0 1 0 1 1 1 1 1 1 1 1 1 1 1 1 1 1 1 0 1 1 0 1 1 1 1 1 
1 1 1 1 1 0 1 1 1 1 1 1 1 1 1 1 1 1 1 1 1 1 1 1 1 1 1 1 1 1 1 1 1 
1 1 1 0 1 1 1 1 1 0 1 1 1 1 1 1 1 1 0 1 1 1 1 1 1 1 1 1 1 0 1 1 1 
1 1 1 1 0 1 0 1 1 1 1 1 1 1 1 1 1 1 1 1 1 1 1 1 1 1 1 1 1 1 1 1 1 
1 1 1 1 1 1 1 1 1 1 1 1 1 1 1 1 1 1 1 1 1 1 1 1 1 1 1 1 1 1 1 1 1 
1 1 1 1 1 1 1 0 1 0 1 1 1 1 1 1 1 1 1 1 1 1 1 1 1 1 1 1 1 1 0 1 1 
1 1 1 1 1 1 1 1 1 1 1 1 1 1 1 1 1 1 1 1 1 1 1 1 1 1 1 1 1 1 1 1 1 
1 1 1 1 1 1 1 1 1 1 1 1 1 1 1 1 1 1 1 1 1 1 1 1 1 1 1 1 1 1 1 1 1 
1 1 1 1 1 1 1 1 1 1 1 1 1 1 1 1 1 1 1 1 1 1 1 1 1 1 1 1 1 1 1 1 1 
0 1 1 0 1 1 1 1 0 1 1 1 0 1 1 1 1 0 1 1 1 1 1 1 1 1 1 0 1 1 1 1 1 
1 0 0 1 1 1 1 0 1 1 1 1 1 0 1 1 0 1 1 1 1 1 1 1 1 1 0 1 1 1 1 1 1 
1 1 1 1 1 1 0 1 0 1 1 1 1 1 1 1 1 1 1 1 1 1 1 1 1 1 1 0 1 1 1 1 1 
1 0 1 1 1 1 1 1 0 1 1 1 1 0 1 1 1 1 1 1 1 1 1 1 1 1 1 1 1 1 1 1 1 
1 1 0 1 1 1 1 1 0 1 1 1 1 1 1 0 1 1 1 1 1 1 1 1 1 1 1 1 0 1 1 1 1 
1 1 1 1 1 1 1 1 1 1 1 1 1 1 1 1 1 1 1 1 1 1 1 1 1 1 1 1 1 1 1 1 1 
1 1 1 1 1 1 1 1 0 1 1 1 1 1 1 1 1 1 1 1 1 1 1 1 1 1 1 1 0 1 1 1 1 
1 0 1 1 1 1 0 1 1 1 0 1 1 1 0 1 1 1 1 1 1 1 1 1 1 1 1 1 1 1 1 0 1 
1 1 1 1 1 1 1 1 1 1 1 1 1 1 1 1 1 1 1 1 1 1 1 1 1 1 1 1 1 1 1 1 1 
1 1 1 1 1 1 1 1 1 0 1 1 1 1 1 1 1 1 1 1 1 1 1 1 1 1 1 1 1 1 1 1 1 
1 0 1 1 1 1 1 1 1 1 1 1 1 1 1 1 1 1 1 1 1 1 1 1 1 1 1 1 1 1 1 1 1 
1 1 1 1 1 1 1 1 0 1 1 1 1 1 1 1 1 1 1 1 1 1 1 1 1 1 1 1 0 1 1 1 1 
0 1 0 1 1 0 1 1 1 1 1 0 1 1 1 1 0 1 1 1 1 1 1 1 1 1 1 1 1 1 1 1 1 
1 1 1 0 1 0 1 1 0 1 1 1 1 1 1 1 1 1 1 1 1 0 1 1 1 1 1 0 1 1 1 1 1 
1 1 1 1 1 1 1 1 0 1 1 1 1 1 1 1 1 1 1 1 1 1 1 1 1 1 1 0 1 1 1 1 1 
1 1 1 1 1 1 1 1 1 1 1 1 1 1 1 1 1 1 1 1 1 1 1 1 1 1 1 1 1 1 1 1 1 
1 1 1 1 1 0 1 1 1 1 1 1 1 1 1 1 1 1 1 1 1 1 0 1 1 1 1 1 1 1 1 1 1 
1 1 1 1 0 1 1 1 0 1 1 1 1 1 1 1 1 1 1 0 1 1 1 1 1 1 1 0 1 1 1 1 1 
1 0 1 1 0 1 1 1 0 1 1 1 1 1 1 1 1 1 1 1 0 1 1 1 1 1 1 1 1 1 1 1 1 
1 0 1 1 1 1 1 1 1 1 1 1 1 1 1 1 1 1 1 1 1 1 1 1 1 1 1 1 1 1 1 1 1 
1 1 1 1 1 1 1 1 1 1 1 1 1 1 1 1 1 1 1 1 1 1 1 1 1 1 1 1 1 1 1 1 1 
1 1 0 1 1 1 1 1 1 0 1 1 1 1 1 1 1 1 1 1 1 1 1 1 1 1 1 1 1 0 1 1 1 
1 1 1 1 1 1 1 0 1 1 0 1 1 1 1 1 1 1 1 1 1 1 1 1 1 1 1 1 1 1 1 0 1 
1 1 1 1 1 1 1 1 1 1 1 1 1 1 1 1 1 1 1 1 1 1 1 1 1 1 1 1 1 1 1 1 1 
1 1 1 1 1 1 1 1 0 0 1 1 1 1 1 1 1 1 1 1 1 1 1 1 1 1 1 0 1 1 1 1 1 
1 1 1 1 0 1 1 0 1 1 1 1 1 1 1 1 1 1 1 1 1 1 1 1 1 0 1 1 1 1 1 1 1 
1 1 1 1 0 1 1 1 1 1 1 1 1 1 1 1 1 1 1 0 1 1 1 1 1 1 1 1 1 1 1 1 1 
1 1 1 1 0 1 1 1 1 1 1 1 1 1 1 1 1 1 1 1 0 1 1 1 1 1 1 1 1 1 1 1 1 
1 1 1 1 1 1 1 1 1 1 1 1 1 1 1 1 1 1 1 1 1 1 1 1 1 1 1 1 1 1 1 1 1 
]

EmployeeWantedInStint: [ (2 21) 1 (3 3) 1 (5 10) 1 (5 27) 1 (8 1) 1 (9 12) 1 (10 7) 1 (11 25) 1 (13 14) 1 (14 7) 1 (17 26) 1 (24 19) 1 (24 31) 1 (25 32) 1 (26 27) 1 (27 5) 1 (29 16) 1 (32 23) 1 (33 7) 1 (33 17) 1 (36 6) 1 (36 22) 1 (36 29) 1 (37 18) 1 (37 19) 1 (39 18) 1 (41 23) 1 (43 32) 1 (58 15) 1 (58 23) 1 (59 7) 1 ]

EmployeeWantedViolationCost: [ (2 21) 12000 (3 3) 12000 (5 10) 6000 (5 27) 6000 (8 1) 13000 (9 12) 7000 (10 7) 11000 (11 25) 12000 (13 14) 5000 (14 7) 13000 (17 26) 14000 (24 19) 8000 (24 31) 11000 (25 32) 14000 (26 27) 13000 (27 5) 5000 (29 16) 6000 (32 23) 6000 (33 7) 9000 (33 17) 8000 (36 6) 9000 (36 22) 7000 (36 29) 14000 (37 18) 15000 (37 19) 12000 (39 18) 14000 (41 23) 12000 (43 32) 15000 (58 15) 10000 (58 23) 15000 (59 7) 15000 ]

EmployeesThatShouldNotWorkTogetherWithEmployee: [
[ 21 36 ]
[ 4 11 15 29 39 ]
[ 32 51 58 ]
[ 13 16 40 ]
[ 45 ]
[ 32 46 58 ]
[ 11 30 42 ]
[ 18 32 34 44 56 ]
[ 10 30 37 48 60 ]
[ 11 26 ]
[ 44 ]
[ 13 16 19 ]
[ 38 50 ]
[ 46 ]
[ ]
[ 46 48 ]
[ 44 ]
[ 34 40 ]
[ ]
[ ]
[ 38 51 ]
[ 47 ]
[ 24 25 38 56 ]
[ 47 55 ]
[ ]
[ 45 52 ]
[ ]
[ 56 ]
[ ]
[ 31 45 60 ]
[ ]
[ 59 ]
[ 42 56 ]
[ 43 54 ]
[ 39 53 55 ]
[ ]
[ ]
[ 40 46 56 ]
[ 42 57 ]
[ 49 ]
[ 52 ]
[ 48 ]
[ ]
[ 49 ]
[ 52 ]
[ 47 49 ]
[ ]
[ ]
[ ]
[ ]
[ 56 ]
[ ]
[ ]
[ ]
[ ]
[ ]
[ 59 ]
[ ]
[ ]
[ ]
]

ShouldNotWorkTogetherCost: [ (1 21) 396 (1 36) 198 (2 4) 297 (2 11) 198 (2 15) 297 (2 29) 396 (2 39) 396 (3 32) 99 (3 51) 396 (3 58) 198 (4 13) 198 (4 16) 198 (4 40) 99 (5 45) 198 (6 32) 198 (6 46) 198 (6 58) 99 (7 11) 99 (7 30) 396 (7 42) 99 (8 18) 99 (8 32) 297 (8 34) 396 (8 44) 198 (8 56) 297 (9 10) 198 (9 30) 396 (9 37) 297 (9 48) 198 (9 60) 99 (10 11) 99 (10 26) 99 (11 44) 198 (12 13) 99 (12 16) 198 (12 19) 99 (13 38) 198 (13 50) 198 (14 46) 198 (16 46) 396 (16 48) 198 (17 44) 99 (18 34) 297 (18 40) 99 (21 38) 198 (21 51) 297 (22 47) 396 (23 24) 396 (23 25) 396 (23 38) 396 (23 56) 396 (24 47) 198 (24 55) 198 (26 45) 198 (26 52) 198 (28 56) 396 (30 31) 99 (30 45) 396 (30 60) 297 (32 59) 198 (33 42) 396 (33 56) 297 (34 43) 396 (34 54) 198 (35 39) 99 (35 53) 297 (35 55) 198 (38 40) 297 (38 46) 396 (38 56) 99 (39 42) 297 (39 57) 198 (40 49) 99 (41 52) 396 (42 48) 198 (44 49) 99 (45 52) 99 (46 47) 396 (46 49) 396 (51 56) 297 (57 59) 396 ]

ImmediatePredecessorsToActivity: [
[ ]
[ 1 ]
[ 1 ]
[ 2 ]
[ 1 ]
[ 2 ]
[ 4 5 ]
[ 6 ]
[ 1 ]
[ 3 5 ]
[ 1 ]
[ 8 9 ]
[ 4 ]
[ 1 ]
[ 4 6 9 11 ]
[ 2 8 9 ]
[ 11 ]
[ 1 ]
[ 3 5 14 17 18 ]
[ 14 15 16 ]
[ 12 18 ]
[ 1 ]
[ 1 ]
[ 2 3 17 23 ]
[ 3 ]
[ 5 6 12 22 ]
[ 3 8 ]
[ 3 5 12 18 22 ]
[ 4 10 16 ]
[ 3 9 17 ]
[ 8 30 ]
[ 6 12 23 ]
[ 5 14 ]
[ 5 6 11 14 27 ]
[ 4 9 10 25 ]
[ 3 9 18 ]
[ 4 5 12 22 23 ]
[ 8 17 22 ]
[ 22 ]
[ 10 18 25 27 31 38 ]
[ 4 6 9 14 18 23 27 ]
[ 9 14 18 23 31 ]
[ 17 ]
[ 4 12 27 43 ]
[ 25 27 38 ]
[ ]
[ 46 ]
[ 47 ]
[ 46 ]
[ 46 ]
[ 48 ]
[ 49 ]
[ 48 ]
[ 52 ]
[ 47 51 ]
[ 48 52 55 ]
[ 48 ]
[ 51 52 ]
[ 52 ]
[ 49 55 ]
[ 53 60 ]
[ 49 ]
[ 57 59 62 ]
[ 46 ]
[ 48 52 ]
[ 47 59 64 ]
[ 57 60 ]
[ 51 52 57 ]
[ 49 ]
[ 50 57 60 62 ]
[ 52 62 64 ]
[ 60 66 71 ]
[ 71 ]
[ 47 52 53 ]
[ 51 64 ]
[ 55 64 ]
[ 51 57 ]
[ 51 52 63 ]
[ 49 53 71 77 ]
[ 50 63 66 ]
[ 55 69 75 ]
[ 47 62 ]
[ 52 82 ]
]

ActivitiesInProject: [
[ 1 2 3 4 5 6 7 8 9 10 11 12 13 14 15 16 17 18 19 20 21 22 23 24 25 26 27 28 29 30 31 32 33 34 35 36 37 38 39 40 41 42 43 44 45 ]
[ 46 47 48 49 50 51 52 53 54 55 56 57 58 59 60 61 62 63 64 65 66 67 68 69 70 71 72 73 74 75 76 77 78 79 80 81 82 83 ]
]

nActivityModes: [ 2 2 2 2 2 2 2 2 2 2 2 2 2 2 2 2 2 2 2 2 2 2 2 2 2 2 2 2 2 2 2 2 2 2 2 2 2 2 2 2 2 2 2 2 2 2 2 2 2 2 2 2 2 2 2 2 2 2 2 2 2 2 2 2 2 2 2 2 2 2 2 2 2 2 2 2 2 2 2 2 2 2 2 ]

ActivitiyDurationWithMode: [
1	1	
38	26	
46	31	
64	43	
23	16	
24	16	
25	17	
13	9	
53	36	
30	20	
13	9	
14	10	
16	11	
98	66	
13	9	
40	27	
17	12	
65	44	
22	15	
14	10	
40	27	
24	16	
99	66	
19	13	
22	15	
35	24	
16	11	
40	27	
14	10	
14	10	
27	18	
18	12	
19	13	
16	11	
17	12	
52	35	
14	10	
18	12	
62	42	
28	19	
17	12	
16	11	
20	14	
27	18	
17	12	
1	1	
20	14	
10	7	
13	9	
64	43	
9	6	
10	7	
9	6	
48	32	
11	8	
24	16	
11	8	
35	24	
23	16	
11	8	
13	9	
25	17	
13	9	
33	22	
49	33	
11	8	
13	9	
21	14	
55	37	
8	6	
27	18	
9	6	
10	7	
25	17	
8	6	
25	17	
8	6	
12	8	
8	6	
10	7	
8	6	
30	20	
10	7	
]
StintsInProject: [
[ 1 2 3 4 5 6 7 8 9 10 11 ]
[ 12 13 14 15 16 17 18 19 20 21 22 23 24 25 26 27 28 29 30 31 32 33 ]
]

WorkingStintsOnDay: [
[ 1 12 ]
[ 1 12 ]
[ 1 12 ]
[ 1 12 ]
[ 1 12 ]
[ 1 ]
[ 1 ]
[ 1 13 ]
[ 1 13 ]
[ 1 13 ]
[ 1 13 ]
[ 1 13 ]
[ 1 ]
[ 1 ]
[ 2 14 ]
[ 2 14 ]
[ 2 14 ]
[ 2 14 ]
[ 2 14 ]
[ 2 ]
[ 2 ]
[ 2 15 ]
[ 2 15 ]
[ 2 15 ]
[ 2 15 ]
[ 2 15 ]
[ 2 ]
[ 2 ]
[ 3 16 ]
[ 3 16 ]
[ 3 16 ]
[ 3 16 ]
[ 3 16 ]
[ 3 ]
[ 3 ]
[ 3 17 ]
[ 3 17 ]
[ 3 17 ]
[ 3 17 ]
[ 3 17 ]
[ 3 ]
[ 3 ]
[ 4 18 ]
[ 4 18 ]
[ 4 18 ]
[ 4 18 ]
[ 4 18 ]
[ 4 ]
[ 4 ]
[ 4 19 ]
[ 4 19 ]
[ 4 19 ]
[ 4 19 ]
[ 4 19 ]
[ 4 ]
[ 4 ]
[ 5 20 ]
[ 5 20 ]
[ 5 20 ]
[ 5 20 ]
[ 5 20 ]
[ 5 ]
[ 5 ]
[ 5 21 ]
[ 5 21 ]
[ 5 21 ]
[ 5 21 ]
[ 5 21 ]
[ 5 ]
[ 5 ]
[ 6 22 ]
[ 6 22 ]
[ 6 22 ]
[ 6 22 ]
[ 6 22 ]
[ 6 ]
[ 6 ]
[ 6 23 ]
[ 6 23 ]
[ 6 23 ]
[ 6 23 ]
[ 6 23 ]
[ 6 ]
[ 6 ]
[ 7 24 ]
[ 7 24 ]
[ 7 24 ]
[ 7 24 ]
[ 7 24 ]
[ 7 ]
[ 7 ]
[ 7 25 ]
[ 7 25 ]
[ 7 25 ]
[ 7 25 ]
[ 7 25 ]
[ 7 ]
[ 7 ]
[ 8 26 ]
[ 8 26 ]
[ 8 26 ]
[ 8 26 ]
[ 8 26 ]
[ 8 ]
[ 8 ]
[ 8 27 ]
[ 8 27 ]
[ 8 27 ]
[ 8 27 ]
[ 8 27 ]
[ 8 ]
[ 8 ]
[ 9 28 ]
[ 9 28 ]
[ 9 28 ]
[ 9 28 ]
[ 9 28 ]
[ 9 ]
[ 9 ]
[ 9 29 ]
[ 9 29 ]
[ 9 29 ]
[ 9 29 ]
[ 9 29 ]
[ 9 ]
[ 9 ]
[ 10 30 ]
[ 10 30 ]
[ 10 30 ]
[ 10 30 ]
[ 10 30 ]
[ 10 ]
[ 10 ]
[ 10 31 ]
[ 10 31 ]
[ 10 31 ]
[ 10 31 ]
[ 10 31 ]
[ 10 ]
[ 10 ]
[ 11 32 ]
[ 11 32 ]
[ 11 32 ]
[ 11 32 ]
[ 11 32 ]
[ 11 ]
[ 11 ]
[ 11 33 ]
[ 11 33 ]
[ 11 33 ]
]

ProjectStart: [ 4 15 ]

ProjectEnd: [ 135 124 ]

EarliestStartDayForActivity: [ 1 4 4 42 4 42 106 66 4 50 4 79 106 4 106 79 17 4 102 119 93 4 4 103 50 93 79 93 119 57 79 103 102 102 106 69 106 79 28 106 106 106 34 106 97 1 15 41 15 15 55 32 55 46 68 83 55 68 46 83 100 32 79 15 55 79 100 72 32 103 67 104 104 68 68 83 72 96 104 103 109 67 109 ]

LatestStartDayForActivity: [ 1 135 135 135 135 135 135 135 135 135 135 135 135 135 135 135 135 135 135 135 135 135 135 135 135 135 135 135 135 135 135 135 135 135 135 135 135 135 135 135 135 135 135 135 135 1 124 124 124 124 124 124 124 124 124 124 124 124 124 124 124 124 124 124 124 124 124 124 124 124 124 124 124 124 124 124 124 124 124 124 124 124 124 ]

EquipmentTypeDemandInActivityWithMode: [
0	1	
0	1	
1	3	
1	3	
0	1	
0	1	
0	1	
0	1	
1	3	
0	1	
0	1	
0	1	
0	1	
0	1	
1	3	
0	1	
2	4	
0	1	
0	1	
0	1	
0	1	
1	3	
0	1	
0	1	
0	1	
0	1	
1	3	
0	1	
0	1	
1	3	
0	1	
0	1	
0	1	
1	3	
0	1	
2	4	
0	1	
1	3	
0	1	
0	1	
0	1	
0	1	
1	3	
0	1	
1	3	
0	1	
0	1	
0	1	
1	3	
0	1	
1	3	
0	1	
0	1	
0	1	
0	1	
1	3	
0	1	
0	1	
0	1	
0	1	
0	1	
0	1	
1	3	
2	4	
0	1	
1	3	
0	1	
0	1	
0	1	
1	3	
0	1	
0	1	
0	1	
2	4	
0	1	
0	1	
0	1	
0	1	
1	3	
0	1	
1	3	
0	1	
0	1	

0	1	
1	3	
0	1	
0	1	
0	1	
0	1	
1	3	
0	1	
0	1	
1	3	
1	3	
0	1	
0	1	
2	4	
1	3	
1	3	
1	3	
0	1	
2	4	
0	1	
0	1	
1	3	
1	3	
0	1	
2	4	
1	3	
0	1	
1	3	
1	3	
0	1	
0	1	
0	1	
0	1	
1	3	
2	4	
0	1	
1	3	
0	1	
0	1	
1	3	
0	1	
0	1	
1	3	
0	1	
0	1	
0	1	
1	3	
1	3	
1	3	
2	4	
0	1	
1	3	
0	1	
0	1	
1	3	
1	3	
1	3	
3	6	
0	1	
1	3	
0	1	
2	4	
1	3	
0	1	
0	1	
0	1	
0	1	
0	1	
0	1	
0	1	
0	1	
0	1	
0	1	
0	1	
1	3	
0	1	
0	1	
0	1	
1	3	
1	3	
1	3	
1	3	
0	1	

0	1	
0	1	
2	4	
2	4	
1	3	
1	3	
1	3	
1	3	
0	1	
1	3	
2	4	
1	3	
0	1	
1	3	
0	1	
1	3	
1	3	
0	1	
1	3	
0	1	
0	1	
2	4	
1	3	
0	1	
1	3	
1	3	
3	6	
1	3	
0	1	
2	4	
1	3	
2	4	
2	4	
1	3	
2	4	
0	1	
1	3	
1	3	
0	1	
3	6	
1	3	
0	1	
1	3	
0	1	
2	4	
0	1	
0	1	
0	1	
1	3	
2	4	
2	4	
1	3	
2	4	
1	3	
2	4	
1	3	
3	6	
3	6	
1	3	
1	3	
1	3	
1	3	
1	3	
0	1	
2	4	
1	3	
0	1	
0	1	
1	3	
1	3	
1	3	
0	1	
0	1	
1	3	
3	6	
0	1	
0	1	
2	4	
0	1	
0	1	
1	3	
0	1	
0	1	

]

ExternalEquipmentRentingCost: [
1497	5196	4420	5310	3227	2346	4855	3925	2475	3201	3786	5626	4711	5045	5799	5804	2931	5751	4255	2249	3707	1763	3179	1060	3057	5893	4212	3937	2621	3886	4417	5030	5491	1179	5988	5554	5357	1232	1519	5413	3837	3067	1871	5658	3087	5619	3492	3124	1061	4697	3285	2377	4103	2546	5467	5664	4166	5016	1053	3446	4593	5143	4964	2301	4804	5935	5828	5659	5846	5039	2718	3261	5537	4139	3124	3963	4376	3140	4280	5547	5039	1449	2838	
3868	3147	2705	3684	2830	4080	3606	2316	1044	5709	5321	5504	2614	3246	2392	5009	4919	5622	5021	3564	1812	3355	3471	3522	4227	2065	3719	5579	1552	3121	4571	3519	2620	4338	4765	3425	1084	4005	1885	1902	2201	3180	4644	1907	4057	5522	5055	3994	4837	4120	3658	4389	4909	5887	4813	2560	3013	2059	5766	3718	5778	5120	3505	4584	5387	5640	1161	3065	5119	2485	4116	5274	2075	3107	1582	5632	5306	2772	1812	3932	3659	2414	4569	
5301	3394	5467	3116	3959	5518	1345	2522	5244	3764	4778	5592	4454	3602	5890	5650	3684	4443	4592	5658	1674	3494	3458	2014	1859	1560	3818	2766	4055	1856	4028	4470	3753	3681	3057	1472	2736	5214	4166	1005	3804	5422	2855	1075	3585	2801	1551	5059	3873	3448	1754	2306	2866	4023	5641	5971	4419	2256	3306	3506	3163	3259	2789	4607	3843	1243	4366	1123	2826	5903	2961	2488	4576	1575	4227	2840	3435	2589	4377	4511	3869	4459	1236	
]

EquipmentTypeTransportationCost: [
1	4538	
4538	1	

1	2872	
2872	1	

1	3500	
3500	1	

]

TransportationTimeForEquipmentTypeBetweenProjects: [
1	1	
1	1	

1	1	
1	1	

1	1	
1	1	

]

TotalNumberOfInitialEquipmentTypeLocation: [
(1 1) 1 
(2 1) 1 (2 46) 2 
(3 1) 2 (3 46) 4 
]

DepotActivities: [ 1 46 ]

MaximalStintCliques: [
[ 2 1 14 ]
[ 2 1 15 ]
[ 2 17 3 ]
[ 2 3 16 ]
[ 4 3 18 ]
[ 4 3 19 ]
[ 4 20 5 ]
[ 4 5 21 ]
[ 5 22 6 ]
[ 5 6 23 ]
[ 6 25 7 ]
[ 6 7 24 ]
[ 7 26 8 ]
[ 7 27 8 ]
[ 8 9 28 ]
[ 8 9 29 ]
[ 9 10 30 ]
[ 9 10 31 ]
[ 10 33 11 ]
[ 10 11 32 ]
[ 12 1 ]
[ 13 1 ]
]
