nEmployees: 60
nSkills: 3
nProjects: 2
nDays: 60
nActivities: 32
nEquipmentTypes: 5
nStints: 14
nMaxModes: 2
nStintCliques: 9

EmployeeInStintCost: [
35114 35114 35114 28754 8640 3816 3816 3816 3816 3816 3816 3816 3816 1908 
46350 46350 46350 39630 19012 22593 22593 22593 22593 22593 22593 22593 22593 19580 
40852 40852 40852 34672 14810 18053 18053 18053 18053 18053 18053 18053 18053 15202 
42090 42090 42090 36210 16768 20481 20481 20481 20481 20481 20481 20481 20481 17720 
36558 36558 36558 29838 9220 12729 12729 12729 12729 12729 12729 12729 12729 9716 
33494 33494 33494 27734 8460 3456 3456 3456 3456 3456 3456 3456 3456 1728 
36464 36464 36464 29444 8406 9772 9772 9772 9772 9772 9772 9772 9772 7666 
16200 16200 16200 10200 1800 10833 10833 10833 10833 10833 10833 10833 10833 8036 
17820 17820 17820 11220 1980 11193 11193 11193 11193 11193 11193 11193 11193 8216 
44538 44538 44538 37938 17488 21233 21233 21233 21233 21233 21233 21233 21233 18256 
43758 43758 43758 37998 18724 22017 22017 22017 22017 22017 22017 22017 22017 19292 
46194 46194 46194 40074 20296 23913 23913 23913 23913 23913 23913 23913 23913 21080 
45186 45186 45186 38346 17560 21377 21377 21377 21377 21377 21377 21377 21377 18328 
39104 39104 39104 32804 12774 16085 16085 16085 16085 16085 16085 16085 16085 13198 
44862 44862 44862 38142 17524 21305 21305 21305 21305 21305 21305 21305 21305 18292 
34090 34090 34090 27730 7616 11265 11265 11265 11265 11265 11265 11265 11265 8360 
41014 41014 41014 34774 14828 18089 18089 18089 18089 18089 18089 18089 18089 15220 
42252 42252 42252 36312 16786 20517 20517 20517 20517 20517 20517 20517 20517 17738 
34452 34452 34452 28512 8986 12261 12261 12261 12261 12261 12261 12261 12261 9482 
21610 21610 21610 15310 6490 11053 11053 11053 11053 11053 11053 11053 11053 8166 
17982 17982 17982 11322 1998 11229 11229 11229 11229 11229 11229 11229 11229 8234 
34520 34520 34520 28220 8190 9340 9340 9340 9340 9340 9340 9340 9340 7450 
45510 45510 45510 39270 19324 22697 22697 22697 22697 22697 22697 22697 22697 19828 
36882 36882 36882 30042 9256 12801 12801 12801 12801 12801 12801 12801 12801 9752 
45348 45348 45348 38448 17578 21413 21413 21413 21413 21413 21413 21413 21413 18346 
36558 36558 36558 29838 9220 12729 12729 12729 12729 12729 12729 12729 12729 9716 
43242 43242 43242 37122 17344 20945 20945 20945 20945 20945 20945 20945 20945 18112 
36140 36140 36140 29240 8370 9700 9700 9700 9700 9700 9700 9700 9700 7630 
36410 36410 36410 29570 8784 4104 4104 4104 4104 4104 4104 4104 4104 2052 
45186 45186 45186 39066 19288 22625 22625 22625 22625 22625 22625 22625 22625 19792 
44730 44730 44730 38610 18832 22233 22233 22233 22233 22233 22233 22233 22233 19400 
41210 41210 41210 34130 13008 16553 16553 16553 16553 16553 16553 16553 16553 13432 
38352 38352 38352 31572 10870 14357 14357 14357 14357 14357 14357 14357 14357 11326 
45672 45672 45672 39372 19342 22733 22733 22733 22733 22733 22733 22733 22733 19846 
36246 36246 36246 30246 10636 13889 13889 13889 13889 13889 13889 13889 13889 11092 
34034 34034 34034 27914 8136 9232 9232 9232 9232 9232 9232 9232 9232 7396 
22582 22582 22582 15922 6598 11269 11269 11269 11269 11269 11269 11269 11269 8274 
43890 43890 43890 37530 17416 21089 21089 21089 21089 21089 21089 21089 21089 18184 
38224 38224 38224 32164 12470 15805 15805 15805 15805 15805 15805 15805 15805 12990 
36468 36468 36468 29808 9274 13789 13789 13789 13789 13789 13789 13789 13789 10794 
46162 46162 46162 39802 19688 23449 23449 23449 23449 23449 23449 23449 23449 20544 
47166 47166 47166 40686 20404 24129 24129 24129 24129 24129 24129 24129 24129 21188 
38710 38710 38710 32470 12524 15913 15913 15913 15913 15913 15913 15913 15913 13044 
34776 34776 34776 28716 9022 12333 12333 12333 12333 12333 12333 12333 12333 9518 
36626 36626 36626 29546 8424 9808 9808 9808 9808 9808 9808 9808 9808 7684 
34524 34524 34524 28584 9058 13357 13357 13357 13357 13357 13357 13357 13357 10578 
39138 39138 39138 33018 13240 16785 16785 16785 16785 16785 16785 16785 16785 13952 
47458 47458 47458 40618 19832 23737 23737 23737 23737 23737 23737 23737 23737 20688 
44568 44568 44568 38508 18814 22197 22197 22197 22197 22197 22197 22197 22197 19382 
47782 47782 47782 40822 19868 23809 23809 23809 23809 23809 23809 23809 23809 20724 
44892 44892 44892 38712 18850 22269 22269 22269 22269 22269 22269 22269 22269 19418 
20962 20962 20962 14902 6418 10909 10909 10909 10909 10909 10909 10909 10909 8094 
42312 42312 42312 35772 15406 18941 18941 18941 18941 18941 18941 18941 18941 15982 
35276 35276 35276 28856 8658 3852 3852 3852 3852 3852 3852 3852 3852 1926 
42918 42918 42918 36918 17308 20873 20873 20873 20873 20873 20873 20873 20873 18076 
39000 39000 39000 31980 10942 14501 14501 14501 14501 14501 14501 14501 14501 11398 
44700 44700 44700 38760 19234 22517 22517 22517 22517 22517 22517 22517 22517 19738 
42474 42474 42474 35874 15424 18977 18977 18977 18977 18977 18977 18977 18977 16000 
22906 22906 22906 16126 6634 11341 11341 11341 11341 11341 11341 11341 11341 8310 
40528 40528 40528 34468 14774 17981 17981 17981 17981 17981 17981 17981 17981 15166 
]

ExternalWorkerWithSkillOnStintCost: [
39648 34524 47460 34272 14256 17280 16740 12540 12570 16200 15810 17520 14160 11904 
46452 45780 39228 40656 13728 17790 14760 14370 17460 13260 13620 15450 12720 10992 
37128 42336 39060 37212 10152 16980 16350 16080 16440 12630 14130 14250 14700 10392 
]

OverlappingStints: [
[ 2 6 7 8 9 ]
[ 3 8 9 10 11 ]
[ 4 10 11 12 13 ]
[ 5 12 13 14 ]
[ 14 ]
[ ]
[ ]
[ ]
[ ]
[ ]
[ ]
[ ]
[ ]
[ ]
]

EmployeesWithSkill: [
[ 1 2 3 4 5 6 7 8 9 10 11 12 13 14 15 16 17 18 19 20 21 22 23 24 25 26 27 28 29 30 31 32 33 34 35 36 37 38 39 40 41 42 43 44 45 46 47 48 49 50 51 52 53 54 55 56 57 58 59 60 ]
[ 1 2 3 5 7 8 9 11 12 13 14 15 16 17 19 20 21 23 24 25 26 27 28 29 30 31 32 33 34 35 37 38 40 41 42 43 44 45 46 48 51 52 53 54 55 56 57 58 59 60 ]
[ 1 2 3 5 7 8 9 10 12 16 17 18 19 21 22 23 25 26 29 30 31 32 33 35 36 39 40 41 42 43 44 45 46 47 48 50 51 52 54 55 56 57 58 59 ]
]

SkillDemandInActivityWithMode: [
0	1	
3	6	
15	24	
13	21	
11	18	
15	24	
7	12	
6	10	
10	16	
5	9	
13	21	
8	13	
9	15	
3	6	
12	19	
6	10	
11	18	
9	15	
0	1	
17	27	
17	27	
13	21	
6	10	
10	16	
33	51	
17	27	
8	13	
20	31	
25	39	
6	10	
33	51	
17	27	

0	1	
2	4	
14	22	
12	19	
10	16	
14	22	
6	10	
5	9	
9	15	
4	7	
12	19	
7	12	
9	15	
2	4	
12	19	
6	10	
10	16	
9	15	
0	1	
10	16	
10	16	
7	12	
3	6	
6	10	
21	33	
10	16	
4	7	
12	19	
15	24	
3	6	
21	33	
10	16	

0	1	
3	6	
19	30	
16	25	
13	21	
19	30	
8	13	
7	12	
12	19	
5	9	
16	25	
9	15	
12	19	
3	6	
16	25	
8	13	
13	21	
12	19	
0	1	
2	4	
2	4	
1	3	
0	1	
1	3	
4	7	
2	4	
1	3	
2	4	
3	6	
0	1	
4	7	
2	4	

]

EmployeeAvailability: [
1 0 0 0 1 1 1 1 0 0 1 1 0 1 
0 0 0 1 1 0 1 1 1 1 0 1 1 1 
1 0 1 1 1 1 1 0 1 1 1 1 1 1 
1 1 1 1 1 1 1 1 1 1 1 1 1 1 
1 1 1 1 1 1 1 1 1 1 1 1 1 1 
1 1 1 0 1 1 1 1 1 1 1 0 1 1 
1 1 1 1 1 1 1 1 1 1 1 1 1 1 
1 1 0 1 1 1 1 1 1 1 0 1 1 1 
1 1 1 0 0 1 1 1 1 1 1 0 0 0 
0 1 0 1 1 0 1 1 1 1 0 1 1 1 
0 0 1 1 1 1 0 1 0 1 1 1 1 1 
0 0 1 1 1 1 0 0 1 1 1 1 1 1 
1 0 1 0 1 1 1 0 1 1 1 0 1 1 
1 1 0 1 1 1 1 1 1 0 1 1 1 1 
1 0 0 1 1 1 1 1 1 0 1 1 1 1 
1 1 1 1 1 1 1 1 1 1 1 1 1 1 
0 1 1 1 1 1 0 1 1 1 1 1 1 1 
1 1 1 1 1 1 1 1 1 1 1 1 1 1 
1 1 1 1 1 1 1 1 1 1 1 1 1 1 
0 0 0 1 1 1 1 1 0 0 1 1 1 1 
1 1 1 0 1 1 1 1 1 1 1 0 1 1 
1 1 0 1 1 1 1 1 1 0 1 1 1 1 
1 1 1 1 0 1 1 1 1 1 1 1 1 0 
0 0 1 0 1 1 0 1 0 1 1 1 1 1 
0 1 0 1 1 1 0 1 1 1 1 1 1 1 
1 1 1 1 1 1 1 1 1 1 1 1 1 1 
1 1 1 1 1 1 1 1 1 1 1 1 1 1 
0 0 1 0 1 0 1 0 1 1 1 0 1 1 
0 1 0 1 0 1 0 1 1 1 1 1 1 0 
1 0 0 1 1 1 1 1 0 0 1 1 1 1 
1 0 0 1 1 1 1 1 1 1 0 1 1 1 
1 1 1 0 0 1 1 1 1 1 1 0 1 0 
1 0 1 0 1 1 1 1 0 1 1 1 0 1 
1 1 1 1 1 1 1 1 1 1 1 1 1 1 
1 1 1 1 1 1 1 1 1 1 1 1 1 1 
1 0 0 1 1 1 1 0 1 1 0 1 1 1 
1 1 0 0 1 1 1 1 1 0 1 1 1 1 
0 1 1 1 1 1 0 1 1 1 1 1 1 1 
0 1 1 1 1 1 1 1 1 1 1 1 1 1 
1 0 1 0 1 1 1 1 0 1 1 0 1 1 
0 1 1 0 1 0 0 1 1 1 1 0 1 1 
1 0 0 1 1 1 1 1 1 1 1 1 1 1 
0 1 1 1 1 0 1 1 1 1 1 1 1 1 
1 1 1 1 1 1 1 1 1 1 1 1 1 1 
0 1 1 1 1 0 1 1 1 1 1 1 1 1 
1 1 1 1 1 1 1 1 1 1 1 1 1 1 
1 1 1 1 1 1 1 1 1 1 1 1 1 1 
1 0 1 0 1 1 1 1 1 1 1 1 1 1 
1 1 1 1 1 1 1 1 1 1 1 1 1 1 
0 0 1 0 1 1 0 1 0 1 1 0 1 1 
1 1 1 0 1 1 1 1 1 1 1 0 0 1 
1 0 1 0 1 1 1 1 0 1 1 0 1 1 
1 1 0 1 1 1 1 1 1 1 1 1 1 1 
1 1 1 1 1 1 1 1 1 1 1 1 1 1 
0 1 1 1 1 1 0 1 1 1 1 1 1 1 
0 0 1 1 1 0 1 1 1 1 1 1 1 1 
0 1 1 1 1 1 0 1 1 1 1 1 1 1 
1 0 1 1 1 1 1 0 1 1 1 1 1 1 
1 1 1 0 1 1 1 1 1 1 1 0 1 1 
1 1 0 0 0 1 1 1 1 0 1 1 1 0 
]

EmployeeWantedInStint: [ (2 10) 1 (3 9) 1 (11 13) 1 (15 12) 1 (28 14) 1 (30 12) 1 (32 13) 1 (34 3) 1 (37 1) 1 (40 3) 1 (45 7) 1 (48 1) 1 (57 6) 1 (58 6) 1 ]

EmployeeWantedViolationCost: [ (2 10) 5000 (3 9) 14000 (11 13) 10000 (15 12) 8000 (28 14) 7000 (30 12) 12000 (32 13) 5000 (34 3) 6000 (37 1) 10000 (40 3) 12000 (45 7) 11000 (48 1) 5000 (57 6) 10000 (58 6) 15000 ]

EmployeesThatShouldNotWorkTogetherWithEmployee: [
[ 17 56 ]
[ 10 11 32 33 51 ]
[ 4 8 32 ]
[ 22 35 49 ]
[ 59 ]
[ 10 27 37 47 ]
[ 51 ]
[ 41 ]
[ ]
[ 27 52 56 ]
[ 46 ]
[ ]
[ 38 60 ]
[ 22 ]
[ ]
[ 25 38 ]
[ 26 31 ]
[ 43 50 52 ]
[ 53 ]
[ ]
[ 54 ]
[ 35 36 44 55 ]
[ 33 41 ]
[ 28 35 46 50 51 53 ]
[ 55 ]
[ ]
[ 51 56 ]
[ 38 48 55 ]
[ 41 53 ]
[ 52 ]
[ 41 ]
[ 58 ]
[ 35 42 ]
[ 41 56 ]
[ 42 43 ]
[ ]
[ 49 ]
[ 42 55 ]
[ 46 51 ]
[ 42 52 ]
[ 60 ]
[ ]
[ 52 ]
[ ]
[ 46 51 ]
[ 50 59 ]
[ 53 ]
[ ]
[ ]
[ ]
[ ]
[ ]
[ ]
[ ]
[ 59 ]
[ ]
[ ]
[ ]
[ ]
[ ]
]

ShouldNotWorkTogetherCost: [ (1 17) 297 (1 56) 396 (2 10) 396 (2 11) 396 (2 32) 198 (2 33) 198 (2 51) 99 (3 4) 198 (3 8) 99 (3 32) 198 (4 22) 99 (4 35) 99 (4 49) 396 (5 59) 99 (6 10) 396 (6 27) 198 (6 37) 198 (6 47) 297 (7 51) 198 (8 41) 396 (10 27) 297 (10 52) 396 (10 56) 99 (11 46) 198 (13 38) 297 (13 60) 198 (14 22) 99 (16 25) 99 (16 38) 396 (17 26) 198 (17 31) 297 (18 43) 297 (18 50) 396 (18 52) 198 (19 53) 198 (21 54) 297 (22 35) 99 (22 36) 99 (22 44) 198 (22 55) 99 (23 33) 396 (23 41) 396 (24 28) 99 (24 35) 99 (24 46) 99 (24 50) 396 (24 51) 198 (24 53) 99 (25 55) 396 (27 51) 297 (27 56) 99 (28 38) 297 (28 48) 297 (28 55) 198 (29 41) 297 (29 53) 396 (30 52) 396 (31 41) 198 (32 58) 297 (33 35) 297 (33 42) 198 (34 41) 198 (34 56) 198 (35 42) 198 (35 43) 99 (37 49) 297 (38 42) 396 (38 55) 297 (39 46) 198 (39 51) 99 (40 42) 396 (40 52) 198 (41 60) 198 (43 52) 297 (45 46) 198 (45 51) 198 (46 50) 396 (46 59) 396 (47 53) 99 (55 59) 297 ]

ImmediatePredecessorsToActivity: [
[ ]
[ 1 ]
[ 1 ]
[ 1 ]
[ 4 ]
[ 5 ]
[ 4 ]
[ 5 ]
[ 8 ]
[ 1 ]
[ 3 5 10 ]
[ 2 4 6 11 ]
[ 8 12 ]
[ 7 ]
[ 3 4 9 ]
[ 3 9 12 ]
[ 2 8 ]
[ 3 9 17 ]
[ ]
[ 19 ]
[ 20 ]
[ 19 ]
[ 20 ]
[ 22 ]
[ 21 ]
[ 20 22 ]
[ 21 22 ]
[ 19 ]
[ 21 22 ]
[ 19 ]
[ 28 ]
[ 29 30 31 ]
]

ActivitiesInProject: [
[ 1 2 3 4 5 6 7 8 9 10 11 12 13 14 15 16 17 18 ]
[ 19 20 21 22 23 24 25 26 27 28 29 30 31 32 ]
]

nActivityModes: [ 2 2 2 2 2 2 2 2 2 2 2 2 2 2 2 2 2 2 2 2 2 2 2 2 2 2 2 2 2 2 2 2 ]

ActivitiyDurationWithMode: [
1	1	
27	18	
5	4	
6	4	
7	5	
5	4	
11	8	
13	9	
8	6	
17	12	
6	4	
10	7	
8	6	
27	18	
6	4	
12	8	
7	5	
8	6	
1	1	
6	4	
6	4	
8	6	
18	12	
10	7	
3	2	
6	4	
13	9	
5	4	
4	3	
17	12	
3	2	
6	4	
]
StintsInProject: [
[ 1 2 3 4 5 ]
[ 6 7 8 9 10 11 12 13 14 ]
]

WorkingStintsOnDay: [
[ 1 6 ]
[ 1 6 ]
[ 1 6 ]
[ 1 6 ]
[ 1 6 ]
[ 1 ]
[ 1 ]
[ 1 7 ]
[ 1 7 ]
[ 1 7 ]
[ 1 7 ]
[ 1 7 ]
[ 1 ]
[ 1 ]
[ 2 8 ]
[ 2 8 ]
[ 2 8 ]
[ 2 8 ]
[ 2 8 ]
[ 2 ]
[ 2 ]
[ 2 9 ]
[ 2 9 ]
[ 2 9 ]
[ 2 9 ]
[ 2 9 ]
[ 2 ]
[ 2 ]
[ 3 10 ]
[ 3 10 ]
[ 3 10 ]
[ 3 10 ]
[ 3 10 ]
[ 3 ]
[ 3 ]
[ 3 11 ]
[ 3 11 ]
[ 3 11 ]
[ 3 11 ]
[ 3 11 ]
[ 3 ]
[ 3 ]
[ 4 12 ]
[ 4 12 ]
[ 4 12 ]
[ 4 12 ]
[ 4 12 ]
[ 4 ]
[ 4 ]
[ 4 13 ]
[ 4 13 ]
[ 4 13 ]
[ 4 13 ]
[ 4 13 ]
[ 4 ]
[ 4 ]
[ 5 14 ]
[ 5 14 ]
[ 5 14 ]
[ 5 14 ]
]

ProjectStart: [ 6 7 ]

ProjectEnd: [ 56 45 ]

EarliestStartDayForActivity: [ 1 6 6 6 12 19 12 19 32 6 23 33 43 23 40 43 33 40 1 7 16 7 16 18 24 18 24 7 24 7 13 31 ]

LatestStartDayForActivity: [ 1 56 56 56 56 56 56 56 56 56 56 56 56 56 56 56 56 56 1 45 45 45 45 45 45 45 45 45 45 45 45 45 ]

EquipmentTypeDemandInActivityWithMode: [
0	1	
1	3	
1	3	
0	1	
0	1	
1	3	
3	6	
2	4	
1	3	
0	1	
0	1	
1	3	
0	1	
0	1	
2	4	
1	3	
0	1	
1	3	
0	1	
1	3	
0	1	
1	3	
1	3	
2	4	
1	3	
0	1	
0	1	
1	3	
2	4	
1	3	
0	1	
0	1	

0	1	
0	1	
2	4	
0	1	
2	4	
0	1	
0	1	
1	3	
0	1	
1	3	
0	1	
1	3	
1	3	
0	1	
0	1	
2	4	
1	3	
0	1	
0	1	
0	1	
0	1	
2	4	
0	1	
0	1	
0	1	
2	4	
0	1	
0	1	
0	1	
0	1	
0	1	
0	1	

0	1	
1	3	
2	4	
2	4	
2	4	
0	1	
1	3	
0	1	
2	4	
1	3	
1	3	
1	3	
0	1	
0	1	
1	3	
1	3	
2	4	
0	1	
0	1	
0	1	
0	1	
1	3	
2	4	
0	1	
2	4	
1	3	
1	3	
0	1	
0	1	
0	1	
0	1	
3	6	

0	1	
1	3	
0	1	
1	3	
0	1	
1	3	
0	1	
0	1	
1	3	
2	4	
0	1	
0	1	
1	3	
0	1	
0	1	
0	1	
0	1	
1	3	
0	1	
0	1	
1	3	
1	3	
0	1	
0	1	
2	4	
0	1	
1	3	
1	3	
0	1	
1	3	
1	3	
2	4	

0	1	
0	1	
0	1	
1	3	
1	3	
1	3	
0	1	
0	1	
2	4	
0	1	
1	3	
0	1	
1	3	
1	3	
0	1	
3	6	
1	3	
1	3	
0	1	
0	1	
1	3	
1	3	
0	1	
1	3	
2	4	
0	1	
0	1	
0	1	
0	1	
1	3	
0	1	
0	1	

]

ExternalEquipmentRentingCost: [
5402	5477	2452	5009	3320	5461	5947	3012	1248	1670	2613	5119	1272	4380	1761	4797	3838	4624	2881	3748	1352	5849	5836	5108	3293	3681	2236	3816	2136	1630	5081	3030	
5782	1236	2561	1458	2057	4974	4500	5915	2193	3962	5010	2126	4382	5977	2750	2619	3090	3500	2240	5807	4184	2322	3273	3963	3173	4239	1155	3166	4039	4166	1994	4030	
1818	3334	4918	4274	3518	2579	1288	1283	1313	4309	4132	2837	5973	2926	4906	2242	2402	1132	2189	5407	5661	1095	5513	1880	1950	3616	2621	2564	5028	3388	1160	2894	
1596	2294	4449	2350	4893	4708	4287	3995	2455	4957	5224	1275	3655	4152	5963	3607	5749	1230	4043	4408	3506	3741	4153	1260	3873	1507	2140	3757	3664	1967	3210	3266	
5725	2420	3712	5182	5895	2428	4938	1291	1250	1121	3105	1367	5606	5712	5855	4795	1037	4279	2868	5649	3157	1562	2837	3224	5772	3510	4470	4042	4462	1991	2931	1773	
]

EquipmentTypeTransportationCost: [
1	2860	
2860	1	

1	3607	
3607	1	

1	3371	
3371	1	

1	3723	
3723	1	

1	3817	
3817	1	

]

TransportationTimeForEquipmentTypeBetweenProjects: [
1	1	
1	1	

1	1	
1	1	

1	1	
1	1	

1	1	
1	1	

1	1	
1	1	

]

TotalNumberOfInitialEquipmentTypeLocation: [
(1 1) 5 (1 19) 1 
(2 1) 4 
(3 1) 3 (3 19) 8 
(4 1) 1 (4 19) 2 
(5 1) 3 (5 19) 3 
]

DepotActivities: [ 1 19 ]

MaximalStintCliques: [
[ 2 1 9 ]
[ 2 1 8 ]
[ 2 10 3 ]
[ 2 3 11 ]
[ 4 3 12 ]
[ 4 3 13 ]
[ 4 5 14 ]
[ 6 1 ]
[ 7 1 ]
]
