nEmployees: 60
nSkills: 3
nProjects: 2
nDays: 150
nActivities: 78
nEquipmentTypes: 7
nStints: 44
nMaxModes: 3
nStintCliques: 22

EmployeeInStintCost: [
12014 12014 12014 12014 12014 12014 12014 12014 12014 12014 12014 12014 12014 12014 12014 12014 12014 12014 12014 12014 12014 7442 12461 12461 12461 12461 12461 12461 12461 12461 12461 12461 12461 12461 12461 12461 12461 12461 12461 12461 12461 12461 12461 7531 
13986 13986 13986 13986 13986 13986 13986 13986 13986 13986 13986 13986 13986 13986 13986 13986 13986 13986 13986 13986 13986 9198 14425 14425 14425 14425 14425 14425 14425 14425 14425 14425 14425 14425 14425 14425 14425 14425 14425 14425 14425 14425 14425 9279 
12838 12838 12838 12838 12838 12838 12838 12838 12838 12838 12838 12838 12838 12838 12838 12838 12838 12838 12838 12838 12838 8314 14189 14189 14189 14189 14189 14189 14189 14189 14189 14189 14189 14189 14189 14189 14189 14189 14189 14189 14189 14189 14189 9307 
11854 11854 11854 11854 11854 11854 11854 11854 11854 11854 11854 11854 11854 11854 11854 11854 11854 11854 11854 11854 11854 6994 13165 13165 13165 13165 13165 13165 13165 13165 13165 13165 13165 13165 13165 13165 13165 13165 13165 13165 13165 13165 13165 7947 
15354 15354 15354 15354 15354 15354 15354 15354 15354 15354 15354 15354 15354 15354 15354 15354 15354 15354 15354 15354 15354 10902 16705 16705 16705 16705 16705 16705 16705 16705 16705 16705 16705 16705 16705 16705 16705 16705 16705 16705 16705 16705 16705 11895 
3960 3960 3960 3960 3960 3960 3960 3960 3960 3960 3960 3960 3960 3960 3960 3960 3960 3960 3960 3960 3960 1320 6240 6240 6240 6240 6240 6240 6240 6240 6240 6240 6240 6240 6240 6240 6240 6240 6240 6240 6240 6240 6240 3600 
4140 4140 4140 4140 4140 4140 4140 4140 4140 4140 4140 4140 4140 4140 4140 4140 4140 4140 4140 4140 4140 1380 6420 6420 6420 6420 6420 6420 6420 6420 6420 6420 6420 6420 6420 6420 6420 6420 6420 6420 6420 6420 6420 3660 
3528 3528 3528 3528 3528 3528 3528 3528 3528 3528 3528 3528 3528 3528 3528 3528 3528 3528 3528 3528 3528 1176 5808 5808 5808 5808 5808 5808 5808 5808 5808 5808 5808 5808 5808 5808 5808 5808 5808 5808 5808 5808 5808 3456 
15678 15678 15678 15678 15678 15678 15678 15678 15678 15678 15678 15678 15678 15678 15678 15678 15678 15678 15678 15678 15678 11010 17029 17029 17029 17029 17029 17029 17029 17029 17029 17029 17029 17029 17029 17029 17029 17029 17029 17029 17029 17029 17029 12003 
15314 15314 15314 15314 15314 15314 15314 15314 15314 15314 15314 15314 15314 15314 15314 15314 15314 15314 15314 15314 15314 10862 15753 15753 15753 15753 15753 15753 15753 15753 15753 15753 15753 15753 15753 15753 15753 15753 15753 15753 15753 15753 15753 10943 
16274 16274 16274 16274 16274 16274 16274 16274 16274 16274 16274 16274 16274 16274 16274 16274 16274 16274 16274 16274 16274 11630 16729 16729 16729 16729 16729 16729 16729 16729 16729 16729 16729 16729 16729 16729 16729 16729 16729 16729 16729 16729 16729 11727 
15606 15606 15606 15606 15606 15606 15606 15606 15606 15606 15606 15606 15606 15606 15606 15606 15606 15606 15606 15606 15606 10986 16957 16957 16957 16957 16957 16957 16957 16957 16957 16957 16957 16957 16957 16957 16957 16957 16957 16957 16957 16957 16957 11979 
13338 13338 13338 13338 13338 13338 13338 13338 13338 13338 13338 13338 13338 13338 13338 13338 13338 13338 13338 13338 13338 8982 13777 13777 13777 13777 13777 13777 13777 13777 13777 13777 13777 13777 13777 13777 13777 13777 13777 13777 13777 13777 13777 9063 
15566 15566 15566 15566 15566 15566 15566 15566 15566 15566 15566 15566 15566 15566 15566 15566 15566 15566 15566 15566 15566 10946 16005 16005 16005 16005 16005 16005 16005 16005 16005 16005 16005 16005 16005 16005 16005 16005 16005 16005 16005 16005 16005 11027 
5700 5700 5700 5700 5700 5700 5700 5700 5700 5700 5700 5700 5700 5700 5700 5700 5700 5700 5700 5700 5700 3420 3420 3420 3420 3420 3420 3420 3420 3420 3420 3420 3420 3420 3420 3420 3420 3420 3420 3420 3420 3420 3420 1140 
14478 14478 14478 14478 14478 14478 14478 14478 14478 14478 14478 14478 14478 14478 14478 14478 14478 14478 14478 14478 14478 9810 15829 15829 15829 15829 15829 15829 15829 15829 15829 15829 15829 15829 15829 15829 15829 15829 15829 15829 15829 15829 15829 10803 
10722 10722 10722 10722 10722 10722 10722 10722 10722 10722 10722 10722 10722 10722 10722 10722 10722 10722 10722 10722 10722 6126 11729 11729 11729 11729 11729 11729 11729 11729 11729 11729 11729 11729 11729 11729 11729 11729 11729 11729 11729 11729 11729 6775 
12774 12774 12774 12774 12774 12774 12774 12774 12774 12774 12774 12774 12774 12774 12774 12774 12774 12774 12774 12774 12774 8106 13261 13261 13261 13261 13261 13261 13261 13261 13261 13261 13261 13261 13261 13261 13261 13261 13261 13261 13261 13261 13261 8235 
13198 13198 13198 13198 13198 13198 13198 13198 13198 13198 13198 13198 13198 13198 13198 13198 13198 13198 13198 13198 13198 8434 14549 14549 14549 14549 14549 14549 14549 14549 14549 14549 14549 14549 14549 14549 14549 14549 14549 14549 14549 14549 14549 9427 
12374 12374 12374 12374 12374 12374 12374 12374 12374 12374 12374 12374 12374 12374 12374 12374 12374 12374 12374 12374 12374 7562 12821 12821 12821 12821 12821 12821 12821 12821 12821 12821 12821 12821 12821 12821 12821 12821 12821 12821 12821 12821 12821 7651 
10878 10878 10878 10878 10878 10878 10878 10878 10878 10878 10878 10878 10878 10878 10878 10878 10878 10878 10878 10878 10878 6354 11309 11309 11309 11309 11309 11309 11309 11309 11309 11309 11309 11309 11309 11309 11309 11309 11309 11309 11309 11309 11309 6427 
14334 14334 14334 14334 14334 14334 14334 14334 14334 14334 14334 14334 14334 14334 14334 14334 14334 14334 14334 14334 14334 9762 15685 15685 15685 15685 15685 15685 15685 15685 15685 15685 15685 15685 15685 15685 15685 15685 15685 15685 15685 15685 15685 10755 
12446 12446 12446 12446 12446 12446 12446 12446 12446 12446 12446 12446 12446 12446 12446 12446 12446 12446 12446 12446 12446 7586 12893 12893 12893 12893 12893 12893 12893 12893 12893 12893 12893 12893 12893 12893 12893 12893 12893 12893 12893 12893 12893 7675 
16446 16446 16446 16446 16446 16446 16446 16446 16446 16446 16446 16446 16446 16446 16446 16446 16446 16446 16446 16446 16446 11730 16893 16893 16893 16893 16893 16893 16893 16893 16893 16893 16893 16893 16893 16893 16893 16893 16893 16893 16893 16893 16893 11819 
10686 10686 10686 10686 10686 10686 10686 10686 10686 10686 10686 10686 10686 10686 10686 10686 10686 10686 10686 10686 10686 6114 11693 11693 11693 11693 11693 11693 11693 11693 11693 11693 11693 11693 11693 11693 11693 11693 11693 11693 11693 11693 11693 6763 
11346 11346 11346 11346 11346 11346 11346 11346 11346 11346 11346 11346 11346 11346 11346 11346 11346 11346 11346 11346 11346 6510 11777 11777 11777 11777 11777 11777 11777 11777 11777 11777 11777 11777 11777 11777 11777 11777 11777 11777 11777 11777 11777 6583 
5808 5808 5808 5808 5808 5808 5808 5808 5808 5808 5808 5808 5808 5808 5808 5808 5808 5808 5808 5808 5808 3456 3528 3528 3528 3528 3528 3528 3528 3528 3528 3528 3528 3528 3528 3528 3528 3528 3528 3528 3528 3528 3528 1176 
14386 14386 14386 14386 14386 14386 14386 14386 14386 14386 14386 14386 14386 14386 14386 14386 14386 14386 14386 14386 14386 10030 15745 15745 15745 15745 15745 15745 15745 15745 15745 15745 15745 15745 15745 15745 15745 15745 15745 15745 15745 15745 15745 11031 
11386 11386 11386 11386 11386 11386 11386 11386 11386 11386 11386 11386 11386 11386 11386 11386 11386 11386 11386 11386 11386 6838 12697 12697 12697 12697 12697 12697 12697 12697 12697 12697 12697 12697 12697 12697 12697 12697 12697 12697 12697 12697 12697 7791 
11690 11690 11690 11690 11690 11690 11690 11690 11690 11690 11690 11690 11690 11690 11690 11690 11690 11690 11690 11690 11690 7334 12137 12137 12137 12137 12137 12137 12137 12137 12137 12137 12137 12137 12137 12137 12137 12137 12137 12137 12137 12137 12137 7423 
12342 12342 12342 12342 12342 12342 12342 12342 12342 12342 12342 12342 12342 12342 12342 12342 12342 12342 12342 12342 12342 7962 12829 12829 12829 12829 12829 12829 12829 12829 12829 12829 12829 12829 12829 12829 12829 12829 12829 12829 12829 12829 12829 8091 
4068 4068 4068 4068 4068 4068 4068 4068 4068 4068 4068 4068 4068 4068 4068 4068 4068 4068 4068 4068 4068 1356 6348 6348 6348 6348 6348 6348 6348 6348 6348 6348 6348 6348 6348 6348 6348 6348 6348 6348 6348 6348 6348 3636 
15746 15746 15746 15746 15746 15746 15746 15746 15746 15746 15746 15746 15746 15746 15746 15746 15746 15746 15746 15746 15746 11006 16185 16185 16185 16185 16185 16185 16185 16185 16185 16185 16185 16185 16185 16185 16185 16185 16185 16185 16185 16185 16185 11087 
13662 13662 13662 13662 13662 13662 13662 13662 13662 13662 13662 13662 13662 13662 13662 13662 13662 13662 13662 13662 13662 9090 14101 14101 14101 14101 14101 14101 14101 14101 14101 14101 14101 14101 14101 14101 14101 14101 14101 14101 14101 14101 14101 9171 
15246 15246 15246 15246 15246 15246 15246 15246 15246 15246 15246 15246 15246 15246 15246 15246 15246 15246 15246 15246 15246 10866 16597 16597 16597 16597 16597 16597 16597 16597 16597 16597 16597 16597 16597 16597 16597 16597 16597 16597 16597 16597 16597 11859 
3996 3996 3996 3996 3996 3996 3996 3996 3996 3996 3996 3996 3996 3996 3996 3996 3996 3996 3996 3996 3996 1332 6276 6276 6276 6276 6276 6276 6276 6276 6276 6276 6276 6276 6276 6276 6276 6276 6276 6276 6276 6276 6276 3612 
4104 4104 4104 4104 4104 4104 4104 4104 4104 4104 4104 4104 4104 4104 4104 4104 4104 4104 4104 4104 4104 1368 6384 6384 6384 6384 6384 6384 6384 6384 6384 6384 6384 6384 6384 6384 6384 6384 6384 6384 6384 6384 6384 3648 
15034 15034 15034 15034 15034 15034 15034 15034 15034 15034 15034 15034 15034 15034 15034 15034 15034 15034 15034 15034 15034 10246 16393 16393 16393 16393 16393 16393 16393 16393 16393 16393 16393 16393 16393 16393 16393 16393 16393 16393 16393 16393 16393 11247 
14450 14450 14450 14450 14450 14450 14450 14450 14450 14450 14450 14450 14450 14450 14450 14450 14450 14450 14450 14450 14450 9758 14937 14937 14937 14937 14937 14937 14937 14937 14937 14937 14937 14937 14937 14937 14937 14937 14937 14937 14937 14937 14937 9887 
11906 11906 11906 11906 11906 11906 11906 11906 11906 11906 11906 11906 11906 11906 11906 11906 11906 11906 11906 11906 11906 7406 12353 12353 12353 12353 12353 12353 12353 12353 12353 12353 12353 12353 12353 12353 12353 12353 12353 12353 12353 12353 12353 7495 
16734 16734 16734 16734 16734 16734 16734 16734 16734 16734 16734 16734 16734 16734 16734 16734 16734 16734 16734 16734 16734 11826 17181 17181 17181 17181 17181 17181 17181 17181 17181 17181 17181 17181 17181 17181 17181 17181 17181 17181 17181 17181 17181 11915 
11906 11906 11906 11906 11906 11906 11906 11906 11906 11906 11906 11906 11906 11906 11906 11906 11906 11906 11906 11906 11906 7406 12353 12353 12353 12353 12353 12353 12353 12353 12353 12353 12353 12353 12353 12353 12353 12353 12353 12353 12353 12353 12353 7495 
10694 10694 10694 10694 10694 10694 10694 10694 10694 10694 10694 10694 10694 10694 10694 10694 10694 10694 10694 10694 10694 6266 11261 11261 11261 11261 11261 11261 11261 11261 11261 11261 11261 11261 11261 11261 11261 11261 11261 11261 11261 11261 11261 6475 
10806 10806 10806 10806 10806 10806 10806 10806 10806 10806 10806 10806 10806 10806 10806 10806 10806 10806 10806 10806 10806 6330 11237 11237 11237 11237 11237 11237 11237 11237 11237 11237 11237 11237 11237 11237 11237 11237 11237 11237 11237 11237 11237 6403 
15606 15606 15606 15606 15606 15606 15606 15606 15606 15606 15606 15606 15606 15606 15606 15606 15606 15606 15606 15606 15606 10986 16957 16957 16957 16957 16957 16957 16957 16957 16957 16957 16957 16957 16957 16957 16957 16957 16957 16957 16957 16957 16957 11979 
13410 13410 13410 13410 13410 13410 13410 13410 13410 13410 13410 13410 13410 13410 13410 13410 13410 13410 13410 13410 13410 9006 13849 13849 13849 13849 13849 13849 13849 13849 13849 13849 13849 13849 13849 13849 13849 13849 13849 13849 13849 13849 13849 9087 
15890 15890 15890 15890 15890 15890 15890 15890 15890 15890 15890 15890 15890 15890 15890 15890 15890 15890 15890 15890 15890 11054 16329 16329 16329 16329 16329 16329 16329 16329 16329 16329 16329 16329 16329 16329 16329 16329 16329 16329 16329 16329 16329 11135 
15430 15430 15430 15430 15430 15430 15430 15430 15430 15430 15430 15430 15430 15430 15430 15430 15430 15430 15430 15430 15430 11002 16789 16789 16789 16789 16789 16789 16789 16789 16789 16789 16789 16789 16789 16789 16789 16789 16789 16789 16789 16789 16789 12003 
15858 15858 15858 15858 15858 15858 15858 15858 15858 15858 15858 15858 15858 15858 15858 15858 15858 15858 15858 15858 15858 11070 17209 17209 17209 17209 17209 17209 17209 17209 17209 17209 17209 17209 17209 17209 17209 17209 17209 17209 17209 17209 17209 12063 
11566 11566 11566 11566 11566 11566 11566 11566 11566 11566 11566 11566 11566 11566 11566 11566 11566 11566 11566 11566 11566 6898 12877 12877 12877 12877 12877 12877 12877 12877 12877 12877 12877 12877 12877 12877 12877 12877 12877 12877 12877 12877 12877 7851 
11162 11162 11162 11162 11162 11162 11162 11162 11162 11162 11162 11162 11162 11162 11162 11162 11162 11162 11162 11162 11162 6422 11729 11729 11729 11729 11729 11729 11729 11729 11729 11729 11729 11729 11729 11729 11729 11729 11729 11729 11729 11729 11729 6631 
16050 16050 16050 16050 16050 16050 16050 16050 16050 16050 16050 16050 16050 16050 16050 16050 16050 16050 16050 16050 16050 11598 16497 16497 16497 16497 16497 16497 16497 16497 16497 16497 16497 16497 16497 16497 16497 16497 16497 16497 16497 16497 16497 11687 
15130 15130 15130 15130 15130 15130 15130 15130 15130 15130 15130 15130 15130 15130 15130 15130 15130 15130 15130 15130 15130 10726 16481 16481 16481 16481 16481 16481 16481 16481 16481 16481 16481 16481 16481 16481 16481 16481 16481 16481 16481 16481 16481 11719 
11198 11198 11198 11198 11198 11198 11198 11198 11198 11198 11198 11198 11198 11198 11198 11198 11198 11198 11198 11198 11198 6434 11765 11765 11765 11765 11765 11765 11765 11765 11765 11765 11765 11765 11765 11765 11765 11765 11765 11765 11765 11765 11765 6643 
13842 13842 13842 13842 13842 13842 13842 13842 13842 13842 13842 13842 13842 13842 13842 13842 13842 13842 13842 13842 13842 9150 14281 14281 14281 14281 14281 14281 14281 14281 14281 14281 14281 14281 14281 14281 14281 14281 14281 14281 14281 14281 14281 9231 
15094 15094 15094 15094 15094 15094 15094 15094 15094 15094 15094 15094 15094 15094 15094 15094 15094 15094 15094 15094 15094 10714 16445 16445 16445 16445 16445 16445 16445 16445 16445 16445 16445 16445 16445 16445 16445 16445 16445 16445 16445 16445 16445 11707 
15498 15498 15498 15498 15498 15498 15498 15498 15498 15498 15498 15498 15498 15498 15498 15498 15498 15498 15498 15498 15498 10950 16849 16849 16849 16849 16849 16849 16849 16849 16849 16849 16849 16849 16849 16849 16849 16849 16849 16849 16849 16849 16849 11943 
15790 15790 15790 15790 15790 15790 15790 15790 15790 15790 15790 15790 15790 15790 15790 15790 15790 15790 15790 15790 15790 11122 17149 17149 17149 17149 17149 17149 17149 17149 17149 17149 17149 17149 17149 17149 17149 17149 17149 17149 17149 17149 17149 12123 
15966 15966 15966 15966 15966 15966 15966 15966 15966 15966 15966 15966 15966 15966 15966 15966 15966 15966 15966 15966 15966 11106 17317 17317 17317 17317 17317 17317 17317 17317 17317 17317 17317 17317 17317 17317 17317 17317 17317 17317 17317 17317 17317 12099 
11022 11022 11022 11022 11022 11022 11022 11022 11022 11022 11022 11022 11022 11022 11022 11022 11022 11022 11022 11022 11022 6402 11453 11453 11453 11453 11453 11453 11453 11453 11453 11453 11453 11453 11453 11453 11453 11453 11453 11453 11453 11453 11453 6475 
]

ExternalWorkerWithSkillOnStintCost: [
17460 16380 17730 14130 16590 12870 15540 12240 12510 14640 16920 12720 15330 16470 17130 14820 15840 14430 15480 17250 14670 7632 13260 16710 16080 14790 17130 13680 15720 17400 15570 15690 14490 15240 16170 12990 12900 16170 15960 12300 17370 15660 15060 9864 
15540 12810 17460 16290 14160 16890 15240 17280 15930 14880 12870 13230 17220 17940 16920 16920 17760 14100 14460 12960 14460 9900 17760 14460 17880 14310 14400 14580 17820 14850 14340 14100 17400 13230 12720 12720 12720 14100 12990 14280 13710 16560 16320 7758 
16170 17130 12030 12120 14670 17220 13380 13110 17490 15090 13620 16560 17520 12150 17070 17280 15420 14790 17670 16350 12930 9648 16650 14280 12390 12240 12960 12690 16950 14550 16350 16860 16560 12600 15840 13800 17280 12600 17670 12720 17490 12870 13560 7452 
]

OverlappingStints: [
[ 23 ]
[ 24 ]
[ 25 ]
[ 26 ]
[ 27 ]
[ 28 ]
[ 29 ]
[ 30 ]
[ 31 ]
[ 32 ]
[ 33 ]
[ 34 ]
[ 35 ]
[ 36 ]
[ 37 ]
[ 38 ]
[ 39 ]
[ 40 ]
[ 41 ]
[ 42 ]
[ 43 ]
[ 44 ]
[ ]
[ ]
[ ]
[ ]
[ ]
[ ]
[ ]
[ ]
[ ]
[ ]
[ ]
[ ]
[ ]
[ ]
[ ]
[ ]
[ ]
[ ]
[ ]
[ ]
[ ]
[ ]
]

EmployeesWithSkill: [
[ 1 2 3 4 5 6 7 8 9 10 11 12 13 14 15 16 17 18 19 20 21 22 23 24 25 26 27 28 29 30 31 32 33 34 35 36 37 38 39 40 41 42 43 44 45 46 47 48 49 50 51 52 53 54 55 56 57 58 59 60 ]
[ 14 22 23 24 41 45 47 53 55 ]
[ 1 2 4 7 9 12 14 17 18 20 21 22 23 25 26 27 29 31 32 33 35 36 37 38 41 42 43 46 50 56 57 58 59 ]
]

SkillDemandInActivityWithMode: [
0	0	0	
1	3	1	
5	9	4	
3	6	2	
1	3	1	
2	4	2	
2	4	2	
4	7	3	
1	3	1	
5	9	4	
5	9	4	
3	6	2	
2	4	2	
4	7	3	
3	6	2	
3	6	2	
5	9	4	
2	4	2	
2	4	2	
4	7	3	
3	6	2	
4	7	3	
1	3	1	
2	4	2	
1	3	1	
2	4	2	
5	9	4	
1	3	1	
3	6	2	
4	7	3	
3	6	2	
5	9	4	
2	4	2	
2	4	2	
3	6	2	
1	3	1	
5	9	4	
3	6	2	
5	9	4	
4	7	3	
1	3	1	
3	6	2	
2	4	2	
0	0	0	
23	36	16	
17	27	12	
5	9	4	
14	22	10	
9	15	6	
20	31	14	
6	10	4	
5	9	4	
4	7	3	
8	13	6	
17	27	12	
23	36	16	
15	24	10	
23	36	16	
15	24	10	
18	28	12	
15	24	10	
23	36	16	
12	19	8	
13	21	9	
13	21	9	
18	28	12	
12	19	8	
15	24	10	
17	27	12	
23	36	16	
20	31	14	
7	12	5	
10	16	7	
18	28	12	
15	24	10	
5	9	4	
23	36	16	
9	15	6	

0	0	0	
0	1	0	
2	4	2	
1	3	1	
0	1	0	
0	1	0	
0	1	0	
1	3	1	
0	1	0	
2	4	2	
2	4	2	
1	3	1	
0	1	0	
1	3	1	
1	3	1	
1	3	1	
2	4	2	
0	1	0	
0	1	0	
2	4	2	
1	3	1	
1	3	1	
0	1	0	
0	1	0	
0	1	0	
0	1	0	
2	4	2	
0	1	0	
1	3	1	
2	4	2	
1	3	1	
2	4	2	
0	1	0	
0	1	0	
1	3	1	
0	1	0	
2	4	2	
1	3	1	
2	4	2	
1	3	1	
0	1	0	
1	3	1	
0	1	0	
0	0	0	
0	1	0	
0	1	0	
0	1	0	
0	1	0	
0	1	0	
0	1	0	
0	1	0	
0	1	0	
0	1	0	
0	1	0	
0	1	0	
0	1	0	
0	1	0	
0	1	0	
0	1	0	
0	1	0	
0	1	0	
0	1	0	
0	1	0	
0	1	0	
0	1	0	
0	1	0	
0	1	0	
0	1	0	
0	1	0	
0	1	0	
0	1	0	
0	1	0	
0	1	0	
0	1	0	
0	1	0	
0	1	0	
0	1	0	
0	1	0	

0	0	0	
0	1	0	
0	1	0	
0	1	0	
0	1	0	
0	1	0	
0	1	0	
0	1	0	
0	1	0	
0	1	0	
0	1	0	
0	1	0	
0	1	0	
0	1	0	
0	1	0	
0	1	0	
0	1	0	
0	1	0	
0	1	0	
0	1	0	
0	1	0	
0	1	0	
0	1	0	
0	1	0	
0	1	0	
0	1	0	
0	1	0	
0	1	0	
0	1	0	
0	1	0	
0	1	0	
0	1	0	
0	1	0	
0	1	0	
0	1	0	
0	1	0	
0	1	0	
0	1	0	
0	1	0	
0	1	0	
0	1	0	
0	1	0	
0	1	0	
0	0	0	
14	22	10	
10	16	7	
2	4	2	
9	15	6	
5	9	4	
13	21	9	
3	6	2	
2	4	2	
2	4	2	
4	7	3	
10	16	7	
14	22	10	
9	15	6	
14	22	10	
9	15	6	
11	18	8	
9	15	6	
14	22	10	
7	12	5	
8	13	6	
8	13	6	
11	18	8	
7	12	5	
9	15	6	
10	16	7	
14	22	10	
13	21	9	
4	7	3	
6	10	4	
11	18	8	
9	15	6	
3	6	2	
14	22	10	
5	9	4	

]

EmployeeAvailability: [
1 1 1 1 1 1 1 1 1 0 1 1 1 1 1 1 1 1 0 1 1 1 1 1 1 1 1 1 1 1 1 0 1 1 1 1 1 1 1 1 0 1 1 1 
1 0 1 1 1 1 1 1 1 1 1 1 1 1 1 1 1 1 1 1 1 1 1 0 1 1 1 1 1 1 1 1 1 1 1 1 1 1 1 1 1 1 1 1 
1 1 1 1 1 1 1 1 1 1 1 1 1 1 1 1 1 1 1 1 1 1 1 1 1 1 1 1 1 1 1 1 1 1 1 1 1 1 1 1 1 1 1 1 
1 1 1 1 1 1 1 1 1 1 1 1 1 1 1 1 1 1 1 1 1 1 1 1 1 1 1 1 1 1 1 1 1 1 1 1 1 1 1 1 1 1 1 1 
1 1 1 1 1 1 1 1 1 1 1 1 1 1 1 1 1 1 1 1 1 1 1 1 1 1 1 1 1 1 1 1 1 1 1 1 1 1 1 1 1 1 1 1 
1 1 1 1 1 1 1 1 1 1 1 1 1 1 1 1 1 1 1 1 1 0 1 1 1 1 1 1 1 1 1 1 1 1 1 1 1 1 1 1 1 1 1 0 
1 1 1 1 1 1 1 1 1 1 1 0 1 1 1 1 1 1 1 1 1 1 1 1 1 1 1 1 1 1 1 1 1 0 1 1 1 1 1 1 1 1 1 1 
1 1 1 1 1 1 1 1 1 1 1 1 1 1 1 1 1 1 1 1 1 1 1 1 1 1 1 1 1 1 1 1 1 1 1 1 1 1 1 1 1 1 1 1 
1 1 1 1 1 1 1 1 0 1 1 1 1 1 1 1 1 1 1 1 1 1 1 1 1 1 1 1 1 1 0 1 1 1 1 1 1 1 1 1 1 1 1 1 
1 0 1 1 1 1 1 1 1 1 1 1 1 0 1 0 1 1 1 1 1 1 1 0 1 1 1 1 1 1 1 1 1 1 1 0 1 0 1 1 1 1 1 1 
1 1 1 1 1 1 1 1 1 1 1 1 1 1 0 0 1 1 1 1 1 0 1 1 1 1 1 1 1 1 1 1 1 1 1 1 0 0 1 1 1 1 1 0 
1 1 1 1 1 1 1 1 1 1 1 1 1 0 1 1 1 1 1 1 1 1 1 1 1 1 1 1 1 1 1 1 1 1 1 0 1 1 1 1 1 1 1 1 
1 1 1 1 1 1 0 1 1 1 1 1 1 1 1 0 1 1 0 1 1 1 1 1 1 1 1 1 0 1 1 1 1 1 1 1 1 0 1 1 0 1 1 1 
1 1 1 1 1 1 1 1 1 1 1 1 1 1 1 1 1 1 1 1 1 1 1 1 1 1 1 1 1 1 1 1 1 1 1 1 1 1 1 1 1 1 1 1 
1 1 1 1 1 1 1 1 0 1 1 1 1 1 1 1 1 1 1 1 1 1 1 1 1 1 1 1 1 1 0 1 1 1 1 1 1 1 1 1 1 1 1 1 
1 1 1 1 1 1 0 1 0 1 1 1 1 1 1 1 1 1 1 1 1 1 1 1 1 1 1 1 0 1 0 1 1 1 1 1 1 1 1 1 1 1 1 1 
1 1 1 1 1 1 1 1 1 1 1 1 1 1 1 1 1 1 1 1 1 1 1 1 1 1 1 1 1 1 1 1 1 1 1 1 1 1 1 1 1 1 1 1 
1 1 1 0 1 1 1 1 1 1 1 1 1 1 1 1 1 1 1 1 1 1 1 1 1 0 1 1 1 1 1 1 1 1 1 1 1 1 1 1 1 1 1 1 
1 1 1 1 1 1 1 1 1 1 1 1 1 1 1 1 1 1 1 1 0 1 1 1 1 1 1 1 1 1 1 1 1 1 1 1 1 1 1 1 1 1 0 1 
1 1 1 1 1 1 0 1 1 1 1 1 1 1 1 1 1 1 1 1 1 1 1 1 1 1 1 1 0 1 1 1 1 1 1 1 1 1 1 1 1 1 1 1 
1 1 0 1 1 1 1 1 1 1 1 1 1 1 1 0 1 1 1 1 1 1 1 1 0 1 1 1 1 1 1 1 1 1 1 1 1 0 1 1 1 1 1 1 
1 1 1 1 1 1 1 1 1 0 1 1 1 1 1 1 1 1 1 1 1 1 1 1 1 1 1 1 1 1 1 0 1 1 1 1 1 1 1 1 1 1 1 1 
1 1 1 1 1 1 1 1 1 0 1 1 1 1 1 1 1 1 1 1 1 1 1 1 1 1 1 1 1 1 1 0 1 1 1 1 1 1 1 1 1 1 1 1 
0 1 1 1 1 1 1 1 1 1 1 1 1 1 1 1 1 1 1 1 1 1 0 1 1 1 1 1 1 1 1 1 1 1 1 1 1 1 1 1 1 1 1 1 
1 1 1 1 0 1 1 1 1 1 1 1 1 1 1 1 1 1 1 1 1 1 1 1 1 1 0 1 1 1 1 1 1 1 1 1 1 1 1 1 1 1 1 1 
1 1 1 1 1 1 1 0 1 1 1 1 1 1 1 1 1 1 1 1 1 1 1 1 1 1 1 1 1 0 1 1 1 1 1 1 1 1 1 1 1 1 1 1 
0 1 1 1 1 1 1 1 0 1 1 1 1 1 1 1 1 1 1 1 1 1 0 1 1 1 1 1 1 1 0 1 1 1 1 1 1 1 1 1 1 1 1 1 
1 1 1 1 1 1 1 1 1 1 1 1 1 1 1 1 1 0 1 1 1 1 1 1 1 1 1 1 1 1 1 1 1 1 1 1 1 1 1 0 1 1 1 1 
1 1 1 1 1 1 1 1 1 1 0 1 1 0 1 1 1 0 1 1 1 1 1 1 1 1 1 1 1 1 1 1 0 1 1 0 1 1 1 0 1 1 1 1 
1 1 1 1 1 1 1 1 1 1 1 1 1 1 1 1 1 1 1 1 1 1 1 1 1 1 1 1 1 1 1 1 1 1 1 1 1 1 1 1 1 1 1 1 
1 1 1 1 1 1 1 1 1 1 1 1 1 1 1 1 1 1 1 1 1 1 1 1 1 1 1 1 1 1 1 1 1 1 1 1 1 1 1 1 1 1 1 1 
1 1 1 1 1 1 0 1 1 1 1 1 1 1 1 1 1 1 1 1 1 1 1 1 1 1 1 1 0 1 1 1 1 1 1 1 1 1 1 1 1 1 1 1 
1 1 1 1 1 1 1 1 1 1 1 1 1 1 1 1 1 1 1 1 1 1 1 1 1 1 1 1 1 1 1 1 1 1 1 1 1 1 1 1 1 1 1 1 
0 1 1 1 1 1 1 1 0 1 1 1 1 1 1 1 0 1 1 1 1 1 0 1 1 1 1 1 1 1 0 1 1 1 1 1 1 1 0 1 1 1 1 1 
1 1 1 1 1 1 1 1 1 1 1 1 1 1 0 1 1 1 1 1 1 1 1 1 1 1 1 1 1 1 1 1 1 1 1 1 0 1 1 1 1 1 1 1 
1 1 1 1 1 1 1 1 1 1 1 1 1 1 1 1 1 0 1 1 1 1 1 1 1 1 1 1 1 1 1 1 1 1 1 1 1 1 1 0 1 1 1 1 
1 1 1 1 1 1 1 1 1 1 1 1 0 1 1 1 1 1 1 0 1 1 1 1 1 1 1 1 1 1 1 1 1 1 0 1 1 1 1 1 1 0 1 1 
1 1 1 1 1 1 1 1 1 1 1 1 1 1 1 1 1 1 1 1 1 1 1 1 1 1 1 1 1 1 1 1 1 1 1 1 1 1 1 1 1 1 1 1 
1 1 0 1 1 1 1 0 1 1 1 1 1 1 1 1 0 1 1 1 1 1 1 1 0 1 1 1 1 0 1 1 1 1 1 1 1 1 0 1 1 1 1 1 
1 1 1 1 1 1 1 1 1 1 1 1 1 1 1 1 1 1 1 1 1 1 1 1 1 1 1 1 1 1 1 1 1 1 1 1 1 1 1 1 1 1 1 1 
1 1 1 1 1 0 1 1 1 1 0 1 1 1 1 1 1 1 1 1 1 1 1 1 1 1 1 0 1 1 1 1 0 1 1 1 1 1 1 1 1 1 1 1 
1 1 1 1 1 1 1 1 1 1 1 1 1 1 1 1 1 1 1 1 1 1 1 1 1 1 1 1 1 1 1 1 1 1 1 1 1 1 1 1 1 1 1 1 
1 1 1 1 1 1 1 1 1 1 1 1 0 1 1 1 1 1 1 1 1 1 1 1 1 1 1 1 1 1 1 1 1 1 0 1 1 1 1 1 1 1 1 1 
1 1 1 1 1 1 1 1 1 0 0 1 0 1 1 1 1 1 1 1 1 1 1 1 1 1 1 1 1 1 1 0 0 1 0 1 1 1 1 1 1 1 1 1 
1 1 1 1 1 1 1 1 1 1 1 0 1 1 1 1 1 1 1 1 1 1 1 1 1 1 1 1 1 1 1 1 1 0 1 1 1 1 1 1 1 1 1 1 
1 1 1 1 1 1 1 1 1 1 1 1 1 1 1 1 1 1 1 1 1 1 1 1 1 1 1 1 1 1 1 1 1 1 1 1 1 1 1 1 1 1 1 1 
1 1 1 1 1 1 1 1 1 1 1 1 1 1 1 1 1 1 1 1 1 1 1 1 1 1 1 1 1 1 1 1 1 1 1 1 1 1 1 1 1 1 1 1 
1 1 1 1 1 1 1 1 1 1 1 1 1 0 1 1 1 1 1 1 1 1 1 1 1 1 1 1 1 1 1 1 1 1 1 0 1 1 1 1 1 1 1 1 
1 1 1 1 1 1 1 1 1 1 1 1 1 1 1 1 1 1 1 1 1 1 1 1 1 1 1 1 1 1 1 1 1 1 1 1 1 1 1 1 1 1 1 1 
1 0 1 1 1 1 1 1 1 1 1 0 1 1 1 1 1 1 1 1 1 1 1 0 1 1 1 1 1 1 1 1 1 0 1 1 1 1 1 1 1 1 1 1 
1 1 1 1 1 1 1 1 1 1 1 1 1 1 1 1 1 1 1 1 1 1 1 1 1 1 1 1 1 1 1 1 1 1 1 1 1 1 1 1 1 1 1 1 
1 1 1 1 1 1 1 1 1 1 0 0 1 1 1 1 1 1 1 1 1 1 1 1 1 1 1 1 1 1 1 1 0 0 1 1 1 1 1 1 1 1 1 1 
1 1 0 1 1 1 1 1 0 1 1 1 1 1 1 1 1 1 1 1 1 1 1 1 0 1 1 1 1 1 0 1 1 1 1 1 1 1 1 1 1 1 1 1 
1 1 1 1 1 1 0 1 1 1 1 1 1 1 1 1 1 1 1 1 1 1 1 1 1 1 1 1 0 1 1 1 1 1 1 1 1 1 1 1 1 1 1 1 
1 1 1 1 1 1 1 1 1 1 1 1 0 1 1 1 1 1 1 1 1 1 1 1 1 1 1 1 1 1 1 1 1 1 0 1 1 1 1 1 1 1 1 1 
1 1 1 1 1 1 1 1 1 1 1 1 1 1 1 1 1 1 1 1 1 1 1 1 1 1 1 1 1 1 1 1 1 1 1 1 1 1 1 1 1 1 1 1 
1 1 1 1 1 1 1 1 1 1 1 1 1 1 1 1 1 1 1 1 1 1 1 1 1 1 1 1 1 1 1 1 1 1 1 1 1 1 1 1 1 1 1 1 
1 1 1 1 1 1 1 1 1 1 1 1 1 1 1 1 1 1 1 1 1 1 1 1 1 1 1 1 1 1 1 1 1 1 1 1 1 1 1 1 1 1 1 1 
1 1 1 1 1 1 1 1 1 1 1 0 1 1 1 1 1 1 1 1 1 1 1 1 1 1 1 1 1 1 1 1 1 0 1 1 1 1 1 1 1 1 1 1 
1 0 1 1 1 1 1 1 1 1 1 1 1 1 1 1 0 1 1 1 1 1 1 0 1 1 1 1 1 1 1 1 1 1 1 1 1 1 0 1 1 1 1 1 
]

EmployeeWantedInStint: [ (2 19) 1 (3 44) 1 (4 10) 1 (5 21) 1 (5 33) 1 (6 41) 1 (7 42) 1 (8 11) 1 (8 15) 1 (8 33) 1 (10 35) 1 (17 10) 1 (18 19) 1 (23 39) 1 (24 23) 1 (24 25) 1 (24 33) 1 (24 42) 1 (25 13) 1 (26 23) 1 (26 42) 1 (27 31) 1 (29 27) 1 (30 22) 1 (32 38) 1 (33 16) 1 (33 26) 1 (37 33) 1 (39 5) 1 (41 2) 1 (41 42) 1 (42 39) 1 (43 21) 1 (43 25) 1 (43 29) 1 (44 40) 1 (45 27) 1 (45 28) 1 (47 3) 1 (47 30) 1 (48 20) 1 (49 3) 1 (50 2) 1 (51 3) 1 (51 16) 1 (53 6) 1 (53 10) 1 (53 18) 1 (53 35) 1 (54 32) 1 (54 43) 1 (55 19) 1 (56 10) 1 (58 10) 1 (58 37) 1 ]

EmployeeWantedViolationCost: [ (2 19) 13000 (3 44) 14000 (4 10) 14000 (5 21) 10000 (5 33) 6000 (6 41) 6000 (7 42) 7000 (8 11) 9000 (8 15) 15000 (8 33) 7000 (10 35) 7000 (17 10) 12000 (18 19) 9000 (23 39) 5000 (24 23) 8000 (24 25) 15000 (24 33) 6000 (24 42) 9000 (25 13) 15000 (26 23) 5000 (26 42) 11000 (27 31) 7000 (29 27) 8000 (30 22) 5000 (32 38) 13000 (33 16) 9000 (33 26) 13000 (37 33) 15000 (39 5) 8000 (41 2) 14000 (41 42) 5000 (42 39) 5000 (43 21) 7000 (43 25) 9000 (43 29) 13000 (44 40) 11000 (45 27) 6000 (45 28) 6000 (47 3) 14000 (47 30) 5000 (48 20) 8000 (49 3) 12000 (50 2) 6000 (51 3) 10000 (51 16) 15000 (53 6) 5000 (53 10) 13000 (53 18) 14000 (53 35) 7000 (54 32) 7000 (54 43) 12000 (55 19) 14000 (56 10) 13000 (58 10) 5000 (58 37) 8000 ]

EmployeesThatShouldNotWorkTogetherWithEmployee: [
[ 19 38 ]
[ 53 ]
[ 13 ]
[ ]
[ 11 34 42 54 ]
[ 28 41 ]
[ 26 34 51 ]
[ 14 25 59 ]
[ ]
[ 14 15 41 42 46 ]
[ 43 ]
[ 16 36 ]
[ 21 42 44 ]
[ 38 ]
[ 18 26 ]
[ 26 55 60 ]
[ ]
[ ]
[ 28 30 34 47 ]
[ 26 ]
[ 47 54 58 ]
[ 59 ]
[ 45 ]
[ 44 56 ]
[ 39 54 ]
[ 46 ]
[ 52 ]
[ 38 57 ]
[ 56 ]
[ 41 ]
[ 32 33 37 ]
[ 60 ]
[ 41 ]
[ ]
[ 39 ]
[ 38 ]
[ ]
[ 39 55 56 60 ]
[ 47 ]
[ 49 ]
[ 45 50 53 ]
[ ]
[ ]
[ 55 ]
[ ]
[ ]
[ ]
[ ]
[ ]
[ ]
[ 52 57 ]
[ ]
[ ]
[ ]
[ ]
[ ]
[ ]
[ ]
[ ]
[ ]
]

ShouldNotWorkTogetherCost: [ (1 19) 99 (1 38) 99 (2 53) 198 (3 13) 297 (5 11) 396 (5 34) 297 (5 42) 99 (5 54) 99 (6 28) 198 (6 41) 198 (7 26) 297 (7 34) 99 (7 51) 198 (8 14) 297 (8 25) 297 (8 59) 297 (10 14) 198 (10 15) 198 (10 41) 198 (10 42) 297 (10 46) 198 (11 43) 198 (12 16) 297 (12 36) 99 (13 21) 396 (13 42) 99 (13 44) 396 (14 38) 99 (15 18) 198 (15 26) 99 (16 26) 198 (16 55) 396 (16 60) 198 (19 28) 198 (19 30) 198 (19 34) 198 (19 47) 99 (20 26) 396 (21 47) 396 (21 54) 99 (21 58) 297 (22 59) 198 (23 45) 99 (24 44) 297 (24 56) 198 (25 39) 297 (25 54) 198 (26 46) 297 (27 52) 297 (28 38) 99 (28 57) 99 (29 56) 297 (30 41) 99 (31 32) 297 (31 33) 198 (31 37) 396 (32 60) 99 (33 41) 99 (35 39) 99 (36 38) 99 (38 39) 396 (38 55) 198 (38 56) 99 (38 60) 396 (39 47) 396 (40 49) 198 (41 45) 198 (41 50) 396 (41 53) 297 (44 55) 396 (51 52) 198 (51 57) 99 ]

ImmediatePredecessorsToActivity: [
[ ]
[ 1 ]
[ 1 ]
[ 3 ]
[ 1 ]
[ 3 ]
[ 1 ]
[ 5 6 ]
[ 1 ]
[ 5 ]
[ 5 6 ]
[ 6 7 ]
[ 7 ]
[ 9 ]
[ 5 ]
[ 4 6 ]
[ 6 14 ]
[ 6 ]
[ 4 ]
[ 16 ]
[ 12 19 ]
[ 5 ]
[ 1 ]
[ 4 ]
[ 1 ]
[ 6 9 25 ]
[ 5 20 ]
[ 1 ]
[ 6 7 ]
[ 10 11 14 18 ]
[ 9 16 19 ]
[ 4 6 10 25 ]
[ 25 ]
[ 1 ]
[ 16 34 ]
[ 1 ]
[ 4 10 25 29 ]
[ 12 24 34 ]
[ 5 18 34 ]
[ 3 9 29 ]
[ 1 ]
[ 9 19 25 34 36 41 ]
[ 1 ]
[ ]
[ 44 ]
[ 44 ]
[ 44 ]
[ 47 ]
[ 44 ]
[ 44 ]
[ 44 ]
[ 45 49 50 ]
[ 50 ]
[ 49 ]
[ 53 ]
[ 52 53 54 ]
[ 46 ]
[ 48 53 54 57 ]
[ 48 53 57 ]
[ 48 54 ]
[ 44 ]
[ 47 52 61 ]
[ 47 54 61 ]
[ 46 61 ]
[ 49 50 57 ]
[ 51 53 54 65 ]
[ 51 57 64 ]
[ 54 ]
[ 51 53 65 ]
[ 49 ]
[ 47 50 ]
[ 45 61 ]
[ 44 ]
[ 53 57 63 70 ]
[ 48 51 53 54 71 72 ]
[ 44 ]
[ 52 54 ]
[ 67 ]
]

ActivitiesInProject: [
[ 1 2 3 4 5 6 7 8 9 10 11 12 13 14 15 16 17 18 19 20 21 22 23 24 25 26 27 28 29 30 31 32 33 34 35 36 37 38 39 40 41 42 43 ]
[ 44 45 46 47 48 49 50 51 52 53 54 55 56 57 58 59 60 61 62 63 64 65 66 67 68 69 70 71 72 73 74 75 76 77 78 ]
]

nActivityModes: [ 3 3 3 3 3 3 3 3 3 3 3 3 3 3 3 3 3 3 3 3 3 3 3 3 3 3 3 3 3 3 3 3 3 3 3 3 3 3 3 3 3 3 3 3 3 3 3 3 3 3 3 3 3 3 3 3 3 3 3 3 3 3 3 3 3 3 3 3 3 3 3 3 3 3 3 3 3 3 ]

ActivityDurationWithMode: [
1	1	1	
89	60	119	
10	7	14	
15	10	20	
67	45	90	
40	27	54	
41	28	55	
14	10	19	
60	40	80	
10	7	14	
10	7	14	
20	14	27	
40	27	54	
14	10	19	
16	11	22	
17	12	23	
10	7	14	
27	18	36	
30	20	40	
11	8	15	
15	10	20	
13	9	18	
45	30	60	
29	20	39	
43	29	58	
25	17	34	
10	7	14	
84	56	112	
19	13	26	
11	8	15	
19	13	26	
10	7	14	
29	20	39	
29	20	39	
19	13	26	
53	36	71	
10	7	14	
18	12	24	
10	7	14	
12	8	16	
46	31	62	
20	14	27	
28	19	38	
1	1	1	
8	6	11	
11	8	15	
44	30	59	
13	9	18	
22	15	30	
9	6	12	
33	22	44	
42	28	56	
45	30	60	
25	17	34	
11	8	15	
8	6	11	
12	8	16	
8	6	11	
12	8	16	
10	7	14	
12	8	16	
8	6	11	
15	10	20	
14	10	19	
14	10	19	
10	7	14	
16	11	22	
12	8	16	
11	8	15	
8	6	11	
9	6	12	
27	18	36	
19	13	26	
10	7	14	
12	8	16	
38	26	51	
8	6	11	
22	15	30	
]

StintsInProject: [
[ 1 2 3 4 5 6 7 8 9 10 11 12 13 14 15 16 17 18 19 20 21 22 ]
[ 23 24 25 26 27 28 29 30 31 32 33 34 35 36 37 38 39 40 41 42 43 44 ]
]

WorkingStintsOnDay: [
[ 1 23 ]
[ 1 23 ]
[ 1 23 ]
[ 1 23 ]
[ 1 23 ]
[ ]
[ ]
[ 2 24 ]
[ 2 24 ]
[ 2 24 ]
[ 2 24 ]
[ 2 24 ]
[ ]
[ ]
[ 3 25 ]
[ 3 25 ]
[ 3 25 ]
[ 3 25 ]
[ 3 25 ]
[ ]
[ ]
[ 4 26 ]
[ 4 26 ]
[ 4 26 ]
[ 4 26 ]
[ 4 26 ]
[ ]
[ ]
[ 5 27 ]
[ 5 27 ]
[ 5 27 ]
[ 5 27 ]
[ 5 27 ]
[ ]
[ ]
[ 6 28 ]
[ 6 28 ]
[ 6 28 ]
[ 6 28 ]
[ 6 28 ]
[ ]
[ ]
[ 7 29 ]
[ 7 29 ]
[ 7 29 ]
[ 7 29 ]
[ 7 29 ]
[ ]
[ ]
[ 8 30 ]
[ 8 30 ]
[ 8 30 ]
[ 8 30 ]
[ 8 30 ]
[ ]
[ ]
[ 9 31 ]
[ 9 31 ]
[ 9 31 ]
[ 9 31 ]
[ 9 31 ]
[ ]
[ ]
[ 10 32 ]
[ 10 32 ]
[ 10 32 ]
[ 10 32 ]
[ 10 32 ]
[ ]
[ ]
[ 11 33 ]
[ 11 33 ]
[ 11 33 ]
[ 11 33 ]
[ 11 33 ]
[ ]
[ ]
[ 12 34 ]
[ 12 34 ]
[ 12 34 ]
[ 12 34 ]
[ 12 34 ]
[ ]
[ ]
[ 13 35 ]
[ 13 35 ]
[ 13 35 ]
[ 13 35 ]
[ 13 35 ]
[ ]
[ ]
[ 14 36 ]
[ 14 36 ]
[ 14 36 ]
[ 14 36 ]
[ 14 36 ]
[ ]
[ ]
[ 15 37 ]
[ 15 37 ]
[ 15 37 ]
[ 15 37 ]
[ 15 37 ]
[ ]
[ ]
[ 16 38 ]
[ 16 38 ]
[ 16 38 ]
[ 16 38 ]
[ 16 38 ]
[ ]
[ ]
[ 17 39 ]
[ 17 39 ]
[ 17 39 ]
[ 17 39 ]
[ 17 39 ]
[ ]
[ ]
[ 18 40 ]
[ 18 40 ]
[ 18 40 ]
[ 18 40 ]
[ 18 40 ]
[ ]
[ ]
[ 19 41 ]
[ 19 41 ]
[ 19 41 ]
[ 19 41 ]
[ 19 41 ]
[ ]
[ ]
[ 20 42 ]
[ 20 42 ]
[ 20 42 ]
[ 20 42 ]
[ 20 42 ]
[ ]
[ ]
[ 21 43 ]
[ 21 43 ]
[ 21 43 ]
[ 21 43 ]
[ 21 43 ]
[ ]
[ ]
[ 22 44 ]
[ 22 44 ]
[ 22 44 ]
]

ProjectStart: [ 3 11 ]

ProjectEnd: [ 128 113 ]

EarliestStartDayForActivity: [ 1 3 3 17 3 17 3 96 3 96 96 73 60 87 96 73 107 73 38 96 101 96 3 38 3 87 111 3 73 110 96 110 62 3 96 3 110 101 110 100 3 87 3 1 11 11 11 73 11 11 11 41 24 41 87 101 26 90 90 90 11 101 76 27 44 87 58 76 87 41 73 27 11 97 90 11 101 80 ]

LatestStartDayForActivity: [ 1 128 128 128 128 128 128 128 128 128 128 128 128 128 128 128 128 128 128 128 128 128 128 128 128 128 128 128 128 128 128 128 128 128 128 128 128 128 128 128 128 128 128 1 113 113 113 113 113 113 113 113 113 113 113 113 113 113 113 113 113 113 113 113 113 113 113 113 113 113 113 113 113 113 113 113 113 113 ]

EquipmentTypeDemandInActivityWithMode: [
0	0	0	
1	3	1	
0	1	0	
0	1	0	
0	1	0	
0	1	0	
1	3	1	
1	3	1	
2	4	2	
2	4	2	
1	3	1	
1	3	1	
0	1	0	
2	4	2	
1	3	1	
0	1	0	
3	6	2	
1	3	1	
0	1	0	
0	1	0	
3	6	2	
1	3	1	
1	3	1	
0	1	0	
2	4	2	
2	4	2	
1	3	1	
2	4	2	
1	3	1	
1	3	1	
2	4	2	
1	3	1	
3	6	2	
2	4	2	
1	3	1	
2	4	2	
1	3	1	
1	3	1	
2	4	2	
0	1	0	
1	3	1	
1	3	1	
0	1	0	
0	0	0	
0	1	0	
1	3	1	
0	1	0	
0	1	0	
0	1	0	
0	1	0	
1	3	1	
3	6	2	
0	1	0	
0	1	0	
2	4	2	
0	1	0	
0	1	0	
0	1	0	
0	1	0	
0	1	0	
1	3	1	
0	1	0	
2	4	2	
1	3	1	
2	4	2	
2	4	2	
1	3	1	
1	3	1	
1	3	1	
3	6	2	
0	1	0	
0	1	0	
1	3	1	
0	1	0	
0	1	0	
2	4	2	
0	1	0	
0	1	0	

0	0	0	
1	3	1	
1	3	1	
2	4	2	
1	3	1	
3	6	2	
2	4	2	
1	3	1	
1	3	1	
3	6	2	
0	1	0	
1	3	1	
4	7	3	
2	4	2	
2	4	2	
1	3	1	
2	4	2	
2	4	2	
1	3	1	
1	3	1	
1	3	1	
2	4	2	
2	4	2	
0	1	0	
0	1	0	
1	3	1	
0	1	0	
2	4	2	
1	3	1	
0	1	0	
1	3	1	
0	1	0	
0	1	0	
0	1	0	
1	3	1	
1	3	1	
0	1	0	
0	1	0	
1	3	1	
0	1	0	
2	4	2	
2	4	2	
4	7	3	
0	0	0	
0	1	0	
1	3	1	
1	3	1	
1	3	1	
2	4	2	
0	1	0	
1	3	1	
3	6	2	
3	6	2	
1	3	1	
1	3	1	
1	3	1	
2	4	2	
0	1	0	
1	3	1	
1	3	1	
2	4	2	
1	3	1	
0	1	0	
2	4	2	
2	4	2	
2	4	2	
1	3	1	
1	3	1	
0	1	0	
3	6	2	
0	1	0	
2	4	2	
0	1	0	
1	3	1	
0	1	0	
1	3	1	
1	3	1	
3	6	2	

0	0	0	
1	3	1	
3	6	2	
2	4	2	
2	4	2	
0	1	0	
0	1	0	
0	1	0	
2	4	2	
3	6	2	
0	1	0	
1	3	1	
0	1	0	
0	1	0	
1	3	1	
1	3	1	
2	4	2	
0	1	0	
0	1	0	
1	3	1	
0	1	0	
3	6	2	
1	3	1	
0	1	0	
3	6	2	
0	1	0	
1	3	1	
1	3	1	
1	3	1	
2	4	2	
0	1	0	
1	3	1	
2	4	2	
0	1	0	
2	4	2	
1	3	1	
2	4	2	
1	3	1	
2	4	2	
1	3	1	
0	1	0	
1	3	1	
0	1	0	
0	0	0	
2	4	2	
2	4	2	
0	1	0	
0	1	0	
0	1	0	
0	1	0	
2	4	2	
0	1	0	
2	4	2	
1	3	1	
0	1	0	
1	3	1	
0	1	0	
0	1	0	
0	1	0	
1	3	1	
2	4	2	
0	1	0	
3	6	2	
1	3	1	
2	4	2	
1	3	1	
0	1	0	
0	1	0	
1	3	1	
2	4	2	
2	4	2	
2	4	2	
0	1	0	
1	3	1	
1	3	1	
2	4	2	
0	1	0	
1	3	1	

0	0	0	
0	1	0	
3	6	2	
1	3	1	
2	4	2	
0	1	0	
1	3	1	
2	4	2	
0	1	0	
2	4	2	
1	3	1	
0	1	0	
1	3	1	
0	1	0	
0	1	0	
2	4	2	
0	1	0	
1	3	1	
0	1	0	
0	1	0	
0	1	0	
3	6	2	
1	3	1	
0	1	0	
3	6	2	
1	3	1	
2	4	2	
1	3	1	
0	1	0	
0	1	0	
2	4	2	
3	6	2	
0	1	0	
0	1	0	
4	7	3	
1	3	1	
1	3	1	
1	3	1	
1	3	1	
0	1	0	
1	3	1	
0	1	0	
1	3	1	
0	0	0	
2	4	2	
1	3	1	
0	1	0	
1	3	1	
0	1	0	
1	3	1	
0	1	0	
2	4	2	
0	1	0	
1	3	1	
2	4	2	
0	1	0	
2	4	2	
1	3	1	
1	3	1	
2	4	2	
2	4	2	
2	4	2	
0	1	0	
0	1	0	
1	3	1	
1	3	1	
2	4	2	
0	1	0	
1	3	1	
1	3	1	
2	4	2	
1	3	1	
3	6	2	
1	3	1	
0	1	0	
1	3	1	
1	3	1	
1	3	1	

0	0	0	
2	4	2	
0	1	0	
0	1	0	
0	1	0	
3	6	2	
1	3	1	
1	3	1	
3	6	2	
1	3	1	
0	1	0	
0	1	0	
2	4	2	
1	3	1	
0	1	0	
0	1	0	
0	1	0	
1	3	1	
1	3	1	
0	1	0	
0	1	0	
0	1	0	
1	3	1	
1	3	1	
0	1	0	
1	3	1	
1	3	1	
1	3	1	
3	6	2	
0	1	0	
1	3	1	
1	3	1	
1	3	1	
0	1	0	
2	4	2	
1	3	1	
1	3	1	
0	1	0	
1	3	1	
0	1	0	
2	4	2	
2	4	2	
2	4	2	
0	0	0	
0	1	0	
1	3	1	
1	3	1	
0	1	0	
3	6	2	
0	1	0	
1	3	1	
2	4	2	
0	1	0	
2	4	2	
0	1	0	
4	7	3	
1	3	1	
0	1	0	
0	1	0	
0	1	0	
2	4	2	
1	3	1	
0	1	0	
0	1	0	
0	1	0	
1	3	1	
1	3	1	
1	3	1	
1	3	1	
2	4	2	
1	3	1	
0	1	0	
2	4	2	
1	3	1	
1	3	1	
2	4	2	
2	4	2	
0	1	0	

0	0	0	
0	1	0	
1	3	1	
0	1	0	
2	4	2	
0	1	0	
1	3	1	
1	3	1	
2	4	2	
2	4	2	
0	1	0	
0	1	0	
1	3	1	
2	4	2	
1	3	1	
2	4	2	
1	3	1	
0	1	0	
1	3	1	
2	4	2	
1	3	1	
1	3	1	
2	4	2	
1	3	1	
3	6	2	
1	3	1	
1	3	1	
0	1	0	
2	4	2	
0	1	0	
2	4	2	
3	6	2	
2	4	2	
0	1	0	
2	4	2	
1	3	1	
0	1	0	
1	3	1	
0	1	0	
1	3	1	
1	3	1	
1	3	1	
2	4	2	
0	0	0	
0	1	0	
1	3	1	
1	3	1	
0	1	0	
1	3	1	
0	1	0	
2	4	2	
0	1	0	
2	4	2	
0	1	0	
1	3	1	
0	1	0	
1	3	1	
3	6	2	
1	3	1	
1	3	1	
2	4	2	
2	4	2	
1	3	1	
0	1	0	
2	4	2	
1	3	1	
1	3	1	
2	4	2	
2	4	2	
1	3	1	
2	4	2	
0	1	0	
1	3	1	
2	4	2	
0	1	0	
1	3	1	
1	3	1	
1	3	1	

0	0	0	
0	1	0	
1	3	1	
1	3	1	
1	3	1	
0	1	0	
2	4	2	
1	3	1	
0	1	0	
2	4	2	
1	3	1	
1	3	1	
1	3	1	
0	1	0	
0	1	0	
2	4	2	
2	4	2	
0	1	0	
0	1	0	
2	4	2	
0	1	0	
2	4	2	
0	1	0	
0	1	0	
0	1	0	
1	3	1	
1	3	1	
0	1	0	
1	3	1	
2	4	2	
2	4	2	
3	6	2	
2	4	2	
0	1	0	
2	4	2	
1	3	1	
2	4	2	
0	1	0	
1	3	1	
1	3	1	
1	3	1	
2	4	2	
1	3	1	
0	0	0	
2	4	2	
2	4	2	
0	1	0	
0	1	0	
1	3	1	
2	4	2	
0	1	0	
1	3	1	
0	1	0	
1	3	1	
0	1	0	
0	1	0	
2	4	2	
0	1	0	
1	3	1	
1	3	1	
0	1	0	
0	1	0	
1	3	1	
0	1	0	
1	3	1	
0	1	0	
0	1	0	
0	1	0	
2	4	2	
2	4	2	
1	3	1	
1	3	1	
0	1	0	
5	9	4	
1	3	1	
2	4	2	
0	1	0	
0	1	0	

]

ExternalEquipmentRentingCost: [
5040	3959	1821	4308	3013	3165	4463	5984	1101	3716	3493	2960	5054	1615	2069	4208	1573	1340	5977	5589	1719	3999	1929	2454	5110	1273	3820	5901	5186	1644	3475	4005	1955	5712	2834	5472	4707	1318	3486	2748	3734	5382	4374	2745	5863	1632	2583	5018	3159	1382	5239	2913	2878	5940	2284	1599	2409	1309	4116	1622	5745	1086	3822	5128	1011	3204	5667	1530	1900	4104	5962	5131	2007	4993	1703	5950	4581	2329	
2702	4626	5100	2309	3669	1121	2313	2624	4841	5666	3734	1302	5721	2590	2532	3679	1223	3086	4049	2089	2310	2327	4262	4814	2247	5783	3065	5842	5315	5829	1653	1833	4743	1207	5971	2875	1958	2309	2581	3398	4664	2384	2312	2701	5462	2897	3828	5892	2312	3331	4180	3867	5308	5984	1481	4487	4818	3682	5371	3568	2057	3815	2492	4696	1130	4484	2893	2389	3511	1601	3550	2649	1319	3184	5429	5401	1316	5315	
2486	4672	2740	4745	2553	3581	4315	4914	3639	1918	5464	2373	3602	5716	4710	1509	1046	2492	4706	2810	3630	3936	4080	4140	1693	5327	2248	5706	5621	5281	3831	2473	2374	1448	1400	5726	4159	2296	2615	2561	4526	5043	2315	1254	1809	5104	3611	1120	1612	1292	1255	2542	4347	4151	4719	5307	1529	4604	1079	2076	5725	4605	1040	3019	2528	2864	4351	3313	4541	3213	5919	2618	5418	2134	2476	2983	3784	3391	
3387	2247	4494	1566	4391	4801	1866	3181	5673	4697	3974	5019	1918	2873	5677	3955	5056	3407	4954	1755	1253	1246	3066	1224	5439	5886	3103	1053	1215	4349	5130	5636	4307	3267	2805	3984	2065	3632	2156	4754	1433	2243	4172	2385	1897	1861	3599	2965	5286	2693	2409	3196	1205	5875	1765	4920	4003	2549	1811	3169	1068	5994	4491	2571	5574	4962	4264	1873	2012	2856	1076	1224	4883	4564	1552	1157	3479	1173	
2231	5215	1947	1849	4219	2489	3913	3355	3759	4281	1676	3532	2177	5293	2067	5017	5685	3781	1028	4078	1708	1878	2090	2329	5942	3476	5919	2426	2523	4346	2098	4415	3193	5164	4819	2141	5716	3562	5253	3999	4189	1677	3048	2920	3747	2384	3655	2787	1265	4822	1136	4003	5895	5044	3370	5482	2428	2183	5751	3320	1339	1465	3820	2859	2384	1677	2485	2840	4082	2514	5267	4211	3336	2062	5284	5019	1128	4328	
2738	2733	4528	4074	1395	1382	3856	2379	2108	5756	4443	4824	2602	4480	1660	5134	1231	1700	1645	5005	5118	5953	4391	4342	1329	3292	4360	2612	5742	4657	5734	2767	5593	1225	1478	5081	1034	3977	5838	2487	3628	1157	5013	4934	1141	5957	4197	1312	2542	3246	4942	3315	4693	2976	5582	1081	1230	5354	5568	4958	4242	3827	4778	2392	3637	2647	1694	5076	1580	5125	5033	3528	2104	3149	1777	4299	1461	4769	
5780	3451	4516	4250	1338	4821	3183	4116	2129	3344	1149	4002	2934	2802	1563	1561	5473	4892	2232	4687	3566	4440	5775	1687	5793	4890	4939	4142	3443	5162	4600	2275	2381	3402	3520	4933	2669	4196	2663	2698	4461	2897	4440	5788	4641	5908	4272	2082	4494	3741	1317	2170	3954	5812	3305	2124	2312	2780	4866	3355	1419	2519	5716	2897	2786	5371	2650	3390	3252	4126	2472	5472	2808	1339	3223	3341	2688	1369	
]

EquipmentTypeTransportationCost: [
1	2322	
2322	1	

1	2733	
2733	1	

1	2946	
2946	1	

1	2884	
2884	1	

1	2840	
2840	1	

1	2673	
2673	1	

1	2782	
2782	1	

]

TransportationTimeForEquipmentTypeBetweenProjects: [
1	1	
1	1	

1	1	
1	1	

1	1	
1	1	

1	1	
1	1	

1	1	
1	1	

1	1	
1	1	

1	1	
1	1	

]

TotalNumberOfInitialEquipmentTypeLocation: [
(1 1) 2 (1 44) 2 
(2 1) 4 (2 44) 5 
(3 1) 5 (3 44) 4 
(4 1) 5 (4 44) 1 
(5 1) 3 (5 44) 3 
(6 1) 5 (6 44) 4 
(7 1) 3 (7 44) 4 
]

DepotActivities: [ 1 44 ]

MaximalStintCliques: [
[ 1 23 ]
[ 2 24 ]
[ 3 25 ]
[ 4 26 ]
[ 5 27 ]
[ 6 28 ]
[ 7 29 ]
[ 8 30 ]
[ 9 31 ]
[ 10 32 ]
[ 11 33 ]
[ 12 34 ]
[ 13 35 ]
[ 14 36 ]
[ 15 37 ]
[ 16 38 ]
[ 17 39 ]
[ 18 40 ]
[ 19 41 ]
[ 20 42 ]
[ 21 43 ]
[ 22 44 ]
]
