nEmployees: 60
nSkills: 3
nProjects: 2
nDays: 180
nActivities: 73
nEquipmentTypes: 5
nStints: 39
nMaxModes: 2
nStintCliques: 26

EmployeeInStintCost: [
13214 13214 13214 13214 13214 13214 13214 13214 13214 13214 13214 13214 13214 13214 13214 13214 13214 13214 13214 13214 13214 13214 13214 13214 13214 11918 18160 18160 18160 18160 18160 18160 18160 18160 18160 18160 18160 18160 12328 
9838 9838 9838 9838 9838 9838 9838 9838 9838 9838 9838 9838 9838 9838 9838 9838 9838 9838 9838 9838 9838 9838 9838 9838 9838 8470 30236 30236 30236 30236 30236 30236 30236 30236 30236 30236 30236 30236 24080 
15370 15370 15370 15370 15370 15370 15370 15370 15370 15370 15370 15370 15370 15370 15370 15370 15370 15370 15370 15370 15370 15370 15370 15370 15370 14206 36644 36644 36644 36644 36644 36644 36644 36644 36644 36644 36644 36644 31406 
6088 6088 6088 6088 6088 6088 6088 6088 6088 6088 6088 6088 6088 6088 6088 6088 6088 6088 6088 6088 6088 6088 6088 6088 6088 4792 30220 30220 30220 30220 30220 30220 30220 30220 30220 30220 30220 30220 24388 
9858 9858 9858 9858 9858 9858 9858 9858 9858 9858 9858 9858 9858 9858 9858 9858 9858 9858 9858 9858 9858 9858 9858 9858 9858 8478 29908 29908 29908 29908 29908 29908 29908 29908 29908 29908 29908 29908 23698 
10554 10554 10554 10554 10554 10554 10554 10554 10554 10554 10554 10554 10554 10554 10554 10554 10554 10554 10554 10554 10554 10554 10554 10554 10554 9318 32396 32396 32396 32396 32396 32396 32396 32396 32396 32396 32396 32396 26834 
12190 12190 12190 12190 12190 12190 12190 12190 12190 12190 12190 12190 12190 12190 12190 12190 12190 12190 12190 12190 12190 12190 12190 12190 12190 10894 12960 12960 12960 12960 12960 12960 12960 12960 12960 12960 12960 12960 7128 
9750 9750 9750 9750 9750 9750 9750 9750 9750 9750 9750 9750 9750 9750 9750 9750 9750 9750 9750 9750 9750 9750 9750 9750 9750 8406 29548 29548 29548 29548 29548 29548 29548 29548 29548 29548 29548 29548 23500 
6968 6968 6968 6968 6968 6968 6968 6968 6968 6968 6968 6968 6968 6968 6968 6968 6968 6968 6968 6968 6968 6968 6968 6968 6968 5792 28924 28924 28924 28924 28924 28924 28924 28924 28924 28924 28924 28924 23632 
12234 12234 12234 12234 12234 12234 12234 12234 12234 12234 12234 12234 12234 12234 12234 12234 12234 12234 12234 12234 12234 12234 12234 12234 12234 10950 13760 13760 13760 13760 13760 13760 13760 13760 13760 13760 13760 13760 7982 
15946 15946 15946 15946 15946 15946 15946 15946 15946 15946 15946 15946 15946 15946 15946 15946 15946 15946 15946 15946 15946 15946 15946 15946 15946 14590 38564 38564 38564 38564 38564 38564 38564 38564 38564 38564 38564 38564 32462 
11794 11794 11794 11794 11794 11794 11794 11794 11794 11794 11794 11794 11794 11794 11794 11794 11794 11794 11794 11794 11794 11794 11794 11794 11794 10630 11640 11640 11640 11640 11640 11640 11640 11640 11640 11640 11640 11640 6402 
14418 14418 14418 14418 14418 14418 14418 14418 14418 14418 14418 14418 14418 14418 14418 14418 14418 14418 14418 14418 14418 14418 14418 14418 14418 13086 27972 27972 27972 27972 27972 27972 27972 27972 27972 27972 27972 27972 21978 
14918 14918 14918 14918 14918 14918 14918 14918 14918 14918 14918 14918 14918 14918 14918 14918 14918 14918 14918 14918 14918 14918 14918 14918 14918 13694 36524 36524 36524 36524 36524 36524 36524 36524 36524 36524 36524 36524 31016 
6932 6932 6932 6932 6932 6932 6932 6932 6932 6932 6932 6932 6932 6932 6932 6932 6932 6932 6932 6932 6932 6932 6932 6932 6932 5768 28804 28804 28804 28804 28804 28804 28804 28804 28804 28804 28804 28804 23566 
13078 13078 13078 13078 13078 13078 13078 13078 13078 13078 13078 13078 13078 13078 13078 13078 13078 13078 13078 13078 13078 13078 13078 13078 13078 11926 34124 34124 34124 34124 34124 34124 34124 34124 34124 34124 34124 34124 28940 
13150 13150 13150 13150 13150 13150 13150 13150 13150 13150 13150 13150 13150 13150 13150 13150 13150 13150 13150 13150 13150 13150 13150 13150 13150 11974 34364 34364 34364 34364 34364 34364 34364 34364 34364 34364 34364 34364 29072 
11386 11386 11386 11386 11386 11386 11386 11386 11386 11386 11386 11386 11386 11386 11386 11386 11386 11386 11386 11386 11386 11386 11386 11386 11386 10174 17440 17440 17440 17440 17440 17440 17440 17440 17440 17440 17440 17440 11986 
12522 12522 12522 12522 12522 12522 12522 12522 12522 12522 12522 12522 12522 12522 12522 12522 12522 12522 12522 12522 12522 12522 12522 12522 12522 11142 14720 14720 14720 14720 14720 14720 14720 14720 14720 14720 14720 14720 8510 
15802 15802 15802 15802 15802 15802 15802 15802 15802 15802 15802 15802 15802 15802 15802 15802 15802 15802 15802 15802 15802 15802 15802 15802 15802 14494 38084 38084 38084 38084 38084 38084 38084 38084 38084 38084 38084 38084 32198 
9442 9442 9442 9442 9442 9442 9442 9442 9442 9442 9442 9442 9442 9442 9442 9442 9442 9442 9442 9442 9442 9442 9442 9442 9442 8206 28916 28916 28916 28916 28916 28916 28916 28916 28916 28916 28916 28916 23354 
12614 12614 12614 12614 12614 12614 12614 12614 12614 12614 12614 12614 12614 12614 12614 12614 12614 12614 12614 12614 12614 12614 12614 12614 12614 11462 33700 33700 33700 33700 33700 33700 33700 33700 33700 33700 33700 33700 28516 
6052 6052 6052 6052 6052 6052 6052 6052 6052 6052 6052 6052 6052 6052 6052 6052 6052 6052 6052 6052 6052 6052 6052 6052 6052 4768 30100 30100 30100 30100 30100 30100 30100 30100 30100 30100 30100 30100 24322 
13474 13474 13474 13474 13474 13474 13474 13474 13474 13474 13474 13474 13474 13474 13474 13474 13474 13474 13474 13474 13474 13474 13474 13474 13474 12238 35268 35268 35268 35268 35268 35268 35268 35268 35268 35268 35268 35268 29706 
15098 15098 15098 15098 15098 15098 15098 15098 15098 15098 15098 15098 15098 15098 15098 15098 15098 15098 15098 15098 15098 15098 15098 15098 15098 13814 37124 37124 37124 37124 37124 37124 37124 37124 37124 37124 37124 37124 31346 
9066 9066 9066 9066 9066 9066 9066 9066 9066 9066 9066 9066 9066 9066 9066 9066 9066 9066 9066 9066 9066 9066 9066 9066 9066 7950 27268 27268 27268 27268 27268 27268 27268 27268 27268 27268 27268 27268 22246 
13042 13042 13042 13042 13042 13042 13042 13042 13042 13042 13042 13042 13042 13042 13042 13042 13042 13042 13042 13042 13042 13042 13042 13042 13042 11902 34004 34004 34004 34004 34004 34004 34004 34004 34004 34004 34004 34004 28874 
9778 9778 9778 9778 9778 9778 9778 9778 9778 9778 9778 9778 9778 9778 9778 9778 9778 9778 9778 9778 9778 9778 9778 9778 9778 8494 31940 31940 31940 31940 31940 31940 31940 31940 31940 31940 31940 31940 26162 
12830 12830 12830 12830 12830 12830 12830 12830 12830 12830 12830 12830 12830 12830 12830 12830 12830 12830 12830 12830 12830 12830 12830 12830 12830 11606 34420 34420 34420 34420 34420 34420 34420 34420 34420 34420 34420 34420 28912 
13106 13106 13106 13106 13106 13106 13106 13106 13106 13106 13106 13106 13106 13106 13106 13106 13106 13106 13106 13106 13106 13106 13106 13106 13106 11846 17800 17800 17800 17800 17800 17800 17800 17800 17800 17800 17800 17800 12130 
3600 3600 3600 3600 3600 3600 3600 3600 3600 3600 3600 3600 3600 3600 3600 3600 3600 3600 3600 3600 3600 3600 3600 3600 3600 2400 29012 29012 29012 29012 29012 29012 29012 29012 29012 29012 29012 29012 23612 
12974 12974 12974 12974 12974 12974 12974 12974 12974 12974 12974 12974 12974 12974 12974 12974 12974 12974 12974 12974 12974 12974 12974 12974 12974 11702 34900 34900 34900 34900 34900 34900 34900 34900 34900 34900 34900 34900 29176 
12226 12226 12226 12226 12226 12226 12226 12226 12226 12226 12226 12226 12226 12226 12226 12226 12226 12226 12226 12226 12226 12226 12226 12226 12226 10918 13080 13080 13080 13080 13080 13080 13080 13080 13080 13080 13080 13080 7194 
11710 11710 11710 11710 11710 11710 11710 11710 11710 11710 11710 11710 11710 11710 11710 11710 11710 11710 11710 11710 11710 11710 11710 11710 11710 10462 17080 17080 17080 17080 17080 17080 17080 17080 17080 17080 17080 17080 11464 
9454 9454 9454 9454 9454 9454 9454 9454 9454 9454 9454 9454 9454 9454 9454 9454 9454 9454 9454 9454 9454 9454 9454 9454 9454 8278 30860 30860 30860 30860 30860 30860 30860 30860 30860 30860 30860 30860 25568 
12506 12506 12506 12506 12506 12506 12506 12506 12506 12506 12506 12506 12506 12506 12506 12506 12506 12506 12506 12506 12506 12506 12506 12506 12506 11390 33340 33340 33340 33340 33340 33340 33340 33340 33340 33340 33340 33340 28318 
12926 12926 12926 12926 12926 12926 12926 12926 12926 12926 12926 12926 12926 12926 12926 12926 12926 12926 12926 12926 12926 12926 12926 12926 12926 11726 17200 17200 17200 17200 17200 17200 17200 17200 17200 17200 17200 17200 11800 
14954 14954 14954 14954 14954 14954 14954 14954 14954 14954 14954 14954 14954 14954 14954 14954 14954 14954 14954 14954 14954 14954 14954 14954 14954 13718 36644 36644 36644 36644 36644 36644 36644 36644 36644 36644 36644 36644 31082 
13798 13798 13798 13798 13798 13798 13798 13798 13798 13798 13798 13798 13798 13798 13798 13798 13798 13798 13798 13798 13798 13798 13798 13798 13798 12454 36348 36348 36348 36348 36348 36348 36348 36348 36348 36348 36348 36348 30300 
12306 12306 12306 12306 12306 12306 12306 12306 12306 12306 12306 12306 12306 12306 12306 12306 12306 12306 12306 12306 12306 12306 12306 12306 12306 10998 14000 14000 14000 14000 14000 14000 14000 14000 14000 14000 14000 14000 8114 
13582 13582 13582 13582 13582 13582 13582 13582 13582 13582 13582 13582 13582 13582 13582 13582 13582 13582 13582 13582 13582 13582 13582 13582 13582 12310 35628 35628 35628 35628 35628 35628 35628 35628 35628 35628 35628 35628 29904 
10410 10410 10410 10410 10410 10410 10410 10410 10410 10410 10410 10410 10410 10410 10410 10410 10410 10410 10410 10410 10410 10410 10410 10410 10410 9222 31916 31916 31916 31916 31916 31916 31916 31916 31916 31916 31916 31916 26570 
14702 14702 14702 14702 14702 14702 14702 14702 14702 14702 14702 14702 14702 14702 14702 14702 14702 14702 14702 14702 14702 14702 14702 14702 14702 13550 35804 35804 35804 35804 35804 35804 35804 35804 35804 35804 35804 35804 30620 
9246 9246 9246 9246 9246 9246 9246 9246 9246 9246 9246 9246 9246 9246 9246 9246 9246 9246 9246 9246 9246 9246 9246 9246 9246 8070 27868 27868 27868 27868 27868 27868 27868 27868 27868 27868 27868 27868 22576 
12090 12090 12090 12090 12090 12090 12090 12090 12090 12090 12090 12090 12090 12090 12090 12090 12090 12090 12090 12090 12090 12090 12090 12090 12090 10854 13280 13280 13280 13280 13280 13280 13280 13280 13280 13280 13280 13280 7718 
9210 9210 9210 9210 9210 9210 9210 9210 9210 9210 9210 9210 9210 9210 9210 9210 9210 9210 9210 9210 9210 9210 9210 9210 9210 8046 27748 27748 27748 27748 27748 27748 27748 27748 27748 27748 27748 27748 22510 
7292 7292 7292 7292 7292 7292 7292 7292 7292 7292 7292 7292 7292 7292 7292 7292 7292 7292 7292 7292 7292 7292 7292 7292 7292 6008 30004 30004 30004 30004 30004 30004 30004 30004 30004 30004 30004 30004 24226 
11874 11874 11874 11874 11874 11874 11874 11874 11874 11874 11874 11874 11874 11874 11874 11874 11874 11874 11874 11874 11874 11874 11874 11874 11874 10710 12560 12560 12560 12560 12560 12560 12560 12560 12560 12560 12560 12560 7322 
13690 13690 13690 13690 13690 13690 13690 13690 13690 13690 13690 13690 13690 13690 13690 13690 13690 13690 13690 13690 13690 13690 13690 13690 13690 12382 35988 35988 35988 35988 35988 35988 35988 35988 35988 35988 35988 35988 30102 
7544 7544 7544 7544 7544 7544 7544 7544 7544 7544 7544 7544 7544 7544 7544 7544 7544 7544 7544 7544 7544 7544 7544 7544 7544 6176 30844 30844 30844 30844 30844 30844 30844 30844 30844 30844 30844 30844 24688 
14022 14022 14022 14022 14022 14022 14022 14022 14022 14022 14022 14022 14022 14022 14022 14022 14022 14022 14022 14022 14022 14022 14022 14022 14022 12822 26652 26652 26652 26652 26652 26652 26652 26652 26652 26652 26652 26652 21252 
14454 14454 14454 14454 14454 14454 14454 14454 14454 14454 14454 14454 14454 14454 14454 14454 14454 14454 14454 14454 14454 14454 14454 14454 14454 13110 28092 28092 28092 28092 28092 28092 28092 28092 28092 28092 28092 28092 22044 
14478 14478 14478 14478 14478 14478 14478 14478 14478 14478 14478 14478 14478 14478 14478 14478 14478 14478 14478 14478 14478 14478 14478 14478 14478 13206 36572 36572 36572 36572 36572 36572 36572 36572 36572 36572 36572 36572 30848 
9406 9406 9406 9406 9406 9406 9406 9406 9406 9406 9406 9406 9406 9406 9406 9406 9406 9406 9406 9406 9406 9406 9406 9406 9406 8182 28796 28796 28796 28796 28796 28796 28796 28796 28796 28796 28796 28796 23288 
12866 12866 12866 12866 12866 12866 12866 12866 12866 12866 12866 12866 12866 12866 12866 12866 12866 12866 12866 12866 12866 12866 12866 12866 12866 11630 34540 34540 34540 34540 34540 34540 34540 34540 34540 34540 34540 34540 28978 
14918 14918 14918 14918 14918 14918 14918 14918 14918 14918 14918 14918 14918 14918 14918 14918 14918 14918 14918 14918 14918 14918 14918 14918 14918 13694 36524 36524 36524 36524 36524 36524 36524 36524 36524 36524 36524 36524 31016 
15370 15370 15370 15370 15370 15370 15370 15370 15370 15370 15370 15370 15370 15370 15370 15370 15370 15370 15370 15370 15370 15370 15370 15370 15370 14206 36644 36644 36644 36644 36644 36644 36644 36644 36644 36644 36644 36644 31406 
12794 12794 12794 12794 12794 12794 12794 12794 12794 12794 12794 12794 12794 12794 12794 12794 12794 12794 12794 12794 12794 12794 12794 12794 12794 11582 34300 34300 34300 34300 34300 34300 34300 34300 34300 34300 34300 34300 28846 
3708 3708 3708 3708 3708 3708 3708 3708 3708 3708 3708 3708 3708 3708 3708 3708 3708 3708 3708 3708 3708 3708 3708 3708 3708 2472 29372 29372 29372 29372 29372 29372 29372 29372 29372 29372 29372 29372 23810 
11458 11458 11458 11458 11458 11458 11458 11458 11458 11458 11458 11458 11458 11458 11458 11458 11458 11458 11458 11458 11458 11458 11458 11458 11458 10294 16240 16240 16240 16240 16240 16240 16240 16240 16240 16240 16240 16240 11002 
]

ExternalWorkerWithSkillOnStintCost: [
16980 14640 16890 12840 14640 14400 15810 15840 12450 13260 16860 15240 16320 15900 13770 13890 13620 13590 12600 17760 14040 17820 17370 13110 15390 13620 40464 39384 35856 40104 32400 40032 42624 39816 41976 30960 37008 39456 32184 
13170 14610 12870 13650 17760 13260 16380 14370 13140 12840 15750 17910 13890 17790 14730 13770 14490 14370 12420 14310 14550 12720 17220 12210 13770 17790 39168 41544 42408 30888 37800 29880 29736 33264 35064 42840 31032 43128 31248 
13890 12690 14850 16020 12540 13590 12810 13500 16110 15840 14100 14310 16350 15210 13950 15000 13620 15120 12660 16860 14160 12360 12030 17070 15360 12480 29808 41112 32904 40896 28800 30816 30312 38160 37800 37440 39816 38880 40392 
]

OverlappingStints: [
[ 27 ]
[ 27 ]
[ 27 28 ]
[ 28 ]
[ 28 29 ]
[ 29 ]
[ 29 30 ]
[ 30 ]
[ 30 31 ]
[ 31 ]
[ 31 32 ]
[ 32 ]
[ 32 33 ]
[ 33 ]
[ 33 34 ]
[ 34 ]
[ 34 35 ]
[ 35 ]
[ 35 36 ]
[ 36 ]
[ 36 37 ]
[ 37 ]
[ 37 38 ]
[ 38 ]
[ 38 39 ]
[ 39 ]
[ 28 ]
[ 29 ]
[ 30 ]
[ 31 ]
[ 32 ]
[ 33 ]
[ 34 ]
[ 35 ]
[ 36 ]
[ 37 ]
[ 38 ]
[ 39 ]
[ ]
]

EmployeesWithSkill: [
[ 1 2 3 4 5 6 7 8 9 10 11 12 13 14 15 16 17 18 19 20 21 22 23 24 25 26 27 28 29 30 31 32 33 34 35 36 37 38 39 40 41 42 43 44 45 46 47 48 49 50 51 52 53 54 55 56 57 58 59 60 ]
[ 2 5 8 9 10 16 17 19 20 23 40 44 45 48 50 51 57 ]
[ 1 6 8 11 20 25 33 34 41 43 52 ]
]

SkillDemandInActivityWithMode: [
0	1	
27	42	
14	22	
14	22	
15	24	
37	57	
37	57	
16	25	
27	42	
37	57	
37	57	
23	36	
27	42	
31	48	
31	48	
37	57	
19	30	
10	16	
23	36	
16	25	
12	19	
23	36	
0	1	
3	6	
4	7	
1	3	
1	3	
2	4	
2	4	
2	4	
3	6	
2	4	
2	4	
4	7	
3	6	
4	7	
3	6	
4	7	
3	6	
2	4	
2	4	
4	7	
1	3	
1	3	
1	3	
5	9	
3	6	
3	6	
4	7	
2	4	
4	7	
3	6	
5	9	
4	7	
1	3	
3	6	
3	6	
4	7	
4	7	
2	4	
4	7	
2	4	
2	4	
1	3	
3	6	
1	3	
2	4	
2	4	
1	3	
1	3	
4	7	
3	6	
3	6	

0	1	
1	3	
0	1	
0	1	
0	1	
1	3	
1	3	
0	1	
1	3	
1	3	
1	3	
1	3	
1	3	
1	3	
1	3	
1	3	
0	1	
0	1	
0	1	
0	1	
0	1	
0	1	
0	1	
1	3	
2	4	
0	1	
0	1	
1	3	
0	1	
1	3	
1	3	
1	3	
0	1	
2	4	
1	3	
2	4	
1	3	
2	4	
1	3	
1	3	
0	1	
2	4	
0	1	
0	1	
0	1	
2	4	
1	3	
1	3	
2	4	
0	1	
2	4	
1	3	
2	4	
2	4	
0	1	
1	3	
1	3	
2	4	
2	4	
0	1	
2	4	
0	1	
1	3	
0	1	
1	3	
0	1	
1	3	
1	3	
0	1	
0	1	
2	4	
1	3	
1	3	

0	1	
1	3	
0	1	
0	1	
0	1	
1	3	
1	3	
0	1	
1	3	
1	3	
1	3	
1	3	
1	3	
1	3	
1	3	
1	3	
0	1	
0	1	
0	1	
0	1	
0	1	
0	1	
0	1	
1	3	
1	3	
0	1	
0	1	
0	1	
0	1	
0	1	
1	3	
0	1	
0	1	
1	3	
0	1	
1	3	
1	3	
1	3	
1	3	
0	1	
0	1	
1	3	
0	1	
0	1	
0	1	
1	3	
0	1	
1	3	
1	3	
0	1	
1	3	
0	1	
1	3	
1	3	
0	1	
0	1	
0	1	
1	3	
1	3	
0	1	
1	3	
0	1	
0	1	
0	1	
0	1	
0	1	
0	1	
0	1	
0	1	
0	1	
1	3	
1	3	
1	3	

]

EmployeeAvailability: [
1 1 1 1 1 1 1 1 1 1 1 1 1 1 1 1 1 1 1 1 1 1 1 0 0 1 1 1 1 1 1 1 1 1 1 0 1 0 0 
1 1 1 1 1 1 1 1 1 0 1 1 1 1 0 1 1 1 1 1 1 1 1 1 1 1 1 1 0 1 0 1 1 0 1 1 1 1 1 
1 1 1 1 1 1 1 1 1 1 1 1 1 1 1 1 1 1 1 1 1 1 1 0 1 1 1 1 1 1 0 1 1 1 1 1 1 0 1 
0 1 1 1 1 1 1 1 0 1 1 1 1 1 1 1 1 1 1 1 1 1 1 1 1 1 0 1 1 1 0 1 1 1 1 1 1 1 1 
1 1 0 1 1 1 1 1 0 1 1 1 1 1 1 1 1 1 0 1 1 1 1 1 1 1 1 0 1 1 0 1 1 1 1 0 1 1 1 
1 1 1 1 1 1 1 1 1 1 1 1 1 1 1 1 1 1 1 1 1 1 1 1 1 1 1 1 1 1 1 1 1 1 1 1 1 1 1 
1 1 1 1 1 1 0 1 1 1 0 1 1 1 1 1 1 1 1 1 1 1 1 1 1 1 1 1 1 0 1 0 1 1 1 0 1 1 1 
1 1 1 1 1 1 1 1 1 1 1 1 1 1 1 1 1 1 1 1 1 1 1 1 1 1 1 1 1 1 1 1 1 1 1 1 1 1 1 
1 1 1 1 1 1 1 1 0 1 1 1 1 1 1 1 1 1 1 1 1 1 1 1 1 1 1 1 1 1 0 1 1 1 1 1 1 1 1 
1 1 1 1 0 1 1 1 1 1 1 1 1 1 1 1 1 1 1 1 1 1 1 1 1 1 1 1 0 1 1 1 1 1 1 1 1 1 1 
1 1 1 1 1 1 1 1 0 1 1 1 1 1 1 1 1 1 1 1 1 1 1 1 1 1 1 1 1 1 0 1 1 1 1 1 1 1 1 
0 1 1 1 1 1 1 1 1 1 0 1 1 1 1 1 1 1 1 1 1 1 1 1 1 1 0 1 1 1 1 0 1 1 1 1 1 1 1 
1 1 1 1 1 1 1 1 1 1 1 1 1 1 1 1 1 1 1 1 1 1 1 1 1 1 1 1 1 1 1 1 1 1 1 1 1 1 1 
1 1 1 1 1 1 1 1 1 1 1 1 1 1 1 1 1 1 1 1 1 1 1 1 1 1 1 1 1 1 1 1 1 1 1 1 1 1 1 
1 1 1 1 1 1 1 1 1 1 1 1 1 1 1 1 1 1 0 1 1 1 0 1 1 1 1 1 1 1 1 1 1 1 1 0 1 0 1 
1 1 1 1 1 1 1 1 1 1 1 1 1 1 1 1 1 1 1 1 1 1 1 1 1 1 1 1 1 1 1 1 1 1 1 1 1 1 1 
1 1 1 1 1 1 1 1 0 1 1 1 1 1 1 1 1 0 1 1 1 1 1 1 1 1 1 1 1 1 0 1 1 1 0 1 1 1 1 
1 1 1 1 1 1 1 1 1 1 1 1 1 1 1 1 1 1 1 1 1 1 1 1 1 1 1 1 1 1 1 1 1 1 1 1 1 1 1 
1 1 1 1 1 1 1 1 1 1 1 1 1 1 1 1 1 1 1 1 1 1 1 1 1 1 1 1 1 1 1 1 1 1 1 1 1 1 1 
1 1 0 1 1 1 0 1 1 1 1 1 1 1 1 0 1 1 1 1 1 1 1 1 1 1 1 0 1 0 1 1 1 0 1 1 1 1 1 
1 1 1 0 1 1 0 1 1 1 1 1 1 1 1 1 1 1 1 1 1 1 1 1 1 1 1 0 1 0 1 1 1 1 1 1 1 1 1 
1 1 1 1 1 1 1 1 1 1 0 1 1 1 1 1 1 1 1 1 1 1 1 1 1 1 1 1 1 1 1 0 1 1 1 1 1 1 1 
1 0 1 1 1 1 1 1 1 1 1 1 1 1 1 1 1 1 1 1 1 1 1 1 1 1 0 1 1 1 1 1 1 1 1 1 1 1 1 
1 1 1 1 1 1 1 1 1 1 1 1 1 1 1 1 1 1 1 1 1 1 1 1 1 1 1 1 1 1 1 1 1 1 1 1 1 1 1 
1 1 1 1 1 1 1 1 1 1 1 1 1 1 1 1 1 1 1 1 1 1 1 1 1 0 1 1 1 1 1 1 1 1 1 1 1 1 0 
1 1 1 1 1 1 1 1 1 1 1 1 1 1 1 1 1 1 1 1 1 1 1 1 1 1 1 1 1 1 1 1 1 1 1 1 1 1 1 
1 1 1 1 1 1 1 1 1 1 1 1 0 1 1 1 1 1 1 1 1 1 1 1 1 1 1 1 1 1 1 1 0 1 1 1 1 1 1 
1 1 1 1 1 1 1 1 1 1 1 1 1 1 1 1 1 0 1 1 1 1 1 1 1 1 1 1 1 1 1 1 1 1 0 1 1 1 1 
1 1 1 1 1 1 1 1 1 1 1 1 1 1 1 1 1 1 1 1 1 1 1 1 1 1 1 1 1 1 1 1 1 1 1 1 1 1 1 
1 1 1 1 1 1 1 0 1 1 1 1 1 1 1 1 1 1 1 1 0 1 1 1 1 1 1 0 1 0 1 1 1 1 1 1 0 1 1 
1 1 1 1 1 1 1 1 1 1 1 1 1 1 1 1 1 1 1 1 1 1 1 1 1 1 1 1 1 1 0 1 1 1 1 1 1 1 1 
1 1 1 1 1 1 1 0 1 1 1 1 1 1 1 0 1 1 1 1 1 1 1 1 0 1 1 1 1 0 1 1 1 0 1 1 1 1 0 
1 1 1 1 1 1 1 1 1 1 1 1 1 1 1 1 1 1 1 1 1 1 1 1 1 1 1 1 1 1 1 1 1 1 1 1 1 1 1 
1 1 1 1 1 1 1 1 1 1 0 1 1 0 0 1 1 1 1 1 1 1 1 1 1 1 1 1 1 1 1 0 0 0 1 1 1 1 1 
1 1 1 1 1 1 1 1 1 1 1 1 1 1 1 1 1 1 1 1 1 1 1 1 1 1 0 1 1 1 1 1 1 1 1 1 1 1 1 
1 1 1 1 1 1 1 1 1 1 1 1 1 1 1 1 1 0 1 1 1 1 1 1 1 1 1 1 1 1 1 1 1 1 0 1 1 1 1 
1 1 1 1 1 0 1 1 1 1 1 1 1 1 1 1 1 1 0 1 1 1 1 1 1 1 1 1 0 1 1 1 1 1 1 0 1 1 1 
1 1 1 1 1 1 1 1 1 1 1 1 0 1 1 1 1 1 1 1 1 1 1 1 1 1 1 1 1 1 1 1 0 1 1 1 1 1 1 
1 1 1 1 1 0 1 1 1 1 1 1 1 1 1 1 1 1 1 1 1 1 1 1 1 1 0 1 0 1 1 1 1 1 1 1 1 1 1 
1 1 0 1 1 1 1 1 1 1 1 1 1 1 1 1 1 1 1 1 1 1 1 1 1 1 1 0 1 1 1 1 1 1 1 1 1 1 1 
1 1 1 1 1 1 1 1 1 1 1 1 1 1 1 1 1 1 0 1 1 1 0 1 1 1 1 1 1 1 1 1 1 1 1 0 1 0 1 
1 1 1 1 1 1 1 0 1 1 1 1 1 1 0 1 1 1 1 1 1 1 1 1 1 1 1 1 1 0 1 1 1 0 1 1 1 1 1 
1 1 1 1 1 1 1 1 1 1 1 1 1 1 1 1 1 0 1 1 1 1 1 1 1 1 1 1 1 1 1 1 1 1 0 1 1 1 1 
1 1 1 1 1 1 1 1 1 1 1 1 1 1 1 1 1 1 1 1 1 1 1 1 1 1 1 1 1 1 1 1 1 1 1 1 1 1 1 
1 1 0 1 1 1 1 1 1 1 1 1 1 1 1 1 1 1 0 1 1 1 1 1 1 1 1 0 1 1 1 1 1 1 1 0 1 1 1 
1 1 1 1 1 1 1 1 1 1 1 1 1 1 1 1 1 1 1 1 1 1 1 1 1 1 1 1 1 1 1 1 1 1 1 1 1 1 1 
1 1 1 1 1 1 1 1 1 0 1 1 1 1 1 1 1 1 1 1 1 0 1 1 1 0 1 1 1 1 0 1 1 1 1 1 0 1 0 
1 1 1 1 1 1 1 1 1 1 1 1 1 1 1 1 1 1 0 1 1 1 1 1 1 0 1 1 1 1 1 1 1 1 1 0 1 1 0 
1 1 1 1 1 0 1 1 1 1 1 1 1 1 1 1 1 1 1 1 1 1 1 1 1 1 1 1 0 1 1 1 1 1 1 1 1 1 1 
1 1 1 1 1 1 1 0 0 1 1 1 1 1 1 1 1 1 1 1 1 1 1 1 1 1 1 1 1 0 0 1 1 1 1 1 1 1 1 
1 1 1 1 1 1 1 1 1 1 1 1 1 0 1 1 1 1 1 1 1 1 1 1 1 1 1 1 1 1 0 1 0 1 1 1 1 1 1 
1 1 1 1 1 1 1 1 1 1 0 1 0 1 1 1 1 1 1 1 1 1 1 1 1 1 1 1 1 0 1 0 0 1 1 1 1 1 1 
1 0 1 1 1 1 1 1 1 1 1 1 1 1 1 1 0 1 1 1 1 1 1 1 1 1 0 1 1 1 1 1 1 1 0 1 1 1 1 
1 1 1 0 1 1 1 1 1 1 1 1 1 1 1 1 1 1 1 1 1 0 1 1 1 1 1 0 0 1 1 1 1 1 1 1 0 1 1 
1 1 1 1 1 1 1 1 1 1 1 1 1 0 1 1 0 1 1 1 1 1 1 1 1 1 1 1 1 1 1 1 0 1 0 1 1 1 1 
1 1 1 1 1 1 1 1 1 1 1 0 1 1 1 1 1 1 1 1 1 1 1 1 1 1 1 1 1 1 1 0 1 1 1 1 1 1 1 
1 1 1 1 1 1 1 1 1 1 1 1 0 1 1 1 1 1 1 1 1 1 1 1 1 1 1 1 1 1 1 1 0 1 1 1 1 1 1 
1 1 1 1 1 1 1 1 1 1 1 1 1 1 1 1 1 1 1 1 1 1 1 1 1 1 1 1 1 1 1 1 1 1 1 1 1 1 1 
1 1 1 1 1 1 1 1 1 1 1 1 1 1 1 1 1 1 1 1 1 1 1 1 1 1 1 1 1 1 1 1 1 1 1 1 1 1 1 
1 1 1 1 1 1 1 1 1 1 1 1 1 1 1 1 1 1 1 1 1 1 1 1 1 1 1 1 1 1 1 1 1 1 1 1 1 1 1 
]

EmployeeWantedInStint: [ (4 9) 1 (4 26) 1 (5 39) 1 (6 27) 1 (6 32) 1 (7 11) 1 (8 12) 1 (8 32) 1 (10 20) 1 (11 21) 1 (13 28) 1 (16 23) 1 (17 11) 1 (17 14) 1 (18 30) 1 (21 15) 1 (21 26) 1 (21 30) 1 (22 18) 1 (23 4) 1 (23 22) 1 (24 14) 1 (25 11) 1 (30 7) 1 (33 5) 1 (36 12) 1 (36 23) 1 (36 38) 1 (40 6) 1 (44 21) 1 (46 24) 1 (47 19) 1 (50 35) 1 (51 8) 1 (52 4) 1 (53 14) 1 (55 2) 1 (56 4) 1 (56 12) 1 (57 35) 1 (58 30) 1 (60 2) 1 ]

EmployeeWantedViolationCost: [ (4 9) 7000 (4 26) 5000 (5 39) 7000 (6 27) 14000 (6 32) 10000 (7 11) 6000 (8 12) 13000 (8 32) 8000 (10 20) 6000 (11 21) 12000 (13 28) 12000 (16 23) 9000 (17 11) 6000 (17 14) 8000 (18 30) 6000 (21 15) 13000 (21 26) 5000 (21 30) 11000 (22 18) 15000 (23 4) 7000 (23 22) 15000 (24 14) 7000 (25 11) 7000 (30 7) 10000 (33 5) 14000 (36 12) 14000 (36 23) 5000 (36 38) 14000 (40 6) 6000 (44 21) 9000 (46 24) 12000 (47 19) 5000 (50 35) 15000 (51 8) 8000 (52 4) 15000 (53 14) 9000 (55 2) 7000 (56 4) 9000 (56 12) 6000 (57 35) 12000 (58 30) 8000 (60 2) 7000 ]

EmployeesThatShouldNotWorkTogetherWithEmployee: [
[ 22 45 48 60 ]
[ 15 36 ]
[ 6 46 ]
[ 19 29 ]
[ 57 ]
[ 39 43 ]
[ 29 49 55 56 ]
[ ]
[ 24 56 59 ]
[ 47 ]
[ 22 31 34 ]
[ 20 44 ]
[ 28 40 52 59 ]
[ 40 55 ]
[ 16 32 52 56 ]
[ 34 ]
[ ]
[ 56 ]
[ ]
[ 25 40 58 ]
[ ]
[ 42 ]
[ 55 ]
[ 25 ]
[ 51 ]
[ ]
[ ]
[ 42 48 54 55 ]
[ 32 50 ]
[ 48 ]
[ 56 ]
[ 39 54 57 ]
[ 34 ]
[ 48 ]
[ ]
[ ]
[ 41 ]
[ ]
[ 57 ]
[ ]
[ ]
[ 44 ]
[ 44 57 ]
[ ]
[ ]
[ 53 ]
[ 52 ]
[ 55 59 ]
[ ]
[ 52 ]
[ ]
[ ]
[ ]
[ ]
[ 57 ]
[ ]
[ ]
[ ]
[ ]
[ ]
]

ShouldNotWorkTogetherCost: [ (1 22) 396 (1 45) 297 (1 48) 297 (1 60) 396 (2 15) 297 (2 36) 396 (3 6) 198 (3 46) 396 (4 19) 198 (4 29) 99 (5 57) 297 (6 39) 198 (6 43) 99 (7 29) 396 (7 49) 99 (7 55) 198 (7 56) 99 (9 24) 99 (9 56) 198 (9 59) 99 (10 47) 297 (11 22) 396 (11 31) 297 (11 34) 396 (12 20) 396 (12 44) 396 (13 28) 396 (13 40) 396 (13 52) 198 (13 59) 99 (14 40) 297 (14 55) 99 (15 16) 198 (15 32) 297 (15 52) 396 (15 56) 99 (16 34) 297 (18 56) 99 (20 25) 99 (20 40) 198 (20 58) 396 (22 42) 297 (23 55) 297 (24 25) 99 (25 51) 99 (28 42) 297 (28 48) 396 (28 54) 297 (28 55) 99 (29 32) 396 (29 50) 396 (30 48) 198 (31 56) 198 (32 39) 99 (32 54) 198 (32 57) 99 (33 34) 297 (34 48) 198 (37 41) 198 (39 57) 198 (42 44) 396 (43 44) 297 (43 57) 99 (46 53) 396 (47 52) 99 (48 55) 396 (48 59) 396 (50 52) 396 (55 57) 396 ]

ImmediatePredecessorsToActivity: [
[ ]
[ 1 ]
[ 2 ]
[ 1 ]
[ 1 ]
[ 3 4 ]
[ 3 ]
[ 4 ]
[ 2 ]
[ 8 ]
[ 5 ]
[ 8 ]
[ 2 5 8 ]
[ 2 10 ]
[ 11 ]
[ 8 15 ]
[ 8 ]
[ 1 ]
[ 5 6 7 ]
[ 4 10 ]
[ 11 ]
[ 2 10 12 ]
[ ]
[ 23 ]
[ 23 ]
[ 23 ]
[ 24 ]
[ 24 ]
[ 25 ]
[ 26 ]
[ 29 ]
[ 27 ]
[ 24 ]
[ 26 27 28 ]
[ 23 ]
[ 28 ]
[ 31 33 35 ]
[ 25 31 32 33 34 36 ]
[ 31 34 35 ]
[ 29 32 ]
[ 24 ]
[ 33 36 41 ]
[ 35 ]
[ 23 ]
[ 28 ]
[ 25 34 42 44 ]
[ 35 36 45 ]
[ 26 32 36 ]
[ 27 35 42 45 ]
[ 29 33 36 ]
[ 31 48 49 ]
[ 32 37 ]
[ 25 27 36 43 45 ]
[ 34 ]
[ 27 31 ]
[ 29 35 42 ]
[ 56 ]
[ 56 ]
[ 33 43 49 58 ]
[ 29 33 ]
[ 27 42 ]
[ 23 ]
[ 35 42 50 ]
[ 25 ]
[ 32 37 41 50 56 ]
[ 33 35 62 ]
[ 33 36 ]
[ 32 35 61 62 67 ]
[ 28 31 35 ]
[ 35 ]
[ 31 34 43 45 56 64 ]
[ 32 56 60 70 ]
[ 26 36 56 61 70 ]
]

ActivitiesInProject: [
[ 1 2 3 4 5 6 7 8 9 10 11 12 13 14 15 16 17 18 19 20 21 22 ]
[ 23 24 25 26 27 28 29 30 31 32 33 34 35 36 37 38 39 40 41 42 43 44 45 46 47 48 49 50 51 52 53 54 55 56 57 58 59 60 61 62 63 64 65 66 67 68 69 70 71 72 73 ]
]

nActivityModes: [ 2 2 2 2 2 2 2 2 2 2 2 2 2 2 2 2 2 2 2 2 2 2 2 2 2 2 2 2 2 2 2 2 2 2 2 2 2 2 2 2 2 2 2 2 2 2 2 2 2 2 2 2 2 2 2 2 2 2 2 2 2 2 2 2 2 2 2 2 2 2 2 2 2 ]

ActivityDurationWithMode: [
1	1	
7	5	
14	10	
14	10	
13	9	
5	4	
5	4	
12	8	
7	5	
5	4	
5	4	
8	6	
7	5	
6	4	
6	4	
5	4	
10	7	
20	14	
8	6	
12	8	
16	11	
8	6	
1	1	
17	12	
13	9	
97	65	
50	34	
32	22	
37	25	
26	18	
18	12	
30	20	
36	24	
13	9	
22	15	
14	10	
18	12	
15	10	
17	12	
25	17	
40	27	
13	9	
82	55	
104	70	
51	34	
12	8	
23	16	
18	12	
13	9	
41	28	
13	9	
22	15	
12	8	
15	10	
59	40	
21	14	
22	15	
13	9	
13	9	
37	25	
16	11	
37	25	
24	16	
78	52	
20	14	
61	41	
28	19	
28	19	
49	33	
64	43	
12	8	
18	12	
17	12	
]

StintsInProject: [
[ 1 2 3 4 5 6 7 8 9 10 11 12 13 14 15 16 17 18 19 20 21 22 23 24 25 26 ]
[ 27 28 29 30 31 32 33 34 35 36 37 38 39 ]
]

WorkingStintsOnDay: [
[ 1 27 ]
[ 1 27 ]
[ 1 27 ]
[ 1 27 ]
[ 1 27 ]
[ 27 ]
[ 27 ]
[ 2 27 ]
[ 2 27 ]
[ 2 27 ]
[ 2 27 ]
[ 2 27 ]
[ ]
[ ]
[ 3 28 ]
[ 3 28 ]
[ 3 28 ]
[ 3 28 ]
[ 3 28 ]
[ 28 ]
[ 28 ]
[ 4 28 ]
[ 4 28 ]
[ 4 28 ]
[ 4 28 ]
[ 4 28 ]
[ ]
[ ]
[ 5 29 ]
[ 5 29 ]
[ 5 29 ]
[ 5 29 ]
[ 5 29 ]
[ 29 ]
[ 29 ]
[ 6 29 ]
[ 6 29 ]
[ 6 29 ]
[ 6 29 ]
[ 6 29 ]
[ ]
[ ]
[ 7 30 ]
[ 7 30 ]
[ 7 30 ]
[ 7 30 ]
[ 7 30 ]
[ 30 ]
[ 30 ]
[ 8 30 ]
[ 8 30 ]
[ 8 30 ]
[ 8 30 ]
[ 8 30 ]
[ ]
[ ]
[ 9 31 ]
[ 9 31 ]
[ 9 31 ]
[ 9 31 ]
[ 9 31 ]
[ 31 ]
[ 31 ]
[ 10 31 ]
[ 10 31 ]
[ 10 31 ]
[ 10 31 ]
[ 10 31 ]
[ ]
[ ]
[ 11 32 ]
[ 11 32 ]
[ 11 32 ]
[ 11 32 ]
[ 11 32 ]
[ 32 ]
[ 32 ]
[ 12 32 ]
[ 12 32 ]
[ 12 32 ]
[ 12 32 ]
[ 12 32 ]
[ ]
[ ]
[ 13 33 ]
[ 13 33 ]
[ 13 33 ]
[ 13 33 ]
[ 13 33 ]
[ 33 ]
[ 33 ]
[ 14 33 ]
[ 14 33 ]
[ 14 33 ]
[ 14 33 ]
[ 14 33 ]
[ ]
[ ]
[ 15 34 ]
[ 15 34 ]
[ 15 34 ]
[ 15 34 ]
[ 15 34 ]
[ 34 ]
[ 34 ]
[ 16 34 ]
[ 16 34 ]
[ 16 34 ]
[ 16 34 ]
[ 16 34 ]
[ ]
[ ]
[ 17 35 ]
[ 17 35 ]
[ 17 35 ]
[ 17 35 ]
[ 17 35 ]
[ 35 ]
[ 35 ]
[ 18 35 ]
[ 18 35 ]
[ 18 35 ]
[ 18 35 ]
[ 18 35 ]
[ ]
[ ]
[ 19 36 ]
[ 19 36 ]
[ 19 36 ]
[ 19 36 ]
[ 19 36 ]
[ 36 ]
[ 36 ]
[ 20 36 ]
[ 20 36 ]
[ 20 36 ]
[ 20 36 ]
[ 20 36 ]
[ ]
[ ]
[ 21 37 ]
[ 21 37 ]
[ 21 37 ]
[ 21 37 ]
[ 21 37 ]
[ 37 ]
[ 37 ]
[ 22 37 ]
[ 22 37 ]
[ 22 37 ]
[ 22 37 ]
[ 22 37 ]
[ ]
[ ]
[ 23 38 ]
[ 23 38 ]
[ 23 38 ]
[ 23 38 ]
[ 23 38 ]
[ 38 ]
[ 38 ]
[ 24 38 ]
[ 24 38 ]
[ 24 38 ]
[ 24 38 ]
[ 24 38 ]
[ ]
[ ]
[ 25 39 ]
[ 25 39 ]
[ 25 39 ]
[ 25 39 ]
[ 25 39 ]
[ 39 ]
[ 39 ]
[ 26 39 ]
[ 26 39 ]
[ 26 39 ]
[ 26 39 ]
[ 26 39 ]
]

ProjectStart: [ 34 2 ]

ProjectEnd: [ 97 151 ]

EarliestStartDayForActivity: [ 1 34 45 34 34 65 65 54 45 72 53 72 72 79 60 72 72 34 72 79 60 82 1 2 2 2 21 21 17 115 60 79 21 115 2 59 80 130 130 115 21 75 26 2 59 130 118 115 118 75 135 115 122 130 80 90 115 115 133 63 90 2 122 17 122 63 75 115 80 26 130 115 115 ]

LatestStartDayForActivity: [ 1 97 97 97 97 97 97 97 97 97 97 97 97 97 97 97 97 97 97 97 97 97 1 151 151 151 151 151 151 151 151 151 151 151 151 151 151 151 151 151 151 151 151 151 151 151 151 151 151 151 151 151 151 151 151 151 151 151 151 151 151 151 151 151 151 151 151 151 151 151 151 151 151 ]

EquipmentTypeDemandInActivityWithMode: [
0	1	
1	3	
0	1	
1	3	
1	3	
1	3	
1	3	
1	3	
1	3	
1	3	
2	4	
1	3	
2	4	
0	1	
0	1	
0	1	
2	4	
3	6	
0	1	
0	1	
0	1	
0	1	
0	1	
1	3	
0	1	
1	3	
0	1	
1	3	
2	4	
0	1	
1	3	
0	1	
0	1	
1	3	
1	3	
2	4	
0	1	
0	1	
2	4	
2	4	
1	3	
2	4	
0	1	
0	1	
1	3	
1	3	
0	1	
3	6	
1	3	
0	1	
3	6	
2	4	
2	4	
0	1	
2	4	
0	1	
0	1	
1	3	
1	3	
1	3	
1	3	
0	1	
1	3	
1	3	
1	3	
3	6	
0	1	
1	3	
1	3	
2	4	
3	6	
1	3	
1	3	

0	1	
0	1	
1	3	
1	3	
0	1	
2	4	
2	4	
0	1	
3	6	
0	1	
1	3	
2	4	
0	1	
0	1	
1	3	
0	1	
0	1	
1	3	
3	6	
2	4	
3	6	
3	6	
0	1	
1	3	
1	3	
2	4	
4	7	
2	4	
0	1	
0	1	
0	1	
0	1	
0	1	
0	1	
2	4	
2	4	
2	4	
0	1	
0	1	
2	4	
2	4	
2	4	
2	4	
2	4	
1	3	
1	3	
1	3	
1	3	
1	3	
0	1	
2	4	
2	4	
2	4	
2	4	
1	3	
2	4	
2	4	
1	3	
0	1	
1	3	
1	3	
2	4	
2	4	
0	1	
1	3	
0	1	
1	3	
3	6	
1	3	
1	3	
1	3	
1	3	
2	4	

0	1	
2	4	
1	3	
0	1	
1	3	
0	1	
1	3	
1	3	
1	3	
4	7	
0	1	
1	3	
0	1	
3	6	
0	1	
1	3	
0	1	
2	4	
2	4	
1	3	
2	4	
2	4	
0	1	
0	1	
0	1	
2	4	
1	3	
1	3	
2	4	
0	1	
0	1	
1	3	
1	3	
0	1	
0	1	
0	1	
1	3	
1	3	
0	1	
1	3	
0	1	
1	3	
0	1	
0	1	
1	3	
1	3	
1	3	
0	1	
1	3	
0	1	
3	6	
0	1	
0	1	
1	3	
2	4	
3	6	
3	6	
0	1	
2	4	
0	1	
0	1	
1	3	
2	4	
0	1	
2	4	
0	1	
0	1	
0	1	
0	1	
0	1	
2	4	
0	1	
1	3	

0	1	
1	3	
0	1	
0	1	
1	3	
0	1	
1	3	
0	1	
1	3	
1	3	
0	1	
1	3	
1	3	
0	1	
3	6	
1	3	
1	3	
1	3	
1	3	
1	3	
2	4	
0	1	
0	1	
0	1	
2	4	
1	3	
1	3	
3	6	
0	1	
3	6	
4	7	
3	6	
1	3	
1	3	
0	1	
0	1	
0	1	
1	3	
0	1	
2	4	
0	1	
2	4	
0	1	
0	1	
2	4	
0	1	
2	4	
1	3	
1	3	
0	1	
2	4	
1	3	
1	3	
2	4	
0	1	
0	1	
1	3	
1	3	
2	4	
1	3	
5	9	
0	1	
1	3	
0	1	
0	1	
4	7	
1	3	
1	3	
2	4	
2	4	
0	1	
1	3	
1	3	

0	1	
2	4	
1	3	
2	4	
2	4	
1	3	
0	1	
2	4	
1	3	
1	3	
0	1	
1	3	
0	1	
0	1	
0	1	
1	3	
1	3	
0	1	
0	1	
0	1	
1	3	
0	1	
0	1	
1	3	
1	3	
1	3	
0	1	
0	1	
0	1	
4	7	
0	1	
1	3	
2	4	
1	3	
1	3	
1	3	
1	3	
0	1	
0	1	
1	3	
1	3	
0	1	
1	3	
0	1	
1	3	
2	4	
0	1	
1	3	
2	4	
0	1	
0	1	
1	3	
0	1	
1	3	
1	3	
0	1	
0	1	
2	4	
0	1	
0	1	
2	4	
1	3	
1	3	
0	1	
0	1	
1	3	
1	3	
1	3	
1	3	
0	1	
2	4	
1	3	
1	3	

]

ExternalEquipmentRentingCost: [
2391	5979	4489	1316	2641	1654	3566	1467	4070	4668	2774	2293	2660	4727	4715	3683	3634	5929	5965	1071	3576	4150	2486	2022	4954	3257	3811	3701	4276	3960	5197	1231	4367	1649	3621	2121	3160	1868	4053	1661	3329	1226	2127	1544	3698	4415	4819	5020	4523	1759	4489	2520	1085	1027	1397	5541	1110	2603	5769	3644	2933	5509	1238	1051	4850	4725	5291	3709	4876	3786	1528	4374	4084	
5350	2337	4939	3176	3102	3062	3740	1031	5398	2595	3081	2691	4925	3805	3696	4512	4104	1954	4549	4597	1180	1726	1129	3488	3933	1782	1118	3479	3297	4430	1180	5218	4230	5896	3967	3517	5809	5988	1882	5527	3134	3486	3878	2094	4762	2746	3367	5463	1011	5138	4394	5397	5963	5588	2351	5410	4522	1440	5866	4407	2972	5327	3364	4311	4547	5165	1844	3572	1267	5817	5034	3313	1587	
1723	2492	4918	2227	5252	5416	1807	5161	3327	1312	2749	3940	4232	3375	5860	2258	1668	3954	1283	5891	1758	5792	2998	1295	5866	5097	1370	4632	1811	2826	1281	2625	3122	3042	2787	1922	3247	1296	3991	2892	1374	3679	1223	5781	5670	2077	4574	2858	4575	4913	5779	4131	1002	2880	5741	3617	4741	4298	3136	5632	1321	1837	1893	4405	5126	2044	1554	4139	1559	5682	2149	4577	3960	
1373	4700	4855	5798	5406	1785	2760	5932	4176	5499	4531	1873	3391	5313	4387	2868	5872	1231	2353	2825	5270	4428	5572	2156	5546	1654	5472	1172	3108	2458	4089	3451	1345	2239	4065	1129	2029	4480	3023	5200	1158	4532	5273	2816	2512	3407	2312	3099	2364	5158	5986	3020	5121	1544	3718	1444	4368	4666	1908	1037	5635	4749	5757	4928	4827	3612	2036	3394	4289	4644	5798	4665	2358	
4538	1452	5587	3713	5163	4670	2427	1406	4443	1061	3291	4414	3037	3262	3859	5738	3632	5272	5494	2595	3828	2068	3054	4612	2367	1877	4639	3056	4647	5702	2503	4658	5681	1165	1959	3622	5471	4855	3811	3389	1343	5776	4290	4924	2651	5506	5831	1805	2003	2964	1432	5507	2956	4779	4794	1353	2929	3771	5757	2242	5434	1811	3079	4723	4970	5282	1443	4473	5855	1972	4190	1209	3408	
]

EquipmentTypeTransportationCost: [
1	4125	
4125	1	

1	3774	
3774	1	

1	4292	
4292	1	

1	4286	
4286	1	

1	3077	
3077	1	

]

TransportationTimeForEquipmentTypeBetweenProjects: [
1	3	
3	1	

1	3	
3	1	

1	3	
3	1	

1	3	
3	1	

1	2	
2	1	

]

TotalNumberOfInitialEquipmentTypeLocation: [
(1 1) 3 (1 23) 3 
(2 1) 4 (2 23) 4 
(3 1) 4 (3 23) 1 
(4 1) 3 (4 23) 3 
(5 1) 4 (5 23) 1 
]

DepotActivities: [ 1 23 ]

MaximalStintCliques: [
[ 1 27 ]
[ 2 27 ]
[ 6 29 ]
[ 7 29 30 ]
[ 8 30 ]
[ 9 30 31 ]
[ 10 31 ]
[ 11 31 32 ]
[ 12 32 ]
[ 13 33 32 ]
[ 14 33 ]
[ 15 33 34 ]
[ 16 34 ]
[ 17 34 35 ]
[ 18 35 ]
[ 19 35 36 ]
[ 20 36 ]
[ 21 36 37 ]
[ 22 37 ]
[ 23 37 38 ]
[ 24 38 ]
[ 25 38 39 ]
[ 26 39 ]
[ 28 3 27 ]
[ 28 4 ]
[ 28 5 29 ]
]
