nEmployees: 60
nSkills: 3
nProjects: 2
nDays: 180
nActivities: 66
nEquipmentTypes: 7
nStints: 26
nMaxModes: 2
nStintCliques: 12

EmployeeInStintCost: [
38024 38024 38024 38024 38024 38024 38024 38024 38024 38024 38024 36728 26032 30440 30440 30440 30440 30440 30440 30440 30440 30440 30440 30440 30440 24608 
16038 16038 16038 16038 16038 16038 16038 16038 16038 16038 16038 14850 6534 24200 24200 24200 24200 24200 24200 24200 24200 24200 24200 24200 24200 18854 
29160 29160 29160 29160 29160 29160 29160 29160 29160 29160 29160 28008 18320 11520 11520 11520 11520 11520 11520 11520 11520 11520 11520 11520 11520 6336 
37518 37518 37518 37518 37518 37518 37518 37518 37518 37518 37518 36090 24470 29808 29808 29808 29808 29808 29808 29808 29808 29808 29808 29808 29808 23382 
29834 29834 29834 29834 29834 29834 29834 29834 29834 29834 29834 28574 18130 26232 26232 26232 26232 26232 26232 26232 26232 26232 26232 26232 26232 20562 
33786 33786 33786 33786 33786 33786 33786 33786 33786 33786 33786 32622 22850 26536 26536 26536 26536 26536 26536 26536 26536 26536 26536 26536 26536 21298 
30512 30512 30512 30512 30512 30512 30512 30512 30512 30512 30512 29264 18904 24072 24072 24072 24072 24072 24072 24072 24072 24072 24072 24072 24072 18456 
29344 29344 29344 29344 29344 29344 29344 29344 29344 29344 29344 28144 18120 24272 24272 24272 24272 24272 24272 24272 24272 24272 24272 24272 24272 18872 
41524 41524 41524 41524 41524 41524 41524 41524 41524 41524 41524 40252 29724 34272 34272 34272 34272 34272 34272 34272 34272 34272 34272 34272 34272 28548 
38830 38830 38830 38830 38830 38830 38830 38830 38830 38830 38830 37594 27318 31824 31824 31824 31824 31824 31824 31824 31824 31824 31824 31824 31824 26262 
34764 34764 34764 34764 34764 34764 34764 34764 34764 34764 34764 33540 23348 27768 27768 27768 27768 27768 27768 27768 27768 27768 27768 27768 27768 22260 
40312 40312 40312 40312 40312 40312 40312 40312 40312 40312 40312 39112 29088 33312 33312 33312 33312 33312 33312 33312 33312 33312 33312 33312 33312 27912 
31454 31454 31454 31454 31454 31454 31454 31454 31454 31454 31454 30074 18790 27432 27432 27432 27432 27432 27432 27432 27432 27432 27432 27432 27432 21222 
37026 37026 37026 37026 37026 37026 37026 37026 37026 37026 37026 35622 24170 28936 28936 28936 28936 28936 28936 28936 28936 28936 28936 28936 28936 22618 
41608 41608 41608 41608 41608 41608 41608 41608 41608 41608 41608 40312 29616 34272 34272 34272 34272 34272 34272 34272 34272 34272 34272 34272 34272 28440 
35244 35244 35244 35244 35244 35244 35244 35244 35244 35244 35244 33972 23444 27616 27616 27616 27616 27616 27616 27616 27616 27616 27616 27616 27616 21892 
35148 35148 35148 35148 35148 35148 35148 35148 35148 35148 35148 33828 22964 27816 27816 27816 27816 27816 27816 27816 27816 27816 27816 27816 27816 21876 
31104 31104 31104 31104 31104 31104 31104 31104 31104 31104 31104 29808 19112 12960 12960 12960 12960 12960 12960 12960 12960 12960 12960 12960 12960 7128 
34234 34234 34234 34234 34234 34234 34234 34234 34234 34234 34234 32974 22530 27224 27224 27224 27224 27224 27224 27224 27224 27224 27224 27224 27224 21554 
31914 31914 31914 31914 31914 31914 31914 31914 31914 31914 31914 30558 19442 13560 13560 13560 13560 13560 13560 13560 13560 13560 13560 13560 13560 7458 
39186 39186 39186 39186 39186 39186 39186 39186 39186 39186 39186 37830 26714 31656 31656 31656 31656 31656 31656 31656 31656 31656 31656 31656 31656 25554 
29506 29506 29506 29506 29506 29506 29506 29506 29506 29506 29506 28294 18186 24392 24392 24392 24392 24392 24392 24392 24392 24392 24392 24392 24392 18938 
23752 23752 23752 23752 23752 23752 23752 23752 23752 23752 23752 22360 12616 25288 25288 25288 25288 25288 25288 25288 25288 25288 25288 25288 25288 19024 
37566 37566 37566 37566 37566 37566 37566 37566 37566 37566 37566 36330 26054 30456 30456 30456 30456 30456 30456 30456 30456 30456 30456 30456 30456 24894 
34596 34596 34596 34596 34596 34596 34596 34596 34596 34596 34596 33372 23180 27136 27136 27136 27136 27136 27136 27136 27136 27136 27136 27136 27136 21628 
41924 41924 41924 41924 41924 41924 41924 41924 41924 41924 41924 40604 29740 34392 34392 34392 34392 34392 34392 34392 34392 34392 34392 34392 34392 28452 
30132 30132 30132 30132 30132 30132 30132 30132 30132 30132 30132 28908 18716 12240 12240 12240 12240 12240 12240 12240 12240 12240 12240 12240 12240 6732 
42904 42904 42904 42904 42904 42904 42904 42904 42904 42904 42904 41512 30144 35232 35232 35232 35232 35232 35232 35232 35232 35232 35232 35232 35232 28968 
23428 23428 23428 23428 23428 23428 23428 23428 23428 23428 23428 22060 12484 25048 25048 25048 25048 25048 25048 25048 25048 25048 25048 25048 25048 18892 
36606 36606 36606 36606 36606 36606 36606 36606 36606 36606 36606 35178 23558 28896 28896 28896 28896 28896 28896 28896 28896 28896 28896 28896 28896 22470 
39672 39672 39672 39672 39672 39672 39672 39672 39672 39672 39672 38280 26912 32016 32016 32016 32016 32016 32016 32016 32016 32016 32016 32016 32016 25752 
35884 35884 35884 35884 35884 35884 35884 35884 35884 35884 35884 34660 24468 28688 28688 28688 28688 28688 28688 28688 28688 28688 28688 28688 28688 23180 
30874 30874 30874 30874 30874 30874 30874 30874 30874 30874 30874 29566 18786 25800 25800 25800 25800 25800 25800 25800 25800 25800 25800 25800 25800 19914 
42734 42734 42734 42734 42734 42734 42734 42734 42734 42734 42734 41354 30070 34992 34992 34992 34992 34992 34992 34992 34992 34992 34992 34992 34992 28782 
30350 30350 30350 30350 30350 30350 30350 30350 30350 30350 30350 29114 18838 23952 23952 23952 23952 23952 23952 23952 23952 23952 23952 23952 23952 18390 
37828 37828 37828 37828 37828 37828 37828 37828 37828 37828 37828 36460 25260 30128 30128 30128 30128 30128 30128 30128 30128 30128 30128 30128 30128 23972 
41524 41524 41524 41524 41524 41524 41524 41524 41524 41524 41524 40252 29724 34272 34272 34272 34272 34272 34272 34272 34272 34272 34272 34272 34272 28548 
40876 40876 40876 40876 40876 40876 40876 40876 40876 40876 40876 39652 29460 33792 33792 33792 33792 33792 33792 33792 33792 33792 33792 33792 33792 28284 
33910 33910 33910 33910 33910 33910 33910 33910 33910 33910 33910 32674 22398 26984 26984 26984 26984 26984 26984 26984 26984 26984 26984 26984 26984 21422 
40714 40714 40714 40714 40714 40714 40714 40714 40714 40714 40714 39502 29394 33672 33672 33672 33672 33672 33672 33672 33672 33672 33672 33672 33672 28218 
31428 31428 31428 31428 31428 31428 31428 31428 31428 31428 31428 30108 19244 13200 13200 13200 13200 13200 13200 13200 13200 13200 13200 13200 13200 7260 
37566 37566 37566 37566 37566 37566 37566 37566 37566 37566 37566 36330 26054 30456 30456 30456 30456 30456 30456 30456 30456 30456 30456 30456 30456 24894 
38862 38862 38862 38862 38862 38862 38862 38862 38862 38862 38862 37530 26582 31416 31416 31416 31416 31416 31416 31416 31416 31416 31416 31416 31416 25422 
41608 41608 41608 41608 41608 41608 41608 41608 41608 41608 41608 40312 29616 34272 34272 34272 34272 34272 34272 34272 34272 34272 34272 34272 34272 28440 
20998 20998 20998 20998 20998 20998 20998 20998 20998 20998 20998 19810 11494 23248 23248 23248 23248 23248 23248 23248 23248 23248 23248 23248 23248 17902 
30674 30674 30674 30674 30674 30674 30674 30674 30674 30674 30674 29414 18970 24192 24192 24192 24192 24192 24192 24192 24192 24192 24192 24192 24192 18522 
40552 40552 40552 40552 40552 40552 40552 40552 40552 40552 40552 39352 29328 33552 33552 33552 33552 33552 33552 33552 33552 33552 33552 33552 33552 28152 
40628 40628 40628 40628 40628 40628 40628 40628 40628 40628 40628 39404 29212 33432 33432 33432 33432 33432 33432 33432 33432 33432 33432 33432 33432 27924 
35044 35044 35044 35044 35044 35044 35044 35044 35044 35044 35044 33724 22860 27824 27824 27824 27824 27824 27824 27824 27824 27824 27824 27824 27824 21884 
33748 33748 33748 33748 33748 33748 33748 33748 33748 33748 33748 32524 22332 26864 26864 26864 26864 26864 26864 26864 26864 26864 26864 26864 26864 21356 
18468 18468 18468 18468 18468 18468 18468 18468 18468 18468 18468 17100 7524 26000 26000 26000 26000 26000 26000 26000 26000 26000 26000 26000 26000 19844 
37080 37080 37080 37080 37080 37080 37080 37080 37080 37080 37080 35880 25856 30096 30096 30096 30096 30096 30096 30096 30096 30096 30096 30096 30096 24696 
38996 38996 38996 38996 38996 38996 38996 38996 38996 38996 38996 37628 26428 31160 31160 31160 31160 31160 31160 31160 31160 31160 31160 31160 31160 25004 
34920 34920 34920 34920 34920 34920 34920 34920 34920 34920 34920 33672 23312 27376 27376 27376 27376 27376 27376 27376 27376 27376 27376 27376 27376 21760 
34014 34014 34014 34014 34014 34014 34014 34014 34014 34014 34014 32778 22502 26976 26976 26976 26976 26976 26976 26976 26976 26976 26976 26976 26976 21414 
35922 35922 35922 35922 35922 35922 35922 35922 35922 35922 35922 34710 24602 28512 28512 28512 28512 28512 28512 28512 28512 28512 28512 28512 28512 23058 
32132 32132 32132 32132 32132 32132 32132 32132 32132 32132 32132 30764 19564 25272 25272 25272 25272 25272 25272 25272 25272 25272 25272 25272 25272 19116 
39312 39312 39312 39312 39312 39312 39312 39312 39312 39312 39312 38016 27320 31592 31592 31592 31592 31592 31592 31592 31592 31592 31592 31592 31592 25760 
40876 40876 40876 40876 40876 40876 40876 40876 40876 40876 40876 39652 29460 33792 33792 33792 33792 33792 33792 33792 33792 33792 33792 33792 33792 28284 
29506 29506 29506 29506 29506 29506 29506 29506 29506 29506 29506 28294 18186 24392 24392 24392 24392 24392 24392 24392 24392 24392 24392 24392 24392 18938 
]

ExternalWorkerWithSkillOnStintCost: [
46872 45696 44268 47124 48216 44184 38388 35196 39648 35952 36288 47292 33192 32328 39744 36648 33048 40608 36936 42120 28800 38088 34776 41328 31680 31608 
45528 40656 44772 41412 37800 43512 45444 42168 45780 45360 39060 49476 30168 31896 39240 36360 29592 42624 32616 41400 36576 35712 35280 28800 39528 39312 
44772 36456 36540 36372 34272 38892 35700 35028 45276 38220 34524 46872 29160 37944 34416 33192 37512 30384 29376 34632 42840 39816 39384 42768 35352 41112 
]

OverlappingStints: [
[ 2 14 15 ]
[ 3 14 15 16 ]
[ 4 15 16 17 ]
[ 5 16 17 18 ]
[ 6 17 18 19 ]
[ 7 18 19 20 ]
[ 8 19 20 21 ]
[ 9 20 21 22 ]
[ 10 21 22 23 ]
[ 11 22 23 24 ]
[ 12 23 24 25 ]
[ 13 24 25 26 ]
[ 25 26 ]
[ 15 ]
[ 16 ]
[ 17 ]
[ 18 ]
[ 19 ]
[ 20 ]
[ 21 ]
[ 22 ]
[ 23 ]
[ 24 ]
[ 25 ]
[ 26 ]
[ ]
]

EmployeesWithSkill: [
[ 1 2 3 4 5 6 7 8 9 10 11 12 13 14 15 16 17 18 19 20 21 22 23 24 25 26 27 28 29 30 31 32 33 34 35 36 37 38 39 40 41 42 43 44 45 46 47 48 49 50 51 52 53 54 55 56 57 58 59 60 ]
[ 2 3 4 5 6 7 8 9 10 11 12 14 15 17 18 19 20 21 22 23 24 25 26 27 28 29 30 31 32 33 34 35 36 37 38 39 40 41 42 43 44 45 46 47 48 49 50 51 52 53 54 55 56 57 58 59 60 ]
[ 1 2 4 5 8 10 11 13 14 15 16 17 22 23 25 26 27 28 29 30 31 33 34 36 37 39 40 41 43 44 46 49 51 52 53 54 55 56 58 59 60 ]
]

SkillDemandInActivityWithMode: [
0	1	
1	3	
2	4	
2	4	
2	4	
1	3	
2	4	
1	3	
2	4	
2	4	
1	3	
2	4	
2	4	
1	3	
2	4	
1	3	
1	3	
2	4	
2	4	
1	3	
2	4	
2	4	
1	3	
1	3	
1	3	
1	3	
1	3	
1	3	
2	4	
2	4	
1	3	
2	4	
1	3	
2	4	
1	3	
2	4	
2	4	
2	4	
1	3	
1	3	
1	3	
2	4	
1	3	
1	3	
0	1	
7	12	
31	48	
8	13	
14	22	
31	48	
16	25	
4	7	
14	22	
31	48	
16	25	
5	9	
16	25	
31	48	
16	25	
11	18	
11	18	
17	27	
31	48	
27	42	
23	36	
31	48	

0	1	
1	3	
3	6	
2	4	
3	6	
2	4	
3	6	
1	3	
3	6	
3	6	
1	3	
3	6	
3	6	
1	3	
3	6	
1	3	
1	3	
3	6	
3	6	
2	4	
2	4	
2	4	
1	3	
1	3	
0	1	
0	1	
1	3	
0	1	
3	6	
2	4	
2	4	
3	6	
0	1	
3	6	
0	1	
2	4	
3	6	
4	7	
2	4	
1	3	
2	4	
3	6	
0	1	
1	3	
0	1	
4	7	
19	30	
4	7	
8	13	
19	30	
9	15	
2	4	
8	13	
19	30	
9	15	
2	4	
9	15	
19	30	
9	15	
6	10	
6	10	
10	16	
19	30	
16	25	
14	22	
19	30	

0	1	
1	3	
3	6	
2	4	
3	6	
2	4	
3	6	
1	3	
3	6	
3	6	
1	3	
3	6	
3	6	
1	3	
3	6	
1	3	
0	1	
3	6	
3	6	
1	3	
2	4	
2	4	
1	3	
1	3	
0	1	
0	1	
1	3	
0	1	
3	6	
2	4	
1	3	
3	6	
0	1	
2	4	
0	1	
2	4	
2	4	
3	6	
2	4	
1	3	
2	4	
3	6	
0	1	
1	3	
0	1	
2	4	
9	15	
2	4	
4	7	
9	15	
4	7	
1	3	
4	7	
9	15	
4	7	
1	3	
4	7	
9	15	
4	7	
3	6	
3	6	
5	9	
9	15	
8	13	
7	12	
9	15	

]

EmployeeAvailability: [
1 1 0 1 1 1 1 1 1 1 1 1 1 1 1 0 1 1 1 1 1 1 1 1 1 1 
1 1 0 1 1 1 1 1 1 1 1 1 1 1 1 0 1 1 1 1 1 1 1 1 1 1 
1 1 1 1 1 1 1 1 1 1 1 1 1 1 1 1 1 1 1 1 1 1 1 1 1 1 
1 1 0 0 0 1 1 1 1 1 1 1 1 1 1 0 0 0 1 1 1 1 1 1 1 1 
1 1 1 1 1 1 1 1 1 1 1 1 1 1 1 1 1 1 1 1 1 1 1 1 1 1 
1 1 1 0 1 1 1 1 0 1 1 1 1 1 1 1 0 1 1 1 1 0 1 1 1 1 
1 1 1 1 1 1 0 1 1 1 1 1 1 1 1 1 1 1 1 0 1 1 1 1 1 1 
1 1 0 1 1 1 1 0 1 1 1 1 0 1 1 0 1 1 1 1 0 1 1 1 1 0 
1 1 1 1 1 1 1 0 1 1 1 1 1 1 1 1 1 1 1 1 0 1 1 1 1 1 
1 1 1 1 1 1 1 1 1 1 1 1 1 1 1 1 1 1 1 1 1 1 1 1 1 1 
1 1 0 1 1 1 1 1 1 1 1 0 1 1 1 0 1 1 1 1 1 1 1 1 0 1 
1 1 1 1 1 1 1 1 1 1 1 1 1 1 1 1 1 1 1 1 1 1 1 1 1 1 
1 1 1 1 0 1 1 0 0 1 1 1 1 1 1 1 1 0 1 1 0 0 1 1 1 1 
1 1 1 1 1 1 1 1 1 1 1 1 1 1 1 1 1 1 1 1 1 1 1 1 1 1 
1 1 1 1 1 1 1 1 1 1 1 1 0 1 1 1 1 1 1 1 1 1 1 1 1 0 
1 1 1 1 1 1 1 1 1 0 1 0 1 1 1 1 1 1 1 1 1 1 0 1 0 1 
1 1 1 1 1 0 0 1 1 1 1 1 1 1 1 1 1 1 0 0 1 1 1 1 1 1 
1 1 1 1 1 1 0 1 1 1 1 1 1 1 1 1 1 1 1 0 1 1 1 1 1 1 
1 0 0 1 1 1 1 1 1 1 0 1 1 1 0 0 1 1 1 1 1 1 1 0 1 1 
1 1 1 1 1 1 1 1 1 1 1 1 1 1 1 1 1 1 1 1 1 1 1 1 1 1 
1 1 1 1 0 1 1 1 1 1 0 1 1 1 1 1 1 0 1 1 1 1 1 0 1 1 
1 1 1 1 1 1 1 1 1 1 1 1 1 1 1 1 1 1 1 1 1 1 1 1 1 1 
1 1 1 1 1 1 1 1 1 1 1 1 1 1 1 1 1 1 1 1 1 1 1 1 1 1 
1 1 1 1 0 1 1 1 1 1 1 1 1 1 1 1 1 0 1 1 1 1 1 1 1 1 
1 1 1 1 1 1 1 1 1 1 1 1 1 1 1 1 1 1 1 1 1 1 1 1 1 1 
1 1 1 1 1 1 1 1 1 1 1 1 1 1 1 1 1 1 1 1 1 1 1 1 1 1 
1 1 1 1 1 1 1 1 1 1 0 1 1 1 1 1 1 1 1 1 1 1 1 0 1 1 
1 1 1 0 0 1 1 1 1 1 1 1 1 1 1 1 0 0 1 1 1 1 1 1 1 1 
1 1 1 1 1 1 1 1 0 0 1 1 1 1 1 1 1 1 1 1 1 0 0 1 1 1 
0 1 1 1 1 1 1 1 1 1 1 1 1 0 1 1 1 1 1 1 1 1 1 1 1 1 
0 1 1 1 1 0 1 1 1 1 1 1 1 0 1 1 1 1 0 1 1 1 1 1 1 1 
1 1 1 1 1 1 1 1 1 1 1 0 1 1 1 1 1 1 1 1 1 1 1 1 0 1 
1 1 1 1 0 1 1 1 1 1 1 1 1 1 1 1 1 0 1 1 1 1 1 1 1 1 
1 1 1 1 1 1 1 1 1 0 0 1 1 1 1 1 1 1 1 1 1 1 0 0 1 1 
1 1 1 1 1 1 1 1 1 1 1 1 1 1 1 1 1 1 1 1 1 1 1 1 1 1 
0 1 1 1 1 1 1 1 1 1 0 1 1 1 1 1 1 1 1 1 1 1 1 0 1 1 
1 0 1 1 1 0 1 0 1 1 1 1 1 1 0 1 1 1 0 1 0 1 1 1 1 1 
1 1 1 1 1 1 1 1 1 0 1 0 1 1 1 1 1 1 1 1 1 1 0 1 0 1 
1 1 1 1 0 1 1 1 1 1 1 1 0 1 1 1 1 0 1 1 1 1 1 1 1 0 
1 1 1 1 1 1 1 1 1 1 1 1 1 1 1 1 1 1 1 1 1 1 1 1 1 1 
1 0 0 1 1 1 1 1 1 1 1 1 1 1 0 1 1 1 1 1 1 1 1 1 1 1 
1 1 0 0 1 1 1 1 1 0 1 1 1 1 1 0 0 1 1 1 1 1 0 1 1 1 
0 1 1 1 1 0 1 1 1 1 1 1 1 0 1 1 1 1 0 1 1 1 1 1 1 1 
1 1 1 1 1 1 1 1 1 1 1 1 1 1 1 1 1 1 1 1 1 1 1 1 1 1 
1 1 1 1 1 1 1 1 1 0 0 1 1 1 1 1 1 1 1 1 1 1 0 0 1 1 
1 1 1 1 1 1 1 1 1 1 1 1 1 1 1 1 1 1 1 1 1 1 1 1 1 1 
1 1 1 1 1 1 1 1 1 1 0 1 1 1 1 1 1 1 1 1 1 1 1 0 1 1 
1 1 1 1 1 1 1 1 1 0 0 1 1 1 1 1 1 1 1 1 1 1 0 0 1 1 
1 1 0 1 1 1 1 1 1 1 1 1 1 1 1 0 1 1 1 1 1 1 1 1 1 1 
1 1 1 1 1 1 1 1 1 1 1 1 1 1 1 1 1 1 1 1 1 1 1 1 1 1 
1 1 1 1 1 1 1 1 1 1 1 1 0 1 1 1 1 1 1 1 1 1 1 1 1 0 
1 1 1 1 1 1 1 0 1 1 1 1 1 1 1 1 1 1 1 1 0 1 1 1 1 1 
1 1 1 1 1 1 0 1 1 1 1 1 1 1 1 1 1 1 1 1 1 1 1 1 1 1 
1 1 1 1 1 1 1 1 1 1 1 1 1 1 1 1 1 1 1 1 1 1 1 1 1 1 
1 1 1 1 1 1 1 1 1 1 1 0 1 1 1 1 1 1 1 1 1 1 1 1 0 1 
1 1 1 1 1 1 1 1 1 1 1 1 1 1 1 1 1 1 1 1 1 1 1 1 1 1 
1 1 1 1 1 1 1 1 1 1 1 1 1 1 1 1 1 1 1 1 1 1 1 1 1 1 
1 1 1 1 1 0 1 0 0 1 1 1 1 1 1 1 1 1 0 1 0 0 1 1 1 1 
1 1 1 1 1 1 1 1 1 0 1 1 0 1 1 1 1 1 1 1 1 1 0 1 1 0 
1 0 1 1 1 1 1 1 1 1 1 1 0 1 1 1 1 1 1 1 1 1 1 1 1 0 
]

EmployeeWantedInStint: [ (2 25) 1 (3 17) 1 (5 1) 1 (7 23) 1 (7 24) 1 (8 22) 1 (9 7) 1 (12 21) 1 (13 24) 1 (16 3) 1 (16 8) 1 (16 12) 1 (20 12) 1 (21 9) 1 (21 11) 1 (24 11) 1 (26 24) 1 (27 11) 1 (30 6) 1 (32 5) 1 (34 16) 1 (34 21) 1 (35 13) 1 (38 6) 1 (40 20) 1 (41 23) 1 (41 26) 1 (43 2) 1 (46 21) 1 (48 9) 1 (49 21) 1 (50 24) 1 (59 14) 1 (60 26) 1 ]

EmployeeWantedViolationCost: [ (2 25) 8000 (3 17) 14000 (5 1) 15000 (7 23) 7000 (7 24) 5000 (8 22) 14000 (9 7) 6000 (12 21) 5000 (13 24) 10000 (16 3) 7000 (16 8) 14000 (16 12) 12000 (20 12) 13000 (21 9) 8000 (21 11) 13000 (24 11) 13000 (26 24) 14000 (27 11) 12000 (30 6) 12000 (32 5) 5000 (34 16) 10000 (34 21) 11000 (35 13) 11000 (38 6) 6000 (40 20) 12000 (41 23) 15000 (41 26) 13000 (43 2) 15000 (46 21) 5000 (48 9) 6000 (49 21) 12000 (50 24) 13000 (59 14) 14000 (60 26) 13000 ]

EmployeesThatShouldNotWorkTogetherWithEmployee: [
[ 19 41 ]
[ 19 21 33 47 48 ]
[ 6 43 ]
[ 5 21 54 ]
[ 24 33 38 46 49 ]
[ 14 22 ]
[ 8 26 53 ]
[ 26 28 33 55 ]
[ 13 46 55 59 ]
[ 35 49 ]
[ 19 ]
[ 13 34 46 ]
[ 21 ]
[ 23 ]
[ 30 46 ]
[ 49 ]
[ 32 37 57 ]
[ 33 ]
[ 26 29 42 ]
[ 33 38 45 50 ]
[ 25 35 ]
[ 30 48 ]
[ ]
[ 39 59 ]
[ 31 ]
[ 49 ]
[ 44 ]
[ 36 42 ]
[ ]
[ 48 53 ]
[ 55 ]
[ 36 39 ]
[ ]
[ 45 49 ]
[ 48 ]
[ ]
[ 59 ]
[ ]
[ ]
[ ]
[ 43 44 ]
[ ]
[ 52 55 56 ]
[ ]
[ ]
[ 49 ]
[ 51 ]
[ 50 ]
[ ]
[ 54 ]
[ 52 57 ]
[ ]
[ ]
[ ]
[ ]
[ ]
[ 59 ]
[ ]
[ ]
[ ]
]

ShouldNotWorkTogetherCost: [ (1 19) 396 (1 41) 396 (2 19) 297 (2 21) 297 (2 33) 396 (2 47) 396 (2 48) 99 (3 6) 297 (3 43) 297 (4 5) 396 (4 21) 396 (4 54) 297 (5 24) 198 (5 33) 297 (5 38) 198 (5 46) 396 (5 49) 396 (6 14) 99 (6 22) 99 (7 8) 198 (7 26) 198 (7 53) 396 (8 26) 297 (8 28) 198 (8 33) 198 (8 55) 396 (9 13) 297 (9 46) 99 (9 55) 99 (9 59) 396 (10 35) 99 (10 49) 396 (11 19) 99 (12 13) 297 (12 34) 198 (12 46) 396 (13 21) 99 (14 23) 396 (15 30) 99 (15 46) 99 (16 49) 99 (17 32) 297 (17 37) 99 (17 57) 396 (18 33) 99 (19 26) 297 (19 29) 396 (19 42) 396 (20 33) 99 (20 38) 198 (20 45) 396 (20 50) 396 (21 25) 396 (21 35) 396 (22 30) 99 (22 48) 99 (24 39) 396 (24 59) 99 (25 31) 297 (26 49) 198 (27 44) 396 (28 36) 99 (28 42) 297 (30 48) 396 (30 53) 99 (31 55) 396 (32 36) 99 (32 39) 297 (34 45) 396 (34 49) 198 (35 48) 396 (37 59) 99 (41 43) 297 (41 44) 99 (43 52) 297 (43 55) 99 (43 56) 396 (46 49) 198 (47 51) 297 (48 50) 396 (50 54) 396 (51 52) 297 (51 57) 297 (57 59) 198 ]

ImmediatePredecessorsToActivity: [
[ ]
[ 1 ]
[ 1 ]
[ 1 ]
[ 2 3 4 ]
[ 1 ]
[ 2 3 ]
[ 2 ]
[ 6 ]
[ 7 ]
[ 5 8 ]
[ 3 6 ]
[ 9 11 ]
[ 10 12 ]
[ 5 10 12 ]
[ 8 14 15 ]
[ 2 15 ]
[ 14 ]
[ 9 10 ]
[ 9 15 ]
[ 4 10 11 12 20 ]
[ 12 19 ]
[ 1 ]
[ 3 22 ]
[ 2 3 6 ]
[ 9 ]
[ 4 10 ]
[ 6 7 ]
[ 2 3 11 15 22 ]
[ 3 11 20 27 ]
[ 5 18 25 ]
[ 6 15 19 ]
[ 1 ]
[ 3 8 27 32 ]
[ 7 23 ]
[ 3 8 18 ]
[ 4 11 18 32 ]
[ 7 9 12 16 29 32 33 ]
[ 5 19 23 27 ]
[ 5 22 ]
[ 11 22 23 25 ]
[ 12 18 27 28 ]
[ 9 10 ]
[ 8 9 15 23 25 27 ]
[ ]
[ 45 ]
[ 45 ]
[ 47 ]
[ 46 ]
[ 49 ]
[ 48 ]
[ 45 ]
[ 45 ]
[ 47 ]
[ 46 54 ]
[ 45 ]
[ 46 48 ]
[ 48 56 ]
[ 45 ]
[ 54 ]
[ 48 53 ]
[ 48 53 55 ]
[ 47 ]
[ 63 ]
[ 53 54 ]
[ 49 54 ]
]

ActivitiesInProject: [
[ 1 2 3 4 5 6 7 8 9 10 11 12 13 14 15 16 17 18 19 20 21 22 23 24 25 26 27 28 29 30 31 32 33 34 35 36 37 38 39 40 41 42 43 44 ]
[ 45 46 47 48 49 50 51 52 53 54 55 56 57 58 59 60 61 62 63 64 65 66 ]
]

nActivityModes: [ 2 2 2 2 2 2 2 2 2 2 2 2 2 2 2 2 2 2 2 2 2 2 2 2 2 2 2 2 2 2 2 2 2 2 2 2 2 2 2 2 2 2 2 2 2 2 2 2 2 2 2 2 2 2 2 2 2 2 2 2 2 2 2 2 2 2 ]

ActivitiyDurationWithMode: [
1	1	
30	20	
16	11	
19	13	
15	10	
24	16	
13	9	
39	26	
15	10	
13	9	
32	22	
13	9	
13	9	
28	19	
13	9	
31	21	
48	32	
14	10	
15	10	
24	16	
19	13	
18	12	
40	27	
34	23	
65	44	
79	53	
40	27	
70	47	
14	10	
20	14	
24	16	
14	10	
112	75	
16	11	
73	49	
17	12	
16	11	
12	8	
23	16	
30	20	
21	14	
13	9	
60	40	
31	21	
1	1	
29	20	
6	4	
24	16	
14	10	
6	4	
12	8	
50	34	
14	10	
6	4	
12	8	
44	30	
12	8	
6	4	
12	8	
17	12	
18	12	
11	8	
6	4	
7	5	
8	6	
6	4	
]
StintsInProject: [
[ 1 2 3 4 5 6 7 8 9 10 11 12 13 ]
[ 14 15 16 17 18 19 20 21 22 23 24 25 26 ]
]

WorkingStintsOnDay: [
[ 1 14 ]
[ 1 14 ]
[ 1 14 ]
[ 1 14 ]
[ 1 14 ]
[ 1 14 ]
[ 1 14 ]
[ 1 14 ]
[ 1 14 ]
[ 1 14 ]
[ 1 14 ]
[ 1 14 ]
[ 1 ]
[ 1 ]
[ 2 15 ]
[ 2 15 ]
[ 2 15 ]
[ 2 15 ]
[ 2 15 ]
[ 2 15 ]
[ 2 15 ]
[ 2 15 ]
[ 2 15 ]
[ 2 15 ]
[ 2 15 ]
[ 2 15 ]
[ 2 ]
[ 2 ]
[ 3 16 ]
[ 3 16 ]
[ 3 16 ]
[ 3 16 ]
[ 3 16 ]
[ 3 16 ]
[ 3 16 ]
[ 3 16 ]
[ 3 16 ]
[ 3 16 ]
[ 3 16 ]
[ 3 16 ]
[ 3 ]
[ 3 ]
[ 4 17 ]
[ 4 17 ]
[ 4 17 ]
[ 4 17 ]
[ 4 17 ]
[ 4 17 ]
[ 4 17 ]
[ 4 17 ]
[ 4 17 ]
[ 4 17 ]
[ 4 17 ]
[ 4 17 ]
[ 4 ]
[ 4 ]
[ 5 18 ]
[ 5 18 ]
[ 5 18 ]
[ 5 18 ]
[ 5 18 ]
[ 5 18 ]
[ 5 18 ]
[ 5 18 ]
[ 5 18 ]
[ 5 18 ]
[ 5 18 ]
[ 5 18 ]
[ 5 ]
[ 5 ]
[ 6 19 ]
[ 6 19 ]
[ 6 19 ]
[ 6 19 ]
[ 6 19 ]
[ 6 19 ]
[ 6 19 ]
[ 6 19 ]
[ 6 19 ]
[ 6 19 ]
[ 6 19 ]
[ 6 19 ]
[ 6 ]
[ 6 ]
[ 7 20 ]
[ 7 20 ]
[ 7 20 ]
[ 7 20 ]
[ 7 20 ]
[ 7 20 ]
[ 7 20 ]
[ 7 20 ]
[ 7 20 ]
[ 7 20 ]
[ 7 20 ]
[ 7 20 ]
[ 7 ]
[ 7 ]
[ 8 21 ]
[ 8 21 ]
[ 8 21 ]
[ 8 21 ]
[ 8 21 ]
[ 8 21 ]
[ 8 21 ]
[ 8 21 ]
[ 8 21 ]
[ 8 21 ]
[ 8 21 ]
[ 8 21 ]
[ 8 ]
[ 8 ]
[ 9 22 ]
[ 9 22 ]
[ 9 22 ]
[ 9 22 ]
[ 9 22 ]
[ 9 22 ]
[ 9 22 ]
[ 9 22 ]
[ 9 22 ]
[ 9 22 ]
[ 9 22 ]
[ 9 22 ]
[ 9 ]
[ 9 ]
[ 10 23 ]
[ 10 23 ]
[ 10 23 ]
[ 10 23 ]
[ 10 23 ]
[ 10 23 ]
[ 10 23 ]
[ 10 23 ]
[ 10 23 ]
[ 10 23 ]
[ 10 23 ]
[ 10 23 ]
[ 10 ]
[ 10 ]
[ 11 24 ]
[ 11 24 ]
[ 11 24 ]
[ 11 24 ]
[ 11 24 ]
[ 11 24 ]
[ 11 24 ]
[ 11 24 ]
[ 11 24 ]
[ 11 24 ]
[ 11 24 ]
[ 11 24 ]
[ 11 ]
[ 11 ]
[ 12 25 ]
[ 12 25 ]
[ 12 25 ]
[ 12 25 ]
[ 12 25 ]
[ 12 25 ]
[ 12 25 ]
[ 12 25 ]
[ 12 25 ]
[ 12 25 ]
[ 12 25 ]
[ 12 25 ]
[ 12 ]
[ 12 ]
[ 13 26 ]
[ 13 26 ]
[ 13 26 ]
[ 13 26 ]
[ 13 26 ]
[ 13 26 ]
[ 13 26 ]
[ 13 26 ]
[ 13 26 ]
[ 13 26 ]
[ 13 26 ]
[ 13 26 ]
]

ProjectStart: [ 41 45 ]

ProjectEnd: [ 169 107 ]

EarliestStartDayForActivity: [ 1 41 41 41 71 41 71 71 65 84 110 65 142 97 97 125 110 125 97 110 142 112 41 130 71 80 97 84 142 142 139 112 41 137 84 139 142 156 137 130 142 154 97 137 1 45 45 51 78 94 79 45 45 51 78 45 79 95 45 59 79 92 51 59 61 94 ]

LatestStartDayForActivity: [ 1 169 169 169 169 169 169 169 169 169 169 169 169 169 169 169 169 169 169 169 169 169 169 169 169 169 169 169 169 169 169 169 169 169 169 169 169 169 169 169 169 169 169 169 1 107 107 107 107 107 107 107 107 107 107 107 107 107 107 107 107 107 107 107 107 107 ]

EquipmentTypeDemandInActivityWithMode: [
0	1	
2	4	
2	4	
1	3	
0	1	
1	3	
3	6	
1	3	
0	1	
1	3	
2	4	
1	3	
0	1	
0	1	
0	1	
3	6	
1	3	
1	3	
1	3	
0	1	
2	4	
1	3	
3	6	
1	3	
0	1	
0	1	
0	1	
1	3	
0	1	
0	1	
1	3	
0	1	
1	3	
1	3	
1	3	
1	3	
0	1	
3	6	
2	4	
0	1	
0	1	
0	1	
1	3	
2	4	
0	1	
1	3	
1	3	
1	3	
1	3	
0	1	
3	6	
0	1	
1	3	
0	1	
1	3	
4	7	
1	3	
0	1	
1	3	
3	6	
0	1	
2	4	
1	3	
0	1	
1	3	
3	6	

0	1	
2	4	
3	6	
0	1	
1	3	
2	4	
1	3	
1	3	
0	1	
1	3	
0	1	
1	3	
0	1	
0	1	
1	3	
0	1	
1	3	
0	1	
1	3	
0	1	
0	1	
1	3	
1	3	
3	6	
0	1	
1	3	
1	3	
4	7	
0	1	
1	3	
2	4	
1	3	
1	3	
0	1	
1	3	
1	3	
0	1	
0	1	
0	1	
0	1	
2	4	
0	1	
1	3	
2	4	
0	1	
1	3	
0	1	
0	1	
0	1	
1	3	
0	1	
2	4	
0	1	
0	1	
0	1	
0	1	
1	3	
4	7	
1	3	
2	4	
0	1	
2	4	
0	1	
1	3	
0	1	
1	3	

0	1	
4	7	
3	6	
0	1	
2	4	
2	4	
2	4	
0	1	
3	6	
0	1	
0	1	
0	1	
0	1	
2	4	
3	6	
3	6	
2	4	
2	4	
0	1	
1	3	
1	3	
1	3	
0	1	
1	3	
0	1	
0	1	
1	3	
2	4	
1	3	
1	3	
1	3	
0	1	
2	4	
1	3	
1	3	
3	6	
1	3	
1	3	
3	6	
3	6	
1	3	
0	1	
3	6	
2	4	
0	1	
1	3	
2	4	
1	3	
1	3	
2	4	
2	4	
0	1	
4	7	
0	1	
0	1	
3	6	
1	3	
1	3	
3	6	
0	1	
1	3	
0	1	
2	4	
3	6	
3	6	
2	4	

0	1	
0	1	
0	1	
1	3	
1	3	
1	3	
4	7	
1	3	
0	1	
2	4	
3	6	
1	3	
0	1	
2	4	
2	4	
2	4	
1	3	
2	4	
2	4	
1	3	
0	1	
0	1	
0	1	
2	4	
1	3	
1	3	
1	3	
1	3	
2	4	
2	4	
2	4	
0	1	
1	3	
1	3	
2	4	
0	1	
4	7	
2	4	
0	1	
2	4	
1	3	
2	4	
4	7	
2	4	
0	1	
0	1	
1	3	
1	3	
3	6	
3	6	
3	6	
2	4	
2	4	
1	3	
1	3	
0	1	
2	4	
0	1	
0	1	
3	6	
0	1	
1	3	
0	1	
1	3	
1	3	
1	3	

0	1	
1	3	
1	3	
0	1	
1	3	
1	3	
1	3	
1	3	
3	6	
0	1	
0	1	
0	1	
0	1	
1	3	
0	1	
0	1	
1	3	
1	3	
1	3	
0	1	
6	10	
1	3	
1	3	
0	1	
1	3	
2	4	
5	9	
0	1	
2	4	
1	3	
0	1	
3	6	
1	3	
2	4	
0	1	
1	3	
1	3	
0	1	
1	3	
0	1	
0	1	
1	3	
1	3	
1	3	
0	1	
1	3	
1	3	
2	4	
0	1	
1	3	
0	1	
1	3	
0	1	
2	4	
0	1	
1	3	
0	1	
3	6	
0	1	
1	3	
0	1	
1	3	
1	3	
0	1	
1	3	
1	3	

0	1	
3	6	
1	3	
2	4	
0	1	
1	3	
0	1	
2	4	
0	1	
1	3	
2	4	
1	3	
1	3	
0	1	
0	1	
0	1	
0	1	
1	3	
0	1	
1	3	
1	3	
0	1	
0	1	
1	3	
2	4	
0	1	
1	3	
0	1	
0	1	
0	1	
0	1	
0	1	
0	1	
1	3	
0	1	
1	3	
0	1	
1	3	
1	3	
0	1	
0	1	
0	1	
1	3	
2	4	
0	1	
0	1	
0	1	
0	1	
1	3	
0	1	
1	3	
0	1	
0	1	
2	4	
0	1	
1	3	
0	1	
1	3	
2	4	
0	1	
1	3	
0	1	
1	3	
0	1	
0	1	
1	3	

0	1	
0	1	
1	3	
2	4	
2	4	
1	3	
1	3	
1	3	
1	3	
1	3	
0	1	
1	3	
1	3	
1	3	
0	1	
0	1	
0	1	
0	1	
0	1	
0	1	
0	1	
0	1	
1	3	
3	6	
2	4	
2	4	
0	1	
0	1	
1	3	
0	1	
0	1	
0	1	
0	1	
0	1	
2	4	
1	3	
1	3	
2	4	
1	3	
1	3	
2	4	
1	3	
1	3	
0	1	
0	1	
3	6	
0	1	
2	4	
3	6	
0	1	
0	1	
2	4	
2	4	
2	4	
0	1	
0	1	
1	3	
1	3	
2	4	
0	1	
0	1	
2	4	
0	1	
1	3	
2	4	
0	1	

]

ExternalEquipmentRentingCost: [
2138	2984	5260	3577	4249	3883	3526	4965	2828	5952	1538	4995	4276	5685	5003	3203	5527	5470	5184	4418	3425	2252	4579	5898	5529	5998	5627	1915	2417	1126	4047	5289	5488	3787	1747	1601	4941	4101	1237	1452	1232	5362	5993	3127	2562	4916	2649	2041	4090	3661	3031	3913	5948	3436	3709	1717	4601	5027	3966	5100	3561	2493	4819	1607	5523	5869	
3395	4562	1198	3644	3021	5256	4309	4002	2777	1202	3512	5938	4687	3632	4468	2890	3231	4916	5790	1644	4269	1257	3262	4978	1680	5628	2721	1421	2373	4934	1682	5824	1769	2827	1404	3883	2903	5364	3055	3541	4704	5144	2510	5832	4976	4146	5937	3319	3208	2994	3249	5291	3934	1787	3529	3031	4222	3714	3425	2714	1492	2264	5368	5730	2681	5796	
1533	4363	3739	3117	4156	3566	3264	1778	3725	4692	5421	5886	5927	5927	1897	3781	4220	3793	1439	1310	3171	3727	3258	5741	4594	1482	1248	5809	1251	2563	5380	3578	4069	2213	5244	3530	3609	5836	2936	2740	4707	1740	3668	1678	2790	1237	1051	3415	3186	1996	3500	5893	4850	3991	2496	5514	4476	5375	3468	2777	5279	2187	2168	3056	1500	3796	
3601	4910	4463	3801	1145	2804	4072	1456	2778	1017	1848	3757	1600	2755	4769	3469	3074	1875	2069	2346	5871	4537	3584	3794	1939	1190	2977	2605	5322	2349	5018	1342	2228	3235	1632	4304	1505	5280	3725	3364	1141	3652	2270	4792	3470	1158	4561	3003	4177	5155	1235	3411	4938	1127	1832	1368	3390	5451	2753	1615	3721	5107	4075	3248	1435	4531	
4864	3143	3272	4949	5196	5471	2955	4748	5473	4545	4493	2265	3661	5684	5362	5292	2683	5442	1014	2219	4812	5779	5715	1184	4961	3182	2367	4899	5951	5341	5772	5747	4742	4829	1031	3361	2028	5294	4018	1152	2763	3329	3861	2832	1519	1651	3428	2612	3628	3152	3847	5676	3020	4825	1438	1660	5369	5991	5806	5998	4559	5518	3344	3784	5491	3028	
4527	5449	1959	3702	4236	3438	5988	2497	3052	5122	4613	3375	4684	4973	5769	1929	2378	1555	4247	1866	1774	2965	5623	2979	3029	4322	1162	3279	4195	3746	3986	2911	4547	2245	1630	4486	5132	5176	2940	5617	3148	5156	1895	1456	3871	4130	2201	1218	4707	3602	2287	5899	2477	5403	1481	4477	3247	3642	1944	5555	1509	5396	3579	5449	5139	5937	
1439	5109	3061	2100	2380	4777	4735	3707	2934	5638	5481	3790	1496	1586	2231	3468	4996	5033	4596	5341	1035	5273	2623	4130	3891	2931	1517	3179	4181	5953	3385	2974	3631	2869	5565	1848	2859	5714	4081	4192	3395	4664	4886	4184	5550	2276	3331	4293	2723	3759	3269	1284	5215	3745	1778	4614	3347	4655	1567	3003	4733	4002	4230	5689	1000	4053	
]

EquipmentTypeTransportationCost: [
1	3264	
3264	1	

1	3643	
3643	1	

1	3642	
3642	1	

1	3665	
3665	1	

1	3252	
3252	1	

1	2630	
2630	1	

1	3128	
3128	1	

]

TransportationTimeForEquipmentTypeBetweenProjects: [
1	1	
1	1	

1	1	
1	1	

1	1	
1	1	

1	1	
1	1	

1	1	
1	1	

1	1	
1	1	

1	1	
1	1	

]

TotalNumberOfInitialEquipmentTypeLocation: [
(1 1) 1 (1 45) 5 
(2 1) 4 (2 45) 4 
(3 1) 4 (3 45) 7 
(4 1) 8 (4 45) 2 
(5 1) 2 (5 45) 5 
(6 1) 2 (6 45) 2 
(7 1) 3 (7 45) 1 
]

DepotActivities: [ 1 45 ]

MaximalStintCliques: [
[ 2 15 1 14 ]
[ 2 15 3 16 ]
[ 4 17 18 5 ]
[ 4 17 3 16 ]
[ 5 18 19 6 ]
[ 6 19 20 7 ]
[ 7 20 21 8 ]
[ 8 21 9 22 ]
[ 9 22 10 23 ]
[ 10 23 11 24 ]
[ 11 24 25 12 ]
[ 12 25 26 13 ]
]
