nEmployees: 90
nSkills: 4
nProjects: 2
nDays: 60
nActivities: 30
nEquipmentTypes: 5
nStints: 18
nMaxModes: 1
nStintCliques: 9

EmployeeInStintCost: [
13679 13679 13679 13679 13679 13679 13679 13679 10760 18302 18302 18302 18302 18302 18302 18302 18302 15572 
13551 13551 13551 13551 13551 13551 13551 13551 10452 17958 17958 17958 17958 17958 17958 17958 17958 15048 
3924 3924 3924 3924 3924 3924 3924 3924 1962 13954 13954 13954 13954 13954 13954 13954 13954 11098 
5984 5984 5984 5984 5984 5984 5984 5984 3932 13966 13966 13966 13966 13966 13966 13966 13966 11020 
12367 12367 12367 12367 12367 12367 12367 12367 9268 11198 11198 11198 11198 11198 11198 11198 11198 8288 
11835 11835 11835 11835 11835 11835 11835 11835 8646 12578 12578 12578 12578 12578 12578 12578 12578 9578 
19155 19155 19155 19155 19155 19155 19155 19155 16002 12706 12706 12706 12706 12706 12706 12706 12706 9742 
3888 3888 3888 3888 3888 3888 3888 3888 1944 13918 13918 13918 13918 13918 13918 13918 13918 11080 
18931 18931 18931 18931 18931 18931 18931 18931 15778 12594 12594 12594 12594 12594 12594 12594 12594 9630 
12635 12635 12635 12635 12635 12635 12635 12635 9626 11258 11258 11258 11258 11258 11258 11258 11258 8438 
14647 14647 14647 14647 14647 14647 14647 14647 11728 3672 3672 3672 3672 3672 3672 3672 3672 1836 
11587 11587 11587 11587 11587 11587 11587 11587 8614 16202 16202 16202 16202 16202 16202 16202 16202 13418 
18615 18615 18615 18615 18615 18615 18615 18615 15732 12166 12166 12166 12166 12166 12166 12166 12166 9472 
14539 14539 14539 14539 14539 14539 14539 14539 11674 3564 3564 3564 3564 3564 3564 3564 3564 1782 
20319 20319 20319 20319 20319 20319 20319 20319 17400 14046 14046 14046 14046 14046 14046 14046 14046 11316 
10995 10995 10995 10995 10995 10995 10995 10995 7986 12178 12178 12178 12178 12178 12178 12178 12178 9358 
18795 18795 18795 18795 18795 18795 18795 18795 15822 12346 12346 12346 12346 12346 12346 12346 12346 9562 
13659 13659 13659 13659 13659 13659 13659 13659 10506 18066 18066 18066 18066 18066 18066 18066 18066 15102 
6020 6020 6020 6020 6020 6020 6020 6020 3950 14002 14002 14002 14002 14002 14002 14002 14002 11038 
13191 13191 13191 13191 13191 13191 13191 13191 10308 17454 17454 17454 17454 17454 17454 17454 17454 14760 
3744 3744 3744 3744 3744 3744 3744 3744 1872 13774 13774 13774 13774 13774 13774 13774 13774 11008 
14935 14935 14935 14935 14935 14935 14935 14935 11872 3960 3960 3960 3960 3960 3960 3960 3960 1980 
19119 19119 19119 19119 19119 19119 19119 19119 15984 12670 12670 12670 12670 12670 12670 12670 12670 9724 
9040 9040 9040 9040 9040 9040 9040 9040 7240 13246 13246 13246 13246 13246 13246 13246 13246 10552 
11659 11659 11659 11659 11659 11659 11659 11659 8650 16274 16274 16274 16274 16274 16274 16274 16274 13454 
18903 18903 18903 18903 18903 18903 18903 18903 15876 12454 12454 12454 12454 12454 12454 12454 12454 9616 
15259 15259 15259 15259 15259 15259 15259 15259 12178 5436 5436 5436 5436 5436 5436 5436 5436 3438 
3600 3600 3600 3600 3600 3600 3600 3600 1800 13630 13630 13630 13630 13630 13630 13630 13630 10936 
4104 4104 4104 4104 4104 4104 4104 4104 2052 14134 14134 14134 14134 14134 14134 14134 14134 11188 
11103 11103 11103 11103 11103 11103 11103 11103 8040 12286 12286 12286 12286 12286 12286 12286 12286 9412 
20139 20139 20139 20139 20139 20139 20139 20139 17310 13866 13866 13866 13866 13866 13866 13866 13866 11226 
13875 13875 13875 13875 13875 13875 13875 13875 10614 18282 18282 18282 18282 18282 18282 18282 18282 15210 
10851 10851 10851 10851 10851 10851 10851 10851 7914 12034 12034 12034 12034 12034 12034 12034 12034 9286 
11439 11439 11439 11439 11439 11439 11439 11439 8448 12182 12182 12182 12182 12182 12182 12182 12182 9380 
18831 18831 18831 18831 18831 18831 18831 18831 15840 12382 12382 12382 12382 12382 12382 12382 12382 9580 
11619 11619 11619 11619 11619 11619 11619 11619 8538 12362 12362 12362 12362 12362 12362 12362 12362 9470 
12019 12019 12019 12019 12019 12019 12019 12019 9010 11930 11930 11930 11930 11930 11930 11930 11930 9110 
13803 13803 13803 13803 13803 13803 13803 13803 10578 18210 18210 18210 18210 18210 18210 18210 18210 15174 
13155 13155 13155 13155 13155 13155 13155 13155 10254 17562 17562 17562 17562 17562 17562 17562 17562 14850 
15007 15007 15007 15007 15007 15007 15007 15007 11908 4032 4032 4032 4032 4032 4032 4032 4032 2016 
14575 14575 14575 14575 14575 14575 14575 14575 11548 10118 10118 10118 10118 10118 10118 10118 10118 7280 
12455 12455 12455 12455 12455 12455 12455 12455 9536 11078 11078 11078 11078 11078 11078 11078 11078 8348 
12563 12563 12563 12563 12563 12563 12563 12563 9590 11186 11186 11186 11186 11186 11186 11186 11186 8402 
13839 13839 13839 13839 13839 13839 13839 13839 10632 18102 18102 18102 18102 18102 18102 18102 18102 15084 
18975 18975 18975 18975 18975 18975 18975 18975 15912 12526 12526 12526 12526 12526 12526 12526 12526 9652 
11283 11283 11283 11283 11283 11283 11283 11283 8130 12466 12466 12466 12466 12466 12466 12466 12466 9502 
5840 5840 5840 5840 5840 5840 5840 5840 3860 13822 13822 13822 13822 13822 13822 13822 13822 10948 
12199 12199 12199 12199 12199 12199 12199 12199 9100 12110 12110 12110 12110 12110 12110 12110 12110 9200 
12151 12151 12151 12151 12151 12151 12151 12151 9160 10982 10982 10982 10982 10982 10982 10982 10982 8180 
18571 18571 18571 18571 18571 18571 18571 18571 15598 12234 12234 12234 12234 12234 12234 12234 12234 9450 
10707 10707 10707 10707 10707 10707 10707 10707 7842 11890 11890 11890 11890 11890 11890 11890 11890 9214 
5660 5660 5660 5660 5660 5660 5660 5660 3770 13642 13642 13642 13642 13642 13642 13642 13642 10858 
15367 15367 15367 15367 15367 15367 15367 15367 12088 4392 4392 4392 4392 4392 4392 4392 4392 2196 
6128 6128 6128 6128 6128 6128 6128 6128 4004 14110 14110 14110 14110 14110 14110 14110 14110 11092 
13067 13067 13067 13067 13067 13067 13067 13067 9842 11690 11690 11690 11690 11690 11690 11690 11690 8654 
17559 17559 17559 17559 17559 17559 17559 17559 14640 11750 11750 11750 11750 11750 11750 11750 11750 9020 
13263 13263 13263 13263 13263 13263 13263 13263 10308 17670 17670 17670 17670 17670 17670 17670 17670 14904 
19299 19299 19299 19299 19299 19299 19299 19299 16074 12850 12850 12850 12850 12850 12850 12850 12850 9814 
13371 13371 13371 13371 13371 13371 13371 13371 10362 17778 17778 17778 17778 17778 17778 17778 17778 14958 
14935 14935 14935 14935 14935 14935 14935 14935 12016 5112 5112 5112 5112 5112 5112 5112 5112 3276 
12547 12547 12547 12547 12547 12547 12547 12547 9358 11378 11378 11378 11378 11378 11378 11378 11378 8378 
14611 14611 14611 14611 14611 14611 14611 14611 11710 3636 3636 3636 3636 3636 3636 3636 3636 1818 
12367 12367 12367 12367 12367 12367 12367 12367 9268 11198 11198 11198 11198 11198 11198 11198 11198 8288 
12547 12547 12547 12547 12547 12547 12547 12547 9358 11378 11378 11378 11378 11378 11378 11378 11378 8378 
15043 15043 15043 15043 15043 15043 15043 15043 12070 5220 5220 5220 5220 5220 5220 5220 5220 3330 
12451 12451 12451 12451 12451 12451 12451 12451 9226 12362 12362 12362 12362 12362 12362 12362 12362 9326 
14935 14935 14935 14935 14935 14935 14935 14935 12016 5112 5112 5112 5112 5112 5112 5112 5112 3276 
14863 14863 14863 14863 14863 14863 14863 14863 11836 3888 3888 3888 3888 3888 3888 3888 3888 1944 
11139 11139 11139 11139 11139 11139 11139 11139 8058 12322 12322 12322 12322 12322 12322 12322 12322 9430 
13047 13047 13047 13047 13047 13047 13047 13047 10236 17310 17310 17310 17310 17310 17310 17310 17310 14688 
11283 11283 11283 11283 11283 11283 11283 11283 8130 12466 12466 12466 12466 12466 12466 12466 12466 9502 
11103 11103 11103 11103 11103 11103 11103 11103 8040 12286 12286 12286 12286 12286 12286 12286 12286 9412 
20535 20535 20535 20535 20535 20535 20535 20535 17508 14262 14262 14262 14262 14262 14262 14262 14262 11424 
4176 4176 4176 4176 4176 4176 4176 4176 2088 14206 14206 14206 14206 14206 14206 14206 14206 11224 
11391 11391 11391 11391 11391 11391 11391 11391 8184 12574 12574 12574 12574 12574 12574 12574 12574 9556 
18723 18723 18723 18723 18723 18723 18723 18723 15786 12274 12274 12274 12274 12274 12274 12274 12274 9526 
3888 3888 3888 3888 3888 3888 3888 3888 1944 13918 13918 13918 13918 13918 13918 13918 13918 11080 
14719 14719 14719 14719 14719 14719 14719 14719 11764 3744 3744 3744 3744 3744 3744 3744 3744 1872 
5228 5228 5228 5228 5228 5228 5228 5228 3554 13210 13210 13210 13210 13210 13210 13210 13210 10642 
12671 12671 12671 12671 12671 12671 12671 12671 9644 11294 11294 11294 11294 11294 11294 11294 11294 8456 
6056 6056 6056 6056 6056 6056 6056 6056 3968 14038 14038 14038 14038 14038 14038 14038 14038 11056 
5804 5804 5804 5804 5804 5804 5804 5804 3842 13786 13786 13786 13786 13786 13786 13786 13786 10930 
11947 11947 11947 11947 11947 11947 11947 11947 8974 11858 11858 11858 11858 11858 11858 11858 11858 9074 
20391 20391 20391 20391 20391 20391 20391 20391 17436 14118 14118 14118 14118 14118 14118 14118 14118 11352 
13607 13607 13607 13607 13607 13607 13607 13607 10724 18230 18230 18230 18230 18230 18230 18230 18230 15536 
5552 5552 5552 5552 5552 5552 5552 5552 3716 13534 13534 13534 13534 13534 13534 13534 13534 10804 
12635 12635 12635 12635 12635 12635 12635 12635 9626 11258 11258 11258 11258 11258 11258 11258 11258 8438 
13803 13803 13803 13803 13803 13803 13803 13803 10578 18210 18210 18210 18210 18210 18210 18210 18210 15174 
18795 18795 18795 18795 18795 18795 18795 18795 15822 12346 12346 12346 12346 12346 12346 12346 12346 9562 
18063 18063 18063 18063 18063 18063 18063 18063 14892 12254 12254 12254 12254 12254 12254 12254 12254 9272 
]

ExternalWorkerWithSkillOnStintCost: [
16050 16950 17640 12840 13080 17280 13950 15000 13368 12120 12630 13110 12630 14370 12480 17970 12480 11952 
16020 12990 12810 15120 12990 13620 15420 14670 12960 13470 16530 13080 14400 12780 13080 14370 14940 12720 
15780 12120 13020 17610 16830 16530 14400 13080 10992 17220 14160 14370 14880 15960 12810 14400 13230 11832 
16470 17100 14970 13830 17190 12210 17250 12030 9624 12840 14070 15660 15690 17010 12690 17370 16980 10992 
]

OverlappingStints: [
[ 10 ]
[ 11 ]
[ 12 ]
[ 13 ]
[ 14 ]
[ 15 ]
[ 16 ]
[ 17 ]
[ 18 ]
[ ]
[ ]
[ ]
[ ]
[ ]
[ ]
[ ]
[ ]
[ ]
]

EmployeesWithSkill: [
[ 1 2 3 4 5 6 7 8 9 10 11 12 13 14 15 16 17 18 19 20 21 22 23 24 25 26 27 28 29 30 31 32 33 34 35 36 37 38 39 40 41 42 43 44 45 46 47 48 49 50 51 52 53 54 55 56 57 58 59 60 61 62 63 64 65 66 67 68 69 70 71 72 73 74 75 76 77 78 79 80 81 82 83 84 85 86 87 88 89 90 ]
[ 1 3 4 5 6 7 8 9 10 12 13 15 17 18 19 20 21 22 23 24 25 26 27 29 30 32 34 35 36 37 38 39 40 41 43 44 45 46 47 48 49 50 51 52 53 54 55 57 60 61 63 64 65 66 67 68 69 71 72 75 76 78 80 81 82 83 84 85 86 87 88 89 90 ]
[ 1 2 5 6 7 8 9 10 12 13 14 15 19 20 21 23 26 30 32 34 36 38 40 42 44 45 47 48 49 50 52 53 54 55 57 58 59 60 67 69 71 74 75 76 77 82 84 88 90 ]
[ 1 3 4 5 6 7 8 9 11 12 15 17 18 19 21 22 25 26 28 29 30 32 33 37 41 42 44 47 48 50 52 53 54 55 56 58 60 61 64 65 66 67 68 69 71 73 74 75 77 81 82 83 84 85 87 89 ]
]

SkillDemandInActivityWithMode: [
0	
9	
4	
10	
9	
7	
3	
13	
13	
10	
9	
13	
2	
9	
11	
4	
4	
11	
0	
49	
37	
97	
29	
97	
97	
97	
33	
97	
97	
58	

0	
16	
6	
19	
16	
13	
4	
26	
26	
18	
16	
26	
3	
16	
22	
7	
7	
22	
0	
18	
13	
36	
10	
36	
36	
36	
12	
36	
36	
21	

0	
12	
5	
14	
12	
10	
3	
20	
20	
14	
12	
20	
2	
12	
16	
5	
5	
16	
0	
9	
6	
18	
5	
18	
18	
18	
6	
18	
18	
11	

0	
3	
1	
3	
3	
2	
0	
5	
5	
3	
3	
5	
0	
3	
4	
1	
1	
4	
0	
34	
25	
67	
20	
67	
67	
67	
22	
67	
67	
40	

]

EmployeeAvailability: [
1 1 1 1 1 0 1 1 1 1 1 1 1 1 0 1 1 1 
0 0 1 1 1 1 1 1 1 0 0 1 1 1 1 1 1 1 
0 1 1 1 1 1 1 1 0 0 1 1 1 1 1 1 1 0 
1 1 1 1 1 1 1 1 1 1 1 1 1 1 1 1 1 1 
1 1 1 1 1 1 1 0 1 1 1 1 1 1 1 1 0 1 
1 1 1 1 1 1 1 1 1 1 1 1 1 1 1 1 1 1 
1 1 1 1 1 1 1 0 1 1 1 1 1 1 1 1 0 1 
0 1 1 1 1 1 1 1 0 0 1 1 1 1 1 1 1 0 
1 1 1 0 1 1 1 1 1 1 1 1 0 1 1 1 1 1 
1 1 1 1 1 1 1 1 1 1 1 1 1 1 1 1 1 1 
1 1 1 0 1 1 1 1 1 1 1 1 0 1 1 1 1 1 
1 1 1 1 1 1 1 1 1 1 1 1 1 1 1 1 1 1 
1 1 1 0 1 0 1 1 1 1 1 1 0 1 0 1 1 1 
1 1 1 1 0 1 1 1 1 1 1 1 1 0 1 1 1 1 
1 1 1 1 1 1 1 0 1 1 1 1 1 1 1 1 0 1 
1 1 1 1 1 0 0 1 1 1 1 1 1 1 0 0 1 1 
1 1 0 1 1 1 1 1 1 1 1 0 1 1 1 1 1 1 
1 1 1 1 1 1 1 1 1 1 1 1 1 1 1 1 1 1 
1 1 1 1 1 1 1 1 1 1 1 1 1 1 1 1 1 1 
1 1 1 1 1 1 1 1 1 1 1 1 1 1 1 1 1 1 
1 1 1 1 1 1 0 0 1 1 1 1 1 1 1 0 0 1 
1 1 1 1 0 1 1 1 1 1 1 1 1 0 1 1 1 1 
1 1 1 1 1 1 0 1 1 1 1 1 1 1 1 0 1 1 
1 1 1 1 1 1 1 1 1 1 1 1 1 1 1 1 1 1 
0 1 1 1 1 0 1 1 1 0 1 1 1 1 0 1 1 1 
1 1 1 1 1 1 1 1 1 1 1 1 1 1 1 1 1 1 
1 1 1 1 1 0 1 1 1 1 1 1 1 1 0 1 1 1 
1 1 1 1 1 1 1 1 0 1 1 1 1 1 1 1 1 0 
1 1 1 0 1 1 1 0 1 1 1 1 0 1 1 1 0 1 
1 1 1 1 1 1 1 0 1 1 1 1 1 1 1 1 0 1 
1 1 1 1 1 1 0 1 1 1 1 1 1 1 1 0 1 1 
1 1 1 1 1 1 1 1 1 1 1 1 1 1 1 1 1 1 
0 1 1 1 1 0 1 1 1 0 1 1 1 1 0 1 1 1 
0 0 1 1 1 1 1 1 1 0 0 1 1 1 1 1 1 1 
1 0 0 1 0 1 1 1 1 1 0 0 1 0 1 1 1 1 
1 1 1 1 1 1 1 1 1 1 1 1 1 1 1 1 1 1 
1 1 1 1 1 1 1 1 0 1 1 1 1 1 1 1 1 0 
1 1 1 1 1 1 1 1 1 1 1 1 1 1 1 1 1 1 
1 1 1 1 1 0 1 1 1 1 1 1 1 1 0 1 1 1 
1 1 1 1 1 1 1 1 1 1 1 1 1 1 1 1 1 1 
1 1 0 1 0 1 1 1 1 1 1 0 1 0 1 1 1 1 
1 1 1 1 1 1 1 1 1 1 1 1 1 1 1 1 1 1 
1 1 1 1 1 1 1 1 1 1 1 1 1 1 1 1 1 1 
1 1 1 1 1 0 1 1 0 1 1 1 1 1 0 1 1 0 
1 1 1 1 1 1 1 1 1 1 1 1 1 1 1 1 1 1 
1 1 1 1 1 1 1 1 1 1 1 1 1 1 1 1 1 1 
1 1 1 1 1 1 1 1 1 1 1 1 1 1 1 1 1 1 
1 1 1 1 1 1 1 1 1 1 1 1 1 1 1 1 1 1 
1 1 1 1 1 1 1 1 1 1 1 1 1 1 1 1 1 1 
1 1 1 1 1 1 1 1 1 1 1 1 1 1 1 1 1 1 
1 1 1 1 1 1 1 1 1 1 1 1 1 1 1 1 1 1 
1 1 1 0 1 1 1 1 1 1 1 1 0 1 1 1 1 1 
1 1 1 1 1 1 0 1 1 1 1 1 1 1 1 0 1 1 
1 1 1 1 1 1 1 1 1 1 1 1 1 1 1 1 1 1 
1 1 0 1 1 1 1 1 1 1 1 0 1 1 1 1 1 1 
1 0 1 1 1 1 1 0 1 1 0 1 1 1 1 1 0 1 
1 0 1 1 1 1 1 1 1 1 0 1 1 1 1 1 1 1 
1 1 1 1 1 1 1 1 1 1 1 1 1 1 1 1 1 1 
0 1 1 1 1 0 0 1 1 0 1 1 1 1 0 0 1 1 
1 1 1 1 1 1 1 1 1 1 1 1 1 1 1 1 1 1 
1 0 1 1 1 0 1 1 1 1 0 1 1 1 0 1 1 1 
1 1 1 1 1 1 1 1 1 1 1 1 1 1 1 1 1 1 
1 0 1 1 1 1 1 1 1 1 0 1 1 1 1 1 1 1 
1 1 1 1 1 1 1 1 1 1 1 1 1 1 1 1 1 1 
1 1 1 1 1 1 1 1 1 1 1 1 1 1 1 1 1 1 
1 1 1 1 1 1 1 1 1 1 1 1 1 1 1 1 1 1 
1 0 1 1 1 1 1 1 0 1 0 1 1 1 1 1 1 0 
1 1 1 0 0 1 1 1 1 1 1 1 0 0 1 1 1 1 
1 1 1 1 1 1 1 1 1 1 1 1 1 1 1 1 1 1 
1 1 1 1 1 1 1 1 1 1 1 1 1 1 1 1 1 1 
0 0 1 1 0 1 1 1 1 0 0 1 1 0 1 1 1 1 
1 0 1 1 0 1 1 1 1 1 0 1 1 0 1 1 1 1 
1 1 1 1 1 1 0 0 1 1 1 1 1 1 1 0 0 1 
0 1 0 1 0 1 1 1 1 0 1 0 1 0 1 1 1 1 
1 1 1 1 0 1 1 0 1 1 1 1 1 0 1 1 0 1 
1 1 1 1 1 1 1 0 1 1 1 1 1 1 1 1 0 1 
1 1 1 1 1 1 1 1 1 1 1 1 1 1 1 1 1 1 
1 1 1 1 1 1 1 0 1 1 1 1 1 1 1 1 0 1 
1 1 1 0 1 1 0 1 1 1 1 1 0 1 1 0 1 1 
1 1 1 1 1 1 1 1 1 1 1 1 1 1 1 1 1 1 
0 1 1 1 0 1 1 1 0 0 1 1 1 0 1 1 1 0 
1 1 1 1 1 1 1 1 1 1 1 1 1 1 1 1 1 1 
1 1 1 1 1 1 1 1 1 1 1 1 1 1 1 1 1 1 
1 1 1 0 1 1 0 1 1 1 1 1 0 1 1 0 1 1 
1 1 1 0 1 1 1 1 1 1 1 1 0 1 1 1 1 1 
1 1 1 0 1 1 1 1 1 1 1 1 0 1 1 1 1 1 
1 1 0 0 1 1 1 1 1 1 1 0 0 1 1 1 1 1 
1 1 1 1 0 1 1 1 1 1 1 1 1 0 1 1 1 1 
1 0 1 1 1 1 1 1 1 1 0 1 1 1 1 1 1 1 
1 1 0 1 1 1 1 1 1 1 1 0 1 1 1 1 1 1 
]

EmployeeWantedInStint: [ (2 1) 1 (2 3) 1 (2 8) 1 (3 4) 1 (5 13) 1 (12 1) 1 (15 16) 1 (16 16) 1 (21 12) 1 (22 9) 1 (22 17) 1 (24 13) 1 (24 16) 1 (24 18) 1 (25 16) 1 (26 14) 1 (28 4) 1 (29 11) 1 (32 14) 1 (34 7) 1 (35 9) 1 (38 2) 1 (40 2) 1 (45 2) 1 (46 17) 1 (48 5) 1 (48 14) 1 (49 12) 1 (51 1) 1 (51 5) 1 (53 12) 1 (58 15) 1 (61 6) 1 (63 5) 1 (66 12) 1 (68 14) 1 (69 4) 1 (73 6) 1 (75 13) 1 (79 17) 1 (83 12) 1 (84 2) 1 (84 3) 1 (85 5) 1 (88 3) 1 (88 4) 1 ]

EmployeeWantedViolationCost: [ (2 1) 12000 (2 3) 6000 (2 8) 14000 (3 4) 9000 (5 13) 15000 (12 1) 10000 (15 16) 8000 (16 16) 11000 (21 12) 13000 (22 9) 5000 (22 17) 14000 (24 13) 5000 (24 16) 6000 (24 18) 9000 (25 16) 15000 (26 14) 9000 (28 4) 8000 (29 11) 10000 (32 14) 15000 (34 7) 8000 (35 9) 7000 (38 2) 9000 (40 2) 5000 (45 2) 7000 (46 17) 9000 (48 5) 9000 (48 14) 13000 (49 12) 10000 (51 1) 10000 (51 5) 9000 (53 12) 9000 (58 15) 10000 (61 6) 6000 (63 5) 6000 (66 12) 7000 (68 14) 7000 (69 4) 13000 (73 6) 12000 (75 13) 14000 (79 17) 11000 (83 12) 9000 (84 2) 9000 (84 3) 9000 (85 5) 7000 (88 3) 11000 (88 4) 7000 ]

EmployeesThatShouldNotWorkTogetherWithEmployee: [
[ 7 29 41 58 75 ]
[ 8 16 20 23 30 ]
[ 4 47 57 ]
[ 7 8 41 57 62 68 ]
[ 22 72 73 ]
[ 17 21 28 31 78 ]
[ 65 72 ]
[ 39 51 52 61 73 88 ]
[ 37 72 77 ]
[ 64 66 67 ]
[ 22 31 58 85 87 ]
[ 60 66 68 ]
[ 29 41 58 ]
[ 52 70 75 ]
[ 29 42 72 90 ]
[ 46 51 61 72 75 ]
[ 18 50 ]
[ 30 35 61 83 84 89 ]
[ 57 62 63 ]
[ 27 38 49 50 ]
[ 32 34 80 ]
[ 60 ]
[ 27 31 36 40 82 ]
[ 47 54 56 67 ]
[ ]
[ 35 41 85 ]
[ 57 60 64 70 ]
[ 29 77 ]
[ 37 43 65 88 ]
[ 31 66 71 75 84 ]
[ 43 44 62 67 ]
[ 37 64 82 87 ]
[ 41 49 78 82 86 ]
[ 45 ]
[ ]
[ 46 63 69 78 ]
[ 79 ]
[ 65 90 ]
[ 51 76 ]
[ ]
[ 65 76 ]
[ 46 47 53 64 73 77 ]
[ 51 57 74 84 ]
[ 50 58 ]
[ 56 65 84 ]
[ 85 ]
[ 89 ]
[ 58 65 83 ]
[ 66 ]
[ 51 68 74 ]
[ 56 58 89 ]
[ 66 83 ]
[ 59 81 ]
[ 57 65 85 ]
[ ]
[ ]
[ 71 ]
[ 81 83 ]
[ 68 ]
[ ]
[ ]
[ ]
[ 70 79 ]
[ 65 82 ]
[ 70 ]
[ 87 ]
[ ]
[ 70 ]
[ 75 ]
[ 84 85 ]
[ 72 74 85 ]
[ 83 ]
[ ]
[ ]
[ 87 ]
[ ]
[ ]
[ 80 ]
[ 84 ]
[ 81 83 ]
[ 83 86 ]
[ ]
[ ]
[ ]
[ ]
[ 90 ]
[ 90 ]
[ ]
[ ]
[ ]
]

ShouldNotWorkTogetherCost: [ (1 7) 396 (1 29) 396 (1 41) 99 (1 58) 198 (1 75) 297 (2 8) 396 (2 16) 396 (2 20) 99 (2 23) 297 (2 30) 99 (3 4) 396 (3 47) 297 (3 57) 297 (4 7) 99 (4 8) 297 (4 41) 396 (4 57) 396 (4 62) 99 (4 68) 297 (5 22) 297 (5 72) 198 (5 73) 396 (6 17) 198 (6 21) 99 (6 28) 198 (6 31) 297 (6 78) 396 (7 65) 99 (7 72) 198 (8 39) 198 (8 51) 99 (8 52) 297 (8 61) 297 (8 73) 297 (8 88) 198 (9 37) 198 (9 72) 99 (9 77) 297 (10 64) 396 (10 66) 198 (10 67) 297 (11 22) 396 (11 31) 297 (11 58) 297 (11 85) 198 (11 87) 198 (12 60) 396 (12 66) 99 (12 68) 198 (13 29) 297 (13 41) 297 (13 58) 99 (14 52) 198 (14 70) 198 (14 75) 99 (15 29) 99 (15 42) 198 (15 72) 198 (15 90) 297 (16 46) 297 (16 51) 297 (16 61) 297 (16 72) 396 (16 75) 198 (17 18) 396 (17 50) 99 (18 30) 396 (18 35) 198 (18 61) 297 (18 83) 198 (18 84) 297 (18 89) 297 (19 57) 198 (19 62) 396 (19 63) 198 (20 27) 198 (20 38) 396 (20 49) 198 (20 50) 396 (21 32) 396 (21 34) 198 (21 80) 198 (22 60) 297 (23 27) 297 (23 31) 198 (23 36) 99 (23 40) 297 (23 82) 396 (24 47) 99 (24 54) 396 (24 56) 297 (24 67) 99 (26 35) 198 (26 41) 198 (26 85) 396 (27 57) 198 (27 60) 396 (27 64) 99 (27 70) 396 (28 29) 396 (28 77) 198 (29 37) 396 (29 43) 297 (29 65) 99 (29 88) 198 (30 31) 297 (30 66) 198 (30 71) 198 (30 75) 396 (30 84) 396 (31 43) 198 (31 44) 396 (31 62) 396 (31 67) 297 (32 37) 198 (32 64) 297 (32 82) 198 (32 87) 99 (33 41) 396 (33 49) 297 (33 78) 198 (33 82) 396 (33 86) 396 (34 45) 396 (36 46) 396 (36 63) 198 (36 69) 297 (36 78) 297 (37 79) 99 (38 65) 198 (38 90) 396 (39 51) 99 (39 76) 99 (41 65) 198 (41 76) 297 (42 46) 99 (42 47) 99 (42 53) 396 (42 64) 198 (42 73) 297 (42 77) 99 (43 51) 297 (43 57) 99 (43 74) 396 (43 84) 99 (44 50) 297 (44 58) 99 (45 56) 198 (45 65) 396 (45 84) 198 (46 85) 396 (47 89) 198 (48 58) 396 (48 65) 297 (48 83) 396 (49 66) 297 (50 51) 396 (50 68) 198 (50 74) 198 (51 56) 99 (51 58) 198 (51 89) 396 (52 66) 297 (52 83) 396 (53 59) 396 (53 81) 297 (54 57) 99 (54 65) 396 (54 85) 396 (57 71) 198 (58 81) 198 (58 83) 99 (59 68) 99 (63 70) 396 (63 79) 198 (64 65) 198 (64 82) 99 (65 70) 396 (66 87) 297 (68 70) 396 (69 75) 198 (70 84) 99 (70 85) 297 (71 72) 198 (71 74) 198 (71 85) 99 (72 83) 396 (75 87) 198 (78 80) 99 (79 84) 396 (80 81) 297 (80 83) 99 (81 83) 99 (81 86) 198 (86 90) 396 (87 90) 99 ]

ImmediatePredecessorsToActivity: [
[ ]
[ 1 ]
[ 1 ]
[ 3 ]
[ 4 ]
[ 1 ]
[ 1 ]
[ 7 ]
[ 4 ]
[ 2 ]
[ 2 ]
[ 11 ]
[ 1 ]
[ 2 4 12 ]
[ 3 7 10 11 ]
[ 6 10 ]
[ 10 11 ]
[ 3 12 ]
[ ]
[ 19 ]
[ 19 ]
[ 20 ]
[ 22 ]
[ 23 ]
[ 19 ]
[ 20 23 ]
[ 22 ]
[ 21 ]
[ 27 ]
[ 20 21 ]
]

ActivitiesInProject: [
[ 1 2 3 4 5 6 7 8 9 10 11 12 13 14 15 16 17 18 ]
[ 19 20 21 22 23 24 25 26 27 28 29 30 ]
]

nActivityModes: [ 1 1 1 1 1 1 1 1 1 1 1 1 1 1 1 1 1 1 1 1 1 1 1 1 1 1 1 1 1 1 ]

ActivitiyDurationWithMode: [
1	
8	
20	
7	
8	
10	
29	
5	
5	
7	
8	
5	
37	
8	
6	
18	
17	
6	
1	
6	
8	
3	
10	
3	
3	
3	
9	
3	
3	
5	
]
StintsInProject: [
[ 1 2 3 4 5 6 7 8 9 ]
[ 10 11 12 13 14 15 16 17 18 ]
]

WorkingStintsOnDay: [
[ 1 10 ]
[ 1 10 ]
[ 1 10 ]
[ 1 10 ]
[ 1 10 ]
[ ]
[ ]
[ 2 11 ]
[ 2 11 ]
[ 2 11 ]
[ 2 11 ]
[ 2 11 ]
[ ]
[ ]
[ 3 12 ]
[ 3 12 ]
[ 3 12 ]
[ 3 12 ]
[ 3 12 ]
[ ]
[ ]
[ 4 13 ]
[ 4 13 ]
[ 4 13 ]
[ 4 13 ]
[ 4 13 ]
[ ]
[ ]
[ 5 14 ]
[ 5 14 ]
[ 5 14 ]
[ 5 14 ]
[ 5 14 ]
[ ]
[ ]
[ 6 15 ]
[ 6 15 ]
[ 6 15 ]
[ 6 15 ]
[ 6 15 ]
[ ]
[ ]
[ 7 16 ]
[ 7 16 ]
[ 7 16 ]
[ 7 16 ]
[ 7 16 ]
[ ]
[ ]
[ 8 17 ]
[ 8 17 ]
[ 8 17 ]
[ 8 17 ]
[ 8 17 ]
[ ]
[ ]
[ 9 18 ]
[ 9 18 ]
[ 9 18 ]
[ 9 18 ]
]

ProjectStart: [ 1 18 ]

ProjectEnd: [ 52 51 ]

EarliestStartDayForActivity: [ 1 2 2 30 39 2 1 40 39 12 12 24 1 39 40 23 24 31 1 18 18 26 31 45 18 45 31 30 44 30 ]

LatestStartDayForActivity: [ 1 52 52 52 52 52 52 52 52 52 52 52 52 52 52 52 52 52 1 51 51 51 51 51 51 51 51 51 51 51 ]

EquipmentTypeDemandInActivityWithMode: [
0	
1	
1	
1	
0	
2	
0	
2	
0	
1	
1	
0	
0	
3	
2	
3	
0	
0	
0	
1	
0	
2	
0	
2	
0	
1	
1	
2	
0	
2	

0	
1	
1	
0	
0	
2	
0	
1	
1	
0	
0	
0	
1	
0	
1	
3	
0	
0	
0	
1	
1	
1	
1	
0	
1	
0	
3	
0	
0	
1	

0	
0	
2	
1	
1	
0	
0	
0	
0	
0	
1	
0	
0	
1	
0	
0	
0	
2	
0	
3	
1	
2	
1	
0	
0	
0	
2	
0	
0	
0	

0	
1	
2	
2	
1	
2	
1	
2	
4	
1	
0	
1	
0	
0	
3	
0	
0	
3	
0	
1	
1	
1	
2	
1	
1	
2	
0	
0	
0	
3	

0	
3	
0	
2	
1	
0	
1	
2	
1	
0	
1	
0	
0	
2	
0	
2	
2	
3	
0	
2	
1	
1	
2	
1	
1	
1	
0	
3	
3	
1	

]

ExternalEquipmentRentingCost: [
3233	2677	4704	4521	4681	4580	4134	4134	2169	3035	1334	2442	3236	3925	4805	2998	2997	4802	5154	5884	5475	2833	5625	3258	4919	4857	2953	1369	3534	2729	
3007	5143	4958	4791	4683	3168	1077	5428	1536	2775	2536	5300	4371	1559	3332	5049	1608	1664	4024	5902	5285	1299	3097	2760	5473	5146	3488	3454	2056	5961	
5632	4118	4524	1858	5489	3674	2426	4935	3745	2572	1737	2052	2267	2190	3883	4911	3803	3287	1063	3004	2213	5575	3408	5230	1084	2132	5698	1578	4308	2393	
1154	4295	1967	1882	1402	4412	1446	2323	5900	1264	2417	2800	3896	1177	5507	5806	3109	4538	2504	1872	3471	1646	5953	2184	3536	1459	1913	3253	1112	5397	
1950	5248	5707	2902	1831	5269	5787	1252	2223	3050	1261	1409	1402	4100	2472	3581	2821	2532	1991	1630	2235	4584	2689	2210	1826	5960	5514	4904	1939	4925	
]

EquipmentTypeTransportationCost: [
1	4318	
4318	1	

1	4686	
4686	1	

1	4054	
4054	1	

1	4386	
4386	1	

1	4337	
4337	1	

]

TransportationTimeForEquipmentTypeBetweenProjects: [
1	3	
3	1	

1	3	
3	1	

1	3	
3	1	

1	3	
3	1	

1	3	
3	1	

]

TotalNumberOfInitialEquipmentTypeLocation: [
(1 1) 4 (1 19) 2 
(2 1) 2 (2 19) 2 
(3 1) 4 (3 19) 1 
(4 1) 5 (4 19) 3 
(5 1) 5 (5 19) 2 
]

DepotActivities: [ 1 19 ]

MaximalStintCliques: [
[ 1 10 ]
[ 2 11 ]
[ 3 12 ]
[ 4 13 ]
[ 5 14 ]
[ 6 15 ]
[ 7 16 ]
[ 8 17 ]
[ 9 18 ]
]
