nEmployees: 90
nSkills: 4
nProjects: 2
nDays: 150
nActivities: 80
nEquipmentTypes: 5
nStints: 22
nMaxModes: 1
nStintCliques: 10

EmployeeInStintCost: [
32620 32620 32620 32620 32620 32620 32620 32620 32620 32620 23352 34596 34596 34596 34596 34596 34596 34596 34596 34596 34596 26132 
30244 30244 30244 30244 30244 30244 30244 30244 30244 30244 20382 27140 27140 27140 27140 27140 27140 27140 27140 27140 27140 18082 
30724 30724 30724 30724 30724 30724 30724 30724 30724 30724 20598 27620 27620 27620 27620 27620 27620 27620 27620 27620 27620 18298 
12960 12960 12960 12960 12960 12960 12960 12960 12960 12960 5832 28956 28956 28956 28956 28956 28956 28956 28956 28956 28956 20294 
28788 28788 28788 28788 28788 28788 28788 28788 28788 28788 19916 25876 25876 25876 25876 25876 25876 25876 25876 25876 25876 17808 
28804 28804 28804 28804 28804 28804 28804 28804 28804 28804 19734 25700 25700 25700 25700 25700 25700 25700 25700 25700 25700 17434 
13080 13080 13080 13080 13080 13080 13080 13080 13080 13080 5886 29076 29076 29076 29076 29076 29076 29076 29076 29076 29076 20348 
30828 30828 30828 30828 30828 30828 30828 30828 30828 30828 21296 32588 32588 32588 32588 32588 32588 32588 32588 32588 32588 23860 
30468 30468 30468 30468 30468 30468 30468 30468 30468 30468 21464 32212 32212 32212 32212 32212 32212 32212 32212 32212 32212 24012 
31260 31260 31260 31260 31260 31260 31260 31260 31260 31260 21464 33140 33140 33140 33140 33140 33140 33140 33140 33140 33140 24148 
29620 29620 29620 29620 29620 29620 29620 29620 29620 29620 19626 31476 31476 31476 31476 31476 31476 31476 31476 31476 31476 22286 
28660 28660 28660 28660 28660 28660 28660 28660 28660 28660 19194 30604 30604 30604 30604 30604 30604 30604 30604 30604 30604 21942 
29020 29020 29020 29020 29020 29020 29020 29020 29020 29020 19356 30964 30964 30964 30964 30964 30964 30964 30964 30964 30964 22104 
34500 34500 34500 34500 34500 34500 34500 34500 34500 34500 24638 13680 13680 13680 13680 13680 13680 13680 13680 13680 13680 6156 
12360 12360 12360 12360 12360 12360 12360 12360 12360 12360 5562 28356 28356 28356 28356 28356 28356 28356 28356 28356 28356 20024 
28636 28636 28636 28636 28636 28636 28636 28636 28636 28636 19368 28996 28996 28996 28996 28996 28996 28996 28996 28996 28996 20532 
33580 33580 33580 33580 33580 33580 33580 33580 33580 33580 23784 35556 35556 35556 35556 35556 35556 35556 35556 35556 35556 26564 
33412 33412 33412 33412 33412 33412 33412 33412 33412 33412 23748 24028 24028 24028 24028 24028 24028 24028 24028 24028 24028 15168 
32588 32588 32588 32588 32588 32588 32588 32588 32588 32588 22660 34324 34324 34324 34324 34324 34324 34324 34324 34324 34324 25200 
30908 30908 30908 30908 30908 30908 30908 30908 30908 30908 21904 32644 32644 32644 32644 32644 32644 32644 32644 32644 32644 24444 
33060 33060 33060 33060 33060 33060 33060 33060 33060 33060 23990 12240 12240 12240 12240 12240 12240 12240 12240 12240 12240 5508 
28980 28980 28980 28980 28980 28980 28980 28980 28980 28980 19184 30900 30900 30900 30900 30900 30900 30900 30900 30900 30900 21908 
29988 29988 29988 29988 29988 29988 29988 29988 29988 29988 20918 31748 31748 31748 31748 31748 31748 31748 31748 31748 31748 23482 
17760 17760 17760 17760 17760 17760 17760 17760 17760 17760 10236 29076 29076 29076 29076 29076 29076 29076 29076 29076 29076 20018 
34260 34260 34260 34260 34260 34260 34260 34260 34260 34260 24530 13440 13440 13440 13440 13440 13440 13440 13440 13440 13440 6048 
28812 28812 28812 28812 28812 28812 28812 28812 28812 28812 19808 30724 30724 30724 30724 30724 30724 30724 30724 30724 30724 22524 
30468 30468 30468 30468 30468 30468 30468 30468 30468 30468 20672 27556 27556 27556 27556 27556 27556 27556 27556 27556 27556 18564 
31732 31732 31732 31732 31732 31732 31732 31732 31732 31732 22992 22348 22348 22348 22348 22348 22348 22348 22348 22348 22348 14412 
30572 30572 30572 30572 30572 30572 30572 30572 30572 30572 20908 32540 32540 32540 32540 32540 32540 32540 32540 32540 32540 23680 
33324 33324 33324 33324 33324 33324 33324 33324 33324 33324 24254 35276 35276 35276 35276 35276 35276 35276 35276 35276 35276 27010 
29340 29340 29340 29340 29340 29340 29340 29340 29340 29340 19346 31260 31260 31260 31260 31260 31260 31260 31260 31260 31260 22070 
30588 30588 30588 30588 30588 30588 30588 30588 30588 30588 20726 27676 27676 27676 27676 27676 27676 27676 27676 27676 27676 18618 
28876 28876 28876 28876 28876 28876 28876 28876 28876 28876 19476 29236 29236 29236 29236 29236 29236 29236 29236 29236 29236 20640 
30540 30540 30540 30540 30540 30540 30540 30540 30540 30540 21140 32420 32420 32420 32420 32420 32420 32420 32420 32420 32420 23824 
33340 33340 33340 33340 33340 33340 33340 33340 33340 33340 23676 35316 35316 35316 35316 35316 35316 35316 35316 35316 35316 26456 
29940 29940 29940 29940 29940 29940 29940 29940 29940 29940 20870 31820 31820 31820 31820 31820 31820 31820 31820 31820 31820 23554 
16560 16560 16560 16560 16560 16560 16560 16560 16560 16560 9696 27876 27876 27876 27876 27876 27876 27876 27876 27876 27876 19478 
29380 29380 29380 29380 29380 29380 29380 29380 29380 29380 19518 31236 31236 31236 31236 31236 31236 31236 31236 31236 31236 22178 
27540 27540 27540 27540 27540 27540 27540 27540 27540 27540 18536 29460 29460 29460 29460 29460 29460 29460 29460 29460 29460 21260 
30668 30668 30668 30668 30668 30668 30668 30668 30668 30668 21796 32404 32404 32404 32404 32404 32404 32404 32404 32404 32404 24336 
29172 29172 29172 29172 29172 29172 29172 29172 29172 29172 19970 31084 31084 31084 31084 31084 31084 31084 31084 31084 31084 22686 
31276 31276 31276 31276 31276 31276 31276 31276 31276 31276 21282 28444 28444 28444 28444 28444 28444 28444 28444 28444 28444 19254 
28260 28260 28260 28260 28260 28260 28260 28260 28260 28260 18860 30180 30180 30180 30180 30180 30180 30180 30180 30180 30180 21584 
30588 30588 30588 30588 30588 30588 30588 30588 30588 30588 21188 32348 32348 32348 32348 32348 32348 32348 32348 32348 32348 23752 
31268 31268 31268 31268 31268 31268 31268 31268 31268 31268 22066 33004 33004 33004 33004 33004 33004 33004 33004 33004 33004 24606 
30060 30060 30060 30060 30060 30060 30060 30060 30060 30060 20924 31940 31940 31940 31940 31940 31940 31940 31940 31940 31940 23608 
28684 28684 28684 28684 28684 28684 28684 28684 28684 28684 19680 25580 25580 25580 25580 25580 25580 25580 25580 25580 25580 17380 
32220 32220 32220 32220 32220 32220 32220 32220 32220 32220 21896 34100 34100 34100 34100 34100 34100 34100 34100 34100 34100 24580 
29988 29988 29988 29988 29988 29988 29988 29988 29988 29988 21248 31732 31732 31732 31732 31732 31732 31732 31732 31732 31732 23796 
33892 33892 33892 33892 33892 33892 33892 33892 33892 33892 23964 24508 24508 24508 24508 24508 24508 24508 24508 24508 24508 15384 
30660 30660 30660 30660 30660 30660 30660 30660 30660 30660 21194 32540 32540 32540 32540 32540 32540 32540 32540 32540 32540 23878 
28420 28420 28420 28420 28420 28420 28420 28420 28420 28420 19086 30276 30276 30276 30276 30276 30276 30276 30276 30276 30276 21746 
30348 30348 30348 30348 30348 30348 30348 30348 30348 30348 21080 32108 32108 32108 32108 32108 32108 32108 32108 32108 32108 23644 
29380 29380 29380 29380 29380 29380 29380 29380 29380 29380 19518 31236 31236 31236 31236 31236 31236 31236 31236 31236 31236 22178 
30420 30420 30420 30420 30420 30420 30420 30420 30420 30420 21086 32300 32300 32300 32300 32300 32300 32300 32300 32300 32300 23770 
29412 29412 29412 29412 29412 29412 29412 29412 29412 29412 20078 31324 31324 31324 31324 31324 31324 31324 31324 31324 31324 22794 
29388 29388 29388 29388 29388 29388 29388 29388 29388 29388 20186 26476 26476 26476 26476 26476 26476 26476 26476 26476 26476 18078 
30828 30828 30828 30828 30828 30828 30828 30828 30828 30828 21296 32588 32588 32588 32588 32588 32588 32588 32588 32588 32588 23860 
29388 29388 29388 29388 29388 29388 29388 29388 29388 29388 20186 26476 26476 26476 26476 26476 26476 26476 26476 26476 26476 18078 
11880 11880 11880 11880 11880 11880 11880 11880 11880 11880 5346 27876 27876 27876 27876 27876 27876 27876 27876 27876 27876 19808 
34404 34404 34404 34404 34404 34404 34404 34404 34404 34404 24740 36356 36356 36356 36356 36356 36356 36356 36356 36356 36356 27496 
33540 33540 33540 33540 33540 33540 33540 33540 33540 33540 24206 12720 12720 12720 12720 12720 12720 12720 12720 12720 12720 5724 
33548 33548 33548 33548 33548 33548 33548 33548 33548 33548 23950 35516 35516 35516 35516 35516 35516 35516 35516 35516 35516 26722 
32708 32708 32708 32708 32708 32708 32708 32708 32708 32708 23572 34676 34676 34676 34676 34676 34676 34676 34676 34676 34676 26344 
31548 31548 31548 31548 31548 31548 31548 31548 31548 31548 21950 33292 33292 33292 33292 33292 33292 33292 33292 33292 33292 24498 
32268 32268 32268 32268 32268 32268 32268 32268 32268 32268 22274 34012 34012 34012 34012 34012 34012 34012 34012 34012 34012 24822 
29764 29764 29764 29764 29764 29764 29764 29764 29764 29764 20166 26660 26660 26660 26660 26660 26660 26660 26660 26660 26660 17866 
29716 29716 29716 29716 29716 29716 29716 29716 29716 29716 20580 26884 26884 26884 26884 26884 26884 26884 26884 26884 26884 18552 
30348 30348 30348 30348 30348 30348 30348 30348 30348 30348 20618 27436 27436 27436 27436 27436 27436 27436 27436 27436 27436 18510 
28540 28540 28540 28540 28540 28540 28540 28540 28540 28540 19140 30396 30396 30396 30396 30396 30396 30396 30396 30396 30396 21800 
31972 31972 31972 31972 31972 31972 31972 31972 31972 31972 23100 22588 22588 22588 22588 22588 22588 22588 22588 22588 22588 14520 
33532 33532 33532 33532 33532 33532 33532 33532 33532 33532 23802 24148 24148 24148 24148 24148 24148 24148 24148 24148 24148 15222 
28572 28572 28572 28572 28572 28572 28572 28572 28572 28572 19700 30484 30484 30484 30484 30484 30484 30484 30484 30484 30484 22416 
30108 30108 30108 30108 30108 30108 30108 30108 30108 30108 20972 31868 31868 31868 31868 31868 31868 31868 31868 31868 31868 23536 
31548 31548 31548 31548 31548 31548 31548 31548 31548 31548 21620 33308 33308 33308 33308 33308 33308 33308 33308 33308 33308 24184 
34260 34260 34260 34260 34260 34260 34260 34260 34260 34260 24530 13440 13440 13440 13440 13440 13440 13440 13440 13440 13440 6048 
34764 34764 34764 34764 34764 34764 34764 34764 34764 34764 24902 36716 36716 36716 36716 36716 36716 36716 36716 36716 36716 27658 
29020 29020 29020 29020 29020 29020 29020 29020 29020 29020 19356 30964 30964 30964 30964 30964 30964 30964 30964 30964 30964 22104 
33052 33052 33052 33052 33052 33052 33052 33052 33052 33052 23586 23668 23668 23668 23668 23668 23668 23668 23668 23668 23668 15006 
16440 16440 16440 16440 16440 16440 16440 16440 16440 16440 9642 27756 27756 27756 27756 27756 27756 27756 27756 27756 27756 19424 
31740 31740 31740 31740 31740 31740 31740 31740 31740 31740 21680 33620 33620 33620 33620 33620 33620 33620 33620 33620 33620 24364 
33180 33180 33180 33180 33180 33180 33180 33180 33180 33180 24044 12360 12360 12360 12360 12360 12360 12360 12360 12360 12360 5562 
32468 32468 32468 32468 32468 32468 32468 32468 32468 32468 22606 34204 34204 34204 34204 34204 34204 34204 34204 34204 34204 25146 
30828 30828 30828 30828 30828 30828 30828 30828 30828 30828 21626 32572 32572 32572 32572 32572 32572 32572 32572 32572 32572 24174 
33940 33940 33940 33940 33940 33940 33940 33940 33940 33940 23946 35916 35916 35916 35916 35916 35916 35916 35916 35916 35916 26726 
28444 28444 28444 28444 28444 28444 28444 28444 28444 28444 19572 25340 25340 25340 25340 25340 25340 25340 25340 25340 25340 17272 
29580 29580 29580 29580 29580 29580 29580 29580 29580 29580 20708 31460 31460 31460 31460 31460 31460 31460 31460 31460 31460 23392 
29404 29404 29404 29404 29404 29404 29404 29404 29404 29404 20004 26300 26300 26300 26300 26300 26300 26300 26300 26300 26300 17704 
34164 34164 34164 34164 34164 34164 34164 34164 34164 34164 24632 36116 36116 36116 36116 36116 36116 36116 36116 36116 36116 27388 
28332 28332 28332 28332 28332 28332 28332 28332 28332 28332 19592 30244 30244 30244 30244 30244 30244 30244 30244 30244 30244 22308 
]

ExternalWorkerWithSkillOnStintCost: [
42480 35280 29016 34776 40968 30600 39888 43056 40248 34632 29460 30168 29808 36000 36432 33192 40824 32400 37152 36504 42696 31500 
32544 31392 35784 42120 32328 31032 30168 39384 34920 30312 26400 37296 37440 37584 29016 32904 35568 34488 42120 31392 30096 29040 
34776 33840 28872 29448 39528 39528 32184 42552 36144 37800 31260 32976 38664 34272 34272 29880 39240 34344 30888 39096 29016 30360 
31896 29232 31176 39960 36000 34344 41688 32112 41328 32112 30720 32256 34416 34848 30096 41616 42048 38880 37224 34848 40248 29220 
]

OverlappingStints: [
[ 2 12 13 ]
[ 3 12 13 14 ]
[ 4 13 14 15 ]
[ 5 14 15 16 ]
[ 6 15 16 17 ]
[ 7 16 17 18 ]
[ 8 17 18 19 ]
[ 9 18 19 20 ]
[ 10 19 20 21 ]
[ 11 20 21 22 ]
[ 21 22 ]
[ 13 ]
[ 14 ]
[ 15 ]
[ 16 ]
[ 17 ]
[ 18 ]
[ 19 ]
[ 20 ]
[ 21 ]
[ 22 ]
[ ]
]

EmployeesWithSkill: [
[ 1 2 3 4 5 6 7 8 9 10 11 12 13 14 15 16 17 18 19 20 21 22 23 24 25 26 27 28 29 30 31 32 33 34 35 36 37 38 39 40 41 42 43 44 45 46 47 48 49 50 51 52 53 54 55 56 57 58 59 60 61 62 63 64 65 66 67 68 69 70 71 72 73 74 75 76 77 78 79 80 81 82 83 84 85 86 87 88 89 90 ]
[ 2 7 10 14 16 25 27 33 38 42 47 48 52 53 63 70 77 ]
[ 1 2 3 4 5 6 7 9 10 11 13 15 16 17 18 19 20 21 22 23 24 25 26 27 28 29 30 31 32 33 34 35 36 37 38 39 40 41 42 44 45 46 47 48 50 51 52 53 54 55 56 57 58 60 61 62 63 64 65 66 68 69 70 71 72 73 74 75 76 80 81 82 83 84 85 86 87 88 89 90 ]
[ 2 3 9 11 13 18 19 20 21 22 24 30 31 32 36 37 41 42 43 45 46 48 50 51 53 54 56 58 60 61 65 68 71 73 75 77 78 79 81 82 84 86 89 ]
]

SkillDemandInActivityWithMode: [
0	
6	
22	
12	
22	
22	
10	
14	
22	
11	
12	
10	
13	
18	
17	
22	
18	
11	
24	
18	
22	
9	
4	
17	
17	
18	
12	
9	
7	
20	
11	
5	
11	
4	
18	
0	
5	
1	
4	
5	
5	
2	
1	
4	
3	
3	
2	
3	
3	
5	
3	
2	
3	
5	
2	
5	
5	
4	
3	
1	
1	
3	
3	
2	
2	
3	
5	
3	
4	
2	
2	
2	
4	
1	
3	
4	
3	
4	
1	
4	

0	
0	
2	
1	
2	
2	
1	
1	
2	
1	
1	
1	
1	
2	
2	
2	
2	
1	
3	
2	
2	
1	
0	
2	
2	
2	
1	
1	
0	
2	
1	
0	
1	
0	
2	
0	
1	
0	
1	
1	
1	
0	
0	
1	
1	
1	
0	
1	
1	
1	
0	
0	
1	
1	
0	
1	
1	
1	
1	
0	
0	
1	
1	
0	
0	
1	
1	
0	
1	
0	
0	
0	
1	
0	
1	
1	
1	
1	
0	
1	

0	
4	
16	
8	
16	
16	
6	
10	
16	
8	
8	
7	
9	
13	
12	
16	
13	
7	
18	
13	
16	
6	
2	
12	
12	
13	
9	
6	
4	
14	
7	
3	
8	
2	
13	
0	
5	
1	
5	
5	
5	
2	
0	
5	
3	
3	
1	
3	
3	
5	
2	
1	
3	
5	
2	
5	
5	
4	
3	
0	
1	
3	
3	
2	
1	
3	
5	
3	
5	
1	
1	
2	
5	
1	
3	
5	
3	
5	
0	
5	

0	
2	
10	
5	
10	
10	
4	
6	
10	
5	
5	
4	
6	
8	
7	
10	
8	
4	
11	
8	
10	
4	
1	
7	
7	
8	
5	
4	
3	
9	
4	
2	
5	
1	
8	
0	
2	
0	
1	
2	
2	
0	
0	
1	
1	
1	
0	
1	
1	
2	
1	
0	
1	
2	
0	
2	
2	
1	
1	
0	
0	
1	
1	
0	
0	
1	
2	
1	
1	
0	
0	
0	
1	
0	
1	
1	
1	
1	
0	
1	

]

EmployeeAvailability: [
1 1 1 1 1 1 1 1 0 1 1 1 1 1 1 1 1 1 1 0 1 1 
1 1 1 1 1 1 1 1 1 1 1 1 1 1 1 1 1 1 1 1 1 1 
1 1 1 1 1 1 1 1 1 1 0 1 1 1 1 1 1 1 1 1 1 0 
1 1 0 1 1 1 1 1 1 1 1 1 1 0 1 1 1 1 1 1 1 1 
0 1 0 1 1 1 1 1 1 1 1 0 1 0 1 1 1 1 1 1 1 1 
1 0 1 1 1 1 1 1 0 1 0 1 0 1 1 1 1 1 1 0 1 0 
1 0 1 1 1 1 1 1 1 1 1 1 0 1 1 1 1 1 1 1 1 1 
1 1 0 1 1 1 1 1 1 1 1 1 1 0 1 1 1 1 1 1 1 1 
1 1 1 1 1 1 1 1 0 1 0 1 1 1 1 1 1 1 1 0 1 0 
1 1 1 1 1 1 0 1 1 1 0 1 1 1 1 1 1 0 1 1 1 0 
1 1 1 0 0 1 1 0 1 1 1 1 1 1 0 0 1 1 0 1 1 1 
1 1 1 1 1 1 1 1 1 1 1 1 1 1 1 1 1 1 1 1 1 1 
1 1 1 1 1 1 1 0 1 1 1 1 1 1 1 1 1 1 0 1 1 1 
1 1 1 1 1 1 0 1 0 1 1 1 1 1 1 1 1 0 1 0 1 1 
1 1 1 1 0 0 1 1 1 1 1 1 1 1 1 0 0 1 1 1 1 1 
0 1 1 1 1 1 1 0 1 1 1 0 1 1 1 1 1 1 0 1 1 1 
0 1 1 1 1 1 1 1 1 1 1 0 1 1 1 1 1 1 1 1 1 1 
1 0 0 1 1 1 1 1 1 1 1 1 0 0 1 1 1 1 1 1 1 1 
1 1 0 1 0 1 0 1 1 1 1 1 1 0 1 0 1 0 1 1 1 1 
1 1 1 1 1 1 1 1 1 1 0 1 1 1 1 1 1 1 1 1 1 0 
1 1 1 1 1 1 1 0 1 1 1 1 1 1 1 1 1 1 0 1 1 1 
1 1 1 0 1 1 1 1 1 1 1 1 1 1 0 1 1 1 1 1 1 1 
1 1 1 1 1 1 1 1 0 0 1 1 1 1 1 1 1 1 1 0 0 1 
1 1 1 0 0 1 1 1 1 1 1 1 1 1 0 0 1 1 1 1 1 1 
1 1 1 1 1 1 1 1 0 1 1 1 1 1 1 1 1 1 1 0 1 1 
0 1 1 1 1 1 1 1 1 1 1 0 1 1 1 1 1 1 1 1 1 1 
1 1 1 1 1 1 1 1 1 1 1 1 1 1 1 1 1 1 1 1 1 1 
1 0 1 1 1 1 1 1 0 1 1 1 0 1 1 1 1 1 1 0 1 1 
0 1 1 0 1 1 1 0 1 1 1 0 1 1 0 1 1 1 0 1 1 1 
1 1 1 1 1 1 1 1 1 1 1 1 1 1 1 1 1 1 1 1 1 1 
1 1 1 1 1 1 1 1 1 1 1 1 1 1 1 1 1 1 1 1 1 1 
0 1 1 0 1 1 1 1 1 1 1 0 1 1 0 1 1 1 1 1 1 1 
1 0 1 1 0 1 1 1 1 1 1 1 0 1 1 0 1 1 1 1 1 1 
1 1 1 1 0 1 1 1 0 1 1 1 1 1 1 0 1 1 1 0 1 1 
1 1 1 1 1 1 1 1 0 1 1 1 1 1 1 1 1 1 1 0 1 1 
1 0 1 1 1 1 1 1 0 0 1 1 0 1 1 1 1 1 1 0 0 1 
1 1 1 1 1 1 1 1 1 1 0 1 1 1 1 1 1 1 1 1 1 0 
1 1 1 1 0 1 1 1 1 1 0 1 1 1 1 0 1 1 1 1 1 0 
1 1 1 1 1 1 0 1 1 1 1 1 1 1 1 1 1 0 1 1 1 1 
1 0 0 1 1 1 0 1 1 1 1 1 0 0 1 1 1 0 1 1 1 1 
1 1 1 1 1 1 1 1 1 1 0 1 1 1 1 1 1 1 1 1 1 0 
1 1 1 1 1 0 1 1 1 1 1 1 1 1 1 1 0 1 1 1 1 1 
1 1 1 1 0 1 1 0 1 1 1 1 1 1 1 0 1 1 0 1 1 1 
1 1 1 1 0 1 1 1 1 1 1 1 1 1 1 0 1 1 1 1 1 1 
1 0 1 1 1 0 1 1 1 1 1 1 0 1 1 1 0 1 1 1 1 1 
1 1 1 1 1 1 1 1 1 1 0 1 1 1 1 1 1 1 1 1 1 0 
1 1 1 1 1 1 1 1 1 1 1 1 1 1 1 1 1 1 1 1 1 1 
0 1 1 1 1 1 1 1 1 1 0 0 1 1 1 1 1 1 1 1 1 0 
0 1 1 1 0 1 1 1 1 1 1 0 1 1 1 0 1 1 1 1 1 1 
1 1 1 1 1 1 1 1 1 1 1 1 1 1 1 1 1 1 1 1 1 1 
1 1 1 0 1 1 1 1 1 1 1 1 1 1 0 1 1 1 1 1 1 1 
1 1 0 0 1 1 0 1 1 1 1 1 1 0 0 1 1 0 1 1 1 1 
0 1 1 1 1 1 1 1 1 0 1 0 1 1 1 1 1 1 1 1 0 1 
1 1 1 1 1 1 1 0 0 1 0 1 1 1 1 1 1 1 0 0 1 0 
1 1 1 1 1 1 1 1 1 0 1 1 1 1 1 1 1 1 1 1 0 1 
1 1 1 1 1 1 1 1 1 1 1 1 1 1 1 1 1 1 1 1 1 1 
1 1 1 0 1 1 0 1 1 1 1 1 1 1 0 1 1 0 1 1 1 1 
1 1 1 1 1 1 1 1 0 1 1 1 1 1 1 1 1 1 1 0 1 1 
0 1 1 1 1 0 1 1 1 1 1 0 1 1 1 1 0 1 1 1 1 1 
0 1 1 1 1 1 1 0 1 1 1 0 1 1 1 1 1 1 0 1 1 1 
1 1 1 1 1 1 1 1 1 1 1 1 1 1 1 1 1 1 1 1 1 1 
1 1 1 0 0 1 1 0 1 1 1 1 1 1 0 0 1 1 0 1 1 1 
1 1 0 1 0 1 1 1 1 1 1 1 1 0 1 0 1 1 1 1 1 1 
1 1 1 0 1 1 1 1 1 1 1 1 1 1 0 1 1 1 1 1 1 1 
1 0 1 1 1 1 1 0 1 1 1 1 0 1 1 1 1 1 0 1 1 1 
0 1 1 1 1 1 1 1 1 1 0 0 1 1 1 1 1 1 1 1 1 0 
1 1 1 0 1 1 1 1 1 1 1 1 1 1 0 1 1 1 1 1 1 1 
1 0 1 1 1 1 1 1 1 1 1 1 0 1 1 1 1 1 1 1 1 1 
1 1 1 1 1 1 1 1 1 1 1 1 1 1 1 1 1 1 1 1 1 1 
1 1 1 0 1 0 1 1 1 1 1 1 1 1 0 1 0 1 1 1 1 1 
1 0 1 1 1 1 1 1 0 1 1 1 0 1 1 1 1 1 1 0 1 1 
1 0 1 1 0 1 0 1 1 1 1 1 0 1 1 0 1 0 1 1 1 1 
1 1 1 1 1 1 1 0 1 0 1 1 1 1 1 1 1 1 0 1 0 1 
1 1 0 1 1 1 1 1 1 1 1 1 1 0 1 1 1 1 1 1 1 1 
0 1 1 1 1 0 1 0 1 1 1 0 1 1 1 1 0 1 0 1 1 1 
0 1 1 1 1 1 1 1 1 1 1 0 1 1 1 1 1 1 1 1 1 1 
1 1 1 1 1 1 1 1 1 1 1 1 1 1 1 1 1 1 1 1 1 1 
1 1 1 0 1 1 1 1 1 1 0 1 1 1 0 1 1 1 1 1 1 0 
1 1 1 1 1 1 1 1 0 1 1 1 1 1 1 1 1 1 1 0 1 1 
1 0 0 1 1 1 1 1 1 1 1 1 0 0 1 1 1 1 1 1 1 1 
1 1 1 1 1 1 1 0 1 1 1 1 1 1 1 1 1 1 0 1 1 1 
0 1 1 0 1 1 1 1 1 1 1 0 1 1 0 1 1 1 1 1 1 1 
1 1 0 1 1 1 1 0 1 1 1 1 1 0 1 1 1 1 0 1 1 1 
1 1 1 1 1 1 1 1 0 1 1 1 1 1 1 1 1 1 1 0 1 1 
1 1 1 1 1 1 1 1 1 1 1 1 1 1 1 1 1 1 1 1 1 1 
1 1 1 1 0 1 1 0 1 1 1 1 1 1 1 0 1 1 0 1 1 1 
1 1 1 0 1 1 0 1 0 1 1 1 1 1 0 1 1 0 1 0 1 1 
1 1 1 1 1 1 1 1 1 1 1 1 1 1 1 1 1 1 1 1 1 1 
1 1 1 1 1 1 1 0 1 1 0 1 1 1 1 1 1 1 0 1 1 0 
1 1 1 1 0 1 1 1 1 1 1 1 1 1 1 0 1 1 1 1 1 1 
]

EmployeeWantedInStint: [ (3 16) 1 (4 15) 1 (10 21) 1 (11 16) 1 (11 20) 1 (15 18) 1 (16 10) 1 (17 4) 1 (17 15) 1 (19 3) 1 (19 11) 1 (19 20) 1 (22 4) 1 (24 14) 1 (32 21) 1 (33 16) 1 (39 13) 1 (42 9) 1 (45 3) 1 (46 9) 1 (53 21) 1 (60 8) 1 (60 18) 1 (61 9) 1 (62 8) 1 (64 1) 1 (64 16) 1 (67 12) 1 (68 19) 1 (69 21) 1 (77 13) 1 (78 3) 1 (80 4) 1 (82 16) 1 (83 12) 1 (84 13) 1 (86 1) 1 (87 15) 1 ]

EmployeeWantedViolationCost: [ (3 16) 5000 (4 15) 11000 (10 21) 7000 (11 16) 9000 (11 20) 14000 (15 18) 9000 (16 10) 10000 (17 4) 13000 (17 15) 8000 (19 3) 10000 (19 11) 15000 (19 20) 9000 (22 4) 14000 (24 14) 10000 (32 21) 14000 (33 16) 7000 (39 13) 6000 (42 9) 14000 (45 3) 5000 (46 9) 6000 (53 21) 14000 (60 8) 7000 (60 18) 15000 (61 9) 6000 (62 8) 7000 (64 1) 13000 (64 16) 11000 (67 12) 14000 (68 19) 7000 (69 21) 9000 (77 13) 6000 (78 3) 8000 (80 4) 14000 (82 16) 10000 (83 12) 13000 (84 13) 10000 (86 1) 11000 (87 15) 7000 ]

EmployeesThatShouldNotWorkTogetherWithEmployee: [
[ 64 ]
[ 53 62 ]
[ 34 35 37 39 ]
[ 47 54 60 63 ]
[ 35 80 ]
[ 14 38 70 80 ]
[ 22 ]
[ 26 31 57 76 80 89 ]
[ 22 32 48 ]
[ 18 ]
[ 27 38 64 86 ]
[ 43 50 ]
[ 69 73 ]
[ 25 32 48 77 ]
[ 19 42 44 87 ]
[ 32 70 81 86 ]
[ 27 86 ]
[ 21 23 ]
[ 42 54 56 86 ]
[ 32 39 51 66 77 87 ]
[ 82 86 ]
[ 41 45 48 80 85 86 ]
[ 32 34 ]
[ 28 ]
[ 76 89 ]
[ 65 86 87 ]
[ 54 ]
[ 29 49 52 57 73 ]
[ 41 55 82 ]
[ 34 57 67 83 ]
[ 45 46 67 86 ]
[ 49 ]
[ 46 74 ]
[ 38 64 78 ]
[ 62 83 ]
[ 39 71 76 ]
[ 73 ]
[ 47 85 ]
[ 41 64 72 82 ]
[ 57 ]
[ 49 59 75 81 ]
[ 51 56 71 ]
[ 64 ]
[ 56 59 63 81 85 90 ]
[ 56 57 73 ]
[ 64 77 ]
[ 67 76 86 ]
[ 79 86 ]
[ 77 ]
[ 73 ]
[ ]
[ 55 79 ]
[ 74 81 ]
[ ]
[ 78 ]
[ 65 ]
[ 62 ]
[ 63 ]
[ 62 ]
[ 64 66 84 87 ]
[ 65 74 86 ]
[ 66 76 ]
[ 80 ]
[ 71 ]
[ ]
[ ]
[ ]
[ 69 ]
[ ]
[ 78 ]
[ ]
[ ]
[ 90 ]
[ ]
[ ]
[ ]
[ ]
[ ]
[ 81 ]
[ 89 ]
[ ]
[ ]
[ ]
[ ]
[ ]
[ ]
[ ]
[ ]
[ ]
[ ]
]

ShouldNotWorkTogetherCost: [ (1 64) 396 (2 53) 297 (2 62) 99 (3 34) 198 (3 35) 396 (3 37) 198 (3 39) 99 (4 47) 99 (4 54) 99 (4 60) 198 (4 63) 198 (5 35) 297 (5 80) 297 (6 14) 297 (6 38) 198 (6 70) 99 (6 80) 198 (7 22) 297 (8 26) 396 (8 31) 396 (8 57) 198 (8 76) 297 (8 80) 396 (8 89) 99 (9 22) 396 (9 32) 297 (9 48) 396 (10 18) 396 (11 27) 396 (11 38) 297 (11 64) 99 (11 86) 396 (12 43) 297 (12 50) 396 (13 69) 396 (13 73) 396 (14 25) 198 (14 32) 297 (14 48) 198 (14 77) 297 (15 19) 99 (15 42) 396 (15 44) 297 (15 87) 99 (16 32) 198 (16 70) 396 (16 81) 297 (16 86) 99 (17 27) 396 (17 86) 396 (18 21) 99 (18 23) 396 (19 42) 297 (19 54) 198 (19 56) 198 (19 86) 198 (20 32) 198 (20 39) 396 (20 51) 396 (20 66) 297 (20 77) 396 (20 87) 99 (21 82) 198 (21 86) 396 (22 41) 297 (22 45) 198 (22 48) 297 (22 80) 297 (22 85) 198 (22 86) 99 (23 32) 198 (23 34) 396 (24 28) 297 (25 76) 297 (25 89) 297 (26 65) 198 (26 86) 99 (26 87) 297 (27 54) 198 (28 29) 99 (28 49) 297 (28 52) 198 (28 57) 198 (28 73) 198 (29 41) 198 (29 55) 396 (29 82) 198 (30 34) 396 (30 57) 99 (30 67) 396 (30 83) 99 (31 45) 297 (31 46) 198 (31 67) 396 (31 86) 297 (32 49) 396 (33 46) 99 (33 74) 198 (34 38) 396 (34 64) 396 (34 78) 198 (35 62) 396 (35 83) 396 (36 39) 198 (36 71) 198 (36 76) 297 (37 73) 297 (38 47) 99 (38 85) 99 (39 41) 297 (39 64) 297 (39 72) 396 (39 82) 396 (40 57) 297 (41 49) 297 (41 59) 396 (41 75) 198 (41 81) 396 (42 51) 198 (42 56) 198 (42 71) 396 (43 64) 396 (44 56) 396 (44 59) 297 (44 63) 198 (44 81) 198 (44 85) 198 (44 90) 297 (45 56) 297 (45 57) 198 (45 73) 297 (46 64) 198 (46 77) 99 (47 67) 198 (47 76) 396 (47 86) 198 (48 79) 297 (48 86) 396 (49 77) 99 (50 73) 297 (52 55) 99 (52 79) 396 (53 74) 99 (53 81) 396 (55 78) 396 (56 65) 198 (57 62) 198 (58 63) 396 (59 62) 396 (60 64) 297 (60 66) 396 (60 84) 396 (60 87) 297 (61 65) 297 (61 74) 99 (61 86) 99 (62 66) 198 (62 76) 99 (63 80) 297 (64 71) 297 (68 69) 297 (70 78) 198 (73 90) 297 (79 81) 297 (80 89) 297 ]

ImmediatePredecessorsToActivity: [
[ ]
[ 1 ]
[ 1 ]
[ 1 ]
[ 1 ]
[ 1 ]
[ 2 ]
[ 7 ]
[ 4 6 ]
[ 2 5 ]
[ 5 ]
[ 2 3 11 ]
[ 7 ]
[ 7 9 10 12 ]
[ 3 7 ]
[ 6 7 ]
[ 3 7 ]
[ 3 9 10 ]
[ 12 16 ]
[ 9 10 ]
[ 2 ]
[ 4 ]
[ 4 ]
[ 6 22 ]
[ 2 3 24 ]
[ 10 11 ]
[ 3 4 6 7 10 ]
[ 4 5 6 ]
[ 4 ]
[ 3 ]
[ 21 24 ]
[ 1 ]
[ 3 6 10 22 32 ]
[ 3 ]
[ 4 5 30 ]
[ ]
[ 36 ]
[ 36 ]
[ 36 ]
[ 38 ]
[ 36 ]
[ 39 40 ]
[ 37 ]
[ 37 ]
[ 36 ]
[ 40 44 ]
[ 36 ]
[ 46 47 ]
[ 40 ]
[ 37 38 46 ]
[ 39 40 ]
[ 37 47 ]
[ 40 ]
[ 37 38 46 47 51 ]
[ 39 40 41 44 ]
[ 39 44 52 53 ]
[ 36 ]
[ 42 44 45 53 ]
[ 36 ]
[ 39 41 59 ]
[ 39 ]
[ 39 46 49 ]
[ 41 49 51 52 59 ]
[ 37 38 47 ]
[ 40 44 52 59 ]
[ 39 41 46 53 59 ]
[ 38 39 46 47 57 59 ]
[ 53 57 60 61 ]
[ 38 42 52 ]
[ 38 45 47 61 ]
[ 38 52 61 ]
[ 37 41 59 ]
[ 37 41 45 51 ]
[ 36 ]
[ 53 61 72 ]
[ 44 45 49 51 52 ]
[ 38 57 74 ]
[ 42 43 46 49 52 61 72 ]
[ 39 41 44 59 ]
[ 37 41 74 ]
]

ActivitiesInProject: [
[ 1 2 3 4 5 6 7 8 9 10 11 12 13 14 15 16 17 18 19 20 21 22 23 24 25 26 27 28 29 30 31 32 33 34 35 ]
[ 36 37 38 39 40 41 42 43 44 45 46 47 48 49 50 51 52 53 54 55 56 57 58 59 60 61 62 63 64 65 66 67 68 69 70 71 72 73 74 75 76 77 78 79 80 ]
]

nActivityModes: [ 1 1 1 1 1 1 1 1 1 1 1 1 1 1 1 1 1 1 1 1 1 1 1 1 1 1 1 1 1 1 1 1 1 1 1 1 1 1 1 1 1 1 1 1 1 1 1 1 1 1 1 1 1 1 1 1 1 1 1 1 1 1 1 1 1 1 1 1 1 1 1 1 1 1 1 1 1 1 1 1 ]

ActivitiyDurationWithMode: [
1	
41	
10	
19	
10	
10	
24	
16	
10	
20	
19	
22	
17	
12	
13	
10	
12	
21	
9	
12	
10	
24	
61	
13	
13	
12	
18	
24	
34	
11	
21	
50	
20	
71	
12	
1	
12	
60	
13	
12	
12	
25	
85	
13	
18	
18	
35	
20	
21	
12	
23	
37	
18	
12	
31	
12	
12	
15	
18	
71	
52	
17	
17	
26	
39	
19	
12	
21	
13	
42	
38	
30	
13	
49	
17	
13	
18	
12	
83	
12	
]
StintsInProject: [
[ 1 2 3 4 5 6 7 8 9 10 11 ]
[ 12 13 14 15 16 17 18 19 20 21 22 ]
]

WorkingStintsOnDay: [
[ 1 12 ]
[ 1 12 ]
[ 1 12 ]
[ 1 12 ]
[ 1 12 ]
[ 1 12 ]
[ 1 12 ]
[ 1 12 ]
[ 1 12 ]
[ 1 12 ]
[ 1 12 ]
[ 1 12 ]
[ ]
[ ]
[ 2 13 ]
[ 2 13 ]
[ 2 13 ]
[ 2 13 ]
[ 2 13 ]
[ 2 13 ]
[ 2 13 ]
[ 2 13 ]
[ 2 13 ]
[ 2 13 ]
[ 2 13 ]
[ 2 13 ]
[ ]
[ ]
[ 3 14 ]
[ 3 14 ]
[ 3 14 ]
[ 3 14 ]
[ 3 14 ]
[ 3 14 ]
[ 3 14 ]
[ 3 14 ]
[ 3 14 ]
[ 3 14 ]
[ 3 14 ]
[ 3 14 ]
[ ]
[ ]
[ 4 15 ]
[ 4 15 ]
[ 4 15 ]
[ 4 15 ]
[ 4 15 ]
[ 4 15 ]
[ 4 15 ]
[ 4 15 ]
[ 4 15 ]
[ 4 15 ]
[ 4 15 ]
[ 4 15 ]
[ ]
[ ]
[ 5 16 ]
[ 5 16 ]
[ 5 16 ]
[ 5 16 ]
[ 5 16 ]
[ 5 16 ]
[ 5 16 ]
[ 5 16 ]
[ 5 16 ]
[ 5 16 ]
[ 5 16 ]
[ 5 16 ]
[ ]
[ ]
[ 6 17 ]
[ 6 17 ]
[ 6 17 ]
[ 6 17 ]
[ 6 17 ]
[ 6 17 ]
[ 6 17 ]
[ 6 17 ]
[ 6 17 ]
[ 6 17 ]
[ 6 17 ]
[ 6 17 ]
[ ]
[ ]
[ 7 18 ]
[ 7 18 ]
[ 7 18 ]
[ 7 18 ]
[ 7 18 ]
[ 7 18 ]
[ 7 18 ]
[ 7 18 ]
[ 7 18 ]
[ 7 18 ]
[ 7 18 ]
[ 7 18 ]
[ ]
[ ]
[ 8 19 ]
[ 8 19 ]
[ 8 19 ]
[ 8 19 ]
[ 8 19 ]
[ 8 19 ]
[ 8 19 ]
[ 8 19 ]
[ 8 19 ]
[ 8 19 ]
[ 8 19 ]
[ 8 19 ]
[ ]
[ ]
[ 9 20 ]
[ 9 20 ]
[ 9 20 ]
[ 9 20 ]
[ 9 20 ]
[ 9 20 ]
[ 9 20 ]
[ 9 20 ]
[ 9 20 ]
[ 9 20 ]
[ 9 20 ]
[ 9 20 ]
[ ]
[ ]
[ 10 21 ]
[ 10 21 ]
[ 10 21 ]
[ 10 21 ]
[ 10 21 ]
[ 10 21 ]
[ 10 21 ]
[ 10 21 ]
[ 10 21 ]
[ 10 21 ]
[ 10 21 ]
[ 10 21 ]
[ ]
[ ]
[ 11 22 ]
[ 11 22 ]
[ 11 22 ]
[ 11 22 ]
[ 11 22 ]
[ 11 22 ]
[ 11 22 ]
[ 11 22 ]
[ 11 22 ]
[ 11 22 ]
]

ProjectStart: [ 39 2 ]

ProjectEnd: [ 140 133 ]

EarliestStartDayForActivity: [ 1 39 39 39 39 39 88 116 62 88 51 88 116 116 116 116 116 110 128 110 88 62 62 90 105 110 116 62 62 51 105 39 110 51 64 1 2 2 2 72 2 86 16 16 2 86 2 106 86 106 86 41 86 111 86 106 2 115 2 22 17 109 111 72 86 106 106 106 115 77 86 22 111 2 106 111 72 115 31 59 ]

LatestStartDayForActivity: [ 1 140 140 140 140 140 140 140 140 140 140 140 140 140 140 140 140 140 140 140 140 140 140 140 140 140 140 140 140 140 140 140 140 140 140 1 133 133 133 133 133 133 133 133 133 133 133 133 133 133 133 133 133 133 133 133 133 133 133 133 133 133 133 133 133 133 133 133 133 133 133 133 133 133 133 133 133 133 133 133 ]

EquipmentTypeDemandInActivityWithMode: [
0	
1	
0	
0	
0	
0	
1	
4	
1	
1	
2	
3	
2	
1	
0	
2	
0	
0	
1	
1	
0	
0	
4	
1	
2	
1	
0	
1	
0	
1	
1	
0	
3	
0	
0	
0	
1	
0	
0	
2	
2	
1	
1	
1	
0	
1	
1	
1	
1	
0	
1	
2	
0	
2	
2	
0	
0	
1	
2	
0	
2	
4	
1	
1	
0	
1	
1	
1	
1	
1	
2	
0	
1	
0	
1	
2	
1	
0	
1	
1	

0	
2	
0	
1	
1	
1	
0	
0	
1	
2	
1	
0	
1	
1	
0	
1	
0	
1	
0	
2	
0	
1	
0	
0	
1	
0	
0	
0	
0	
0	
1	
1	
2	
0	
0	
0	
3	
1	
0	
2	
1	
0	
0	
2	
0	
3	
0	
0	
1	
0	
1	
0	
0	
1	
0	
0	
0	
2	
0	
0	
1	
2	
4	
2	
1	
3	
0	
0	
0	
0	
1	
0	
2	
1	
0	
0	
0	
0	
1	
2	

0	
1	
1	
0	
1	
0	
1	
2	
2	
1	
1	
1	
1	
0	
0	
2	
3	
3	
1	
1	
1	
2	
3	
2	
0	
0	
0	
2	
1	
1	
0	
3	
0	
0	
2	
0	
0	
1	
1	
1	
4	
2	
1	
0	
1	
0	
0	
0	
1	
1	
0	
1	
1	
4	
0	
2	
0	
1	
3	
1	
2	
0	
1	
2	
1	
0	
3	
2	
1	
1	
2	
1	
2	
0	
2	
0	
1	
0	
0	
2	

0	
0	
0	
1	
1	
2	
1	
1	
1	
0	
0	
1	
0	
1	
1	
1	
1	
1	
0	
2	
1	
0	
0	
1	
1	
3	
2	
0	
0	
0	
1	
1	
1	
0	
1	
0	
0	
1	
0	
3	
2	
1	
2	
3	
2	
0	
0	
1	
1	
0	
0	
0	
1	
0	
0	
1	
1	
0	
0	
2	
1	
1	
1	
0	
0	
1	
0	
1	
0	
1	
1	
2	
1	
1	
1	
1	
0	
0	
2	
1	

0	
1	
3	
0	
3	
0	
0	
2	
1	
0	
0	
0	
2	
0	
2	
1	
0	
1	
1	
0	
3	
3	
1	
0	
2	
0	
1	
0	
2	
1	
1	
0	
2	
1	
3	
0	
0	
1	
3	
0	
0	
0	
1	
2	
1	
1	
1	
2	
0	
1	
1	
0	
1	
0	
1	
1	
2	
1	
1	
1	
1	
1	
0	
0	
2	
0	
0	
0	
0	
0	
0	
0	
0	
1	
1	
0	
1	
3	
3	
4	

]

ExternalEquipmentRentingCost: [
1298	2851	4769	2609	3114	5800	5132	3455	1776	2935	5523	4513	1889	5528	5355	5062	5270	3220	1975	2535	3524	5421	5374	5214	5547	4299	1026	5557	4150	4050	4199	3482	5725	5567	5911	2441	4549	1994	3611	3549	2736	4305	3496	3309	2905	3048	5976	4841	2302	5929	4907	1597	1928	2510	4373	1424	3393	3911	2404	5195	2690	5052	4134	1296	5391	2727	1274	2509	5308	5690	2908	4193	2403	3745	1416	1332	4013	5621	5153	3304	
1450	4236	3384	2306	5717	3944	5477	1605	5407	1602	4751	2448	5978	5236	3855	5113	4397	3396	5541	3093	5546	2509	3140	5208	1544	2695	5820	4932	4873	1212	4891	4867	4783	4920	1292	2939	4229	4201	1547	3194	2676	3433	4038	2303	2289	1930	1915	4304	5522	2653	1496	4165	3261	4955	1660	4176	1565	2124	5401	2006	4856	1056	5351	2671	1345	5757	2082	5687	2036	4331	1175	1051	1197	2121	1810	1520	3301	1683	4502	2868	
4302	4512	4703	3068	3917	1858	4798	4651	4137	4954	4690	2311	2458	5506	1749	1192	5340	5506	5786	2572	3091	4385	3631	3662	1737	2812	5034	3045	4008	4246	4366	4074	1950	4493	5807	2979	2260	1887	1152	1729	1116	4084	1495	1503	5973	2300	4774	5669	3349	5706	2379	1638	1376	3073	5807	5821	5226	3093	1973	3629	1700	3724	3885	1684	4079	4347	4505	3630	2332	1614	4859	1833	4756	3709	3285	1639	2123	2083	4543	2830	
5427	5864	4610	3432	3449	2373	5723	5112	5986	5093	5985	2023	5024	5083	1814	5647	2363	2499	1074	2314	5738	4751	4465	3326	5687	1285	1967	5123	1317	1300	5180	2160	2391	5763	3888	3458	2496	5872	3835	3560	2339	4822	3277	5611	2988	5893	2353	5064	2857	4157	3168	5943	1915	4062	3376	1490	3450	2346	2051	4647	5150	1670	1751	4517	3403	2503	3806	5803	1462	2236	5533	5748	4966	5795	4111	2639	2894	1514	1036	3524	
5164	1311	3078	2572	2813	5128	5652	1545	2264	2838	5940	3307	5487	2319	1611	5708	4792	3561	5587	1332	5310	5543	3619	2804	2749	2289	2118	4918	2032	5837	5071	5748	3719	2456	4836	1527	3426	1742	2791	1911	3345	5268	5018	2930	5667	1955	2043	5429	3244	3651	2642	5125	4966	5146	3289	4845	5335	5595	2170	2086	5546	5622	5305	3856	5558	3358	5021	3924	3161	1116	3587	3707	3912	5636	5464	2870	5027	4372	2882	2817	
]

EquipmentTypeTransportationCost: [
1	4328	
4328	1	

1	5006	
5006	1	

1	4283	
4283	1	

1	4632	
4632	1	

1	4119	
4119	1	

]

TransportationTimeForEquipmentTypeBetweenProjects: [
1	3	
3	1	

1	4	
4	1	

1	3	
3	1	

1	3	
3	1	

1	3	
3	1	

]

TotalNumberOfInitialEquipmentTypeLocation: [
(1 1) 1 (1 36) 4 
(2 1) 4 
(3 1) 6 (3 36) 3 
(4 1) 3 (4 36) 3 
(5 1) 3 (5 36) 3 
]

DepotActivities: [ 1 36 ]

MaximalStintCliques: [
[ 2 13 1 12 ]
[ 2 13 3 14 ]
[ 4 15 3 14 ]
[ 4 15 5 16 ]
[ 5 16 17 6 ]
[ 6 17 18 7 ]
[ 7 18 19 8 ]
[ 8 19 9 20 ]
[ 9 20 10 21 ]
[ 10 21 11 22 ]
]
