nEmployees: 90
nSkills: 4
nProjects: 2
nDays: 60
nActivities: 27
nEquipmentTypes: 4
nStints: 10
nMaxModes: 2
nStintCliques: 4

EmployeeInStintCost: [
31594 31594 31594 25594 7244 39006 39006 39006 33006 12036 
32826 32826 32826 27066 9052 39934 39934 39934 34174 13540 
33708 33708 33708 26928 7486 40280 40280 40280 33500 11438 
37526 37526 37526 30926 11736 45306 45306 45306 38706 16896 
34188 34188 34188 28368 10270 41736 41736 41736 35916 15198 
34948 34948 34948 28888 10454 42584 42584 42584 36524 15470 
44080 44080 44080 37180 17570 51804 51804 51804 44904 22674 
36324 36324 36324 29784 10678 43936 43936 43936 37396 15670 
35322 35322 35322 29082 10396 42870 42870 42870 36630 15324 
33312 33312 33312 27372 9106 40420 40420 40420 34480 13594 
35218 35218 35218 28498 9140 23344 23344 23344 16624 7216 
36156 36156 36156 29616 10510 37808 37808 37808 31268 9542 
32484 32484 32484 26664 8566 38072 38072 38072 32252 11534 
35716 35716 35716 29416 10646 43184 43184 43184 36884 15494 
35922 35922 35922 28962 9268 42918 42918 42918 35958 13644 
31640 31640 31640 25940 8010 36908 36908 36908 31208 10658 
40772 40772 40772 34472 15702 48544 48544 48544 42244 20854 
35400 35400 35400 28500 8890 40988 40988 40988 34088 11858 
16686 16686 16686 10506 1854 38396 38396 38396 32216 10994 
33376 33376 33376 26716 7442 40788 40788 40788 34128 12234 
35878 35878 35878 29518 10664 43346 43346 43346 36986 15512 
41582 41582 41582 34982 15792 49354 49354 49354 42754 20944 
35946 35946 35946 29466 10444 43582 43582 43582 37102 15460 
34650 34650 34650 28650 10300 42286 42286 42286 36286 15316 
33978 33978 33978 27738 9052 40974 40974 40974 34734 13428 
34728 34728 34728 28548 9946 16686 16686 16686 10506 1854 
44242 44242 44242 37282 17588 51966 51966 51966 45006 22692 
33098 33098 33098 26858 8172 38366 38366 38366 32126 10820 
32728 32728 32728 26308 7370 40140 40140 40140 33720 12162 
36082 36082 36082 29602 10580 43718 43718 43718 37238 15596 
35598 35598 35598 28758 9232 42594 42594 42594 35754 13608 
42784 42784 42784 36364 17426 50508 50508 50508 44088 22530 
35380 35380 35380 28600 9158 23506 23506 23506 16726 7234 
35922 35922 35922 28962 9268 42918 42918 42918 35958 13644 
35094 35094 35094 28494 9304 42202 42202 42202 35602 13792 
17010 17010 17010 10710 1890 38720 38720 38720 32420 11030 
33384 33384 33384 26724 7450 39956 39956 39956 33296 11402 
35068 35068 35068 29008 10574 42536 42536 42536 36476 15422 
34122 34122 34122 27882 9196 41230 41230 41230 34990 13684 
33060 33060 33060 26520 7414 39632 39632 39632 33092 11366 
36810 36810 36810 30090 10732 44422 44422 44422 37702 15724 
32242 32242 32242 26002 7316 39654 39654 39654 33414 12108 
34866 34866 34866 28866 10516 42478 42478 42478 36478 15508 
35784 35784 35784 29364 10426 43420 43420 43420 37000 15442 
35322 35322 35322 29082 10396 42870 42870 42870 36630 15324 
33168 33168 33168 27228 8962 40164 40164 40164 34224 13338 
42298 42298 42298 36058 17372 50022 50022 50022 43782 22476 
33222 33222 33222 26622 7432 39794 39794 39794 33194 11384 
41812 41812 41812 35752 17318 49536 49536 49536 43476 22422 
37458 37458 37458 30498 10804 45070 45070 45070 38110 15796 
35484 35484 35484 29184 10414 43032 43032 43032 36732 15342 
33222 33222 33222 26622 7432 39794 39794 39794 33194 11384 
34212 34212 34212 28392 10294 35864 35864 35864 30044 9326 
32898 32898 32898 26418 7396 39470 39470 39470 32990 11348 
17982 17982 17982 11322 1998 39692 39692 39692 33032 11138 
34900 34900 34900 28360 9254 42664 42664 42664 36124 14398 
42946 42946 42946 36466 17444 50670 50670 50670 44190 22548 
31432 31432 31432 25492 7226 38844 38844 38844 32904 12018 
39638 39638 39638 33758 15576 47410 47410 47410 41530 20728 
36186 36186 36186 29466 10108 18144 18144 18144 11424 2016 
41096 41096 41096 34676 15738 48868 48868 48868 42448 20890 
44242 44242 44242 37282 17588 51966 51966 51966 45006 22692 
36156 36156 36156 29616 10510 37808 37808 37808 31268 9542 
36520 36520 36520 29380 9434 44284 44284 44284 37144 14578 
33678 33678 33678 28038 10192 41314 41314 41314 35674 15208 
41744 41744 41744 35084 15810 49516 49516 49516 42856 20962 
35096 35096 35096 29396 11466 42876 42876 42876 37176 16626 
41974 41974 41974 35854 17336 49698 49698 49698 43578 22440 
31594 31594 31594 25594 7244 39006 39006 39006 33006 12036 
16686 16686 16686 10506 1854 38396 38396 38396 32216 10994 
38498 38498 38498 31538 11844 46278 46278 46278 39318 17004 
31998 31998 31998 26358 8512 37586 37586 37586 31946 11480 
33280 33280 33280 27340 9074 41044 41044 41044 35104 14218 
33618 33618 33618 27378 8692 39206 39206 39206 32966 11660 
42068 42068 42068 35288 15846 49840 49840 49840 43060 20998 
35904 35904 35904 29004 9394 43012 43012 43012 36112 13882 
34582 34582 34582 28702 10520 42050 42050 42050 36170 15368 
41488 41488 41488 35548 17282 49212 49212 49212 43272 22386 
33436 33436 33436 27376 8942 21562 21562 21562 15502 7018 
33388 33388 33388 27568 9470 41168 41168 41168 35348 14630 
17334 17334 17334 10914 1926 39044 39044 39044 32624 11066 
36068 36068 36068 30008 11574 43848 43848 43848 37788 16734 
36324 36324 36324 29784 10678 43936 43936 43936 37396 15670 
35190 35190 35190 29070 10552 42802 42802 42802 36682 15544 
34684 34684 34684 28384 9614 42464 42464 42464 36164 14774 
34998 34998 34998 28878 10360 42546 42546 42546 36426 15288 
32844 32844 32844 27024 8926 39840 39840 39840 34020 13302 
34770 34770 34770 28290 9268 41878 41878 41878 35398 13756 
36688 36688 36688 30028 10754 44156 44156 44156 37496 15602 
34050 34050 34050 28290 10276 35702 35702 35702 29942 9308 
]

ExternalWorkerWithSkillOnStintCost: [
44520 46788 42924 45696 13344 34860 36876 47712 46032 10752 
46704 46368 47628 38220 13224 36960 49896 44772 40068 10872 
36456 35448 48720 48300 12240 35868 45612 34776 37380 13560 
40488 41748 49896 33684 10392 36204 40236 41496 46536 13176 
]

OverlappingStints: [
[ 2 6 7 ]
[ 3 6 7 8 ]
[ 4 7 8 9 ]
[ 5 8 9 10 ]
[ 9 10 ]
[ 7 ]
[ 8 ]
[ 9 ]
[ 10 ]
[ ]
]

EmployeesWithSkill: [
[ 1 2 3 4 5 6 7 8 9 10 11 12 13 14 15 16 17 18 19 20 21 22 23 24 25 26 27 28 29 30 31 32 33 34 35 36 37 38 39 40 41 42 43 44 45 46 47 48 49 50 51 52 53 54 55 56 57 58 59 60 61 62 63 64 65 66 67 68 69 70 71 72 73 74 75 76 77 78 79 80 81 82 83 84 85 86 87 88 89 90 ]
[ 25 40 48 50 54 64 69 ]
[ ]
[ 1 2 3 4 5 6 7 10 11 15 18 20 22 23 25 26 27 28 29 31 34 38 40 41 42 43 44 45 46 49 52 55 56 57 59 62 63 64 66 68 71 76 77 78 79 83 84 87 89 90 ]
]

SkillDemandInActivityWithMode: [
0	1	
15	24	
4	7	
12	19	
6	10	
15	24	
4	7	
15	24	
9	15	
15	24	
12	19	
5	9	
0	1	
24	37	
11	18	
24	37	
29	45	
21	33	
29	45	
8	13	
15	24	
12	19	
7	12	
24	37	
24	37	
28	43	
10	16	

0	1	
1	3	
0	1	
0	1	
0	1	
1	3	
0	1	
0	1	
0	1	
0	1	
0	1	
0	1	
0	1	
2	4	
0	1	
2	4	
2	4	
1	3	
2	4	
0	1	
1	3	
1	3	
0	1	
1	3	
1	3	
2	4	
0	1	

0	1	
0	1	
0	1	
0	1	
0	1	
0	1	
0	1	
0	1	
0	1	
0	1	
0	1	
0	1	
0	1	
0	1	
0	1	
0	1	
0	1	
0	1	
0	1	
0	1	
0	1	
0	1	
0	1	
0	1	
0	1	
0	1	
0	1	

0	1	
16	25	
3	6	
13	21	
6	10	
16	25	
3	6	
16	25	
9	15	
16	25	
13	21	
4	7	
0	1	
8	13	
3	6	
8	13	
10	16	
7	12	
9	15	
2	4	
4	7	
4	7	
2	4	
8	13	
8	13	
9	15	
3	6	

]

EmployeeAvailability: [
1 0 1 1 1 1 0 1 1 1 
0 1 0 1 1 0 1 0 1 1 
1 1 1 1 1 1 1 1 1 1 
0 1 1 1 1 0 1 1 1 1 
0 1 1 0 1 0 1 1 0 1 
1 1 0 0 1 1 1 0 0 1 
1 1 1 1 1 1 1 1 1 1 
0 0 1 1 1 0 0 1 1 1 
1 0 1 1 1 1 0 1 1 1 
1 0 1 1 0 1 0 1 1 0 
1 1 1 1 1 1 1 1 1 1 
1 1 1 1 1 1 1 1 1 1 
0 1 0 1 1 0 1 0 1 1 
0 1 1 1 1 0 1 1 1 1 
0 1 0 1 1 0 1 0 1 1 
1 1 1 1 1 1 1 1 1 1 
1 1 1 1 1 1 1 1 1 1 
1 1 1 1 1 1 1 1 1 1 
1 1 1 1 1 1 1 1 1 1 
1 1 1 0 1 1 1 1 0 1 
1 0 0 1 1 1 0 0 1 1 
1 1 1 0 1 1 1 1 0 1 
1 1 0 0 1 1 1 0 0 1 
1 1 1 1 1 1 1 1 1 1 
0 1 0 1 1 0 1 0 1 1 
1 0 1 1 0 1 0 1 1 0 
1 1 1 1 1 1 1 1 1 1 
1 1 1 0 1 1 1 1 0 1 
1 1 0 0 1 1 1 0 0 1 
1 1 0 0 1 1 1 0 0 1 
0 0 0 1 1 0 0 0 1 1 
1 1 1 1 1 1 1 1 1 1 
0 0 1 0 1 0 0 1 0 1 
1 1 0 0 1 1 1 0 0 1 
1 0 0 1 1 1 0 0 1 1 
1 0 1 1 0 1 0 1 1 0 
1 1 1 1 0 1 1 1 1 0 
1 1 1 1 1 1 1 1 1 1 
1 1 1 0 1 1 1 1 0 1 
1 1 1 1 1 1 1 1 1 1 
1 1 1 1 1 1 1 1 1 1 
1 1 1 1 1 1 1 1 1 1 
1 1 0 0 1 1 1 0 0 1 
0 1 1 1 1 0 1 1 1 1 
1 1 0 1 1 1 1 0 1 1 
0 0 0 1 1 0 0 0 1 1 
0 1 0 1 1 0 1 0 1 1 
1 1 1 1 1 1 1 1 1 1 
0 1 0 1 1 0 1 0 1 1 
1 0 1 1 1 1 0 1 1 1 
0 1 1 1 1 0 1 1 1 1 
1 1 1 1 1 1 1 1 1 1 
1 1 1 1 1 1 1 1 1 1 
1 1 1 1 1 1 1 1 1 1 
0 1 0 1 1 0 1 0 1 1 
0 0 1 1 1 0 0 1 1 1 
1 0 0 0 1 1 0 0 0 1 
1 1 0 0 1 1 1 0 0 1 
1 1 1 0 1 1 1 1 0 1 
1 1 1 1 1 1 1 1 1 1 
1 0 1 0 1 1 0 1 0 1 
1 0 0 1 0 1 0 0 1 0 
0 1 1 0 1 0 1 1 0 1 
1 1 0 0 1 1 1 0 0 1 
0 1 0 1 1 0 1 0 1 1 
0 1 1 0 1 0 1 1 0 1 
1 0 0 1 1 1 0 0 1 1 
0 0 1 0 1 0 0 1 0 1 
1 0 1 1 1 1 0 1 1 1 
1 1 1 0 1 1 1 1 0 1 
1 0 1 0 1 1 0 1 0 1 
1 0 1 1 1 1 0 1 1 1 
1 1 1 1 1 1 1 1 1 1 
0 1 1 0 1 0 1 1 0 1 
0 0 1 1 1 0 0 1 1 1 
1 1 1 0 1 1 1 1 0 1 
0 1 0 1 1 0 1 0 1 1 
1 1 1 1 1 1 1 1 1 1 
1 0 1 0 1 1 0 1 0 1 
1 1 1 0 1 1 1 1 0 1 
1 1 1 1 1 1 1 1 1 1 
1 1 1 0 1 1 1 1 0 1 
1 1 1 0 1 1 1 1 0 1 
1 1 1 0 0 1 1 1 0 0 
0 0 1 0 1 0 0 1 0 1 
1 1 1 1 1 1 1 1 1 1 
0 1 0 0 1 0 1 0 0 1 
1 0 1 0 1 1 0 1 0 1 
1 1 1 1 1 1 1 1 1 1 
0 1 0 1 1 0 1 0 1 1 
]

EmployeeWantedInStint: [ (2 2) 1 (2 7) 1 (4 4) 1 (11 8) 1 (17 3) 1 (19 6) 1 (31 7) 1 (31 9) 1 (35 5) 1 (36 3) 1 (37 8) 1 (38 9) 1 (41 2) 1 (45 10) 1 (46 9) 1 (49 10) 1 (72 2) 1 (78 2) 1 (78 8) 1 (83 3) 1 (90 7) 1 ]

EmployeeWantedViolationCost: [ (2 2) 10000 (2 7) 7000 (4 4) 10000 (11 8) 15000 (17 3) 5000 (19 6) 7000 (31 7) 7000 (31 9) 13000 (35 5) 12000 (36 3) 9000 (37 8) 11000 (38 9) 6000 (41 2) 7000 (45 10) 6000 (46 9) 8000 (49 10) 5000 (72 2) 10000 (78 2) 7000 (78 8) 9000 (83 3) 8000 (90 7) 5000 ]

EmployeesThatShouldNotWorkTogetherWithEmployee: [
[ 8 45 66 ]
[ 48 59 66 ]
[ 32 61 83 ]
[ ]
[ 6 13 57 58 ]
[ 10 18 19 32 89 ]
[ 23 75 ]
[ 12 28 ]
[ 14 65 83 ]
[ 19 29 69 76 ]
[ 15 44 52 56 76 ]
[ 15 31 61 75 ]
[ 89 ]
[ 26 62 63 80 83 ]
[ 19 82 ]
[ 17 27 32 ]
[ 28 34 56 60 68 ]
[ 40 ]
[ 23 25 31 33 54 68 ]
[ 28 33 34 73 ]
[ 55 72 ]
[ 49 ]
[ 33 43 52 69 74 ]
[ 33 39 56 73 ]
[ 33 38 46 62 71 ]
[ 31 58 66 75 ]
[ 39 ]
[ 54 77 84 87 89 ]
[ 75 85 ]
[ 44 61 72 73 79 82 ]
[ 38 54 66 ]
[ 46 ]
[ 89 ]
[ 52 69 73 ]
[ 54 58 62 ]
[ 39 ]
[ 58 ]
[ 39 49 63 70 ]
[ 89 ]
[ 44 60 ]
[ 51 ]
[ 62 ]
[ ]
[ 49 66 ]
[ 56 ]
[ 58 66 81 ]
[ 73 ]
[ 58 63 71 77 ]
[ 62 73 81 89 ]
[ 78 ]
[ ]
[ 77 ]
[ 54 57 64 90 ]
[ 61 62 ]
[ ]
[ 59 88 ]
[ 83 ]
[ 70 75 ]
[ ]
[ 68 ]
[ 62 63 71 73 ]
[ 63 ]
[ 70 ]
[ 66 83 ]
[ ]
[ 84 ]
[ ]
[ ]
[ 73 ]
[ ]
[ 79 ]
[ ]
[ ]
[ 76 88 ]
[ 80 ]
[ ]
[ ]
[ 79 ]
[ 85 ]
[ ]
[ ]
[ ]
[ ]
[ ]
[ ]
[ ]
[ ]
[ ]
[ ]
[ ]
]

ShouldNotWorkTogetherCost: [ (1 8) 396 (1 45) 396 (1 66) 99 (2 48) 297 (2 59) 99 (2 66) 297 (3 32) 396 (3 61) 297 (3 83) 396 (5 6) 198 (5 13) 396 (5 57) 396 (5 58) 297 (6 10) 99 (6 18) 198 (6 19) 297 (6 32) 198 (6 89) 198 (7 23) 99 (7 75) 99 (8 12) 396 (8 28) 297 (9 14) 396 (9 65) 396 (9 83) 396 (10 19) 99 (10 29) 396 (10 69) 297 (10 76) 396 (11 15) 99 (11 44) 99 (11 52) 396 (11 56) 297 (11 76) 297 (12 15) 396 (12 31) 198 (12 61) 396 (12 75) 297 (13 89) 99 (14 26) 396 (14 62) 396 (14 63) 396 (14 80) 198 (14 83) 297 (15 19) 396 (15 82) 396 (16 17) 198 (16 27) 297 (16 32) 396 (17 28) 297 (17 34) 198 (17 56) 99 (17 60) 297 (17 68) 198 (18 40) 297 (19 23) 396 (19 25) 396 (19 31) 99 (19 33) 297 (19 54) 396 (19 68) 297 (20 28) 198 (20 33) 297 (20 34) 297 (20 73) 297 (21 55) 297 (21 72) 297 (22 49) 297 (23 33) 99 (23 43) 99 (23 52) 99 (23 69) 99 (23 74) 396 (24 33) 297 (24 39) 198 (24 56) 297 (24 73) 198 (25 33) 198 (25 38) 297 (25 46) 297 (25 62) 99 (25 71) 198 (26 31) 99 (26 58) 99 (26 66) 198 (26 75) 198 (27 39) 99 (28 54) 99 (28 77) 396 (28 84) 396 (28 87) 99 (28 89) 396 (29 75) 99 (29 85) 297 (30 44) 297 (30 61) 198 (30 72) 99 (30 73) 396 (30 79) 198 (30 82) 99 (31 38) 297 (31 54) 99 (31 66) 396 (32 46) 99 (33 89) 396 (34 52) 99 (34 69) 396 (34 73) 198 (35 54) 396 (35 58) 198 (35 62) 198 (36 39) 396 (37 58) 396 (38 39) 99 (38 49) 198 (38 63) 99 (38 70) 396 (39 89) 198 (40 44) 99 (40 60) 297 (41 51) 396 (42 62) 297 (44 49) 297 (44 66) 297 (45 56) 297 (46 58) 297 (46 66) 99 (46 81) 99 (47 73) 297 (48 58) 198 (48 63) 297 (48 71) 396 (48 77) 99 (49 62) 297 (49 73) 396 (49 81) 99 (49 89) 297 (50 78) 99 (52 77) 396 (53 54) 396 (53 57) 297 (53 64) 198 (53 90) 297 (54 61) 396 (54 62) 297 (56 59) 198 (56 88) 396 (57 83) 297 (58 70) 198 (58 75) 297 (60 68) 99 (61 62) 198 (61 63) 297 (61 71) 396 (61 73) 99 (62 63) 396 (63 70) 99 (64 66) 198 (64 83) 297 (66 84) 396 (69 73) 297 (71 79) 198 (74 76) 198 (74 88) 396 (75 80) 198 (78 79) 396 (79 85) 99 ]

ImmediatePredecessorsToActivity: [
[ ]
[ 1 ]
[ 1 ]
[ 1 ]
[ 1 ]
[ 4 ]
[ 1 ]
[ 7 ]
[ 3 5 6 7 ]
[ 2 7 ]
[ 5 10 ]
[ 6 ]
[ ]
[ 13 ]
[ 13 ]
[ 13 ]
[ 13 ]
[ 16 17 ]
[ 14 18 ]
[ 14 16 ]
[ 13 ]
[ 17 20 ]
[ 15 17 19 21 ]
[ 19 20 ]
[ 21 ]
[ 21 24 ]
[ 15 20 ]
]

ActivitiesInProject: [
[ 1 2 3 4 5 6 7 8 9 10 11 12 ]
[ 13 14 15 16 17 18 19 20 21 22 23 24 25 26 27 ]
]

nActivityModes: [ 2 2 2 2 2 2 2 2 2 2 2 2 2 2 2 2 2 2 2 2 2 2 2 2 2 2 2 ]

ActivityDurationWithMode: [
1	1	
4	3	
17	12	
5	4	
10	7	
4	3	
17	12	
4	3	
7	5	
4	3	
5	4	
14	10	
1	1	
6	4	
14	10	
6	4	
5	4	
7	5	
5	4	
19	13	
10	7	
12	8	
21	14	
6	4	
6	4	
5	4	
15	10	
]

StintsInProject: [
[ 1 2 3 4 5 ]
[ 6 7 8 9 10 ]
]

WorkingStintsOnDay: [
[ 1 6 ]
[ 1 6 ]
[ 1 6 ]
[ 1 6 ]
[ 1 6 ]
[ 1 6 ]
[ 1 6 ]
[ 1 6 ]
[ 1 6 ]
[ 1 6 ]
[ 1 6 ]
[ 1 6 ]
[ 1 6 ]
[ 1 6 ]
[ 2 7 ]
[ 2 7 ]
[ 2 7 ]
[ 2 7 ]
[ 2 7 ]
[ 2 7 ]
[ 2 7 ]
[ 2 7 ]
[ 2 7 ]
[ 2 7 ]
[ 2 7 ]
[ 2 7 ]
[ 2 7 ]
[ 2 7 ]
[ 3 8 ]
[ 3 8 ]
[ 3 8 ]
[ 3 8 ]
[ 3 8 ]
[ 3 8 ]
[ 3 8 ]
[ 3 8 ]
[ 3 8 ]
[ 3 8 ]
[ 3 8 ]
[ 3 8 ]
[ 3 8 ]
[ 3 8 ]
[ 4 9 ]
[ 4 9 ]
[ 4 9 ]
[ 4 9 ]
[ 4 9 ]
[ 4 9 ]
[ 4 9 ]
[ 4 9 ]
[ 4 9 ]
[ 4 9 ]
[ 4 9 ]
[ 4 9 ]
[ 4 9 ]
[ 4 9 ]
[ 5 10 ]
[ 5 10 ]
[ 5 10 ]
[ 5 10 ]
]

ProjectStart: [ 7 9 ]

ProjectEnd: [ 40 50 ]

EarliestStartDayForActivity: [ 1 7 7 7 7 12 7 24 24 24 28 16 1 9 9 9 9 15 22 15 9 34 27 34 19 40 34 ]

LatestStartDayForActivity: [ 1 40 40 40 40 40 40 40 40 40 40 40 1 50 50 50 50 50 50 50 50 50 50 50 50 50 50 ]

EquipmentTypeDemandInActivityWithMode: [
0	1	
2	4	
0	1	
1	3	
1	3	
0	1	
1	3	
1	3	
1	3	
1	3	
0	1	
0	1	
0	1	
0	1	
1	3	
2	4	
0	1	
0	1	
1	3	
1	3	
0	1	
2	4	
1	3	
1	3	
0	1	
4	7	
0	1	

0	1	
1	3	
2	4	
1	3	
0	1	
0	1	
0	1	
1	3	
0	1	
1	3	
1	3	
0	1	
0	1	
0	1	
2	4	
1	3	
1	3	
0	1	
1	3	
2	4	
0	1	
0	1	
1	3	
1	3	
0	1	
1	3	
1	3	

0	1	
0	1	
0	1	
0	1	
0	1	
0	1	
1	3	
0	1	
1	3	
1	3	
1	3	
0	1	
0	1	
0	1	
2	4	
0	1	
1	3	
0	1	
1	3	
1	3	
1	3	
2	4	
0	1	
0	1	
0	1	
0	1	
0	1	

0	1	
0	1	
1	3	
2	4	
3	6	
2	4	
0	1	
1	3	
1	3	
2	4	
0	1	
0	1	
0	1	
1	3	
1	3	
0	1	
1	3	
1	3	
1	3	
0	1	
0	1	
1	3	
3	6	
1	3	
2	4	
2	4	
3	6	

]

ExternalEquipmentRentingCost: [
4013	4356	2308	2811	3299	3582	2569	2015	2695	1646	1687	4732	4044	4934	2684	4218	3800	4389	4501	2701	5682	3847	1723	1192	2986	1122	4347	
3960	2775	5960	1995	2245	4172	5631	4532	2931	3991	2409	2664	5886	2026	3455	5634	5941	5472	5357	5485	5384	5000	3589	2197	1295	1963	2966	
4735	1642	3647	4510	2242	2987	5239	3998	1310	5777	1207	2666	3612	1764	1578	3649	1696	5337	3231	5419	1770	1799	2973	5135	2057	2902	5216	
4255	1995	3313	4399	3778	2823	5139	3328	5073	3262	5179	2158	4418	5352	5337	5898	3802	5185	3067	1276	5337	4501	4751	5749	1466	3521	5403	
]

EquipmentTypeTransportationCost: [
1	4668	
4668	1	

1	4445	
4445	1	

1	3516	
3516	1	

1	3878	
3878	1	

]

TransportationTimeForEquipmentTypeBetweenProjects: [
1	3	
3	1	

1	4	
4	1	

1	3	
3	1	

1	3	
3	1	

]

TotalNumberOfInitialEquipmentTypeLocation: [
(1 1) 3 (1 13) 2 
(2 1) 1 (2 13) 3 
(3 1) 1 (3 13) 3 
(4 1) 5 (4 13) 2 
]

DepotActivities: [ 1 13 ]

MaximalStintCliques: [
[ 2 7 1 6 ]
[ 2 7 3 8 ]
[ 4 9 10 5 ]
[ 4 9 3 8 ]
]
