nEmployees: 90
nSkills: 4
nProjects: 2
nDays: 150
nActivities: 37
nEquipmentTypes: 7
nStints: 33
nMaxModes: 2
nStintCliques: 22

EmployeeInStintCost: [
9411 9411 9411 9411 9411 9411 9411 9411 9411 9411 9411 9411 9411 9411 9411 9411 9411 9411 9411 9411 9411 5397 39966 39966 39966 39966 39966 39966 39966 39966 39966 37542 24570 
13223 13223 13223 13223 13223 13223 13223 13223 13223 13223 13223 13223 13223 13223 13223 13223 13223 13223 13223 13223 13223 8849 46212 46212 46212 46212 46212 46212 46212 46212 46212 43428 29196 
16507 16507 16507 16507 16507 16507 16507 16507 16507 16507 16507 16507 16507 16507 16507 16507 16507 16507 16507 16507 16507 12253 35746 35746 35746 35746 35746 35746 35746 35746 35746 33082 19270 
9339 9339 9339 9339 9339 9339 9339 9339 9339 9339 9339 9339 9339 9339 9339 9339 9339 9339 9339 9339 9339 5373 39642 39642 39642 39642 39642 39642 39642 39642 39642 37266 24462 
12615 12615 12615 12615 12615 12615 12615 12615 12615 12615 12615 12615 12615 12615 12615 12615 12615 12615 12615 12615 12615 8433 36212 36212 36212 36212 36212 36212 36212 36212 36212 33620 20060 
10311 10311 10311 10311 10311 10311 10311 10311 10311 10311 10311 10311 10311 10311 10311 10311 10311 10311 10311 10311 10311 5937 40964 40964 40964 40964 40964 40964 40964 40964 40964 38180 23948 
18243 18243 18243 18243 18243 18243 18243 18243 18243 18243 18243 18243 18243 18243 18243 18243 18243 18243 18243 18243 18243 13893 37730 37730 37730 37730 37730 37730 37730 37730 37730 34970 20822 
11111 11111 11111 11111 11111 11111 11111 11111 11111 11111 11111 11111 11111 11111 11111 11111 11111 11111 11111 11111 11111 6785 38448 38448 38448 38448 38448 38448 38448 38448 38448 35712 21648 
12471 12471 12471 12471 12471 12471 12471 12471 12471 12471 12471 12471 12471 12471 12471 12471 12471 12471 12471 12471 12471 8433 43960 43960 43960 43960 43960 43960 43960 43960 43960 41512 28456 
3852 3852 3852 3852 3852 3852 3852 3852 3852 3852 3852 3852 3852 3852 3852 3852 3852 3852 3852 3852 3852 1284 39954 39954 39954 39954 39954 39954 39954 39954 39954 37386 23910 
12615 12615 12615 12615 12615 12615 12615 12615 12615 12615 12615 12615 12615 12615 12615 12615 12615 12615 12615 12615 12615 8481 44608 44608 44608 44608 44608 44608 44608 44608 44608 42064 28672 
12735 12735 12735 12735 12735 12735 12735 12735 12735 12735 12735 12735 12735 12735 12735 12735 12735 12735 12735 12735 12735 8313 37232 37232 37232 37232 37232 37232 37232 37232 37232 34400 20000 
9519 9519 9519 9519 9519 9519 9519 9519 9519 9519 9519 9519 9519 9519 9519 9519 9519 9519 9519 9519 9519 5673 37400 37400 37400 37400 37400 37400 37400 37400 37400 35144 22760 
13907 13907 13907 13907 13907 13907 13907 13907 13907 13907 13907 13907 13907 13907 13907 13907 13907 13907 13907 13907 13907 9893 33918 33918 33918 33918 33918 33918 33918 33918 33918 31494 18522 
17607 17607 17607 17607 17607 17607 17607 17607 17607 17607 17607 17607 17607 17607 17607 17607 17607 17607 17607 17607 17607 13377 36880 36880 36880 36880 36880 36880 36880 36880 36880 34240 20512 
10079 10079 10079 10079 10079 10079 10079 10079 10079 10079 10079 10079 10079 10079 10079 10079 10079 10079 10079 10079 10079 5897 41980 41980 41980 41980 41980 41980 41980 41980 41980 39388 25828 
10367 10367 10367 10367 10367 10367 10367 10367 10367 10367 10367 10367 10367 10367 10367 10367 10367 10367 10367 10367 10367 6329 41104 41104 41104 41104 41104 41104 41104 41104 41104 38656 25600 
12255 12255 12255 12255 12255 12255 12255 12255 12255 12255 12255 12255 12255 12255 12255 12255 12255 12255 12255 12255 12255 8361 42988 42988 42988 42988 42988 42988 42988 42988 42988 40684 28132 
9807 9807 9807 9807 9807 9807 9807 9807 9807 9807 9807 9807 9807 9807 9807 9807 9807 9807 9807 9807 9807 5769 38696 38696 38696 38696 38696 38696 38696 38696 38696 36248 23192 
14087 14087 14087 14087 14087 14087 14087 14087 14087 14087 14087 14087 14087 14087 14087 14087 14087 14087 14087 14087 14087 9953 34728 34728 34728 34728 34728 34728 34728 34728 34728 32184 18792 
13011 13011 13011 13011 13011 13011 13011 13011 13011 13011 13011 13011 13011 13011 13011 13011 13011 13011 13011 13011 13011 8613 46390 46390 46390 46390 46390 46390 46390 46390 46390 43582 29266 
12587 12587 12587 12587 12587 12587 12587 12587 12587 12587 12587 12587 12587 12587 12587 12587 12587 12587 12587 12587 12587 8189 45966 45966 45966 45966 45966 45966 45966 45966 45966 43158 28842 
9151 9151 9151 9151 9151 9151 9151 9151 9151 9151 9151 9151 9151 9151 9151 9151 9151 9151 9151 9151 9151 4921 41144 41144 41144 41144 41144 41144 41144 41144 41144 38504 24776 
13871 13871 13871 13871 13871 13871 13871 13871 13871 13871 13871 13871 13871 13871 13871 13871 13871 13871 13871 13871 13871 9881 33756 33756 33756 33756 33756 33756 33756 33756 33756 31356 18468 
14307 14307 14307 14307 14307 14307 14307 14307 14307 14307 14307 14307 14307 14307 14307 14307 14307 14307 14307 14307 14307 10437 15390 15390 15390 15390 15390 15390 15390 15390 15390 13110 5130 
12759 12759 12759 12759 12759 12759 12759 12759 12759 12759 12759 12759 12759 12759 12759 12759 12759 12759 12759 12759 12759 8529 45256 45256 45256 45256 45256 45256 45256 45256 45256 42616 28888 
11111 11111 11111 11111 11111 11111 11111 11111 11111 11111 11111 11111 11111 11111 11111 11111 11111 11111 11111 11111 11111 6785 38448 38448 38448 38448 38448 38448 38448 38448 38448 35712 21648 
10223 10223 10223 10223 10223 10223 10223 10223 10223 10223 10223 10223 10223 10223 10223 10223 10223 10223 10223 10223 10223 5945 42628 42628 42628 42628 42628 42628 42628 42628 42628 39940 26044 
11003 11003 11003 11003 11003 11003 11003 11003 11003 11003 11003 11003 11003 11003 11003 11003 11003 11003 11003 11003 11003 6749 37962 37962 37962 37962 37962 37962 37962 37962 37962 35298 21486 
17823 17823 17823 17823 17823 17823 17823 17823 17823 17823 17823 17823 17823 17823 17823 17823 17823 17823 17823 17823 17823 13449 37852 37852 37852 37852 37852 37852 37852 37852 37852 35068 20836 
12447 12447 12447 12447 12447 12447 12447 12447 12447 12447 12447 12447 12447 12447 12447 12447 12447 12447 12447 12447 12447 8217 35936 35936 35936 35936 35936 35936 35936 35936 35936 33296 19568 
10655 10655 10655 10655 10655 10655 10655 10655 10655 10655 10655 10655 10655 10655 10655 10655 10655 10655 10655 10655 10655 6425 42400 42400 42400 42400 42400 42400 42400 42400 42400 39760 26032 
12935 12935 12935 12935 12935 12935 12935 12935 12935 12935 12935 12935 12935 12935 12935 12935 12935 12935 12935 12935 12935 8753 44916 44916 44916 44916 44916 44916 44916 44916 44916 42324 28764 
13943 13943 13943 13943 13943 13943 13943 13943 13943 13943 13943 13943 13943 13943 13943 13943 13943 13943 13943 13943 13943 9905 34080 34080 34080 34080 34080 34080 34080 34080 34080 31632 18576 
3708 3708 3708 3708 3708 3708 3708 3708 3708 3708 3708 3708 3708 3708 3708 3708 3708 3708 3708 3708 3708 1236 39306 39306 39306 39306 39306 39306 39306 39306 39306 36834 23694 
11895 11895 11895 11895 11895 11895 11895 11895 11895 11895 11895 11895 11895 11895 11895 11895 11895 11895 11895 11895 11895 7953 35888 35888 35888 35888 35888 35888 35888 35888 35888 33536 20816 
12507 12507 12507 12507 12507 12507 12507 12507 12507 12507 12507 12507 12507 12507 12507 12507 12507 12507 12507 12507 12507 8445 44122 44122 44122 44122 44122 44122 44122 44122 44122 41650 28510 
9879 9879 9879 9879 9879 9879 9879 9879 9879 9879 9879 9879 9879 9879 9879 9879 9879 9879 9879 9879 9879 5553 42072 42072 42072 42072 42072 42072 42072 42072 42072 39336 25272 
12687 12687 12687 12687 12687 12687 12687 12687 12687 12687 12687 12687 12687 12687 12687 12687 12687 12687 12687 12687 12687 8457 36536 36536 36536 36536 36536 36536 36536 36536 36536 33896 20168 
12399 12399 12399 12399 12399 12399 12399 12399 12399 12399 12399 12399 12399 12399 12399 12399 12399 12399 12399 12399 12399 8121 38156 38156 38156 38156 38156 38156 38156 38156 38156 35468 21572 
12543 12543 12543 12543 12543 12543 12543 12543 12543 12543 12543 12543 12543 12543 12543 12543 12543 12543 12543 12543 12543 8409 35888 35888 35888 35888 35888 35888 35888 35888 35888 33344 19952 
9627 9627 9627 9627 9627 9627 9627 9627 9627 9627 9627 9627 9627 9627 9627 9627 9627 9627 9627 9627 9627 5469 40938 40938 40938 40938 40938 40938 40938 40938 40938 38370 24894 
12543 12543 12543 12543 12543 12543 12543 12543 12543 12543 12543 12543 12543 12543 12543 12543 12543 12543 12543 12543 12543 8409 35888 35888 35888 35888 35888 35888 35888 35888 35888 33344 19952 
9151 9151 9151 9151 9151 9151 9151 9151 9151 9151 9151 9151 9151 9151 9151 9151 9151 9151 9151 9151 9151 4921 41144 41144 41144 41144 41144 41144 41144 41144 41144 38504 24776 
12795 12795 12795 12795 12795 12795 12795 12795 12795 12795 12795 12795 12795 12795 12795 12795 12795 12795 12795 12795 12795 8493 37022 37022 37022 37022 37022 37022 37022 37022 37022 34310 20330 
17499 17499 17499 17499 17499 17499 17499 17499 17499 17499 17499 17499 17499 17499 17499 17499 17499 17499 17499 17499 17499 13341 36394 36394 36394 36394 36394 36394 36394 36394 36394 33826 20350 
10115 10115 10115 10115 10115 10115 10115 10115 10115 10115 10115 10115 10115 10115 10115 10115 10115 10115 10115 10115 10115 6245 39970 39970 39970 39970 39970 39970 39970 39970 39970 37690 25222 
16471 16471 16471 16471 16471 16471 16471 16471 16471 16471 16471 16471 16471 16471 16471 16471 16471 16471 16471 16471 16471 12241 35584 35584 35584 35584 35584 35584 35584 35584 35584 32944 19216 
9519 9519 9519 9519 9519 9519 9519 9519 9519 9519 9519 9519 9519 9519 9519 9519 9519 9519 9519 9519 9519 5673 37400 37400 37400 37400 37400 37400 37400 37400 37400 35144 22760 
16363 16363 16363 16363 16363 16363 16363 16363 16363 16363 16363 16363 16363 16363 16363 16363 16363 16363 16363 16363 16363 12205 35098 35098 35098 35098 35098 35098 35098 35098 35098 32530 19054 
14303 14303 14303 14303 14303 14303 14303 14303 14303 14303 14303 14303 14303 14303 14303 14303 14303 14303 14303 14303 14303 10025 35700 35700 35700 35700 35700 35700 35700 35700 35700 33012 19116 
12471 12471 12471 12471 12471 12471 12471 12471 12471 12471 12471 12471 12471 12471 12471 12471 12471 12471 12471 12471 12471 8145 38480 38480 38480 38480 38480 38480 38480 38480 38480 35744 21680 
13223 13223 13223 13223 13223 13223 13223 13223 13223 13223 13223 13223 13223 13223 13223 13223 13223 13223 13223 13223 13223 8849 46212 46212 46212 46212 46212 46212 46212 46212 46212 43428 29196 
12327 12327 12327 12327 12327 12327 12327 12327 12327 12327 12327 12327 12327 12327 12327 12327 12327 12327 12327 12327 12327 8337 34916 34916 34916 34916 34916 34916 34916 34916 34916 32516 19628 
13259 13259 13259 13259 13259 13259 13259 13259 13259 13259 13259 13259 13259 13259 13259 13259 13259 13259 13259 13259 13259 8861 46374 46374 46374 46374 46374 46374 46374 46374 46374 43566 29250 
8719 8719 8719 8719 8719 8719 8719 8719 8719 8719 8719 8719 8719 8719 8719 8719 8719 8719 8719 8719 8719 4777 39200 39200 39200 39200 39200 39200 39200 39200 39200 36848 24128 
12011 12011 12011 12011 12011 12011 12011 12011 12011 12011 12011 12011 12011 12011 12011 12011 12011 12011 12011 12011 12011 7997 43374 43374 43374 43374 43374 43374 43374 43374 43374 40950 27978 
16255 16255 16255 16255 16255 16255 16255 16255 16255 16255 16255 16255 16255 16255 16255 16255 16255 16255 16255 16255 16255 12169 34612 34612 34612 34612 34612 34612 34612 34612 34612 32116 18892 
14991 14991 14991 14991 14991 14991 14991 14991 14991 14991 14991 14991 14991 14991 14991 14991 14991 14991 14991 14991 14991 10665 18468 18468 18468 18468 18468 18468 18468 18468 18468 15732 6156 
4140 4140 4140 4140 4140 4140 4140 4140 4140 4140 4140 4140 4140 4140 4140 4140 4140 4140 4140 4140 4140 1380 41250 41250 41250 41250 41250 41250 41250 41250 41250 38490 24342 
12723 12723 12723 12723 12723 12723 12723 12723 12723 12723 12723 12723 12723 12723 12723 12723 12723 12723 12723 12723 12723 8517 45094 45094 45094 45094 45094 45094 45094 45094 45094 42478 28834 
12515 12515 12515 12515 12515 12515 12515 12515 12515 12515 12515 12515 12515 12515 12515 12515 12515 12515 12515 12515 12515 8597 34054 34054 34054 34054 34054 34054 34054 34054 34054 31726 19090 
12291 12291 12291 12291 12291 12291 12291 12291 12291 12291 12291 12291 12291 12291 12291 12291 12291 12291 12291 12291 12291 8085 37670 37670 37670 37670 37670 37670 37670 37670 37670 35054 21410 
13055 13055 13055 13055 13055 13055 13055 13055 13055 13055 13055 13055 13055 13055 13055 13055 13055 13055 13055 13055 13055 8777 36484 36484 36484 36484 36484 36484 36484 36484 36484 33796 19900 
12579 12579 12579 12579 12579 12579 12579 12579 12579 12579 12579 12579 12579 12579 12579 12579 12579 12579 12579 12579 12579 8421 36050 36050 36050 36050 36050 36050 36050 36050 36050 33482 20006 
10023 10023 10023 10023 10023 10023 10023 10023 10023 10023 10023 10023 10023 10023 10023 10023 10023 10023 10023 10023 10023 5841 39668 39668 39668 39668 39668 39668 39668 39668 39668 37076 23516 
17751 17751 17751 17751 17751 17751 17751 17751 17751 17751 17751 17751 17751 17751 17751 17751 17751 17751 17751 17751 17751 13425 37528 37528 37528 37528 37528 37528 37528 37528 37528 34792 20728 
10727 10727 10727 10727 10727 10727 10727 10727 10727 10727 10727 10727 10727 10727 10727 10727 10727 10727 10727 10727 10727 6449 42724 42724 42724 42724 42724 42724 42724 42724 42724 40036 26140 
12699 12699 12699 12699 12699 12699 12699 12699 12699 12699 12699 12699 12699 12699 12699 12699 12699 12699 12699 12699 12699 8301 37070 37070 37070 37070 37070 37070 37070 37070 37070 34262 19946 
12587 12587 12587 12587 12587 12587 12587 12587 12587 12587 12587 12587 12587 12587 12587 12587 12587 12587 12587 12587 12587 8189 45966 45966 45966 45966 45966 45966 45966 45966 45966 43158 28842 
17559 17559 17559 17559 17559 17559 17559 17559 17559 17559 17559 17559 17559 17559 17559 17559 17559 17559 17559 17559 17559 13665 34652 34652 34652 34652 34652 34652 34652 34652 34652 32348 19796 
14487 14487 14487 14487 14487 14487 14487 14487 14487 14487 14487 14487 14487 14487 14487 14487 14487 14487 14487 14487 14487 10497 16200 16200 16200 16200 16200 16200 16200 16200 16200 13800 5400 
12399 12399 12399 12399 12399 12399 12399 12399 12399 12399 12399 12399 12399 12399 12399 12399 12399 12399 12399 12399 12399 8121 38156 38156 38156 38156 38156 38156 38156 38156 38156 35468 21572 
9079 9079 9079 9079 9079 9079 9079 9079 9079 9079 9079 9079 9079 9079 9079 9079 9079 9079 9079 9079 9079 4897 40820 40820 40820 40820 40820 40820 40820 40820 40820 38228 24668 
18243 18243 18243 18243 18243 18243 18243 18243 18243 18243 18243 18243 18243 18243 18243 18243 18243 18243 18243 18243 18243 13893 37730 37730 37730 37730 37730 37730 37730 37730 37730 34970 20822 
12947 12947 12947 12947 12947 12947 12947 12947 12947 12947 12947 12947 12947 12947 12947 12947 12947 12947 12947 12947 12947 8741 35998 35998 35998 35998 35998 35998 35998 35998 35998 33382 19738 
17427 17427 17427 17427 17427 17427 17427 17427 17427 17427 17427 17427 17427 17427 17427 17427 17427 17427 17427 17427 17427 13317 36070 36070 36070 36070 36070 36070 36070 36070 36070 33550 20242 
11099 11099 11099 11099 11099 11099 11099 11099 11099 11099 11099 11099 11099 11099 11099 11099 11099 11099 11099 11099 11099 6701 43862 43862 43862 43862 43862 43862 43862 43862 43862 41054 26738 
12867 12867 12867 12867 12867 12867 12867 12867 12867 12867 12867 12867 12867 12867 12867 12867 12867 12867 12867 12867 12867 8517 37346 37346 37346 37346 37346 37346 37346 37346 37346 34586 20438 
12011 12011 12011 12011 12011 12011 12011 12011 12011 12011 12011 12011 12011 12011 12011 12011 12011 12011 12011 12011 12011 7997 43374 43374 43374 43374 43374 43374 43374 43374 43374 40950 27978 
8863 8863 8863 8863 8863 8863 8863 8863 8863 8863 8863 8863 8863 8863 8863 8863 8863 8863 8863 8863 8863 4825 39848 39848 39848 39848 39848 39848 39848 39848 39848 37400 24344 
13943 13943 13943 13943 13943 13943 13943 13943 13943 13943 13943 13943 13943 13943 13943 13943 13943 13943 13943 13943 13943 9905 34080 34080 34080 34080 34080 34080 34080 34080 34080 31632 18576 
17535 17535 17535 17535 17535 17535 17535 17535 17535 17535 17535 17535 17535 17535 17535 17535 17535 17535 17535 17535 17535 13353 36556 36556 36556 36556 36556 36556 36556 36556 36556 33964 20404 
13835 13835 13835 13835 13835 13835 13835 13835 13835 13835 13835 13835 13835 13835 13835 13835 13835 13835 13835 13835 13835 9869 33594 33594 33594 33594 33594 33594 33594 33594 33594 31218 18414 
9411 9411 9411 9411 9411 9411 9411 9411 9411 9411 9411 9411 9411 9411 9411 9411 9411 9411 9411 9411 9411 5397 39966 39966 39966 39966 39966 39966 39966 39966 39966 37542 24570 
12471 12471 12471 12471 12471 12471 12471 12471 12471 12471 12471 12471 12471 12471 12471 12471 12471 12471 12471 12471 12471 8433 43960 43960 43960 43960 43960 43960 43960 43960 43960 41512 28456 
12863 12863 12863 12863 12863 12863 12863 12863 12863 12863 12863 12863 12863 12863 12863 12863 12863 12863 12863 12863 12863 8729 44592 44592 44592 44592 44592 44592 44592 44592 44592 42048 28656 
10703 10703 10703 10703 10703 10703 10703 10703 10703 10703 10703 10703 10703 10703 10703 10703 10703 10703 10703 10703 10703 6569 42080 42080 42080 42080 42080 42080 42080 42080 42080 39536 26144 
9331 9331 9331 9331 9331 9331 9331 9331 9331 9331 9331 9331 9331 9331 9331 9331 9331 9331 9331 9331 9331 4981 41954 41954 41954 41954 41954 41954 41954 41954 41954 39194 25046 
10607 10607 10607 10607 10607 10607 10607 10607 10607 10607 10607 10607 10607 10607 10607 10607 10607 10607 10607 10607 10607 6617 36180 36180 36180 36180 36180 36180 36180 36180 36180 33780 20892 
]

ExternalWorkerWithSkillOnStintCost: [
13800 14430 14130 13410 17190 16380 13860 13860 12600 14940 15960 13140 13710 13170 12780 13980 15990 14520 13800 12870 15330 7290 39396 40320 43512 38388 42756 50316 39480 47880 34440 50148 26940 
13890 12450 14940 15120 17190 12120 16500 16620 17760 12480 14850 15450 14460 15090 16530 13680 17190 13500 15120 16590 16080 8892 46116 35028 35952 35448 39228 38304 41748 38724 33852 34356 30480 
12540 17010 15870 15030 17040 16110 14010 16020 15060 12750 16380 17250 14460 16140 16380 13470 14520 17370 15540 17940 12120 10008 41916 34104 42756 46032 42420 41244 34692 36876 35616 40656 28440 
14100 14340 16830 14160 16920 16440 14910 12480 12360 17220 17820 17700 13230 16230 13320 12630 15960 16140 17970 16290 16140 8442 43680 46032 44856 39900 40824 36036 39648 48132 37296 44856 35580 
]

OverlappingStints: [
[ 23 ]
[ 23 ]
[ 23 24 ]
[ 23 24 ]
[ 24 25 ]
[ 24 25 ]
[ 25 26 ]
[ 25 26 ]
[ 26 27 ]
[ 26 27 ]
[ 27 28 ]
[ 27 28 ]
[ 28 29 ]
[ 28 29 ]
[ 29 30 ]
[ 29 30 ]
[ 30 31 ]
[ 30 31 ]
[ 31 32 ]
[ 31 32 ]
[ 32 33 ]
[ 32 33 ]
[ 24 ]
[ 25 ]
[ 26 ]
[ 27 ]
[ 28 ]
[ 29 ]
[ 30 ]
[ 31 ]
[ 32 ]
[ 33 ]
[ ]
]

EmployeesWithSkill: [
[ 1 2 3 4 5 6 7 8 9 10 11 12 13 14 15 16 17 18 19 20 21 22 23 24 25 26 27 28 29 30 31 32 33 34 35 36 37 38 39 40 41 42 43 44 45 46 47 48 49 50 51 52 53 54 55 56 57 58 59 60 61 62 63 64 65 66 67 68 69 70 71 72 73 74 75 76 77 78 79 80 81 82 83 84 85 86 87 88 89 90 ]
[ 1 2 3 5 6 7 8 9 10 11 12 14 15 16 17 18 19 20 21 22 24 27 28 29 31 32 33 34 35 38 40 42 43 44 45 46 50 53 55 58 59 60 61 62 64 67 69 70 73 74 77 78 79 80 81 82 83 85 87 89 90 ]
[ 1 3 4 5 6 9 11 12 16 17 19 20 21 22 23 28 29 30 32 33 34 38 40 44 45 46 50 52 53 54 55 56 57 58 59 61 63 64 65 66 67 68 69 70 73 75 77 78 80 81 83 84 85 86 88 89 90 ]
[ 42 ]
]

SkillDemandInActivityWithMode: [
0	1	
37	57	
23	36	
37	57	
37	57	
31	48	
26	40	
9	15	
23	36	
7	12	
31	48	
37	57	
31	48	
23	36	
37	57	
8	13	
37	57	
21	33	
26	40	
26	40	
0	1	
15	24	
6	10	
9	15	
5	9	
8	13	
3	6	
15	24	
4	7	
3	6	
15	24	
9	15	
6	10	
5	9	
11	18	
12	19	
4	7	

0	1	
21	33	
13	21	
21	33	
21	33	
17	27	
15	24	
5	9	
13	21	
3	6	
17	27	
20	31	
17	27	
13	21	
20	31	
4	7	
20	31	
11	18	
14	22	
14	22	
0	1	
13	21	
5	9	
8	13	
4	7	
6	10	
2	4	
13	21	
2	4	
2	4	
13	21	
8	13	
5	9	
4	7	
9	15	
11	18	
3	6	

0	1	
20	31	
12	19	
20	31	
20	31	
16	25	
14	22	
4	7	
12	19	
3	6	
16	25	
20	31	
16	25	
12	19	
20	31	
4	7	
20	31	
11	18	
14	22	
14	22	
0	1	
12	19	
5	9	
7	12	
4	7	
6	10	
2	4	
12	19	
2	4	
1	3	
12	19	
7	12	
5	9	
3	6	
8	13	
9	15	
2	4	

0	1	
0	1	
0	1	
0	1	
0	1	
0	1	
0	1	
0	1	
0	1	
0	1	
0	1	
0	1	
0	1	
0	1	
0	1	
0	1	
0	1	
0	1	
0	1	
0	1	
0	1	
0	1	
0	1	
0	1	
0	1	
0	1	
0	1	
0	1	
0	1	
0	1	
0	1	
0	1	
0	1	
0	1	
0	1	
0	1	
0	1	

]

EmployeeAvailability: [
1 1 1 1 1 1 1 1 1 1 1 1 1 1 1 1 1 1 0 1 1 1 1 1 1 1 1 1 1 1 1 0 1 
1 1 1 1 1 1 1 1 1 1 1 1 1 1 1 1 1 1 1 1 1 1 1 1 1 1 1 1 1 1 1 1 1 
1 1 1 1 1 1 1 1 1 0 1 1 1 1 1 1 1 1 1 1 1 1 1 1 1 1 0 1 1 1 1 1 1 
1 1 1 1 1 1 1 1 1 1 1 1 1 1 1 1 0 0 1 1 1 1 1 1 1 1 1 1 1 1 0 1 1 
1 1 1 1 1 1 1 1 1 0 1 1 1 1 1 1 1 0 1 1 1 1 1 1 1 1 0 1 1 1 0 1 1 
1 1 1 1 1 1 1 1 1 1 1 1 1 1 0 1 1 1 1 1 0 1 1 1 1 1 1 1 1 0 1 1 0 
1 1 1 1 1 1 0 0 1 1 1 1 1 1 1 1 1 1 1 1 1 1 1 1 1 0 1 1 1 1 1 1 1 
1 1 1 1 1 1 1 1 1 1 1 1 0 1 1 1 1 1 1 1 1 0 1 1 0 1 1 1 0 1 1 1 0 
1 1 1 1 1 1 1 1 1 1 1 1 0 1 1 1 1 1 1 1 1 1 1 1 0 1 1 1 0 1 1 0 1 
1 1 1 1 1 1 1 1 1 1 1 0 1 1 0 1 1 1 1 1 1 1 1 1 1 1 1 0 1 0 1 1 1 
1 1 1 1 1 1 1 1 1 1 1 1 1 1 1 1 1 1 1 1 1 1 1 1 1 1 1 1 0 1 1 0 1 
1 1 1 1 1 1 0 1 0 1 1 1 1 1 1 1 1 0 1 1 1 1 1 1 1 0 0 1 1 1 0 1 1 
1 1 1 1 1 1 0 1 1 1 1 1 1 1 1 1 1 1 1 1 1 1 1 0 1 0 1 1 1 1 1 1 1 
1 1 1 1 1 1 1 0 1 1 1 1 1 1 1 1 1 1 1 1 1 1 1 1 1 0 1 1 1 1 1 1 1 
1 1 1 1 1 1 1 1 1 1 1 1 1 1 1 1 1 1 1 1 1 0 0 1 1 1 0 1 1 1 1 1 0 
1 1 1 1 1 1 0 1 1 1 1 1 1 1 1 0 1 1 1 1 1 1 1 1 1 0 1 1 1 0 1 1 1 
1 0 0 1 0 1 1 1 1 1 1 1 1 1 1 1 1 1 1 1 1 1 0 0 0 1 1 1 1 1 1 1 1 
1 1 1 1 1 1 1 1 1 1 1 1 1 1 1 1 1 1 1 1 1 1 1 1 1 1 1 1 1 0 1 1 1 
1 1 1 1 0 1 1 1 1 1 1 1 1 1 1 1 1 1 1 1 1 1 1 1 0 1 1 1 1 1 1 1 1 
1 1 1 1 1 0 1 1 1 1 1 1 1 1 1 1 1 1 1 1 1 1 1 1 0 1 1 1 1 1 1 1 1 
1 1 1 1 1 1 1 1 0 1 1 1 0 1 1 1 1 1 0 1 1 1 1 1 1 1 0 1 0 1 1 0 1 
1 1 1 1 1 1 1 1 0 1 1 1 1 1 1 0 1 1 1 1 1 1 1 1 0 1 0 1 1 0 1 1 1 
1 1 1 1 1 1 1 1 1 1 1 1 1 1 1 1 1 1 1 0 1 1 1 1 0 1 1 1 1 0 1 0 1 
1 1 1 1 1 1 1 1 1 0 1 1 1 1 1 1 1 1 1 1 1 1 1 1 1 1 0 1 1 1 1 1 1 
1 1 1 1 1 1 1 1 1 1 1 1 1 1 1 1 0 1 1 1 1 1 1 1 1 1 1 1 0 0 0 1 1 
1 1 1 1 1 1 1 1 1 1 1 1 1 1 1 1 1 1 1 1 1 0 1 1 1 1 1 1 1 1 1 1 0 
0 1 1 1 1 1 1 1 1 1 1 1 0 1 1 1 1 1 1 1 1 1 0 1 1 1 1 1 0 1 1 1 1 
1 1 1 1 1 1 1 0 1 1 1 1 1 1 1 1 1 1 1 1 1 1 1 1 1 0 1 1 1 1 1 1 1 
1 1 1 1 1 1 1 0 1 1 1 1 1 1 1 1 1 1 1 1 1 1 1 0 1 0 0 1 1 1 1 1 1 
1 1 1 1 1 1 1 1 1 1 1 1 0 1 1 1 1 1 1 1 1 1 1 1 1 1 1 0 0 1 1 0 1 
1 1 1 1 1 1 1 1 1 0 1 1 1 1 1 1 1 1 1 1 1 1 1 1 1 1 0 0 0 1 1 1 1 
1 1 1 1 1 1 1 1 1 1 1 1 1 1 1 1 1 0 1 1 1 1 1 1 1 1 1 1 1 0 0 1 1 
1 1 1 1 1 1 1 1 1 0 0 1 1 1 1 1 1 1 1 1 1 1 1 1 1 1 0 0 1 1 1 1 0 
1 1 1 1 1 1 1 1 1 1 1 1 1 1 1 1 1 1 0 1 1 1 1 1 0 1 1 1 1 1 1 0 1 
1 1 1 1 1 1 1 1 1 1 1 1 1 1 1 1 1 1 1 1 1 1 1 1 1 1 1 1 1 1 1 1 1 
1 1 1 1 1 1 1 1 1 1 1 1 1 1 1 1 1 1 1 1 1 1 1 1 1 1 1 1 1 1 1 1 1 
1 1 1 1 1 1 1 1 1 1 1 1 1 1 0 1 1 1 1 1 1 1 1 0 1 1 1 1 1 0 1 1 1 
1 1 1 0 1 1 1 1 1 1 1 1 1 1 1 1 1 1 0 1 1 1 1 0 1 1 1 1 1 1 0 0 1 
1 1 1 1 1 1 1 1 1 1 1 1 1 1 1 1 1 0 1 1 1 1 1 1 1 1 1 1 1 1 0 1 1 
1 1 1 1 1 1 1 1 1 1 1 1 1 1 0 1 1 1 1 1 0 1 1 1 1 1 1 1 1 0 1 1 0 
1 0 1 1 1 1 1 1 1 1 1 1 1 1 1 1 1 1 1 1 1 0 0 1 1 1 1 1 1 1 0 1 0 
1 1 1 1 1 1 1 1 1 1 1 1 1 1 1 1 1 1 1 1 1 1 1 1 1 1 0 1 1 1 1 1 1 
1 1 1 1 1 1 1 1 1 1 1 1 1 1 1 1 0 1 1 1 0 1 1 1 1 1 1 1 1 1 0 1 0 
1 1 1 1 1 0 1 1 1 0 1 1 1 1 1 1 1 1 1 1 1 1 0 1 0 1 0 1 1 1 1 1 1 
1 1 1 1 1 1 1 1 1 1 1 1 1 1 1 1 1 1 1 1 1 1 1 1 1 1 1 1 1 1 1 1 1 
1 1 1 1 1 1 1 1 1 1 1 0 1 1 0 1 1 1 1 1 1 1 1 1 1 1 1 0 0 0 1 1 1 
1 1 1 0 1 1 1 1 1 1 1 1 1 1 1 1 1 1 1 1 1 1 1 0 1 1 1 1 1 1 1 1 1 
1 1 1 1 1 1 1 1 1 1 1 1 1 1 1 1 1 1 1 1 1 1 1 1 1 1 1 1 1 1 1 1 1 
1 1 1 1 1 1 1 0 1 1 1 1 1 1 1 1 1 0 1 1 1 1 1 1 0 0 1 1 1 1 0 1 1 
1 1 1 1 0 1 1 1 1 1 1 0 1 1 1 1 1 1 1 1 1 1 1 1 0 1 1 0 1 1 1 1 1 
1 1 1 1 1 1 1 1 1 1 0 1 1 1 1 1 1 1 1 1 1 1 1 1 1 1 1 0 1 1 1 1 1 
1 1 1 1 1 1 1 1 1 1 1 1 1 1 1 1 1 1 1 1 1 1 1 1 1 1 1 1 1 1 1 1 1 
1 1 1 1 1 1 0 1 1 1 1 1 1 1 1 1 1 1 1 1 1 1 1 1 1 0 1 1 1 1 1 1 1 
1 1 1 1 0 1 1 1 1 1 1 1 1 1 1 1 0 1 1 1 1 1 1 1 0 1 1 1 1 1 0 1 1 
1 1 1 1 1 1 1 1 1 1 1 1 1 1 1 1 1 1 1 1 1 1 1 1 1 1 1 1 1 1 1 1 1 
1 1 1 1 1 1 1 1 1 1 1 1 1 1 1 1 1 1 1 1 1 1 1 1 1 1 1 1 1 1 1 1 1 
1 1 1 1 1 1 1 1 1 1 1 1 1 1 1 1 0 1 1 1 1 1 1 1 1 1 1 1 1 1 0 1 1 
1 1 1 1 1 1 1 1 1 1 1 0 1 1 1 1 1 1 1 1 1 1 1 1 0 1 1 0 1 1 1 1 1 
1 1 1 1 1 1 1 1 1 1 1 1 1 1 1 1 1 1 1 1 1 1 0 1 1 1 1 1 1 1 1 1 1 
1 1 1 1 1 1 1 1 0 1 1 1 0 1 1 1 1 1 1 1 1 1 1 1 1 1 0 1 0 1 1 1 1 
1 1 1 1 1 1 1 1 1 1 1 1 1 1 1 1 1 1 1 1 1 1 1 1 1 1 1 1 1 1 1 1 1 
1 1 1 1 1 1 1 1 1 1 1 1 1 1 1 1 1 1 1 1 1 0 1 1 1 1 1 1 1 0 1 1 0 
1 1 1 1 1 1 1 0 1 1 1 1 1 0 1 1 1 1 1 1 1 1 0 1 1 0 1 1 0 1 1 1 1 
1 1 1 1 1 1 1 1 1 1 1 1 1 1 1 1 1 1 1 1 1 1 1 1 1 1 1 1 1 1 1 1 1 
1 1 1 1 1 1 1 1 1 1 1 0 1 1 1 1 1 1 1 1 1 1 1 1 0 1 1 0 1 1 1 1 1 
1 1 1 1 1 1 1 1 1 1 1 1 1 1 1 1 1 1 1 1 1 1 1 1 1 1 1 1 1 1 1 1 1 
1 1 1 1 0 1 1 1 1 1 1 1 1 1 1 1 1 1 1 0 1 1 1 1 0 1 1 1 1 1 1 0 1 
1 1 1 1 1 1 1 1 1 1 1 1 1 1 1 1 1 1 1 0 1 1 1 1 1 1 0 1 1 1 1 0 1 
1 1 1 1 1 1 1 1 1 1 1 1 1 1 1 1 1 1 1 1 1 0 1 1 1 1 1 1 1 1 1 1 0 
1 1 1 1 1 1 1 1 1 1 1 1 1 1 1 1 1 1 1 1 1 1 1 1 1 1 1 1 1 1 1 1 1 
1 1 1 1 1 1 1 1 1 1 1 1 1 1 1 1 1 1 1 1 1 1 1 1 1 1 1 1 1 1 1 1 1 
1 1 1 1 1 1 0 1 1 1 1 1 1 1 0 1 1 1 1 1 1 1 1 0 1 0 1 1 1 0 1 1 1 
1 1 1 1 1 1 1 0 1 1 1 1 1 1 1 1 1 1 1 1 1 1 1 1 1 0 1 1 1 1 1 1 1 
1 1 1 0 1 0 1 1 1 1 1 1 1 1 1 1 1 1 0 1 1 1 1 0 0 1 1 1 1 1 1 0 1 
1 1 0 1 1 1 1 1 1 1 1 1 1 1 1 1 1 1 1 1 1 1 1 0 1 1 1 1 1 1 1 1 1 
1 1 1 1 1 1 1 1 1 1 1 1 1 0 1 1 0 0 1 1 1 1 1 1 1 1 1 1 0 1 0 1 1 
1 1 1 1 1 1 1 1 1 1 1 1 1 1 1 1 1 1 1 1 1 0 1 1 1 0 1 1 1 1 1 1 0 
1 1 1 1 1 1 1 1 1 1 1 1 1 1 1 1 1 1 1 1 1 1 1 1 1 1 1 1 1 1 1 1 1 
1 1 1 1 1 1 1 1 1 1 1 1 1 1 0 1 1 1 1 1 1 1 1 1 1 1 1 1 1 0 1 1 1 
1 1 1 1 1 1 1 1 1 1 1 1 1 1 1 1 1 1 1 1 1 1 1 1 1 1 1 1 1 1 1 1 1 
1 1 1 1 1 1 1 1 1 1 1 1 1 1 1 1 1 1 1 1 1 1 1 0 1 1 1 1 1 1 1 1 1 
1 1 1 1 1 1 1 1 1 1 1 1 1 1 1 1 1 1 1 1 1 1 1 1 0 1 1 1 1 1 1 1 1 
1 1 1 1 1 1 0 1 1 1 1 1 1 1 1 1 0 1 1 1 0 1 1 1 1 0 1 1 1 1 0 1 0 
1 1 1 1 1 1 1 1 1 1 1 0 1 1 0 1 1 1 1 1 1 1 1 1 1 1 1 0 1 0 1 1 1 
1 1 1 1 1 1 1 1 1 1 1 1 1 1 1 1 1 1 1 1 1 1 1 1 1 1 1 1 1 1 1 1 1 
1 1 1 0 1 1 1 1 1 1 1 1 1 1 0 1 0 1 1 1 1 1 1 0 1 1 1 1 1 0 0 1 1 
1 1 1 1 1 1 1 1 1 0 1 1 1 1 1 1 1 0 1 1 1 1 1 1 1 1 0 1 1 1 0 1 1 
1 1 1 1 1 1 1 1 1 1 1 1 1 0 1 1 1 0 1 1 1 1 1 1 1 1 1 1 0 1 0 1 1 
1 1 1 1 1 1 1 1 1 1 1 0 0 1 1 1 1 1 1 1 1 1 1 1 1 1 0 0 0 1 1 1 1 
1 0 1 1 1 1 1 1 1 1 1 1 1 1 1 1 1 0 1 1 1 1 0 1 1 1 1 1 1 1 0 1 1 
]

EmployeeWantedInStint: [ (1 15) 1 (1 27) 1 (2 15) 1 (2 20) 1 (4 19) 1 (5 5) 1 (5 27) 1 (7 18) 1 (8 8) 1 (8 14) 1 (9 6) 1 (9 26) 1 (11 18) 1 (12 23) 1 (17 13) 1 (20 28) 1 (20 33) 1 (22 10) 1 (22 16) 1 (22 20) 1 (23 3) 1 (23 23) 1 (24 13) 1 (24 29) 1 (26 21) 1 (27 18) 1 (29 30) 1 (30 11) 1 (34 19) 1 (36 7) 1 (36 26) 1 (36 31) 1 (38 19) 1 (39 20) 1 (41 8) 1 (42 9) 1 (44 11) 1 (45 2) 1 (45 13) 1 (45 31) 1 (46 14) 1 (47 10) 1 (47 24) 1 (48 12) 1 (48 27) 1 (49 31) 1 (51 13) 1 (52 24) 1 (52 29) 1 (55 8) 1 (57 19) 1 (59 11) 1 (59 26) 1 (60 16) 1 (61 22) 1 (62 22) 1 (64 16) 1 (65 16) 1 (66 27) 1 (66 31) 1 (67 30) 1 (68 1) 1 (70 1) 1 (72 6) 1 (72 27) 1 (73 16) 1 (74 15) 1 (78 6) 1 (79 28) 1 (81 27) 1 (82 7) 1 (82 13) 1 (83 13) 1 (84 8) 1 (89 19) 1 ]

EmployeeWantedViolationCost: [ (1 15) 8000 (1 27) 15000 (2 15) 13000 (2 20) 10000 (4 19) 10000 (5 5) 13000 (5 27) 15000 (7 18) 12000 (8 8) 13000 (8 14) 9000 (9 6) 7000 (9 26) 6000 (11 18) 5000 (12 23) 10000 (17 13) 11000 (20 28) 13000 (20 33) 5000 (22 10) 6000 (22 16) 6000 (22 20) 13000 (23 3) 12000 (23 23) 10000 (24 13) 13000 (24 29) 8000 (26 21) 11000 (27 18) 10000 (29 30) 6000 (30 11) 7000 (34 19) 15000 (36 7) 5000 (36 26) 14000 (36 31) 7000 (38 19) 11000 (39 20) 14000 (41 8) 12000 (42 9) 15000 (44 11) 5000 (45 2) 13000 (45 13) 10000 (45 31) 6000 (46 14) 10000 (47 10) 7000 (47 24) 15000 (48 12) 11000 (48 27) 7000 (49 31) 15000 (51 13) 7000 (52 24) 10000 (52 29) 6000 (55 8) 7000 (57 19) 8000 (59 11) 11000 (59 26) 10000 (60 16) 13000 (61 22) 8000 (62 22) 14000 (64 16) 10000 (65 16) 7000 (66 27) 5000 (66 31) 15000 (67 30) 10000 (68 1) 5000 (70 1) 15000 (72 6) 12000 (72 27) 6000 (73 16) 13000 (74 15) 10000 (78 6) 15000 (79 28) 7000 (81 27) 14000 (82 7) 5000 (82 13) 7000 (83 13) 14000 (84 8) 14000 (89 19) 9000 ]

EmployeesThatShouldNotWorkTogetherWithEmployee: [
[ 17 48 68 ]
[ 17 46 ]
[ 19 27 74 79 82 87 88 ]
[ 12 22 77 ]
[ 39 87 ]
[ 28 77 ]
[ 45 76 90 ]
[ 24 77 ]
[ 20 31 34 76 ]
[ 13 39 63 ]
[ 64 ]
[ 26 53 67 84 ]
[ 36 63 ]
[ 55 58 ]
[ 23 35 40 41 46 52 53 58 ]
[ 19 31 39 54 61 86 ]
[ 59 84 88 ]
[ 28 63 ]
[ 36 89 ]
[ 22 37 76 88 ]
[ 23 47 68 83 ]
[ 55 ]
[ 27 44 61 79 81 ]
[ 48 ]
[ 50 56 87 ]
[ 57 65 79 ]
[ 30 46 67 82 ]
[ ]
[ 72 ]
[ 75 ]
[ 50 85 ]
[ 46 59 60 70 ]
[ 59 ]
[ 72 78 ]
[ 48 56 ]
[ 37 65 78 ]
[ 54 62 90 ]
[ 74 ]
[ 60 68 83 ]
[ 51 87 ]
[ 66 ]
[ 65 73 79 82 ]
[ 53 60 67 72 76 77 85 87 ]
[ 51 69 78 81 90 ]
[ 61 ]
[ 50 ]
[ ]
[ 70 73 77 78 81 82 ]
[ 76 78 83 ]
[ 51 54 77 82 90 ]
[ ]
[ 56 ]
[ ]
[ 74 78 80 ]
[ 62 ]
[ ]
[ 67 70 80 ]
[ ]
[ 66 73 ]
[ ]
[ 62 78 82 ]
[ 65 68 ]
[ ]
[ 65 83 ]
[ 71 86 ]
[ ]
[ ]
[ 81 83 ]
[ 72 87 89 ]
[ ]
[ 72 80 ]
[ 79 ]
[ 86 88 ]
[ ]
[ ]
[ ]
[ ]
[ 79 ]
[ ]
[ ]
[ ]
[ ]
[ ]
[ 86 ]
[ ]
[ ]
[ ]
[ ]
[ ]
[ ]
]

ShouldNotWorkTogetherCost: [ (1 17) 99 (1 48) 396 (1 68) 99 (2 17) 396 (2 46) 297 (3 19) 297 (3 27) 99 (3 74) 99 (3 79) 297 (3 82) 396 (3 87) 396 (3 88) 99 (4 12) 198 (4 22) 396 (4 77) 99 (5 39) 198 (5 87) 396 (6 28) 198 (6 77) 396 (7 45) 396 (7 76) 99 (7 90) 198 (8 24) 297 (8 77) 99 (9 20) 297 (9 31) 99 (9 34) 396 (9 76) 198 (10 13) 297 (10 39) 396 (10 63) 198 (11 64) 99 (12 26) 198 (12 53) 198 (12 67) 198 (12 84) 396 (13 36) 297 (13 63) 396 (14 55) 297 (14 58) 297 (15 23) 99 (15 35) 297 (15 40) 297 (15 41) 297 (15 46) 198 (15 52) 198 (15 53) 198 (15 58) 198 (16 19) 297 (16 31) 198 (16 39) 198 (16 54) 396 (16 61) 198 (16 86) 297 (17 59) 297 (17 84) 198 (17 88) 99 (18 28) 198 (18 63) 396 (19 36) 99 (19 89) 99 (20 22) 297 (20 37) 297 (20 76) 99 (20 88) 297 (21 23) 396 (21 47) 396 (21 68) 297 (21 83) 396 (22 55) 297 (23 27) 198 (23 44) 99 (23 61) 396 (23 79) 198 (23 81) 99 (24 48) 99 (25 50) 396 (25 56) 99 (25 87) 198 (26 57) 99 (26 65) 297 (26 79) 99 (27 30) 99 (27 46) 297 (27 67) 396 (27 82) 99 (29 72) 297 (30 75) 297 (31 50) 297 (31 85) 297 (32 46) 297 (32 59) 396 (32 60) 297 (32 70) 99 (33 59) 396 (34 72) 99 (34 78) 297 (35 48) 297 (35 56) 99 (36 37) 198 (36 65) 396 (36 78) 99 (37 54) 396 (37 62) 297 (37 90) 396 (38 74) 99 (39 60) 198 (39 68) 297 (39 83) 396 (40 51) 99 (40 87) 396 (41 66) 396 (42 65) 297 (42 73) 198 (42 79) 99 (42 82) 396 (43 53) 297 (43 60) 198 (43 67) 99 (43 72) 198 (43 76) 297 (43 77) 297 (43 85) 396 (43 87) 396 (44 51) 396 (44 69) 297 (44 78) 99 (44 81) 396 (44 90) 297 (45 61) 297 (46 50) 198 (48 70) 198 (48 73) 297 (48 77) 297 (48 78) 297 (48 81) 198 (48 82) 396 (49 76) 396 (49 78) 297 (49 83) 396 (50 51) 99 (50 54) 198 (50 77) 297 (50 82) 396 (50 90) 99 (52 56) 396 (54 74) 297 (54 78) 297 (54 80) 198 (55 62) 297 (57 67) 99 (57 70) 99 (57 80) 297 (59 66) 396 (59 73) 198 (61 62) 396 (61 78) 297 (61 82) 99 (62 65) 198 (62 68) 297 (64 65) 99 (64 83) 396 (65 71) 396 (65 86) 99 (68 81) 297 (68 83) 99 (69 72) 198 (69 87) 396 (69 89) 396 (71 72) 198 (71 80) 396 (72 79) 297 (73 86) 396 (73 88) 396 (78 79) 198 (84 86) 99 ]

ImmediatePredecessorsToActivity: [
[ ]
[ 1 ]
[ 2 ]
[ 1 ]
[ 4 ]
[ 2 ]
[ 3 ]
[ 1 ]
[ 3 8 ]
[ 6 ]
[ 4 ]
[ 2 4 9 ]
[ 6 7 8 11 ]
[ 5 11 ]
[ 3 13 ]
[ 2 5 ]
[ 14 ]
[ 13 ]
[ 5 8 ]
[ 4 9 ]
[ ]
[ 21 ]
[ 21 ]
[ 23 ]
[ 24 ]
[ 21 ]
[ 23 ]
[ 25 26 ]
[ 23 ]
[ 22 ]
[ 22 24 ]
[ 25 29 31 ]
[ 22 23 26 ]
[ 31 ]
[ 30 31 ]
[ 33 ]
[ 22 24 ]
]

ActivitiesInProject: [
[ 1 2 3 4 5 6 7 8 9 10 11 12 13 14 15 16 17 18 19 20 ]
[ 21 22 23 24 25 26 27 28 29 30 31 32 33 34 35 36 37 ]
]

nActivityModes: [ 2 2 2 2 2 2 2 2 2 2 2 2 2 2 2 2 2 2 2 2 2 2 2 2 2 2 2 2 2 2 2 2 2 2 2 2 2 ]

ActivityDurationWithMode: [
1	1	
5	4	
8	6	
5	4	
5	4	
6	4	
7	5	
21	14	
8	6	
27	18	
6	4	
5	4	
6	4	
8	6	
5	4	
23	16	
5	4	
9	6	
7	5	
7	5	
1	1	
5	4	
12	8	
8	6	
15	10	
10	7	
26	18	
5	4	
23	16	
33	22	
5	4	
8	6	
12	8	
16	11	
7	5	
6	4	
21	14	
]

StintsInProject: [
[ 1 2 3 4 5 6 7 8 9 10 11 12 13 14 15 16 17 18 19 20 21 22 ]
[ 23 24 25 26 27 28 29 30 31 32 33 ]
]

WorkingStintsOnDay: [
[ 1 23 ]
[ 1 23 ]
[ 1 23 ]
[ 1 23 ]
[ 1 23 ]
[ 23 ]
[ 23 ]
[ 2 23 ]
[ 2 23 ]
[ 2 23 ]
[ 2 23 ]
[ 2 23 ]
[ 23 ]
[ 23 ]
[ 3 24 ]
[ 3 24 ]
[ 3 24 ]
[ 3 24 ]
[ 3 24 ]
[ 24 ]
[ 24 ]
[ 4 24 ]
[ 4 24 ]
[ 4 24 ]
[ 4 24 ]
[ 4 24 ]
[ 24 ]
[ 24 ]
[ 5 25 ]
[ 5 25 ]
[ 5 25 ]
[ 5 25 ]
[ 5 25 ]
[ 25 ]
[ 25 ]
[ 6 25 ]
[ 6 25 ]
[ 6 25 ]
[ 6 25 ]
[ 6 25 ]
[ 25 ]
[ 25 ]
[ 7 26 ]
[ 7 26 ]
[ 7 26 ]
[ 7 26 ]
[ 7 26 ]
[ 26 ]
[ 26 ]
[ 8 26 ]
[ 8 26 ]
[ 8 26 ]
[ 8 26 ]
[ 8 26 ]
[ 26 ]
[ 26 ]
[ 9 27 ]
[ 9 27 ]
[ 9 27 ]
[ 9 27 ]
[ 9 27 ]
[ 27 ]
[ 27 ]
[ 10 27 ]
[ 10 27 ]
[ 10 27 ]
[ 10 27 ]
[ 10 27 ]
[ 27 ]
[ 27 ]
[ 11 28 ]
[ 11 28 ]
[ 11 28 ]
[ 11 28 ]
[ 11 28 ]
[ 28 ]
[ 28 ]
[ 12 28 ]
[ 12 28 ]
[ 12 28 ]
[ 12 28 ]
[ 12 28 ]
[ 28 ]
[ 28 ]
[ 13 29 ]
[ 13 29 ]
[ 13 29 ]
[ 13 29 ]
[ 13 29 ]
[ 29 ]
[ 29 ]
[ 14 29 ]
[ 14 29 ]
[ 14 29 ]
[ 14 29 ]
[ 14 29 ]
[ 29 ]
[ 29 ]
[ 15 30 ]
[ 15 30 ]
[ 15 30 ]
[ 15 30 ]
[ 15 30 ]
[ 30 ]
[ 30 ]
[ 16 30 ]
[ 16 30 ]
[ 16 30 ]
[ 16 30 ]
[ 16 30 ]
[ 30 ]
[ 30 ]
[ 17 31 ]
[ 17 31 ]
[ 17 31 ]
[ 17 31 ]
[ 17 31 ]
[ 31 ]
[ 31 ]
[ 18 31 ]
[ 18 31 ]
[ 18 31 ]
[ 18 31 ]
[ 18 31 ]
[ 31 ]
[ 31 ]
[ 19 32 ]
[ 19 32 ]
[ 19 32 ]
[ 19 32 ]
[ 19 32 ]
[ 32 ]
[ 32 ]
[ 20 32 ]
[ 20 32 ]
[ 20 32 ]
[ 20 32 ]
[ 20 32 ]
[ 32 ]
[ 32 ]
[ 21 33 ]
[ 21 33 ]
[ 21 33 ]
[ 21 33 ]
[ 21 33 ]
[ 33 ]
[ 33 ]
[ 22 33 ]
[ 22 33 ]
[ 22 33 ]
]

ProjectStart: [ 21 43 ]

ProjectEnd: [ 77 89 ]

EarliestStartDayForActivity: [ 1 21 27 21 27 27 39 21 51 37 27 61 51 37 59 34 47 59 51 61 1 43 43 55 63 43 55 78 55 48 63 78 55 68 81 67 63 ]

LatestStartDayForActivity: [ 1 77 77 77 77 77 77 77 77 77 77 77 77 77 77 77 77 77 77 77 1 89 89 89 89 89 89 89 89 89 89 89 89 89 89 89 89 ]

EquipmentTypeDemandInActivityWithMode: [
0	1	
1	3	
0	1	
1	3	
1	3	
1	3	
2	4	
1	3	
1	3	
1	3	
1	3	
1	3	
0	1	
1	3	
1	3	
0	1	
1	3	
0	1	
2	4	
0	1	
0	1	
1	3	
1	3	
0	1	
3	6	
1	3	
1	3	
2	4	
2	4	
0	1	
0	1	
1	3	
2	4	
1	3	
2	4	
1	3	
1	3	

0	1	
0	1	
0	1	
0	1	
0	1	
2	4	
1	3	
1	3	
0	1	
0	1	
1	3	
2	4	
0	1	
0	1	
0	1	
1	3	
2	4	
0	1	
0	1	
0	1	
0	1	
0	1	
0	1	
1	3	
2	4	
2	4	
0	1	
0	1	
0	1	
0	1	
1	3	
0	1	
0	1	
2	4	
0	1	
0	1	
0	1	

0	1	
2	4	
2	4	
3	6	
1	3	
3	6	
0	1	
2	4	
2	4	
0	1	
2	4	
0	1	
1	3	
1	3	
2	4	
0	1	
0	1	
0	1	
1	3	
0	1	
0	1	
2	4	
1	3	
1	3	
1	3	
1	3	
1	3	
1	3	
3	6	
1	3	
1	3	
0	1	
2	4	
0	1	
0	1	
2	4	
1	3	

0	1	
0	1	
1	3	
1	3	
0	1	
2	4	
1	3	
1	3	
0	1	
1	3	
2	4	
1	3	
0	1	
2	4	
0	1	
0	1	
2	4	
0	1	
2	4	
0	1	
0	1	
1	3	
1	3	
1	3	
1	3	
1	3	
1	3	
2	4	
1	3	
1	3	
3	6	
1	3	
0	1	
1	3	
0	1	
1	3	
0	1	

0	1	
1	3	
2	4	
1	3	
1	3	
0	1	
1	3	
1	3	
1	3	
1	3	
0	1	
0	1	
1	3	
3	6	
0	1	
1	3	
2	4	
0	1	
1	3	
1	3	
0	1	
1	3	
1	3	
0	1	
0	1	
1	3	
1	3	
0	1	
1	3	
0	1	
1	3	
0	1	
6	10	
1	3	
1	3	
2	4	
3	6	

0	1	
3	6	
0	1	
0	1	
2	4	
2	4	
2	4	
4	7	
1	3	
2	4	
1	3	
2	4	
0	1	
1	3	
1	3	
2	4	
2	4	
3	6	
0	1	
1	3	
0	1	
1	3	
1	3	
2	4	
2	4	
3	6	
3	6	
2	4	
0	1	
2	4	
2	4	
0	1	
1	3	
0	1	
0	1	
2	4	
0	1	

0	1	
1	3	
2	4	
2	4	
0	1	
2	4	
0	1	
0	1	
0	1	
0	1	
0	1	
0	1	
0	1	
1	3	
1	3	
1	3	
1	3	
0	1	
1	3	
1	3	
0	1	
0	1	
1	3	
2	4	
0	1	
1	3	
0	1	
1	3	
1	3	
0	1	
1	3	
0	1	
0	1	
1	3	
2	4	
1	3	
0	1	

]

ExternalEquipmentRentingCost: [
3721	1462	2185	4168	2084	3422	1319	1053	4807	1685	3426	2397	3834	2585	3290	3832	4794	3242	2564	4224	5021	1001	3079	2020	5320	1538	5905	4401	4941	2248	2435	3438	3381	1773	3748	2700	4550	
2526	5412	5141	5305	4462	4262	3402	2185	3098	1389	5553	1221	5733	4646	2651	4810	5112	2259	2294	5503	3448	3553	4288	5312	2396	4473	1677	1052	4731	3049	3663	3121	1105	5637	3130	5161	5224	
3375	4309	2685	1179	5180	2856	2583	1072	4533	2247	5632	2197	4112	1843	5445	2745	3979	4445	1077	3720	4429	4496	3740	4788	4971	3318	3245	1599	4723	2210	4514	3879	3493	1135	3311	4981	2807	
4465	4709	2051	4705	4411	5842	5889	2080	5080	3984	3363	2403	4577	1412	3088	5125	2145	3794	5923	4733	2971	5609	1488	2405	5282	5984	2950	5584	5318	4116	5840	3127	3191	5666	4792	2534	5138	
4999	3756	3097	2961	3902	5889	4888	4068	3315	2576	3513	1655	5451	4978	1240	4924	5763	1818	1397	1715	2930	3664	1396	3677	5696	3240	5028	4504	3546	3899	5961	1892	3768	1123	1736	3004	1050	
5342	2558	1443	4696	3666	3323	5138	4039	4790	3363	1834	1335	1723	4077	1706	3634	3307	4719	2757	3388	5768	4660	4682	1694	3638	4354	1790	5310	2274	5404	4884	4929	3561	1169	2633	2158	3697	
1317	5753	3348	3690	1423	1115	2514	5450	5226	2358	2117	2628	1105	1707	2412	2286	1217	3328	2317	4982	2165	1666	2437	3213	5659	1398	1617	5909	1519	1653	5087	2653	5796	4536	5497	4555	4092	
]

EquipmentTypeTransportationCost: [
1	4493	
4493	1	

1	4228	
4228	1	

1	4338	
4338	1	

1	4677	
4677	1	

1	4463	
4463	1	

1	3820	
3820	1	

1	5292	
5292	1	

]

TransportationTimeForEquipmentTypeBetweenProjects: [
1	3	
3	1	

1	3	
3	1	

1	3	
3	1	

1	3	
3	1	

1	3	
3	1	

1	3	
3	1	

1	4	
4	1	

]

TotalNumberOfInitialEquipmentTypeLocation: [
(1 1) 3 (1 21) 4 
(2 1) 2 (2 21) 2 
(3 1) 4 (3 21) 4 
(4 1) 7 (4 21) 7 
(5 1) 3 (5 21) 4 
(6 1) 5 (6 21) 2 
(7 1) 2 (7 21) 1 
]

DepotActivities: [ 1 21 ]

MaximalStintCliques: [
[ 1 23 ]
[ 2 23 ]
[ 7 25 26 ]
[ 8 25 26 ]
[ 9 26 27 ]
[ 10 26 27 ]
[ 11 27 28 ]
[ 12 27 28 ]
[ 13 28 29 ]
[ 14 28 29 ]
[ 15 29 30 ]
[ 16 29 30 ]
[ 17 30 31 ]
[ 18 30 31 ]
[ 19 31 32 ]
[ 20 31 32 ]
[ 21 33 32 ]
[ 22 33 32 ]
[ 24 25 5 ]
[ 24 25 6 ]
[ 24 23 3 ]
[ 24 23 4 ]
]
