nEmployees: 90
nSkills: 4
nProjects: 2
nDays: 180
nActivities: 95
nEquipmentTypes: 5
nStints: 39
nMaxModes: 3
nStintCliques: 26

EmployeeInStintCost: [
36376 36376 36376 36376 36376 36376 36376 36376 36376 36376 36376 35164 24086 21435 21435 21435 21435 21435 21435 21435 21435 21435 21435 21435 21435 21435 21435 21435 21435 21435 21435 21435 21435 21435 21435 21435 21435 21435 20223 
47720 47720 47720 47720 47720 47720 47720 47720 47720 47720 47720 46460 35046 9780 9780 9780 9780 9780 9780 9780 9780 9780 9780 9780 9780 9780 9780 9780 9780 9780 9780 9780 9780 9780 9780 9780 9780 9780 8520 
38016 38016 38016 38016 38016 38016 38016 38016 38016 38016 38016 36708 24958 25171 25171 25171 25171 25171 25171 25171 25171 25171 25171 25171 25171 25171 25171 25171 25171 25171 25171 25171 25171 25171 25171 25171 25171 25171 23863 
44116 44116 44116 44116 44116 44116 44116 44116 44116 44116 44116 42784 30866 15603 15603 15603 15603 15603 15603 15603 15603 15603 15603 15603 15603 15603 15603 15603 15603 15603 15603 15603 15603 15603 15603 15603 15603 15603 14271 
38988 38988 38988 38988 38988 38988 38988 38988 38988 38988 38988 37608 25354 25387 25387 25387 25387 25387 25387 25387 25387 25387 25387 25387 25387 25387 25387 25387 25387 25387 25387 25387 25387 25387 25387 25387 25387 25387 24007 
42888 42888 42888 42888 42888 42888 42888 42888 42888 42888 42888 41436 28678 19019 19019 19019 19019 19019 19019 19019 19019 19019 19019 19019 19019 19019 19019 19019 19019 19019 19019 19019 19019 19019 19019 19019 19019 19019 17567 
36472 36472 36472 36472 36472 36472 36472 36472 36472 36472 36472 35260 24182 24651 24651 24651 24651 24651 24651 24651 24651 24651 24651 24651 24651 24651 24651 24651 24651 24651 24651 24651 24651 24651 24651 24651 24651 24651 23439 
36472 36472 36472 36472 36472 36472 36472 36472 36472 36472 36472 35260 24182 24651 24651 24651 24651 24651 24651 24651 24651 24651 24651 24651 24651 24651 24651 24651 24651 24651 24651 24651 24651 24651 24651 24651 24651 24651 23439 
38482 38482 38482 38482 38482 38482 38482 38482 38482 38482 38482 37114 24944 21903 21903 21903 21903 21903 21903 21903 21903 21903 21903 21903 21903 21903 21903 21903 21903 21903 21903 21903 21903 21903 21903 21903 21903 21903 20535 
38208 38208 38208 38208 38208 38208 38208 38208 38208 38208 38208 36996 25918 19691 19691 19691 19691 19691 19691 19691 19691 19691 19691 19691 19691 19691 19691 19691 19691 19691 19691 19691 19691 19691 19691 19691 19691 19691 18479 
39018 39018 39018 39018 39018 39018 39018 39018 39018 39018 39018 37746 26248 19871 19871 19871 19871 19871 19871 19871 19871 19871 19871 19871 19871 19871 19871 19871 19871 19871 19871 19871 19871 19871 19871 19871 19871 19871 18599 
46592 46592 46592 46592 46592 46592 46592 46592 46592 46592 46592 45332 33918 12099 12099 12099 12099 12099 12099 12099 12099 12099 12099 12099 12099 12099 12099 12099 12099 12099 12099 12099 12099 12099 12099 12099 12099 12099 10839 
38320 38320 38320 38320 38320 38320 38320 38320 38320 38320 38320 36916 24494 24947 24947 24947 24947 24947 24947 24947 24947 24947 24947 24947 24947 24947 24947 24947 24947 24947 24947 24947 24947 24947 24947 24947 24947 24947 23543 
18826 18826 18826 18826 18826 18826 18826 18826 18826 18826 18826 17470 7978 23579 23579 23579 23579 23579 23579 23579 23579 23579 23579 23579 23579 23579 23579 23579 23579 23579 23579 23579 23579 23579 23579 23579 23579 23579 22223 
45314 45314 45314 45314 45314 45314 45314 45314 45314 45314 45314 43850 31008 16575 16575 16575 16575 16575 16575 16575 16575 16575 16575 16575 16575 16575 16575 16575 16575 16575 16575 16575 16575 16575 16575 16575 16575 16575 15111 
39388 39388 39388 39388 39388 39388 39388 39388 39388 39388 39388 37960 25370 25299 25299 25299 25299 25299 25299 25299 25299 25299 25299 25299 25299 25299 25299 25299 25299 25299 25299 25299 25299 25299 25299 25299 25299 25299 23871 
39378 39378 39378 39378 39378 39378 39378 39378 39378 39378 39378 38058 26224 20255 20255 20255 20255 20255 20255 20255 20255 20255 20255 20255 20255 20255 20255 20255 20255 20255 20255 20255 20255 20255 20255 20255 20255 20255 18935 
39540 39540 39540 39540 39540 39540 39540 39540 39540 39540 39540 38208 26290 20291 20291 20291 20291 20291 20291 20291 20291 20291 20291 20291 20291 20291 20291 20291 20291 20291 20291 20291 20291 20291 20291 20291 20291 20291 18959 
47402 47402 47402 47402 47402 47402 47402 47402 47402 47402 47402 46130 34632 12023 12023 12023 12023 12023 12023 12023 12023 12023 12023 12023 12023 12023 12023 12023 12023 12023 12023 12023 12023 12023 12023 12023 12023 12023 10751 
48206 48206 48206 48206 48206 48206 48206 48206 48206 48206 48206 46910 35244 9888 9888 9888 9888 9888 9888 9888 9888 9888 9888 9888 9888 9888 9888 9888 9888 9888 9888 9888 9888 9888 9888 9888 9888 9888 8592 
18664 18664 18664 18664 18664 18664 18664 18664 18664 18664 18664 17320 7912 23543 23543 23543 23543 23543 23543 23543 23543 23543 23543 23543 23543 23543 23543 23543 23543 23543 23543 23543 23543 23543 23543 23543 23543 23543 22199 
47014 47014 47014 47014 47014 47014 47014 47014 47014 47014 47014 45766 34436 9184 9184 9184 9184 9184 9184 9184 9184 9184 9184 9184 9184 9184 9184 9184 9184 9184 9184 9184 9184 9184 9184 9184 9184 9184 7936 
45088 45088 45088 45088 45088 45088 45088 45088 45088 45088 45088 43684 31262 15819 15819 15819 15819 15819 15819 15819 15819 15819 15819 15819 15819 15819 15819 15819 15819 15819 15819 15819 15819 15819 15819 15819 15819 15819 14415 
37682 37682 37682 37682 37682 37682 37682 37682 37682 37682 37682 36506 25680 20327 20327 20327 20327 20327 20327 20327 20327 20327 20327 20327 20327 20327 20327 20327 20327 20327 20327 20327 20327 20327 20327 20327 20327 20327 19151 
38092 38092 38092 38092 38092 38092 38092 38092 38092 38092 38092 36760 24842 25011 25011 25011 25011 25011 25011 25011 25011 25011 25011 25011 25011 25011 25011 25011 25011 25011 25011 25011 25011 25011 25011 25011 25011 25011 23679 
16558 16558 16558 16558 16558 16558 16558 16558 16558 16558 16558 15370 7054 23075 23075 23075 23075 23075 23075 23075 23075 23075 23075 23075 23075 23075 23075 23075 23075 23075 23075 23075 23075 23075 23075 23075 23075 23075 21887 
17010 17010 17010 17010 17010 17010 17010 17010 17010 17010 17010 15750 6930 23355 23355 23355 23355 23355 23355 23355 23355 23355 23355 23355 23355 23355 23355 23355 23355 23355 23355 23355 23355 23355 23355 23355 23355 23355 22095 
41426 41426 41426 41426 41426 41426 41426 41426 41426 41426 41426 40250 29424 15711 15711 15711 15711 15711 15711 15711 15711 15711 15711 15711 15711 15711 15711 15711 15711 15711 15711 15711 15711 15711 15711 15711 15711 15711 14535 
42236 42236 42236 42236 42236 42236 42236 42236 42236 42236 42236 41000 29754 15891 15891 15891 15891 15891 15891 15891 15891 15891 15891 15891 15891 15891 15891 15891 15891 15891 15891 15891 15891 15891 15891 15891 15891 15891 14655 
37854 37854 37854 37854 37854 37854 37854 37854 37854 37854 37854 36558 24892 25135 25135 25135 25135 25135 25135 25135 25135 25135 25135 25135 25135 25135 25135 25135 25135 25135 25135 25135 25135 25135 25135 25135 25135 25135 23839 
16362 16362 16362 16362 16362 16362 16362 16362 16362 16362 16362 15150 6666 23211 23211 23211 23211 23211 23211 23211 23211 23211 23211 23211 23211 23211 23211 23211 23211 23211 23211 23211 23211 23211 23211 23211 23211 23211 21999 
38016 38016 38016 38016 38016 38016 38016 38016 38016 38016 38016 36708 24958 25171 25171 25171 25171 25171 25171 25171 25171 25171 25171 25171 25171 25171 25171 25171 25171 25171 25171 25171 25171 25171 25171 25171 25171 25171 23863 
36376 36376 36376 36376 36376 36376 36376 36376 36376 36376 36376 35164 24086 21435 21435 21435 21435 21435 21435 21435 21435 21435 21435 21435 21435 21435 21435 21435 21435 21435 21435 21435 21435 21435 21435 21435 21435 21435 20223 
48410 48410 48410 48410 48410 48410 48410 48410 48410 48410 48410 47138 35640 3816 3816 3816 3816 3816 3816 3816 3816 3816 3816 3816 3816 3816 3816 3816 3816 3816 3816 3816 3816 3816 3816 3816 3816 3816 2544 
46586 46586 46586 46586 46586 46586 46586 46586 46586 46586 46586 45410 34584 9528 9528 9528 9528 9528 9528 9528 9528 9528 9528 9528 9528 9528 9528 9528 9528 9528 9528 9528 9528 9528 9528 9528 9528 9528 8352 
35080 35080 35080 35080 35080 35080 35080 35080 35080 35080 35080 33916 23174 24227 24227 24227 24227 24227 24227 24227 24227 24227 24227 24227 24227 24227 24227 24227 24227 24227 24227 24227 24227 24227 24227 24227 24227 24227 23063 
38644 38644 38644 38644 38644 38644 38644 38644 38644 38644 38644 37216 24626 25019 25019 25019 25019 25019 25019 25019 25019 25019 25019 25019 25019 25019 25019 25019 25019 25019 25019 25019 25019 25019 25019 25019 25019 25019 23591 
47402 47402 47402 47402 47402 47402 47402 47402 47402 47402 47402 46130 34632 12023 12023 12023 12023 12023 12023 12023 12023 12023 12023 12023 12023 12023 12023 12023 12023 12023 12023 12023 12023 12023 12023 12023 12023 12023 10751 
44602 44602 44602 44602 44602 44602 44602 44602 44602 44602 44602 43234 31064 15711 15711 15711 15711 15711 15711 15711 15711 15711 15711 15711 15711 15711 15711 15711 15711 15711 15711 15711 15711 15711 15711 15711 15711 15711 14343 
42398 42398 42398 42398 42398 42398 42398 42398 42398 42398 42398 41150 29820 15927 15927 15927 15927 15927 15927 15927 15927 15927 15927 15927 15927 15927 15927 15927 15927 15927 15927 15927 15927 15927 15927 15927 15927 15927 14679 
44180 44180 44180 44180 44180 44180 44180 44180 44180 44180 44180 42800 30546 16323 16323 16323 16323 16323 16323 16323 16323 16323 16323 16323 16323 16323 16323 16323 16323 16323 16323 16323 16323 16323 16323 16323 16323 16323 14943 
37834 37834 37834 37834 37834 37834 37834 37834 37834 37834 37834 36514 24680 21759 21759 21759 21759 21759 21759 21759 21759 21759 21759 21759 21759 21759 21759 21759 21759 21759 21759 21759 21759 21759 21759 21759 21759 21759 20439 
36958 36958 36958 36958 36958 36958 36958 36958 36958 36958 36958 35710 24380 24759 24759 24759 24759 24759 24759 24759 24759 24759 24759 24759 24759 24759 24759 24759 24759 24759 24759 24759 24759 24759 24759 24759 24759 24759 23511 
48634 48634 48634 48634 48634 48634 48634 48634 48634 48634 48634 47266 35096 9544 9544 9544 9544 9544 9544 9544 9544 9544 9544 9544 9544 9544 9544 9544 9544 9544 9544 9544 9544 9544 9544 9544 9544 9544 8176 
40922 40922 40922 40922 40922 40922 40922 40922 40922 40922 40922 39506 27000 21047 21047 21047 21047 21047 21047 21047 21047 21047 21047 21047 21047 21047 21047 21047 21047 21047 21047 21047 21047 21047 21047 21047 21047 21047 19631 
48206 48206 48206 48206 48206 48206 48206 48206 48206 48206 48206 46910 35244 9888 9888 9888 9888 9888 9888 9888 9888 9888 9888 9888 9888 9888 9888 9888 9888 9888 9888 9888 9888 9888 9888 9888 9888 9888 8592 
41592 41592 41592 41592 41592 41592 41592 41592 41592 41592 41592 40236 28150 18731 18731 18731 18731 18731 18731 18731 18731 18731 18731 18731 18731 18731 18731 18731 18731 18731 18731 18731 18731 18731 18731 18731 18731 18731 17375 
48368 48368 48368 48368 48368 48368 48368 48368 48368 48368 48368 47060 35310 9924 9924 9924 9924 9924 9924 9924 9924 9924 9924 9924 9924 9924 9924 9924 9924 9924 9924 9924 9924 9924 9924 9924 9924 9924 8616 
41750 41750 41750 41750 41750 41750 41750 41750 41750 41750 41750 40550 29556 15783 15783 15783 15783 15783 15783 15783 15783 15783 15783 15783 15783 15783 15783 15783 15783 15783 15783 15783 15783 15783 15783 15783 15783 15783 14583 
42982 42982 42982 42982 42982 42982 42982 42982 42982 42982 42982 41734 30404 15351 15351 15351 15351 15351 15351 15351 15351 15351 15351 15351 15351 15351 15351 15351 15351 15351 15351 15351 15351 15351 15351 15351 15351 15351 14103 
38502 38502 38502 38502 38502 38502 38502 38502 38502 38502 38502 37158 25156 25279 25279 25279 25279 25279 25279 25279 25279 25279 25279 25279 25279 25279 25279 25279 25279 25279 25279 25279 25279 25279 25279 25279 25279 25279 23935 
38092 38092 38092 38092 38092 38092 38092 38092 38092 38092 38092 36760 24842 25011 25011 25011 25011 25011 25011 25011 25011 25011 25011 25011 25011 25011 25011 25011 25011 25011 25011 25011 25011 25011 25011 25011 25011 25011 23679 
43954 43954 43954 43954 43954 43954 43954 43954 43954 43954 43954 42634 30800 15567 15567 15567 15567 15567 15567 15567 15567 15567 15567 15567 15567 15567 15567 15567 15567 15567 15567 15567 15567 15567 15567 15567 15567 15567 14247 
39788 39788 39788 39788 39788 39788 39788 39788 39788 39788 39788 38456 26538 20795 20795 20795 20795 20795 20795 20795 20795 20795 20795 20795 20795 20795 20795 20795 20795 20795 20795 20795 20795 20795 20795 20795 20795 20795 19463 
47402 47402 47402 47402 47402 47402 47402 47402 47402 47402 47402 46130 34632 12023 12023 12023 12023 12023 12023 12023 12023 12023 12023 12023 12023 12023 12023 12023 12023 12023 12023 12023 12023 12023 12023 12023 12023 12023 10751 
47078 47078 47078 47078 47078 47078 47078 47078 47078 47078 47078 45782 34116 12103 12103 12103 12103 12103 12103 12103 12103 12103 12103 12103 12103 12103 12103 12103 12103 12103 12103 12103 12103 12103 12103 12103 12103 12103 10807 
47014 47014 47014 47014 47014 47014 47014 47014 47014 47014 47014 45766 34436 9184 9184 9184 9184 9184 9184 9184 9184 9184 9184 9184 9184 9184 9184 9184 9184 9184 9184 9184 9184 9184 9184 9184 9184 9184 7936 
18792 18792 18792 18792 18792 18792 18792 18792 18792 18792 18792 17400 7656 23751 23751 23751 23751 23751 23751 23751 23751 23751 23751 23751 23751 23751 23751 23751 23751 23751 23751 23751 23751 23751 23751 23751 23751 23751 22359 
18468 18468 18468 18468 18468 18468 18468 18468 18468 18468 18468 17100 7524 23679 23679 23679 23679 23679 23679 23679 23679 23679 23679 23679 23679 23679 23679 23679 23679 23679 23679 23679 23679 23679 23679 23679 23679 23679 22311 
40800 40800 40800 40800 40800 40800 40800 40800 40800 40800 40800 39396 26974 20267 20267 20267 20267 20267 20267 20267 20267 20267 20267 20267 20267 20267 20267 20267 20267 20267 20267 20267 20267 20267 20267 20267 20267 20267 18863 
39888 39888 39888 39888 39888 39888 39888 39888 39888 39888 39888 38628 27214 18635 18635 18635 18635 18635 18635 18635 18635 18635 18635 18635 18635 18635 18635 18635 18635 18635 18635 18635 18635 18635 18635 18635 18635 18635 17375 
46268 46268 46268 46268 46268 46268 46268 46268 46268 46268 46268 45032 33786 11923 11923 11923 11923 11923 11923 11923 11923 11923 11923 11923 11923 11923 11923 11923 11923 11923 11923 11923 11923 11923 11923 11923 11923 11923 10687 
38046 38046 38046 38046 38046 38046 38046 38046 38046 38046 38046 36846 25852 19655 19655 19655 19655 19655 19655 19655 19655 19655 19655 19655 19655 19655 19655 19655 19655 19655 19655 19655 19655 19655 19655 19655 19655 19655 18455 
17368 17368 17368 17368 17368 17368 17368 17368 17368 17368 17368 16120 7384 23255 23255 23255 23255 23255 23255 23255 23255 23255 23255 23255 23255 23255 23255 23255 23255 23255 23255 23255 23255 23255 23255 23255 23255 23255 22007 
38406 38406 38406 38406 38406 38406 38406 38406 38406 38406 38406 37158 25828 20039 20039 20039 20039 20039 20039 20039 20039 20039 20039 20039 20039 20039 20039 20039 20039 20039 20039 20039 20039 20039 20039 20039 20039 20039 18791 
43532 43532 43532 43532 43532 43532 43532 43532 43532 43532 43532 42200 30282 16179 16179 16179 16179 16179 16179 16179 16179 16179 16179 16179 16179 16179 16179 16179 16179 16179 16179 16179 16179 16179 16179 16179 16179 16179 14847 
38578 38578 38578 38578 38578 38578 38578 38578 38578 38578 38578 37210 25040 25119 25119 25119 25119 25119 25119 25119 25119 25119 25119 25119 25119 25119 25119 25119 25119 25119 25119 25119 25119 25119 25119 25119 25119 25119 23751 
18306 18306 18306 18306 18306 18306 18306 18306 18306 18306 18306 16950 7458 23643 23643 23643 23643 23643 23643 23643 23643 23643 23643 23643 23643 23643 23643 23643 23643 23643 23643 23643 23643 23643 23643 23643 23643 23643 22287 
39130 39130 39130 39130 39130 39130 39130 39130 39130 39130 39130 37714 25208 22047 22047 22047 22047 22047 22047 22047 22047 22047 22047 22047 22047 22047 22047 22047 22047 22047 22047 22047 22047 22047 22047 22047 22047 22047 20631 
16362 16362 16362 16362 16362 16362 16362 16362 16362 16362 16362 15150 6666 23211 23211 23211 23211 23211 23211 23211 23211 23211 23211 23211 23211 23211 23211 23211 23211 23211 23211 23211 23211 23211 23211 23211 23211 23211 21999 
18468 18468 18468 18468 18468 18468 18468 18468 18468 18468 18468 17100 7524 23679 23679 23679 23679 23679 23679 23679 23679 23679 23679 23679 23679 23679 23679 23679 23679 23679 23679 23679 23679 23679 23679 23679 23679 23679 22311 
40476 40476 40476 40476 40476 40476 40476 40476 40476 40476 40476 39096 26842 20195 20195 20195 20195 20195 20195 20195 20195 20195 20195 20195 20195 20195 20195 20195 20195 20195 20195 20195 20195 20195 20195 20195 20195 20195 18815 
47276 47276 47276 47276 47276 47276 47276 47276 47276 47276 47276 46088 35178 3564 3564 3564 3564 3564 3564 3564 3564 3564 3564 3564 3564 3564 3564 3564 3564 3564 3564 3564 3564 3564 3564 3564 3564 3564 2376 
48698 48698 48698 48698 48698 48698 48698 48698 48698 48698 48698 47330 35160 12311 12311 12311 12311 12311 12311 12311 12311 12311 12311 12311 12311 12311 12311 12311 12311 12311 12311 12311 12311 12311 12311 12311 12311 12311 10943 
47014 47014 47014 47014 47014 47014 47014 47014 47014 47014 47014 45766 34436 9184 9184 9184 9184 9184 9184 9184 9184 9184 9184 9184 9184 9184 9184 9184 9184 9184 9184 9184 9184 9184 9184 9184 9184 9184 7936 
37348 37348 37348 37348 37348 37348 37348 37348 37348 37348 37348 36064 24482 21651 21651 21651 21651 21651 21651 21651 21651 21651 21651 21651 21651 21651 21651 21651 21651 21651 21651 21651 21651 21651 21651 21651 21651 21651 20367 
38644 38644 38644 38644 38644 38644 38644 38644 38644 38644 38644 37264 25010 21939 21939 21939 21939 21939 21939 21939 21939 21939 21939 21939 21939 21939 21939 21939 21939 21939 21939 21939 21939 21939 21939 21939 21939 21939 20559 
38654 38654 38654 38654 38654 38654 38654 38654 38654 38654 38654 37406 26076 20543 20543 20543 20543 20543 20543 20543 20543 20543 20543 20543 20543 20543 20543 20543 20543 20543 20543 20543 20543 20543 20543 20543 20543 20543 19295 
46910 46910 46910 46910 46910 46910 46910 46910 46910 46910 46910 45710 34716 9600 9600 9600 9600 9600 9600 9600 9600 9600 9600 9600 9600 9600 9600 9600 9600 9600 9600 9600 9600 9600 9600 9600 9600 9600 8400 
47240 47240 47240 47240 47240 47240 47240 47240 47240 47240 47240 45980 34566 11987 11987 11987 11987 11987 11987 11987 11987 11987 11987 11987 11987 11987 11987 11987 11987 11987 11987 11987 11987 11987 11987 11987 11987 11987 10727 
46430 46430 46430 46430 46430 46430 46430 46430 46430 46430 46430 45182 33852 11959 11959 11959 11959 11959 11959 11959 11959 11959 11959 11959 11959 11959 11959 11959 11959 11959 11959 11959 11959 11959 11959 11959 11959 11959 10711 
42236 42236 42236 42236 42236 42236 42236 42236 42236 42236 42236 41000 29754 15891 15891 15891 15891 15891 15891 15891 15891 15891 15891 15891 15891 15891 15891 15891 15891 15891 15891 15891 15891 15891 15891 15891 15891 15891 14655 
47824 47824 47824 47824 47824 47824 47824 47824 47824 47824 47824 46516 34766 9364 9364 9364 9364 9364 9364 9364 9364 9364 9364 9364 9364 9364 9364 9364 9364 9364 9364 9364 9364 9364 9364 9364 9364 9364 8056 
39950 39950 39950 39950 39950 39950 39950 39950 39950 39950 39950 38606 26604 20831 20831 20831 20831 20831 20831 20831 20831 20831 20831 20831 20831 20831 20831 20831 20831 20831 20831 20831 20831 20831 20831 20831 20831 20831 19487 
37758 37758 37758 37758 37758 37758 37758 37758 37758 37758 37758 36558 25564 19895 19895 19895 19895 19895 19895 19895 19895 19895 19895 19895 19895 19895 19895 19895 19895 19895 19895 19895 19895 19895 19895 19895 19895 19895 18695 
44926 44926 44926 44926 44926 44926 44926 44926 44926 44926 44926 43534 31196 15783 15783 15783 15783 15783 15783 15783 15783 15783 15783 15783 15783 15783 15783 15783 15783 15783 15783 15783 15783 15783 15783 15783 15783 15783 14391 
49868 49868 49868 49868 49868 49868 49868 49868 49868 49868 49868 48488 36234 4140 4140 4140 4140 4140 4140 4140 4140 4140 4140 4140 4140 4140 4140 4140 4140 4140 4140 4140 4140 4140 4140 4140 4140 4140 2760 
49382 49382 49382 49382 49382 49382 49382 49382 49382 49382 49382 48038 36036 4032 4032 4032 4032 4032 4032 4032 4032 4032 4032 4032 4032 4032 4032 4032 4032 4032 4032 4032 4032 4032 4032 4032 4032 4032 2688 
38916 38916 38916 38916 38916 38916 38916 38916 38916 38916 38916 37728 26818 18419 18419 18419 18419 18419 18419 18419 18419 18419 18419 18419 18419 18419 18419 18419 18419 18419 18419 18419 18419 18419 18419 18419 18419 18419 17231 
43208 43208 43208 43208 43208 43208 43208 43208 43208 43208 43208 41900 30150 16107 16107 16107 16107 16107 16107 16107 16107 16107 16107 16107 16107 16107 16107 16107 16107 16107 16107 16107 16107 16107 16107 16107 16107 16107 14799 
]

ExternalWorkerWithSkillOnStintCost: [
41832 35700 48216 34104 39480 40992 41832 38220 42168 49224 39816 47880 41112 12660 12870 12420 14370 13500 14610 13290 13680 15240 15720 13740 15960 13110 12870 17040 12570 16500 15510 15540 16980 15330 12900 12810 14910 17340 12960 
38808 39732 44604 37548 41832 41328 44604 40572 43176 44604 38052 46284 35208 15420 16380 16770 12210 15150 14430 12000 13410 13530 13980 13320 16590 13620 15600 15720 13200 14340 15870 16920 15570 15480 13200 13950 15420 14850 13530 
45108 46620 34524 41328 35700 39732 38724 40656 33684 45192 35196 47040 40824 14400 15060 17550 16650 16710 13110 15420 12660 16530 17910 15750 16800 12120 12450 12330 12030 16980 13920 12120 13140 17640 17400 12060 12750 13230 17010 
36876 43512 41076 37044 42336 49896 47628 48384 46032 41664 39480 36456 34488 16950 13350 17940 12390 13680 13830 15630 13080 13260 14910 13110 17400 14790 17910 12900 16410 16500 12420 12360 15180 14520 16140 12150 14520 14130 16110 
]

OverlappingStints: [
[ 2 14 15 16 17 ]
[ 3 16 17 18 19 ]
[ 4 18 19 20 21 ]
[ 5 20 21 22 23 ]
[ 6 22 23 24 25 ]
[ 7 24 25 26 27 ]
[ 8 26 27 28 29 ]
[ 9 28 29 30 31 ]
[ 10 30 31 32 33 ]
[ 11 32 33 34 35 ]
[ 12 34 35 36 37 ]
[ 13 36 37 38 39 ]
[ 38 39 ]
[ ]
[ ]
[ ]
[ ]
[ ]
[ ]
[ ]
[ ]
[ ]
[ ]
[ ]
[ ]
[ ]
[ ]
[ ]
[ ]
[ ]
[ ]
[ ]
[ ]
[ ]
[ ]
[ ]
[ ]
[ ]
[ ]
]

EmployeesWithSkill: [
[ 1 2 3 4 5 6 7 8 9 10 11 12 13 14 15 16 17 18 19 20 21 22 23 24 25 26 27 28 29 30 31 32 33 34 35 36 37 38 39 40 41 42 43 44 45 46 47 48 49 50 51 52 53 54 55 56 57 58 59 60 61 62 63 64 65 66 67 68 69 70 71 72 73 74 75 76 77 78 79 80 81 82 83 84 85 86 87 88 89 90 ]
[ 1 3 6 7 11 14 15 16 17 20 22 23 24 25 27 30 31 33 34 37 38 40 44 45 46 48 49 50 52 53 55 56 59 60 61 64 66 67 69 70 71 76 79 81 83 85 88 89 ]
[ 1 2 4 5 6 7 8 9 10 11 13 14 15 18 19 20 22 23 26 27 28 29 30 32 33 34 35 37 38 39 40 42 43 44 45 46 47 48 50 51 52 53 55 56 57 58 59 61 62 63 65 67 68 71 72 73 74 75 76 77 79 82 83 84 85 86 87 88 ]
[ 2 3 5 6 12 13 14 15 16 17 19 20 22 23 27 30 36 37 38 39 40 41 45 47 48 49 50 53 55 56 58 59 60 61 64 66 68 69 72 75 80 83 88 89 ]
]

SkillDemandInActivityWithMode: [
0	0	0	
7	12	5	
7	12	5	
6	10	4	
10	16	7	
11	18	8	
8	13	6	
5	9	4	
3	6	2	
9	15	6	
3	6	2	
11	18	8	
5	9	4	
2	4	2	
2	4	2	
9	15	6	
11	18	8	
2	4	2	
2	4	2	
5	9	4	
3	6	2	
2	4	2	
5	9	4	
9	15	6	
4	7	3	
10	16	7	
4	7	3	
2	4	2	
5	9	4	
10	16	7	
5	9	4	
4	7	3	
8	13	6	
6	10	4	
5	9	4	
10	16	7	
2	4	2	
10	16	7	
4	7	3	
6	10	4	
5	9	4	
5	9	4	
11	18	8	
11	18	8	
7	12	5	
9	15	6	
2	4	2	
11	18	8	
11	18	8	
8	13	6	
11	18	8	
11	18	8	
0	0	0	
7	12	5	
9	15	6	
4	7	3	
6	10	4	
11	18	8	
11	18	8	
3	6	2	
4	7	3	
10	16	7	
6	10	4	
9	15	6	
10	16	7	
9	15	6	
5	9	4	
7	12	5	
6	10	4	
2	4	2	
9	15	6	
6	10	4	
9	15	6	
6	10	4	
6	10	4	
3	6	2	
5	9	4	
4	7	3	
2	4	2	
8	13	6	
3	6	2	
10	16	7	
9	15	6	
3	6	2	
7	12	5	
7	12	5	
11	18	8	
7	12	5	
11	18	8	
10	16	7	
2	4	2	
7	12	5	
2	4	2	
10	16	7	
10	16	7	

0	0	0	
0	1	0	
0	1	0	
0	1	0	
0	1	0	
0	1	0	
0	1	0	
0	1	0	
0	1	0	
0	1	0	
0	1	0	
0	1	0	
0	1	0	
0	1	0	
0	1	0	
0	1	0	
0	1	0	
0	1	0	
0	1	0	
0	1	0	
0	1	0	
0	1	0	
0	1	0	
0	1	0	
0	1	0	
0	1	0	
0	1	0	
0	1	0	
0	1	0	
0	1	0	
0	1	0	
0	1	0	
0	1	0	
0	1	0	
0	1	0	
0	1	0	
0	1	0	
0	1	0	
0	1	0	
0	1	0	
0	1	0	
0	1	0	
0	1	0	
0	1	0	
0	1	0	
0	1	0	
0	1	0	
0	1	0	
0	1	0	
0	1	0	
0	1	0	
0	1	0	
0	0	0	
9	15	6	
12	19	8	
5	9	4	
7	12	5	
15	24	10	
15	24	10	
3	6	2	
4	7	3	
13	21	9	
8	13	6	
12	19	8	
13	21	9	
12	19	8	
5	9	4	
9	15	6	
7	12	5	
1	3	1	
11	18	8	
7	12	5	
11	18	8	
8	13	6	
7	12	5	
3	6	2	
5	9	4	
5	9	4	
2	4	2	
10	16	7	
4	7	3	
13	21	9	
12	19	8	
3	6	2	
9	15	6	
9	15	6	
15	24	10	
9	15	6	
15	24	10	
13	21	9	
1	3	1	
9	15	6	
1	3	1	
13	21	9	
13	21	9	

0	0	0	
3	6	2	
3	6	2	
2	4	2	
4	7	3	
5	9	4	
3	6	2	
2	4	2	
1	3	1	
4	7	3	
1	3	1	
5	9	4	
2	4	2	
0	1	0	
0	1	0	
4	7	3	
5	9	4	
0	1	0	
0	1	0	
2	4	2	
1	3	1	
0	1	0	
2	4	2	
4	7	3	
2	4	2	
4	7	3	
1	3	1	
0	1	0	
2	4	2	
4	7	3	
2	4	2	
1	3	1	
3	6	2	
3	6	2	
2	4	2	
4	7	3	
0	1	0	
5	9	4	
1	3	1	
2	4	2	
2	4	2	
2	4	2	
5	9	4	
5	9	4	
3	6	2	
4	7	3	
0	1	0	
5	9	4	
5	9	4	
3	6	2	
5	9	4	
5	9	4	
0	0	0	
7	12	5	
10	16	7	
4	7	3	
6	10	4	
13	21	9	
13	21	9	
2	4	2	
3	6	2	
11	18	8	
6	10	4	
10	16	7	
11	18	8	
10	16	7	
4	7	3	
7	12	5	
6	10	4	
1	3	1	
9	15	6	
6	10	4	
9	15	6	
6	10	4	
6	10	4	
2	4	2	
5	9	4	
4	7	3	
2	4	2	
8	13	6	
3	6	2	
11	18	8	
10	16	7	
2	4	2	
7	12	5	
8	13	6	
12	19	8	
7	12	5	
12	19	8	
11	18	8	
1	3	1	
7	12	5	
1	3	1	
11	18	8	
11	18	8	

0	0	0	
3	6	2	
3	6	2	
2	4	2	
4	7	3	
5	9	4	
3	6	2	
2	4	2	
1	3	1	
4	7	3	
1	3	1	
5	9	4	
2	4	2	
0	1	0	
0	1	0	
4	7	3	
5	9	4	
0	1	0	
0	1	0	
2	4	2	
1	3	1	
0	1	0	
2	4	2	
4	7	3	
1	3	1	
4	7	3	
1	3	1	
0	1	0	
2	4	2	
4	7	3	
2	4	2	
1	3	1	
3	6	2	
2	4	2	
2	4	2	
4	7	3	
0	1	0	
4	7	3	
1	3	1	
2	4	2	
1	3	1	
2	4	2	
5	9	4	
5	9	4	
3	6	2	
3	6	2	
0	1	0	
5	9	4	
5	9	4	
3	6	2	
5	9	4	
5	9	4	
0	0	0	
3	6	2	
4	7	3	
1	3	1	
2	4	2	
5	9	4	
5	9	4	
1	3	1	
1	3	1	
4	7	3	
2	4	2	
4	7	3	
4	7	3	
4	7	3	
1	3	1	
3	6	2	
2	4	2	
0	1	0	
3	6	2	
2	4	2	
3	6	2	
2	4	2	
2	4	2	
1	3	1	
2	4	2	
1	3	1	
0	1	0	
3	6	2	
1	3	1	
4	7	3	
4	7	3	
1	3	1	
3	6	2	
3	6	2	
5	9	4	
3	6	2	
5	9	4	
4	7	3	
0	1	0	
3	6	2	
0	1	0	
4	7	3	
4	7	3	

]

EmployeeAvailability: [
1 1 1 1 1 0 1 1 1 0 1 1 1 1 1 1 1 1 1 1 1 1 1 1 0 1 1 1 1 1 1 1 1 1 1 1 1 1 1 
1 1 1 1 1 1 1 1 1 1 1 1 1 1 1 1 1 1 1 1 1 1 1 1 1 1 1 1 1 1 1 1 1 1 1 1 1 1 1 
1 1 1 1 1 0 1 0 1 1 1 0 1 1 1 1 1 1 1 1 1 1 1 1 0 1 1 0 1 1 1 1 1 1 1 1 0 1 1 
1 1 1 1 1 1 1 1 1 1 1 1 1 1 1 1 1 1 1 1 1 1 1 1 1 1 1 1 1 1 1 1 1 1 1 1 1 1 1 
1 1 1 1 1 1 1 1 1 1 0 0 1 1 1 1 1 1 1 1 1 1 1 1 1 1 1 1 1 1 1 1 1 1 0 0 1 1 1 
1 1 1 1 1 1 1 0 1 1 1 1 0 1 1 1 1 1 1 1 1 1 1 1 1 1 1 1 1 1 1 1 1 1 1 1 1 1 0 
1 1 1 1 1 1 0 1 0 1 1 1 0 1 1 1 1 1 1 1 1 1 1 1 1 1 1 1 1 1 0 1 1 1 1 1 1 1 1 
1 1 0 1 1 1 1 1 1 1 1 1 1 1 1 1 1 1 1 1 1 1 1 1 1 1 1 1 1 1 1 1 1 1 1 1 1 1 1 
1 1 1 1 1 1 1 0 1 1 0 1 1 1 1 1 1 1 1 1 1 1 1 1 1 1 1 1 0 1 1 1 1 1 0 1 1 1 1 
1 0 1 0 1 1 1 1 1 1 1 0 1 1 1 1 1 1 1 0 1 1 1 1 1 1 1 1 1 1 1 1 1 1 1 1 1 1 1 
1 0 1 1 1 1 1 1 1 1 1 1 1 1 1 0 1 1 1 1 1 1 1 1 1 1 1 1 1 1 1 1 1 1 1 1 1 1 1 
1 1 1 1 1 1 1 1 1 0 1 1 1 1 1 1 1 1 1 1 1 1 1 1 1 1 1 1 1 1 1 1 0 1 1 1 1 1 1 
1 1 1 1 1 1 1 1 1 1 1 0 1 1 1 1 1 1 1 1 1 1 1 1 1 1 1 1 1 1 1 1 1 1 1 0 1 1 1 
1 1 1 1 1 1 1 1 1 1 1 1 1 1 1 1 1 1 1 1 1 1 1 1 1 1 1 1 1 1 1 1 1 1 1 1 1 1 1 
1 1 0 1 1 1 1 1 1 1 1 1 0 1 1 1 1 1 0 1 1 1 1 1 1 1 1 1 1 1 1 1 1 1 1 1 1 0 1 
1 1 1 1 1 1 1 1 1 1 1 1 1 1 1 1 1 1 1 1 1 1 1 1 1 1 1 1 1 1 1 1 1 1 1 1 1 1 1 
1 1 1 1 1 1 1 0 1 0 0 1 1 1 1 1 1 1 1 1 1 1 1 1 1 1 1 0 1 1 1 0 1 1 1 1 1 1 1 
1 1 1 1 1 1 1 1 1 1 1 0 1 1 1 1 1 1 1 1 1 1 1 1 1 1 1 1 1 1 1 1 1 1 1 0 1 1 1 
1 1 0 1 1 1 1 1 1 1 1 1 0 1 1 1 1 0 1 1 1 1 1 1 1 1 1 1 1 1 1 1 1 1 1 1 1 1 1 
1 1 1 1 1 1 1 1 1 1 1 0 1 1 1 1 1 1 1 1 1 1 1 1 1 1 1 1 1 1 1 1 1 1 1 1 1 1 1 
1 1 1 1 1 1 1 1 1 1 1 1 1 1 1 1 1 1 1 1 1 1 1 1 1 1 1 1 1 1 1 1 1 1 1 1 1 1 1 
1 0 1 1 0 1 1 1 1 1 1 1 1 1 1 0 1 1 1 1 1 1 0 1 1 1 1 1 1 1 1 1 1 1 1 1 1 1 1 
0 1 1 1 1 1 1 1 1 1 1 1 1 1 0 1 1 1 1 1 1 1 1 1 1 1 1 1 1 1 1 1 1 1 1 1 1 1 1 
1 1 1 1 1 1 1 1 1 1 1 1 1 1 1 1 1 1 1 1 1 1 1 1 1 1 1 1 1 1 1 1 1 1 1 1 1 1 1 
0 1 1 1 1 1 0 0 1 1 1 1 1 0 1 1 1 1 1 1 1 1 1 1 1 1 1 1 0 1 1 1 1 1 1 1 1 1 1 
1 1 1 1 1 1 1 1 1 1 1 1 1 1 1 1 1 1 1 1 1 1 1 1 1 1 1 1 1 1 1 1 1 1 1 1 1 1 1 
1 1 1 1 1 1 1 1 1 1 1 1 1 1 1 1 1 1 1 1 1 1 1 1 1 1 1 1 1 1 1 1 1 1 1 1 1 1 1 
1 1 0 1 1 1 1 1 1 1 1 1 1 1 1 1 1 1 0 1 1 1 1 1 1 1 1 1 1 1 1 1 1 1 1 1 1 1 1 
1 1 1 1 1 1 0 0 1 1 0 1 1 1 1 1 1 1 1 1 1 1 1 1 1 0 1 1 0 1 1 1 1 1 0 1 1 1 1 
0 1 1 1 1 1 0 1 0 1 1 1 1 1 1 1 1 1 1 1 1 1 1 1 1 1 0 1 1 0 1 1 1 1 1 1 1 1 1 
1 1 1 1 1 1 1 1 1 1 0 1 1 1 1 1 1 1 1 1 1 1 1 1 1 1 1 1 1 1 1 1 1 1 0 1 1 1 1 
1 1 1 1 1 1 1 1 1 1 1 1 1 1 1 1 1 1 1 1 1 1 1 1 1 1 1 1 1 1 1 1 1 1 1 1 1 1 1 
1 1 1 1 1 0 1 1 1 1 1 1 1 1 1 1 1 1 1 1 1 1 1 1 1 1 1 1 1 1 1 1 1 1 1 1 1 1 1 
1 1 1 1 1 1 0 1 1 1 0 0 1 1 1 1 1 1 1 1 1 1 1 1 1 0 1 1 1 1 1 1 1 1 0 1 0 1 1 
1 1 1 1 1 1 0 1 1 0 1 1 1 1 1 1 1 1 1 1 1 1 1 1 1 1 1 1 1 1 1 1 0 1 1 1 1 1 1 
1 1 1 1 1 1 1 1 1 1 1 1 1 1 1 1 1 1 1 1 1 1 1 1 1 1 1 1 1 1 1 1 1 1 1 1 1 1 1 
1 1 1 1 1 1 1 1 1 1 1 1 1 1 1 1 1 1 1 1 1 1 1 1 1 1 1 1 1 1 1 1 1 1 1 1 1 1 1 
1 1 1 1 1 1 1 1 1 1 1 1 1 1 1 1 1 1 1 1 1 1 1 1 1 1 1 1 1 1 1 1 1 1 1 1 1 1 1 
1 1 1 0 1 1 1 1 1 1 1 1 1 1 1 1 1 1 1 0 1 1 1 1 1 1 1 1 1 1 1 1 1 1 1 1 1 1 1 
0 1 1 1 1 1 1 1 1 0 1 1 1 1 1 1 1 1 1 1 1 1 1 1 1 1 1 1 1 1 1 1 1 1 1 1 1 1 1 
1 1 1 1 1 1 1 1 1 1 1 1 1 1 1 1 1 1 1 1 1 1 1 1 1 1 1 1 1 1 1 1 1 1 1 1 1 1 1 
1 1 1 1 1 1 1 1 0 1 1 1 1 1 1 1 1 1 1 1 1 1 1 1 1 1 1 1 1 0 0 1 1 1 1 1 1 1 1 
0 0 1 1 1 1 1 1 1 1 1 1 1 1 1 1 1 1 1 1 1 1 1 1 1 1 1 1 1 1 1 1 1 1 1 1 1 1 1 
1 1 1 1 1 0 1 1 1 0 1 1 1 1 1 1 1 1 1 1 1 1 1 1 0 1 1 1 1 1 1 1 0 1 1 1 1 1 1 
1 1 1 0 1 1 1 1 0 1 1 1 1 1 1 1 1 1 1 1 1 1 1 1 1 1 1 1 1 1 0 1 1 1 1 1 1 1 1 
1 1 1 1 1 1 1 1 1 1 1 1 1 1 1 1 1 1 1 1 1 1 1 1 1 1 1 1 1 1 1 1 1 1 1 1 1 1 1 
1 1 1 1 1 1 1 1 1 1 1 1 1 1 1 1 1 1 1 1 1 1 1 1 1 1 1 1 1 1 1 1 1 1 1 1 1 1 1 
1 1 1 1 1 1 1 1 1 1 1 1 1 1 1 1 1 1 1 1 1 1 1 1 1 1 1 1 1 1 1 1 1 1 1 1 1 1 1 
1 0 1 1 1 1 1 1 1 1 1 0 1 1 1 1 0 1 1 1 1 1 1 1 1 1 1 1 1 1 1 1 1 1 1 0 1 1 1 
1 1 1 1 1 1 1 1 1 1 1 1 1 1 1 1 1 1 1 1 1 1 1 1 1 1 1 1 1 1 1 1 1 1 1 1 1 1 1 
0 1 1 1 0 1 1 1 1 1 1 1 0 1 0 1 1 1 1 1 1 0 1 1 1 1 1 1 1 1 1 1 1 1 1 1 1 1 1 
1 1 1 1 1 1 1 1 1 1 1 1 0 1 1 1 1 1 1 1 1 1 1 1 1 1 1 1 1 1 1 1 1 1 1 1 1 1 1 
1 1 1 1 1 1 1 1 1 1 1 1 1 1 1 1 1 1 1 1 1 1 1 1 1 1 1 1 1 1 1 1 1 1 1 1 1 1 1 
1 1 1 0 1 1 1 1 1 0 1 1 1 1 1 1 1 1 1 1 0 1 1 1 1 1 1 1 1 1 1 1 0 1 1 1 1 1 1 
1 1 1 1 1 0 1 1 1 1 0 1 1 1 1 1 1 1 1 1 1 1 1 1 0 1 1 1 1 1 1 1 1 1 1 1 1 1 1 
0 1 1 1 1 1 1 1 1 1 1 0 1 0 1 1 1 1 1 1 1 1 1 1 1 1 1 1 1 1 1 1 1 1 1 1 0 1 1 
1 1 0 1 1 1 1 1 1 1 1 1 1 1 1 1 1 1 0 1 1 1 1 1 1 1 1 1 1 1 1 1 1 1 1 1 1 1 1 
1 1 1 1 1 1 1 1 1 1 1 0 1 1 1 1 1 1 1 1 1 1 1 1 1 1 1 1 1 1 1 1 1 1 1 0 1 1 1 
1 1 1 1 0 1 1 0 1 1 1 1 1 1 1 1 1 1 1 1 1 1 0 1 1 1 1 0 1 1 1 1 1 1 1 1 1 1 1 
1 1 1 1 1 1 1 1 1 1 1 1 1 1 1 1 1 1 1 1 1 1 1 1 1 1 1 1 1 1 1 1 1 1 1 1 1 1 1 
1 1 1 1 1 1 0 1 1 1 1 1 1 1 1 1 1 1 1 1 1 1 1 1 1 1 0 1 1 1 1 1 1 1 1 1 1 1 1 
1 1 1 1 1 1 1 1 1 1 1 1 1 1 1 1 1 1 1 1 1 1 1 1 1 1 1 1 1 1 1 1 1 1 1 1 1 1 1 
1 1 1 1 1 0 1 1 1 1 0 1 1 1 1 1 1 1 1 1 1 1 1 1 0 1 1 1 1 1 1 1 1 1 1 1 1 1 1 
1 0 1 0 1 1 0 1 1 1 1 1 1 1 1 0 1 1 1 1 0 1 1 1 1 0 1 1 1 1 1 1 1 1 1 1 1 1 1 
1 1 1 1 0 1 1 1 1 1 1 1 1 1 1 1 1 1 1 1 1 1 1 1 1 1 1 1 1 1 1 1 1 1 1 1 1 1 1 
1 1 1 1 1 1 1 1 1 1 0 1 1 1 1 1 1 1 1 1 1 1 1 1 1 1 1 1 1 1 1 1 1 1 0 1 1 1 1 
1 1 1 1 1 1 1 1 1 1 1 1 1 1 1 1 1 1 1 1 1 1 1 1 1 1 1 1 1 1 1 1 1 1 1 1 1 1 1 
1 1 0 1 1 1 1 1 1 1 1 1 1 1 1 1 1 1 1 1 1 1 1 1 1 1 1 1 1 1 1 1 1 1 1 1 1 1 1 
1 1 1 1 1 1 1 1 1 0 1 1 0 1 1 1 1 1 1 1 1 1 1 1 1 1 1 1 1 1 1 1 1 1 1 1 1 1 0 
1 0 1 1 1 1 1 1 0 1 1 1 1 1 1 1 1 1 1 1 1 1 1 1 1 1 1 1 1 1 0 1 1 1 1 1 1 1 1 
0 0 1 0 1 1 1 1 1 1 1 1 1 1 0 1 0 1 1 1 1 1 1 1 1 1 1 1 1 1 1 1 1 1 1 1 1 1 1 
1 1 1 1 1 1 1 1 1 1 1 1 1 1 1 1 1 1 1 1 1 1 1 1 1 1 1 1 1 1 1 1 1 1 1 1 1 1 1 
1 1 1 1 1 1 1 0 1 1 0 1 1 1 1 1 1 1 1 1 1 1 1 1 1 1 1 1 0 1 1 1 1 1 0 1 1 1 1 
1 1 1 1 1 1 1 1 1 1 0 0 1 1 1 1 1 1 1 1 1 1 1 1 1 1 1 1 1 1 1 1 1 1 0 0 1 1 1 
1 1 1 1 0 1 1 1 1 1 1 1 1 1 1 1 1 1 1 1 1 1 0 1 1 1 1 1 1 1 1 1 1 1 1 1 1 1 1 
0 0 1 1 1 1 1 1 0 1 1 1 1 1 0 1 1 1 1 1 1 1 1 1 1 1 1 1 1 1 0 1 1 1 1 1 1 1 1 
1 1 1 1 1 1 1 1 1 0 1 0 1 1 1 1 1 1 1 1 1 1 1 1 1 1 1 1 1 1 1 1 0 1 1 1 1 1 1 
1 1 0 1 1 1 0 1 1 1 0 1 1 1 1 1 1 0 1 1 1 1 1 1 1 1 0 1 1 1 1 1 1 0 1 1 1 1 1 
1 1 1 1 1 1 1 0 1 1 1 1 1 1 1 1 1 1 1 1 1 1 1 1 1 1 1 1 0 1 1 1 1 1 1 1 1 1 1 
1 1 1 1 1 1 1 1 1 1 1 1 1 1 1 1 1 1 1 1 1 1 1 1 1 1 1 1 1 1 1 1 1 1 1 1 1 1 1 
1 1 1 1 0 1 1 1 1 0 0 1 1 1 1 1 1 1 1 1 1 0 1 1 1 1 1 1 1 1 1 0 1 0 1 1 1 1 1 
1 1 1 1 1 1 1 1 1 1 1 1 1 1 1 1 1 1 1 1 1 1 1 1 1 1 1 1 1 1 1 1 1 1 1 1 1 1 1 
0 1 1 1 1 1 0 1 1 1 1 1 1 0 1 1 1 1 1 1 1 1 1 1 1 0 1 1 1 1 1 1 1 1 1 1 1 1 1 
1 1 1 1 1 1 1 1 1 1 1 1 1 1 1 1 1 1 1 1 1 1 1 1 1 1 1 1 1 1 1 1 1 1 1 1 1 1 1 
1 1 1 1 1 1 1 1 1 1 1 1 1 1 1 1 1 1 1 1 1 1 1 1 1 1 1 1 1 1 1 1 1 1 1 1 1 1 1 
1 0 1 1 1 1 1 1 1 1 1 1 1 1 1 1 0 1 1 1 1 1 1 1 1 1 1 1 1 1 1 1 1 1 1 1 1 1 1 
0 1 1 1 1 1 1 1 0 1 1 1 1 1 0 1 1 1 1 1 1 1 1 1 1 1 1 1 1 1 0 1 1 1 1 1 1 1 1 
1 1 1 1 1 0 1 1 1 0 0 1 1 1 1 1 1 1 1 1 1 1 1 0 1 1 1 1 1 1 1 1 0 1 1 1 1 1 1 
1 0 1 1 1 1 1 1 1 1 1 1 1 1 1 1 1 1 1 1 1 1 1 1 1 1 1 1 1 1 1 1 1 1 1 1 1 1 1 
1 1 1 0 1 1 0 1 1 0 1 1 1 1 1 1 1 1 1 0 1 1 1 1 1 1 1 1 1 1 1 1 0 1 1 1 1 1 1 
]

EmployeeWantedInStint: [ (1 22) 1 (3 34) 1 (4 3) 1 (4 23) 1 (5 23) 1 (5 32) 1 (8 29) 1 (10 14) 1 (10 34) 1 (12 2) 1 (12 20) 1 (16 10) 1 (17 4) 1 (17 17) 1 (17 21) 1 (18 16) 1 (18 17) 1 (20 22) 1 (22 35) 1 (24 7) 1 (24 25) 1 (24 34) 1 (25 25) 1 (25 31) 1 (26 4) 1 (26 27) 1 (27 26) 1 (32 17) 1 (33 30) 1 (34 11) 1 (34 20) 1 (35 32) 1 (36 5) 1 (36 35) 1 (38 18) 1 (38 31) 1 (39 1) 1 (40 23) 1 (40 27) 1 (40 33) 1 (41 15) 1 (43 38) 1 (46 11) 1 (49 27) 1 (49 30) 1 (49 33) 1 (50 5) 1 (51 1) 1 (51 28) 1 (52 12) 1 (52 20) 1 (53 13) 1 (54 5) 1 (57 29) 1 (59 26) 1 (59 36) 1 (60 32) 1 (60 39) 1 (61 28) 1 (61 29) 1 (62 16) 1 (63 37) 1 (64 11) 1 (64 37) 1 (65 38) 1 (66 11) 1 (66 20) 1 (67 6) 1 (70 15) 1 (70 23) 1 (72 6) 1 (73 2) 1 (73 13) 1 (74 12) 1 (74 27) 1 (75 19) 1 (77 28) 1 (78 21) 1 (79 21) 1 (83 19) 1 (87 20) 1 (88 20) 1 (89 19) 1 (89 37) 1 ]

EmployeeWantedViolationCost: [ (1 22) 8000 (3 34) 5000 (4 3) 13000 (4 23) 15000 (5 23) 15000 (5 32) 8000 (8 29) 15000 (10 14) 7000 (10 34) 11000 (12 2) 5000 (12 20) 11000 (16 10) 7000 (17 4) 11000 (17 17) 15000 (17 21) 10000 (18 16) 6000 (18 17) 10000 (20 22) 15000 (22 35) 7000 (24 7) 9000 (24 25) 7000 (24 34) 8000 (25 25) 8000 (25 31) 9000 (26 4) 12000 (26 27) 10000 (27 26) 15000 (32 17) 11000 (33 30) 10000 (34 11) 7000 (34 20) 6000 (35 32) 15000 (36 5) 11000 (36 35) 5000 (38 18) 10000 (38 31) 13000 (39 1) 11000 (40 23) 14000 (40 27) 10000 (40 33) 11000 (41 15) 6000 (43 38) 7000 (46 11) 8000 (49 27) 5000 (49 30) 8000 (49 33) 11000 (50 5) 7000 (51 1) 11000 (51 28) 13000 (52 12) 6000 (52 20) 5000 (53 13) 6000 (54 5) 7000 (57 29) 5000 (59 26) 9000 (59 36) 7000 (60 32) 15000 (60 39) 10000 (61 28) 6000 (61 29) 15000 (62 16) 14000 (63 37) 11000 (64 11) 14000 (64 37) 14000 (65 38) 9000 (66 11) 9000 (66 20) 12000 (67 6) 9000 (70 15) 15000 (70 23) 11000 (72 6) 5000 (73 2) 5000 (73 13) 15000 (74 12) 14000 (74 27) 15000 (75 19) 6000 (77 28) 15000 (78 21) 7000 (79 21) 12000 (83 19) 7000 (87 20) 15000 (88 20) 6000 (89 19) 9000 (89 37) 15000 ]

EmployeesThatShouldNotWorkTogetherWithEmployee: [
[ 20 54 ]
[ 15 30 ]
[ 44 ]
[ 5 29 35 41 70 80 ]
[ 6 8 32 51 71 73 85 90 ]
[ 18 50 68 76 ]
[ 15 22 66 76 ]
[ 56 ]
[ 29 90 ]
[ ]
[ 46 49 57 60 ]
[ 72 75 ]
[ 40 67 ]
[ 35 38 52 59 ]
[ 39 55 56 ]
[ 22 56 85 ]
[ 66 ]
[ 60 ]
[ 30 31 32 33 70 ]
[ 41 70 83 ]
[ 39 42 50 ]
[ 49 51 67 68 ]
[ 30 39 53 56 ]
[ 26 30 36 50 62 78 ]
[ 58 63 77 ]
[ 63 66 ]
[ 36 52 85 ]
[ 31 40 43 ]
[ 35 86 89 ]
[ 54 ]
[ 45 47 53 61 ]
[ ]
[ 38 50 ]
[ 37 57 81 84 ]
[ ]
[ 44 53 ]
[ 45 66 85 87 ]
[ 53 67 83 ]
[ 61 70 73 85 88 ]
[ 65 82 ]
[ 47 78 ]
[ 49 ]
[ 55 73 79 ]
[ 81 89 ]
[ 62 ]
[ ]
[ 59 ]
[ 49 77 80 ]
[ ]
[ ]
[ ]
[ 65 ]
[ 70 ]
[ ]
[ 80 81 85 ]
[ 74 88 ]
[ 80 89 ]
[ 59 ]
[ 65 ]
[ ]
[ 67 ]
[ ]
[ 64 ]
[ 67 71 ]
[ ]
[ 77 84 ]
[ 81 87 ]
[ 88 ]
[ ]
[ 85 88 ]
[ 75 90 ]
[ ]
[ 80 85 ]
[ 88 ]
[ 89 ]
[ 83 ]
[ 81 ]
[ 82 ]
[ ]
[ ]
[ 90 ]
[ ]
[ ]
[ ]
[ ]
[ ]
[ ]
[ ]
[ ]
[ ]
]

ShouldNotWorkTogetherCost: [ (1 20) 396 (1 54) 198 (2 15) 198 (2 30) 99 (3 44) 99 (4 5) 396 (4 29) 297 (4 35) 99 (4 41) 396 (4 70) 198 (4 80) 297 (5 6) 198 (5 8) 396 (5 32) 396 (5 51) 396 (5 71) 198 (5 73) 99 (5 85) 297 (5 90) 396 (6 18) 396 (6 50) 396 (6 68) 297 (6 76) 396 (7 15) 396 (7 22) 198 (7 66) 99 (7 76) 396 (8 56) 99 (9 29) 198 (9 90) 396 (11 46) 198 (11 49) 396 (11 57) 198 (11 60) 99 (12 72) 198 (12 75) 396 (13 40) 198 (13 67) 297 (14 35) 99 (14 38) 297 (14 52) 198 (14 59) 99 (15 39) 198 (15 55) 198 (15 56) 198 (16 22) 198 (16 56) 99 (16 85) 198 (17 66) 99 (18 60) 99 (19 30) 297 (19 31) 297 (19 32) 297 (19 33) 297 (19 70) 99 (20 41) 198 (20 70) 99 (20 83) 198 (21 39) 396 (21 42) 99 (21 50) 99 (22 49) 99 (22 51) 396 (22 67) 198 (22 68) 297 (23 30) 297 (23 39) 297 (23 53) 99 (23 56) 396 (24 26) 198 (24 30) 99 (24 36) 198 (24 50) 99 (24 62) 198 (24 78) 99 (25 58) 297 (25 63) 396 (25 77) 99 (26 63) 198 (26 66) 297 (27 36) 99 (27 52) 396 (27 85) 297 (28 31) 198 (28 40) 396 (28 43) 396 (29 35) 99 (29 86) 297 (29 89) 198 (30 54) 297 (31 45) 198 (31 47) 198 (31 53) 99 (31 61) 396 (33 38) 396 (33 50) 297 (34 37) 297 (34 57) 99 (34 81) 396 (34 84) 198 (36 44) 396 (36 53) 198 (37 45) 396 (37 66) 396 (37 85) 297 (37 87) 99 (38 53) 396 (38 67) 198 (38 83) 198 (39 61) 396 (39 70) 297 (39 73) 99 (39 85) 99 (39 88) 99 (40 65) 198 (40 82) 297 (41 47) 396 (41 78) 198 (42 49) 198 (43 55) 396 (43 73) 396 (43 79) 396 (44 81) 99 (44 89) 198 (45 62) 297 (47 59) 198 (48 49) 99 (48 77) 396 (48 80) 396 (52 65) 297 (53 70) 297 (55 80) 99 (55 81) 198 (55 85) 297 (56 74) 198 (56 88) 297 (57 80) 99 (57 89) 99 (58 59) 297 (59 65) 198 (61 67) 99 (63 64) 297 (64 67) 198 (64 71) 396 (66 77) 396 (66 84) 297 (67 81) 99 (67 87) 198 (68 88) 198 (70 85) 297 (70 88) 297 (71 75) 99 (71 90) 297 (73 80) 198 (73 85) 99 (74 88) 396 (75 89) 396 (76 83) 297 (77 81) 297 (78 82) 198 (81 90) 396 ]

ImmediatePredecessorsToActivity: [
[ ]
[ 1 ]
[ 1 ]
[ 1 ]
[ 4 ]
[ 2 3 ]
[ 5 ]
[ 2 3 4 ]
[ 4 6 ]
[ 3 7 9 ]
[ 8 ]
[ 4 7 ]
[ 6 7 ]
[ 1 ]
[ 2 3 ]
[ 9 11 12 13 ]
[ 6 8 12 ]
[ 1 ]
[ 1 ]
[ 3 ]
[ 12 20 ]
[ 3 ]
[ 13 18 22 ]
[ 9 12 13 20 ]
[ 3 5 9 ]
[ 2 10 13 14 18 22 ]
[ 2 5 12 ]
[ 1 ]
[ 3 17 ]
[ 6 10 22 ]
[ 5 9 11 13 22 ]
[ 6 18 ]
[ 10 11 17 22 ]
[ 5 10 14 17 18 ]
[ 6 10 11 18 20 ]
[ 16 24 33 ]
[ 5 ]
[ 11 14 25 27 29 30 ]
[ 6 14 ]
[ 12 13 14 ]
[ 8 ]
[ 7 11 17 18 20 ]
[ 16 ]
[ 8 25 26 27 32 ]
[ 9 17 ]
[ 8 10 40 ]
[ 1 ]
[ 5 18 20 33 40 ]
[ 16 25 26 30 33 40 45 47 ]
[ 14 24 30 ]
[ 5 13 14 45 ]
[ 16 24 25 26 ]
[ ]
[ 53 ]
[ 53 ]
[ 54 55 ]
[ 56 ]
[ 56 ]
[ 53 ]
[ 56 ]
[ 54 58 ]
[ 55 58 ]
[ 62 ]
[ 62 ]
[ 56 59 ]
[ 56 62 ]
[ 54 59 ]
[ 65 ]
[ 67 ]
[ 55 ]
[ 66 69 ]
[ 54 59 ]
[ 65 72 ]
[ 69 72 ]
[ 58 69 72 ]
[ 56 ]
[ 57 73 ]
[ 62 65 69 72 ]
[ 59 ]
[ 65 66 ]
[ 65 ]
[ 54 57 63 65 66 75 ]
[ 55 64 73 74 ]
[ 56 ]
[ 55 66 72 ]
[ 53 ]
[ 63 72 ]
[ 68 72 79 ]
[ 54 66 68 73 75 ]
[ 57 68 69 79 ]
[ 55 86 ]
[ 69 79 ]
[ 53 ]
[ 57 74 86 ]
[ 57 64 66 ]
]

ActivitiesInProject: [
[ 1 2 3 4 5 6 7 8 9 10 11 12 13 14 15 16 17 18 19 20 21 22 23 24 25 26 27 28 29 30 31 32 33 34 35 36 37 38 39 40 41 42 43 44 45 46 47 48 49 50 51 52 ]
[ 53 54 55 56 57 58 59 60 61 62 63 64 65 66 67 68 69 70 71 72 73 74 75 76 77 78 79 80 81 82 83 84 85 86 87 88 89 90 91 92 93 94 95 ]
]

nActivityModes: [ 3 3 3 3 3 3 3 3 3 3 3 3 3 3 3 3 3 3 3 3 3 3 3 3 3 3 3 3 3 3 3 3 3 3 3 3 3 3 3 3 3 3 3 3 3 3 3 3 3 3 3 3 3 3 3 3 3 3 3 3 3 3 3 3 3 3 3 3 3 3 3 3 3 3 3 3 3 3 3 3 3 3 3 3 3 3 3 3 3 3 3 3 3 3 3 ]

ActivityDurationWithMode: [
1	1	1	
23	16	31	
23	16	31	
29	20	39	
17	12	23	
15	10	20	
22	15	30	
31	21	42	
58	39	78	
18	12	24	
52	35	70	
15	10	20	
31	21	42	
100	67	134	
124	83	166	
19	13	26	
15	10	20	
88	59	118	
141	94	188	
33	22	44	
60	40	80	
89	60	119	
37	25	50	
18	12	24	
39	26	52	
17	12	23	
46	31	62	
137	92	183	
38	26	51	
17	12	23	
35	24	47	
45	30	60	
21	14	28	
26	18	35	
33	22	44	
17	12	23	
102	68	136	
16	11	22	
41	28	55	
30	20	40	
38	26	51	
35	24	47	
14	10	19	
15	10	20	
22	15	30	
19	13	26	
112	75	150	
15	10	20	
15	10	20	
20	14	27	
15	10	20	
15	10	20	
1	1	1	
15	10	20	
11	8	15	
26	18	35	
19	13	26	
9	6	12	
9	6	12	
40	27	54	
31	21	42	
10	7	14	
17	12	23	
11	8	15	
10	7	14	
11	8	15	
24	16	32	
15	10	20	
18	12	24	
73	49	98	
12	8	16	
18	12	24	
12	8	16	
17	12	23	
18	12	24	
43	29	58	
23	16	31	
27	18	36	
49	33	66	
13	9	18	
33	22	44	
10	7	14	
11	8	15	
43	29	58	
15	10	20	
14	10	19	
9	6	12	
15	10	20	
9	6	12	
10	7	14	
73	49	98	
15	10	20	
69	46	92	
10	7	14	
10	7	14	
]

StintsInProject: [
[ 1 2 3 4 5 6 7 8 9 10 11 12 13 ]
[ 14 15 16 17 18 19 20 21 22 23 24 25 26 27 28 29 30 31 32 33 34 35 36 37 38 39 ]
]

WorkingStintsOnDay: [
[ 1 14 ]
[ 1 14 ]
[ 1 14 ]
[ 1 14 ]
[ 1 14 ]
[ 1 ]
[ 1 ]
[ 1 15 ]
[ 1 15 ]
[ 1 15 ]
[ 1 15 ]
[ 1 15 ]
[ 1 ]
[ 1 ]
[ 2 16 ]
[ 2 16 ]
[ 2 16 ]
[ 2 16 ]
[ 2 16 ]
[ 2 ]
[ 2 ]
[ 2 17 ]
[ 2 17 ]
[ 2 17 ]
[ 2 17 ]
[ 2 17 ]
[ 2 ]
[ 2 ]
[ 3 18 ]
[ 3 18 ]
[ 3 18 ]
[ 3 18 ]
[ 3 18 ]
[ 3 ]
[ 3 ]
[ 3 19 ]
[ 3 19 ]
[ 3 19 ]
[ 3 19 ]
[ 3 19 ]
[ 3 ]
[ 3 ]
[ 4 20 ]
[ 4 20 ]
[ 4 20 ]
[ 4 20 ]
[ 4 20 ]
[ 4 ]
[ 4 ]
[ 4 21 ]
[ 4 21 ]
[ 4 21 ]
[ 4 21 ]
[ 4 21 ]
[ 4 ]
[ 4 ]
[ 5 22 ]
[ 5 22 ]
[ 5 22 ]
[ 5 22 ]
[ 5 22 ]
[ 5 ]
[ 5 ]
[ 5 23 ]
[ 5 23 ]
[ 5 23 ]
[ 5 23 ]
[ 5 23 ]
[ 5 ]
[ 5 ]
[ 6 24 ]
[ 6 24 ]
[ 6 24 ]
[ 6 24 ]
[ 6 24 ]
[ 6 ]
[ 6 ]
[ 6 25 ]
[ 6 25 ]
[ 6 25 ]
[ 6 25 ]
[ 6 25 ]
[ 6 ]
[ 6 ]
[ 7 26 ]
[ 7 26 ]
[ 7 26 ]
[ 7 26 ]
[ 7 26 ]
[ 7 ]
[ 7 ]
[ 7 27 ]
[ 7 27 ]
[ 7 27 ]
[ 7 27 ]
[ 7 27 ]
[ 7 ]
[ 7 ]
[ 8 28 ]
[ 8 28 ]
[ 8 28 ]
[ 8 28 ]
[ 8 28 ]
[ 8 ]
[ 8 ]
[ 8 29 ]
[ 8 29 ]
[ 8 29 ]
[ 8 29 ]
[ 8 29 ]
[ 8 ]
[ 8 ]
[ 9 30 ]
[ 9 30 ]
[ 9 30 ]
[ 9 30 ]
[ 9 30 ]
[ 9 ]
[ 9 ]
[ 9 31 ]
[ 9 31 ]
[ 9 31 ]
[ 9 31 ]
[ 9 31 ]
[ 9 ]
[ 9 ]
[ 10 32 ]
[ 10 32 ]
[ 10 32 ]
[ 10 32 ]
[ 10 32 ]
[ 10 ]
[ 10 ]
[ 10 33 ]
[ 10 33 ]
[ 10 33 ]
[ 10 33 ]
[ 10 33 ]
[ 10 ]
[ 10 ]
[ 11 34 ]
[ 11 34 ]
[ 11 34 ]
[ 11 34 ]
[ 11 34 ]
[ 11 ]
[ 11 ]
[ 11 35 ]
[ 11 35 ]
[ 11 35 ]
[ 11 35 ]
[ 11 35 ]
[ 11 ]
[ 11 ]
[ 12 36 ]
[ 12 36 ]
[ 12 36 ]
[ 12 36 ]
[ 12 36 ]
[ 12 ]
[ 12 ]
[ 12 37 ]
[ 12 37 ]
[ 12 37 ]
[ 12 37 ]
[ 12 37 ]
[ 12 ]
[ 12 ]
[ 13 38 ]
[ 13 38 ]
[ 13 38 ]
[ 13 38 ]
[ 13 38 ]
[ 13 ]
[ 13 ]
[ 13 39 ]
[ 13 39 ]
[ 13 39 ]
[ 13 39 ]
[ 13 39 ]
]

ProjectStart: [ 3 16 ]

ProjectEnd: [ 156 140 ]

EarliestStartDayForActivity: [ 1 3 3 3 32 26 49 32 41 99 63 71 71 3 26 115 86 3 3 26 86 26 115 102 99 117 86 3 101 117 115 91 117 117 117 138 49 139 103 103 63 115 134 138 101 133 3 138 138 134 123 138 1 16 16 37 73 73 16 73 86 86 100 100 73 100 37 87 69 31 115 37 87 95 95 73 103 100 27 115 87 123 118 73 115 16 123 108 121 108 34 96 16 118 115 ]

LatestStartDayForActivity: [ 1 156 156 156 156 156 156 156 156 156 156 156 156 156 156 156 156 156 156 156 156 156 156 156 156 156 156 156 156 156 156 156 156 156 156 156 156 156 156 156 156 156 156 156 156 156 156 156 156 156 156 156 1 140 140 140 140 140 140 140 140 140 140 140 140 140 140 140 140 140 140 140 140 140 140 140 140 140 140 140 140 140 140 140 140 140 140 140 140 140 140 140 140 140 140 ]

EquipmentTypeDemandInActivityWithMode: [
0	0	0	
1	3	1	
2	4	2	
0	1	0	
2	4	2	
0	1	0	
1	3	1	
0	1	0	
1	3	1	
3	6	2	
0	1	0	
1	3	1	
0	1	0	
2	4	2	
1	3	1	
1	3	1	
2	4	2	
3	6	2	
0	1	0	
0	1	0	
2	4	2	
2	4	2	
0	1	0	
1	3	1	
0	1	0	
2	4	2	
0	1	0	
0	1	0	
2	4	2	
1	3	1	
2	4	2	
1	3	1	
1	3	1	
0	1	0	
1	3	1	
0	1	0	
0	1	0	
2	4	2	
0	1	0	
2	4	2	
1	3	1	
0	1	0	
0	1	0	
0	1	0	
1	3	1	
1	3	1	
0	1	0	
0	1	0	
0	1	0	
1	3	1	
0	1	0	
1	3	1	
0	0	0	
1	3	1	
2	4	2	
1	3	1	
1	3	1	
2	4	2	
1	3	1	
1	3	1	
1	3	1	
0	1	0	
1	3	1	
0	1	0	
0	1	0	
0	1	0	
0	1	0	
0	1	0	
1	3	1	
0	1	0	
0	1	0	
0	1	0	
1	3	1	
1	3	1	
0	1	0	
0	1	0	
2	4	2	
0	1	0	
2	4	2	
2	4	2	
1	3	1	
0	1	0	
1	3	1	
1	3	1	
1	3	1	
0	1	0	
2	4	2	
1	3	1	
1	3	1	
1	3	1	
0	1	0	
0	1	0	
1	3	1	
0	1	0	
0	1	0	

0	0	0	
3	6	2	
1	3	1	
1	3	1	
1	3	1	
0	1	0	
1	3	1	
1	3	1	
1	3	1	
0	1	0	
2	4	2	
3	6	2	
0	1	0	
0	1	0	
3	6	2	
2	4	2	
1	3	1	
0	1	0	
2	4	2	
1	3	1	
4	7	3	
0	1	0	
0	1	0	
1	3	1	
2	4	2	
0	1	0	
1	3	1	
0	1	0	
1	3	1	
0	1	0	
1	3	1	
0	1	0	
0	1	0	
1	3	1	
2	4	2	
0	1	0	
0	1	0	
1	3	1	
1	3	1	
1	3	1	
1	3	1	
2	4	2	
0	1	0	
2	4	2	
1	3	1	
0	1	0	
2	4	2	
1	3	1	
1	3	1	
1	3	1	
1	3	1	
1	3	1	
0	0	0	
0	1	0	
0	1	0	
2	4	2	
0	1	0	
0	1	0	
0	1	0	
1	3	1	
0	1	0	
1	3	1	
3	6	2	
1	3	1	
0	1	0	
1	3	1	
0	1	0	
2	4	2	
2	4	2	
0	1	0	
1	3	1	
0	1	0	
4	7	3	
1	3	1	
1	3	1	
1	3	1	
0	1	0	
2	4	2	
0	1	0	
1	3	1	
0	1	0	
1	3	1	
2	4	2	
3	6	2	
0	1	0	
3	6	2	
2	4	2	
3	6	2	
1	3	1	
3	6	2	
0	1	0	
2	4	2	
3	6	2	
1	3	1	
1	3	1	

0	0	0	
0	1	0	
1	3	1	
0	1	0	
1	3	1	
1	3	1	
0	1	0	
1	3	1	
0	1	0	
0	1	0	
2	4	2	
0	1	0	
0	1	0	
1	3	1	
0	1	0	
1	3	1	
1	3	1	
1	3	1	
1	3	1	
1	3	1	
0	1	0	
0	1	0	
0	1	0	
0	1	0	
0	1	0	
0	1	0	
0	1	0	
1	3	1	
1	3	1	
1	3	1	
1	3	1	
1	3	1	
0	1	0	
1	3	1	
1	3	1	
1	3	1	
0	1	0	
1	3	1	
1	3	1	
2	4	2	
1	3	1	
0	1	0	
0	1	0	
0	1	0	
0	1	0	
1	3	1	
0	1	0	
1	3	1	
0	1	0	
0	1	0	
1	3	1	
2	4	2	
0	0	0	
1	3	1	
0	1	0	
0	1	0	
1	3	1	
0	1	0	
2	4	2	
2	4	2	
0	1	0	
0	1	0	
2	4	2	
1	3	1	
1	3	1	
1	3	1	
0	1	0	
1	3	1	
1	3	1	
1	3	1	
1	3	1	
0	1	0	
0	1	0	
2	4	2	
0	1	0	
0	1	0	
1	3	1	
0	1	0	
0	1	0	
0	1	0	
0	1	0	
0	1	0	
1	3	1	
1	3	1	
0	1	0	
0	1	0	
1	3	1	
0	1	0	
1	3	1	
1	3	1	
1	3	1	
1	3	1	
1	3	1	
1	3	1	
3	6	2	

0	0	0	
2	4	2	
1	3	1	
1	3	1	
2	4	2	
3	6	2	
2	4	2	
0	1	0	
0	1	0	
0	1	0	
2	4	2	
2	4	2	
2	4	2	
0	1	0	
2	4	2	
0	1	0	
1	3	1	
1	3	1	
0	1	0	
0	1	0	
3	6	2	
0	1	0	
0	1	0	
3	6	2	
0	1	0	
1	3	1	
1	3	1	
1	3	1	
1	3	1	
0	1	0	
1	3	1	
1	3	1	
1	3	1	
2	4	2	
0	1	0	
1	3	1	
1	3	1	
0	1	0	
0	1	0	
0	1	0	
3	6	2	
1	3	1	
2	4	2	
2	4	2	
1	3	1	
0	1	0	
1	3	1	
2	4	2	
1	3	1	
1	3	1	
2	4	2	
3	6	2	
0	0	0	
2	4	2	
1	3	1	
1	3	1	
0	1	0	
1	3	1	
2	4	2	
0	1	0	
3	6	2	
2	4	2	
0	1	0	
1	3	1	
0	1	0	
1	3	1	
1	3	1	
2	4	2	
3	6	2	
0	1	0	
1	3	1	
0	1	0	
0	1	0	
0	1	0	
1	3	1	
1	3	1	
0	1	0	
0	1	0	
0	1	0	
0	1	0	
0	1	0	
1	3	1	
0	1	0	
1	3	1	
0	1	0	
0	1	0	
1	3	1	
1	3	1	
1	3	1	
1	3	1	
1	3	1	
2	4	2	
0	1	0	
1	3	1	
1	3	1	

0	0	0	
1	3	1	
0	1	0	
1	3	1	
1	3	1	
0	1	0	
0	1	0	
2	4	2	
2	4	2	
1	3	1	
3	6	2	
2	4	2	
2	4	2	
1	3	1	
1	3	1	
1	3	1	
1	3	1	
0	1	0	
2	4	2	
0	1	0	
1	3	1	
1	3	1	
0	1	0	
0	1	0	
2	4	2	
0	1	0	
0	1	0	
1	3	1	
1	3	1	
0	1	0	
0	1	0	
1	3	1	
1	3	1	
0	1	0	
1	3	1	
2	4	2	
2	4	2	
2	4	2	
1	3	1	
2	4	2	
1	3	1	
0	1	0	
3	6	2	
0	1	0	
2	4	2	
2	4	2	
1	3	1	
0	1	0	
1	3	1	
1	3	1	
1	3	1	
2	4	2	
0	0	0	
0	1	0	
0	1	0	
0	1	0	
1	3	1	
0	1	0	
0	1	0	
1	3	1	
2	4	2	
1	3	1	
1	3	1	
0	1	0	
2	4	2	
0	1	0	
0	1	0	
1	3	1	
2	4	2	
0	1	0	
1	3	1	
0	1	0	
3	6	2	
1	3	1	
3	6	2	
1	3	1	
0	1	0	
0	1	0	
2	4	2	
3	6	2	
2	4	2	
2	4	2	
0	1	0	
0	1	0	
3	6	2	
0	1	0	
1	3	1	
3	6	2	
2	4	2	
1	3	1	
1	3	1	
1	3	1	
3	6	2	
0	1	0	
0	1	0	

]

ExternalEquipmentRentingCost: [
4311	1698	3915	3794	1587	1957	1475	2172	2971	2405	2655	1553	1145	1622	3153	1183	2713	2163	3002	4969	3040	1583	1896	4187	2936	1653	1805	2739	1596	2803	5865	4838	3864	2605	1567	2274	4835	1369	3262	3349	2144	1635	5075	4787	3413	1012	5007	5259	3145	1780	5799	4045	4800	1802	2435	5234	3857	1217	1773	1405	3035	1680	3597	3144	1252	4952	4767	4347	4131	3098	5625	4246	1979	5881	5420	1102	1274	4359	1370	2066	1191	5166	5055	1037	3457	2989	3208	2748	5159	5909	5231	5538	3001	5346	5065	
2235	2559	2871	5612	3811	2691	2239	2430	1767	1366	4712	4213	1775	4850	3158	5441	2730	3413	2573	4870	4417	2853	1413	1319	3404	5146	2609	2205	2693	5334	5186	3878	5728	1076	1541	3519	1728	5027	4926	3082	4515	5223	2876	3435	4880	2894	3891	5522	2075	5371	4996	3621	3654	2453	4680	5983	2397	2632	2800	1494	1598	3874	4053	3163	2804	1279	1988	3643	2022	3973	4140	2833	3897	2618	1323	2566	2188	1460	4873	4720	1365	4240	3115	4872	2825	5578	1303	3691	3996	2412	2846	4283	4578	4102	5718	
4258	5740	3618	3518	2549	1312	2692	4722	2889	5064	1622	2287	2081	4338	3901	1480	1128	3763	3036	1107	4702	5830	3508	4718	2718	3434	5416	5074	4542	2323	2158	2106	4421	1081	2749	1787	5823	2213	1098	1421	4795	3287	3227	4290	1326	3374	1425	4916	4293	3697	2833	5638	3451	4456	5245	3778	4833	4294	5357	5767	3876	2605	4460	5381	5437	2295	5541	5577	3808	4490	5989	2572	5902	4296	4719	1053	4011	2499	3512	5726	5631	5920	4120	3712	1565	4485	3899	3322	5639	1048	2472	3617	4945	1497	4568	
1381	3964	1935	4405	1584	3020	2951	5170	1653	2617	5878	5681	1230	3097	1882	2658	1888	4635	3055	3899	3307	5351	5981	2779	1203	2739	5700	5290	4188	2323	3969	5359	5120	4664	2559	1261	5155	5989	5374	5086	5673	4311	5333	2484	5855	1230	1498	1283	1073	3391	3351	2445	4093	4104	2255	2324	3761	2779	4085	3944	1831	2066	3778	1675	5578	5515	4994	3214	2432	5895	2887	3220	5452	1397	3980	2170	2287	3859	4506	5977	5137	3733	2114	5955	3290	5047	5193	1918	4306	3429	5978	4376	5469	1465	2734	
1255	3570	4055	4804	1372	1786	4773	3159	2974	1544	2643	2553	1432	4284	2037	1096	1430	4100	2163	3305	1104	2805	5321	4263	4870	2005	5024	4602	1950	5508	1047	5400	2375	5027	1495	5014	1087	2608	5385	2526	3708	4082	5176	2610	3966	3486	2943	1779	3317	2364	3397	1771	4929	4167	1193	5053	4243	3705	4464	5965	4169	4414	2665	3226	3884	2422	5632	4531	1093	4671	3176	3430	5201	5352	1028	1066	3344	2838	5160	5856	1465	2161	1116	5492	5376	2287	2645	1307	2937	3910	5627	2852	2621	5480	3662	
]

EquipmentTypeTransportationCost: [
1	5096	
5096	1	

1	5316	
5316	1	

1	3399	
3399	1	

1	4948	
4948	1	

1	4847	
4847	1	

]

TransportationTimeForEquipmentTypeBetweenProjects: [
1	7	
7	1	

1	8	
8	1	

1	4	
4	1	

1	7	
7	1	

1	7	
7	1	

]

TotalNumberOfInitialEquipmentTypeLocation: [
(1 1) 2 (1 53) 2 
(2 1) 6 (2 53) 4 
(3 1) 1 (3 53) 1 
(4 1) 3 (4 53) 4 
(5 1) 4 (5 53) 3 
]

DepotActivities: [ 1 53 ]

MaximalStintCliques: [
[ 2 1 17 ]
[ 2 1 16 ]
[ 2 18 3 ]
[ 2 3 19 ]
[ 4 3 20 ]
[ 4 3 21 ]
[ 4 5 22 ]
[ 4 5 23 ]
[ 5 25 6 ]
[ 5 6 24 ]
[ 6 26 7 ]
[ 6 27 7 ]
[ 7 28 8 ]
[ 7 29 8 ]
[ 8 9 30 ]
[ 8 9 31 ]
[ 9 33 10 ]
[ 9 10 32 ]
[ 10 34 11 ]
[ 10 35 11 ]
[ 11 12 36 ]
[ 11 12 37 ]
[ 12 13 38 ]
[ 12 13 39 ]
[ 14 1 ]
[ 15 1 ]
]
