nEmployees: 90
nSkills: 4
nProjects: 2
nDays: 150
nActivities: 59
nEquipmentTypes: 4
nStints: 44
nMaxModes: 2
nStintCliques: 22

EmployeeInStintCost: [
7804 7804 7804 7804 7804 7804 7804 7804 7804 7804 7804 7804 7804 7804 7804 7804 7804 7804 7804 7804 7804 4948 17279 17279 17279 17279 17279 17279 17279 17279 17279 17279 17279 17279 17279 17279 17279 17279 17279 17279 17279 17279 17279 12665 
14057 14057 14057 14057 14057 14057 14057 14057 14057 14057 14057 14057 14057 14057 14057 14057 14057 14057 14057 14057 14057 8223 19375 19375 19375 19375 19375 19375 19375 19375 19375 19375 19375 19375 19375 19375 19375 19375 19375 19375 19375 19375 19375 14761 
14469 14469 14469 14469 14469 14469 14469 14469 14469 14469 14469 14469 14469 14469 14469 14469 14469 14469 14469 14469 14469 8995 16163 16163 16163 16163 16163 16163 16163 16163 16163 16163 16163 16163 16163 16163 16163 16163 16163 16163 16163 16163 16163 11909 
14365 14365 14365 14365 14365 14365 14365 14365 14365 14365 14365 14365 14365 14365 14365 14365 14365 14365 14365 14365 14365 8699 13995 13995 13995 13995 13995 13995 13995 13995 13995 13995 13995 13995 13995 13995 13995 13995 13995 13995 13995 13995 13995 9549 
14437 14437 14437 14437 14437 14437 14437 14437 14437 14437 14437 14437 14437 14437 14437 14437 14437 14437 14437 14437 14437 8723 14067 14067 14067 14067 14067 14067 14067 14067 14067 14067 14067 14067 14067 14067 14067 14067 14067 14067 14067 14067 14067 9573 
6944 6944 6944 6944 6944 6944 6944 6944 6944 6944 6944 6944 6944 6944 6944 6944 6944 6944 6944 6944 6944 4208 16371 16371 16371 16371 16371 16371 16371 16371 16371 16371 16371 16371 16371 16371 16371 16371 16371 16371 16371 16371 16371 11877 
20205 20205 20205 20205 20205 20205 20205 20205 20205 20205 20205 20205 20205 20205 20205 20205 20205 20205 20205 20205 20205 14827 7400 7400 7400 7400 7400 7400 7400 7400 7400 7400 7400 7400 7400 7400 7400 7400 7400 7400 7400 7400 7400 5000 
13677 13677 13677 13677 13677 13677 13677 13677 13677 13677 13677 13677 13677 13677 13677 13677 13677 13677 13677 13677 13677 8395 14067 14067 14067 14067 14067 14067 14067 14067 14067 14067 14067 14067 14067 14067 14067 14067 14067 14067 14067 14067 14067 10005 
12741 12741 12741 12741 12741 12741 12741 12741 12741 12741 12741 12741 12741 12741 12741 12741 12741 12741 12741 12741 12741 7075 17667 17667 17667 17667 17667 17667 17667 17667 17667 17667 17667 17667 17667 17667 17667 17667 17667 17667 17667 17667 17667 13221 
13661 13661 13661 13661 13661 13661 13661 13661 13661 13661 13661 13661 13661 13661 13661 13661 13661 13661 13661 13661 13661 8091 18979 18979 18979 18979 18979 18979 18979 18979 18979 18979 18979 18979 18979 18979 18979 18979 18979 18979 18979 18979 18979 14629 
14217 14217 14217 14217 14217 14217 14217 14217 14217 14217 14217 14217 14217 14217 14217 14217 14217 14217 14217 14217 14217 8575 14607 14607 14607 14607 14607 14607 14607 14607 14607 14607 14607 14607 14607 14607 14607 14607 14607 14607 14607 14607 14607 10185 
15965 15965 15965 15965 15965 15965 15965 15965 15965 15965 15965 15965 15965 15965 15965 15965 15965 15965 15965 15965 15965 10635 11379 11379 11379 11379 11379 11379 11379 11379 11379 11379 11379 11379 11379 11379 11379 11379 11379 11379 11379 11379 11379 7269 
15537 15537 15537 15537 15537 15537 15537 15537 15537 15537 15537 15537 15537 15537 15537 15537 15537 15537 15537 15537 15537 9943 20247 20247 20247 20247 20247 20247 20247 20247 20247 20247 20247 20247 20247 20247 20247 20247 20247 20247 20247 20247 20247 15873 
15573 15573 15573 15573 15573 15573 15573 15573 15573 15573 15573 15573 15573 15573 15573 15573 15573 15573 15573 15573 15573 9955 20283 20283 20283 20283 20283 20283 20283 20283 20283 20283 20283 20283 20283 20283 20283 20283 20283 20283 20283 20283 20283 15885 
20097 20097 20097 20097 20097 20097 20097 20097 20097 20097 20097 20097 20097 20097 20097 20097 20097 20097 20097 20097 20097 14791 7292 7292 7292 7292 7292 7292 7292 7292 7292 7292 7292 7292 7292 7292 7292 7292 7292 7292 7292 7292 7292 4964 
19593 19593 19593 19593 19593 19593 19593 19593 19593 19593 19593 19593 19593 19593 19593 19593 19593 19593 19593 19593 19593 14143 3708 3708 3708 3708 3708 3708 3708 3708 3708 3708 3708 3708 3708 3708 3708 3708 3708 3708 3708 3708 3708 1236 
13777 13777 13777 13777 13777 13777 13777 13777 13777 13777 13777 13777 13777 13777 13777 13777 13777 13777 13777 13777 13777 8231 19031 19031 19031 19031 19031 19031 19031 19031 19031 19031 19031 19031 19031 19031 19031 19031 19031 19031 19031 19031 19031 14705 
18341 18341 18341 18341 18341 18341 18341 18341 18341 18341 18341 18341 18341 18341 18341 18341 18341 18341 18341 18341 18341 12675 10027 10027 10027 10027 10027 10027 10027 10027 10027 10027 10027 10027 10027 10027 10027 10027 10027 10027 10027 10027 10027 5581 
15933 15933 15933 15933 15933 15933 15933 15933 15933 15933 15933 15933 15933 15933 15933 15933 15933 15933 15933 15933 15933 10555 13171 13171 13171 13171 13171 13171 13171 13171 13171 13171 13171 13171 13171 13171 13171 13171 13171 13171 13171 13171 13171 9013 
17769 17769 17769 17769 17769 17769 17769 17769 17769 17769 17769 17769 17769 17769 17769 17769 17769 17769 17769 17769 17769 12031 22487 22487 22487 22487 22487 22487 22487 22487 22487 22487 22487 22487 22487 22487 22487 22487 22487 22487 22487 22487 22487 17969 
14217 14217 14217 14217 14217 14217 14217 14217 14217 14217 14217 14217 14217 14217 14217 14217 14217 14217 14217 14217 14217 8575 14607 14607 14607 14607 14607 14607 14607 14607 14607 14607 14607 14607 14607 14607 14607 14607 14607 14607 14607 14607 14607 10185 
14109 14109 14109 14109 14109 14109 14109 14109 14109 14109 14109 14109 14109 14109 14109 14109 14109 14109 14109 14109 14109 8539 14499 14499 14499 14499 14499 14499 14499 14499 14499 14499 14499 14499 14499 14499 14499 14499 14499 14499 14499 14499 14499 10149 
17445 17445 17445 17445 17445 17445 17445 17445 17445 17445 17445 17445 17445 17445 17445 17445 17445 17445 17445 17445 17445 11923 22163 22163 22163 22163 22163 22163 22163 22163 22163 22163 22163 22163 22163 22163 22163 22163 22163 22163 22163 22163 22163 17861 
13481 13481 13481 13481 13481 13481 13481 13481 13481 13481 13481 13481 13481 13481 13481 13481 13481 13481 13481 13481 13481 8031 18799 18799 18799 18799 18799 18799 18799 18799 18799 18799 18799 18799 18799 18799 18799 18799 18799 18799 18799 18799 18799 14569 
14401 14401 14401 14401 14401 14401 14401 14401 14401 14401 14401 14401 14401 14401 14401 14401 14401 14401 14401 14401 14401 8711 14031 14031 14031 14031 14031 14031 14031 14031 14031 14031 14031 14031 14031 14031 14031 14031 14031 14031 14031 14031 14031 9561 
12381 12381 12381 12381 12381 12381 12381 12381 12381 12381 12381 12381 12381 12381 12381 12381 12381 12381 12381 12381 12381 7051 17059 17059 17059 17059 17059 17059 17059 17059 17059 17059 17059 17059 17059 17059 17059 17059 17059 17059 17059 17059 17059 12949 
16289 16289 16289 16289 16289 16289 16289 16289 16289 16289 16289 16289 16289 16289 16289 16289 16289 16289 16289 16289 16289 10743 11703 11703 11703 11703 11703 11703 11703 11703 11703 11703 11703 11703 11703 11703 11703 11703 11703 11703 11703 11703 11703 7377 
16113 16113 16113 16113 16113 16113 16113 16113 16113 16113 16113 16113 16113 16113 16113 16113 16113 16113 16113 16113 16113 10615 13351 13351 13351 13351 13351 13351 13351 13351 13351 13351 13351 13351 13351 13351 13351 13351 13351 13351 13351 13351 13351 9073 
14401 14401 14401 14401 14401 14401 14401 14401 14401 14401 14401 14401 14401 14401 14401 14401 14401 14401 14401 14401 14401 8711 14031 14031 14031 14031 14031 14031 14031 14031 14031 14031 14031 14031 14031 14031 14031 14031 14031 14031 14031 14031 14031 9561 
6584 6584 6584 6584 6584 6584 6584 6584 6584 6584 6584 6584 6584 6584 6584 6584 6584 6584 6584 6584 6584 4088 16011 16011 16011 16011 16011 16011 16011 16011 16011 16011 16011 16011 16011 16011 16011 16011 16011 16011 16011 16011 16011 11757 
17517 17517 17517 17517 17517 17517 17517 17517 17517 17517 17517 17517 17517 17517 17517 17517 17517 17517 17517 17517 17517 11947 22235 22235 22235 22235 22235 22235 22235 22235 22235 22235 22235 22235 22235 22235 22235 22235 22235 22235 22235 22235 22235 17885 
20817 20817 20817 20817 20817 20817 20817 20817 20817 20817 20817 20817 20817 20817 20817 20817 20817 20817 20817 20817 20817 15031 8012 8012 8012 8012 8012 8012 8012 8012 8012 8012 8012 8012 8012 8012 8012 8012 8012 8012 8012 8012 8012 5204 
20277 20277 20277 20277 20277 20277 20277 20277 20277 20277 20277 20277 20277 20277 20277 20277 20277 20277 20277 20277 20277 14851 7472 7472 7472 7472 7472 7472 7472 7472 7472 7472 7472 7472 7472 7472 7472 7472 7472 7472 7472 7472 7472 5024 
19149 19149 19149 19149 19149 19149 19149 19149 19149 19149 19149 19149 19149 19149 19149 19149 19149 19149 19149 19149 19149 13483 10995 10995 10995 10995 10995 10995 10995 10995 10995 10995 10995 10995 10995 10995 10995 10995 10995 10995 10995 10995 10995 6549 
7156 7156 7156 7156 7156 7156 7156 7156 7156 7156 7156 7156 7156 7156 7156 7156 7156 7156 7156 7156 7156 4732 16631 16631 16631 16631 16631 16631 16631 16631 16631 16631 16631 16631 16631 16631 16631 16631 16631 16631 16631 16631 16631 12449 
16581 16581 16581 16581 16581 16581 16581 16581 16581 16581 16581 16581 16581 16581 16581 16581 16581 16581 16581 16581 16581 10771 13819 13819 13819 13819 13819 13819 13819 13819 13819 13819 13819 13819 13819 13819 13819 13819 13819 13819 13819 13819 13819 9229 
19077 19077 19077 19077 19077 19077 19077 19077 19077 19077 19077 19077 19077 19077 19077 19077 19077 19077 19077 19077 19077 13459 10923 10923 10923 10923 10923 10923 10923 10923 10923 10923 10923 10923 10923 10923 10923 10923 10923 10923 10923 10923 10923 6525 
14001 14001 14001 14001 14001 14001 14001 14001 14001 14001 14001 14001 14001 14001 14001 14001 14001 14001 14001 14001 14001 8503 14391 14391 14391 14391 14391 14391 14391 14391 14391 14391 14391 14391 14391 14391 14391 14391 14391 14391 14391 14391 14391 10113 
7804 7804 7804 7804 7804 7804 7804 7804 7804 7804 7804 7804 7804 7804 7804 7804 7804 7804 7804 7804 7804 4948 17279 17279 17279 17279 17279 17279 17279 17279 17279 17279 17279 17279 17279 17279 17279 17279 17279 17279 17279 17279 17279 12665 
3960 3960 3960 3960 3960 3960 3960 3960 3960 3960 3960 3960 3960 3960 3960 3960 3960 3960 3960 3960 3960 1320 16795 16795 16795 16795 16795 16795 16795 16795 16795 16795 16795 16795 16795 16795 16795 16795 16795 16795 16795 16795 16795 12397 
16397 16397 16397 16397 16397 16397 16397 16397 16397 16397 16397 16397 16397 16397 16397 16397 16397 16397 16397 16397 16397 10779 11811 11811 11811 11811 11811 11811 11811 11811 11811 11811 11811 11811 11811 11811 11811 11811 11811 11811 11811 11811 11811 7413 
14545 14545 14545 14545 14545 14545 14545 14545 14545 14545 14545 14545 14545 14545 14545 14545 14545 14545 14545 14545 14545 8759 14175 14175 14175 14175 14175 14175 14175 14175 14175 14175 14175 14175 14175 14175 14175 14175 14175 14175 14175 14175 14175 9609 
13393 13393 13393 13393 13393 13393 13393 13393 13393 13393 13393 13393 13393 13393 13393 13393 13393 13393 13393 13393 13393 7991 18743 18743 18743 18743 18743 18743 18743 18743 18743 18743 18743 18743 18743 18743 18743 18743 18743 18743 18743 18743 18743 14561 
18089 18089 18089 18089 18089 18089 18089 18089 18089 18089 18089 18089 18089 18089 18089 18089 18089 18089 18089 18089 18089 12591 9775 9775 9775 9775 9775 9775 9775 9775 9775 9775 9775 9775 9775 9775 9775 9775 9775 9775 9775 9775 9775 5497 
13921 13921 13921 13921 13921 13921 13921 13921 13921 13921 13921 13921 13921 13921 13921 13921 13921 13921 13921 13921 13921 8279 19175 19175 19175 19175 19175 19175 19175 19175 19175 19175 19175 19175 19175 19175 19175 19175 19175 19175 19175 19175 19175 14753 
20097 20097 20097 20097 20097 20097 20097 20097 20097 20097 20097 20097 20097 20097 20097 20097 20097 20097 20097 20097 20097 14791 7292 7292 7292 7292 7292 7292 7292 7292 7292 7292 7292 7292 7292 7292 7292 7292 7292 7292 7292 7292 7292 4964 
18377 18377 18377 18377 18377 18377 18377 18377 18377 18377 18377 18377 18377 18377 18377 18377 18377 18377 18377 18377 18377 12687 10063 10063 10063 10063 10063 10063 10063 10063 10063 10063 10063 10063 10063 10063 10063 10063 10063 10063 10063 10063 10063 5593 
14001 14001 14001 14001 14001 14001 14001 14001 14001 14001 14001 14001 14001 14001 14001 14001 14001 14001 14001 14001 14001 8503 14391 14391 14391 14391 14391 14391 14391 14391 14391 14391 14391 14391 14391 14391 14391 14391 14391 14391 14391 14391 14391 10113 
18521 18521 18521 18521 18521 18521 18521 18521 18521 18521 18521 18521 18521 18521 18521 18521 18521 18521 18521 18521 18521 12735 10207 10207 10207 10207 10207 10207 10207 10207 10207 10207 10207 10207 10207 10207 10207 10207 10207 10207 10207 10207 10207 5641 
17481 17481 17481 17481 17481 17481 17481 17481 17481 17481 17481 17481 17481 17481 17481 17481 17481 17481 17481 17481 17481 11935 22199 22199 22199 22199 22199 22199 22199 22199 22199 22199 22199 22199 22199 22199 22199 22199 22199 22199 22199 22199 22199 17873 
12489 12489 12489 12489 12489 12489 12489 12489 12489 12489 12489 12489 12489 12489 12489 12489 12489 12489 12489 12489 12489 7087 17167 17167 17167 17167 17167 17167 17167 17167 17167 17167 17167 17167 17167 17167 17167 17167 17167 17167 17167 17167 17167 12985 
13969 13969 13969 13969 13969 13969 13969 13969 13969 13969 13969 13969 13969 13969 13969 13969 13969 13969 13969 13969 13969 8183 19319 19319 19319 19319 19319 19319 19319 19319 19319 19319 19319 19319 19319 19319 19319 19319 19319 19319 19319 19319 19319 14753 
13669 13669 13669 13669 13669 13669 13669 13669 13669 13669 13669 13669 13669 13669 13669 13669 13669 13669 13669 13669 13669 8195 18923 18923 18923 18923 18923 18923 18923 18923 18923 18923 18923 18923 18923 18923 18923 18923 18923 18923 18923 18923 18923 14669 
6944 6944 6944 6944 6944 6944 6944 6944 6944 6944 6944 6944 6944 6944 6944 6944 6944 6944 6944 6944 6944 4208 16371 16371 16371 16371 16371 16371 16371 16371 16371 16371 16371 16371 16371 16371 16371 16371 16371 16371 16371 16371 16371 11877 
15429 15429 15429 15429 15429 15429 15429 15429 15429 15429 15429 15429 15429 15429 15429 15429 15429 15429 15429 15429 15429 9907 20139 20139 20139 20139 20139 20139 20139 20139 20139 20139 20139 20139 20139 20139 20139 20139 20139 20139 20139 20139 20139 15837 
12741 12741 12741 12741 12741 12741 12741 12741 12741 12741 12741 12741 12741 12741 12741 12741 12741 12741 12741 12741 12741 7171 17419 17419 17419 17419 17419 17419 17419 17419 17419 17419 17419 17419 17419 17419 17419 17419 17419 17419 17419 17419 17419 13069 
16217 16217 16217 16217 16217 16217 16217 16217 16217 16217 16217 16217 16217 16217 16217 16217 16217 16217 16217 16217 16217 10719 11631 11631 11631 11631 11631 11631 11631 11631 11631 11631 11631 11631 11631 11631 11631 11631 11631 11631 11631 11631 11631 7353 
20277 20277 20277 20277 20277 20277 20277 20277 20277 20277 20277 20277 20277 20277 20277 20277 20277 20277 20277 20277 20277 14851 7472 7472 7472 7472 7472 7472 7472 7472 7472 7472 7472 7472 7472 7472 7472 7472 7472 7472 7472 7472 7472 5024 
14757 14757 14757 14757 14757 14757 14757 14757 14757 14757 14757 14757 14757 14757 14757 14757 14757 14757 14757 14757 14757 9091 16451 16451 16451 16451 16451 16451 16451 16451 16451 16451 16451 16451 16451 16451 16451 16451 16451 16451 16451 16451 16451 12005 
20781 20781 20781 20781 20781 20781 20781 20781 20781 20781 20781 20781 20781 20781 20781 20781 20781 20781 20781 20781 20781 15019 7976 7976 7976 7976 7976 7976 7976 7976 7976 7976 7976 7976 7976 7976 7976 7976 7976 7976 7976 7976 7976 5192 
7120 7120 7120 7120 7120 7120 7120 7120 7120 7120 7120 7120 7120 7120 7120 7120 7120 7120 7120 7120 7120 4720 16595 16595 16595 16595 16595 16595 16595 16595 16595 16595 16595 16595 16595 16595 16595 16595 16595 16595 16595 16595 16595 12437 
7660 7660 7660 7660 7660 7660 7660 7660 7660 7660 7660 7660 7660 7660 7660 7660 7660 7660 7660 7660 7660 4900 17135 17135 17135 17135 17135 17135 17135 17135 17135 17135 17135 17135 17135 17135 17135 17135 17135 17135 17135 17135 17135 12617 
13465 13465 13465 13465 13465 13465 13465 13465 13465 13465 13465 13465 13465 13465 13465 13465 13465 13465 13465 13465 13465 8015 18815 18815 18815 18815 18815 18815 18815 18815 18815 18815 18815 18815 18815 18815 18815 18815 18815 18815 18815 18815 18815 14585 
14721 14721 14721 14721 14721 14721 14721 14721 14721 14721 14721 14721 14721 14721 14721 14721 14721 14721 14721 14721 14721 9079 16415 16415 16415 16415 16415 16415 16415 16415 16415 16415 16415 16415 16415 16415 16415 16415 16415 16415 16415 16415 16415 11993 
17517 17517 17517 17517 17517 17517 17517 17517 17517 17517 17517 17517 17517 17517 17517 17517 17517 17517 17517 17517 17517 11947 22235 22235 22235 22235 22235 22235 22235 22235 22235 22235 22235 22235 22235 22235 22235 22235 22235 22235 22235 22235 22235 17885 
13957 13957 13957 13957 13957 13957 13957 13957 13957 13957 13957 13957 13957 13957 13957 13957 13957 13957 13957 13957 13957 8291 19211 19211 19211 19211 19211 19211 19211 19211 19211 19211 19211 19211 19211 19211 19211 19211 19211 19211 19211 19211 19211 14765 
18269 18269 18269 18269 18269 18269 18269 18269 18269 18269 18269 18269 18269 18269 18269 18269 18269 18269 18269 18269 18269 12651 9955 9955 9955 9955 9955 9955 9955 9955 9955 9955 9955 9955 9955 9955 9955 9955 9955 9955 9955 9955 9955 5557 
17445 17445 17445 17445 17445 17445 17445 17445 17445 17445 17445 17445 17445 17445 17445 17445 17445 17445 17445 17445 17445 11923 22163 22163 22163 22163 22163 22163 22163 22163 22163 22163 22163 22163 22163 22163 22163 22163 22163 22163 22163 22163 22163 17861 
14217 14217 14217 14217 14217 14217 14217 14217 14217 14217 14217 14217 14217 14217 14217 14217 14217 14217 14217 14217 14217 8911 15911 15911 15911 15911 15911 15911 15911 15911 15911 15911 15911 15911 15911 15911 15911 15911 15911 15911 15911 15911 15911 11825 
17765 17765 17765 17765 17765 17765 17765 17765 17765 17765 17765 17765 17765 17765 17765 17765 17765 17765 17765 17765 17765 12483 9451 9451 9451 9451 9451 9451 9451 9451 9451 9451 9451 9451 9451 9451 9451 9451 9451 9451 9451 9451 9451 5389 
15537 15537 15537 15537 15537 15537 15537 15537 15537 15537 15537 15537 15537 15537 15537 15537 15537 15537 15537 15537 15537 9943 20247 20247 20247 20247 20247 20247 20247 20247 20247 20247 20247 20247 20247 20247 20247 20247 20247 20247 20247 20247 20247 15873 
18861 18861 18861 18861 18861 18861 18861 18861 18861 18861 18861 18861 18861 18861 18861 18861 18861 18861 18861 18861 18861 13387 10707 10707 10707 10707 10707 10707 10707 10707 10707 10707 10707 10707 10707 10707 10707 10707 10707 10707 10707 10707 10707 6453 
13645 13645 13645 13645 13645 13645 13645 13645 13645 13645 13645 13645 13645 13645 13645 13645 13645 13645 13645 13645 13645 8075 18995 18995 18995 18995 18995 18995 18995 18995 18995 18995 18995 18995 18995 18995 18995 18995 18995 18995 18995 18995 18995 14645 
17909 17909 17909 17909 17909 17909 17909 17909 17909 17909 17909 17909 17909 17909 17909 17909 17909 17909 17909 17909 17909 12531 9595 9595 9595 9595 9595 9595 9595 9595 9595 9595 9595 9595 9595 9595 9595 9595 9595 9595 9595 9595 9595 5437 
12669 12669 12669 12669 12669 12669 12669 12669 12669 12669 12669 12669 12669 12669 12669 12669 12669 12669 12669 12669 12669 7051 17595 17595 17595 17595 17595 17595 17595 17595 17595 17595 17595 17595 17595 17595 17595 17595 17595 17595 17595 17595 17595 13197 
18573 18573 18573 18573 18573 18573 18573 18573 18573 18573 18573 18573 18573 18573 18573 18573 18573 18573 18573 18573 18573 13291 10419 10419 10419 10419 10419 10419 10419 10419 10419 10419 10419 10419 10419 10419 10419 10419 10419 10419 10419 10419 10419 6357 
14217 14217 14217 14217 14217 14217 14217 14217 14217 14217 14217 14217 14217 14217 14217 14217 14217 14217 14217 14217 14217 8911 15911 15911 15911 15911 15911 15911 15911 15911 15911 15911 15911 15911 15911 15911 15911 15911 15911 15911 15911 15911 15911 11825 
17013 17013 17013 17013 17013 17013 17013 17013 17013 17013 17013 17013 17013 17013 17013 17013 17013 17013 17013 17013 17013 11779 21731 21731 21731 21731 21731 21731 21731 21731 21731 21731 21731 21731 21731 21731 21731 21731 21731 21731 21731 21731 21731 17717 
12381 12381 12381 12381 12381 12381 12381 12381 12381 12381 12381 12381 12381 12381 12381 12381 12381 12381 12381 12381 12381 6955 17307 17307 17307 17307 17307 17307 17307 17307 17307 17307 17307 17307 17307 17307 17307 17307 17307 17307 17307 17307 17307 13101 
13525 13525 13525 13525 13525 13525 13525 13525 13525 13525 13525 13525 13525 13525 13525 13525 13525 13525 13525 13525 13525 8147 18779 18779 18779 18779 18779 18779 18779 18779 18779 18779 18779 18779 18779 18779 18779 18779 18779 18779 18779 18779 18779 14621 
3888 3888 3888 3888 3888 3888 3888 3888 3888 3888 3888 3888 3888 3888 3888 3888 3888 3888 3888 3888 3888 1296 16723 16723 16723 16723 16723 16723 16723 16723 16723 16723 16723 16723 16723 16723 16723 16723 16723 16723 16723 16723 16723 12373 
17301 17301 17301 17301 17301 17301 17301 17301 17301 17301 17301 17301 17301 17301 17301 17301 17301 17301 17301 17301 17301 11875 22019 22019 22019 22019 22019 22019 22019 22019 22019 22019 22019 22019 22019 22019 22019 22019 22019 22019 22019 22019 22019 17813 
13393 13393 13393 13393 13393 13393 13393 13393 13393 13393 13393 13393 13393 13393 13393 13393 13393 13393 13393 13393 13393 7991 18743 18743 18743 18743 18743 18743 18743 18743 18743 18743 18743 18743 18743 18743 18743 18743 18743 18743 18743 18743 18743 14561 
14397 14397 14397 14397 14397 14397 14397 14397 14397 14397 14397 14397 14397 14397 14397 14397 14397 14397 14397 14397 14397 8635 14787 14787 14787 14787 14787 14787 14787 14787 14787 14787 14787 14787 14787 14787 14787 14787 14787 14787 14787 14787 14787 10245 
15625 15625 15625 15625 15625 15625 15625 15625 15625 15625 15625 15625 15625 15625 15625 15625 15625 15625 15625 15625 15625 9983 20767 20767 20767 20767 20767 20767 20767 20767 20767 20767 20767 20767 20767 20767 20767 20767 20767 20767 20767 20767 20767 16345 
18125 18125 18125 18125 18125 18125 18125 18125 18125 18125 18125 18125 18125 18125 18125 18125 18125 18125 18125 18125 18125 12603 9811 9811 9811 9811 9811 9811 9811 9811 9811 9811 9811 9811 9811 9811 9811 9811 9811 9811 9811 9811 9811 5509 
7588 7588 7588 7588 7588 7588 7588 7588 7588 7588 7588 7588 7588 7588 7588 7588 7588 7588 7588 7588 7588 4876 17063 17063 17063 17063 17063 17063 17063 17063 17063 17063 17063 17063 17063 17063 17063 17063 17063 17063 17063 17063 17063 12593 
14065 14065 14065 14065 14065 14065 14065 14065 14065 14065 14065 14065 14065 14065 14065 14065 14065 14065 14065 14065 14065 8327 19319 19319 19319 19319 19319 19319 19319 19319 19319 19319 19319 19319 19319 19319 19319 19319 19319 19319 19319 19319 19319 14801 
4032 4032 4032 4032 4032 4032 4032 4032 4032 4032 4032 4032 4032 4032 4032 4032 4032 4032 4032 4032 4032 1344 16867 16867 16867 16867 16867 16867 16867 16867 16867 16867 16867 16867 16867 16867 16867 16867 16867 16867 16867 16867 16867 12421 
13769 13769 13769 13769 13769 13769 13769 13769 13769 13769 13769 13769 13769 13769 13769 13769 13769 13769 13769 13769 13769 8127 19087 19087 19087 19087 19087 19087 19087 19087 19087 19087 19087 19087 19087 19087 19087 19087 19087 19087 19087 19087 19087 14665 
]

ExternalWorkerWithSkillOnStintCost: [
15240 12420 13650 16770 12240 14970 16560 12300 13620 13560 13890 16770 16650 12510 12570 16620 14070 12960 15960 15960 14190 7578 13500 15390 16320 17040 15270 17940 15900 13860 12420 12000 12600 17940 17160 12540 17460 16740 17760 15630 16950 15120 14370 9342 
17430 17940 12900 17070 12270 16230 13590 16650 17610 16800 14580 12600 12600 14910 15900 12510 14520 15360 12030 12600 12210 10764 17880 17460 15630 12510 14040 16590 13110 12840 13890 12450 14850 16230 12810 15060 14730 14970 13260 14850 17730 15780 16530 9306 
15720 17850 14160 16260 15900 16320 15690 16950 14760 14370 14250 13380 14790 12150 16920 16500 15120 15060 15930 15630 16590 7902 16530 16740 17820 12360 15030 17760 17430 13350 14670 13350 12570 13170 15780 13620 12750 17490 12300 16200 16710 12210 16920 10656 
17010 14100 17070 14700 17730 15840 15120 12450 12870 12330 15480 17460 17940 15180 16590 14580 14820 17550 16920 16050 17340 8064 14430 17520 15330 12150 15390 15510 12450 15540 16440 13920 14400 12300 13980 17940 14850 16020 14670 17580 15240 12840 13560 8424 
]

OverlappingStints: [
[ 23 ]
[ 24 ]
[ 25 ]
[ 26 ]
[ 27 ]
[ 28 ]
[ 29 ]
[ 30 ]
[ 31 ]
[ 32 ]
[ 33 ]
[ 34 ]
[ 35 ]
[ 36 ]
[ 37 ]
[ 38 ]
[ 39 ]
[ 40 ]
[ 41 ]
[ 42 ]
[ 43 ]
[ 44 ]
[ ]
[ ]
[ ]
[ ]
[ ]
[ ]
[ ]
[ ]
[ ]
[ ]
[ ]
[ ]
[ ]
[ ]
[ ]
[ ]
[ ]
[ ]
[ ]
[ ]
[ ]
[ ]
]

EmployeesWithSkill: [
[ 1 2 3 4 5 6 7 8 9 10 11 12 13 14 15 16 17 18 19 20 21 22 23 24 25 26 27 28 29 30 31 32 33 34 35 36 37 38 39 40 41 42 43 44 45 46 47 48 49 50 51 52 53 54 55 56 57 58 59 60 61 62 63 64 65 66 67 68 69 70 71 72 73 74 75 76 77 78 79 80 81 82 83 84 85 86 87 88 89 90 ]
[ 6 32 39 42 45 52 56 58 62 80 ]
[ 1 2 4 5 6 10 11 14 17 19 20 21 22 25 27 29 33 36 37 40 44 45 46 48 49 51 52 53 54 55 59 60 62 63 64 66 68 69 70 72 74 75 77 79 80 81 83 84 85 87 88 89 90 ]
[ 1 2 4 5 6 9 12 14 18 25 28 29 30 32 33 35 36 38 39 40 41 42 43 45 47 48 49 50 51 52 53 54 55 56 57 61 62 65 66 79 82 86 87 89 ]
]

SkillDemandInActivityWithMode: [
0	1	
2	4	
1	3	
3	6	
3	6	
2	4	
1	3	
3	6	
2	4	
3	6	
1	3	
2	4	
2	4	
2	4	
2	4	
2	4	
2	4	
2	4	
1	3	
3	6	
3	6	
1	3	
2	4	
2	4	
2	4	
2	4	
3	6	
1	3	
2	4	
1	3	
3	6	
3	6	
2	4	
0	1	
36	55	
12	19	
36	55	
41	63	
23	36	
22	34	
14	22	
36	55	
65	99	
41	63	
36	55	
15	24	
19	30	
41	63	
54	82	
33	51	
17	27	
36	55	
33	51	
41	63	
12	19	
14	22	
33	51	
54	82	
33	51	

0	1	
0	1	
0	1	
0	1	
0	1	
0	1	
0	1	
0	1	
0	1	
0	1	
0	1	
0	1	
0	1	
0	1	
0	1	
0	1	
0	1	
0	1	
0	1	
0	1	
0	1	
0	1	
0	1	
0	1	
0	1	
0	1	
0	1	
0	1	
0	1	
0	1	
0	1	
0	1	
0	1	
0	1	
3	6	
1	3	
3	6	
3	6	
2	4	
2	4	
1	3	
3	6	
6	10	
3	6	
3	6	
1	3	
1	3	
3	6	
5	9	
3	6	
1	3	
3	6	
3	6	
3	6	
1	3	
1	3	
3	6	
5	9	
3	6	

0	1	
3	6	
1	3	
3	6	
3	6	
2	4	
1	3	
4	7	
1	3	
4	7	
1	3	
2	4	
2	4	
3	6	
2	4	
3	6	
2	4	
3	6	
1	3	
3	6	
4	7	
1	3	
2	4	
3	6	
3	6	
3	6	
3	6	
0	1	
2	4	
1	3	
3	6	
4	7	
2	4	
0	1	
18	28	
6	10	
18	28	
20	31	
11	18	
10	16	
6	10	
18	28	
32	49	
20	31	
18	28	
7	12	
9	15	
20	31	
27	42	
16	25	
8	13	
18	28	
16	25	
20	31	
5	9	
6	10	
16	25	
27	42	
16	25	

0	1	
11	18	
4	7	
12	19	
12	19	
6	10	
5	9	
14	22	
6	10	
14	22	
4	7	
9	15	
7	12	
9	15	
7	12	
9	15	
8	13	
9	15	
5	9	
12	19	
14	22	
4	7	
6	10	
9	15	
9	15	
9	15	
12	19	
2	4	
6	10	
3	6	
12	19	
14	22	
8	13	
0	1	
4	7	
1	3	
4	7	
5	9	
2	4	
2	4	
1	3	
4	7	
8	13	
5	9	
4	7	
1	3	
2	4	
5	9	
6	10	
4	7	
2	4	
4	7	
4	7	
5	9	
1	3	
1	3	
4	7	
6	10	
4	7	

]

EmployeeAvailability: [
1 1 1 1 1 1 1 1 1 1 1 1 1 1 1 1 0 1 1 1 1 1 1 1 1 1 1 1 1 1 1 1 1 1 1 1 1 1 0 1 1 1 1 1 
1 1 1 0 1 1 1 1 1 1 1 1 1 1 1 1 1 1 1 1 1 1 1 1 1 0 1 1 1 1 1 1 1 1 1 1 1 1 1 1 1 1 1 1 
1 1 1 1 1 1 1 1 1 1 1 1 1 1 1 1 1 1 1 1 1 1 1 1 1 1 1 1 1 1 1 1 1 1 1 1 1 1 1 1 1 1 1 1 
0 1 1 1 1 1 1 1 1 1 1 1 1 1 1 1 1 1 1 1 1 1 0 1 1 1 1 1 1 1 1 1 1 1 1 1 1 1 1 1 1 1 1 1 
1 1 1 1 1 1 1 1 1 1 1 1 1 1 1 1 1 1 1 1 1 1 1 1 1 1 1 1 1 1 1 1 1 1 1 1 1 1 1 1 1 1 1 1 
1 1 1 1 1 1 1 1 1 1 1 1 0 0 1 1 1 1 1 1 1 1 1 1 1 1 1 1 1 1 1 1 1 1 0 0 1 1 1 1 1 1 1 1 
1 1 1 1 1 1 1 1 1 1 1 1 1 1 1 1 1 1 1 1 1 1 1 1 1 1 1 1 1 1 1 1 1 1 1 1 1 1 1 1 1 1 1 1 
1 1 1 1 1 1 1 1 1 1 1 1 1 1 1 1 1 1 1 1 1 1 1 1 1 1 1 1 1 1 1 1 1 1 1 1 1 1 1 1 1 1 1 1 
1 1 1 1 1 1 1 1 1 1 1 1 1 1 1 1 1 1 1 1 1 1 1 1 1 1 1 1 1 1 1 1 1 1 1 1 1 1 1 1 1 1 1 1 
1 1 1 1 1 1 1 1 1 1 1 1 1 1 1 1 1 0 1 1 1 1 1 1 1 1 1 1 1 1 1 1 1 1 1 1 1 1 1 0 1 1 1 1 
0 1 1 1 1 1 0 1 1 1 1 1 1 1 1 1 1 1 1 1 1 1 0 1 1 1 1 1 0 1 1 1 1 1 1 1 1 1 1 1 1 1 1 1 
1 1 1 1 0 1 1 1 1 1 0 1 1 0 1 1 1 1 1 1 1 1 1 1 1 1 0 1 1 1 1 1 0 1 1 0 1 1 1 1 1 1 1 1 
1 1 1 1 1 1 1 0 1 1 1 1 1 1 1 1 1 1 1 1 1 1 1 1 1 1 1 1 1 0 1 1 1 1 1 1 1 1 1 1 1 1 1 1 
1 1 1 1 1 1 1 1 1 1 1 1 1 1 1 1 1 1 1 1 1 1 1 1 1 1 1 1 1 1 1 1 1 1 1 1 1 1 1 1 1 1 1 1 
1 1 1 1 1 1 1 0 1 1 1 1 1 1 1 1 1 1 1 1 1 1 1 1 1 1 1 1 1 0 1 1 1 1 1 1 1 1 1 1 1 1 1 1 
1 1 1 1 1 1 1 1 0 1 1 1 1 1 1 1 1 1 1 1 1 1 1 1 1 1 1 1 1 1 0 1 1 1 1 1 1 1 1 1 1 1 1 1 
1 1 0 1 1 1 1 1 1 1 1 1 1 1 1 1 1 1 0 0 1 1 1 1 0 1 1 1 1 1 1 1 1 1 1 1 1 1 1 1 0 0 1 1 
1 1 1 1 1 1 1 1 1 1 1 1 1 1 1 1 1 1 1 1 1 1 1 1 1 1 1 1 1 1 1 1 1 1 1 1 1 1 1 1 1 1 1 1 
1 1 1 1 0 1 1 1 1 0 1 1 1 1 1 1 0 1 1 1 1 1 1 1 1 1 0 1 1 1 1 0 1 1 1 1 1 1 0 1 1 1 1 1 
1 1 1 1 1 1 1 1 1 1 1 1 1 1 1 1 1 1 1 1 1 1 1 1 1 1 1 1 1 1 1 1 1 1 1 1 1 1 1 1 1 1 1 1 
1 1 1 1 0 1 1 1 1 0 1 1 1 1 1 1 1 1 1 1 1 1 1 1 1 1 0 1 1 1 1 0 1 1 1 1 1 1 1 1 1 1 1 1 
1 1 1 1 1 1 1 1 1 1 1 1 1 1 0 0 1 1 1 1 0 1 1 1 1 1 1 1 1 1 1 1 1 1 1 1 0 0 1 1 1 1 0 1 
1 0 1 1 1 1 1 1 1 1 1 1 1 1 1 1 1 1 1 1 1 1 1 0 1 1 1 1 1 1 1 1 1 1 1 1 1 1 1 1 1 1 1 1 
1 1 1 1 0 1 1 1 1 1 1 1 1 1 1 1 1 0 1 1 1 1 1 1 1 1 0 1 1 1 1 1 1 1 1 1 1 1 1 0 1 1 1 1 
1 1 1 1 1 1 1 1 0 1 1 1 1 1 0 1 1 1 1 1 1 1 1 1 1 1 1 1 1 1 0 1 1 1 1 1 0 1 1 1 1 1 1 1 
1 1 0 1 1 1 1 1 1 1 1 1 1 1 1 1 1 1 1 1 1 1 1 1 0 1 1 1 1 1 1 1 1 1 1 1 1 1 1 1 1 1 1 1 
1 1 1 1 1 1 1 1 1 1 0 1 1 1 1 1 1 1 1 1 1 1 1 1 1 1 1 1 1 1 1 1 0 1 1 1 1 1 1 1 1 1 1 1 
1 1 1 1 1 0 0 1 1 1 1 1 1 1 1 1 1 1 1 1 1 1 1 1 1 1 1 0 0 1 1 1 1 1 1 1 1 1 1 1 1 1 1 1 
1 1 1 1 1 1 1 1 1 1 1 1 1 1 1 1 1 1 1 1 1 1 1 1 1 1 1 1 1 1 1 1 1 1 1 1 1 1 1 1 1 1 1 1 
1 1 1 1 1 1 1 1 1 1 1 1 1 1 1 1 1 1 1 1 1 1 1 1 1 1 1 1 1 1 1 1 1 1 1 1 1 1 1 1 1 1 1 1 
1 1 1 1 1 1 1 1 1 1 1 1 1 1 1 1 1 1 0 1 1 1 1 1 1 1 1 1 1 1 1 1 1 1 1 1 1 1 1 1 0 1 1 1 
1 1 1 1 1 1 1 1 1 1 1 0 1 1 1 1 1 1 1 0 1 1 1 1 1 1 1 1 1 1 1 1 1 0 1 1 1 1 1 1 1 0 1 1 
1 1 1 1 1 1 1 1 1 1 1 1 1 1 1 1 1 1 1 1 1 1 1 1 1 1 1 1 1 1 1 1 1 1 1 1 1 1 1 1 1 1 1 1 
1 1 1 1 1 1 1 1 1 1 0 1 0 1 1 1 1 1 1 1 1 1 1 1 1 1 1 1 1 1 1 1 0 1 0 1 1 1 1 1 1 1 1 1 
1 1 1 1 1 1 1 1 1 1 1 1 1 1 0 1 1 1 1 1 1 1 1 1 1 1 1 1 1 1 1 1 1 1 1 1 0 1 1 1 1 1 1 1 
1 1 1 1 1 1 1 1 1 1 1 1 1 1 1 1 1 1 1 1 1 1 1 1 1 1 1 1 1 1 1 1 1 1 1 1 1 1 1 1 1 1 1 1 
1 1 1 1 1 1 1 1 1 1 1 1 1 1 1 1 1 1 1 1 1 1 1 1 1 1 1 1 1 1 1 1 1 1 1 1 1 1 1 1 1 1 1 1 
1 1 1 1 1 1 1 1 1 1 1 1 1 1 0 1 1 1 1 0 1 1 1 1 1 1 1 1 1 1 1 1 1 1 1 1 0 1 1 1 1 0 1 1 
1 1 1 1 1 1 1 1 1 1 1 1 0 1 1 1 1 1 1 1 1 1 1 1 1 1 1 1 1 1 1 1 1 1 0 1 1 1 1 1 1 1 1 1 
1 1 1 1 1 1 1 1 1 1 1 1 1 1 1 1 1 1 1 1 1 1 1 1 1 1 1 1 1 1 1 1 1 1 1 1 1 1 1 1 1 1 1 1 
1 1 1 1 1 1 1 1 1 1 1 1 1 1 1 1 1 1 1 1 1 1 1 1 1 1 1 1 1 1 1 1 1 1 1 1 1 1 1 1 1 1 1 1 
1 1 1 1 1 1 1 1 1 1 1 1 1 1 1 1 1 1 1 1 1 1 1 1 1 1 1 1 1 1 1 1 1 1 1 1 1 1 1 1 1 1 1 1 
1 1 1 1 1 1 1 1 1 1 1 1 1 1 1 1 1 1 1 1 0 1 1 1 1 1 1 1 1 1 1 1 1 1 1 1 1 1 1 1 1 1 0 1 
1 1 1 1 1 1 1 1 1 1 1 1 1 1 1 1 1 1 1 1 1 1 1 1 1 1 1 1 1 1 1 1 1 1 1 1 1 1 1 1 1 1 1 1 
1 1 1 1 1 1 1 1 1 1 1 1 1 1 1 1 1 1 1 1 1 1 1 1 1 1 1 1 1 1 1 1 1 1 1 1 1 1 1 1 1 1 1 1 
1 1 0 1 1 1 1 1 1 1 1 1 1 1 1 1 0 1 1 1 1 1 1 1 0 1 1 1 1 1 1 1 1 1 1 1 1 1 0 1 1 1 1 1 
1 1 1 1 1 1 0 1 1 1 1 1 1 0 1 1 1 1 1 1 1 1 1 1 1 1 1 1 0 1 1 1 1 1 1 0 1 1 1 1 1 1 1 1 
1 1 1 1 1 1 1 1 1 1 1 1 0 1 1 1 1 1 1 1 1 1 1 1 1 1 1 1 1 1 1 1 1 1 0 1 1 1 1 1 1 1 1 1 
1 1 1 1 1 1 1 1 1 1 1 1 1 1 1 1 1 1 1 1 1 1 1 1 1 1 1 1 1 1 1 1 1 1 1 1 1 1 1 1 1 1 1 1 
1 1 1 1 1 1 1 1 1 1 1 1 1 1 1 1 1 1 1 1 1 1 1 1 1 1 1 1 1 1 1 1 1 1 1 1 1 1 1 1 1 1 1 1 
0 1 1 1 1 1 0 1 1 1 1 1 1 1 1 1 1 1 1 0 1 1 0 1 1 1 1 1 0 1 1 1 1 1 1 1 1 1 1 1 1 0 1 1 
1 1 1 1 1 1 1 1 1 1 1 1 1 1 1 1 1 1 1 1 1 1 1 1 1 1 1 1 1 1 1 1 1 1 1 1 1 1 1 1 1 1 1 1 
1 1 1 1 1 1 1 1 1 1 1 1 1 0 1 1 1 1 1 1 1 1 1 1 1 1 1 1 1 1 1 1 1 1 1 0 1 1 1 1 1 1 1 1 
1 1 1 1 1 1 1 1 1 1 1 1 1 1 1 0 0 1 1 1 0 1 1 1 1 1 1 1 1 1 1 1 1 1 1 1 1 0 0 1 1 1 0 1 
1 1 1 1 0 1 1 1 1 0 1 1 1 1 1 1 1 1 1 0 1 1 1 1 1 1 0 1 1 1 1 0 1 1 1 1 1 1 1 1 1 0 1 1 
1 1 1 1 1 1 1 1 1 1 1 1 1 1 1 1 1 1 1 1 1 1 1 1 1 1 1 1 1 1 1 1 1 1 1 1 1 1 1 1 1 1 1 1 
1 1 1 1 1 1 1 1 1 1 1 0 1 1 1 1 1 1 1 1 1 1 1 1 1 1 1 1 1 1 1 1 1 0 1 1 1 1 1 1 1 1 1 1 
1 1 1 1 1 1 1 1 1 1 1 1 1 1 1 1 1 1 1 1 1 1 1 1 1 1 1 1 1 1 1 1 1 1 1 1 1 1 1 1 1 1 1 1 
1 1 1 1 1 1 1 1 1 1 0 1 1 1 1 1 1 1 1 1 1 1 1 1 1 1 1 1 1 1 1 1 0 1 1 1 1 1 1 1 1 1 1 1 
1 1 1 1 1 1 1 1 1 1 1 1 1 1 1 1 0 0 1 1 1 1 1 1 1 1 1 1 1 1 1 1 1 1 1 1 1 1 0 0 1 1 1 1 
1 1 1 1 1 1 1 1 1 1 1 1 1 0 1 1 1 1 1 1 1 1 1 1 1 1 1 1 1 1 1 1 1 1 1 0 1 1 1 1 1 1 1 1 
1 1 1 1 0 1 1 1 1 1 1 1 1 1 1 1 1 1 1 1 1 0 1 1 1 1 0 1 1 1 1 1 1 1 1 1 1 1 1 1 1 1 1 0 
1 1 1 1 1 1 1 1 1 1 1 1 1 1 1 1 1 1 1 1 1 1 1 1 1 1 1 1 1 1 1 1 1 1 1 1 1 1 1 1 1 1 1 1 
1 1 1 1 1 1 1 1 1 1 1 1 0 1 1 1 1 1 1 1 1 1 1 1 1 1 1 1 1 1 1 1 1 1 0 1 1 1 1 1 1 1 1 1 
1 1 1 1 1 0 1 1 1 1 1 1 1 1 1 1 1 1 1 1 1 1 1 1 1 1 1 0 1 1 1 1 1 1 1 1 1 1 1 1 1 1 1 1 
1 1 1 1 1 1 1 1 1 1 1 1 1 1 1 1 1 1 1 1 1 1 1 1 1 1 1 1 1 1 1 1 1 1 1 1 1 1 1 1 1 1 1 1 
1 1 0 1 1 1 1 1 1 1 1 1 1 1 1 1 1 1 1 1 1 1 1 1 0 1 1 1 1 1 1 1 1 1 1 1 1 1 1 1 1 1 1 1 
1 1 1 1 1 1 1 1 1 1 1 1 1 1 1 1 1 1 1 1 1 1 1 1 1 1 1 1 1 1 1 1 1 1 1 1 1 1 1 1 1 1 1 1 
1 1 1 1 1 1 1 1 1 1 1 1 1 1 1 1 1 1 1 0 1 1 1 1 1 1 1 1 1 1 1 1 1 1 1 1 1 1 1 1 1 0 1 1 
1 1 1 1 1 1 1 1 1 1 1 1 1 1 1 1 0 1 1 1 1 1 1 1 1 1 1 1 1 1 1 1 1 1 1 1 1 1 0 1 1 1 1 1 
1 1 1 1 1 1 1 1 1 1 1 1 1 1 1 1 1 1 1 1 1 1 1 1 1 1 1 1 1 1 1 1 1 1 1 1 1 1 1 1 1 1 1 1 
1 1 1 1 1 1 1 1 1 1 1 1 1 1 1 1 1 1 1 1 1 1 1 1 1 1 1 1 1 1 1 1 1 1 1 1 1 1 1 1 1 1 1 1 
1 1 1 1 1 1 1 1 1 1 1 1 1 1 1 1 1 1 1 1 1 1 1 1 1 1 1 1 1 1 1 1 1 1 1 1 1 1 1 1 1 1 1 1 
1 1 1 1 1 1 1 1 1 1 1 0 1 1 1 1 1 1 1 1 1 1 1 1 1 1 1 1 1 1 1 1 1 0 1 1 1 1 1 1 1 1 1 1 
0 1 1 1 1 1 1 1 1 1 1 1 1 1 1 0 1 1 0 1 1 1 0 1 1 1 1 1 1 1 1 1 1 1 1 1 1 0 1 1 0 1 1 1 
1 1 1 1 1 1 1 1 1 1 1 1 1 1 1 1 1 1 1 1 1 1 1 1 1 1 1 1 1 1 1 1 1 1 1 1 1 1 1 1 1 1 1 1 
1 1 1 1 1 1 1 1 1 1 1 1 0 1 1 1 1 1 1 1 1 1 1 1 1 1 1 1 1 1 1 1 1 1 0 1 1 1 1 1 1 1 1 1 
1 1 1 1 1 0 1 1 1 1 1 0 0 1 1 1 1 1 1 1 1 1 1 1 1 1 1 0 1 1 1 1 1 0 0 1 1 1 1 1 1 1 1 1 
1 1 1 1 1 0 0 1 1 1 1 1 1 1 1 1 1 0 1 1 1 1 1 1 1 1 1 0 0 1 1 1 1 1 1 1 1 1 1 0 1 1 1 1 
1 1 1 1 1 1 1 1 1 1 0 1 0 1 1 1 1 1 1 1 1 1 1 1 1 1 1 1 1 1 1 1 0 1 0 1 1 1 1 1 1 1 1 1 
1 1 0 1 1 1 1 1 1 1 1 1 1 1 1 1 1 1 1 1 1 1 1 1 0 1 1 1 1 1 1 1 1 1 1 1 1 1 1 1 1 1 1 1 
1 1 1 1 1 1 1 1 1 1 1 1 1 1 1 1 1 1 1 1 1 1 1 1 1 1 1 1 1 1 1 1 1 1 1 1 1 1 1 1 1 1 1 1 
1 1 1 1 1 1 1 0 1 1 1 1 1 1 1 1 1 1 1 1 1 1 1 1 1 1 1 1 1 0 1 1 1 1 1 1 1 1 1 1 1 1 1 1 
1 1 1 1 1 1 1 1 1 1 1 1 1 1 1 1 1 0 1 1 1 1 1 1 1 1 1 1 1 1 1 1 1 1 1 1 1 1 1 0 1 1 1 1 
1 1 0 1 1 1 1 1 1 1 1 0 1 1 1 1 1 1 1 1 1 1 1 1 0 1 1 1 1 1 1 1 1 0 1 1 1 1 1 1 1 1 1 1 
1 1 1 1 1 1 1 1 1 1 1 1 1 1 1 1 1 1 1 1 1 1 1 1 1 1 1 1 1 1 1 1 1 1 1 1 1 1 1 1 1 1 1 1 
0 1 0 1 1 1 1 1 1 1 1 1 1 1 1 1 1 1 1 1 1 1 0 1 0 1 1 1 1 1 1 1 1 1 1 1 1 1 1 1 1 1 1 1 
1 1 1 1 1 1 1 1 1 1 1 1 1 1 1 1 1 1 1 1 1 1 1 1 1 1 1 1 1 1 1 1 1 1 1 1 1 1 1 1 1 1 1 1 
1 1 1 1 1 1 1 1 1 1 1 1 1 1 1 1 1 1 0 1 1 1 1 1 1 1 1 1 1 1 1 1 1 1 1 1 1 1 1 1 0 1 1 1 
1 1 1 1 1 1 1 1 1 0 1 1 1 1 1 1 1 1 1 1 1 1 1 1 1 1 1 1 1 1 1 0 1 1 1 1 1 1 1 1 1 1 1 1 
]

EmployeeWantedInStint: [ (1 25) 1 (2 13) 1 (2 17) 1 (5 6) 1 (5 31) 1 (7 32) 1 (8 19) 1 (10 16) 1 (11 13) 1 (13 4) 1 (13 40) 1 (16 28) 1 (17 22) 1 (17 23) 1 (21 14) 1 (22 12) 1 (27 27) 1 (30 37) 1 (31 11) 1 (31 31) 1 (31 41) 1 (32 31) 1 (33 20) 1 (34 7) 1 (34 28) 1 (34 44) 1 (35 21) 1 (37 13) 1 (37 42) 1 (38 40) 1 (40 38) 1 (41 24) 1 (42 8) 1 (42 30) 1 (43 28) 1 (44 5) 1 (45 44) 1 (46 38) 1 (48 15) 1 (48 43) 1 (49 10) 1 (51 1) 1 (51 42) 1 (54 5) 1 (56 38) 1 (57 7) 1 (59 10) 1 (60 25) 1 (61 27) 1 (61 44) 1 (62 11) 1 (63 8) 1 (63 21) 1 (64 1) 1 (65 32) 1 (65 42) 1 (72 26) 1 (74 40) 1 (76 28) 1 (78 41) 1 (80 10) 1 (80 29) 1 (80 30) 1 (83 17) 1 (83 28) 1 (85 8) 1 (85 18) 1 (85 35) 1 (88 35) 1 (89 36) 1 ]

EmployeeWantedViolationCost: [ (1 25) 10000 (2 13) 13000 (2 17) 9000 (5 6) 15000 (5 31) 13000 (7 32) 12000 (8 19) 15000 (10 16) 11000 (11 13) 15000 (13 4) 9000 (13 40) 8000 (16 28) 13000 (17 22) 12000 (17 23) 13000 (21 14) 9000 (22 12) 11000 (27 27) 8000 (30 37) 15000 (31 11) 6000 (31 31) 14000 (31 41) 15000 (32 31) 11000 (33 20) 12000 (34 7) 12000 (34 28) 13000 (34 44) 11000 (35 21) 12000 (37 13) 5000 (37 42) 6000 (38 40) 12000 (40 38) 6000 (41 24) 10000 (42 8) 12000 (42 30) 5000 (43 28) 13000 (44 5) 5000 (45 44) 13000 (46 38) 5000 (48 15) 15000 (48 43) 12000 (49 10) 12000 (51 1) 9000 (51 42) 14000 (54 5) 9000 (56 38) 13000 (57 7) 10000 (59 10) 11000 (60 25) 13000 (61 27) 12000 (61 44) 10000 (62 11) 7000 (63 8) 13000 (63 21) 9000 (64 1) 11000 (65 32) 7000 (65 42) 12000 (72 26) 9000 (74 40) 7000 (76 28) 13000 (78 41) 5000 (80 10) 11000 (80 29) 13000 (80 30) 7000 (83 17) 9000 (83 28) 15000 (85 8) 6000 (85 18) 14000 (85 35) 7000 (88 35) 11000 (89 36) 14000 ]

EmployeesThatShouldNotWorkTogetherWithEmployee: [
[ 3 5 6 7 11 18 71 ]
[ 7 22 34 ]
[ 7 8 51 86 ]
[ 29 74 ]
[ 11 13 18 53 89 ]
[ 83 ]
[ 78 ]
[ 24 27 29 ]
[ 21 82 ]
[ 13 54 ]
[ 49 64 76 ]
[ 47 48 54 72 77 ]
[ 23 30 40 78 ]
[ 22 65 73 77 85 ]
[ 18 19 38 42 ]
[ 30 ]
[ 39 72 75 ]
[ 55 64 ]
[ 31 ]
[ 26 77 90 ]
[ 38 62 ]
[ 47 70 ]
[ 46 47 66 88 ]
[ 56 67 85 88 89 ]
[ 27 68 87 ]
[ 35 ]
[ 66 67 ]
[ 45 ]
[ 39 ]
[ 79 ]
[ 82 ]
[ 44 63 ]
[ 35 63 81 ]
[ 48 52 86 ]
[ 65 85 ]
[ 50 ]
[ 53 77 85 ]
[ 43 87 89 ]
[ 53 77 ]
[ 44 48 50 ]
[ 51 84 ]
[ 47 48 83 ]
[ 69 85 ]
[ 49 68 85 ]
[ 47 57 ]
[ 55 82 ]
[ 54 57 69 ]
[ 75 87 ]
[ 50 79 ]
[ 52 75 ]
[ 68 85 ]
[ 59 70 ]
[ ]
[ 75 ]
[ 74 ]
[ 70 90 ]
[ 66 67 70 ]
[ 90 ]
[ 69 ]
[ ]
[ ]
[ ]
[ 77 ]
[ 67 70 90 ]
[ ]
[ 87 ]
[ ]
[ 73 ]
[ 72 77 ]
[ ]
[ 87 ]
[ ]
[ ]
[ ]
[ ]
[ 88 ]
[ 88 89 ]
[ ]
[ ]
[ ]
[ ]
[ 86 ]
[ ]
[ ]
[ ]
[ ]
[ 88 ]
[ ]
[ ]
[ ]
]

ShouldNotWorkTogetherCost: [ (1 3) 99 (1 5) 198 (1 6) 99 (1 7) 99 (1 11) 396 (1 18) 297 (1 71) 297 (2 7) 297 (2 22) 396 (2 34) 396 (3 7) 396 (3 8) 297 (3 51) 297 (3 86) 99 (4 29) 198 (4 74) 198 (5 11) 198 (5 13) 99 (5 18) 99 (5 53) 396 (5 89) 198 (6 83) 198 (7 78) 198 (8 24) 396 (8 27) 297 (8 29) 396 (9 21) 99 (9 82) 198 (10 13) 297 (10 54) 198 (11 49) 297 (11 64) 297 (11 76) 198 (12 47) 396 (12 48) 396 (12 54) 297 (12 72) 198 (12 77) 198 (13 23) 297 (13 30) 198 (13 40) 198 (13 78) 297 (14 22) 297 (14 65) 198 (14 73) 297 (14 77) 198 (14 85) 297 (15 18) 198 (15 19) 198 (15 38) 99 (15 42) 396 (16 30) 297 (17 39) 198 (17 72) 198 (17 75) 396 (18 55) 297 (18 64) 99 (19 31) 198 (20 26) 198 (20 77) 297 (20 90) 198 (21 38) 198 (21 62) 198 (22 47) 198 (22 70) 396 (23 46) 99 (23 47) 396 (23 66) 297 (23 88) 198 (24 56) 297 (24 67) 297 (24 85) 297 (24 88) 297 (24 89) 198 (25 27) 99 (25 68) 396 (25 87) 198 (26 35) 396 (27 66) 198 (27 67) 198 (28 45) 198 (29 39) 99 (30 79) 297 (31 82) 297 (32 44) 396 (32 63) 297 (33 35) 297 (33 63) 99 (33 81) 297 (34 48) 396 (34 52) 99 (34 86) 396 (35 65) 198 (35 85) 396 (36 50) 198 (37 53) 297 (37 77) 297 (37 85) 198 (38 43) 99 (38 87) 198 (38 89) 198 (39 53) 396 (39 77) 198 (40 44) 198 (40 48) 396 (40 50) 297 (41 51) 297 (41 84) 297 (42 47) 99 (42 48) 396 (42 83) 297 (43 69) 198 (43 85) 297 (44 49) 198 (44 68) 99 (44 85) 99 (45 47) 297 (45 57) 99 (46 55) 198 (46 82) 396 (47 54) 198 (47 57) 198 (47 69) 396 (48 75) 198 (48 87) 297 (49 50) 396 (49 79) 297 (50 52) 99 (50 75) 396 (51 68) 297 (51 85) 99 (52 59) 99 (52 70) 297 (54 75) 198 (55 74) 396 (56 70) 297 (56 90) 297 (57 66) 396 (57 67) 396 (57 70) 99 (58 90) 396 (59 69) 99 (63 77) 297 (64 67) 198 (64 70) 396 (64 90) 297 (66 87) 396 (68 73) 297 (69 72) 297 (69 77) 297 (71 87) 396 (76 88) 396 (77 88) 297 (77 89) 297 (82 86) 99 (87 88) 297 ]

ImmediatePredecessorsToActivity: [
[ ]
[ 1 ]
[ 1 ]
[ 1 ]
[ 4 ]
[ 2 3 5 ]
[ 1 ]
[ 6 ]
[ 2 4 ]
[ 9 ]
[ 3 5 ]
[ 6 9 11 ]
[ 6 11 ]
[ 1 ]
[ 8 11 14 ]
[ 9 ]
[ 8 14 ]
[ 9 11 ]
[ 4 6 10 ]
[ 8 10 18 ]
[ 12 14 ]
[ 6 9 ]
[ 4 ]
[ 2 5 8 ]
[ 7 11 23 ]
[ 6 23 ]
[ 7 24 26 ]
[ 1 ]
[ 3 7 23 ]
[ 3 14 ]
[ 10 25 29 ]
[ 5 9 29 ]
[ 11 14 32 ]
[ ]
[ 34 ]
[ 34 ]
[ 36 ]
[ 37 ]
[ 34 ]
[ 34 ]
[ 34 ]
[ 35 37 40 ]
[ 37 ]
[ 39 40 43 ]
[ 41 ]
[ 41 ]
[ 35 ]
[ 36 39 43 ]
[ 39 45 47 ]
[ 39 40 45 ]
[ 35 40 ]
[ 39 45 47 ]
[ 35 41 49 ]
[ 43 50 51 ]
[ 35 39 40 ]
[ 41 ]
[ 49 ]
[ 38 42 47 50 51 ]
[ 36 40 41 49 ]
]

ActivitiesInProject: [
[ 1 2 3 4 5 6 7 8 9 10 11 12 13 14 15 16 17 18 19 20 21 22 23 24 25 26 27 28 29 30 31 32 33 ]
[ 34 35 36 37 38 39 40 41 42 43 44 45 46 47 48 49 50 51 52 53 54 55 56 57 58 59 ]
]

nActivityModes: [ 2 2 2 2 2 2 2 2 2 2 2 2 2 2 2 2 2 2 2 2 2 2 2 2 2 2 2 2 2 2 2 2 2 2 2 2 2 2 2 2 2 2 2 2 2 2 2 2 2 2 2 2 2 2 2 2 2 2 2 ]

ActivitiyDurationWithMode: [
1	1	
9	6	
25	17	
8	6	
8	6	
15	10	
18	12	
7	5	
16	11	
7	5	
22	15	
11	8	
14	10	
10	7	
14	10	
10	7	
12	8	
10	7	
18	12	
8	6	
7	5	
22	15	
15	10	
10	7	
10	7	
10	7	
8	6	
49	33	
15	10	
30	20	
8	6	
7	5	
12	8	
1	1	
9	6	
27	18	
9	6	
8	6	
14	10	
15	10	
24	16	
9	6	
5	4	
8	6	
9	6	
22	15	
17	12	
8	6	
6	4	
10	7	
20	14	
9	6	
10	7	
8	6	
28	19	
24	16	
10	7	
6	4	
10	7	
]
StintsInProject: [
[ 1 2 3 4 5 6 7 8 9 10 11 12 13 14 15 16 17 18 19 20 21 22 ]
[ 23 24 25 26 27 28 29 30 31 32 33 34 35 36 37 38 39 40 41 42 43 44 ]
]

WorkingStintsOnDay: [
[ 1 23 ]
[ 1 23 ]
[ 1 23 ]
[ 1 23 ]
[ 1 23 ]
[ ]
[ ]
[ 2 24 ]
[ 2 24 ]
[ 2 24 ]
[ 2 24 ]
[ 2 24 ]
[ ]
[ ]
[ 3 25 ]
[ 3 25 ]
[ 3 25 ]
[ 3 25 ]
[ 3 25 ]
[ ]
[ ]
[ 4 26 ]
[ 4 26 ]
[ 4 26 ]
[ 4 26 ]
[ 4 26 ]
[ ]
[ ]
[ 5 27 ]
[ 5 27 ]
[ 5 27 ]
[ 5 27 ]
[ 5 27 ]
[ ]
[ ]
[ 6 28 ]
[ 6 28 ]
[ 6 28 ]
[ 6 28 ]
[ 6 28 ]
[ ]
[ ]
[ 7 29 ]
[ 7 29 ]
[ 7 29 ]
[ 7 29 ]
[ 7 29 ]
[ ]
[ ]
[ 8 30 ]
[ 8 30 ]
[ 8 30 ]
[ 8 30 ]
[ 8 30 ]
[ ]
[ ]
[ 9 31 ]
[ 9 31 ]
[ 9 31 ]
[ 9 31 ]
[ 9 31 ]
[ ]
[ ]
[ 10 32 ]
[ 10 32 ]
[ 10 32 ]
[ 10 32 ]
[ 10 32 ]
[ ]
[ ]
[ 11 33 ]
[ 11 33 ]
[ 11 33 ]
[ 11 33 ]
[ 11 33 ]
[ ]
[ ]
[ 12 34 ]
[ 12 34 ]
[ 12 34 ]
[ 12 34 ]
[ 12 34 ]
[ ]
[ ]
[ 13 35 ]
[ 13 35 ]
[ 13 35 ]
[ 13 35 ]
[ 13 35 ]
[ ]
[ ]
[ 14 36 ]
[ 14 36 ]
[ 14 36 ]
[ 14 36 ]
[ 14 36 ]
[ ]
[ ]
[ 15 37 ]
[ 15 37 ]
[ 15 37 ]
[ 15 37 ]
[ 15 37 ]
[ ]
[ ]
[ 16 38 ]
[ 16 38 ]
[ 16 38 ]
[ 16 38 ]
[ 16 38 ]
[ ]
[ ]
[ 17 39 ]
[ 17 39 ]
[ 17 39 ]
[ 17 39 ]
[ 17 39 ]
[ ]
[ ]
[ 18 40 ]
[ 18 40 ]
[ 18 40 ]
[ 18 40 ]
[ 18 40 ]
[ ]
[ ]
[ 19 41 ]
[ 19 41 ]
[ 19 41 ]
[ 19 41 ]
[ 19 41 ]
[ ]
[ ]
[ 20 42 ]
[ 20 42 ]
[ 20 42 ]
[ 20 42 ]
[ 20 42 ]
[ ]
[ ]
[ 21 43 ]
[ 21 43 ]
[ 21 43 ]
[ 21 43 ]
[ 21 43 ]
[ ]
[ ]
[ 22 44 ]
[ 22 44 ]
[ 22 44 ]
]

ProjectStart: [ 26 46 ]

ProjectEnd: [ 120 120 ]

EarliestStartDayForActivity: [ 1 26 26 26 38 61 26 82 39 61 61 93 93 26 93 61 93 93 82 107 108 82 38 93 93 82 107 26 61 61 107 82 93 1 46 46 83 96 46 46 46 96 96 103 80 80 59 103 93 93 67 93 101 107 67 80 101 109 101 ]

LatestStartDayForActivity: [ 1 120 120 120 120 120 120 120 120 120 120 120 120 120 120 120 120 120 120 120 120 120 120 120 120 120 120 120 120 120 120 120 120 1 120 120 120 120 120 120 120 120 120 120 120 120 120 120 120 120 120 120 120 120 120 120 120 120 120 ]

EquipmentTypeDemandInActivityWithMode: [
0	1	
2	4	
1	3	
1	3	
0	1	
0	1	
1	3	
0	1	
0	1	
0	1	
0	1	
2	4	
0	1	
1	3	
1	3	
0	1	
0	1	
1	3	
0	1	
1	3	
0	1	
2	4	
0	1	
0	1	
1	3	
2	4	
1	3	
1	3	
0	1	
1	3	
2	4	
1	3	
0	1	
0	1	
4	7	
1	3	
0	1	
1	3	
1	3	
1	3	
0	1	
2	4	
1	3	
0	1	
0	1	
0	1	
2	4	
1	3	
0	1	
0	1	
2	4	
0	1	
1	3	
0	1	
0	1	
2	4	
1	3	
3	6	
0	1	

0	1	
2	4	
1	3	
1	3	
1	3	
0	1	
1	3	
0	1	
2	4	
2	4	
0	1	
0	1	
1	3	
1	3	
0	1	
3	6	
0	1	
0	1	
0	1	
0	1	
0	1	
1	3	
1	3	
0	1	
3	6	
0	1	
2	4	
1	3	
0	1	
0	1	
1	3	
1	3	
0	1	
0	1	
0	1	
2	4	
0	1	
2	4	
2	4	
1	3	
0	1	
0	1	
0	1	
1	3	
0	1	
1	3	
0	1	
0	1	
1	3	
2	4	
0	1	
0	1	
1	3	
2	4	
0	1	
0	1	
0	1	
1	3	
2	4	

0	1	
1	3	
2	4	
1	3	
1	3	
2	4	
1	3	
0	1	
0	1	
0	1	
2	4	
0	1	
0	1	
2	4	
0	1	
1	3	
1	3	
0	1	
1	3	
0	1	
1	3	
2	4	
0	1	
0	1	
3	6	
1	3	
0	1	
0	1	
0	1	
1	3	
2	4	
0	1	
0	1	
0	1	
0	1	
1	3	
0	1	
1	3	
2	4	
0	1	
0	1	
1	3	
1	3	
0	1	
0	1	
0	1	
1	3	
1	3	
3	6	
1	3	
0	1	
3	6	
1	3	
1	3	
2	4	
1	3	
1	3	
0	1	
4	7	

0	1	
2	4	
1	3	
0	1	
0	1	
1	3	
0	1	
0	1	
1	3	
0	1	
1	3	
0	1	
0	1	
0	1	
0	1	
0	1	
2	4	
2	4	
0	1	
0	1	
1	3	
2	4	
0	1	
0	1	
0	1	
1	3	
2	4	
1	3	
1	3	
0	1	
1	3	
0	1	
2	4	
0	1	
1	3	
0	1	
0	1	
0	1	
0	1	
2	4	
2	4	
1	3	
0	1	
1	3	
0	1	
1	3	
0	1	
0	1	
0	1	
3	6	
1	3	
0	1	
0	1	
1	3	
2	4	
2	4	
0	1	
1	3	
0	1	

]

ExternalEquipmentRentingCost: [
1871	4303	1148	2524	5812	4059	3976	3147	5284	5303	3515	5153	4106	4471	2506	5316	2137	1187	1450	1042	2279	4579	1426	4588	1084	2604	5509	3486	4350	3005	2822	4129	3768	2295	3287	4362	2688	2473	3469	5417	1290	4141	3705	2478	1850	4990	5926	5892	4690	1865	4712	3461	1327	5781	4606	4806	1352	4734	1652	
2787	5088	3118	5483	4275	1620	3520	5399	5283	4039	4089	3231	1851	5720	4234	3502	3477	2039	1975	2677	3161	2155	5691	3389	4853	5450	2492	3071	3439	5052	3471	5016	4416	5854	1714	3621	3178	4221	2925	2237	2393	3020	1337	5552	5497	5652	2582	1561	1397	5411	1771	5809	2580	1955	1056	2005	1655	1515	5000	
3717	5757	3478	3675	5444	4730	2449	2263	1340	1687	1192	2227	1852	2926	3273	1232	1930	2550	5758	2358	3252	2041	5084	2435	2923	1304	5526	1071	3254	3841	2904	4687	4893	3324	2197	2764	4687	2741	3211	1923	3157	3366	3408	4771	4468	5144	2910	3856	1896	3908	1142	5760	2493	3785	3260	5974	1749	1975	1124	
2768	2705	3509	4686	2096	4668	4681	4988	5647	1836	5117	2261	1693	5095	1714	4028	4726	2122	1858	5729	4548	1864	2950	5012	4856	4550	3067	3560	1280	1451	4098	4896	2176	3634	4477	1992	5540	4054	4797	2265	1617	1982	4676	1230	5817	1857	1000	2313	3858	3731	5749	2731	1746	4175	2810	4804	1815	3961	5177	
]

EquipmentTypeTransportationCost: [
1	5124	
5124	1	

1	4307	
4307	1	

1	4374	
4374	1	

1	5143	
5143	1	

]

TransportationTimeForEquipmentTypeBetweenProjects: [
1	6	
6	1	

1	5	
5	1	

1	5	
5	1	

1	6	
6	1	

]

TotalNumberOfInitialEquipmentTypeLocation: [
(1 1) 2 (1 34) 2 
(2 1) 1 (2 34) 3 
(3 1) 4 (3 34) 5 
(4 1) 2 (4 34) 1 
]

DepotActivities: [ 1 34 ]

MaximalStintCliques: [
[ 1 23 ]
[ 2 24 ]
[ 3 25 ]
[ 4 26 ]
[ 5 27 ]
[ 6 28 ]
[ 7 29 ]
[ 8 30 ]
[ 9 31 ]
[ 10 32 ]
[ 11 33 ]
[ 12 34 ]
[ 13 35 ]
[ 14 36 ]
[ 15 37 ]
[ 16 38 ]
[ 17 39 ]
[ 18 40 ]
[ 19 41 ]
[ 20 42 ]
[ 21 43 ]
[ 22 44 ]
]
