nEmployees: 90
nSkills: 4
nProjects: 2
nDays: 180
nActivities: 77
nEquipmentTypes: 5
nStints: 52
nMaxModes: 2
nStintCliques: 26

EmployeeInStintCost: [
16552 16552 16552 16552 16552 16552 16552 16552 16552 16552 16552 16552 16552 16552 16552 16552 16552 16552 16552 16552 16552 16552 16552 16552 16552 15172 15102 15102 15102 15102 15102 15102 15102 15102 15102 15102 15102 15102 15102 15102 15102 15102 15102 15102 15102 15102 15102 15102 15102 15102 15102 13722 
10668 10668 10668 10668 10668 10668 10668 10668 10668 10668 10668 10668 10668 10668 10668 10668 10668 10668 10668 10668 10668 10668 10668 10668 10668 9492 15938 15938 15938 15938 15938 15938 15938 15938 15938 15938 15938 15938 15938 15938 15938 15938 15938 15938 15938 15938 15938 15938 15938 15938 15938 14762 
9372 9372 9372 9372 9372 9372 9372 9372 9372 9372 9372 9372 9372 9372 9372 9372 9372 9372 9372 9372 9372 9372 9372 9372 9372 8088 13910 13910 13910 13910 13910 13910 13910 13910 13910 13910 13910 13910 13910 13910 13910 13910 13910 13910 13910 13910 13910 13910 13910 13910 13910 12626 
5364 5364 5364 5364 5364 5364 5364 5364 5364 5364 5364 5364 5364 5364 5364 5364 5364 5364 5364 5364 5364 5364 5364 5364 5364 4176 14998 14998 14998 14998 14998 14998 14998 14998 14998 14998 14998 14998 14998 14998 14998 14998 14998 14998 14998 14998 14998 14998 14998 14998 14998 13810 
12904 12904 12904 12904 12904 12904 12904 12904 12904 12904 12904 12904 12904 12904 12904 12904 12904 12904 12904 12904 12904 12904 12904 12904 12904 11644 3780 3780 3780 3780 3780 3780 3780 3780 3780 3780 3780 3780 3780 3780 3780 3780 3780 3780 3780 3780 3780 3780 3780 3780 3780 2520 
12492 12492 12492 12492 12492 12492 12492 12492 12492 12492 12492 12492 12492 12492 12492 12492 12492 12492 12492 12492 12492 12492 12492 12492 12492 11148 18402 18402 18402 18402 18402 18402 18402 18402 18402 18402 18402 18402 18402 18402 18402 18402 18402 18402 18402 18402 18402 18402 18402 18402 18402 17058 
18092 18092 18092 18092 18092 18092 18092 18092 18092 18092 18092 18092 18092 18092 18092 18092 18092 18092 18092 18092 18092 18092 18092 18092 18092 16724 16218 16218 16218 16218 16218 16218 16218 16218 16218 16218 16218 16218 16218 16218 16218 16218 16218 16218 16218 16218 16218 16218 16218 16218 16218 14850 
15076 15076 15076 15076 15076 15076 15076 15076 15076 15076 15076 15076 15076 15076 15076 15076 15076 15076 15076 15076 15076 15076 15076 15076 15076 13732 13378 13378 13378 13378 13378 13378 13378 13378 13378 13378 13378 13378 13378 13378 13378 13378 13378 13378 13378 13378 13378 13378 13378 13378 13378 12034 
4068 4068 4068 4068 4068 4068 4068 4068 4068 4068 4068 4068 4068 4068 4068 4068 4068 4068 4068 4068 4068 4068 4068 4068 4068 2712 15222 15222 15222 15222 15222 15222 15222 15222 15222 15222 15222 15222 15222 15222 15222 15222 15222 15222 15222 15222 15222 15222 15222 15222 15222 13866 
12096 12096 12096 12096 12096 12096 12096 12096 12096 12096 12096 12096 12096 12096 12096 12096 12096 12096 12096 12096 12096 12096 12096 12096 12096 10884 18006 18006 18006 18006 18006 18006 18006 18006 18006 18006 18006 18006 18006 18006 18006 18006 18006 18006 18006 18006 18006 18006 18006 18006 18006 16794 
12928 12928 12928 12928 12928 12928 12928 12928 12928 12928 12928 12928 12928 12928 12928 12928 12928 12928 12928 12928 12928 12928 12928 12928 12928 11548 18830 18830 18830 18830 18830 18830 18830 18830 18830 18830 18830 18830 18830 18830 18830 18830 18830 18830 18830 18830 18830 18830 18830 18830 18830 17450 
14444 14444 14444 14444 14444 14444 14444 14444 14444 14444 14444 14444 14444 14444 14444 14444 14444 14444 14444 14444 14444 14444 14444 14444 14444 13244 20426 20426 20426 20426 20426 20426 20426 20426 20426 20426 20426 20426 20426 20426 20426 20426 20426 20426 20426 20426 20426 20426 20426 20426 20426 19226 
11028 11028 11028 11028 11028 11028 11028 11028 11028 11028 11028 11028 11028 11028 11028 11028 11028 11028 11028 11028 11028 11028 11028 11028 11028 9780 16418 16418 16418 16418 16418 16418 16418 16418 16418 16418 16418 16418 16418 16418 16418 16418 16418 16418 16418 16418 16418 16418 16418 16418 16418 15170 
9588 9588 9588 9588 9588 9588 9588 9588 9588 9588 9588 9588 9588 9588 9588 9588 9588 9588 9588 9588 9588 9588 9588 9588 9588 8232 14126 14126 14126 14126 14126 14126 14126 14126 14126 14126 14126 14126 14126 14126 14126 14126 14126 14126 14126 14126 14126 14126 14126 14126 14126 12770 
11632 11632 11632 11632 11632 11632 11632 11632 11632 11632 11632 11632 11632 11632 11632 11632 11632 11632 11632 11632 11632 11632 11632 11632 11632 10396 13430 13430 13430 13430 13430 13430 13430 13430 13430 13430 13430 13430 13430 13430 13430 13430 13430 13430 13430 13430 13430 13430 13430 13430 13430 12194 
9768 9768 9768 9768 9768 9768 9768 9768 9768 9768 9768 9768 9768 9768 9768 9768 9768 9768 9768 9768 9768 9768 9768 9768 9768 8352 14306 14306 14306 14306 14306 14306 14306 14306 14306 14306 14306 14306 14306 14306 14306 14306 14306 14306 14306 14306 14306 14306 14306 14306 14306 12890 
16336 16336 16336 16336 16336 16336 16336 16336 16336 16336 16336 16336 16336 16336 16336 16336 16336 16336 16336 16336 16336 16336 16336 16336 16336 15028 14886 14886 14886 14886 14886 14886 14886 14886 14886 14886 14886 14886 14886 14886 14886 14886 14886 14886 14886 14886 14886 14886 14886 14886 14886 13578 
10684 10684 10684 10684 10684 10684 10684 10684 10684 10684 10684 10684 10684 10684 10684 10684 10684 10684 10684 10684 10684 10684 10684 10684 10684 9460 16666 16666 16666 16666 16666 16666 16666 16666 16666 16666 16666 16666 16666 16666 16666 16666 16666 16666 16666 16666 16666 16666 16666 16666 16666 15442 
12988 12988 12988 12988 12988 12988 12988 12988 12988 12988 12988 12988 12988 12988 12988 12988 12988 12988 12988 12988 12988 12988 12988 12988 12988 11740 4624 4624 4624 4624 4624 4624 4624 4624 4624 4624 4624 4624 4624 4624 4624 4624 4624 4624 4624 4624 4624 4624 4624 4624 4624 3376 
14660 14660 14660 14660 14660 14660 14660 14660 14660 14660 14660 14660 14660 14660 14660 14660 14660 14660 14660 14660 14660 14660 14660 14660 14660 13388 20642 20642 20642 20642 20642 20642 20642 20642 20642 20642 20642 20642 20642 20642 20642 20642 20642 20642 20642 20642 20642 20642 20642 20642 20642 19370 
11560 11560 11560 11560 11560 11560 11560 11560 11560 11560 11560 11560 11560 11560 11560 11560 11560 11560 11560 11560 11560 11560 11560 11560 11560 10348 13358 13358 13358 13358 13358 13358 13358 13358 13358 13358 13358 13358 13358 13358 13358 13358 13358 13358 13358 13358 13358 13358 13358 13358 13358 12146 
14060 14060 14060 14060 14060 14060 14060 14060 14060 14060 14060 14060 14060 14060 14060 14060 14060 14060 14060 14060 14060 14060 14060 14060 14060 12788 19794 19794 19794 19794 19794 19794 19794 19794 19794 19794 19794 19794 19794 19794 19794 19794 19794 19794 19794 19794 19794 19794 19794 19794 19794 18522 
11652 11652 11652 11652 11652 11652 11652 11652 11652 11652 11652 11652 11652 11652 11652 11652 11652 11652 11652 11652 11652 11652 11652 11652 11652 10284 17610 17610 17610 17610 17610 17610 17610 17610 17610 17610 17610 17610 17610 17610 17610 17610 17610 17610 17610 17610 17610 17610 17610 17610 17610 16242 
3708 3708 3708 3708 3708 3708 3708 3708 3708 3708 3708 3708 3708 3708 3708 3708 3708 3708 3708 3708 3708 3708 3708 3708 3708 2472 14862 14862 14862 14862 14862 14862 14862 14862 14862 14862 14862 14862 14862 14862 14862 14862 14862 14862 14862 14862 14862 14862 14862 14862 14862 13626 
16048 16048 16048 16048 16048 16048 16048 16048 16048 16048 16048 16048 16048 16048 16048 16048 16048 16048 16048 16048 16048 16048 16048 16048 16048 14836 14598 14598 14598 14598 14598 14598 14598 14598 14598 14598 14598 14598 14598 14598 14598 14598 14598 14598 14598 14598 14598 14598 14598 14598 14598 13386 
12240 12240 12240 12240 12240 12240 12240 12240 12240 12240 12240 12240 12240 12240 12240 12240 12240 12240 12240 12240 12240 12240 12240 12240 12240 10980 18150 18150 18150 18150 18150 18150 18150 18150 18150 18150 18150 18150 18150 18150 18150 18150 18150 18150 18150 18150 18150 18150 18150 18150 18150 16890 
14096 14096 14096 14096 14096 14096 14096 14096 14096 14096 14096 14096 14096 14096 14096 14096 14096 14096 14096 14096 14096 14096 14096 14096 14096 12812 19830 19830 19830 19830 19830 19830 19830 19830 19830 19830 19830 19830 19830 19830 19830 19830 19830 19830 19830 19830 19830 19830 19830 19830 19830 18546 
11688 11688 11688 11688 11688 11688 11688 11688 11688 11688 11688 11688 11688 11688 11688 11688 11688 11688 11688 11688 11688 11688 11688 11688 11688 10308 17646 17646 17646 17646 17646 17646 17646 17646 17646 17646 17646 17646 17646 17646 17646 17646 17646 17646 17646 17646 17646 17646 17646 17646 17646 16266 
9192 9192 9192 9192 9192 9192 9192 9192 9192 9192 9192 9192 9192 9192 9192 9192 9192 9192 9192 9192 9192 9192 9192 9192 9192 7968 13730 13730 13730 13730 13730 13730 13730 13730 13730 13730 13730 13730 13730 13730 13730 13730 13730 13730 13730 13730 13730 13730 13730 13730 13730 12506 
9336 9336 9336 9336 9336 9336 9336 9336 9336 9336 9336 9336 9336 9336 9336 9336 9336 9336 9336 9336 9336 9336 9336 9336 9336 8064 13874 13874 13874 13874 13874 13874 13874 13874 13874 13874 13874 13874 13874 13874 13874 13874 13874 13874 13874 13874 13874 13874 13874 13874 13874 12602 
9120 9120 9120 9120 9120 9120 9120 9120 9120 9120 9120 9120 9120 9120 9120 9120 9120 9120 9120 9120 9120 9120 9120 9120 9120 7920 13658 13658 13658 13658 13658 13658 13658 13658 13658 13658 13658 13658 13658 13658 13658 13658 13658 13658 13658 13658 13658 13658 13658 13658 13658 12458 
13520 13520 13520 13520 13520 13520 13520 13520 13520 13520 13520 13520 13520 13520 13520 13520 13520 13520 13520 13520 13520 13520 13520 13520 13520 12236 19502 19502 19502 19502 19502 19502 19502 19502 19502 19502 19502 19502 19502 19502 19502 19502 19502 19502 19502 19502 19502 19502 19502 19502 19502 18218 
15020 15020 15020 15020 15020 15020 15020 15020 15020 15020 15020 15020 15020 15020 15020 15020 15020 15020 15020 15020 15020 15020 15020 15020 15020 13628 21002 21002 21002 21002 21002 21002 21002 21002 21002 21002 21002 21002 21002 21002 21002 21002 21002 21002 21002 21002 21002 21002 21002 21002 21002 19610 
3924 3924 3924 3924 3924 3924 3924 3924 3924 3924 3924 3924 3924 3924 3924 3924 3924 3924 3924 3924 3924 3924 3924 3924 3924 2616 15078 15078 15078 15078 15078 15078 15078 15078 15078 15078 15078 15078 15078 15078 15078 15078 15078 15078 15078 15078 15078 15078 15078 15078 15078 13770 
11100 11100 11100 11100 11100 11100 11100 11100 11100 11100 11100 11100 11100 11100 11100 11100 11100 11100 11100 11100 11100 11100 11100 11100 11100 9828 16490 16490 16490 16490 16490 16490 16490 16490 16490 16490 16490 16490 16490 16490 16490 16490 16490 16490 16490 16490 16490 16490 16490 16490 16490 15218 
13348 13348 13348 13348 13348 13348 13348 13348 13348 13348 13348 13348 13348 13348 13348 13348 13348 13348 13348 13348 13348 13348 13348 13348 13348 11980 4984 4984 4984 4984 4984 4984 4984 4984 4984 4984 4984 4984 4984 4984 4984 4984 4984 4984 4984 4984 4984 4984 4984 4984 4984 3616 
16336 16336 16336 16336 16336 16336 16336 16336 16336 16336 16336 16336 16336 16336 16336 16336 16336 16336 16336 16336 16336 16336 16336 16336 16336 15028 14886 14886 14886 14886 14886 14886 14886 14886 14886 14886 14886 14886 14886 14886 14886 14886 14886 14886 14886 14886 14886 14886 14886 14886 14886 13578 
9624 9624 9624 9624 9624 9624 9624 9624 9624 9624 9624 9624 9624 9624 9624 9624 9624 9624 9624 9624 9624 9624 9624 9624 9624 8256 14162 14162 14162 14162 14162 14162 14162 14162 14162 14162 14162 14162 14162 14162 14162 14162 14162 14162 14162 14162 14162 14162 14162 14162 14162 12794 
3924 3924 3924 3924 3924 3924 3924 3924 3924 3924 3924 3924 3924 3924 3924 3924 3924 3924 3924 3924 3924 3924 3924 3924 3924 2616 15078 15078 15078 15078 15078 15078 15078 15078 15078 15078 15078 15078 15078 15078 15078 15078 15078 15078 15078 15078 15078 15078 15078 15078 15078 13770 
13376 13376 13376 13376 13376 13376 13376 13376 13376 13376 13376 13376 13376 13376 13376 13376 13376 13376 13376 13376 13376 13376 13376 13376 13376 12140 19358 19358 19358 19358 19358 19358 19358 19358 19358 19358 19358 19358 19358 19358 19358 19358 19358 19358 19358 19358 19358 19358 19358 19358 19358 18122 
16444 16444 16444 16444 16444 16444 16444 16444 16444 16444 16444 16444 16444 16444 16444 16444 16444 16444 16444 16444 16444 16444 16444 16444 16444 15100 14994 14994 14994 14994 14994 14994 14994 14994 14994 14994 14994 14994 14994 14994 14994 14994 14994 14994 14994 14994 14994 14994 14994 14994 14994 13650 
11704 11704 11704 11704 11704 11704 11704 11704 11704 11704 11704 11704 11704 11704 11704 11704 11704 11704 11704 11704 11704 11704 11704 11704 11704 10444 13502 13502 13502 13502 13502 13502 13502 13502 13502 13502 13502 13502 13502 13502 13502 13502 13502 13502 13502 13502 13502 13502 13502 13502 13502 12242 
3456 3456 3456 3456 3456 3456 3456 3456 3456 3456 3456 3456 3456 3456 3456 3456 3456 3456 3456 3456 3456 3456 3456 3456 3456 2304 14610 14610 14610 14610 14610 14610 14610 14610 14610 14610 14610 14610 14610 14610 14610 14610 14610 14610 14610 14610 14610 14610 14610 14610 14610 13458 
4356 4356 4356 4356 4356 4356 4356 4356 4356 4356 4356 4356 4356 4356 4356 4356 4356 4356 4356 4356 4356 4356 4356 4356 4356 2904 15510 15510 15510 15510 15510 15510 15510 15510 15510 15510 15510 15510 15510 15510 15510 15510 15510 15510 15510 15510 15510 15510 15510 15510 15510 14058 
12600 12600 12600 12600 12600 12600 12600 12600 12600 12600 12600 12600 12600 12600 12600 12600 12600 12600 12600 12600 12600 12600 12600 12600 12600 11220 18510 18510 18510 18510 18510 18510 18510 18510 18510 18510 18510 18510 18510 18510 18510 18510 18510 18510 18510 18510 18510 18510 18510 18510 18510 17130 
11028 11028 11028 11028 11028 11028 11028 11028 11028 11028 11028 11028 11028 11028 11028 11028 11028 11028 11028 11028 11028 11028 11028 11028 11028 9780 16418 16418 16418 16418 16418 16418 16418 16418 16418 16418 16418 16418 16418 16418 16418 16418 16418 16418 16418 16418 16418 16418 16418 16418 16418 15170 
4248 4248 4248 4248 4248 4248 4248 4248 4248 4248 4248 4248 4248 4248 4248 4248 4248 4248 4248 4248 4248 4248 4248 4248 4248 2832 15402 15402 15402 15402 15402 15402 15402 15402 15402 15402 15402 15402 15402 15402 15402 15402 15402 15402 15402 15402 15402 15402 15402 15402 15402 13986 
14456 14456 14456 14456 14456 14456 14456 14456 14456 14456 14456 14456 14456 14456 14456 14456 14456 14456 14456 14456 14456 14456 14456 14456 14456 13052 20190 20190 20190 20190 20190 20190 20190 20190 20190 20190 20190 20190 20190 20190 20190 20190 20190 20190 20190 20190 20190 20190 20190 20190 20190 18786 
11316 11316 11316 11316 11316 11316 11316 11316 11316 11316 11316 11316 11316 11316 11316 11316 11316 11316 11316 11316 11316 11316 11316 11316 11316 9924 16586 16586 16586 16586 16586 16586 16586 16586 16586 16586 16586 16586 16586 16586 16586 16586 16586 16586 16586 16586 16586 16586 16586 16586 16586 15194 
7356 7356 7356 7356 7356 7356 7356 7356 7356 7356 7356 7356 7356 7356 7356 7356 7356 7356 7356 7356 7356 7356 7356 7356 7356 6024 15822 15822 15822 15822 15822 15822 15822 15822 15822 15822 15822 15822 15822 15822 15822 15822 15822 15822 15822 15822 15822 15822 15822 15822 15822 14490 
12796 12796 12796 12796 12796 12796 12796 12796 12796 12796 12796 12796 12796 12796 12796 12796 12796 12796 12796 12796 12796 12796 12796 12796 12796 11572 3672 3672 3672 3672 3672 3672 3672 3672 3672 3672 3672 3672 3672 3672 3672 3672 3672 3672 3672 3672 3672 3672 3672 3672 3672 2448 
4284 4284 4284 4284 4284 4284 4284 4284 4284 4284 4284 4284 4284 4284 4284 4284 4284 4284 4284 4284 4284 4284 4284 4284 4284 2856 15438 15438 15438 15438 15438 15438 15438 15438 15438 15438 15438 15438 15438 15438 15438 15438 15438 15438 15438 15438 15438 15438 15438 15438 15438 14010 
12676 12676 12676 12676 12676 12676 12676 12676 12676 12676 12676 12676 12676 12676 12676 12676 12676 12676 12676 12676 12676 12676 12676 12676 12676 11380 18578 18578 18578 18578 18578 18578 18578 18578 18578 18578 18578 18578 18578 18578 18578 18578 18578 18578 18578 18578 18578 18578 18578 18578 18578 17282 
12760 12760 12760 12760 12760 12760 12760 12760 12760 12760 12760 12760 12760 12760 12760 12760 12760 12760 12760 12760 12760 12760 12760 12760 12760 11548 3636 3636 3636 3636 3636 3636 3636 3636 3636 3636 3636 3636 3636 3636 3636 3636 3636 3636 3636 3636 3636 3636 3636 3636 3636 2424 
13592 13592 13592 13592 13592 13592 13592 13592 13592 13592 13592 13592 13592 13592 13592 13592 13592 13592 13592 13592 13592 13592 13592 13592 13592 12284 19574 19574 19574 19574 19574 19574 19574 19574 19574 19574 19574 19574 19574 19574 19574 19574 19574 19574 19574 19574 19574 19574 19574 19574 19574 18266 
7032 7032 7032 7032 7032 7032 7032 7032 7032 7032 7032 7032 7032 7032 7032 7032 7032 7032 7032 7032 7032 7032 7032 7032 7032 5808 15498 15498 15498 15498 15498 15498 15498 15498 15498 15498 15498 15498 15498 15498 15498 15498 15498 15498 15498 15498 15498 15498 15498 15498 15498 14274 
7536 7536 7536 7536 7536 7536 7536 7536 7536 7536 7536 7536 7536 7536 7536 7536 7536 7536 7536 7536 7536 7536 7536 7536 7536 6144 16002 16002 16002 16002 16002 16002 16002 16002 16002 16002 16002 16002 16002 16002 16002 16002 16002 16002 16002 16002 16002 16002 16002 16002 16002 14610 
11256 11256 11256 11256 11256 11256 11256 11256 11256 11256 11256 11256 11256 11256 11256 11256 11256 11256 11256 11256 11256 11256 11256 11256 11256 10020 17214 17214 17214 17214 17214 17214 17214 17214 17214 17214 17214 17214 17214 17214 17214 17214 17214 17214 17214 17214 17214 17214 17214 17214 17214 15978 
14624 14624 14624 14624 14624 14624 14624 14624 14624 14624 14624 14624 14624 14624 14624 14624 14624 14624 14624 14624 14624 14624 14624 14624 14624 13364 20606 20606 20606 20606 20606 20606 20606 20606 20606 20606 20606 20606 20606 20606 20606 20606 20606 20606 20606 20606 20606 20606 20606 20606 20606 19346 
11688 11688 11688 11688 11688 11688 11688 11688 11688 11688 11688 11688 11688 11688 11688 11688 11688 11688 11688 11688 11688 11688 11688 11688 11688 10308 17646 17646 17646 17646 17646 17646 17646 17646 17646 17646 17646 17646 17646 17646 17646 17646 17646 17646 17646 17646 17646 17646 17646 17646 17646 16266 
12636 12636 12636 12636 12636 12636 12636 12636 12636 12636 12636 12636 12636 12636 12636 12636 12636 12636 12636 12636 12636 12636 12636 12636 12636 11244 18546 18546 18546 18546 18546 18546 18546 18546 18546 18546 18546 18546 18546 18546 18546 18546 18546 18546 18546 18546 18546 18546 18546 18546 18546 17154 
9660 9660 9660 9660 9660 9660 9660 9660 9660 9660 9660 9660 9660 9660 9660 9660 9660 9660 9660 9660 9660 9660 9660 9660 9660 8280 14198 14198 14198 14198 14198 14198 14198 14198 14198 14198 14198 14198 14198 14198 14198 14198 14198 14198 14198 14198 14198 14198 14198 14198 14198 12818 
13048 13048 13048 13048 13048 13048 13048 13048 13048 13048 13048 13048 13048 13048 13048 13048 13048 13048 13048 13048 13048 13048 13048 13048 13048 11740 3924 3924 3924 3924 3924 3924 3924 3924 3924 3924 3924 3924 3924 3924 3924 3924 3924 3924 3924 3924 3924 3924 3924 3924 3924 2616 
14624 14624 14624 14624 14624 14624 14624 14624 14624 14624 14624 14624 14624 14624 14624 14624 14624 14624 14624 14624 14624 14624 14624 14624 14624 13364 20606 20606 20606 20606 20606 20606 20606 20606 20606 20606 20606 20606 20606 20606 20606 20606 20606 20606 20606 20606 20606 20606 20606 20606 20606 19346 
12492 12492 12492 12492 12492 12492 12492 12492 12492 12492 12492 12492 12492 12492 12492 12492 12492 12492 12492 12492 12492 12492 12492 12492 12492 11148 18402 18402 18402 18402 18402 18402 18402 18402 18402 18402 18402 18402 18402 18402 18402 18402 18402 18402 18402 18402 18402 18402 18402 18402 18402 17058 
7068 7068 7068 7068 7068 7068 7068 7068 7068 7068 7068 7068 7068 7068 7068 7068 7068 7068 7068 7068 7068 7068 7068 7068 7068 5832 15534 15534 15534 15534 15534 15534 15534 15534 15534 15534 15534 15534 15534 15534 15534 15534 15534 15534 15534 15534 15534 15534 15534 15534 15534 14298 
14304 14304 14304 14304 14304 14304 14304 14304 14304 14304 14304 14304 14304 14304 14304 14304 14304 14304 14304 14304 14304 14304 14304 14304 14304 12924 9700 9700 9700 9700 9700 9700 9700 9700 9700 9700 9700 9700 9700 9700 9700 9700 9700 9700 9700 9700 9700 9700 9700 9700 9700 8320 
10648 10648 10648 10648 10648 10648 10648 10648 10648 10648 10648 10648 10648 10648 10648 10648 10648 10648 10648 10648 10648 10648 10648 10648 10648 9436 16630 16630 16630 16630 16630 16630 16630 16630 16630 16630 16630 16630 16630 16630 16630 16630 16630 16630 16630 16630 16630 16630 16630 16630 16630 15418 
12172 12172 12172 12172 12172 12172 12172 12172 12172 12172 12172 12172 12172 12172 12172 12172 12172 12172 12172 12172 12172 12172 12172 12172 12172 10756 13970 13970 13970 13970 13970 13970 13970 13970 13970 13970 13970 13970 13970 13970 13970 13970 13970 13970 13970 13970 13970 13970 13970 13970 13970 12554 
3816 3816 3816 3816 3816 3816 3816 3816 3816 3816 3816 3816 3816 3816 3816 3816 3816 3816 3816 3816 3816 3816 3816 3816 3816 2544 14970 14970 14970 14970 14970 14970 14970 14970 14970 14970 14970 14970 14970 14970 14970 14970 14970 14970 14970 14970 14970 14970 14970 14970 14970 13698 
11044 11044 11044 11044 11044 11044 11044 11044 11044 11044 11044 11044 11044 11044 11044 11044 11044 11044 11044 11044 11044 11044 11044 11044 11044 9700 17026 17026 17026 17026 17026 17026 17026 17026 17026 17026 17026 17026 17026 17026 17026 17026 17026 17026 17026 17026 17026 17026 17026 17026 17026 15682 
14060 14060 14060 14060 14060 14060 14060 14060 14060 14060 14060 14060 14060 14060 14060 14060 14060 14060 14060 14060 14060 14060 14060 14060 14060 12788 19794 19794 19794 19794 19794 19794 19794 19794 19794 19794 19794 19794 19794 19794 19794 19794 19794 19794 19794 19794 19794 19794 19794 19794 19794 18522 
14552 14552 14552 14552 14552 14552 14552 14552 14552 14552 14552 14552 14552 14552 14552 14552 14552 14552 14552 14552 14552 14552 14552 14552 14552 13316 20534 20534 20534 20534 20534 20534 20534 20534 20534 20534 20534 20534 20534 20534 20534 20534 20534 20534 20534 20534 20534 20534 20534 20534 20534 19298 
11704 11704 11704 11704 11704 11704 11704 11704 11704 11704 11704 11704 11704 11704 11704 11704 11704 11704 11704 11704 11704 11704 11704 11704 11704 10444 13502 13502 13502 13502 13502 13502 13502 13502 13502 13502 13502 13502 13502 13502 13502 13502 13502 13502 13502 13502 13502 13502 13502 13502 13502 12242 
17696 17696 17696 17696 17696 17696 17696 17696 17696 17696 17696 17696 17696 17696 17696 17696 17696 17696 17696 17696 17696 17696 17696 17696 17696 16460 15822 15822 15822 15822 15822 15822 15822 15822 15822 15822 15822 15822 15822 15822 15822 15822 15822 15822 15822 15822 15822 15822 15822 15822 15822 14586 
10884 10884 10884 10884 10884 10884 10884 10884 10884 10884 10884 10884 10884 10884 10884 10884 10884 10884 10884 10884 10884 10884 10884 10884 10884 9684 16274 16274 16274 16274 16274 16274 16274 16274 16274 16274 16274 16274 16274 16274 16274 16274 16274 16274 16274 16274 16274 16274 16274 16274 16274 15074 
12060 12060 12060 12060 12060 12060 12060 12060 12060 12060 12060 12060 12060 12060 12060 12060 12060 12060 12060 12060 12060 12060 12060 12060 12060 10860 17970 17970 17970 17970 17970 17970 17970 17970 17970 17970 17970 17970 17970 17970 17970 17970 17970 17970 17970 17970 17970 17970 17970 17970 17970 16770 
12172 12172 12172 12172 12172 12172 12172 12172 12172 12172 12172 12172 12172 12172 12172 12172 12172 12172 12172 12172 12172 12172 12172 12172 12172 10756 13970 13970 13970 13970 13970 13970 13970 13970 13970 13970 13970 13970 13970 13970 13970 13970 13970 13970 13970 13970 13970 13970 13970 13970 13970 12554 
17948 17948 17948 17948 17948 17948 17948 17948 17948 17948 17948 17948 17948 17948 17948 17948 17948 17948 17948 17948 17948 17948 17948 17948 17948 16628 16074 16074 16074 16074 16074 16074 16074 16074 16074 16074 16074 16074 16074 16074 16074 16074 16074 16074 16074 16074 16074 16074 16074 16074 16074 14754 
12564 12564 12564 12564 12564 12564 12564 12564 12564 12564 12564 12564 12564 12564 12564 12564 12564 12564 12564 12564 12564 12564 12564 12564 12564 11196 18474 18474 18474 18474 18474 18474 18474 18474 18474 18474 18474 18474 18474 18474 18474 18474 18474 18474 18474 18474 18474 18474 18474 18474 18474 17106 
13556 13556 13556 13556 13556 13556 13556 13556 13556 13556 13556 13556 13556 13556 13556 13556 13556 13556 13556 13556 13556 13556 13556 13556 13556 12260 19538 19538 19538 19538 19538 19538 19538 19538 19538 19538 19538 19538 19538 19538 19538 19538 19538 19538 19538 19538 19538 19538 19538 19538 19538 18242 
10992 10992 10992 10992 10992 10992 10992 10992 10992 10992 10992 10992 10992 10992 10992 10992 10992 10992 10992 10992 10992 10992 10992 10992 10992 9708 16262 16262 16262 16262 16262 16262 16262 16262 16262 16262 16262 16262 16262 16262 16262 16262 16262 16262 16262 16262 16262 16262 16262 16262 16262 14978 
13916 13916 13916 13916 13916 13916 13916 13916 13916 13916 13916 13916 13916 13916 13916 13916 13916 13916 13916 13916 13916 13916 13916 13916 13916 12692 19650 19650 19650 19650 19650 19650 19650 19650 19650 19650 19650 19650 19650 19650 19650 19650 19650 19650 19650 19650 19650 19650 19650 19650 19650 18426 
11472 11472 11472 11472 11472 11472 11472 11472 11472 11472 11472 11472 11472 11472 11472 11472 11472 11472 11472 11472 11472 11472 11472 11472 11472 10164 17430 17430 17430 17430 17430 17430 17430 17430 17430 17430 17430 17430 17430 17430 17430 17430 17430 17430 17430 17430 17430 17430 17430 17430 17430 16122 
17804 17804 17804 17804 17804 17804 17804 17804 17804 17804 17804 17804 17804 17804 17804 17804 17804 17804 17804 17804 17804 17804 17804 17804 17804 16532 15930 15930 15930 15930 15930 15930 15930 15930 15930 15930 15930 15930 15930 15930 15930 15930 15930 15930 15930 15930 15930 15930 15930 15930 15930 14658 
14520 14520 14520 14520 14520 14520 14520 14520 14520 14520 14520 14520 14520 14520 14520 14520 14520 14520 14520 14520 14520 14520 14520 14520 14520 13068 9916 9916 9916 9916 9916 9916 9916 9916 9916 9916 9916 9916 9916 9916 9916 9916 9916 9916 9916 9916 9916 9916 9916 9916 9916 8464 
10920 10920 10920 10920 10920 10920 10920 10920 10920 10920 10920 10920 10920 10920 10920 10920 10920 10920 10920 10920 10920 10920 10920 10920 10920 9708 16310 16310 16310 16310 16310 16310 16310 16310 16310 16310 16310 16310 16310 16310 16310 16310 16310 16310 16310 16310 16310 16310 16310 16310 16310 15098 
18308 18308 18308 18308 18308 18308 18308 18308 18308 18308 18308 18308 18308 18308 18308 18308 18308 18308 18308 18308 18308 18308 18308 18308 18308 16868 16434 16434 16434 16434 16434 16434 16434 16434 16434 16434 16434 16434 16434 16434 16434 16434 16434 16434 16434 16434 16434 16434 16434 16434 16434 14994 
12640 12640 12640 12640 12640 12640 12640 12640 12640 12640 12640 12640 12640 12640 12640 12640 12640 12640 12640 12640 12640 12640 12640 12640 12640 11356 18542 18542 18542 18542 18542 18542 18542 18542 18542 18542 18542 18542 18542 18542 18542 18542 18542 18542 18542 18542 18542 18542 18542 18542 18542 17258 
12060 12060 12060 12060 12060 12060 12060 12060 12060 12060 12060 12060 12060 12060 12060 12060 12060 12060 12060 12060 12060 12060 12060 12060 12060 10860 17970 17970 17970 17970 17970 17970 17970 17970 17970 17970 17970 17970 17970 17970 17970 17970 17970 17970 17970 17970 17970 17970 17970 17970 17970 16770 
]

ExternalWorkerWithSkillOnStintCost: [
16710 16200 12360 13560 17430 14820 14730 12660 12510 13050 13590 14730 14550 16140 13650 15000 16920 16590 14520 12390 16920 12510 13830 15480 12900 16650 16050 15750 15870 17070 16800 12300 17700 15240 14040 12090 14400 14460 14430 15780 13980 16530 17250 14640 12120 15210 16950 12150 17820 17970 14580 12210 
17940 13530 14280 17610 17760 16080 17280 12510 13680 13050 16620 16800 13740 16590 12630 17160 12510 17550 12450 13200 13050 12210 14430 16410 16410 17220 17130 13170 14550 16530 16800 13860 12030 12330 17760 17580 12660 16410 15750 17040 17970 13260 17520 13890 14910 16050 16140 12060 12150 15540 16860 12780 
16530 12270 14400 15240 16260 16410 13860 14970 13620 14760 12810 17670 16170 12120 12630 14370 17820 15660 16470 15480 15630 12270 16680 12360 12930 14250 17490 14550 17490 15300 14610 17250 12690 12870 15600 14670 13770 13920 16800 17220 12750 13620 14490 15060 17970 12960 15030 12090 12750 14700 16470 13950 
12780 16110 16200 15360 17340 14520 12450 14400 15450 15180 12510 13860 15750 13140 17160 17100 17310 12780 15360 15600 17670 16110 13020 14160 16800 14040 17880 14940 12750 12750 16320 14310 15300 17700 17100 14340 12210 14040 16980 13260 17280 13380 13650 12990 13440 13800 14010 17070 16530 15300 13890 16440 
]

OverlappingStints: [
[ 27 ]
[ 28 ]
[ 29 ]
[ 30 ]
[ 31 ]
[ 32 ]
[ 33 ]
[ 34 ]
[ 35 ]
[ 36 ]
[ 37 ]
[ 38 ]
[ 39 ]
[ 40 ]
[ 41 ]
[ 42 ]
[ 43 ]
[ 44 ]
[ 45 ]
[ 46 ]
[ 47 ]
[ 48 ]
[ 49 ]
[ 50 ]
[ 51 ]
[ 52 ]
[ ]
[ ]
[ ]
[ ]
[ ]
[ ]
[ ]
[ ]
[ ]
[ ]
[ ]
[ ]
[ ]
[ ]
[ ]
[ ]
[ ]
[ ]
[ ]
[ ]
[ ]
[ ]
[ ]
[ ]
[ ]
[ ]
]

EmployeesWithSkill: [
[ 1 2 3 4 5 6 7 8 9 10 11 12 13 14 15 16 17 18 19 20 21 22 23 24 25 26 27 28 29 30 31 32 33 34 35 36 37 38 39 40 41 42 43 44 45 46 47 48 49 50 51 52 53 54 55 56 57 58 59 60 61 62 63 64 65 66 67 68 69 70 71 72 73 74 75 76 77 78 79 80 81 82 83 84 85 86 87 88 89 90 ]
[ 5 14 19 20 21 23 24 29 33 34 41 42 44 47 52 57 58 61 62 63 65 66 67 69 71 73 82 85 86 88 ]
[ 1 3 4 5 6 8 9 12 13 14 15 16 17 19 20 22 25 26 27 28 29 31 33 34 35 38 39 42 44 45 46 47 48 50 51 54 55 56 58 60 61 63 64 65 66 67 68 69 70 72 73 74 75 76 77 78 79 81 86 87 88 89 90 ]
[ 1 2 3 4 5 6 7 8 9 10 11 12 13 14 15 16 17 18 19 20 21 22 23 24 25 26 27 28 29 30 31 32 33 34 35 36 37 38 39 40 41 42 43 44 45 46 47 48 49 50 51 52 53 54 55 56 57 58 59 60 61 62 63 64 65 66 67 68 69 70 71 72 73 74 75 77 78 79 80 81 82 83 84 85 86 88 90 ]
]

SkillDemandInActivityWithMode: [
0	1	
25	39	
21	33	
35	54	
12	19	
12	19	
32	49	
32	49	
29	45	
25	39	
32	49	
35	54	
25	39	
12	19	
35	54	
16	25	
18	28	
18	28	
35	54	
40	61	
10	16	
8	13	
6	10	
16	25	
20	31	
40	61	
40	61	
6	10	
27	42	
32	49	
8	13	
32	49	
35	54	
32	49	
9	15	
35	54	
0	1	
2	4	
1	3	
2	4	
1	3	
2	4	
2	4	
1	3	
2	4	
1	3	
2	4	
1	3	
1	3	
2	4	
1	3	
1	3	
2	4	
1	3	
1	3	
1	3	
1	3	
2	4	
1	3	
2	4	
1	3	
1	3	
1	3	
1	3	
1	3	
2	4	
1	3	
1	3	
1	3	
1	3	
2	4	
1	3	
1	3	
1	3	
1	3	
1	3	
1	3	

0	1	
5	9	
4	7	
7	12	
2	4	
2	4	
7	12	
7	12	
6	10	
5	9	
7	12	
7	12	
5	9	
2	4	
7	12	
3	6	
3	6	
3	6	
7	12	
8	13	
2	4	
1	3	
1	3	
3	6	
4	7	
8	13	
8	13	
1	3	
5	9	
6	10	
1	3	
6	10	
7	12	
6	10	
1	3	
7	12	
0	1	
3	6	
0	1	
3	6	
2	4	
3	6	
3	6	
1	3	
3	6	
2	4	
3	6	
2	4	
2	4	
3	6	
0	1	
0	1	
3	6	
1	3	
0	1	
0	1	
1	3	
3	6	
1	3	
3	6	
0	1	
2	4	
1	3	
2	4	
2	4	
3	6	
2	4	
1	3	
1	3	
2	4	
3	6	
2	4	
2	4	
1	3	
2	4	
0	1	
2	4	

0	1	
0	1	
0	1	
0	1	
0	1	
0	1	
0	1	
0	1	
0	1	
0	1	
0	1	
0	1	
0	1	
0	1	
0	1	
0	1	
0	1	
0	1	
0	1	
0	1	
0	1	
0	1	
0	1	
0	1	
0	1	
0	1	
0	1	
0	1	
0	1	
0	1	
0	1	
0	1	
0	1	
0	1	
0	1	
0	1	
0	1	
19	30	
4	7	
21	33	
15	24	
17	27	
21	33	
9	15	
19	30	
15	24	
17	27	
13	21	
13	21	
19	30	
3	6	
4	7	
21	33	
10	16	
5	9	
5	9	
10	16	
19	30	
8	13	
17	27	
3	6	
11	18	
7	12	
13	21	
13	21	
19	30	
15	24	
6	10	
6	10	
15	24	
21	33	
15	24	
15	24	
5	9	
15	24	
5	9	
16	25	

0	1	
20	31	
17	27	
29	45	
9	15	
9	15	
26	40	
26	40	
23	36	
20	31	
26	40	
29	45	
20	31	
9	15	
29	45	
13	21	
14	22	
14	22	
29	45	
32	49	
8	13	
6	10	
4	7	
13	21	
16	25	
32	49	
32	49	
4	7	
21	33	
26	40	
6	10	
26	40	
29	45	
26	40	
6	10	
29	45	
0	1	
4	7	
1	3	
5	9	
3	6	
4	7	
5	9	
2	4	
4	7	
3	6	
4	7	
3	6	
3	6	
4	7	
0	1	
1	3	
5	9	
2	4	
1	3	
1	3	
2	4	
4	7	
2	4	
4	7	
0	1	
2	4	
1	3	
3	6	
3	6	
4	7	
3	6	
1	3	
1	3	
3	6	
5	9	
3	6	
3	6	
1	3	
3	6	
1	3	
3	6	

]

EmployeeAvailability: [
1 0 1 1 1 1 1 1 1 1 0 1 1 1 1 1 0 1 1 1 1 1 1 1 1 1 1 0 1 1 1 1 1 1 1 1 0 1 1 1 1 1 0 1 1 1 1 1 1 1 1 1 
1 1 0 1 1 1 1 1 1 1 1 1 0 1 1 1 1 1 1 1 1 1 0 1 1 1 1 1 0 1 1 1 1 1 1 1 1 1 0 1 1 1 1 1 1 1 1 1 0 1 1 1 
1 1 1 1 1 1 1 1 1 1 1 0 1 1 1 1 1 1 1 1 0 1 1 1 1 1 1 1 1 1 1 1 1 1 1 1 1 0 1 1 1 1 1 1 1 1 0 1 1 1 1 1 
1 1 1 1 1 1 1 1 1 0 1 1 1 1 1 1 1 1 1 1 1 1 1 1 1 1 1 1 1 1 1 1 1 1 1 0 1 1 1 1 1 1 1 1 1 1 1 1 1 1 1 1 
1 1 1 1 1 1 1 1 1 1 1 1 1 1 1 1 1 1 0 1 1 1 1 1 1 0 1 1 1 1 1 1 1 1 1 1 1 1 1 1 1 1 1 1 0 1 1 1 1 1 1 0 
1 1 1 1 1 1 1 1 1 1 1 1 1 1 1 1 1 1 1 1 1 1 1 1 1 1 1 1 1 1 1 1 1 1 1 1 1 1 1 1 1 1 1 1 1 1 1 1 1 1 1 1 
0 1 1 1 1 1 1 1 1 1 1 1 1 1 1 1 1 1 1 1 1 1 1 1 1 1 0 1 1 1 1 1 1 1 1 1 1 1 1 1 1 1 1 1 1 1 1 1 1 1 1 1 
1 1 1 1 1 1 1 1 1 1 0 1 1 1 0 1 1 0 1 1 1 1 1 1 1 1 1 1 1 1 1 1 1 1 1 1 0 1 1 1 0 1 1 0 1 1 1 1 1 1 1 1 
1 1 1 1 1 1 1 1 1 1 1 1 1 1 1 0 1 1 1 1 1 1 1 1 1 0 1 1 1 1 1 1 1 1 1 1 1 1 1 1 1 0 1 1 1 1 1 1 1 1 1 0 
1 1 1 1 1 1 1 1 1 1 1 1 1 1 1 1 1 1 1 1 1 1 1 1 1 1 1 1 1 1 1 1 1 1 1 1 1 1 1 1 1 1 1 1 1 1 1 1 1 1 1 1 
1 1 1 1 1 1 1 1 1 1 1 1 1 1 1 1 1 1 0 1 1 0 0 1 1 1 1 1 1 1 1 1 1 1 1 1 1 1 1 1 1 1 1 1 0 1 1 0 0 1 1 1 
1 1 1 1 1 1 0 1 1 1 1 0 1 0 1 1 1 1 1 1 1 1 1 1 1 1 1 1 1 1 1 1 0 1 1 1 1 0 1 0 1 1 1 1 1 1 1 1 1 1 1 1 
1 1 1 1 1 1 1 1 1 1 1 0 1 1 1 1 1 1 1 1 1 1 1 1 1 1 1 1 1 1 1 1 1 1 1 1 1 0 1 1 1 1 1 1 1 1 1 1 1 1 1 1 
1 1 1 1 1 1 1 1 1 1 1 1 1 1 1 1 1 1 1 1 1 1 1 1 1 1 1 1 1 1 1 1 1 1 1 1 1 1 1 1 1 1 1 1 1 1 1 1 1 1 1 1 
1 1 1 1 1 1 0 1 1 1 1 1 1 1 1 1 1 1 1 1 1 1 1 1 1 1 1 1 1 1 1 1 0 1 1 1 1 1 1 1 1 1 1 1 1 1 1 1 1 1 1 1 
1 1 1 1 1 1 1 1 1 1 1 1 1 1 1 1 1 1 1 1 1 1 1 1 1 1 1 1 1 1 1 1 1 1 1 1 1 1 1 1 1 1 1 1 1 1 1 1 1 1 1 1 
1 1 1 1 1 1 1 1 1 1 1 1 1 1 1 1 1 1 1 1 1 1 1 1 1 1 1 1 1 1 1 1 1 1 1 1 1 1 1 1 1 1 1 1 1 1 1 1 1 1 1 1 
1 1 1 0 1 1 1 1 1 1 1 1 1 1 1 1 1 1 1 1 0 1 1 0 1 1 1 1 1 0 1 1 1 1 1 1 1 1 1 1 1 1 1 1 1 1 0 1 1 0 1 1 
1 1 1 1 1 1 1 1 1 1 1 0 1 1 1 1 1 1 1 1 1 1 1 1 1 1 1 1 1 1 1 1 1 1 1 1 1 0 1 1 1 1 1 1 1 1 1 1 1 1 1 1 
1 1 1 1 1 1 1 1 1 1 1 1 1 1 1 1 1 1 0 1 1 1 1 1 1 1 1 1 1 1 1 1 1 1 1 1 1 1 1 1 1 1 1 1 0 1 1 1 1 1 1 1 
1 1 1 1 1 0 1 1 1 1 1 1 1 1 1 1 1 1 1 1 0 1 1 1 1 1 1 1 1 1 1 0 1 1 1 1 1 1 1 1 1 1 1 1 1 1 0 1 1 1 1 1 
1 1 1 1 1 1 1 1 1 1 1 1 1 1 1 1 1 1 1 1 1 1 1 1 1 1 1 1 1 1 1 1 1 1 1 1 1 1 1 1 1 1 1 1 1 1 1 1 1 1 1 1 
1 1 1 1 1 1 1 1 1 1 1 1 1 1 1 1 1 1 1 1 1 1 1 1 1 1 1 1 1 1 1 1 1 1 1 1 1 1 1 1 1 1 1 1 1 1 1 1 1 1 1 1 
1 1 1 1 1 1 1 1 1 1 1 1 1 1 1 1 1 1 1 1 1 1 1 1 1 1 1 1 1 1 1 1 1 1 1 1 1 1 1 1 1 1 1 1 1 1 1 1 1 1 1 1 
1 0 1 1 1 1 1 1 1 1 1 1 1 1 1 1 1 1 1 0 1 1 1 1 1 1 1 0 1 1 1 1 1 1 1 1 1 1 1 1 1 1 1 1 1 0 1 1 1 1 1 1 
1 1 1 1 1 1 1 1 1 0 1 1 1 1 1 1 1 1 1 1 1 1 1 1 1 1 1 1 1 1 1 1 1 1 1 0 1 1 1 1 1 1 1 1 1 1 1 1 1 1 1 1 
1 1 1 1 1 1 1 1 1 1 1 1 1 1 0 1 1 1 1 1 1 1 1 1 1 1 1 1 1 1 1 1 1 1 1 1 1 1 1 1 0 1 1 1 1 1 1 1 1 1 1 1 
1 0 1 1 1 0 1 1 1 1 1 1 1 1 1 1 1 1 1 1 1 1 1 1 1 1 1 0 1 1 1 0 1 1 1 1 1 1 1 1 1 1 1 1 1 1 1 1 1 1 1 1 
1 1 1 1 1 1 1 1 1 1 1 1 1 1 1 1 1 1 1 1 1 1 1 1 1 1 1 1 1 1 1 1 1 1 1 1 1 1 1 1 1 1 1 1 1 1 1 1 1 1 1 1 
1 1 1 1 1 1 1 1 1 1 0 1 1 1 1 1 1 1 1 1 1 1 1 1 1 1 1 1 1 1 1 1 1 1 1 1 0 1 1 1 1 1 1 1 1 1 1 1 1 1 1 1 
1 1 1 1 1 1 1 1 1 1 1 1 1 1 1 1 1 1 1 1 1 1 1 1 1 0 1 1 1 1 1 1 1 1 1 1 1 1 1 1 1 1 1 1 1 1 1 1 1 1 1 0 
1 1 1 1 1 1 1 1 1 1 1 1 1 1 1 1 0 1 1 1 1 1 1 1 1 1 1 1 1 1 1 1 1 1 1 1 1 1 1 1 1 1 0 1 1 1 1 1 1 1 1 1 
1 1 1 1 1 1 1 1 1 1 1 1 1 1 0 1 1 1 1 1 0 1 1 1 1 1 1 1 1 1 1 1 1 1 1 1 1 1 1 1 0 1 1 1 1 1 0 1 1 1 1 1 
1 1 1 1 1 1 1 1 1 1 1 1 1 1 1 1 1 1 1 1 1 1 1 1 0 1 1 1 1 1 1 1 1 1 1 1 1 1 1 1 1 1 1 1 1 1 1 1 1 1 0 1 
1 1 1 1 1 1 1 1 1 1 1 1 1 0 1 1 1 1 1 1 0 1 1 1 1 1 1 1 1 1 1 1 1 1 1 1 1 1 1 0 1 1 1 1 1 1 0 1 1 1 1 1 
1 1 1 1 1 1 1 1 1 1 1 1 1 1 1 1 1 0 1 1 1 1 1 1 1 1 1 1 1 1 1 1 1 1 1 1 1 1 1 1 1 1 1 0 1 1 1 1 1 1 1 1 
1 1 1 1 1 1 1 1 1 1 0 1 1 1 1 1 1 1 1 1 1 1 1 1 1 1 1 1 1 1 1 1 1 1 1 1 0 1 1 1 1 1 1 1 1 1 1 1 1 1 1 1 
1 1 1 1 1 1 1 1 1 1 0 1 1 1 1 1 1 1 1 1 1 1 1 1 1 1 1 1 1 1 1 1 1 1 1 1 0 1 1 1 1 1 1 1 1 1 1 1 1 1 1 1 
1 1 0 1 1 1 1 1 1 0 1 1 1 1 1 1 1 1 1 1 1 1 1 1 1 1 1 1 0 1 1 1 1 1 1 0 1 1 1 1 1 1 1 1 1 1 1 1 1 1 1 1 
1 1 1 1 1 1 1 0 1 1 1 1 1 1 1 1 1 1 1 1 1 1 1 1 1 1 1 1 1 1 1 1 1 0 1 1 1 1 1 1 1 1 1 1 1 1 1 1 1 1 1 1 
1 1 1 1 1 1 1 1 1 1 1 1 1 1 0 0 1 0 1 1 1 1 1 1 1 1 1 1 1 1 1 1 1 1 1 1 1 1 1 1 0 0 1 0 1 1 1 1 1 1 1 1 
1 1 1 1 1 1 1 1 1 1 1 1 1 1 1 1 1 1 1 1 1 1 1 1 1 1 1 1 1 1 1 1 1 1 1 1 1 1 1 1 1 1 1 1 1 1 1 1 1 1 1 1 
0 1 1 1 1 1 1 1 1 1 1 1 1 1 1 1 1 1 1 1 1 1 1 1 1 1 0 1 1 1 1 1 1 1 1 1 1 1 1 1 1 1 1 1 1 1 1 1 1 1 1 1 
1 1 1 1 1 1 1 1 0 1 1 1 1 1 1 1 1 1 1 1 1 1 1 1 1 1 1 1 1 1 1 1 1 1 0 1 1 1 1 1 1 1 1 1 1 1 1 1 1 1 1 1 
1 1 1 1 1 1 1 1 1 1 1 1 1 1 1 1 1 1 1 1 1 1 1 1 1 1 1 1 1 1 1 1 1 1 1 1 1 1 1 1 1 1 1 1 1 1 1 1 1 1 1 1 
1 1 1 1 1 1 1 1 1 1 1 1 1 1 0 1 1 1 1 0 1 1 1 1 1 1 1 1 1 1 1 1 1 1 1 1 1 1 1 1 0 1 1 1 1 0 1 1 1 1 1 1 
1 1 1 0 1 1 1 1 1 1 1 1 1 1 1 1 1 1 0 1 1 1 1 1 1 1 1 1 1 0 1 1 1 1 1 1 1 1 1 1 1 1 1 1 0 1 1 1 1 1 1 1 
1 1 1 0 1 1 1 1 1 1 1 1 1 1 1 1 1 1 1 1 1 1 1 1 1 1 1 1 1 0 1 1 1 1 1 1 1 1 1 1 1 1 1 1 1 1 1 1 1 1 1 1 
1 1 1 0 1 1 1 1 1 1 1 1 1 1 1 0 1 1 1 1 1 1 1 1 1 1 1 1 1 0 1 1 1 1 1 1 1 1 1 1 1 0 1 1 1 1 1 1 1 1 1 1 
1 1 1 1 1 1 1 1 1 1 1 1 1 1 1 1 1 1 1 1 1 1 1 1 1 1 1 1 1 1 1 1 1 1 1 1 1 1 1 1 1 1 1 1 1 1 1 1 1 1 1 1 
1 1 1 1 1 1 1 1 1 1 1 1 1 1 1 1 1 1 1 1 1 1 1 1 1 1 1 1 1 1 1 1 1 1 1 1 1 1 1 1 1 1 1 1 1 1 1 1 1 1 1 1 
1 1 1 1 1 1 1 0 1 1 1 1 1 1 1 1 1 1 1 1 1 1 1 1 1 1 1 1 1 1 1 1 1 0 1 1 1 1 1 1 1 1 1 1 1 1 1 1 1 1 1 1 
1 1 1 1 1 1 1 1 0 1 1 1 1 1 0 1 1 1 0 1 1 1 1 1 1 1 1 1 1 1 1 1 1 1 0 1 1 1 1 1 0 1 1 1 0 1 1 1 1 1 1 1 
1 1 1 1 1 1 1 1 1 1 1 1 1 1 1 1 1 1 1 1 1 1 1 1 1 1 1 1 1 1 1 1 1 1 1 1 1 1 1 1 1 1 1 1 1 1 1 1 1 1 1 1 
1 1 1 1 0 1 1 1 1 1 1 1 1 1 1 1 1 1 1 1 1 1 1 1 1 1 1 1 1 1 0 1 1 1 1 1 1 1 1 1 1 1 1 1 1 1 1 1 1 1 1 1 
1 1 1 1 1 1 1 1 1 1 1 1 1 1 1 1 1 1 1 1 1 1 1 1 1 1 1 1 1 1 1 1 1 1 1 1 1 1 1 1 1 1 1 1 1 1 1 1 1 1 1 1 
1 1 1 1 1 1 1 1 1 1 1 1 1 1 1 1 1 1 1 1 1 1 1 1 1 1 1 1 1 1 1 1 1 1 1 1 1 1 1 1 1 1 1 1 1 1 1 1 1 1 1 1 
1 1 1 1 1 0 1 1 1 1 1 1 1 1 1 1 1 1 1 1 1 1 1 1 1 1 1 1 1 1 1 0 1 1 1 1 1 1 1 1 1 1 1 1 1 1 1 1 1 1 1 1 
1 1 1 1 1 1 0 1 1 1 0 1 1 1 1 1 1 1 1 1 1 1 1 1 1 1 1 1 1 1 1 1 0 1 1 1 0 1 1 1 1 1 1 1 1 1 1 1 1 1 1 1 
1 1 1 1 1 1 1 1 1 1 1 1 0 1 1 1 1 1 1 1 0 1 1 1 1 1 1 1 1 1 1 1 1 1 1 1 1 1 0 1 1 1 1 1 1 1 0 1 1 1 1 1 
1 1 1 1 1 1 1 1 1 1 1 1 1 1 1 1 1 1 1 1 1 1 1 1 1 1 1 1 1 1 1 1 1 1 1 1 1 1 1 1 1 1 1 1 1 1 1 1 1 1 1 1 
1 1 1 1 1 1 1 1 1 1 1 1 1 1 1 1 1 1 1 1 1 1 1 1 1 1 1 1 1 1 1 1 1 1 1 1 1 1 1 1 1 1 1 1 1 1 1 1 1 1 1 1 
1 1 1 1 1 1 1 1 1 1 1 1 1 1 1 0 1 1 1 1 1 1 1 1 1 1 1 1 1 1 1 1 1 1 1 1 1 1 1 1 1 0 1 1 1 1 1 1 1 1 1 1 
1 1 1 1 1 1 1 1 1 1 1 1 1 1 1 1 1 1 1 1 1 1 0 1 1 1 1 1 1 1 1 1 1 1 1 1 1 1 1 1 1 1 1 1 1 1 1 1 0 1 1 1 
1 1 1 1 1 1 0 1 1 1 1 1 1 1 1 1 1 0 1 1 1 1 1 1 1 1 1 1 1 1 1 1 0 1 1 1 1 1 1 1 1 1 1 0 1 1 1 1 1 1 1 1 
1 1 1 1 1 1 1 1 1 1 1 1 1 1 1 1 1 1 1 1 1 1 1 1 1 1 1 1 1 1 1 1 1 1 1 1 1 1 1 1 1 1 1 1 1 1 1 1 1 1 1 1 
1 1 1 1 1 1 1 1 1 1 1 1 1 1 1 1 1 1 1 1 1 1 1 1 1 1 1 1 1 1 1 1 1 1 1 1 1 1 1 1 1 1 1 1 1 1 1 1 1 1 1 1 
1 1 1 1 1 1 1 1 1 1 1 1 1 1 1 1 1 1 1 1 1 1 1 1 1 1 1 1 1 1 1 1 1 1 1 1 1 1 1 1 1 1 1 1 1 1 1 1 1 1 1 1 
1 1 1 1 0 1 1 1 1 1 1 1 1 1 1 1 1 1 1 1 1 1 1 1 1 1 1 1 1 1 0 1 1 1 1 1 1 1 1 1 1 1 1 1 1 1 1 1 1 1 1 1 
1 1 1 1 1 1 1 1 1 1 1 1 1 1 1 1 1 1 1 1 1 1 1 1 1 1 1 1 1 1 1 1 1 1 1 1 1 1 1 1 1 1 1 1 1 1 1 1 1 1 1 1 
1 1 1 1 1 1 1 1 1 1 1 0 1 1 1 1 0 1 1 1 1 1 1 1 1 1 1 1 1 1 1 1 1 1 1 1 1 0 1 1 1 1 0 1 1 1 1 1 1 1 1 1 
1 1 1 1 1 1 1 0 1 1 1 1 1 1 1 1 1 1 1 1 1 1 1 1 1 1 1 1 1 1 1 1 1 0 1 1 1 1 1 1 1 1 1 1 1 1 1 1 1 1 1 1 
1 1 1 1 1 1 1 1 1 1 1 1 1 1 1 1 1 1 1 1 1 1 1 1 1 1 1 1 1 1 1 1 1 1 1 1 1 1 1 1 1 1 1 1 1 1 1 1 1 1 1 1 
1 1 1 1 1 1 1 1 1 1 1 1 1 1 1 1 1 1 1 1 1 1 1 1 1 1 1 1 1 1 1 1 1 1 1 1 1 1 1 1 1 1 1 1 1 1 1 1 1 1 1 1 
1 1 1 1 1 1 1 1 1 1 1 1 1 1 1 1 1 1 1 1 1 1 0 0 1 1 1 1 1 1 1 1 1 1 1 1 1 1 1 1 1 1 1 1 1 1 1 1 0 0 1 1 
1 1 1 1 1 1 1 1 1 1 1 1 1 1 1 1 1 1 1 1 1 1 0 1 1 1 1 1 1 1 1 1 1 1 1 1 1 1 1 1 1 1 1 1 1 1 1 1 0 1 1 1 
1 1 0 1 1 1 1 1 1 0 1 1 1 1 1 1 1 1 1 1 1 1 1 1 1 1 1 1 0 1 1 1 1 1 1 0 1 1 1 1 1 1 1 1 1 1 1 1 1 1 1 1 
1 1 1 1 1 1 1 1 1 1 1 0 1 1 1 1 1 1 0 1 1 1 0 1 1 1 1 1 1 1 1 1 1 1 1 1 1 0 1 1 1 1 1 1 0 1 1 1 0 1 1 1 
1 1 1 1 1 1 1 1 1 1 1 1 1 1 1 1 1 0 1 1 1 1 1 1 1 1 1 1 1 1 1 1 1 1 1 1 1 1 1 1 1 1 1 0 1 1 1 1 1 1 1 1 
1 1 1 1 1 1 1 1 1 1 1 1 1 1 1 1 1 1 1 1 1 1 1 1 1 1 1 1 1 1 1 1 1 1 1 1 1 1 1 1 1 1 1 1 1 1 1 1 1 1 1 1 
1 1 1 1 1 1 1 1 0 1 1 1 1 1 1 1 1 1 1 1 1 1 1 1 1 1 1 1 1 1 1 1 1 1 0 1 1 1 1 1 1 1 1 1 1 1 1 1 1 1 1 1 
1 1 1 1 1 1 1 1 1 1 0 1 1 0 1 1 1 1 1 1 1 1 1 1 1 1 1 1 1 1 1 1 1 1 1 1 0 1 1 0 1 1 1 1 1 1 1 1 1 1 1 1 
1 1 1 1 1 1 1 1 1 1 1 1 1 1 1 1 1 1 1 1 1 1 0 1 1 1 1 1 1 1 1 1 1 1 1 1 1 1 1 1 1 1 1 1 1 1 1 1 0 1 1 1 
0 1 1 1 1 1 1 1 1 1 1 1 1 1 0 1 1 1 1 1 1 1 1 1 1 1 0 1 1 1 1 1 1 1 1 1 1 1 1 1 0 1 1 1 1 1 1 1 1 1 1 1 
1 1 1 1 1 1 1 1 1 1 1 1 1 1 1 1 1 1 1 1 1 1 1 1 1 1 1 1 1 1 1 1 1 1 1 1 1 1 1 1 1 1 1 1 1 1 1 1 1 1 1 1 
1 1 1 1 1 1 1 1 1 1 1 1 1 1 1 1 1 1 1 1 1 1 1 1 1 1 1 1 1 1 1 1 1 1 1 1 1 1 1 1 1 1 1 1 1 1 1 1 1 1 1 1 
0 1 1 1 1 1 1 1 1 1 1 1 1 1 1 1 1 1 1 1 1 0 1 1 1 1 0 1 1 1 1 1 1 1 1 1 1 1 1 1 1 1 1 1 1 1 1 0 1 1 1 1 
1 1 1 1 1 0 1 1 1 1 1 1 1 1 1 1 1 1 1 1 1 1 1 1 1 1 1 1 1 1 1 0 1 1 1 1 1 1 1 1 1 1 1 1 1 1 1 1 1 1 1 1 
1 1 1 1 1 1 1 1 1 0 1 0 1 1 1 1 1 1 1 1 1 1 1 1 1 1 1 1 1 1 1 1 1 1 1 0 1 0 1 1 1 1 1 1 1 1 1 1 1 1 1 1 
1 1 1 1 1 1 1 1 1 1 1 1 1 1 1 1 1 1 1 1 1 1 1 1 1 1 1 1 1 1 1 1 1 1 1 1 1 1 1 1 1 1 1 1 1 1 1 1 1 1 1 1 
]

EmployeeWantedInStint: [ (1 9) 1 (1 52) 1 (2 43) 1 (5 25) 1 (5 52) 1 (8 1) 1 (9 8) 1 (10 8) 1 (13 11) 1 (13 38) 1 (15 29) 1 (15 31) 1 (17 6) 1 (17 50) 1 (19 32) 1 (19 40) 1 (20 27) 1 (20 38) 1 (21 30) 1 (23 3) 1 (23 48) 1 (24 7) 1 (24 37) 1 (26 42) 1 (27 48) 1 (29 8) 1 (30 51) 1 (31 42) 1 (34 7) 1 (34 10) 1 (34 26) 1 (34 36) 1 (36 5) 1 (36 9) 1 (37 3) 1 (37 45) 1 (38 15) 1 (39 13) 1 (39 28) 1 (40 4) 1 (40 20) 1 (40 37) 1 (40 41) 1 (41 42) 1 (42 19) 1 (42 28) 1 (42 32) 1 (43 8) 1 (43 29) 1 (43 39) 1 (43 40) 1 (43 43) 1 (46 5) 1 (49 9) 1 (49 39) 1 (50 9) 1 (51 8) 1 (53 10) 1 (54 6) 1 (55 19) 1 (55 27) 1 (56 38) 1 (56 43) 1 (57 41) 1 (57 46) 1 (59 43) 1 (59 48) 1 (60 48) 1 (61 41) 1 (61 52) 1 (62 30) 1 (63 26) 1 (64 44) 1 (66 41) 1 (66 43) 1 (67 24) 1 (68 28) 1 (68 43) 1 (69 26) 1 (71 50) 1 (72 17) 1 (76 7) 1 (77 20) 1 (78 45) 1 (79 7) 1 (79 33) 1 (80 15) 1 (80 35) 1 (81 49) 1 (84 1) 1 (85 8) 1 (85 20) 1 (87 12) 1 (87 15) 1 (88 6) 1 (88 9) 1 (88 33) 1 (90 4) 1 ]

EmployeeWantedViolationCost: [ (1 9) 6000 (1 52) 12000 (2 43) 10000 (5 25) 13000 (5 52) 9000 (8 1) 14000 (9 8) 7000 (10 8) 7000 (13 11) 14000 (13 38) 5000 (15 29) 13000 (15 31) 14000 (17 6) 8000 (17 50) 11000 (19 32) 13000 (19 40) 8000 (20 27) 15000 (20 38) 15000 (21 30) 6000 (23 3) 9000 (23 48) 14000 (24 7) 13000 (24 37) 14000 (26 42) 15000 (27 48) 14000 (29 8) 9000 (30 51) 10000 (31 42) 15000 (34 7) 9000 (34 10) 7000 (34 26) 13000 (34 36) 6000 (36 5) 9000 (36 9) 5000 (37 3) 8000 (37 45) 15000 (38 15) 8000 (39 13) 12000 (39 28) 7000 (40 4) 9000 (40 20) 6000 (40 37) 9000 (40 41) 8000 (41 42) 13000 (42 19) 15000 (42 28) 12000 (42 32) 8000 (43 8) 5000 (43 29) 5000 (43 39) 13000 (43 40) 8000 (43 43) 10000 (46 5) 13000 (49 9) 5000 (49 39) 11000 (50 9) 12000 (51 8) 8000 (53 10) 14000 (54 6) 14000 (55 19) 5000 (55 27) 15000 (56 38) 13000 (56 43) 14000 (57 41) 11000 (57 46) 10000 (59 43) 6000 (59 48) 15000 (60 48) 7000 (61 41) 12000 (61 52) 8000 (62 30) 7000 (63 26) 13000 (64 44) 6000 (66 41) 14000 (66 43) 9000 (67 24) 12000 (68 28) 7000 (68 43) 5000 (69 26) 5000 (71 50) 12000 (72 17) 7000 (76 7) 7000 (77 20) 7000 (78 45) 6000 (79 7) 13000 (79 33) 8000 (80 15) 10000 (80 35) 15000 (81 49) 9000 (84 1) 11000 (85 8) 7000 (85 20) 14000 (87 12) 15000 (87 15) 14000 (88 6) 6000 (88 9) 6000 (88 33) 10000 (90 4) 6000 ]

EmployeesThatShouldNotWorkTogetherWithEmployee: [
[ 23 42 87 ]
[ 31 35 69 70 ]
[ 51 76 ]
[ 19 76 ]
[ 45 48 56 81 ]
[ 17 28 30 78 ]
[ 29 39 65 ]
[ ]
[ 20 51 66 71 ]
[ 33 34 59 77 89 ]
[ 16 19 23 54 70 89 ]
[ 43 46 72 82 ]
[ 59 67 ]
[ 20 ]
[ 71 ]
[ 45 72 ]
[ 18 51 88 ]
[ 33 36 45 47 81 86 ]
[ 81 ]
[ 22 42 86 ]
[ 23 26 46 69 72 ]
[ 39 60 ]
[ 27 44 82 88 ]
[ 29 55 58 ]
[ 26 29 79 ]
[ 36 64 73 87 ]
[ 34 35 42 ]
[ 30 40 55 65 79 ]
[ 53 61 67 ]
[ 50 54 59 78 ]
[ 45 72 83 ]
[ 68 78 ]
[ 59 83 ]
[ 59 ]
[ 59 80 ]
[ 42 52 74 ]
[ 50 ]
[ 45 48 50 52 87 89 ]
[ ]
[ 52 75 78 89 ]
[ 82 ]
[ 44 ]
[ 49 54 ]
[ 49 52 ]
[ 53 87 90 ]
[ 82 ]
[ 54 70 89 ]
[ 51 66 71 81 ]
[ ]
[ ]
[ 55 57 76 ]
[ 77 86 ]
[ 56 66 ]
[ 77 ]
[ ]
[ 66 80 86 90 ]
[ ]
[ 59 61 ]
[ 65 ]
[ ]
[ ]
[ ]
[ 79 84 ]
[ 67 87 ]
[ 72 89 ]
[ ]
[ ]
[ 77 84 87 ]
[ ]
[ 84 ]
[ ]
[ 85 ]
[ 74 ]
[ 81 ]
[ 88 ]
[ 88 ]
[ 85 ]
[ ]
[ ]
[ 86 ]
[ ]
[ 86 ]
[ ]
[ ]
[ 86 ]
[ ]
[ ]
[ ]
[ ]
[ ]
]

ShouldNotWorkTogetherCost: [ (1 23) 99 (1 42) 297 (1 87) 297 (2 31) 99 (2 35) 297 (2 69) 99 (2 70) 99 (3 51) 198 (3 76) 396 (4 19) 396 (4 76) 198 (5 45) 297 (5 48) 297 (5 56) 198 (5 81) 396 (6 17) 198 (6 28) 396 (6 30) 99 (6 78) 99 (7 29) 99 (7 39) 198 (7 65) 99 (9 20) 198 (9 51) 396 (9 66) 396 (9 71) 198 (10 33) 396 (10 34) 198 (10 59) 396 (10 77) 99 (10 89) 396 (11 16) 297 (11 19) 297 (11 23) 198 (11 54) 297 (11 70) 198 (11 89) 396 (12 43) 396 (12 46) 198 (12 72) 99 (12 82) 396 (13 59) 396 (13 67) 396 (14 20) 396 (15 71) 297 (16 45) 198 (16 72) 396 (17 18) 99 (17 51) 396 (17 88) 297 (18 33) 396 (18 36) 396 (18 45) 99 (18 47) 198 (18 81) 297 (18 86) 198 (19 81) 99 (20 22) 297 (20 42) 198 (20 86) 99 (21 23) 297 (21 26) 99 (21 46) 396 (21 69) 99 (21 72) 396 (22 39) 297 (22 60) 396 (23 27) 99 (23 44) 297 (23 82) 99 (23 88) 198 (24 29) 99 (24 55) 99 (24 58) 396 (25 26) 297 (25 29) 297 (25 79) 99 (26 36) 198 (26 64) 396 (26 73) 198 (26 87) 297 (27 34) 198 (27 35) 396 (27 42) 198 (28 30) 198 (28 40) 297 (28 55) 99 (28 65) 198 (28 79) 297 (29 53) 396 (29 61) 396 (29 67) 396 (30 50) 297 (30 54) 396 (30 59) 99 (30 78) 297 (31 45) 198 (31 72) 99 (31 83) 297 (32 68) 198 (32 78) 99 (33 59) 396 (33 83) 396 (34 59) 396 (35 59) 198 (35 80) 198 (36 42) 99 (36 52) 297 (36 74) 198 (37 50) 396 (38 45) 99 (38 48) 396 (38 50) 297 (38 52) 198 (38 87) 297 (38 89) 198 (40 52) 99 (40 75) 99 (40 78) 99 (40 89) 198 (41 82) 396 (42 44) 198 (43 49) 99 (43 54) 297 (44 49) 99 (44 52) 396 (45 53) 297 (45 87) 396 (45 90) 99 (46 82) 99 (47 54) 198 (47 70) 297 (47 89) 198 (48 51) 198 (48 66) 396 (48 71) 396 (48 81) 198 (51 55) 396 (51 57) 99 (51 76) 396 (52 77) 396 (52 86) 297 (53 56) 297 (53 66) 99 (54 77) 396 (56 66) 99 (56 80) 99 (56 86) 198 (56 90) 198 (58 59) 297 (58 61) 297 (59 65) 198 (63 79) 99 (63 84) 396 (64 67) 297 (64 87) 99 (65 72) 297 (65 89) 396 (68 77) 297 (68 84) 396 (68 87) 297 (70 84) 396 (72 85) 99 (73 74) 99 (74 81) 297 (75 88) 396 (76 88) 99 (77 85) 297 (80 86) 297 (82 86) 297 (85 86) 99 ]

ImmediatePredecessorsToActivity: [
[ ]
[ 1 ]
[ 1 ]
[ 2 ]
[ 4 ]
[ 3 ]
[ 1 ]
[ 1 ]
[ 1 ]
[ 3 5 7 ]
[ 6 ]
[ 2 10 ]
[ 6 ]
[ 2 8 ]
[ 9 14 ]
[ 6 9 ]
[ 5 11 ]
[ 3 5 8 9 ]
[ 15 16 ]
[ 5 ]
[ 7 9 ]
[ 9 ]
[ 2 3 9 ]
[ 6 7 14 22 ]
[ 13 20 ]
[ 8 9 10 11 20 ]
[ 4 11 15 16 ]
[ 8 ]
[ 3 20 21 ]
[ 13 22 ]
[ 4 7 9 ]
[ 10 21 22 ]
[ 16 31 ]
[ 4 11 16 ]
[ 1 ]
[ 8 11 ]
[ ]
[ 37 ]
[ 37 ]
[ 38 ]
[ 37 ]
[ 39 40 ]
[ 41 ]
[ 41 ]
[ 42 44 ]
[ 39 41 ]
[ 43 ]
[ 38 39 44 47 ]
[ 40 45 47 ]
[ 43 48 ]
[ 37 ]
[ 40 44 ]
[ 50 ]
[ 48 ]
[ 41 ]
[ 40 41 ]
[ 46 48 56 ]
[ 38 47 ]
[ 43 46 51 55 ]
[ 43 51 55 56 58 ]
[ 37 ]
[ 60 ]
[ 38 39 43 55 ]
[ 43 48 ]
[ 40 46 47 ]
[ 44 50 56 58 ]
[ 42 46 50 55 ]
[ 40 43 55 ]
[ 44 ]
[ 39 50 55 56 58 ]
[ 45 50 56 69 ]
[ 38 45 55 56 69 ]
[ 40 43 44 51 58 ]
[ 44 ]
[ 38 46 50 55 56 ]
[ 40 41 ]
[ 44 46 61 ]
]

ActivitiesInProject: [
[ 1 2 3 4 5 6 7 8 9 10 11 12 13 14 15 16 17 18 19 20 21 22 23 24 25 26 27 28 29 30 31 32 33 34 35 36 ]
[ 37 38 39 40 41 42 43 44 45 46 47 48 49 50 51 52 53 54 55 56 57 58 59 60 61 62 63 64 65 66 67 68 69 70 71 72 73 74 75 76 77 ]
]

nActivityModes: [ 2 2 2 2 2 2 2 2 2 2 2 2 2 2 2 2 2 2 2 2 2 2 2 2 2 2 2 2 2 2 2 2 2 2 2 2 2 2 2 2 2 2 2 2 2 2 2 2 2 2 2 2 2 2 2 2 2 2 2 2 2 2 2 2 2 2 2 2 2 2 2 2 2 2 2 2 2 ]

ActivitiyDurationWithMode: [
1	1	
13	9	
15	10	
9	6	
28	19	
28	19	
10	7	
10	7	
11	8	
13	9	
10	7	
9	6	
13	9	
28	19	
9	6	
20	14	
18	12	
18	12	
9	6	
8	6	
32	22	
42	28	
54	36	
20	14	
16	11	
8	6	
8	6	
55	37	
12	8	
10	7	
42	28	
10	7	
9	6	
10	7	
38	26	
9	6	
1	1	
10	7	
45	30	
9	6	
13	9	
11	8	
9	6	
21	14	
10	7	
13	9	
11	8	
15	10	
15	10	
10	7	
50	34	
43	29	
9	6	
18	12	
39	26	
36	24	
19	13	
10	7	
23	16	
11	8	
64	43	
17	12	
26	18	
15	10	
15	10	
10	7	
13	9	
28	19	
29	20	
13	9	
9	6	
13	9	
13	9	
33	22	
13	9	
35	24	
12	8	
]
StintsInProject: [
[ 1 2 3 4 5 6 7 8 9 10 11 12 13 14 15 16 17 18 19 20 21 22 23 24 25 26 ]
[ 27 28 29 30 31 32 33 34 35 36 37 38 39 40 41 42 43 44 45 46 47 48 49 50 51 52 ]
]

WorkingStintsOnDay: [
[ 1 27 ]
[ 1 27 ]
[ 1 27 ]
[ 1 27 ]
[ 1 27 ]
[ ]
[ ]
[ 2 28 ]
[ 2 28 ]
[ 2 28 ]
[ 2 28 ]
[ 2 28 ]
[ ]
[ ]
[ 3 29 ]
[ 3 29 ]
[ 3 29 ]
[ 3 29 ]
[ 3 29 ]
[ ]
[ ]
[ 4 30 ]
[ 4 30 ]
[ 4 30 ]
[ 4 30 ]
[ 4 30 ]
[ ]
[ ]
[ 5 31 ]
[ 5 31 ]
[ 5 31 ]
[ 5 31 ]
[ 5 31 ]
[ ]
[ ]
[ 6 32 ]
[ 6 32 ]
[ 6 32 ]
[ 6 32 ]
[ 6 32 ]
[ ]
[ ]
[ 7 33 ]
[ 7 33 ]
[ 7 33 ]
[ 7 33 ]
[ 7 33 ]
[ ]
[ ]
[ 8 34 ]
[ 8 34 ]
[ 8 34 ]
[ 8 34 ]
[ 8 34 ]
[ ]
[ ]
[ 9 35 ]
[ 9 35 ]
[ 9 35 ]
[ 9 35 ]
[ 9 35 ]
[ ]
[ ]
[ 10 36 ]
[ 10 36 ]
[ 10 36 ]
[ 10 36 ]
[ 10 36 ]
[ ]
[ ]
[ 11 37 ]
[ 11 37 ]
[ 11 37 ]
[ 11 37 ]
[ 11 37 ]
[ ]
[ ]
[ 12 38 ]
[ 12 38 ]
[ 12 38 ]
[ 12 38 ]
[ 12 38 ]
[ ]
[ ]
[ 13 39 ]
[ 13 39 ]
[ 13 39 ]
[ 13 39 ]
[ 13 39 ]
[ ]
[ ]
[ 14 40 ]
[ 14 40 ]
[ 14 40 ]
[ 14 40 ]
[ 14 40 ]
[ ]
[ ]
[ 15 41 ]
[ 15 41 ]
[ 15 41 ]
[ 15 41 ]
[ 15 41 ]
[ ]
[ ]
[ 16 42 ]
[ 16 42 ]
[ 16 42 ]
[ 16 42 ]
[ 16 42 ]
[ ]
[ ]
[ 17 43 ]
[ 17 43 ]
[ 17 43 ]
[ 17 43 ]
[ 17 43 ]
[ ]
[ ]
[ 18 44 ]
[ 18 44 ]
[ 18 44 ]
[ 18 44 ]
[ 18 44 ]
[ ]
[ ]
[ 19 45 ]
[ 19 45 ]
[ 19 45 ]
[ 19 45 ]
[ 19 45 ]
[ ]
[ ]
[ 20 46 ]
[ 20 46 ]
[ 20 46 ]
[ 20 46 ]
[ 20 46 ]
[ ]
[ ]
[ 21 47 ]
[ 21 47 ]
[ 21 47 ]
[ 21 47 ]
[ 21 47 ]
[ ]
[ ]
[ 22 48 ]
[ 22 48 ]
[ 22 48 ]
[ 22 48 ]
[ 22 48 ]
[ ]
[ ]
[ 23 49 ]
[ 23 49 ]
[ 23 49 ]
[ 23 49 ]
[ 23 49 ]
[ ]
[ ]
[ 24 50 ]
[ 24 50 ]
[ 24 50 ]
[ 24 50 ]
[ 24 50 ]
[ ]
[ ]
[ 25 51 ]
[ 25 51 ]
[ 25 51 ]
[ 25 51 ]
[ 25 51 ]
[ ]
[ ]
[ 26 52 ]
[ 26 52 ]
[ 26 52 ]
[ 26 52 ]
[ 26 52 ]
]

ProjectStart: [ 28 58 ]

ProjectEnd: [ 132 176 ]

EarliestStartDayForActivity: [ 1 28 28 46 59 48 28 28 28 97 88 116 88 46 86 88 102 97 116 97 44 44 48 102 109 116 116 41 109 107 59 116 117 116 28 102 1 58 58 72 58 121 75 75 136 121 88 121 150 142 58 104 156 142 75 83 142 103 138 135 58 150 130 142 138 156 156 130 104 156 156 150 128 104 156 83 146 ]

LatestStartDayForActivity: [ 1 132 132 132 132 132 132 132 132 132 132 132 132 132 132 132 132 132 132 132 132 132 132 132 132 132 132 132 132 132 132 132 132 132 132 132 1 176 176 176 176 176 176 176 176 176 176 176 176 176 176 176 176 176 176 176 176 176 176 176 176 176 176 176 176 176 176 176 176 176 176 176 176 176 176 176 176 ]

EquipmentTypeDemandInActivityWithMode: [
0	1	
0	1	
0	1	
2	4	
2	4	
1	3	
0	1	
1	3	
2	4	
1	3	
0	1	
0	1	
0	1	
0	1	
3	6	
0	1	
0	1	
0	1	
1	3	
2	4	
1	3	
0	1	
1	3	
1	3	
1	3	
0	1	
3	6	
2	4	
0	1	
0	1	
2	4	
1	3	
0	1	
2	4	
0	1	
0	1	
0	1	
0	1	
1	3	
1	3	
3	6	
0	1	
1	3	
0	1	
1	3	
1	3	
0	1	
2	4	
0	1	
1	3	
1	3	
1	3	
2	4	
1	3	
1	3	
2	4	
1	3	
0	1	
2	4	
1	3	
0	1	
2	4	
0	1	
2	4	
1	3	
1	3	
0	1	
3	6	
1	3	
1	3	
1	3	
2	4	
0	1	
2	4	
0	1	
2	4	
0	1	

0	1	
0	1	
1	3	
1	3	
0	1	
0	1	
0	1	
2	4	
1	3	
0	1	
1	3	
1	3	
0	1	
0	1	
1	3	
2	4	
1	3	
0	1	
2	4	
0	1	
3	6	
1	3	
0	1	
0	1	
2	4	
0	1	
0	1	
1	3	
1	3	
0	1	
0	1	
0	1	
1	3	
2	4	
1	3	
0	1	
0	1	
1	3	
0	1	
0	1	
0	1	
0	1	
1	3	
1	3	
0	1	
0	1	
2	4	
1	3	
1	3	
0	1	
2	4	
0	1	
2	4	
0	1	
0	1	
0	1	
2	4	
0	1	
0	1	
1	3	
0	1	
1	3	
0	1	
1	3	
0	1	
1	3	
1	3	
0	1	
0	1	
0	1	
1	3	
0	1	
1	3	
1	3	
0	1	
1	3	
1	3	

0	1	
1	3	
1	3	
1	3	
2	4	
1	3	
2	4	
1	3	
1	3	
1	3	
0	1	
3	6	
0	1	
1	3	
1	3	
0	1	
1	3	
2	4	
1	3	
1	3	
1	3	
0	1	
0	1	
2	4	
0	1	
0	1	
2	4	
1	3	
1	3	
1	3	
1	3	
1	3	
1	3	
1	3	
1	3	
1	3	
0	1	
0	1	
1	3	
1	3	
0	1	
1	3	
0	1	
1	3	
2	4	
1	3	
1	3	
0	1	
0	1	
1	3	
3	6	
3	6	
2	4	
2	4	
1	3	
1	3	
1	3	
2	4	
3	6	
1	3	
2	4	
0	1	
2	4	
4	7	
1	3	
0	1	
1	3	
1	3	
0	1	
0	1	
1	3	
0	1	
2	4	
0	1	
1	3	
2	4	
3	6	

0	1	
1	3	
0	1	
2	4	
2	4	
0	1	
2	4	
1	3	
0	1	
0	1	
0	1	
0	1	
3	6	
0	1	
0	1	
1	3	
1	3	
2	4	
1	3	
1	3	
2	4	
0	1	
0	1	
2	4	
1	3	
1	3	
2	4	
3	6	
2	4	
0	1	
0	1	
3	6	
1	3	
1	3	
2	4	
1	3	
0	1	
0	1	
1	3	
2	4	
1	3	
0	1	
1	3	
2	4	
1	3	
2	4	
0	1	
0	1	
0	1	
1	3	
3	6	
1	3	
1	3	
0	1	
1	3	
0	1	
0	1	
2	4	
1	3	
2	4	
1	3	
1	3	
0	1	
3	6	
1	3	
0	1	
3	6	
1	3	
1	3	
1	3	
2	4	
1	3	
1	3	
1	3	
2	4	
1	3	
1	3	

0	1	
2	4	
1	3	
1	3	
2	4	
1	3	
0	1	
2	4	
1	3	
1	3	
0	1	
1	3	
0	1	
1	3	
2	4	
0	1	
0	1	
3	6	
2	4	
1	3	
2	4	
0	1	
0	1	
1	3	
1	3	
0	1	
0	1	
1	3	
0	1	
0	1	
0	1	
1	3	
1	3	
2	4	
2	4	
2	4	
0	1	
1	3	
3	6	
1	3	
0	1	
2	4	
0	1	
0	1	
2	4	
1	3	
0	1	
2	4	
0	1	
0	1	
1	3	
2	4	
1	3	
0	1	
1	3	
1	3	
0	1	
1	3	
2	4	
1	3	
0	1	
1	3	
1	3	
0	1	
1	3	
1	3	
1	3	
2	4	
0	1	
1	3	
1	3	
2	4	
1	3	
1	3	
1	3	
1	3	
1	3	

]

ExternalEquipmentRentingCost: [
5092	3234	1773	2752	4929	1525	1570	4598	1490	5196	4748	5146	3339	4837	3311	1928	1809	1986	5921	2607	2747	2584	5628	5659	3566	4996	2001	5933	5599	1186	3517	1635	4091	4742	4327	5845	1550	4616	2276	3428	5301	4518	5972	5571	1775	2478	4348	4997	5299	5956	1509	3814	1938	1454	2461	3001	1595	3616	4634	3638	2036	2111	4793	1031	5856	5560	4739	3405	2454	3154	1304	4104	3781	4866	4087	5512	1700	
1203	4891	2460	3044	1559	1255	4533	1752	3698	3838	4853	4613	5921	4634	3252	2853	1814	1692	3512	3798	4523	5765	1126	4284	4912	5592	4558	3775	4123	3924	3386	2343	4776	5161	1575	2066	5295	4593	1751	3244	5900	3534	5481	3117	5759	5407	1424	3229	3800	2816	4863	5317	5678	5616	5306	4244	3138	2768	1896	3309	4916	1417	5037	5112	5664	3108	2736	5349	5571	2922	5828	5358	3368	1124	4389	4102	3383	
4594	2609	3749	1180	1253	3025	1699	1726	1484	5583	3907	3786	5567	2874	3373	3205	4314	5649	5200	2506	3849	3092	1289	2810	2368	3464	4537	3961	3799	1410	2865	4198	3468	3880	2243	4557	2772	4156	2473	2791	5041	5489	3000	4198	5801	5283	5492	3394	1227	4727	1018	1102	3328	2212	3978	3868	1130	5536	5536	3227	4792	4820	5512	5682	2600	4336	4722	2516	3496	3825	2767	1489	5100	1474	2306	1655	2892	
5743	1202	4870	1441	5876	3813	3588	4576	3541	3584	1417	2021	1182	2862	3699	5149	4847	1430	4567	4123	3524	4161	1755	2874	4438	5683	1612	5056	2077	1193	2600	2337	4643	2298	1397	2901	4352	1048	4089	5622	3071	5683	4069	3785	4709	2856	1375	5233	5879	4364	2671	1284	2082	5980	5012	5245	4495	3776	1701	4094	1532	4917	2989	4567	1224	2731	5013	1591	5126	1549	3067	4476	1206	1517	1746	3518	2702	
5653	3245	5810	1099	3765	3886	5464	1936	3917	3234	1980	3825	3319	5291	1575	2085	1187	2826	4007	3664	1180	3780	5980	4219	5392	1104	4434	3292	3438	1656	1698	2079	5467	1449	2058	3946	1346	1346	5986	2729	4725	1994	3270	3724	1136	4777	4696	1455	5841	3047	4630	5030	3473	3128	5235	1300	3830	1165	2638	5273	5876	5655	3753	1980	1479	4786	4470	4751	5251	1498	5244	2556	5353	5582	5444	3809	3270	
]

EquipmentTypeTransportationCost: [
1	3918	
3918	1	

1	3314	
3314	1	

1	3930	
3930	1	

1	3749	
3749	1	

1	4614	
4614	1	

]

TransportationTimeForEquipmentTypeBetweenProjects: [
1	1	
1	1	

1	1	
1	1	

1	1	
1	1	

1	1	
1	1	

1	1	
1	1	

]

TotalNumberOfInitialEquipmentTypeLocation: [
(1 1) 6 (1 37) 1 
(2 1) 2 (2 37) 1 
(3 1) 7 (3 37) 2 
(4 1) 4 (4 37) 2 
(5 1) 2 (5 37) 3 
]

DepotActivities: [ 1 37 ]

MaximalStintCliques: [
[ 1 27 ]
[ 2 28 ]
[ 3 29 ]
[ 4 30 ]
[ 5 31 ]
[ 6 32 ]
[ 7 33 ]
[ 8 34 ]
[ 9 35 ]
[ 10 36 ]
[ 11 37 ]
[ 12 38 ]
[ 13 39 ]
[ 14 40 ]
[ 15 41 ]
[ 16 42 ]
[ 17 43 ]
[ 18 44 ]
[ 19 45 ]
[ 20 46 ]
[ 21 47 ]
[ 22 48 ]
[ 23 49 ]
[ 24 50 ]
[ 25 51 ]
[ 26 52 ]
]
