nEmployees: 90
nSkills: 4
nProjects: 2
nDays: 150
nActivities: 43
nEquipmentTypes: 4
nStints: 33
nMaxModes: 1
nStintCliques: 22

EmployeeInStintCost: [
12600 12600 12600 12600 12600 12600 12600 12600 12600 12600 5670 16168 16168 16168 16168 16168 16168 16168 16168 16168 16168 16168 16168 16168 16168 16168 16168 16168 16168 16168 16168 16168 11336 
34232 34232 34232 34232 34232 34232 34232 34232 34232 34232 24496 12924 12924 12924 12924 12924 12924 12924 12924 12924 12924 12924 12924 12924 12924 12924 12924 12924 12924 12924 12924 12924 8068 
35512 35512 35512 35512 35512 35512 35512 35512 35512 35512 25644 22324 22324 22324 22324 22324 22324 22324 22324 22324 22324 22324 22324 22324 22324 22324 22324 22324 22324 22324 22324 22324 17420 
33408 33408 33408 33408 33408 33408 33408 33408 33408 33408 22880 13836 13836 13836 13836 13836 13836 13836 13836 13836 13836 13836 13836 13836 13836 13836 13836 13836 13836 13836 13836 13836 8692 
16280 16280 16280 16280 16280 16280 16280 16280 16280 16280 9416 15508 15508 15508 15508 15508 15508 15508 15508 15508 15508 15508 15508 15508 15508 15508 15508 15508 15508 15508 15508 15508 10700 
33800 33800 33800 33800 33800 33800 33800 33800 33800 33800 23932 12612 12612 12612 12612 12612 12612 12612 12612 12612 12612 12612 12612 12612 12612 12612 12612 12612 12612 12612 12612 12612 7708 
35832 35832 35832 35832 35832 35832 35832 35832 35832 35832 26228 6104 6104 6104 6104 6104 6104 6104 6104 6104 6104 6104 6104 6104 6104 6104 6104 6104 6104 6104 6104 6104 3608 
32184 32184 32184 32184 32184 32184 32184 32184 32184 32184 22514 19112 19112 19112 19112 19112 19112 19112 19112 19112 19112 19112 19112 19112 19112 19112 19112 19112 19112 19112 19112 19112 14280 
38240 38240 38240 38240 38240 38240 38240 38240 38240 38240 27646 9084 9084 9084 9084 9084 9084 9084 9084 9084 9084 9084 9084 9084 9084 9084 9084 9084 9084 9084 9084 9084 6228 
37520 37520 37520 37520 37520 37520 37520 37520 37520 37520 27322 8868 8868 8868 8868 8868 8868 8868 8868 8868 8868 8868 8868 8868 8868 8868 8868 8868 8868 8868 8868 8868 6156 
34112 34112 34112 34112 34112 34112 34112 34112 34112 34112 24442 12888 12888 12888 12888 12888 12888 12888 12888 12888 12888 12888 12888 12888 12888 12888 12888 12888 12888 12888 12888 12888 8056 
39112 39112 39112 39112 39112 39112 39112 39112 39112 39112 28452 11948 11948 11948 11948 11948 11948 11948 11948 11948 11948 11948 11948 11948 11948 11948 11948 11948 11948 11948 11948 11948 6756 
38512 38512 38512 38512 38512 38512 38512 38512 38512 38512 28182 11768 11768 11768 11768 11768 11768 11768 11768 11768 11768 11768 11768 11768 11768 11768 11768 11768 11768 11768 11768 11768 6696 
35168 35168 35168 35168 35168 35168 35168 35168 35168 35168 25762 3636 3636 3636 3636 3636 3636 3636 3636 3636 3636 3636 3636 3636 3636 3636 3636 3636 3636 3636 3636 3636 1212 
33680 33680 33680 33680 33680 33680 33680 33680 33680 33680 23878 12576 12576 12576 12576 12576 12576 12576 12576 12576 12576 12576 12576 12576 12576 12576 12576 12576 12576 12576 12576 12576 7696 
18080 18080 18080 18080 18080 18080 18080 18080 18080 18080 10226 16048 16048 16048 16048 16048 16048 16048 16048 16048 16048 16048 16048 16048 16048 16048 16048 16048 16048 16048 16048 16048 10880 
34352 34352 34352 34352 34352 34352 34352 34352 34352 34352 24550 12960 12960 12960 12960 12960 12960 12960 12960 12960 12960 12960 12960 12960 12960 12960 12960 12960 12960 12960 12960 12960 8080 
16400 16400 16400 16400 16400 16400 16400 16400 16400 16400 9470 15544 15544 15544 15544 15544 15544 15544 15544 15544 15544 15544 15544 15544 15544 15544 15544 15544 15544 15544 15544 15544 10712 
34400 34400 34400 34400 34400 34400 34400 34400 34400 34400 23938 13520 13520 13520 13520 13520 13520 13520 13520 13520 13520 13520 13520 13520 13520 13520 13520 13520 13520 13520 13520 13520 8400 
17120 17120 17120 17120 17120 17120 17120 17120 17120 17120 9794 15760 15760 15760 15760 15760 15760 15760 15760 15760 15760 15760 15760 15760 15760 15760 15760 15760 15760 15760 15760 15760 10784 
35872 35872 35872 35872 35872 35872 35872 35872 35872 35872 25806 22432 22432 22432 22432 22432 22432 22432 22432 22432 22432 22432 22432 22432 22432 22432 22432 22432 22432 22432 22432 22432 17456 
37312 37312 37312 37312 37312 37312 37312 37312 37312 37312 27642 11408 11408 11408 11408 11408 11408 11408 11408 11408 11408 11408 11408 11408 11408 11408 11408 11408 11408 11408 11408 11408 6576 
33920 33920 33920 33920 33920 33920 33920 33920 33920 33920 23722 19416 19416 19416 19416 19416 19416 19416 19416 19416 19416 19416 19416 19416 19416 19416 19416 19416 19416 19416 19416 19416 14392 
34480 34480 34480 34480 34480 34480 34480 34480 34480 34480 24084 12460 12460 12460 12460 12460 12460 12460 12460 12460 12460 12460 12460 12460 12460 12460 12460 12460 12460 12460 12460 12460 7364 
32568 32568 32568 32568 32568 32568 32568 32568 32568 32568 22502 13584 13584 13584 13584 13584 13584 13584 13584 13584 13584 13584 13584 13584 13584 13584 13584 13584 13584 13584 13584 13584 8608 
32240 32240 32240 32240 32240 32240 32240 32240 32240 32240 21910 15376 15376 15376 15376 15376 15376 15376 15376 15376 15376 15376 15376 15376 15376 15376 15376 15376 15376 15376 15376 15376 10304 
37160 37160 37160 37160 37160 37160 37160 37160 37160 37160 27160 8760 8760 8760 8760 8760 8760 8760 8760 8760 8760 8760 8760 8760 8760 8760 8760 8760 8760 8760 8760 8760 6120 
16960 16960 16960 16960 16960 16960 16960 16960 16960 16960 10426 16104 16104 16104 16104 16104 16104 16104 16104 16104 16104 16104 16104 16104 16104 16104 16104 16104 16104 16104 16104 16104 11416 
34360 34360 34360 34360 34360 34360 34360 34360 34360 34360 24030 12424 12424 12424 12424 12424 12424 12424 12424 12424 12424 12424 12424 12424 12424 12424 12424 12424 12424 12424 12424 12424 7352 
15680 15680 15680 15680 15680 15680 15680 15680 15680 15680 9146 15328 15328 15328 15328 15328 15328 15328 15328 15328 15328 15328 15328 15328 15328 15328 15328 15328 15328 15328 15328 15328 10640 
33320 33320 33320 33320 33320 33320 33320 33320 33320 33320 23452 13196 13196 13196 13196 13196 13196 13196 13196 13196 13196 13196 13196 13196 13196 13196 13196 13196 13196 13196 13196 13196 8292 
30680 30680 30680 30680 30680 30680 30680 30680 30680 30680 21208 14908 14908 14908 14908 14908 14908 14908 14908 14908 14908 14908 14908 14908 14908 14908 14908 14908 14908 14908 14908 14908 10148 
32960 32960 32960 32960 32960 32960 32960 32960 32960 32960 22234 15592 15592 15592 15592 15592 15592 15592 15592 15592 15592 15592 15592 15592 15592 15592 15592 15592 15592 15592 15592 15592 10376 
35192 35192 35192 35192 35192 35192 35192 35192 35192 35192 24928 13212 13212 13212 13212 13212 13212 13212 13212 13212 13212 13212 13212 13212 13212 13212 13212 13212 13212 13212 13212 13212 8164 
35952 35952 35952 35952 35952 35952 35952 35952 35952 35952 26282 6140 6140 6140 6140 6140 6140 6140 6140 6140 6140 6140 6140 6140 6140 6140 6140 6140 6140 6140 6140 6140 3620 
33752 33752 33752 33752 33752 33752 33752 33752 33752 33752 24280 12780 12780 12780 12780 12780 12780 12780 12780 12780 12780 12780 12780 12780 12780 12780 12780 12780 12780 12780 12780 12780 8020 
33080 33080 33080 33080 33080 33080 33080 33080 33080 33080 23608 12396 12396 12396 12396 12396 12396 12396 12396 12396 12396 12396 12396 12396 12396 12396 12396 12396 12396 12396 12396 12396 7636 
31944 31944 31944 31944 31944 31944 31944 31944 31944 31944 22406 19040 19040 19040 19040 19040 19040 19040 19040 19040 19040 19040 19040 19040 19040 19040 19040 19040 19040 19040 19040 19040 14256 
34240 34240 34240 34240 34240 34240 34240 34240 34240 34240 23976 12388 12388 12388 12388 12388 12388 12388 12388 12388 12388 12388 12388 12388 12388 12388 12388 12388 12388 12388 12388 12388 7340 
32960 32960 32960 32960 32960 32960 32960 32960 32960 32960 23554 12360 12360 12360 12360 12360 12360 12360 12360 12360 12360 12360 12360 12360 12360 12360 12360 12360 12360 12360 12360 12360 7624 
35872 35872 35872 35872 35872 35872 35872 35872 35872 35872 25806 22432 22432 22432 22432 22432 22432 22432 22432 22432 22432 22432 22432 22432 22432 22432 22432 22432 22432 22432 22432 22432 17456 
18160 18160 18160 18160 18160 18160 18160 18160 18160 18160 10966 16464 16464 16464 16464 16464 16464 16464 16464 16464 16464 16464 16464 16464 16464 16464 16464 16464 16464 16464 16464 16464 11536 
32208 32208 32208 32208 32208 32208 32208 32208 32208 32208 22340 13476 13476 13476 13476 13476 13476 13476 13476 13476 13476 13476 13476 13476 13476 13476 13476 13476 13476 13476 13476 13476 8572 
32360 32360 32360 32360 32360 32360 32360 32360 32360 32360 23284 12180 12180 12180 12180 12180 12180 12180 12180 12180 12180 12180 12180 12180 12180 12180 12180 12180 12180 12180 12180 12180 7564 
36312 36312 36312 36312 36312 36312 36312 36312 36312 36312 26444 6248 6248 6248 6248 6248 6248 6248 6248 6248 6248 6248 6248 6248 6248 6248 6248 6248 6248 6248 6248 6248 3656 
33560 33560 33560 33560 33560 33560 33560 33560 33560 33560 23560 13268 13268 13268 13268 13268 13268 13268 13268 13268 13268 13268 13268 13268 13268 13268 13268 13268 13268 13268 13268 13268 8316 
36560 36560 36560 36560 36560 36560 36560 36560 36560 36560 26890 8580 8580 8580 8580 8580 8580 8580 8580 8580 8580 8580 8580 8580 8580 8580 8580 8580 8580 8580 8580 8580 6060 
17920 17920 17920 17920 17920 17920 17920 17920 17920 17920 10858 16392 16392 16392 16392 16392 16392 16392 16392 16392 16392 16392 16392 16392 16392 16392 16392 16392 16392 16392 16392 16392 11512 
35984 35984 35984 35984 35984 35984 35984 35984 35984 35984 25720 21668 21668 21668 21668 21668 21668 21668 21668 21668 21668 21668 21668 21668 21668 21668 21668 21668 21668 21668 21668 21668 16620 
12240 12240 12240 12240 12240 12240 12240 12240 12240 12240 5508 16060 16060 16060 16060 16060 16060 16060 16060 16060 16060 16060 16060 16060 16060 16060 16060 16060 16060 16060 16060 16060 11300 
36184 36184 36184 36184 36184 36184 36184 36184 36184 36184 26118 8756 8756 8756 8756 8756 8756 8756 8756 8756 8756 8756 8756 8756 8756 8756 8756 8756 8756 8756 8756 8756 6092 
34840 34840 34840 34840 34840 34840 34840 34840 34840 34840 24246 12568 12568 12568 12568 12568 12568 12568 12568 12568 12568 12568 12568 12568 12568 12568 12568 12568 12568 12568 12568 12568 7400 
33992 33992 33992 33992 33992 33992 33992 33992 33992 33992 24388 12852 12852 12852 12852 12852 12852 12852 12852 12852 12852 12852 12852 12852 12852 12852 12852 12852 12852 12852 12852 12852 8044 
38392 38392 38392 38392 38392 38392 38392 38392 38392 38392 28128 11732 11732 11732 11732 11732 11732 11732 11732 11732 11732 11732 11732 11732 11732 11732 11732 11732 11732 11732 11732 11732 6684 
32360 32360 32360 32360 32360 32360 32360 32360 32360 32360 23020 18948 18948 18948 18948 18948 18948 18948 18948 18948 18948 18948 18948 18948 18948 18948 18948 18948 18948 18948 18948 18948 14236 
35192 35192 35192 35192 35192 35192 35192 35192 35192 35192 24928 13212 13212 13212 13212 13212 13212 13212 13212 13212 13212 13212 13212 13212 13212 13212 13212 13212 13212 13212 13212 13212 8164 
32360 32360 32360 32360 32360 32360 32360 32360 32360 32360 23020 12908 12908 12908 12908 12908 12908 12908 12908 12908 12908 12908 12908 12908 12908 12908 12908 12908 12908 12908 12908 12908 8196 
33200 33200 33200 33200 33200 33200 33200 33200 33200 33200 23662 12432 12432 12432 12432 12432 12432 12432 12432 12432 12432 12432 12432 12432 12432 12432 12432 12432 12432 12432 12432 12432 7648 
33680 33680 33680 33680 33680 33680 33680 33680 33680 33680 23614 13304 13304 13304 13304 13304 13304 13304 13304 13304 13304 13304 13304 13304 13304 13304 13304 13304 13304 13304 13304 13304 8328 
38872 38872 38872 38872 38872 38872 38872 38872 38872 38872 28344 11876 11876 11876 11876 11876 11876 11876 11876 11876 11876 11876 11876 11876 11876 11876 11876 11876 11876 11876 11876 11876 6732 
35832 35832 35832 35832 35832 35832 35832 35832 35832 35832 26228 6104 6104 6104 6104 6104 6104 6104 6104 6104 6104 6104 6104 6104 6104 6104 6104 6104 6104 6104 6104 6104 3608 
33048 33048 33048 33048 33048 33048 33048 33048 33048 33048 22718 13728 13728 13728 13728 13728 13728 13728 13728 13728 13728 13728 13728 13728 13728 13728 13728 13728 13728 13728 13728 13728 8656 
31824 31824 31824 31824 31824 31824 31824 31824 31824 31824 22352 19004 19004 19004 19004 19004 19004 19004 19004 19004 19004 19004 19004 19004 19004 19004 19004 19004 19004 19004 19004 19004 14244 
32784 32784 32784 32784 32784 32784 32784 32784 32784 32784 22784 19292 19292 19292 19292 19292 19292 19292 19292 19292 19292 19292 19292 19292 19292 19292 19292 19292 19292 19292 19292 19292 14340 
13200 13200 13200 13200 13200 13200 13200 13200 13200 13200 5940 16348 16348 16348 16348 16348 16348 16348 16348 16348 16348 16348 16348 16348 16348 16348 16348 16348 16348 16348 16348 16348 11396 
32720 32720 32720 32720 32720 32720 32720 32720 32720 32720 23182 19056 19056 19056 19056 19056 19056 19056 19056 19056 19056 19056 19056 19056 19056 19056 19056 19056 19056 19056 19056 19056 14272 
35264 35264 35264 35264 35264 35264 35264 35264 35264 35264 25462 7252 7252 7252 7252 7252 7252 7252 7252 7252 7252 7252 7252 7252 7252 7252 7252 7252 7252 7252 7252 7252 4684 
33320 33320 33320 33320 33320 33320 33320 33320 33320 33320 23452 13196 13196 13196 13196 13196 13196 13196 13196 13196 13196 13196 13196 13196 13196 13196 13196 13196 13196 13196 13196 13196 8292 
33032 33032 33032 33032 33032 33032 33032 33032 33032 33032 23956 12564 12564 12564 12564 12564 12564 12564 12564 12564 12564 12564 12564 12564 12564 12564 12564 12564 12564 12564 12564 12564 7948 
31488 31488 31488 31488 31488 31488 31488 31488 31488 31488 22016 13260 13260 13260 13260 13260 13260 13260 13260 13260 13260 13260 13260 13260 13260 13260 13260 13260 13260 13260 13260 13260 8500 
33200 33200 33200 33200 33200 33200 33200 33200 33200 33200 23662 12432 12432 12432 12432 12432 12432 12432 12432 12432 12432 12432 12432 12432 12432 12432 12432 12432 12432 12432 12432 12432 7648 
34640 34640 34640 34640 34640 34640 34640 34640 34640 34640 24310 12864 12864 12864 12864 12864 12864 12864 12864 12864 12864 12864 12864 12864 12864 12864 12864 12864 12864 12864 12864 12864 7792 
34744 34744 34744 34744 34744 34744 34744 34744 34744 34744 25470 8324 8324 8324 8324 8324 8324 8324 8324 8324 8324 8324 8324 8324 8324 8324 8324 8324 8324 8324 8324 8324 5948 
33384 33384 33384 33384 33384 33384 33384 33384 33384 33384 23054 19472 19472 19472 19472 19472 19472 19472 19472 19472 19472 19472 19472 19472 19472 19472 19472 19472 19472 19472 19472 19472 14400 
35744 35744 35744 35744 35744 35744 35744 35744 35744 35744 25612 21596 21596 21596 21596 21596 21596 21596 21596 21596 21596 21596 21596 21596 21596 21596 21596 21596 21596 21596 21596 21596 16596 
32328 32328 32328 32328 32328 32328 32328 32328 32328 32328 22394 13512 13512 13512 13512 13512 13512 13512 13512 13512 13512 13512 13512 13512 13512 13512 13512 13512 13512 13512 13512 13512 8584 
36904 36904 36904 36904 36904 36904 36904 36904 36904 36904 26442 8972 8972 8972 8972 8972 8972 8972 8972 8972 8972 8972 8972 8972 8972 8972 8972 8972 8972 8972 8972 8972 6164 
17360 17360 17360 17360 17360 17360 17360 17360 17360 17360 9902 15832 15832 15832 15832 15832 15832 15832 15832 15832 15832 15832 15832 15832 15832 15832 15832 15832 15832 15832 15832 15832 10808 
18760 18760 18760 18760 18760 18760 18760 18760 18760 18760 11236 16644 16644 16644 16644 16644 16644 16644 16644 16644 16644 16644 16644 16644 16644 16644 16644 16644 16644 16644 16644 16644 11596 
34432 34432 34432 34432 34432 34432 34432 34432 34432 34432 25158 22000 22000 22000 22000 22000 22000 22000 22000 22000 22000 22000 22000 22000 22000 22000 22000 22000 22000 22000 22000 22000 17312 
38240 38240 38240 38240 38240 38240 38240 38240 38240 38240 27646 9084 9084 9084 9084 9084 9084 9084 9084 9084 9084 9084 9084 9084 9084 9084 9084 9084 9084 9084 9084 9084 6228 
18280 18280 18280 18280 18280 18280 18280 18280 18280 18280 11020 16500 16500 16500 16500 16500 16500 16500 16500 16500 16500 16500 16500 16500 16500 16500 16500 16500 16500 16500 16500 16500 11548 
35504 35504 35504 35504 35504 35504 35504 35504 35504 35504 25570 7324 7324 7324 7324 7324 7324 7324 7324 7324 7324 7324 7324 7324 7324 7324 7324 7324 7324 7324 7324 7324 4708 
32544 32544 32544 32544 32544 32544 32544 32544 32544 32544 22676 19220 19220 19220 19220 19220 19220 19220 19220 19220 19220 19220 19220 19220 19220 19220 19220 19220 19220 19220 19220 19220 14316 
36672 36672 36672 36672 36672 36672 36672 36672 36672 36672 26606 6356 6356 6356 6356 6356 6356 6356 6356 6356 6356 6356 6356 6356 6356 6356 6356 6356 6356 6356 6356 6356 3692 
37024 37024 37024 37024 37024 37024 37024 37024 37024 37024 26496 9008 9008 9008 9008 9008 9008 9008 9008 9008 9008 9008 9008 9008 9008 9008 9008 9008 9008 9008 9008 9008 6176 
32304 32304 32304 32304 32304 32304 32304 32304 32304 32304 22568 19148 19148 19148 19148 19148 19148 19148 19148 19148 19148 19148 19148 19148 19148 19148 19148 19148 19148 19148 19148 19148 14292 
17560 17560 17560 17560 17560 17560 17560 17560 17560 17560 10696 16284 16284 16284 16284 16284 16284 16284 16284 16284 16284 16284 16284 16284 16284 16284 16284 16284 16284 16284 16284 16284 11476 
32360 32360 32360 32360 32360 32360 32360 32360 32360 32360 23284 12180 12180 12180 12180 12180 12180 12180 12180 12180 12180 12180 12180 12180 12180 12180 12180 12180 12180 12180 12180 12180 7564 
35232 35232 35232 35232 35232 35232 35232 35232 35232 35232 25958 5924 5924 5924 5924 5924 5924 5924 5924 5924 5924 5924 5924 5924 5924 5924 5924 5924 5924 5924 5924 5924 3548 
]

ExternalWorkerWithSkillOnStintCost: [
38952 39816 35784 36864 29448 30744 30168 31032 39312 32112 34740 14520 14850 12900 14610 12330 15690 16140 14520 14070 14010 13140 17490 14580 14580 16830 17910 14070 16290 15510 13230 14040 9288 
31824 32832 33048 42768 30888 32400 40824 36936 38592 39096 31980 15780 16620 12000 16590 15720 12600 17760 14850 15330 15510 12480 12930 12930 14850 13290 12270 15540 16470 13380 15090 14610 9432 
30168 31536 36000 41544 30816 34560 29232 37224 32832 34776 25140 14640 16680 15030 16740 14040 16830 14700 14100 17070 17100 13200 15270 13950 17550 15360 17880 13770 17370 14370 17070 12060 8730 
38088 40176 42912 29376 34560 41616 29160 38088 40320 32904 32280 14250 15540 13320 16890 16680 14730 16350 14940 14010 16740 12210 12510 15900 16590 16590 13320 13230 17190 15870 16710 15960 8244 
]

OverlappingStints: [
[ 2 12 13 14 ]
[ 3 14 15 16 ]
[ 4 16 17 18 ]
[ 5 18 19 20 ]
[ 6 20 21 22 ]
[ 7 22 23 24 ]
[ 8 24 25 26 ]
[ 9 26 27 28 ]
[ 10 28 29 30 ]
[ 11 30 31 32 ]
[ 32 33 ]
[ ]
[ ]
[ ]
[ ]
[ ]
[ ]
[ ]
[ ]
[ ]
[ ]
[ ]
[ ]
[ ]
[ ]
[ ]
[ ]
[ ]
[ ]
[ ]
[ ]
[ ]
[ ]
]

EmployeesWithSkill: [
[ 1 2 3 4 5 6 7 8 9 10 11 12 13 14 15 16 17 18 19 20 21 22 23 24 25 26 27 28 29 30 31 32 33 34 35 36 37 38 39 40 41 42 43 44 45 46 47 48 49 50 51 52 53 54 55 56 57 58 59 60 61 62 63 64 65 66 67 68 69 70 71 72 73 74 75 76 77 78 79 80 81 82 83 84 85 86 87 88 89 90 ]
[ 1 2 5 9 10 11 12 13 15 17 19 20 21 23 24 29 30 32 33 36 37 38 39 42 43 45 46 47 49 50 51 52 54 58 61 62 67 73 76 77 79 81 83 84 85 86 87 88 ]
[ 4 6 9 11 12 13 16 19 20 21 23 31 33 42 43 54 55 56 59 60 61 62 67 72 74 75 81 ]
[ 1 3 4 5 6 7 8 9 10 11 12 13 14 15 16 17 19 20 21 22 23 24 25 26 27 28 29 30 31 32 33 34 35 36 37 38 39 41 42 43 44 45 47 48 49 50 51 52 53 54 55 56 57 58 59 60 61 62 63 64 65 66 67 68 69 70 71 72 73 74 75 76 77 78 79 80 81 82 83 84 85 86 88 89 90 ]
]

SkillDemandInActivityWithMode: [
0	
2	
1	
4	
4	
5	
3	
4	
2	
4	
2	
5	
2	
3	
4	
4	
2	
2	
4	
3	
2	
1	
3	
4	
4	
3	
3	
3	
2	
2	
0	
124	
53	
124	
74	
29	
37	
74	
74	
123	
62	
24	
53	

0	
1	
0	
2	
3	
3	
2	
3	
1	
2	
0	
3	
1	
1	
3	
2	
1	
1	
2	
2	
0	
0	
2	
2	
3	
2	
2	
1	
1	
0	
0	
58	
25	
58	
35	
13	
17	
35	
35	
58	
29	
11	
25	

0	
2	
0	
4	
5	
6	
3	
5	
2	
5	
1	
6	
2	
3	
5	
5	
2	
1	
5	
4	
1	
0	
3	
4	
5	
3	
4	
3	
2	
1	
0	
7	
3	
7	
4	
1	
2	
4	
4	
7	
3	
1	
3	

0	
5	
1	
8	
10	
11	
6	
10	
5	
9	
2	
11	
4	
5	
10	
9	
4	
3	
9	
7	
2	
1	
6	
8	
10	
6	
7	
6	
4	
2	
0	
73	
31	
73	
43	
16	
21	
43	
43	
73	
36	
13	
31	

]

EmployeeAvailability: [
1 1 0 1 0 1 1 1 1 1 1 1 1 1 1 1 0 1 1 0 1 1 1 1 1 1 1 1 1 1 1 1 1 
1 1 1 1 1 0 1 1 1 1 1 1 1 1 1 1 1 1 1 1 1 1 0 1 1 1 1 1 1 1 1 1 1 
1 1 1 1 1 1 1 1 1 1 1 1 1 1 1 1 1 1 1 1 1 1 1 1 1 1 1 1 1 1 1 1 1 
1 1 1 1 1 1 1 1 1 1 0 1 1 1 1 1 1 1 1 1 1 1 1 1 1 1 1 1 1 1 1 0 1 
1 1 1 1 1 1 1 0 1 1 1 1 1 1 1 1 1 1 1 1 1 1 1 1 1 0 1 1 1 1 1 1 1 
1 1 0 1 0 1 1 1 1 1 1 1 1 1 1 1 0 1 1 1 0 1 1 1 1 1 1 1 1 1 1 1 1 
1 1 1 1 1 1 1 1 0 1 1 1 1 1 1 1 1 1 1 1 1 1 1 1 1 1 1 1 0 1 1 1 1 
1 1 1 1 1 1 0 1 1 1 0 1 1 1 1 1 1 1 1 1 1 1 1 1 0 1 1 1 1 1 1 1 0 
1 0 1 1 1 1 1 1 1 1 1 1 1 1 0 1 1 1 1 1 1 1 1 1 1 1 1 1 1 1 1 1 1 
1 0 1 0 1 1 1 1 1 1 0 1 1 0 1 1 1 1 0 1 1 1 1 1 1 1 1 1 1 1 1 0 1 
1 1 0 0 1 1 1 1 1 1 1 1 1 1 1 1 0 0 1 1 1 1 1 1 1 1 1 1 1 1 1 1 1 
1 1 1 1 1 1 0 0 1 0 1 1 1 1 1 1 1 1 1 1 1 1 1 1 0 0 1 1 1 1 1 1 1 
1 1 1 1 1 1 1 1 1 1 1 1 1 1 1 1 1 1 1 1 1 1 1 1 1 1 1 1 1 1 1 1 1 
1 1 1 1 1 1 0 0 1 1 1 1 1 1 1 1 1 1 1 1 1 1 1 1 0 1 1 1 1 1 1 1 1 
1 1 0 1 1 1 1 0 1 1 1 1 1 1 1 0 1 1 1 1 1 1 1 1 1 0 1 1 1 1 1 1 1 
1 1 1 1 1 1 1 1 1 1 1 1 1 1 1 1 1 1 1 1 1 1 1 1 1 1 1 1 1 1 1 1 1 
1 1 0 1 1 1 1 1 0 0 1 1 1 1 1 0 1 1 1 1 1 1 1 1 1 1 1 0 1 1 0 1 1 
1 1 0 1 1 0 1 1 1 1 1 1 1 1 1 1 0 1 1 1 1 0 1 1 1 1 1 1 1 1 1 1 1 
1 1 1 0 1 0 1 1 1 1 0 1 1 1 1 1 1 0 1 1 1 1 1 1 1 1 1 1 1 1 1 0 1 
1 1 0 1 1 1 1 1 1 1 0 1 1 1 1 0 0 1 1 1 1 1 1 1 1 1 1 1 1 1 1 0 1 
1 1 1 1 1 1 1 1 1 1 1 1 1 1 1 1 1 1 1 1 1 1 1 1 1 1 1 1 1 1 1 1 1 
1 1 1 1 1 1 1 1 1 1 1 1 1 1 1 1 1 1 1 1 1 1 1 1 1 1 1 1 1 1 1 1 1 
1 1 1 1 1 1 1 1 1 1 1 1 1 1 1 1 1 1 1 1 1 1 1 1 1 1 1 1 1 1 1 1 1 
1 1 1 1 0 0 0 1 1 1 1 1 1 1 1 1 1 1 1 1 0 0 1 0 1 1 1 1 1 1 1 1 1 
1 1 1 1 1 1 1 1 1 1 1 1 1 1 1 1 1 1 1 1 1 1 1 1 1 1 1 1 1 1 1 1 1 
1 1 1 1 1 1 1 1 1 1 0 1 1 1 1 1 1 1 1 1 1 1 1 1 1 1 1 1 1 1 1 1 0 
1 1 1 1 1 1 1 1 1 1 1 1 1 1 1 1 1 1 1 1 1 1 1 1 1 1 1 1 1 1 1 1 1 
1 0 1 1 1 0 1 1 1 0 1 1 1 1 0 1 1 1 1 1 1 0 1 1 1 1 1 1 1 1 0 1 1 
1 1 1 1 1 1 1 1 1 0 1 1 1 1 1 1 1 1 1 1 1 1 1 1 1 1 1 1 1 1 0 1 1 
1 1 1 1 1 1 1 1 1 1 1 1 1 1 1 1 1 1 1 1 1 1 1 1 1 1 1 1 1 1 1 1 1 
1 1 1 1 1 1 0 1 0 0 1 1 1 1 1 1 1 1 1 1 1 1 1 1 0 1 1 0 1 1 1 1 1 
0 1 1 1 1 1 1 1 0 0 1 0 1 1 1 1 1 1 1 1 1 1 1 1 1 1 1 1 1 0 1 1 1 
1 1 1 1 1 0 1 1 1 1 1 1 1 1 1 1 1 1 1 1 1 0 1 1 1 1 1 1 1 1 1 1 1 
1 1 1 1 1 0 1 1 0 1 1 1 1 1 1 1 1 1 1 1 1 0 1 1 1 1 1 1 0 1 1 1 1 
1 1 1 1 1 1 1 0 1 1 1 1 1 1 1 1 1 1 1 1 1 1 1 1 1 1 0 1 1 1 1 1 1 
1 1 0 1 1 1 0 1 1 1 1 1 1 1 1 1 1 1 1 1 1 1 1 0 1 1 1 1 1 1 1 1 1 
1 1 1 1 1 1 1 1 1 1 1 1 1 1 1 1 1 1 1 1 1 1 1 1 1 1 1 1 1 1 1 1 1 
1 1 1 0 1 1 1 1 1 1 1 1 1 1 1 1 1 1 0 1 1 1 1 1 1 1 1 1 1 1 1 1 1 
0 0 1 1 1 1 1 1 0 1 1 0 1 1 0 1 1 1 1 1 1 1 1 1 1 1 1 0 1 1 1 1 1 
1 1 1 1 1 1 1 0 1 1 0 1 1 1 1 1 1 1 1 1 1 1 1 1 1 1 0 1 1 1 1 1 0 
1 1 1 1 0 1 1 1 1 1 1 1 1 1 1 1 1 1 1 1 1 1 1 1 1 1 1 1 1 1 1 1 1 
1 0 1 1 1 1 1 1 1 0 1 1 1 0 1 1 1 1 1 1 1 1 1 1 1 1 1 1 1 0 1 1 1 
0 1 1 1 1 1 1 1 1 1 1 1 0 1 1 1 1 1 1 1 1 1 1 1 1 1 1 1 1 1 1 1 1 
1 1 1 1 1 1 1 1 1 1 1 1 1 1 1 1 1 1 1 1 1 1 1 1 1 1 1 1 1 1 1 1 1 
1 1 1 1 1 1 1 0 1 1 1 1 1 1 1 1 1 1 1 1 1 1 1 1 1 1 0 1 1 1 1 1 1 
1 1 1 1 1 1 1 1 1 1 1 1 1 1 1 1 1 1 1 1 1 1 1 1 1 1 1 1 1 1 1 1 1 
1 1 1 1 1 1 1 1 1 1 1 1 1 1 1 1 1 1 1 1 1 1 1 1 1 1 1 1 1 1 1 1 1 
1 1 1 1 1 1 1 1 1 1 1 1 1 1 1 1 1 1 1 1 1 1 1 1 1 1 1 1 1 1 1 1 1 
1 1 0 1 1 1 0 0 1 1 1 1 1 1 1 1 0 1 1 1 1 1 1 0 1 0 1 1 1 1 1 1 1 
1 1 1 1 1 1 1 1 1 1 1 1 1 1 1 1 1 1 1 1 1 1 1 1 1 1 1 1 1 1 1 1 1 
1 1 1 1 1 1 1 1 1 1 1 1 1 1 1 1 1 1 1 1 1 1 1 1 1 1 1 1 1 1 1 1 1 
1 1 1 1 1 1 1 1 1 0 1 1 1 1 1 1 1 1 1 1 1 1 1 1 1 1 1 1 1 0 1 1 1 
1 1 1 1 1 0 1 1 0 1 1 1 1 1 1 1 1 1 1 1 1 1 0 1 1 1 1 0 1 1 1 1 1 
0 1 1 1 1 0 1 1 1 1 1 1 1 1 1 1 1 1 1 1 1 1 0 1 1 1 1 1 1 1 1 1 1 
1 1 1 1 0 1 1 1 1 1 1 1 1 1 1 1 1 1 1 1 0 1 1 1 1 1 1 1 1 1 1 1 1 
1 1 1 1 1 0 1 1 1 1 1 1 1 1 1 1 1 1 1 1 1 1 0 1 1 1 1 1 1 1 1 1 1 
1 1 1 1 1 0 1 1 1 1 1 1 1 1 1 1 1 1 1 1 1 1 0 1 1 1 1 1 1 1 1 1 1 
1 1 1 1 1 1 1 1 1 1 1 1 1 1 1 1 1 1 1 1 1 1 1 1 1 1 1 1 1 1 1 1 1 
0 1 1 0 1 1 1 1 1 1 1 0 1 1 1 1 1 1 0 1 1 1 1 1 1 1 1 1 1 1 1 1 1 
1 1 1 1 1 1 1 1 0 0 1 1 1 1 1 1 1 1 1 1 1 1 1 1 1 1 1 1 0 0 1 1 1 
1 1 1 1 0 1 1 1 1 1 0 1 1 1 1 1 1 1 1 1 0 1 1 1 1 1 1 1 1 1 1 1 0 
1 1 1 1 1 1 1 1 1 1 1 1 1 1 1 1 1 1 1 1 1 1 1 1 1 1 1 1 1 1 1 1 1 
1 1 1 1 1 0 1 1 1 1 1 1 1 1 1 1 1 1 1 1 1 1 0 1 1 1 1 1 1 1 1 1 1 
1 1 1 1 1 1 1 0 0 1 1 1 1 1 1 1 1 1 1 1 1 1 1 1 1 1 0 1 1 1 1 1 1 
1 0 0 1 1 1 1 1 1 1 0 1 1 0 1 1 1 1 1 1 1 1 1 1 1 1 1 1 1 1 1 1 0 
1 1 0 1 1 0 1 1 1 1 1 1 1 1 1 1 1 1 1 1 1 1 0 1 1 1 1 1 1 1 1 1 1 
1 1 1 1 1 1 1 1 1 1 1 1 1 1 1 1 1 1 1 1 1 1 1 1 1 1 1 1 1 1 1 1 1 
1 1 1 1 1 0 1 0 1 1 1 1 1 1 1 1 1 1 1 1 1 1 0 1 1 0 1 1 1 1 1 1 1 
1 1 0 1 1 1 1 1 1 1 1 1 1 1 1 1 1 1 1 1 1 1 1 1 1 1 1 1 1 1 1 1 1 
1 1 1 1 1 1 1 1 1 1 1 1 1 1 1 1 1 1 1 1 1 1 1 1 1 1 1 1 1 1 1 1 1 
1 1 0 0 1 1 1 1 1 1 0 1 1 1 1 0 1 1 0 1 1 1 1 1 1 1 1 1 1 1 1 0 1 
0 1 1 1 1 1 1 1 1 1 0 1 1 1 1 1 1 1 1 1 1 1 1 1 1 1 1 1 1 1 1 1 0 
1 1 1 1 1 1 1 1 1 1 1 1 1 1 1 1 1 1 1 1 1 1 1 1 1 1 1 1 1 1 1 1 1 
1 1 0 1 1 1 1 0 1 1 1 1 1 1 1 0 1 1 1 1 1 1 1 1 1 0 1 1 1 1 1 1 1 
1 1 1 1 1 1 1 1 1 1 1 1 1 1 1 1 1 1 1 1 1 1 1 1 1 1 1 1 1 1 1 1 1 
1 0 1 1 1 1 1 1 0 1 1 1 1 1 1 1 1 1 1 1 1 1 1 1 1 1 1 0 1 1 1 1 1 
1 1 1 1 1 1 1 1 1 1 1 1 1 1 1 1 1 1 1 1 1 1 1 1 1 1 1 1 1 1 1 1 1 
0 1 1 1 1 1 1 1 1 1 1 0 1 1 1 1 1 1 1 1 1 1 1 1 1 1 1 1 1 1 1 1 1 
1 1 1 1 1 1 1 1 0 1 1 1 1 1 1 1 1 1 1 1 1 1 1 1 1 1 1 0 1 1 1 1 1 
1 1 0 1 1 1 0 1 1 1 1 1 1 1 1 0 1 1 1 1 1 1 1 1 0 1 1 1 1 1 1 1 1 
1 1 1 0 1 1 0 1 1 1 1 1 1 1 1 1 1 1 1 1 1 1 1 0 1 1 1 1 1 1 1 1 1 
1 1 1 1 1 0 1 1 1 1 0 1 1 1 1 1 1 1 1 1 1 0 1 1 1 1 1 1 1 1 1 1 0 
1 1 1 1 1 1 0 1 1 1 1 1 1 1 1 1 1 1 1 1 1 1 1 0 1 1 1 1 1 1 1 1 1 
1 1 1 0 1 1 0 1 1 1 1 1 1 1 1 1 1 0 1 1 1 1 1 1 1 1 1 1 1 1 1 1 1 
1 1 1 1 1 1 1 0 0 1 1 1 1 1 1 1 1 1 1 1 1 1 1 1 1 1 0 1 0 1 1 1 1 
1 0 1 1 1 1 0 1 1 0 1 1 1 0 1 1 1 1 1 1 1 1 1 1 0 1 1 1 1 0 1 1 1 
1 1 0 1 1 1 1 1 1 1 1 1 1 1 1 0 1 1 1 1 1 1 1 1 1 1 1 1 1 1 1 1 1 
1 1 1 1 1 1 0 0 1 1 0 1 1 1 1 1 1 1 1 1 1 1 1 1 1 1 0 1 1 1 1 1 1 
1 1 1 1 1 1 1 1 1 1 1 1 1 1 1 1 1 1 1 1 1 1 1 1 1 1 1 1 1 1 1 1 1 
1 1 1 1 1 1 1 1 1 1 1 1 1 1 1 1 1 1 1 1 1 1 1 1 1 1 1 1 1 1 1 1 1 
]

EmployeeWantedInStint: [ (1 26) 1 (2 17) 1 (2 29) 1 (4 20) 1 (6 2) 1 (6 29) 1 (7 25) 1 (8 31) 1 (10 20) 1 (11 24) 1 (13 6) 1 (14 28) 1 (17 28) 1 (18 10) 1 (20 7) 1 (21 30) 1 (24 2) 1 (24 9) 1 (25 3) 1 (26 27) 1 (27 24) 1 (29 25) 1 (30 20) 1 (33 10) 1 (33 27) 1 (33 29) 1 (34 8) 1 (37 16) 1 (39 7) 1 (39 14) 1 (40 6) 1 (40 9) 1 (43 15) 1 (47 22) 1 (50 29) 1 (52 5) 1 (53 2) 1 (54 11) 1 (60 3) 1 (61 2) 1 (62 15) 1 (62 18) 1 (66 15) 1 (67 16) 1 (69 21) 1 (71 7) 1 (71 31) 1 (72 8) 1 (72 25) 1 (72 26) 1 (75 18) 1 (76 12) 1 (78 15) 1 (78 21) 1 (78 25) 1 (78 28) 1 (79 14) 1 (79 26) 1 (80 5) 1 (80 17) 1 (81 27) 1 (82 20) 1 (83 18) 1 (83 30) 1 (84 19) 1 (86 31) 1 (88 8) 1 ]

EmployeeWantedViolationCost: [ (1 26) 15000 (2 17) 6000 (2 29) 5000 (4 20) 7000 (6 2) 8000 (6 29) 8000 (7 25) 5000 (8 31) 10000 (10 20) 10000 (11 24) 12000 (13 6) 9000 (14 28) 6000 (17 28) 15000 (18 10) 5000 (20 7) 9000 (21 30) 6000 (24 2) 15000 (24 9) 14000 (25 3) 9000 (26 27) 12000 (27 24) 13000 (29 25) 15000 (30 20) 8000 (33 10) 15000 (33 27) 7000 (33 29) 12000 (34 8) 11000 (37 16) 14000 (39 7) 12000 (39 14) 13000 (40 6) 7000 (40 9) 13000 (43 15) 6000 (47 22) 11000 (50 29) 10000 (52 5) 14000 (53 2) 14000 (54 11) 7000 (60 3) 6000 (61 2) 10000 (62 15) 8000 (62 18) 12000 (66 15) 6000 (67 16) 15000 (69 21) 7000 (71 7) 8000 (71 31) 11000 (72 8) 10000 (72 25) 5000 (72 26) 5000 (75 18) 11000 (76 12) 14000 (78 15) 6000 (78 21) 13000 (78 25) 14000 (78 28) 5000 (79 14) 14000 (79 26) 8000 (80 5) 10000 (80 17) 15000 (81 27) 14000 (82 20) 9000 (83 18) 13000 (83 30) 11000 (84 19) 13000 (86 31) 14000 (88 8) 12000 ]

EmployeesThatShouldNotWorkTogetherWithEmployee: [
[ 41 88 90 ]
[ 4 41 63 78 ]
[ 8 13 16 29 46 69 71 75 ]
[ 43 44 45 87 ]
[ 23 33 ]
[ ]
[ 32 37 39 79 ]
[ 77 ]
[ 35 76 ]
[ 37 47 54 63 65 71 78 ]
[ 28 39 60 61 ]
[ 88 ]
[ 14 37 55 61 ]
[ 43 ]
[ 20 35 61 64 65 69 90 ]
[ 42 43 56 74 78 ]
[ 85 ]
[ 28 57 60 73 77 ]
[ 62 82 ]
[ 70 84 ]
[ 79 ]
[ 42 63 87 ]
[ 45 ]
[ 33 43 53 ]
[ 46 57 69 ]
[ 29 48 64 ]
[ 50 65 82 ]
[ 82 ]
[ 52 86 ]
[ 72 75 85 ]
[ 56 77 ]
[ 39 52 81 ]
[ 48 60 86 ]
[ 35 60 66 79 88 ]
[ 85 ]
[ ]
[ 46 50 ]
[ 82 ]
[ 44 49 51 82 ]
[ 41 50 73 ]
[ 51 76 ]
[ 56 72 88 ]
[ ]
[ 84 85 ]
[ 80 ]
[ 75 90 ]
[ ]
[ 70 75 ]
[ 52 89 ]
[ 65 ]
[ 55 71 76 79 ]
[ 64 ]
[ 83 ]
[ 72 ]
[ 84 ]
[ 69 ]
[ 69 ]
[ 62 ]
[ 77 ]
[ 64 ]
[ 64 ]
[ 64 66 ]
[ ]
[ ]
[ ]
[ ]
[ 71 80 ]
[ ]
[ 80 ]
[ ]
[ ]
[ 73 76 82 85 ]
[ 78 ]
[ 89 ]
[ ]
[ 77 ]
[ ]
[ 85 ]
[ 89 ]
[ ]
[ ]
[ ]
[ 88 ]
[ ]
[ ]
[ ]
[ ]
[ ]
[ ]
[ ]
]

ShouldNotWorkTogetherCost: [ (1 41) 99 (1 88) 198 (1 90) 396 (2 4) 198 (2 41) 396 (2 63) 198 (2 78) 99 (3 8) 198 (3 13) 297 (3 16) 297 (3 29) 297 (3 46) 99 (3 69) 99 (3 71) 198 (3 75) 297 (4 43) 396 (4 44) 99 (4 45) 99 (4 87) 396 (5 23) 297 (5 33) 99 (7 32) 198 (7 37) 297 (7 39) 297 (7 79) 396 (8 77) 297 (9 35) 99 (9 76) 99 (10 37) 198 (10 47) 198 (10 54) 396 (10 63) 99 (10 65) 99 (10 71) 297 (10 78) 297 (11 28) 99 (11 39) 198 (11 60) 198 (11 61) 297 (12 88) 396 (13 14) 297 (13 37) 99 (13 55) 99 (13 61) 99 (14 43) 297 (15 20) 396 (15 35) 198 (15 61) 297 (15 64) 297 (15 65) 198 (15 69) 396 (15 90) 198 (16 42) 396 (16 43) 396 (16 56) 198 (16 74) 297 (16 78) 198 (17 85) 297 (18 28) 396 (18 57) 297 (18 60) 297 (18 73) 198 (18 77) 99 (19 62) 198 (19 82) 297 (20 70) 297 (20 84) 297 (21 79) 198 (22 42) 297 (22 63) 297 (22 87) 198 (23 45) 198 (24 33) 99 (24 43) 297 (24 53) 396 (25 46) 297 (25 57) 396 (25 69) 99 (26 29) 99 (26 48) 99 (26 64) 297 (27 50) 396 (27 65) 198 (27 82) 297 (28 82) 396 (29 52) 396 (29 86) 99 (30 72) 396 (30 75) 198 (30 85) 396 (31 56) 396 (31 77) 198 (32 39) 297 (32 52) 198 (32 81) 396 (33 48) 297 (33 60) 198 (33 86) 99 (34 35) 99 (34 60) 297 (34 66) 297 (34 79) 99 (34 88) 198 (35 85) 198 (37 46) 99 (37 50) 396 (38 82) 297 (39 44) 99 (39 49) 297 (39 51) 198 (39 82) 297 (40 41) 297 (40 50) 396 (40 73) 198 (41 51) 99 (41 76) 396 (42 56) 297 (42 72) 198 (42 88) 198 (44 84) 396 (44 85) 396 (45 80) 297 (46 75) 396 (46 90) 198 (48 70) 396 (48 75) 198 (49 52) 99 (49 89) 396 (50 65) 297 (51 55) 297 (51 71) 396 (51 76) 297 (51 79) 297 (52 64) 99 (53 83) 198 (54 72) 198 (55 84) 297 (56 69) 297 (57 69) 297 (58 62) 396 (59 77) 99 (60 64) 99 (61 64) 99 (62 64) 396 (62 66) 396 (67 71) 297 (67 80) 198 (69 80) 396 (72 73) 99 (72 76) 396 (72 82) 99 (72 85) 297 (73 78) 396 (74 89) 99 (76 77) 198 (78 85) 396 (79 89) 297 (83 88) 396 ]

ImmediatePredecessorsToActivity: [
[ ]
[ 1 ]
[ 1 ]
[ 1 ]
[ 3 ]
[ 2 3 ]
[ 1 ]
[ 2 3 ]
[ 4 7 ]
[ 7 ]
[ 4 ]
[ 6 11 ]
[ 10 11 ]
[ 9 13 ]
[ 11 ]
[ 4 15 ]
[ 1 ]
[ 2 7 ]
[ 3 4 7 15 17 ]
[ 15 ]
[ 18 ]
[ 10 ]
[ 20 ]
[ 7 20 ]
[ 2 10 15 17 ]
[ 3 13 20 ]
[ 7 11 16 ]
[ 4 10 15 17 ]
[ 25 ]
[ 11 18 ]
[ ]
[ 31 ]
[ 31 ]
[ 32 33 ]
[ 31 ]
[ 31 ]
[ 32 ]
[ 36 ]
[ 38 ]
[ 35 37 ]
[ 34 38 ]
[ 31 ]
[ 36 42 ]
]

ActivitiesInProject: [
[ 1 2 3 4 5 6 7 8 9 10 11 12 13 14 15 16 17 18 19 20 21 22 23 24 25 26 27 28 29 30 ]
[ 31 32 33 34 35 36 37 38 39 40 41 42 43 ]
]

nActivityModes: [ 1 1 1 1 1 1 1 1 1 1 1 1 1 1 1 1 1 1 1 1 1 1 1 1 1 1 1 1 1 1 1 1 1 1 1 1 1 1 1 1 1 1 1 ]

ActivityDurationWithMode: [
1	
16	
60	
10	
8	
7	
12	
8	
16	
9	
28	
7	
19	
15	
8	
9	
19	
25	
9	
11	
28	
48	
12	
10	
8	
12	
11	
13	
19	
31	
1	
3	
7	
3	
5	
13	
10	
5	
5	
3	
6	
16	
7	
]

StintsInProject: [
[ 1 2 3 4 5 6 7 8 9 10 11 ]
[ 12 13 14 15 16 17 18 19 20 21 22 23 24 25 26 27 28 29 30 31 32 33 ]
]

WorkingStintsOnDay: [
[ 1 12 ]
[ 1 12 ]
[ 1 12 ]
[ 1 12 ]
[ 1 12 ]
[ 1 ]
[ 1 ]
[ 1 13 ]
[ 1 13 ]
[ 1 13 ]
[ 1 13 ]
[ 1 13 ]
[ ]
[ ]
[ 2 14 ]
[ 2 14 ]
[ 2 14 ]
[ 2 14 ]
[ 2 14 ]
[ 2 ]
[ 2 ]
[ 2 15 ]
[ 2 15 ]
[ 2 15 ]
[ 2 15 ]
[ 2 15 ]
[ ]
[ ]
[ 3 16 ]
[ 3 16 ]
[ 3 16 ]
[ 3 16 ]
[ 3 16 ]
[ 3 ]
[ 3 ]
[ 3 17 ]
[ 3 17 ]
[ 3 17 ]
[ 3 17 ]
[ 3 17 ]
[ ]
[ ]
[ 4 18 ]
[ 4 18 ]
[ 4 18 ]
[ 4 18 ]
[ 4 18 ]
[ 4 ]
[ 4 ]
[ 4 19 ]
[ 4 19 ]
[ 4 19 ]
[ 4 19 ]
[ 4 19 ]
[ ]
[ ]
[ 5 20 ]
[ 5 20 ]
[ 5 20 ]
[ 5 20 ]
[ 5 20 ]
[ 5 ]
[ 5 ]
[ 5 21 ]
[ 5 21 ]
[ 5 21 ]
[ 5 21 ]
[ 5 21 ]
[ ]
[ ]
[ 6 22 ]
[ 6 22 ]
[ 6 22 ]
[ 6 22 ]
[ 6 22 ]
[ 6 ]
[ 6 ]
[ 6 23 ]
[ 6 23 ]
[ 6 23 ]
[ 6 23 ]
[ 6 23 ]
[ ]
[ ]
[ 7 24 ]
[ 7 24 ]
[ 7 24 ]
[ 7 24 ]
[ 7 24 ]
[ 7 ]
[ 7 ]
[ 7 25 ]
[ 7 25 ]
[ 7 25 ]
[ 7 25 ]
[ 7 25 ]
[ ]
[ ]
[ 8 26 ]
[ 8 26 ]
[ 8 26 ]
[ 8 26 ]
[ 8 26 ]
[ 8 ]
[ 8 ]
[ 8 27 ]
[ 8 27 ]
[ 8 27 ]
[ 8 27 ]
[ 8 27 ]
[ ]
[ ]
[ 9 28 ]
[ 9 28 ]
[ 9 28 ]
[ 9 28 ]
[ 9 28 ]
[ 9 ]
[ 9 ]
[ 9 29 ]
[ 9 29 ]
[ 9 29 ]
[ 9 29 ]
[ 9 29 ]
[ ]
[ ]
[ 10 30 ]
[ 10 30 ]
[ 10 30 ]
[ 10 30 ]
[ 10 30 ]
[ 10 ]
[ 10 ]
[ 10 31 ]
[ 10 31 ]
[ 10 31 ]
[ 10 31 ]
[ 10 31 ]
[ ]
[ ]
[ 11 32 ]
[ 11 32 ]
[ 11 32 ]
[ 11 32 ]
[ 11 32 ]
[ 11 ]
[ 11 ]
[ 11 33 ]
[ 11 33 ]
[ 11 33 ]
]

ProjectStart: [ 15 42 ]

ProjectEnd: [ 101 78 ]

EarliestStartDayForActivity: [ 1 15 15 15 83 83 15 83 27 27 25 92 59 80 59 67 15 33 83 67 62 38 80 80 67 83 78 67 77 62 1 42 42 52 42 42 46 60 67 60 67 42 65 ]

LatestStartDayForActivity: [ 1 101 101 101 101 101 101 101 101 101 101 101 101 101 101 101 101 101 101 101 101 101 101 101 101 101 101 101 101 101 1 78 78 78 78 78 78 78 78 78 78 78 78 ]

EquipmentTypeDemandInActivityWithMode: [
0	
1	
3	
0	
2	
2	
0	
0	
1	
3	
0	
2	
1	
1	
1	
1	
0	
2	
1	
0	
1	
0	
1	
1	
1	
1	
2	
2	
0	
2	
0	
0	
1	
2	
0	
1	
1	
0	
0	
2	
0	
0	
1	

0	
0	
0	
1	
1	
1	
1	
0	
0	
0	
1	
0	
2	
3	
1	
1	
2	
2	
0	
1	
4	
3	
2	
1	
0	
2	
3	
2	
0	
3	
0	
0	
0	
0	
0	
1	
1	
1	
1	
0	
0	
1	
2	

0	
0	
0	
0	
0	
1	
1	
0	
0	
0	
0	
0	
0	
0	
2	
1	
0	
0	
2	
0	
1	
2	
1	
2	
3	
0	
0	
0	
1	
1	
0	
0	
0	
1	
1	
0	
1	
1	
0	
1	
1	
0	
2	

0	
1	
0	
0	
1	
1	
1	
0	
2	
1	
1	
1	
0	
1	
0	
1	
0	
0	
1	
1	
0	
2	
0	
1	
1	
2	
1	
1	
1	
1	
0	
2	
2	
0	
3	
0	
0	
1	
1	
1	
2	
0	
2	

]

ExternalEquipmentRentingCost: [
4125	5638	5311	5161	5179	5130	2931	3689	3971	3693	5002	5322	5920	2751	4321	4434	3604	1585	4225	3900	1269	3743	3344	5528	4256	1312	3794	5557	1352	2360	3088	5037	3725	1925	1916	4968	5993	5514	4365	4728	2529	4690	3814	
2231	2700	1559	3656	2229	1607	3224	5604	5636	4023	1311	3138	4156	1404	1769	2801	2768	2659	4722	4516	4995	4828	1198	5635	5471	2286	2553	5999	1676	1953	1416	5134	4428	4622	5899	4444	1228	1004	5902	4393	2968	5815	4641	
3234	5194	4631	1455	3218	4450	1024	5772	1064	5153	4315	5457	2150	2693	5552	5695	2758	4310	2933	1619	3494	5540	1928	4749	1267	4289	3713	1827	5361	5041	5608	3568	3520	4925	1441	3092	5592	3089	2074	3631	3258	3318	5319	
5120	3016	4640	2220	3853	2513	2892	4510	1432	4755	3919	3560	4496	3161	3663	2501	5975	4199	1037	5628	5598	5493	1726	4105	3076	3923	2451	4575	2369	4166	5662	5300	5751	5808	2566	1277	2540	2616	4876	1840	1914	4999	5954	
]

EquipmentTypeTransportationCost: [
1	4136	
4136	1	

1	4410	
4410	1	

1	4370	
4370	1	

1	5217	
5217	1	

]

TransportationTimeForEquipmentTypeBetweenProjects: [
1	3	
3	1	

1	3	
3	1	

1	3	
3	1	

1	4	
4	1	

]

TotalNumberOfInitialEquipmentTypeLocation: [
(1 1) 2 (1 31) 3 
(2 1) 1 (2 31) 6 
(3 31) 4 
(4 1) 1 (4 31) 3 
]

DepotActivities: [ 1 31 ]

MaximalStintCliques: [
[ 2 1 14 ]
[ 2 3 16 ]
[ 2 15 ]
[ 4 20 5 ]
[ 4 3 18 ]
[ 4 19 ]
[ 5 6 22 ]
[ 5 21 ]
[ 6 23 ]
[ 6 7 24 ]
[ 7 25 ]
[ 7 26 8 ]
[ 8 9 28 ]
[ 8 27 ]
[ 9 10 30 ]
[ 9 29 ]
[ 10 11 32 ]
[ 10 31 ]
[ 11 33 ]
[ 12 1 ]
[ 13 1 ]
[ 17 3 ]
]
