nEmployees: 120
nSkills: 6
nProjects: 5
nDays: 90
nActivities: 79
nEquipmentTypes: 7
nStints: 53
nMaxModes: 3
nStintCliques: 13

EmployeeInStintCost: [
20238 20238 20238 20238 20238 15486 7170 22962 22962 22962 22962 22962 22962 22962 22962 22962 22962 22962 22962 22368 30076 30076 30076 30076 30076 29482 15976 18768 18768 18768 18768 18768 18768 18768 18768 18768 18768 18768 18768 18174 22173 22173 22173 22173 22173 22173 22173 22173 22173 22173 22173 22173 21579 
40262 40262 40262 40262 40262 34982 17142 15638 15638 15638 15638 15638 15638 15638 15638 15638 15638 15638 15638 14978 13680 13680 13680 13680 13680 13020 3780 11908 11908 11908 11908 11908 11908 11908 11908 11908 11908 11908 11908 11248 14889 14889 14889 14889 14889 14889 14889 14889 14889 14889 14889 14889 14229 
45820 45820 45820 45820 45820 40396 22304 11826 11826 11826 11826 11826 11826 11826 11826 11826 11826 11826 11826 11148 29060 29060 29060 29060 29060 28382 13700 15368 15368 15368 15368 15368 15368 15368 15368 15368 15368 15368 15368 14690 9821 9821 9821 9821 9821 9821 9821 9821 9821 9821 9821 9821 9143 
40824 40824 40824 40824 40824 35688 18100 14722 14722 14722 14722 14722 14722 14722 14722 14722 14722 14722 14722 14080 24572 24572 24572 24572 24572 23930 9752 3852 3852 3852 3852 3852 3852 3852 3852 3852 3852 3852 3852 3210 14221 14221 14221 14221 14221 14221 14221 14221 14221 14221 14221 14221 13579 
46408 46408 46408 46408 46408 40888 22628 4140 4140 4140 4140 4140 4140 4140 4140 4140 4140 4140 4140 3450 29412 29412 29412 29412 29412 28722 13872 15200 15200 15200 15200 15200 15200 15200 15200 15200 15200 15200 15200 14510 10325 10325 10325 10325 10325 10325 10325 10325 10325 10325 10325 10325 9635 
24712 24712 24712 24712 24712 19144 9400 22742 22742 22742 22742 22742 22742 22742 22742 22742 22742 22742 22742 22046 31292 31292 31292 31292 31292 30596 15662 18516 18516 18516 18516 18516 18516 18516 18516 18516 18516 18516 18516 17820 21985 21985 21985 21985 21985 21985 21985 21985 21985 21985 21985 21985 21289 
17820 17820 17820 17820 17820 12540 3300 23038 23038 23038 23038 23038 23038 23038 23038 23038 23038 23038 23038 22378 31068 31068 31068 31068 31068 30408 15978 18940 18940 18940 18940 18940 18940 18940 18940 18940 18940 18940 18940 18280 22177 22177 22177 22177 22177 22177 22177 22177 22177 22177 22177 22177 21517 
43756 43756 43756 43756 43756 39100 22352 11778 11778 11778 11778 11778 11778 11778 11778 11778 11778 11778 11778 11196 27764 27764 27764 27764 27764 27182 13844 15488 15488 15488 15488 15488 15488 15488 15488 15488 15488 15488 15488 14906 8092 8092 8092 8092 8092 8092 8092 8092 8092 8092 8092 8092 7510 
33222 33222 33222 33222 33222 28326 11158 24342 24342 24342 24342 24342 24342 24342 24342 24342 24342 24342 24342 23730 31716 31716 31716 31716 31716 31104 17346 20292 20292 20292 20292 20292 20292 20292 20292 20292 20292 20292 20292 19680 23433 23433 23433 23433 23433 23433 23433 23433 23433 23433 23433 23433 22821 
43080 43080 43080 43080 43080 37368 18772 14698 14698 14698 14698 14698 14698 14698 14698 14698 14698 14698 14698 13984 26028 26028 26028 26028 26028 25314 10128 7124 7124 7124 7124 7124 7124 7124 7124 7124 7124 7124 7124 6410 14141 14141 14141 14141 14141 14141 14141 14141 14141 14141 14141 14141 13427 
32786 32786 32786 32786 32786 28178 11514 20374 20374 20374 20374 20374 20374 20374 20374 20374 20374 20374 20374 19798 27244 27244 27244 27244 27244 26668 13414 16364 16364 16364 16364 16364 16364 16364 16364 16364 16364 16364 16364 15788 19489 19489 19489 19489 19489 19489 19489 19489 19489 19489 19489 19489 18913 
16362 16362 16362 16362 16362 11514 3030 22714 22714 22714 22714 22714 22714 22714 22714 22714 22714 22714 22714 22108 29988 29988 29988 29988 29988 29382 15708 18616 18616 18616 18616 18616 18616 18616 18616 18616 18616 18616 18616 18010 21853 21853 21853 21853 21853 21853 21853 21853 21853 21853 21853 21853 21247 
40522 40522 40522 40522 40522 35530 18194 14262 14262 14262 14262 14262 14262 14262 14262 14262 14262 14262 14262 13638 24204 24204 24204 24204 24204 23580 9654 12092 12092 12092 12092 12092 12092 12092 12092 12092 12092 12092 12092 11468 13337 13337 13337 13337 13337 13337 13337 13337 13337 13337 13337 13337 12713 
41022 41022 41022 41022 41022 35742 17902 14878 14878 14878 14878 14878 14878 14878 14878 14878 14878 14878 14878 14218 16720 16720 16720 16720 16720 16060 6820 11796 11796 11796 11796 11796 11796 11796 11796 11796 11796 11796 11796 11136 14089 14089 14089 14089 14089 14089 14089 14089 14089 14089 14089 14089 13429 
47190 47190 47190 47190 47190 41718 23542 12094 12094 12094 12094 12094 12094 12094 12094 12094 12094 12094 12094 11410 30356 30356 30356 30356 30356 29672 14906 16468 16468 16468 16468 16468 16468 16468 16468 16468 16468 16468 16468 15784 4104 4104 4104 4104 4104 4104 4104 4104 4104 4104 4104 4104 3420 
40910 40910 40910 40910 40910 35438 17262 15782 15782 15782 15782 15782 15782 15782 15782 15782 15782 15782 15782 15098 14160 14160 14160 14160 14160 13476 3900 12052 12052 12052 12052 12052 12052 12052 12052 12052 12052 12052 12052 11368 15033 15033 15033 15033 15033 15033 15033 15033 15033 15033 15033 15033 14349 
22930 22930 22930 22930 22930 17890 9070 22346 22346 22346 22346 22346 22346 22346 22346 22346 22346 22346 22346 21716 29972 29972 29972 29972 29972 29342 15332 18120 18120 18120 18120 18120 18120 18120 18120 18120 18120 18120 18120 17490 21589 21589 21589 21589 21589 21589 21589 21589 21589 21589 21589 21589 20959 
46024 46024 46024 46024 46024 40696 22772 12282 12282 12282 12282 12282 12282 12282 12282 12282 12282 12282 12282 11616 29444 29444 29444 29444 29444 28778 14264 15992 15992 15992 15992 15992 15992 15992 15992 15992 15992 15992 15992 15326 8596 8596 8596 8596 8596 8596 8596 8596 8596 8596 8596 8596 7930 
40860 40860 40860 40860 40860 35628 17872 14842 14842 14842 14842 14842 14842 14842 14842 14842 14842 14842 14842 14188 16600 16600 16600 16600 16600 15946 6790 11760 11760 11760 11760 11760 11760 11760 11760 11760 11760 11760 11760 11106 14053 14053 14053 14053 14053 14053 14053 14053 14053 14053 14053 14053 13399 
38156 38156 38156 38156 38156 33500 16752 15170 15170 15170 15170 15170 15170 15170 15170 15170 15170 15170 15170 14588 12120 12120 12120 12120 12120 11538 3390 11440 11440 11440 11440 11440 11440 11440 11440 11440 11440 11440 11440 10858 14421 14421 14421 14421 14421 14421 14421 14421 14421 14421 14421 14421 13839 
34174 34174 34174 34174 34174 29470 12638 19886 19886 19886 19886 19886 19886 19886 19886 19886 19886 19886 19886 19298 27004 27004 27004 27004 27004 26416 12994 15596 15596 15596 15596 15596 15596 15596 15596 15596 15596 15596 15596 15008 19225 19225 19225 19225 19225 19225 19225 19225 19225 19225 19225 19225 18637 
34356 34356 34356 34356 34356 29124 11368 24594 24594 24594 24594 24594 24594 24594 24594 24594 24594 24594 24594 23940 32556 32556 32556 32556 32556 31902 17556 20544 20544 20544 20544 20544 20544 20544 20544 20544 20544 20544 20544 19890 23685 23685 23685 23685 23685 23685 23685 23685 23685 23685 23685 23685 23031 
37966 37966 37966 37966 37966 32110 13262 20598 20598 20598 20598 20598 20598 20598 20598 20598 20598 20598 20598 19866 29684 29684 29684 29684 29684 28952 13514 16348 16348 16348 16348 16348 16348 16348 16348 16348 16348 16348 16348 15616 19897 19897 19897 19897 19897 19897 19897 19897 19897 19897 19897 19897 19165 
45376 45376 45376 45376 45376 40240 22652 12138 12138 12138 12138 12138 12138 12138 12138 12138 12138 12138 12138 11496 28964 28964 28964 28964 28964 28322 14144 15848 15848 15848 15848 15848 15848 15848 15848 15848 15848 15848 15848 15206 8452 8452 8452 8452 8452 8452 8452 8452 8452 8452 8452 8452 7810 
39548 39548 39548 39548 39548 34508 17088 15362 15362 15362 15362 15362 15362 15362 15362 15362 15362 15362 15362 14732 12600 12600 12600 12600 12600 11970 3150 11672 11672 11672 11672 11672 11672 11672 11672 11672 11672 11672 11672 11042 14621 14621 14621 14621 14621 14621 14621 14621 14621 14621 14621 14621 13991 
32250 32250 32250 32250 32250 27642 10978 24126 24126 24126 24126 24126 24126 24126 24126 24126 24126 24126 24126 23550 30996 30996 30996 30996 30996 30420 17166 20076 20076 20076 20076 20076 20076 20076 20076 20076 20076 20076 20076 19500 23217 23217 23217 23217 23217 23217 23217 23217 23217 23217 23217 23217 22641 
40262 40262 40262 40262 40262 34982 17142 15638 15638 15638 15638 15638 15638 15638 15638 15638 15638 15638 15638 14978 13680 13680 13680 13680 13680 13020 3780 11908 11908 11908 11908 11908 11908 11908 11908 11908 11908 11908 11908 11248 14889 14889 14889 14889 14889 14889 14889 14889 14889 14889 14889 14889 14229 
34892 34892 34892 34892 34892 29660 11904 20842 20842 20842 20842 20842 20842 20842 20842 20842 20842 20842 20842 20188 28804 28804 28804 28804 28804 28150 13804 16832 16832 16832 16832 16832 16832 16832 16832 16832 16832 16832 16832 16178 19957 19957 19957 19957 19957 19957 19957 19957 19957 19957 19957 19957 19303 
44760 44760 44760 44760 44760 40008 23092 11554 11554 11554 11554 11554 11554 11554 11554 11554 11554 11554 11554 10960 28556 28556 28556 28556 28556 27962 14456 15928 15928 15928 15928 15928 15928 15928 15928 15928 15928 15928 15928 15334 3564 3564 3564 3564 3564 3564 3564 3564 3564 3564 3564 3564 2970 
36026 36026 36026 36026 36026 30458 12114 21094 21094 21094 21094 21094 21094 21094 21094 21094 21094 21094 21094 20398 29644 29644 29644 29644 29644 28948 14014 17084 17084 17084 17084 17084 17084 17084 17084 17084 17084 17084 17084 16388 20209 20209 20209 20209 20209 20209 20209 20209 20209 20209 20209 20209 19513 
22506 22506 22506 22506 22506 17082 7590 23466 23466 23466 23466 23466 23466 23466 23466 23466 23466 23466 23466 22788 31756 31756 31756 31756 31756 31078 16396 19272 19272 19272 19272 19272 19272 19272 19272 19272 19272 19272 19272 18594 22677 22677 22677 22677 22677 22677 22677 22677 22677 22677 22677 22677 21999 
38252 38252 38252 38252 38252 33596 16848 15074 15074 15074 15074 15074 15074 15074 15074 15074 15074 15074 15074 14492 11640 11640 11640 11640 11640 11058 2910 11384 11384 11384 11384 11384 11384 11384 11384 11384 11384 11384 11384 10802 14333 14333 14333 14333 14333 14333 14333 14333 14333 14333 14333 14333 13751 
39224 39224 39224 39224 39224 34280 17028 15290 15290 15290 15290 15290 15290 15290 15290 15290 15290 15290 15290 14672 12360 12360 12360 12360 12360 11742 3090 11600 11600 11600 11600 11600 11600 11600 11600 11600 11600 11600 11600 10982 14549 14549 14549 14549 14549 14549 14549 14549 14549 14549 14549 14549 13931 
41656 41656 41656 41656 41656 36328 18404 14514 14514 14514 14514 14514 14514 14514 14514 14514 14514 14514 14514 13848 25044 25044 25044 25044 25044 24378 9864 12344 12344 12344 12344 12344 12344 12344 12344 12344 12344 12344 12344 11678 13589 13589 13589 13589 13589 13589 13589 13589 13589 13589 13589 13589 12923 
34564 34564 34564 34564 34564 29716 12632 19842 19842 19842 19842 19842 19842 19842 19842 19842 19842 19842 19842 19236 27164 27164 27164 27164 27164 26558 12884 15592 15592 15592 15592 15592 15592 15592 15592 15592 15592 15592 15592 14986 19141 19141 19141 19141 19141 19141 19141 19141 19141 19141 19141 19141 18535 
21210 21210 21210 21210 21210 16170 7350 23178 23178 23178 23178 23178 23178 23178 23178 23178 23178 23178 23178 22548 30796 30796 30796 30796 30796 30166 16156 18984 18984 18984 18984 18984 18984 18984 18984 18984 18984 18984 18984 18354 22389 22389 22389 22389 22389 22389 22389 22389 22389 22389 22389 22389 21759 
40472 40472 40472 40472 40472 35720 18804 13282 13282 13282 13282 13282 13282 13282 13282 13282 13282 13282 13282 12688 24228 24228 24228 24228 24228 23634 10128 11992 11992 11992 11992 11992 11992 11992 11992 11992 11992 11992 11992 11398 12437 12437 12437 12437 12437 12437 12437 12437 12437 12437 12437 12437 11843 
16362 16362 16362 16362 16362 11514 3030 22714 22714 22714 22714 22714 22714 22714 22714 22714 22714 22714 22714 22108 29988 29988 29988 29988 29988 29382 15708 18616 18616 18616 18616 18616 18616 18616 18616 18616 18616 18616 18616 18010 21853 21853 21853 21853 21853 21853 21853 21853 21853 21853 21853 21853 21247 
41072 41072 41072 41072 41072 35552 17292 15818 15818 15818 15818 15818 15818 15818 15818 15818 15818 15818 15818 15128 14280 14280 14280 14280 14280 13590 3930 12088 12088 12088 12088 12088 12088 12088 12088 12088 12088 12088 12088 11398 15069 15069 15069 15069 15069 15069 15069 15069 15069 15069 15069 15069 14379 
47158 47158 47158 47158 47158 41494 22982 12534 12534 12534 12534 12534 12534 12534 12534 12534 12534 12534 12534 11826 30284 30284 30284 30284 30284 29576 14474 16244 16244 16244 16244 16244 16244 16244 16244 16244 16244 16244 16244 15536 8848 8848 8848 8848 8848 8848 8848 8848 8848 8848 8848 8848 8140 
41332 41332 41332 41332 41332 36100 18344 14442 14442 14442 14442 14442 14442 14442 14442 14442 14442 14442 14442 13788 24804 24804 24804 24804 24804 24150 9804 12272 12272 12272 12272 12272 12272 12272 12272 12272 12272 12272 12272 11618 13517 13517 13517 13517 13517 13517 13517 13517 13517 13517 13517 13517 12863 
35490 35490 35490 35490 35490 30882 14218 18158 18158 18158 18158 18158 18158 18158 18158 18158 18158 18158 18158 17582 25260 25260 25260 25260 25260 24684 11430 13836 13836 13836 13836 13836 13836 13836 13836 13836 13836 13836 13836 13260 17577 17577 17577 17577 17577 17577 17577 17577 17577 17577 17577 17577 17001 
39128 39128 39128 39128 39128 34184 16932 15386 15386 15386 15386 15386 15386 15386 15386 15386 15386 15386 15386 14768 12840 12840 12840 12840 12840 12222 3570 11656 11656 11656 11656 11656 11656 11656 11656 11656 11656 11656 11656 11038 14637 14637 14637 14637 14637 14637 14637 14637 14637 14637 14637 14637 14019 
24712 24712 24712 24712 24712 19144 9400 22742 22742 22742 22742 22742 22742 22742 22742 22742 22742 22742 22742 22046 31292 31292 31292 31292 31292 30596 15662 18516 18516 18516 18516 18516 18516 18516 18516 18516 18516 18516 18516 17820 21985 21985 21985 21985 21985 21985 21985 21985 21985 21985 21985 21985 21289 
37272 37272 37272 37272 37272 32136 14548 18554 18554 18554 18554 18554 18554 18554 18554 18554 18554 18554 18554 17912 26580 26580 26580 26580 26580 25938 11760 14232 14232 14232 14232 14232 14232 14232 14232 14232 14232 14232 14232 13590 17973 17973 17973 17973 17973 17973 17973 17973 17973 17973 17973 17973 17331 
38804 38804 38804 38804 38804 33956 16872 15314 15314 15314 15314 15314 15314 15314 15314 15314 15314 15314 15314 14708 12600 12600 12600 12600 12600 11994 3510 11584 11584 11584 11584 11584 11584 11584 11584 11584 11584 11584 11584 10978 14565 14565 14565 14565 14565 14565 14565 14565 14565 14565 14565 14565 13959 
35652 35652 35652 35652 35652 30996 14248 18194 18194 18194 18194 18194 18194 18194 18194 18194 18194 18194 18194 17612 25380 25380 25380 25380 25380 24798 11460 13872 13872 13872 13872 13872 13872 13872 13872 13872 13872 13872 13872 13290 17613 17613 17613 17613 17613 17613 17613 17613 17613 17613 17613 17613 17031 
45052 45052 45052 45052 45052 40012 22592 12066 12066 12066 12066 12066 12066 12066 12066 12066 12066 12066 12066 11436 28724 28724 28724 28724 28724 28094 14084 15776 15776 15776 15776 15776 15776 15776 15776 15776 15776 15776 15776 15146 8380 8380 8380 8380 8380 8380 8380 8380 8380 8380 8380 8380 7750 
40472 40472 40472 40472 40472 35720 18804 13282 13282 13282 13282 13282 13282 13282 13282 13282 13282 13282 13282 12688 24228 24228 24228 24228 24228 23634 10128 11992 11992 11992 11992 11992 11992 11992 11992 11992 11992 11992 11992 11398 12437 12437 12437 12437 12437 12437 12437 12437 12437 12437 12437 12437 11843 
36604 36604 36604 36604 36604 31180 13088 20426 20426 20426 20426 20426 20426 20426 20426 20426 20426 20426 20426 19748 28804 28804 28804 28804 28804 28126 13444 16136 16136 16136 16136 16136 16136 16136 16136 16136 16136 16136 16136 15458 19765 19765 19765 19765 19765 19765 19765 19765 19765 19765 19765 19765 19087 
44728 44728 44728 44728 44728 39784 22532 11994 11994 11994 11994 11994 11994 11994 11994 11994 11994 11994 11994 11376 28484 28484 28484 28484 28484 27866 14024 15704 15704 15704 15704 15704 15704 15704 15704 15704 15704 15704 15704 15086 8308 8308 8308 8308 8308 8308 8308 8308 8308 8308 8308 8308 7690 
39290 39290 39290 39290 39290 34298 16962 15422 15422 15422 15422 15422 15422 15422 15422 15422 15422 15422 15422 14798 12960 12960 12960 12960 12960 12336 3600 11692 11692 11692 11692 11692 11692 11692 11692 11692 11692 11692 11692 11068 14673 14673 14673 14673 14673 14673 14673 14673 14673 14673 14673 14673 14049 
42142 42142 42142 42142 42142 36670 18494 14622 14622 14622 14622 14622 14622 14622 14622 14622 14622 14622 14622 13938 25404 25404 25404 25404 25404 24720 9954 12452 12452 12452 12452 12452 12452 12452 12452 12452 12452 12452 12452 11768 13697 13697 13697 13697 13697 13697 13697 13697 13697 13697 13697 13697 13013 
45922 45922 45922 45922 45922 40546 22538 4032 4032 4032 4032 4032 4032 4032 4032 4032 4032 4032 4032 3360 29052 29052 29052 29052 29052 28380 13782 15092 15092 15092 15092 15092 15092 15092 15092 15092 15092 15092 15092 14420 10217 10217 10217 10217 10217 10217 10217 10217 10217 10217 10217 10217 9545 
43492 43492 43492 43492 43492 38836 22088 3492 3492 3492 3492 3492 3492 3492 3492 3492 3492 3492 3492 2910 27252 27252 27252 27252 27252 26670 13332 14552 14552 14552 14552 14552 14552 14552 14552 14552 14552 14552 14552 13970 9677 9677 9677 9677 9677 9677 9677 9677 9677 9677 9677 9677 9095 
20238 20238 20238 20238 20238 15486 7170 22962 22962 22962 22962 22962 22962 22962 22962 22962 22962 22962 22962 22368 30076 30076 30076 30076 30076 29482 15976 18768 18768 18768 18768 18768 18768 18768 18768 18768 18768 18768 18768 18174 22173 22173 22173 22173 22173 22173 22173 22173 22173 22173 22173 22173 21579 
32948 32948 32948 32948 32948 28292 11544 20410 20410 20410 20410 20410 20410 20410 20410 20410 20410 20410 20410 19828 27364 27364 27364 27364 27364 26782 13444 16400 16400 16400 16400 16400 16400 16400 16400 16400 16400 16400 16400 15818 19525 19525 19525 19525 19525 19525 19525 19525 19525 19525 19525 19525 18943 
33060 33060 33060 33060 33060 28212 11128 24306 24306 24306 24306 24306 24306 24306 24306 24306 24306 24306 24306 23700 31596 31596 31596 31596 31596 30990 17316 20256 20256 20256 20256 20256 20256 20256 20256 20256 20256 20256 20256 19650 23397 23397 23397 23397 23397 23397 23397 23397 23397 23397 23397 23397 22791 
36022 36022 36022 36022 36022 30742 12902 20166 20166 20166 20166 20166 20166 20166 20166 20166 20166 20166 20166 19506 28244 28244 28244 28244 28244 27584 13154 15916 15916 15916 15916 15916 15916 15916 15916 15916 15916 15916 15916 15256 19465 19465 19465 19465 19465 19465 19465 19465 19465 19465 19465 19465 18805 
40358 40358 40358 40358 40358 35078 17238 15542 15542 15542 15542 15542 15542 15542 15542 15542 15542 15542 15542 14882 13200 13200 13200 13200 13200 12540 3300 11852 11852 11852 11852 11852 11852 11852 11852 11852 11852 11852 11852 11192 14801 14801 14801 14801 14801 14801 14801 14801 14801 14801 14801 14801 14141 
33916 33916 33916 33916 33916 29260 12512 19698 19698 19698 19698 19698 19698 19698 19698 19698 19698 19698 19698 19116 26684 26684 26684 26684 26684 26102 12764 15448 15448 15448 15448 15448 15448 15448 15448 15448 15448 15448 15448 14866 18997 18997 18997 18997 18997 18997 18997 18997 18997 18997 18997 18997 18415 
37642 37642 37642 37642 37642 31882 13202 20526 20526 20526 20526 20526 20526 20526 20526 20526 20526 20526 20526 19806 29444 29444 29444 29444 29444 28724 13454 16276 16276 16276 16276 16276 16276 16276 16276 16276 16276 16276 16276 15556 19825 19825 19825 19825 19825 19825 19825 19825 19825 19825 19825 19825 19105 
36188 36188 36188 36188 36188 30572 12144 21130 21130 21130 21130 21130 21130 21130 21130 21130 21130 21130 21130 20428 29764 29764 29764 29764 29764 29062 14044 17120 17120 17120 17120 17120 17120 17120 17120 17120 17120 17120 17120 16418 20245 20245 20245 20245 20245 20245 20245 20245 20245 20245 20245 20245 19543 
37920 37920 37920 37920 37920 32592 14668 18698 18698 18698 18698 18698 18698 18698 18698 18698 18698 18698 18698 18032 27060 27060 27060 27060 27060 26394 11880 14376 14376 14376 14376 14376 14376 14376 14376 14376 14376 14376 14376 13710 18117 18117 18117 18117 18117 18117 18117 18117 18117 18117 18117 18117 17451 
32736 32736 32736 32736 32736 27984 11068 24234 24234 24234 24234 24234 24234 24234 24234 24234 24234 24234 24234 23640 31356 31356 31356 31356 31356 30762 17256 20184 20184 20184 20184 20184 20184 20184 20184 20184 20184 20184 20184 19590 23325 23325 23325 23325 23325 23325 23325 23325 23325 23325 23325 23325 22731 
39540 39540 39540 39540 39540 33732 14968 19058 19058 19058 19058 19058 19058 19058 19058 19058 19058 19058 19058 18332 28260 28260 28260 28260 28260 27534 12180 14736 14736 14736 14736 14736 14736 14736 14736 14736 14736 14736 14736 14010 18477 18477 18477 18477 18477 18477 18477 18477 18477 18477 18477 18477 17751 
39128 39128 39128 39128 39128 34184 16932 15386 15386 15386 15386 15386 15386 15386 15386 15386 15386 15386 15386 14768 12840 12840 12840 12840 12840 12222 3570 11656 11656 11656 11656 11656 11656 11656 11656 11656 11656 11656 11656 11038 14637 14637 14637 14637 14637 14637 14637 14637 14637 14637 14637 14637 14019 
48000 48000 48000 48000 48000 42288 23692 12274 12274 12274 12274 12274 12274 12274 12274 12274 12274 12274 12274 11560 30956 30956 30956 30956 30956 30242 15056 16648 16648 16648 16648 16648 16648 16648 16648 16648 16648 16648 16648 15934 4284 4284 4284 4284 4284 4284 4284 4284 4284 4284 4284 4284 3570 
23316 23316 23316 23316 23316 17652 7740 23646 23646 23646 23646 23646 23646 23646 23646 23646 23646 23646 23646 22938 32356 32356 32356 32356 32356 31648 16546 19452 19452 19452 19452 19452 19452 19452 19452 19452 19452 19452 19452 18744 22857 22857 22857 22857 22857 22857 22857 22857 22857 22857 22857 22857 22149 
16686 16686 16686 16686 16686 11742 3090 22786 22786 22786 22786 22786 22786 22786 22786 22786 22786 22786 22786 22168 30228 30228 30228 30228 30228 29610 15768 18688 18688 18688 18688 18688 18688 18688 18688 18688 18688 18688 18688 18070 21925 21925 21925 21925 21925 21925 21925 21925 21925 21925 21925 21925 21307 
36624 36624 36624 36624 36624 31680 14428 18410 18410 18410 18410 18410 18410 18410 18410 18410 18410 18410 18410 17792 26100 26100 26100 26100 26100 25482 11640 14088 14088 14088 14088 14088 14088 14088 14088 14088 14088 14088 14088 13470 17829 17829 17829 17829 17829 17829 17829 17829 17829 17829 17829 17829 17211 
46510 46510 46510 46510 46510 41038 22862 12390 12390 12390 12390 12390 12390 12390 12390 12390 12390 12390 12390 11706 29804 29804 29804 29804 29804 29120 14354 16100 16100 16100 16100 16100 16100 16100 16100 16100 16100 16100 16100 15416 8704 8704 8704 8704 8704 8704 8704 8704 8704 8704 8704 8704 8020 
41670 41670 41670 41670 41670 36198 18022 15022 15022 15022 15022 15022 15022 15022 15022 15022 15022 15022 15022 14338 17200 17200 17200 17200 17200 16516 6940 11940 11940 11940 11940 11940 11940 11940 11940 11940 11940 11940 11940 11256 14233 14233 14233 14233 14233 14233 14233 14233 14233 14233 14233 14233 13549 
22768 22768 22768 22768 22768 17776 9040 22310 22310 22310 22310 22310 22310 22310 22310 22310 22310 22310 22310 21686 29852 29852 29852 29852 29852 29228 15302 18084 18084 18084 18084 18084 18084 18084 18084 18084 18084 18084 18084 17460 21553 21553 21553 21553 21553 21553 21553 21553 21553 21553 21553 21553 20929 
15714 15714 15714 15714 15714 11058 2910 22570 22570 22570 22570 22570 22570 22570 22570 22570 22570 22570 22570 21988 29508 29508 29508 29508 29508 28926 15588 18472 18472 18472 18472 18472 18472 18472 18472 18472 18472 18472 18472 17890 21709 21709 21709 21709 21709 21709 21709 21709 21709 21709 21709 21709 21127 
44080 44080 44080 44080 44080 39328 22412 11850 11850 11850 11850 11850 11850 11850 11850 11850 11850 11850 11850 11256 28004 28004 28004 28004 28004 27410 13904 15560 15560 15560 15560 15560 15560 15560 15560 15560 15560 15560 15560 14966 8164 8164 8164 8164 8164 8164 8164 8164 8164 8164 8164 8164 7570 
19752 19752 19752 19752 19752 15144 7080 22854 22854 22854 22854 22854 22854 22854 22854 22854 22854 22854 22854 22278 29716 29716 29716 29716 29716 29140 15886 18660 18660 18660 18660 18660 18660 18660 18660 18660 18660 18660 18660 18084 22065 22065 22065 22065 22065 22065 22065 22065 22065 22065 22065 22065 21489 
39054 39054 39054 39054 39054 33390 14878 18950 18950 18950 18950 18950 18950 18950 18950 18950 18950 18950 18950 18242 27900 27900 27900 27900 27900 27192 12090 14628 14628 14628 14628 14628 14628 14628 14628 14628 14628 14628 14628 13920 18369 18369 18369 18369 18369 18369 18369 18369 18369 18369 18369 18369 17661 
33708 33708 33708 33708 33708 28668 11248 24450 24450 24450 24450 24450 24450 24450 24450 24450 24450 24450 24450 23820 32076 32076 32076 32076 32076 31446 17436 20400 20400 20400 20400 20400 20400 20400 20400 20400 20400 20400 20400 19770 23541 23541 23541 23541 23541 23541 23541 23541 23541 23541 23541 23541 22911 
37596 37596 37596 37596 37596 32364 14608 18626 18626 18626 18626 18626 18626 18626 18626 18626 18626 18626 18626 17972 26820 26820 26820 26820 26820 26166 11820 14304 14304 14304 14304 14304 14304 14304 14304 14304 14304 14304 14304 13650 18045 18045 18045 18045 18045 18045 18045 18045 18045 18045 18045 18045 17391 
32948 32948 32948 32948 32948 28292 11544 20410 20410 20410 20410 20410 20410 20410 20410 20410 20410 20410 20410 19828 27364 27364 27364 27364 27364 26782 13444 16400 16400 16400 16400 16400 16400 16400 16400 16400 16400 16400 16400 15818 19525 19525 19525 19525 19525 19525 19525 19525 19525 19525 19525 19525 18943 
35166 35166 35166 35166 35166 29694 11518 24774 24774 24774 24774 24774 24774 24774 24774 24774 24774 24774 24774 24090 33156 33156 33156 33156 33156 32472 17706 20724 20724 20724 20724 20724 20724 20724 20724 20724 20724 20724 20724 20040 23865 23865 23865 23865 23865 23865 23865 23865 23865 23865 23865 23865 23181 
39710 39710 39710 39710 39710 34622 17118 15398 15398 15398 15398 15398 15398 15398 15398 15398 15398 15398 15398 14762 12720 12720 12720 12720 12720 12084 3180 11708 11708 11708 11708 11708 11708 11708 11708 11708 11708 11708 11708 11072 14657 14657 14657 14657 14657 14657 14657 14657 14657 14657 14657 14657 14021 
40488 40488 40488 40488 40488 35544 18292 14122 14122 14122 14122 14122 14122 14122 14122 14122 14122 14122 14122 13504 24108 24108 24108 24108 24108 23490 9648 6548 6548 6548 6548 6548 6548 6548 6548 6548 6548 6548 6548 5930 13565 13565 13565 13565 13565 13565 13565 13565 13565 13565 13565 13565 12947 
44626 44626 44626 44626 44626 39634 22298 3744 3744 3744 3744 3744 3744 3744 3744 3744 3744 3744 3744 3120 28092 28092 28092 28092 28092 27468 13542 14804 14804 14804 14804 14804 14804 14804 14804 14804 14804 14804 14804 14180 9929 9929 9929 9929 9929 9929 9929 9929 9929 9929 9929 9929 9305 
18306 18306 18306 18306 18306 12882 3390 23146 23146 23146 23146 23146 23146 23146 23146 23146 23146 23146 23146 22468 31428 31428 31428 31428 31428 30750 16068 19048 19048 19048 19048 19048 19048 19048 19048 19048 19048 19048 19048 18370 22285 22285 22285 22285 22285 22285 22285 22285 22285 22285 22285 22285 21607 
22992 22992 22992 22992 22992 17424 7680 23574 23574 23574 23574 23574 23574 23574 23574 23574 23574 23574 23574 22878 32116 32116 32116 32116 32116 31420 16486 19380 19380 19380 19380 19380 19380 19380 19380 19380 19380 19380 19380 18684 22785 22785 22785 22785 22785 22785 22785 22785 22785 22785 22785 22785 22089 
41444 41444 41444 41444 41444 36404 18984 13498 13498 13498 13498 13498 13498 13498 13498 13498 13498 13498 13498 12868 24948 24948 24948 24948 24948 24318 10308 12208 12208 12208 12208 12208 12208 12208 12208 12208 12208 12208 12208 11578 12653 12653 12653 12653 12653 12653 12653 12653 12653 12653 12653 12653 12023 
35698 35698 35698 35698 35698 30514 12842 20094 20094 20094 20094 20094 20094 20094 20094 20094 20094 20094 20094 19446 28004 28004 28004 28004 28004 27356 13094 15844 15844 15844 15844 15844 15844 15844 15844 15844 15844 15844 15844 15196 19393 19393 19393 19393 19393 19393 19393 19393 19393 19393 19393 19393 18745 
38318 38318 38318 38318 38318 33614 16782 15206 15206 15206 15206 15206 15206 15206 15206 15206 15206 15206 15206 14618 12240 12240 12240 12240 12240 11652 3420 11476 11476 11476 11476 11476 11476 11476 11476 11476 11476 11476 11476 10888 14457 14457 14457 14457 14457 14457 14457 14457 14457 14457 14457 14457 13869 
42578 42578 42578 42578 42578 37202 19194 13750 13750 13750 13750 13750 13750 13750 13750 13750 13750 13750 13750 13078 25788 25788 25788 25788 25788 25116 10518 12460 12460 12460 12460 12460 12460 12460 12460 12460 12460 12460 12460 11788 12905 12905 12905 12905 12905 12905 12905 12905 12905 12905 12905 12905 12233 
40164 40164 40164 40164 40164 35316 18232 14050 14050 14050 14050 14050 14050 14050 14050 14050 14050 14050 14050 13444 23868 23868 23868 23868 23868 23262 9588 6476 6476 6476 6476 6476 6476 6476 6476 6476 6476 6476 6476 5870 13493 13493 13493 13493 13493 13493 13493 13493 13493 13493 13493 13493 12887 
36832 36832 36832 36832 36832 31312 13052 20346 20346 20346 20346 20346 20346 20346 20346 20346 20346 20346 20346 19656 28844 28844 28844 28844 28844 28154 13304 16096 16096 16096 16096 16096 16096 16096 16096 16096 16096 16096 16096 15406 19645 19645 19645 19645 19645 19645 19645 19645 19645 19645 19645 19645 18955 
38966 38966 38966 38966 38966 34070 16902 15350 15350 15350 15350 15350 15350 15350 15350 15350 15350 15350 15350 14738 12720 12720 12720 12720 12720 12108 3540 11620 11620 11620 11620 11620 11620 11620 11620 11620 11620 11620 11620 11008 14601 14601 14601 14601 14601 14601 14601 14601 14601 14601 14601 14601 13989 
38928 38928 38928 38928 38928 34176 17260 14906 14906 14906 14906 14906 14906 14906 14906 14906 14906 14906 14906 14312 16840 16840 16840 16840 16840 16246 7930 12160 12160 12160 12160 12160 12160 12160 12160 12160 12160 12160 12160 11566 13941 13941 13941 13941 13941 13941 13941 13941 13941 13941 13941 13941 13347 
45214 45214 45214 45214 45214 40126 22622 12102 12102 12102 12102 12102 12102 12102 12102 12102 12102 12102 12102 11466 28844 28844 28844 28844 28844 28208 14114 15812 15812 15812 15812 15812 15812 15812 15812 15812 15812 15812 15812 15176 8416 8416 8416 8416 8416 8416 8416 8416 8416 8416 8416 8416 7780 
33546 33546 33546 33546 33546 28554 11218 24414 24414 24414 24414 24414 24414 24414 24414 24414 24414 24414 24414 23790 31956 31956 31956 31956 31956 31332 17406 20364 20364 20364 20364 20364 20364 20364 20364 20364 20364 20364 20364 19740 23505 23505 23505 23505 23505 23505 23505 23505 23505 23505 23505 23505 22881 
39216 39216 39216 39216 39216 33504 14908 18986 18986 18986 18986 18986 18986 18986 18986 18986 18986 18986 18986 18272 28020 28020 28020 28020 28020 27306 12120 14664 14664 14664 14664 14664 14664 14664 14664 14664 14664 14664 14664 13950 18405 18405 18405 18405 18405 18405 18405 18405 18405 18405 18405 18405 17691 
43756 43756 43756 43756 43756 39100 22352 11778 11778 11778 11778 11778 11778 11778 11778 11778 11778 11778 11778 11196 27764 27764 27764 27764 27764 27182 13844 15488 15488 15488 15488 15488 15488 15488 15488 15488 15488 15488 15488 14906 8092 8092 8092 8092 8092 8092 8092 8092 8092 8092 8092 8092 7510 
41634 41634 41634 41634 41634 36258 18250 14902 14902 14902 14902 14902 14902 14902 14902 14902 14902 14902 14902 14230 25172 25172 25172 25172 25172 24500 9902 4032 4032 4032 4032 4032 4032 4032 4032 4032 4032 4032 4032 3360 14401 14401 14401 14401 14401 14401 14401 14401 14401 14401 14401 14401 13729 
40796 40796 40796 40796 40796 35948 18864 13354 13354 13354 13354 13354 13354 13354 13354 13354 13354 13354 13354 12748 24468 24468 24468 24468 24468 23862 10188 12064 12064 12064 12064 12064 12064 12064 12064 12064 12064 12064 12064 11458 12509 12509 12509 12509 12509 12509 12509 12509 12509 12509 12509 12509 11903 
43226 43226 43226 43226 43226 37658 19314 13894 13894 13894 13894 13894 13894 13894 13894 13894 13894 13894 13894 13198 26268 26268 26268 26268 26268 25572 10638 12604 12604 12604 12604 12604 12604 12604 12604 12604 12604 12604 12604 11908 13049 13049 13049 13049 13049 13049 13049 13049 13049 13049 13049 13049 12353 
36462 36462 36462 36462 36462 31566 14398 18374 18374 18374 18374 18374 18374 18374 18374 18374 18374 18374 18374 17762 25980 25980 25980 25980 25980 25368 11610 14052 14052 14052 14052 14052 14052 14052 14052 14052 14052 14052 14052 13440 17793 17793 17793 17793 17793 17793 17793 17793 17793 17793 17793 17793 17181 
39726 39726 39726 39726 39726 34830 17662 14590 14590 14590 14590 14590 14590 14590 14590 14590 14590 14590 14590 13978 15760 15760 15760 15760 15760 15148 6580 11508 11508 11508 11508 11508 11508 11508 11508 11508 11508 11508 11508 10896 13801 13801 13801 13801 13801 13801 13801 13801 13801 13801 13801 13801 13189 
43228 43228 43228 43228 43228 38572 21824 11250 11250 11250 11250 11250 11250 11250 11250 11250 11250 11250 11250 10668 27140 27140 27140 27140 27140 26558 13220 14792 14792 14792 14792 14792 14792 14792 14792 14792 14792 14792 14792 14210 9245 9245 9245 9245 9245 9245 9245 9245 9245 9245 9245 9245 8663 
41994 41994 41994 41994 41994 36426 18082 15094 15094 15094 15094 15094 15094 15094 15094 15094 15094 15094 15094 14398 17440 17440 17440 17440 17440 16744 7000 12012 12012 12012 12012 12012 12012 12012 12012 12012 12012 12012 12012 11316 14305 14305 14305 14305 14305 14305 14305 14305 14305 14305 14305 14305 13609 
40424 40424 40424 40424 40424 35096 17172 15674 15674 15674 15674 15674 15674 15674 15674 15674 15674 15674 15674 15008 13800 13800 13800 13800 13800 13134 3810 11944 11944 11944 11944 11944 11944 11944 11944 11944 11944 11944 11944 11278 14925 14925 14925 14925 14925 14925 14925 14925 14925 14925 14925 14925 14259 
46144 46144 46144 46144 46144 40624 22364 11898 11898 11898 11898 11898 11898 11898 11898 11898 11898 11898 11898 11208 29300 29300 29300 29300 29300 28610 13760 15440 15440 15440 15440 15440 15440 15440 15440 15440 15440 15440 15440 14750 9893 9893 9893 9893 9893 9893 9893 9893 9893 9893 9893 9893 9203 
39738 39738 39738 39738 39738 34746 17410 15086 15086 15086 15086 15086 15086 15086 15086 15086 15086 15086 15086 14462 17440 17440 17440 17440 17440 16816 8080 12340 12340 12340 12340 12340 12340 12340 12340 12340 12340 12340 12340 11716 14121 14121 14121 14121 14121 14121 14121 14121 14121 14121 14121 14121 13497 
42156 42156 42156 42156 42156 36540 18112 15130 15130 15130 15130 15130 15130 15130 15130 15130 15130 15130 15130 14428 17560 17560 17560 17560 17560 16858 7030 12048 12048 12048 12048 12048 12048 12048 12048 12048 12048 12048 12048 11346 14341 14341 14341 14341 14341 14341 14341 14341 14341 14341 14341 14341 13639 
32786 32786 32786 32786 32786 28178 11514 20374 20374 20374 20374 20374 20374 20374 20374 20374 20374 20374 20374 19798 27244 27244 27244 27244 27244 26668 13414 16364 16364 16364 16364 16364 16364 16364 16364 16364 16364 16364 16364 15788 19489 19489 19489 19489 19489 19489 19489 19489 19489 19489 19489 19489 18913 
40698 40698 40698 40698 40698 35514 17842 14806 14806 14806 14806 14806 14806 14806 14806 14806 14806 14806 14806 14158 16480 16480 16480 16480 16480 15832 6760 11724 11724 11724 11724 11724 11724 11724 11724 11724 11724 11724 11724 11076 14017 14017 14017 14017 14017 14017 14017 14017 14017 14017 14017 14017 13369 
41832 41832 41832 41832 41832 36312 18052 15058 15058 15058 15058 15058 15058 15058 15058 15058 15058 15058 15058 14368 17320 17320 17320 17320 17320 16630 6970 11976 11976 11976 11976 11976 11976 11976 11976 11976 11976 11976 11976 11286 14269 14269 14269 14269 14269 14269 14269 14269 14269 14269 14269 14269 13579 
41606 41606 41606 41606 41606 36518 19014 13534 13534 13534 13534 13534 13534 13534 13534 13534 13534 13534 13534 12898 25068 25068 25068 25068 25068 24432 10338 12244 12244 12244 12244 12244 12244 12244 12244 12244 12244 12244 12244 11608 12689 12689 12689 12689 12689 12689 12689 12689 12689 12689 12689 12689 12053 
44848 44848 44848 44848 44848 39712 22124 11610 11610 11610 11610 11610 11610 11610 11610 11610 11610 11610 11610 10968 28340 28340 28340 28340 28340 27698 13520 15152 15152 15152 15152 15152 15152 15152 15152 15152 15152 15152 15152 14510 9605 9605 9605 9605 9605 9605 9605 9605 9605 9605 9605 9605 8963 
39386 39386 39386 39386 39386 34394 17058 15326 15326 15326 15326 15326 15326 15326 15326 15326 15326 15326 15326 14702 12480 12480 12480 12480 12480 11856 3120 11636 11636 11636 11636 11636 11636 11636 11636 11636 11636 11636 11636 11012 14585 14585 14585 14585 14585 14585 14585 14585 14585 14585 14585 14585 13961 
39712 39712 39712 39712 39712 34960 18044 14082 14082 14082 14082 14082 14082 14082 14082 14082 14082 14082 14082 13488 23604 23604 23604 23604 23604 23010 9504 11912 11912 11912 11912 11912 11912 11912 11912 11912 11912 11912 11912 11318 13157 13157 13157 13157 13157 13157 13157 13157 13157 13157 13157 13157 12563 
36280 36280 36280 36280 36280 30952 13028 20354 20354 20354 20354 20354 20354 20354 20354 20354 20354 20354 20354 19688 28564 28564 28564 28564 28564 27898 13384 16064 16064 16064 16064 16064 16064 16064 16064 16064 16064 16064 16064 15398 19693 19693 19693 19693 19693 19693 19693 19693 19693 19693 19693 19693 19027 
46542 46542 46542 46542 46542 41262 23422 11950 11950 11950 11950 11950 11950 11950 11950 11950 11950 11950 11950 11290 29876 29876 29876 29876 29876 29216 14786 16324 16324 16324 16324 16324 16324 16324 16324 16324 16324 16324 16324 15664 3960 3960 3960 3960 3960 3960 3960 3960 3960 3960 3960 3960 3300 
44080 44080 44080 44080 44080 39328 22412 11850 11850 11850 11850 11850 11850 11850 11850 11850 11850 11850 11850 11256 28004 28004 28004 28004 28004 27410 13904 15560 15560 15560 15560 15560 15560 15560 15560 15560 15560 15560 15560 14966 8164 8164 8164 8164 8164 8164 8164 8164 8164 8164 8164 8164 7570 
]

ExternalWorkerWithSkillOnStintCost: [
40236 38556 41412 39396 48384 39312 18216 17400 15930 15180 13650 17970 17550 15960 16020 16140 17700 12780 16890 13560 37728 40824 34920 33768 34560 31680 17964 15900 14130 15330 13920 12090 12240 13230 17850 15450 12000 14820 14040 17940 16620 13230 14190 12900 15360 17910 14520 13920 15570 17100 16590 17040 16980 
46788 34944 44016 46452 39900 43596 21384 12390 12090 17820 17310 16020 15810 16290 16110 14010 17100 14400 13350 13500 35064 41976 41184 42192 41184 38232 19152 14100 17700 17130 17670 12690 15030 12690 12990 17520 16710 14070 12840 16410 13830 14490 12420 12510 14370 12840 17220 13260 13980 14790 14850 13740 12450 
37212 36036 38388 45192 39480 38136 19116 14040 14850 17820 15390 13980 15210 12510 15300 12780 17610 13680 17820 13230 35424 30456 38880 30744 32688 31464 14652 17490 17100 13620 17460 13530 14160 12750 15120 16350 12210 17430 12960 17520 13980 12540 13560 13140 15390 13230 12600 16500 15840 12750 12030 16320 15090 
49392 38052 42840 39648 48132 35448 20736 15660 17790 15030 13710 13980 17130 14940 14040 17640 17280 13020 14730 17490 36648 32400 29736 35496 29304 40320 20088 12840 17730 17940 12180 16710 12780 14100 16050 15510 13260 13590 13020 12150 14610 17310 16350 14250 12360 16800 15330 15630 15210 17700 16950 13260 12750 
34860 43848 41244 37716 47376 40824 15480 15630 14220 16470 12690 15810 12960 16590 16170 14670 15360 17250 17940 17040 41904 33840 37512 42480 42264 31536 19116 13830 17940 14070 15810 15480 16080 16800 16950 17520 17280 16560 12720 17310 14340 15570 15150 16830 16890 16860 15660 16920 13980 13770 16050 17400 13800 
48048 39312 48636 47124 44520 34776 20700 17610 15810 15030 17070 16110 17880 17130 13890 15120 16710 15450 12120 14430 35424 33696 32976 36504 41184 37728 14400 12930 12540 15210 15360 16950 16260 12720 17220 15180 15120 12840 15270 14760 14340 13500 14550 14460 13650 17190 13620 15330 17310 15420 14700 13380 17520 
]

OverlappingStints: [
[ 2 8 9 10 11 21 22 28 29 30 31 41 42 43 44 ]
[ 3 10 11 12 13 21 22 23 30 31 32 33 43 44 45 46 ]
[ 4 12 13 14 15 22 23 24 32 33 34 35 45 46 47 48 ]
[ 5 14 15 16 17 23 24 25 34 35 36 37 47 48 49 50 ]
[ 6 16 17 18 19 24 25 26 36 37 38 39 49 50 51 52 ]
[ 7 18 19 20 25 26 27 38 39 40 51 52 53 ]
[ 20 26 27 40 53 ]
[ 21 28 41 ]
[ 21 29 42 ]
[ 21 22 30 43 ]
[ 22 31 44 ]
[ 22 23 32 45 ]
[ 23 33 46 ]
[ 23 24 34 47 ]
[ 24 35 48 ]
[ 24 25 36 49 ]
[ 25 37 50 ]
[ 25 26 38 51 ]
[ 26 39 52 ]
[ 26 27 40 53 ]
[ 22 28 29 30 41 42 43 ]
[ 23 30 31 32 43 44 45 ]
[ 24 32 33 34 45 46 47 ]
[ 25 34 35 36 47 48 49 ]
[ 26 36 37 38 49 50 51 ]
[ 27 38 39 40 51 52 53 ]
[ 40 53 ]
[ 41 ]
[ 42 ]
[ 43 ]
[ 44 ]
[ 45 ]
[ 46 ]
[ 47 ]
[ 48 ]
[ 49 ]
[ 50 ]
[ 51 ]
[ 52 ]
[ 53 ]
[ ]
[ ]
[ ]
[ ]
[ ]
[ ]
[ ]
[ ]
[ ]
[ ]
[ ]
[ ]
[ ]
]

EmployeesWithSkill: [
[ 1 2 3 4 5 6 7 8 9 10 11 12 13 14 15 16 17 18 19 20 21 22 23 24 25 26 27 28 29 30 31 32 33 34 35 36 37 38 39 40 41 42 43 44 45 46 47 48 49 50 51 52 53 54 55 56 57 58 59 60 61 62 63 64 65 66 67 68 69 70 71 72 73 74 75 76 77 78 79 80 81 82 83 84 85 86 87 88 89 90 91 92 93 94 95 96 97 98 99 100 101 102 103 104 105 106 107 108 109 110 111 112 113 114 115 116 117 118 119 120 ]
[ 46 62 87 100 110 ]
[ 1 2 3 4 5 6 7 8 9 10 11 12 13 14 15 16 17 18 19 20 21 22 23 24 25 26 27 28 29 30 31 32 33 34 35 36 37 38 39 40 41 42 43 44 45 46 47 48 49 50 51 52 53 54 55 56 57 58 59 60 61 62 63 64 65 66 67 68 69 70 71 72 73 74 75 76 77 78 79 80 81 82 83 84 85 86 87 88 89 90 91 92 93 94 95 96 97 98 99 100 101 102 103 104 105 106 107 108 109 110 111 112 113 114 115 116 117 118 119 120 ]
[ 2 6 7 9 10 14 16 18 23 24 25 27 28 29 30 34 36 37 38 39 40 41 43 44 49 51 52 54 56 58 62 63 65 66 68 69 70 71 73 76 78 80 82 85 86 87 94 95 97 98 100 103 106 109 110 113 114 116 118 119 120 ]
[ ]
[ 23 45 66 93 101 ]
]

SkillDemandInActivityWithMode: [
0	0	0	
21	33	14	
18	28	12	
13	21	9	
10	16	7	
41	63	28	
36	55	24	
21	33	14	
32	49	22	
48	73	32	
18	28	12	
17	27	12	
13	21	9	
29	45	20	
11	18	8	
32	49	22	
22	34	15	
26	40	18	
19	30	13	
32	49	22	
22	34	15	
29	45	20	
0	0	0	
1	3	1	
1	3	1	
1	3	1	
1	3	1	
1	3	1	
1	3	1	
1	3	1	
1	3	1	
1	3	1	
1	3	1	
1	3	1	
1	3	1	
1	3	1	
1	3	1	
1	3	1	
1	3	1	
0	0	0	
19	30	13	
14	22	10	
19	30	13	
14	22	10	
11	18	8	
18	28	12	
12	19	8	
18	28	12	
18	28	12	
8	13	6	
11	18	8	
5	9	4	
16	25	11	
6	10	4	
6	10	4	
4	7	3	
8	13	6	
18	28	12	
12	19	8	
0	0	0	
29	45	20	
66	100	44	
66	100	44	
33	51	22	
50	76	34	
66	100	44	
50	76	34	
66	100	44	
50	76	34	
0	0	0	
81	123	54	
108	163	72	
65	99	44	
108	163	72	
108	163	72	
54	82	36	
108	163	72	
108	163	72	
65	99	44	

0	0	0	
0	1	0	
0	1	0	
0	1	0	
0	1	0	
0	1	0	
0	1	0	
0	1	0	
0	1	0	
0	1	0	
0	1	0	
0	1	0	
0	1	0	
0	1	0	
0	1	0	
0	1	0	
0	1	0	
0	1	0	
0	1	0	
0	1	0	
0	1	0	
0	1	0	
0	0	0	
1	3	1	
1	3	1	
1	3	1	
0	1	0	
0	1	0	
0	1	0	
1	3	1	
1	3	1	
1	3	1	
0	1	0	
1	3	1	
0	1	0	
0	1	0	
0	1	0	
0	1	0	
0	1	0	
0	0	0	
2	4	2	
1	3	1	
2	4	2	
1	3	1	
1	3	1	
2	4	2	
1	3	1	
2	4	2	
2	4	2	
0	1	0	
1	3	1	
0	1	0	
1	3	1	
0	1	0	
0	1	0	
0	1	0	
0	1	0	
2	4	2	
1	3	1	
0	0	0	
0	1	0	
1	3	1	
1	3	1	
0	1	0	
1	3	1	
1	3	1	
1	3	1	
1	3	1	
1	3	1	
0	0	0	
3	6	2	
4	7	3	
2	4	2	
4	7	3	
4	7	3	
2	4	2	
4	7	3	
4	7	3	
2	4	2	

0	0	0	
8	13	6	
7	12	5	
5	9	4	
4	7	3	
17	27	12	
15	24	10	
8	13	6	
13	21	9	
20	31	14	
7	12	5	
7	12	5	
5	9	4	
12	19	8	
4	7	3	
13	21	9	
9	15	6	
11	18	8	
8	13	6	
13	21	9	
9	15	6	
12	19	8	
0	0	0	
26	40	18	
26	40	18	
26	40	18	
5	9	4	
22	34	15	
16	25	11	
33	51	22	
26	40	18	
33	51	22	
10	16	7	
26	40	18	
19	30	13	
22	34	15	
11	18	8	
10	16	7	
10	16	7	
0	0	0	
22	34	15	
16	25	11	
22	34	15	
16	25	11	
13	21	9	
22	34	15	
14	22	10	
22	34	15	
22	34	15	
9	15	6	
13	21	9	
6	10	4	
19	30	13	
7	12	5	
7	12	5	
4	7	3	
9	15	6	
22	34	15	
14	22	10	
0	0	0	
6	10	4	
15	24	10	
15	24	10	
7	12	5	
11	18	8	
15	24	10	
11	18	8	
15	24	10	
11	18	8	
0	0	0	
137	207	92	
183	276	122	
110	166	74	
183	276	122	
183	276	122	
91	138	61	
183	276	122	
183	276	122	
110	166	74	

0	0	0	
10	16	7	
9	15	6	
6	10	4	
4	7	3	
21	33	14	
18	28	12	
10	16	7	
16	25	11	
24	37	16	
9	15	6	
8	13	6	
6	10	4	
14	22	10	
5	9	4	
16	25	11	
11	18	8	
13	21	9	
9	15	6	
16	25	11	
11	18	8	
14	22	10	
0	0	0	
1	3	1	
1	3	1	
1	3	1	
0	1	0	
0	1	0	
0	1	0	
1	3	1	
1	3	1	
1	3	1	
0	1	0	
0	1	0	
0	1	0	
0	1	0	
0	1	0	
0	1	0	
0	1	0	
0	0	0	
8	13	6	
6	10	4	
8	13	6	
6	10	4	
4	7	3	
8	13	6	
5	9	4	
8	13	6	
8	13	6	
3	6	2	
4	7	3	
2	4	2	
6	10	4	
2	4	2	
2	4	2	
1	3	1	
3	6	2	
7	12	5	
5	9	4	
0	0	0	
23	36	16	
55	84	37	
55	84	37	
27	42	18	
41	63	28	
55	84	37	
41	63	28	
55	84	37	
41	63	28	
0	0	0	
23	36	16	
31	48	21	
19	30	13	
31	48	21	
31	48	21	
15	24	10	
31	48	21	
31	48	21	
19	30	13	

0	0	0	
0	1	0	
0	1	0	
0	1	0	
0	1	0	
0	1	0	
0	1	0	
0	1	0	
0	1	0	
0	1	0	
0	1	0	
0	1	0	
0	1	0	
0	1	0	
0	1	0	
0	1	0	
0	1	0	
0	1	0	
0	1	0	
0	1	0	
0	1	0	
0	1	0	
0	0	0	
0	1	0	
0	1	0	
0	1	0	
0	1	0	
0	1	0	
0	1	0	
0	1	0	
0	1	0	
0	1	0	
0	1	0	
0	1	0	
0	1	0	
0	1	0	
0	1	0	
0	1	0	
0	1	0	
0	0	0	
0	1	0	
0	1	0	
0	1	0	
0	1	0	
0	1	0	
0	1	0	
0	1	0	
0	1	0	
0	1	0	
0	1	0	
0	1	0	
0	1	0	
0	1	0	
0	1	0	
0	1	0	
0	1	0	
0	1	0	
0	1	0	
0	1	0	
0	0	0	
0	1	0	
0	1	0	
0	1	0	
0	1	0	
0	1	0	
0	1	0	
0	1	0	
0	1	0	
0	1	0	
0	0	0	
0	1	0	
0	1	0	
0	1	0	
0	1	0	
0	1	0	
0	1	0	
0	1	0	
0	1	0	
0	1	0	

0	0	0	
0	1	0	
0	1	0	
0	1	0	
0	1	0	
0	1	0	
0	1	0	
0	1	0	
0	1	0	
0	1	0	
0	1	0	
0	1	0	
0	1	0	
0	1	0	
0	1	0	
0	1	0	
0	1	0	
0	1	0	
0	1	0	
0	1	0	
0	1	0	
0	1	0	
0	0	0	
1	3	1	
1	3	1	
1	3	1	
0	1	0	
1	3	1	
0	1	0	
1	3	1	
1	3	1	
1	3	1	
0	1	0	
1	3	1	
1	3	1	
1	3	1	
0	1	0	
0	1	0	
0	1	0	
0	0	0	
0	1	0	
0	1	0	
0	1	0	
0	1	0	
0	1	0	
0	1	0	
0	1	0	
0	1	0	
0	1	0	
0	1	0	
0	1	0	
0	1	0	
0	1	0	
0	1	0	
0	1	0	
0	1	0	
0	1	0	
0	1	0	
0	1	0	
0	0	0	
1	3	1	
3	6	2	
3	6	2	
1	3	1	
2	4	2	
3	6	2	
2	4	2	
3	6	2	
2	4	2	
0	0	0	
4	7	3	
6	10	4	
3	6	2	
6	10	4	
6	10	4	
3	6	2	
5	9	4	
5	9	4	
3	6	2	

]

EmployeeAvailability: [
1 1 0 1 0 0 1 1 1 1 1 1 1 1 1 0 1 0 1 1 1 1 0 1 0 0 1 1 1 1 1 1 1 1 1 0 1 0 1 1 1 1 1 1 1 1 1 1 0 1 0 1 1 
1 0 0 0 1 1 1 1 1 1 1 0 1 1 1 1 1 1 1 1 1 1 0 0 1 1 1 1 1 1 1 0 1 1 1 1 1 1 1 1 1 1 1 1 0 1 1 1 1 1 1 1 1 
1 1 0 0 0 1 1 1 1 1 1 0 1 1 1 0 1 1 1 1 1 1 0 0 0 1 1 1 1 1 1 0 1 1 1 0 1 1 1 1 1 1 1 1 0 1 1 1 0 1 1 1 1 
1 1 0 1 1 1 1 1 1 1 1 0 1 1 1 1 1 1 1 1 1 1 0 1 1 1 1 1 1 1 1 0 1 1 1 1 1 1 1 1 1 1 1 1 0 1 1 1 1 1 1 1 1 
0 1 1 1 0 1 1 0 1 1 1 1 1 1 1 0 0 1 1 1 0 1 1 1 0 1 1 0 1 1 1 1 1 1 1 0 0 1 1 1 0 1 1 1 1 1 1 1 0 0 1 1 1 
1 1 1 1 1 1 0 1 1 1 1 1 1 1 1 1 1 1 1 0 1 1 1 1 1 1 0 1 1 1 1 1 1 1 1 1 1 1 1 0 1 1 1 1 1 1 1 1 1 1 1 1 0 
1 1 1 0 1 1 1 1 1 1 1 1 1 0 0 1 1 1 1 1 1 1 1 0 1 1 1 1 1 1 1 1 1 0 0 1 1 1 1 1 1 1 1 1 1 1 0 0 1 1 1 1 1 
0 0 1 1 1 1 1 0 1 0 0 1 1 1 1 1 1 1 1 1 0 0 1 1 1 1 1 0 1 0 0 1 1 1 1 1 1 1 1 1 0 1 0 0 1 1 1 1 1 1 1 1 1 
1 1 1 1 1 1 1 1 1 1 1 1 1 1 1 1 1 1 1 1 1 1 1 1 1 1 1 1 1 1 1 1 1 1 1 1 1 1 1 1 1 1 1 1 1 1 1 1 1 1 1 1 1 
1 1 1 1 0 1 1 1 1 1 1 1 1 1 1 1 0 1 1 1 1 1 1 1 0 1 1 1 1 1 1 1 1 1 1 1 0 1 1 1 1 1 1 1 1 1 1 1 1 0 1 1 1 
1 0 1 1 1 1 1 1 1 1 0 1 1 1 1 1 1 1 1 1 1 0 1 1 1 1 1 1 1 1 0 1 1 1 1 1 1 1 1 1 1 1 1 0 1 1 1 1 1 1 1 1 1 
1 1 1 1 1 1 1 1 1 1 1 1 1 1 1 1 1 1 1 1 1 1 1 1 1 1 1 1 1 1 1 1 1 1 1 1 1 1 1 1 1 1 1 1 1 1 1 1 1 1 1 1 1 
1 1 1 1 1 1 1 1 1 1 1 1 1 1 1 1 1 1 1 1 1 1 1 1 1 1 1 1 1 1 1 1 1 1 1 1 1 1 1 1 1 1 1 1 1 1 1 1 1 1 1 1 1 
1 1 1 0 0 1 1 1 1 1 1 1 1 1 1 0 1 1 1 1 1 1 1 0 0 1 1 1 1 1 1 1 1 1 1 0 1 1 1 1 1 1 1 1 1 1 1 1 0 1 1 1 1 
0 1 0 1 1 1 1 1 0 1 1 1 1 1 1 1 1 1 1 1 0 1 0 1 1 1 1 1 0 1 1 1 1 1 1 1 1 1 1 1 1 0 1 1 1 1 1 1 1 1 1 1 1 
1 1 0 0 1 1 1 1 1 1 1 1 0 0 1 1 1 1 1 1 1 1 0 0 1 1 1 1 1 1 1 1 0 0 1 1 1 1 1 1 1 1 1 1 1 0 0 1 1 1 1 1 1 
1 1 1 1 1 1 1 1 1 1 1 1 1 1 1 1 1 1 1 1 1 1 1 1 1 1 1 1 1 1 1 1 1 1 1 1 1 1 1 1 1 1 1 1 1 1 1 1 1 1 1 1 1 
1 1 1 0 1 1 1 1 1 1 1 1 1 0 1 1 1 1 1 1 1 1 1 0 1 1 1 1 1 1 1 1 1 0 1 1 1 1 1 1 1 1 1 1 1 1 0 1 1 1 1 1 1 
1 1 1 1 1 1 1 1 1 1 1 1 1 1 1 1 1 1 1 1 1 1 1 1 1 1 1 1 1 1 1 1 1 1 1 1 1 1 1 1 1 1 1 1 1 1 1 1 1 1 1 1 1 
1 0 1 1 1 1 1 1 1 1 1 1 1 1 1 1 1 1 1 1 1 1 1 1 1 1 1 1 1 1 1 1 1 1 1 1 1 1 1 1 1 1 1 1 1 1 1 1 1 1 1 1 1 
0 0 1 1 1 1 1 0 1 1 1 1 1 1 1 1 1 1 1 1 0 1 1 1 1 1 1 0 1 1 1 1 1 1 1 1 1 1 1 1 0 1 1 1 1 1 1 1 1 1 1 1 1 
1 1 1 1 1 1 0 1 1 1 1 1 1 1 1 1 1 1 1 0 1 1 1 1 1 1 0 1 1 1 1 1 1 1 1 1 1 1 1 0 1 1 1 1 1 1 1 1 1 1 1 1 0 
1 1 1 1 1 1 1 1 1 1 1 1 1 1 1 1 1 1 1 1 1 1 1 1 1 1 1 1 1 1 1 1 1 1 1 1 1 1 1 1 1 1 1 1 1 1 1 1 1 1 1 1 1 
1 1 0 1 1 1 1 1 1 1 1 1 1 1 1 1 1 1 1 1 1 1 1 1 1 1 1 1 1 1 1 1 1 1 1 1 1 1 1 1 1 1 1 1 1 1 1 1 1 1 1 1 1 
1 0 1 1 0 0 1 1 1 1 0 1 1 1 1 1 1 1 0 1 1 0 1 1 1 0 1 1 1 1 0 1 1 1 1 1 1 1 0 1 1 1 1 0 1 1 1 1 1 1 1 0 1 
1 1 0 1 1 0 1 1 1 1 1 1 0 1 1 1 1 1 0 1 1 1 0 1 1 0 1 1 1 1 1 1 0 1 1 1 1 1 0 1 1 1 1 1 1 0 1 1 1 1 1 0 1 
1 0 0 1 0 1 1 1 1 1 1 1 1 1 1 0 1 1 1 1 1 1 1 1 0 1 1 1 1 1 1 1 1 1 1 0 1 1 1 1 1 1 1 1 1 1 1 1 0 1 1 1 1 
1 1 0 1 0 1 1 1 1 1 1 0 1 1 1 0 1 1 1 1 1 1 0 1 0 1 1 1 1 1 1 0 1 1 1 0 1 1 1 1 1 1 1 1 0 1 1 1 0 1 1 1 1 
1 0 1 1 1 1 1 1 1 0 1 1 1 1 1 1 1 1 1 1 1 0 1 1 1 1 1 1 1 0 1 1 1 1 1 1 1 1 1 1 1 1 0 1 1 1 1 1 1 1 1 1 1 
1 1 1 1 1 1 1 1 1 1 1 1 1 1 1 1 1 1 1 1 1 1 1 1 1 1 1 1 1 1 1 1 1 1 1 1 1 1 1 1 1 1 1 1 1 1 1 1 1 1 1 1 1 
1 1 1 1 0 0 0 1 1 1 1 1 1 1 1 1 1 0 1 0 1 1 1 1 1 0 0 1 1 1 1 1 1 1 1 1 1 0 1 0 1 1 1 1 1 1 1 1 1 1 0 1 0 
0 1 1 1 1 1 0 1 0 1 1 1 1 1 1 1 1 1 1 0 0 1 1 1 1 1 0 1 0 1 1 1 1 1 1 1 1 1 1 0 1 0 1 1 1 1 1 1 1 1 1 1 0 
1 1 1 1 1 1 1 1 1 1 1 1 1 1 1 1 1 1 1 1 1 1 1 1 1 1 1 1 1 1 1 1 1 1 1 1 1 1 1 1 1 1 1 1 1 1 1 1 1 1 1 1 1 
0 1 1 1 1 0 1 0 1 1 1 1 1 1 1 1 1 1 1 1 0 1 1 1 1 1 1 0 1 1 1 1 1 1 1 1 1 1 1 1 0 1 1 1 1 1 1 1 1 1 1 1 1 
1 1 1 1 1 1 1 1 1 1 1 1 1 1 1 1 1 1 1 1 1 1 1 1 1 1 1 1 1 1 1 1 1 1 1 1 1 1 1 1 1 1 1 1 1 1 1 1 1 1 1 1 1 
0 0 1 1 1 1 1 0 1 0 0 1 1 1 1 1 1 1 1 1 0 0 1 1 1 1 1 0 1 0 0 1 1 1 1 1 1 1 1 1 0 1 0 0 1 1 1 1 1 1 1 1 1 
1 0 1 1 1 0 1 1 1 0 1 1 1 1 1 1 1 1 1 1 1 0 1 1 1 0 1 1 1 0 1 1 1 1 1 1 1 1 1 1 1 1 0 1 1 1 1 1 1 1 1 1 1 
1 1 1 1 1 1 1 1 1 1 1 1 1 1 1 1 1 1 1 1 1 1 1 1 1 1 1 1 1 1 1 1 1 1 1 1 1 1 1 1 1 1 1 1 1 1 1 1 1 1 1 1 1 
0 0 1 1 1 0 1 0 1 1 1 1 1 1 1 1 1 1 1 1 0 1 1 1 1 1 1 0 1 1 1 1 1 1 1 1 1 1 1 1 0 1 1 1 1 1 1 1 1 1 1 1 1 
1 0 1 1 1 1 1 1 1 1 0 1 1 1 1 1 1 1 1 1 1 0 1 1 1 1 1 1 1 1 0 1 1 1 1 1 1 1 1 1 1 1 1 0 1 1 1 1 1 1 1 1 1 
0 0 1 1 1 0 1 0 1 1 0 1 1 1 1 1 1 1 1 1 0 0 1 1 1 0 1 0 1 1 0 1 1 1 1 1 1 1 1 1 0 1 1 0 1 1 1 1 1 1 1 1 1 
0 1 1 1 0 1 1 0 1 1 1 1 1 1 1 1 1 1 1 1 0 1 1 1 0 1 1 0 1 1 1 1 1 1 1 1 1 1 1 1 0 1 1 1 1 1 1 1 1 1 1 1 1 
1 1 1 1 1 1 1 1 1 1 1 1 1 1 1 1 1 1 1 1 1 1 1 1 1 1 1 1 1 1 1 1 1 1 1 1 1 1 1 1 1 1 1 1 1 1 1 1 1 1 1 1 1 
1 1 1 0 0 1 1 1 1 1 1 1 1 0 1 1 0 1 1 1 1 1 1 0 0 1 1 1 1 1 1 1 1 0 1 1 0 1 1 1 1 1 1 1 1 1 0 1 1 0 1 1 1 
1 0 1 0 1 1 1 1 1 0 1 1 1 0 1 1 1 1 1 1 1 0 1 0 1 1 1 1 1 0 1 1 1 0 1 1 1 1 1 1 1 1 0 1 1 1 0 1 1 1 1 1 1 
1 0 1 1 1 1 1 1 1 0 1 1 1 1 1 1 1 1 1 1 1 0 1 1 1 1 1 1 1 0 1 1 1 1 1 1 1 1 1 1 1 1 0 1 1 1 1 1 1 1 1 1 1 
1 1 0 1 1 1 1 1 1 1 1 1 0 1 1 1 1 1 1 1 1 1 0 1 1 1 1 1 1 1 1 1 0 1 1 1 1 1 1 1 1 1 1 1 1 0 1 1 1 1 1 1 1 
0 1 1 1 0 1 1 1 0 1 1 1 1 1 1 1 0 1 1 1 0 1 1 1 0 1 1 1 0 1 1 1 1 1 1 1 0 1 1 1 1 0 1 1 1 1 1 1 1 0 1 1 1 
1 1 1 1 1 1 1 1 1 1 1 1 1 1 1 1 1 1 1 1 1 1 1 1 1 1 1 1 1 1 1 1 1 1 1 1 1 1 1 1 1 1 1 1 1 1 1 1 1 1 1 1 1 
1 1 1 1 1 1 1 1 1 1 1 1 1 1 1 1 1 1 1 1 1 1 1 1 1 1 1 1 1 1 1 1 1 1 1 1 1 1 1 1 1 1 1 1 1 1 1 1 1 1 1 1 1 
0 1 1 1 1 0 1 1 0 1 1 1 1 1 1 1 1 1 1 1 0 1 1 1 1 0 1 1 0 1 1 1 1 1 1 1 1 1 1 1 1 0 1 1 1 1 1 1 1 1 1 1 1 
1 1 1 1 0 1 1 1 1 1 1 1 1 1 1 1 0 1 1 1 1 1 1 1 0 1 1 1 1 1 1 1 1 1 1 1 0 1 1 1 1 1 1 1 1 1 1 1 1 0 1 1 1 
1 1 1 1 0 1 0 1 1 1 1 1 1 1 1 1 1 1 1 0 1 1 1 1 1 1 0 1 1 1 1 1 1 1 1 1 1 1 1 0 1 1 1 1 1 1 1 1 1 1 1 1 0 
1 1 1 1 1 1 1 1 1 1 1 1 1 1 1 1 1 1 1 1 1 1 1 1 1 1 1 1 1 1 1 1 1 1 1 1 1 1 1 1 1 1 1 1 1 1 1 1 1 1 1 1 1 
1 0 1 1 0 0 1 1 1 0 1 1 1 1 1 0 1 0 1 1 1 0 1 1 0 0 1 1 1 0 1 1 1 1 1 0 1 0 1 1 1 1 0 1 1 1 1 1 0 1 0 1 1 
1 0 0 1 1 1 0 1 1 1 0 1 0 1 1 1 1 1 1 1 1 0 0 1 1 1 0 1 1 1 0 1 0 1 1 1 1 1 1 1 1 1 1 0 1 0 1 1 1 1 1 1 1 
1 1 1 0 1 1 1 1 1 1 1 1 1 1 1 1 1 1 1 1 1 1 1 0 1 1 1 1 1 1 1 1 1 1 1 1 1 1 1 1 1 1 1 1 1 1 1 1 1 1 1 1 1 
1 1 1 1 1 1 1 1 1 1 1 1 1 1 1 1 1 1 1 1 1 1 1 1 1 1 1 1 1 1 1 1 1 1 1 1 1 1 1 1 1 1 1 1 1 1 1 1 1 1 1 1 1 
1 1 1 0 1 1 1 1 1 1 1 1 1 1 0 1 1 1 1 1 1 1 1 0 1 1 1 1 1 1 1 1 1 1 0 1 1 1 1 1 1 1 1 1 1 1 1 0 1 1 1 1 1 
1 1 1 1 0 0 1 1 1 1 1 1 1 1 1 1 1 0 1 1 1 1 1 1 0 0 1 1 1 1 1 1 1 1 1 1 1 0 1 1 1 1 1 1 1 1 1 1 1 1 0 1 1 
0 1 1 1 1 1 0 0 1 1 1 1 1 1 1 1 1 1 1 0 0 1 1 1 1 1 0 0 1 1 1 1 1 1 1 1 1 1 1 0 0 1 1 1 1 1 1 1 1 1 1 1 0 
1 1 1 0 1 1 1 1 1 1 1 1 1 1 0 1 1 1 1 1 1 1 1 0 1 1 1 1 1 1 1 1 1 1 0 1 1 1 1 1 1 1 1 1 1 1 1 0 1 1 1 1 1 
1 1 1 1 1 1 1 1 1 1 1 1 1 1 1 1 1 1 1 1 1 1 1 1 1 1 1 1 1 1 1 1 1 1 1 1 1 1 1 1 1 1 1 1 1 1 1 1 1 1 1 1 1 
1 1 1 1 1 1 1 1 1 1 1 1 1 1 1 1 1 1 1 1 1 1 1 1 1 1 1 1 1 1 1 1 1 1 1 1 1 1 1 1 1 1 1 1 1 1 1 1 1 1 1 1 1 
1 1 1 1 1 1 0 1 1 1 1 1 1 1 1 1 1 1 1 0 1 1 1 1 1 1 0 1 1 1 1 1 1 1 1 1 1 1 1 0 1 1 1 1 1 1 1 1 1 1 1 1 0 
1 1 1 0 0 0 1 1 1 1 1 1 1 1 1 1 1 1 0 1 1 1 1 0 0 0 1 1 1 1 1 1 1 1 1 1 1 1 0 1 1 1 1 1 1 1 1 1 1 1 1 0 1 
1 0 1 1 0 0 1 1 1 1 1 1 1 1 1 1 0 1 1 1 1 1 1 1 0 0 1 1 1 1 1 1 1 1 1 1 0 1 1 1 1 1 1 1 1 1 1 1 1 0 1 1 1 
1 1 1 1 1 1 1 1 1 1 1 1 1 1 1 1 1 1 1 1 1 1 1 1 1 1 1 1 1 1 1 1 1 1 1 1 1 1 1 1 1 1 1 1 1 1 1 1 1 1 1 1 1 
1 1 1 1 1 1 1 1 1 1 1 1 1 1 1 1 1 1 1 1 1 1 1 1 1 1 1 1 1 1 1 1 1 1 1 1 1 1 1 1 1 1 1 1 1 1 1 1 1 1 1 1 1 
1 1 1 1 0 1 1 1 1 1 1 1 1 1 1 1 1 1 1 1 1 1 1 1 0 1 1 1 1 1 1 1 1 1 1 1 1 1 1 1 1 1 1 1 1 1 1 1 1 1 1 1 1 
0 1 1 1 1 1 0 1 0 1 1 1 1 1 1 1 1 1 1 0 0 1 1 1 1 1 0 1 0 1 1 1 1 1 1 1 1 1 1 0 1 0 1 1 1 1 1 1 1 1 1 1 0 
0 1 1 0 0 1 1 1 0 1 1 1 1 1 1 1 0 1 1 1 0 1 1 0 0 1 1 1 0 1 1 1 1 1 1 1 0 1 1 1 1 0 1 1 1 1 1 1 1 0 1 1 1 
1 1 1 1 1 1 1 1 1 1 1 1 1 1 1 1 1 1 1 1 1 1 1 1 1 1 1 1 1 1 1 1 1 1 1 1 1 1 1 1 1 1 1 1 1 1 1 1 1 1 1 1 1 
0 1 0 1 1 0 1 1 1 1 1 1 0 1 1 1 1 0 1 1 1 1 0 1 1 0 1 1 1 1 1 1 0 1 1 1 1 0 1 1 1 1 1 1 1 0 1 1 1 1 0 1 1 
1 0 1 1 1 1 1 1 1 0 1 1 1 1 1 1 1 1 1 1 1 0 1 1 1 1 1 1 1 0 1 1 1 1 1 1 1 1 1 1 1 1 0 1 1 1 1 1 1 1 1 1 1 
0 1 0 1 1 1 1 1 0 1 1 0 1 1 1 1 1 1 1 1 0 1 0 1 1 1 1 1 0 1 1 0 1 1 1 1 1 1 1 1 1 0 1 1 0 1 1 1 1 1 1 1 1 
1 0 1 1 1 1 1 1 1 0 1 1 1 1 1 1 1 1 1 1 1 0 1 1 1 1 1 1 1 0 1 1 1 1 1 1 1 1 1 1 1 1 0 1 1 1 1 1 1 1 1 1 1 
1 1 0 1 0 1 1 1 1 1 1 0 1 1 1 1 1 1 1 1 1 1 0 1 1 1 1 1 1 1 1 0 1 1 1 1 1 1 1 1 1 1 1 1 0 1 1 1 1 1 1 1 1 
1 0 1 1 1 1 1 1 1 0 1 1 1 1 1 1 1 1 1 1 1 0 1 1 1 1 1 1 1 0 1 1 1 1 1 1 1 1 1 1 1 1 0 1 1 1 1 1 1 1 1 1 1 
1 1 1 1 1 1 1 1 1 1 1 1 1 1 1 1 1 1 1 1 1 1 1 1 1 1 1 1 1 1 1 1 1 1 1 1 1 1 1 1 1 1 1 1 1 1 1 1 1 1 1 1 1 
1 0 1 1 1 1 1 1 1 1 1 1 1 1 1 1 1 1 1 1 1 0 1 1 1 1 1 1 1 1 1 1 1 1 1 1 1 1 1 1 1 1 1 1 1 1 1 1 1 1 1 1 1 
1 1 1 1 1 1 1 1 1 1 1 1 1 1 1 1 1 1 1 1 1 1 1 1 1 1 1 1 1 1 1 1 1 1 1 1 1 1 1 1 1 1 1 1 1 1 1 1 1 1 1 1 1 
1 1 1 0 1 1 0 1 1 1 1 1 1 0 1 1 1 1 1 0 1 1 1 0 1 1 0 1 1 1 1 1 1 0 1 1 1 1 1 0 1 1 1 1 1 1 0 1 1 1 1 1 0 
1 1 1 1 1 1 1 1 1 1 1 1 1 1 1 1 1 1 1 1 1 1 1 1 1 1 1 1 1 1 1 1 1 1 1 1 1 1 1 1 1 1 1 1 1 1 1 1 1 1 1 1 1 
1 1 1 1 1 1 1 1 1 1 1 1 1 1 1 1 1 1 1 1 1 1 1 1 1 1 1 1 1 1 1 1 1 1 1 1 1 1 1 1 1 1 1 1 1 1 1 1 1 1 1 1 1 
1 1 0 1 1 1 1 1 1 1 1 1 0 1 1 1 1 1 1 1 1 1 0 1 1 1 1 1 1 1 1 1 0 1 1 1 1 1 1 1 1 1 1 1 1 0 1 1 1 1 1 1 1 
1 0 1 1 1 0 1 1 1 1 1 1 1 1 1 1 1 0 1 1 1 1 1 1 1 0 1 1 1 1 1 1 1 1 1 1 1 0 1 1 1 1 1 1 1 1 1 1 1 1 0 1 1 
1 0 1 1 1 1 1 1 1 1 1 1 1 1 1 1 1 1 1 1 1 1 1 1 1 1 1 1 1 1 1 1 1 1 1 1 1 1 1 1 1 1 1 1 1 1 1 1 1 1 1 1 1 
1 1 0 1 0 1 1 1 1 1 1 1 0 1 1 1 0 1 1 1 1 1 0 1 0 1 1 1 1 1 1 1 0 1 1 1 0 1 1 1 1 1 1 1 1 0 1 1 1 0 1 1 1 
1 1 1 0 1 0 1 1 1 1 1 1 1 0 1 1 1 1 1 1 1 1 1 0 1 0 1 1 1 1 1 1 1 0 1 1 1 1 1 1 1 1 1 1 1 1 0 1 1 1 1 1 1 
1 1 1 1 1 0 1 1 1 1 1 1 1 1 1 1 1 1 0 1 1 1 1 1 1 0 1 1 1 1 1 1 1 1 1 1 1 1 0 1 1 1 1 1 1 1 1 1 1 1 1 0 1 
1 1 0 1 1 1 1 1 1 1 1 0 1 1 1 1 1 1 1 1 1 1 0 1 1 1 1 1 1 1 1 0 1 1 1 1 1 1 1 1 1 1 1 1 0 1 1 1 1 1 1 1 1 
1 1 0 1 1 1 1 1 1 1 1 1 0 1 1 1 1 1 1 1 1 1 0 1 1 1 1 1 1 1 1 1 0 1 1 1 1 1 1 1 1 1 1 1 1 0 1 1 1 1 1 1 1 
1 0 1 1 1 1 1 1 1 1 1 1 1 1 1 1 1 1 1 1 1 0 1 1 1 1 1 1 1 1 1 1 1 1 1 1 1 1 1 1 1 1 1 1 1 1 1 1 1 1 1 1 1 
1 1 1 1 1 1 1 1 1 1 1 1 1 1 1 1 1 1 1 1 1 1 1 1 1 1 1 1 1 1 1 1 1 1 1 1 1 1 1 1 1 1 1 1 1 1 1 1 1 1 1 1 1 
0 0 1 1 1 1 0 1 0 0 1 1 1 1 1 1 1 1 1 0 0 0 1 1 1 1 0 1 0 0 1 1 1 1 1 1 1 1 1 0 1 0 0 1 1 1 1 1 1 1 1 1 0 
1 1 1 1 1 0 1 1 1 1 1 1 1 1 1 1 1 1 1 1 1 1 1 1 1 0 1 1 1 1 1 1 1 1 1 1 1 1 1 1 1 1 1 1 1 1 1 1 1 1 1 1 1 
0 1 1 0 1 0 1 0 1 1 1 1 1 1 1 1 1 1 1 1 0 1 1 0 1 0 1 0 1 1 1 1 1 1 1 1 1 1 1 1 0 1 1 1 1 1 1 1 1 1 1 1 1 
1 1 1 0 1 1 1 1 1 1 1 1 1 0 1 1 1 1 1 1 1 1 1 0 1 1 1 1 1 1 1 1 1 0 1 1 1 1 1 1 1 1 1 1 1 1 0 1 1 1 1 1 1 
1 1 1 1 0 0 1 1 1 1 1 1 1 1 1 1 0 1 0 1 1 1 1 1 0 0 1 1 1 1 1 1 1 1 1 1 0 1 0 1 1 1 1 1 1 1 1 1 1 0 1 0 1 
1 1 0 0 1 0 1 1 1 1 1 1 1 0 1 1 1 1 1 1 1 1 1 0 1 1 1 1 1 1 1 1 1 0 1 1 1 1 1 1 1 1 1 1 1 1 0 1 1 1 1 1 1 
1 1 1 1 1 1 1 1 1 1 1 1 1 1 1 1 1 1 1 1 1 1 1 1 1 1 1 1 1 1 1 1 1 1 1 1 1 1 1 1 1 1 1 1 1 1 1 1 1 1 1 1 1 
1 0 1 1 1 1 1 1 1 0 1 1 1 1 1 1 1 1 1 1 1 0 1 1 1 1 1 1 1 0 1 1 1 1 1 1 1 1 1 1 1 1 0 1 1 1 1 1 1 1 1 1 1 
1 1 0 1 1 0 1 1 1 1 1 0 1 1 1 1 1 1 0 1 1 1 0 1 1 0 1 1 1 1 1 0 1 1 1 1 1 1 0 1 1 1 1 1 0 1 1 1 1 1 1 0 1 
1 1 1 1 0 1 0 1 1 1 1 1 1 1 1 0 1 1 1 0 1 1 1 1 0 1 0 1 1 1 1 1 1 1 1 0 1 1 1 0 1 1 1 1 1 1 1 1 0 1 1 1 0 
1 1 1 1 1 1 1 1 1 1 1 1 1 1 1 1 1 1 1 1 1 1 1 1 1 1 1 1 1 1 1 1 1 1 1 1 1 1 1 1 1 1 1 1 1 1 1 1 1 1 1 1 1 
1 1 1 1 1 1 1 1 1 1 1 1 1 1 1 1 1 1 1 1 1 1 1 1 1 1 1 1 1 1 1 1 1 1 1 1 1 1 1 1 1 1 1 1 1 1 1 1 1 1 1 1 1 
1 1 1 1 1 1 1 1 1 1 1 1 1 1 1 1 1 1 1 1 1 1 1 1 1 1 1 1 1 1 1 1 1 1 1 1 1 1 1 1 1 1 1 1 1 1 1 1 1 1 1 1 1 
1 0 1 1 1 0 0 1 1 0 1 1 1 1 1 1 1 0 1 1 1 0 1 1 1 0 0 1 1 0 1 1 1 1 1 1 1 0 1 1 1 1 0 1 1 1 1 1 1 1 0 1 1 
1 1 1 1 1 1 1 1 1 1 1 1 1 1 1 1 1 1 1 1 1 1 1 1 1 1 1 1 1 1 1 1 1 1 1 1 1 1 1 1 1 1 1 1 1 1 1 1 1 1 1 1 1 
1 1 1 1 1 1 1 1 1 1 1 1 1 1 1 1 1 1 1 1 1 1 1 1 1 1 1 1 1 1 1 1 1 1 1 1 1 1 1 1 1 1 1 1 1 1 1 1 1 1 1 1 1 
1 1 0 1 1 1 1 1 1 1 1 0 0 1 1 1 1 1 1 1 1 1 0 1 1 1 1 1 1 1 1 0 0 1 1 1 1 1 1 1 1 1 1 1 0 0 1 1 1 1 1 1 1 
1 1 1 1 1 0 1 1 1 1 1 1 1 1 1 1 1 1 0 1 1 1 1 1 1 0 1 1 1 1 1 1 1 1 1 1 1 1 0 1 1 1 1 1 1 1 1 1 1 1 1 0 1 
0 1 1 0 1 0 1 0 1 1 1 1 1 0 1 1 1 0 1 1 0 1 1 0 1 0 1 0 1 1 1 1 1 0 1 1 1 0 1 1 0 1 1 1 1 1 0 1 1 1 0 1 1 
0 1 1 0 1 0 1 1 1 1 1 1 1 1 0 1 1 0 1 1 0 1 1 0 1 0 1 1 1 1 1 1 1 1 0 1 1 0 1 1 1 1 1 1 1 1 1 0 1 1 0 1 1 
1 1 1 1 1 1 1 1 1 1 1 1 1 1 1 1 1 1 1 1 1 1 1 1 1 1 1 1 1 1 1 1 1 1 1 1 1 1 1 1 1 1 1 1 1 1 1 1 1 1 1 1 1 
1 1 1 1 0 1 1 1 1 1 1 1 1 1 1 1 0 1 1 1 1 1 1 1 0 1 1 1 1 1 1 1 1 1 1 1 0 1 1 1 1 1 1 1 1 1 1 1 1 0 1 1 1 
1 1 1 1 0 1 1 1 1 1 1 1 1 1 1 0 1 1 1 1 1 1 1 1 0 1 1 1 1 1 1 1 1 1 1 0 1 1 1 1 1 1 1 1 1 1 1 1 0 1 1 1 1 
1 1 1 0 1 1 0 1 1 1 1 1 1 1 0 1 1 1 1 0 1 1 1 0 1 1 0 1 1 1 1 1 1 1 0 1 1 1 1 0 1 1 1 1 1 1 1 0 1 1 1 1 0 
1 1 1 1 1 1 1 1 1 1 1 1 1 1 1 1 1 1 1 1 1 1 1 1 1 1 1 1 1 1 1 1 1 1 1 1 1 1 1 1 1 1 1 1 1 1 1 1 1 1 1 1 1 
]

EmployeeWantedInStint: [ (2 49) 1 (3 9) 1 (3 19) 1 (3 50) 1 (3 52) 1 (7 32) 1 (7 39) 1 (8 11) 1 (9 17) 1 (10 7) 1 (11 6) 1 (11 35) 1 (11 46) 1 (12 5) 1 (12 26) 1 (12 29) 1 (13 31) 1 (14 24) 1 (15 12) 1 (15 27) 1 (17 16) 1 (17 34) 1 (18 49) 1 (19 2) 1 (19 12) 1 (21 42) 1 (22 7) 1 (23 3) 1 (25 40) 1 (26 10) 1 (26 16) 1 (26 42) 1 (27 43) 1 (28 30) 1 (28 52) 1 (29 36) 1 (30 9) 1 (30 11) 1 (31 10) 1 (31 32) 1 (32 23) 1 (32 24) 1 (32 25) 1 (33 26) 1 (39 47) 1 (40 16) 1 (41 5) 1 (41 12) 1 (42 16) 1 (44 28) 1 (44 33) 1 (45 46) 1 (46 39) 1 (46 48) 1 (47 30) 1 (47 34) 1 (48 12) 1 (48 17) 1 (48 32) 1 (49 41) 1 (50 38) 1 (50 49) 1 (51 6) 1 (51 10) 1 (52 7) 1 (52 21) 1 (53 29) 1 (54 6) 1 (54 31) 1 (55 5) 1 (55 35) 1 (56 35) 1 (58 11) 1 (58 32) 1 (58 42) 1 (59 33) 1 (60 53) 1 (61 14) 1 (61 25) 1 (63 24) 1 (64 18) 1 (64 26) 1 (64 48) 1 (65 3) 1 (67 11) 1 (67 17) 1 (68 53) 1 (69 10) 1 (69 27) 1 (70 31) 1 (74 18) 1 (74 50) 1 (75 46) 1 (76 11) 1 (76 23) 1 (76 36) 1 (77 28) 1 (78 38) 1 (79 46) 1 (82 6) 1 (83 10) 1 (83 20) 1 (84 9) 1 (84 49) 1 (85 2) 1 (86 1) 1 (86 7) 1 (87 9) 1 (87 22) 1 (88 15) 1 (88 49) 1 (89 8) 1 (90 14) 1 (90 43) 1 (92 8) 1 (92 47) 1 (93 11) 1 (94 32) 1 (96 31) 1 (97 46) 1 (97 52) 1 (98 4) 1 (99 25) 1 (99 28) 1 (99 38) 1 (100 3) 1 (100 34) 1 (102 40) 1 (103 27) 1 (103 29) 1 (103 41) 1 (104 29) 1 (104 40) 1 (104 41) 1 (105 24) 1 (107 48) 1 (108 35) 1 (109 28) 1 (110 18) 1 (113 2) 1 (114 3) 1 (114 20) 1 (115 16) 1 (115 33) 1 (116 1) 1 (116 30) 1 (117 2) 1 (117 47) 1 (119 25) 1 ]

EmployeeWantedViolationCost: [ (2 49) 9000 (3 9) 12000 (3 19) 13000 (3 50) 7000 (3 52) 11000 (7 32) 11000 (7 39) 11000 (8 11) 11000 (9 17) 11000 (10 7) 13000 (11 6) 15000 (11 35) 7000 (11 46) 13000 (12 5) 15000 (12 26) 5000 (12 29) 13000 (13 31) 9000 (14 24) 7000 (15 12) 15000 (15 27) 7000 (17 16) 6000 (17 34) 10000 (18 49) 7000 (19 2) 6000 (19 12) 5000 (21 42) 10000 (22 7) 14000 (23 3) 5000 (25 40) 14000 (26 10) 9000 (26 16) 12000 (26 42) 11000 (27 43) 15000 (28 30) 8000 (28 52) 13000 (29 36) 6000 (30 9) 10000 (30 11) 14000 (31 10) 13000 (31 32) 8000 (32 23) 11000 (32 24) 11000 (32 25) 15000 (33 26) 8000 (39 47) 7000 (40 16) 5000 (41 5) 12000 (41 12) 6000 (42 16) 8000 (44 28) 6000 (44 33) 12000 (45 46) 7000 (46 39) 5000 (46 48) 10000 (47 30) 15000 (47 34) 12000 (48 12) 7000 (48 17) 6000 (48 32) 14000 (49 41) 5000 (50 38) 11000 (50 49) 9000 (51 6) 8000 (51 10) 5000 (52 7) 14000 (52 21) 15000 (53 29) 6000 (54 6) 14000 (54 31) 14000 (55 5) 13000 (55 35) 12000 (56 35) 6000 (58 11) 12000 (58 32) 12000 (58 42) 11000 (59 33) 5000 (60 53) 14000 (61 14) 9000 (61 25) 5000 (63 24) 14000 (64 18) 6000 (64 26) 6000 (64 48) 13000 (65 3) 8000 (67 11) 6000 (67 17) 11000 (68 53) 6000 (69 10) 13000 (69 27) 10000 (70 31) 11000 (74 18) 5000 (74 50) 10000 (75 46) 12000 (76 11) 13000 (76 23) 5000 (76 36) 6000 (77 28) 5000 (78 38) 12000 (79 46) 10000 (82 6) 7000 (83 10) 11000 (83 20) 9000 (84 9) 13000 (84 49) 9000 (85 2) 12000 (86 1) 9000 (86 7) 14000 (87 9) 12000 (87 22) 13000 (88 15) 7000 (88 49) 13000 (89 8) 5000 (90 14) 12000 (90 43) 9000 (92 8) 15000 (92 47) 8000 (93 11) 11000 (94 32) 9000 (96 31) 7000 (97 46) 15000 (97 52) 11000 (98 4) 8000 (99 25) 6000 (99 28) 13000 (99 38) 7000 (100 3) 11000 (100 34) 8000 (102 40) 7000 (103 27) 7000 (103 29) 8000 (103 41) 7000 (104 29) 6000 (104 40) 15000 (104 41) 14000 (105 24) 13000 (107 48) 9000 (108 35) 11000 (109 28) 14000 (110 18) 7000 (113 2) 9000 (114 3) 12000 (114 20) 7000 (115 16) 5000 (115 33) 15000 (116 1) 10000 (116 30) 13000 (117 2) 5000 (117 47) 11000 (119 25) 10000 ]

EmployeesThatShouldNotWorkTogetherWithEmployee: [
[ 21 61 77 80 ]
[ 21 27 30 59 63 96 112 ]
[ 7 14 28 43 74 81 93 110 ]
[ 38 51 55 67 77 ]
[ 12 14 46 62 80 99 ]
[ 24 75 ]
[ 16 98 111 ]
[ 13 19 23 26 32 68 89 102 112 ]
[ 27 65 69 77 86 100 ]
[ 48 114 ]
[ 32 34 59 69 77 93 ]
[ 28 34 61 ]
[ 87 109 ]
[ 23 32 45 48 ]
[ 37 38 80 96 98 ]
[ 31 82 ]
[ 43 46 53 58 74 113 ]
[ 32 38 68 86 88 97 ]
[ 29 54 93 ]
[ 46 48 80 93 94 ]
[ 42 49 55 75 99 114 ]
[ 35 49 114 116 ]
[ 37 50 53 108 117 ]
[ 32 45 52 68 ]
[ 65 68 69 115 ]
[ 35 45 55 80 ]
[ 44 95 ]
[ 39 ]
[ 33 38 69 79 ]
[ 55 63 78 97 101 115 ]
[ 32 52 55 104 ]
[ 41 54 83 91 93 98 118 ]
[ 37 44 65 ]
[ 35 55 60 110 113 ]
[ 47 52 79 87 ]
[ 46 47 62 69 ]
[ 55 66 111 116 ]
[ ]
[ 59 64 71 82 87 88 99 ]
[ 57 72 73 76 90 117 ]
[ 69 93 94 103 107 ]
[ 63 79 81 107 ]
[ 46 72 75 90 ]
[ 65 88 90 92 111 ]
[ 57 101 ]
[ 58 70 73 82 92 ]
[ 68 94 114 118 ]
[ 92 99 ]
[ 90 107 118 ]
[ 104 ]
[ 57 82 101 107 ]
[ 61 67 77 80 ]
[ 70 108 112 ]
[ 68 96 120 ]
[ 68 75 87 ]
[ 69 80 85 ]
[ 93 102 111 ]
[ 62 99 110 ]
[ 84 91 ]
[ 68 78 100 ]
[ ]
[ 93 ]
[ 79 95 104 113 116 ]
[ 100 102 ]
[ 107 ]
[ 72 ]
[ ]
[ 99 110 ]
[ ]
[ 85 89 ]
[ ]
[ 110 ]
[ 79 115 117 ]
[ 114 ]
[ 118 ]
[ 87 93 ]
[ 93 112 ]
[ ]
[ 89 112 ]
[ 86 116 119 ]
[ ]
[ 104 115 ]
[ 102 112 119 ]
[ 97 ]
[ 114 ]
[ 88 120 ]
[ 92 ]
[ 97 103 ]
[ 102 107 ]
[ 93 115 ]
[ ]
[ ]
[ 113 115 ]
[ 112 113 ]
[ ]
[ 107 ]
[ 107 ]
[ 106 108 ]
[ 118 ]
[ 113 ]
[ ]
[ ]
[ ]
[ 109 ]
[ ]
[ 108 ]
[ 112 ]
[ ]
[ ]
[ ]
[ 114 ]
[ ]
[ ]
[ 120 ]
[ ]
[ ]
[ ]
[ ]
[ ]
[ ]
]

ShouldNotWorkTogetherCost: [ (1 21) 198 (1 61) 396 (1 77) 297 (1 80) 99 (2 21) 198 (2 27) 297 (2 30) 297 (2 59) 198 (2 63) 198 (2 96) 198 (2 112) 198 (3 7) 99 (3 14) 99 (3 28) 198 (3 43) 396 (3 74) 198 (3 81) 198 (3 93) 198 (3 110) 396 (4 38) 396 (4 51) 99 (4 55) 297 (4 67) 99 (4 77) 396 (5 12) 297 (5 14) 396 (5 46) 297 (5 62) 99 (5 80) 198 (5 99) 99 (6 24) 99 (6 75) 297 (7 16) 198 (7 98) 297 (7 111) 396 (8 13) 198 (8 19) 396 (8 23) 198 (8 26) 396 (8 32) 198 (8 68) 198 (8 89) 198 (8 102) 99 (8 112) 396 (9 27) 297 (9 65) 198 (9 69) 297 (9 77) 198 (9 86) 99 (9 100) 297 (10 48) 396 (10 114) 297 (11 32) 198 (11 34) 198 (11 59) 198 (11 69) 396 (11 77) 198 (11 93) 198 (12 28) 198 (12 34) 396 (12 61) 99 (13 87) 198 (13 109) 297 (14 23) 396 (14 32) 297 (14 45) 297 (14 48) 396 (15 37) 297 (15 38) 99 (15 80) 198 (15 96) 297 (15 98) 99 (16 31) 396 (16 82) 297 (17 43) 99 (17 46) 99 (17 53) 396 (17 58) 198 (17 74) 297 (17 113) 297 (18 32) 297 (18 38) 396 (18 68) 99 (18 86) 198 (18 88) 99 (18 97) 198 (19 29) 198 (19 54) 99 (19 93) 396 (20 46) 396 (20 48) 99 (20 80) 99 (20 93) 198 (20 94) 396 (21 42) 198 (21 49) 297 (21 55) 396 (21 75) 99 (21 99) 396 (21 114) 297 (22 35) 297 (22 49) 99 (22 114) 99 (22 116) 297 (23 37) 396 (23 50) 198 (23 53) 198 (23 108) 396 (23 117) 99 (24 32) 396 (24 45) 198 (24 52) 198 (24 68) 297 (25 65) 198 (25 68) 99 (25 69) 297 (25 115) 198 (26 35) 297 (26 45) 99 (26 55) 297 (26 80) 396 (27 44) 198 (27 95) 198 (28 39) 99 (29 33) 198 (29 38) 99 (29 69) 99 (29 79) 396 (30 55) 396 (30 63) 297 (30 78) 99 (30 97) 99 (30 101) 297 (30 115) 396 (31 32) 198 (31 52) 396 (31 55) 297 (31 104) 297 (32 41) 297 (32 54) 198 (32 83) 99 (32 91) 99 (32 93) 99 (32 98) 297 (32 118) 297 (33 37) 198 (33 44) 396 (33 65) 198 (34 35) 297 (34 55) 198 (34 60) 396 (34 110) 198 (34 113) 198 (35 47) 396 (35 52) 198 (35 79) 297 (35 87) 297 (36 46) 99 (36 47) 297 (36 62) 297 (36 69) 99 (37 55) 297 (37 66) 297 (37 111) 297 (37 116) 198 (39 59) 99 (39 64) 297 (39 71) 99 (39 82) 198 (39 87) 297 (39 88) 396 (39 99) 99 (40 57) 99 (40 72) 198 (40 73) 198 (40 76) 297 (40 90) 297 (40 117) 198 (41 69) 99 (41 93) 297 (41 94) 297 (41 103) 198 (41 107) 99 (42 63) 297 (42 79) 396 (42 81) 396 (42 107) 99 (43 46) 99 (43 72) 297 (43 75) 396 (43 90) 99 (44 65) 297 (44 88) 396 (44 90) 198 (44 92) 198 (44 111) 396 (45 57) 297 (45 101) 297 (46 58) 99 (46 70) 396 (46 73) 99 (46 82) 198 (46 92) 297 (47 68) 198 (47 94) 99 (47 114) 297 (47 118) 99 (48 92) 198 (48 99) 396 (49 90) 198 (49 107) 198 (49 118) 396 (50 104) 198 (51 57) 99 (51 82) 297 (51 101) 99 (51 107) 198 (52 61) 297 (52 67) 99 (52 77) 99 (52 80) 99 (53 70) 297 (53 108) 396 (53 112) 297 (54 68) 297 (54 96) 198 (54 120) 396 (55 68) 396 (55 75) 99 (55 87) 198 (56 69) 396 (56 80) 396 (56 85) 198 (57 93) 99 (57 102) 99 (57 111) 297 (58 62) 396 (58 99) 99 (58 110) 99 (59 84) 99 (59 91) 396 (60 68) 396 (60 78) 297 (60 100) 99 (62 93) 396 (63 79) 297 (63 95) 198 (63 104) 297 (63 113) 396 (63 116) 99 (64 100) 396 (64 102) 99 (65 107) 99 (66 72) 198 (68 99) 396 (68 110) 198 (70 85) 99 (70 89) 396 (72 110) 198 (73 79) 297 (73 115) 198 (73 117) 297 (74 114) 297 (75 118) 198 (76 87) 396 (76 93) 198 (77 93) 198 (77 112) 198 (79 89) 99 (79 112) 99 (80 86) 99 (80 116) 198 (80 119) 99 (82 104) 99 (82 115) 198 (83 102) 396 (83 112) 396 (83 119) 396 (84 97) 99 (85 114) 99 (86 88) 396 (86 120) 99 (87 92) 297 (88 97) 99 (88 103) 99 (89 102) 99 (89 107) 198 (90 93) 297 (90 115) 396 (93 113) 198 (93 115) 297 (94 112) 99 (94 113) 396 (96 107) 396 (97 107) 297 (98 106) 297 (98 108) 198 (99 118) 396 (100 113) 99 (104 109) 297 (106 108) 198 (107 112) 396 (111 114) 396 (114 120) 297 ]

ImmediatePredecessorsToActivity: [
[ ]
[ 1 ]
[ 1 ]
[ 3 ]
[ 3 ]
[ 3 ]
[ 3 ]
[ 1 ]
[ 4 5 ]
[ 5 ]
[ 3 ]
[ 4 7 ]
[ 11 ]
[ 5 7 8 11 ]
[ 11 ]
[ 6 11 ]
[ 7 8 ]
[ 6 17 ]
[ 16 ]
[ 2 4 17 ]
[ 2 8 16 ]
[ 4 5 16 17 ]
[ ]
[ 23 ]
[ 23 ]
[ 23 ]
[ 26 ]
[ 24 ]
[ 28 ]
[ 29 ]
[ 25 26 ]
[ 30 ]
[ 26 29 ]
[ 24 ]
[ 28 31 ]
[ 25 30 ]
[ 35 ]
[ 35 ]
[ 26 34 ]
[ ]
[ 40 ]
[ 40 ]
[ 41 ]
[ 43 ]
[ 43 ]
[ 42 ]
[ 40 ]
[ 45 ]
[ 44 46 48 ]
[ 42 45 ]
[ 44 50 ]
[ 43 46 47 ]
[ 48 52 ]
[ 41 46 ]
[ 45 ]
[ 46 ]
[ 47 ]
[ 46 ]
[ 49 ]
[ ]
[ 60 ]
[ 60 ]
[ 60 ]
[ 60 ]
[ 62 ]
[ 62 64 ]
[ 61 62 ]
[ 66 ]
[ 61 68 ]
[ ]
[ 70 ]
[ 70 ]
[ 71 ]
[ 71 72 ]
[ 74 ]
[ 70 ]
[ 73 75 ]
[ 73 76 ]
[ 74 78 ]
]

ActivitiesInProject: [
[ 1 2 3 4 5 6 7 8 9 10 11 12 13 14 15 16 17 18 19 20 21 22 ]
[ 23 24 25 26 27 28 29 30 31 32 33 34 35 36 37 38 39 ]
[ 40 41 42 43 44 45 46 47 48 49 50 51 52 53 54 55 56 57 58 59 ]
[ 60 61 62 63 64 65 66 67 68 69 ]
[ 70 71 72 73 74 75 76 77 78 79 ]
]

nActivityModes: [ 3 3 3 3 3 3 3 3 3 3 3 3 3 3 3 3 3 3 3 3 3 3 3 3 3 3 3 3 3 3 3 3 3 3 3 3 3 3 3 3 3 3 3 3 3 3 3 3 3 3 3 3 3 3 3 3 3 3 3 3 3 3 3 3 3 3 3 3 3 3 3 3 3 3 3 3 3 3 3 ]

ActivitiyDurationWithMode: [
1	1	1	
14	10	19	
16	11	22	
23	16	31	
31	21	42	
7	5	10	
8	6	11	
14	10	19	
9	6	12	
6	4	8	
16	11	22	
17	12	23	
23	16	31	
10	7	14	
26	18	35	
9	6	12	
13	9	18	
11	8	15	
15	10	20	
9	6	12	
13	9	18	
10	7	14	
1	1	1	
5	4	7	
5	4	7	
5	4	7	
24	16	32	
6	4	8	
8	6	11	
4	3	6	
5	4	7	
4	3	6	
13	9	18	
5	4	7	
7	5	10	
6	4	8	
12	8	16	
13	9	18	
13	9	18	
1	1	1	
6	4	8	
8	6	11	
6	4	8	
8	6	11	
10	7	14	
6	4	8	
9	6	12	
6	4	8	
6	4	8	
14	10	19	
10	7	14	
22	15	30	
7	5	10	
18	12	24	
18	12	24	
30	20	40	
14	10	19	
6	4	8	
9	6	12	
1	1	1	
7	5	10	
3	2	4	
3	2	4	
6	4	8	
4	3	6	
3	2	4	
4	3	6	
3	2	4	
4	3	6	
1	1	1	
4	3	6	
3	2	4	
5	4	7	
3	2	4	
3	2	4	
6	4	8	
3	2	4	
3	2	4	
5	4	7	
]
StintsInProject: [
[ 1 2 3 4 5 6 7 ]
[ 8 9 10 11 12 13 14 15 16 17 18 19 20 ]
[ 21 22 23 24 25 26 27 ]
[ 28 29 30 31 32 33 34 35 36 37 38 39 40 ]
[ 41 42 43 44 45 46 47 48 49 50 51 52 53 ]
]

WorkingStintsOnDay: [
[ 1 8 21 28 41 ]
[ 1 8 21 28 41 ]
[ 1 8 21 28 41 ]
[ 1 8 21 28 41 ]
[ 1 8 21 28 41 ]
[ 1 21 ]
[ 1 21 ]
[ 1 9 21 29 42 ]
[ 1 9 21 29 42 ]
[ 1 9 21 29 42 ]
[ 1 9 21 29 42 ]
[ 1 9 21 29 42 ]
[ 1 ]
[ 1 ]
[ 2 10 22 30 43 ]
[ 2 10 22 30 43 ]
[ 2 10 22 30 43 ]
[ 2 10 22 30 43 ]
[ 2 10 22 30 43 ]
[ 2 22 ]
[ 2 22 ]
[ 2 11 22 31 44 ]
[ 2 11 22 31 44 ]
[ 2 11 22 31 44 ]
[ 2 11 22 31 44 ]
[ 2 11 22 31 44 ]
[ 2 ]
[ 2 ]
[ 3 12 23 32 45 ]
[ 3 12 23 32 45 ]
[ 3 12 23 32 45 ]
[ 3 12 23 32 45 ]
[ 3 12 23 32 45 ]
[ 3 23 ]
[ 3 23 ]
[ 3 13 23 33 46 ]
[ 3 13 23 33 46 ]
[ 3 13 23 33 46 ]
[ 3 13 23 33 46 ]
[ 3 13 23 33 46 ]
[ 3 ]
[ 3 ]
[ 4 14 24 34 47 ]
[ 4 14 24 34 47 ]
[ 4 14 24 34 47 ]
[ 4 14 24 34 47 ]
[ 4 14 24 34 47 ]
[ 4 24 ]
[ 4 24 ]
[ 4 15 24 35 48 ]
[ 4 15 24 35 48 ]
[ 4 15 24 35 48 ]
[ 4 15 24 35 48 ]
[ 4 15 24 35 48 ]
[ 4 ]
[ 4 ]
[ 5 16 25 36 49 ]
[ 5 16 25 36 49 ]
[ 5 16 25 36 49 ]
[ 5 16 25 36 49 ]
[ 5 16 25 36 49 ]
[ 5 25 ]
[ 5 25 ]
[ 5 17 25 37 50 ]
[ 5 17 25 37 50 ]
[ 5 17 25 37 50 ]
[ 5 17 25 37 50 ]
[ 5 17 25 37 50 ]
[ 5 ]
[ 5 ]
[ 6 18 26 38 51 ]
[ 6 18 26 38 51 ]
[ 6 18 26 38 51 ]
[ 6 18 26 38 51 ]
[ 6 18 26 38 51 ]
[ 6 26 ]
[ 6 26 ]
[ 6 19 26 39 52 ]
[ 6 19 26 39 52 ]
[ 6 19 26 39 52 ]
[ 6 19 26 39 52 ]
[ 6 19 26 39 52 ]
[ 6 ]
[ 6 ]
[ 7 20 27 40 53 ]
[ 7 20 27 40 53 ]
[ 7 20 27 40 53 ]
[ 7 20 27 40 53 ]
[ 7 20 27 40 53 ]
[ 7 27 ]
]

ProjectStart: [ 18 18 22 25 29 ]

ProjectEnd: [ 79 66 78 51 55 ]

EarliestStartDayForActivity: [ 1 18 18 34 34 34 34 18 65 65 34 57 50 65 50 50 42 55 59 57 59 65 1 18 18 18 25 25 33 45 25 51 45 25 33 51 44 44 32 1 22 22 30 36 36 32 22 48 54 48 64 38 64 38 48 38 33 38 62 1 25 25 25 25 30 33 34 38 41 1 29 29 33 33 38 29 41 40 45 ]

LatestStartDayForActivity: [ 1 79 79 79 79 79 79 79 79 79 79 79 79 79 79 79 79 79 79 79 79 79 1 66 66 66 66 66 66 66 66 66 66 66 66 66 66 66 66 1 78 78 78 78 78 78 78 78 78 78 78 78 78 78 78 78 78 78 78 1 51 51 51 51 51 51 51 51 51 1 55 55 55 55 55 55 55 55 55 ]

EquipmentTypeDemandInActivityWithMode: [
0	0	0	
1	3	1	
3	6	2	
0	1	0	
0	1	0	
2	4	2	
0	1	0	
2	4	2	
1	3	1	
1	3	1	
0	1	0	
0	1	0	
1	3	1	
1	3	1	
0	1	0	
0	1	0	
0	1	0	
3	6	2	
1	3	1	
0	1	0	
1	3	1	
0	1	0	
0	0	0	
0	1	0	
0	1	0	
1	3	1	
1	3	1	
0	1	0	
0	1	0	
0	1	0	
0	1	0	
1	3	1	
1	3	1	
0	1	0	
0	1	0	
1	3	1	
0	1	0	
0	1	0	
0	1	0	
0	0	0	
0	1	0	
0	1	0	
2	4	2	
0	1	0	
0	1	0	
1	3	1	
1	3	1	
0	1	0	
0	1	0	
1	3	1	
0	1	0	
0	1	0	
1	3	1	
0	1	0	
0	1	0	
1	3	1	
0	1	0	
0	1	0	
2	4	2	
0	0	0	
0	1	0	
1	3	1	
0	1	0	
1	3	1	
0	1	0	
0	1	0	
1	3	1	
0	1	0	
0	1	0	
0	0	0	
0	1	0	
0	1	0	
1	3	1	
0	1	0	
0	1	0	
1	3	1	
0	1	0	
0	1	0	
0	1	0	

0	0	0	
1	3	1	
0	1	0	
0	1	0	
1	3	1	
0	1	0	
1	3	1	
1	3	1	
2	4	2	
2	4	2	
1	3	1	
0	1	0	
1	3	1	
1	3	1	
2	4	2	
1	3	1	
2	4	2	
0	1	0	
0	1	0	
0	1	0	
2	4	2	
2	4	2	
0	0	0	
0	1	0	
1	3	1	
0	1	0	
1	3	1	
0	1	0	
2	4	2	
0	1	0	
1	3	1	
1	3	1	
2	4	2	
1	3	1	
2	4	2	
2	4	2	
0	1	0	
0	1	0	
2	4	2	
0	0	0	
1	3	1	
1	3	1	
1	3	1	
1	3	1	
0	1	0	
0	1	0	
0	1	0	
1	3	1	
4	7	3	
2	4	2	
1	3	1	
0	1	0	
0	1	0	
0	1	0	
0	1	0	
1	3	1	
2	4	2	
0	1	0	
0	1	0	
0	0	0	
1	3	1	
0	1	0	
1	3	1	
0	1	0	
0	1	0	
0	1	0	
0	1	0	
1	3	1	
1	3	1	
0	0	0	
2	4	2	
0	1	0	
0	1	0	
0	1	0	
1	3	1	
1	3	1	
0	1	0	
1	3	1	
0	1	0	

0	0	0	
1	3	1	
2	4	2	
1	3	1	
2	4	2	
0	1	0	
2	4	2	
0	1	0	
1	3	1	
0	1	0	
2	4	2	
0	1	0	
1	3	1	
2	4	2	
0	1	0	
0	1	0	
0	1	0	
0	1	0	
0	1	0	
2	4	2	
2	4	2	
0	1	0	
0	0	0	
1	3	1	
2	4	2	
1	3	1	
2	4	2	
0	1	0	
0	1	0	
1	3	1	
3	6	2	
0	1	0	
0	1	0	
0	1	0	
0	1	0	
1	3	1	
1	3	1	
2	4	2	
0	1	0	
0	0	0	
2	4	2	
2	4	2	
0	1	0	
0	1	0	
2	4	2	
2	4	2	
0	1	0	
0	1	0	
0	1	0	
0	1	0	
2	4	2	
1	3	1	
1	3	1	
1	3	1	
0	1	0	
1	3	1	
2	4	2	
0	1	0	
0	1	0	
0	0	0	
3	6	2	
0	1	0	
2	4	2	
1	3	1	
0	1	0	
0	1	0	
3	6	2	
0	1	0	
0	1	0	
0	0	0	
1	3	1	
0	1	0	
0	1	0	
0	1	0	
0	1	0	
0	1	0	
1	3	1	
0	1	0	
2	4	2	

0	0	0	
0	1	0	
1	3	1	
1	3	1	
1	3	1	
1	3	1	
1	3	1	
3	6	2	
0	1	0	
0	1	0	
1	3	1	
2	4	2	
1	3	1	
1	3	1	
1	3	1	
0	1	0	
0	1	0	
0	1	0	
2	4	2	
0	1	0	
1	3	1	
1	3	1	
0	0	0	
1	3	1	
1	3	1	
2	4	2	
0	1	0	
2	4	2	
2	4	2	
1	3	1	
2	4	2	
0	1	0	
1	3	1	
0	1	0	
1	3	1	
3	6	2	
1	3	1	
2	4	2	
1	3	1	
0	0	0	
0	1	0	
1	3	1	
2	4	2	
0	1	0	
2	4	2	
2	4	2	
1	3	1	
1	3	1	
1	3	1	
1	3	1	
2	4	2	
2	4	2	
0	1	0	
1	3	1	
1	3	1	
3	6	2	
1	3	1	
0	1	0	
0	1	0	
0	0	0	
1	3	1	
1	3	1	
1	3	1	
1	3	1	
0	1	0	
0	1	0	
3	6	2	
0	1	0	
2	4	2	
0	0	0	
2	4	2	
0	1	0	
1	3	1	
1	3	1	
1	3	1	
1	3	1	
1	3	1	
1	3	1	
0	1	0	

0	0	0	
1	3	1	
0	1	0	
0	1	0	
0	1	0	
1	3	1	
0	1	0	
0	1	0	
2	4	2	
0	1	0	
1	3	1	
1	3	1	
1	3	1	
0	1	0	
1	3	1	
0	1	0	
2	4	2	
0	1	0	
2	4	2	
1	3	1	
0	1	0	
0	1	0	
0	0	0	
2	4	2	
1	3	1	
0	1	0	
0	1	0	
0	1	0	
1	3	1	
1	3	1	
2	4	2	
1	3	1	
1	3	1	
1	3	1	
1	3	1	
1	3	1	
3	6	2	
1	3	1	
0	1	0	
0	0	0	
0	1	0	
1	3	1	
2	4	2	
0	1	0	
0	1	0	
0	1	0	
0	1	0	
1	3	1	
0	1	0	
0	1	0	
0	1	0	
1	3	1	
1	3	1	
2	4	2	
1	3	1	
1	3	1	
0	1	0	
0	1	0	
2	4	2	
0	0	0	
1	3	1	
0	1	0	
2	4	2	
1	3	1	
0	1	0	
0	1	0	
1	3	1	
1	3	1	
0	1	0	
0	0	0	
0	1	0	
0	1	0	
1	3	1	
0	1	0	
0	1	0	
0	1	0	
1	3	1	
0	1	0	
1	3	1	

0	0	0	
1	3	1	
0	1	0	
0	1	0	
1	3	1	
2	4	2	
0	1	0	
1	3	1	
1	3	1	
0	1	0	
0	1	0	
0	1	0	
0	1	0	
1	3	1	
0	1	0	
2	4	2	
0	1	0	
1	3	1	
0	1	0	
0	1	0	
1	3	1	
0	1	0	
0	0	0	
0	1	0	
0	1	0	
2	4	2	
0	1	0	
0	1	0	
0	1	0	
0	1	0	
0	1	0	
2	4	2	
0	1	0	
1	3	1	
2	4	2	
0	1	0	
0	1	0	
1	3	1	
0	1	0	
0	0	0	
0	1	0	
1	3	1	
0	1	0	
0	1	0	
0	1	0	
1	3	1	
0	1	0	
0	1	0	
1	3	1	
0	1	0	
0	1	0	
2	4	2	
0	1	0	
0	1	0	
0	1	0	
1	3	1	
0	1	0	
1	3	1	
0	1	0	
0	0	0	
0	1	0	
0	1	0	
2	4	2	
0	1	0	
2	4	2	
0	1	0	
1	3	1	
1	3	1	
1	3	1	
0	0	0	
1	3	1	
0	1	0	
0	1	0	
0	1	0	
1	3	1	
0	1	0	
1	3	1	
1	3	1	
0	1	0	

0	0	0	
1	3	1	
0	1	0	
0	1	0	
1	3	1	
2	4	2	
1	3	1	
0	1	0	
0	1	0	
0	1	0	
0	1	0	
0	1	0	
0	1	0	
0	1	0	
0	1	0	
0	1	0	
0	1	0	
0	1	0	
0	1	0	
1	3	1	
0	1	0	
1	3	1	
0	0	0	
1	3	1	
1	3	1	
0	1	0	
0	1	0	
0	1	0	
0	1	0	
0	1	0	
0	1	0	
0	1	0	
0	1	0	
0	1	0	
1	3	1	
1	3	1	
0	1	0	
0	1	0	
2	4	2	
0	0	0	
0	1	0	
0	1	0	
1	3	1	
1	3	1	
0	1	0	
0	1	0	
1	3	1	
0	1	0	
1	3	1	
1	3	1	
0	1	0	
1	3	1	
0	1	0	
0	1	0	
0	1	0	
1	3	1	
1	3	1	
0	1	0	
0	1	0	
0	0	0	
2	4	2	
0	1	0	
1	3	1	
1	3	1	
1	3	1	
1	3	1	
1	3	1	
0	1	0	
0	1	0	
0	0	0	
1	3	1	
0	1	0	
0	1	0	
0	1	0	
0	1	0	
0	1	0	
0	1	0	
1	3	1	
1	3	1	

]

ExternalEquipmentRentingCost: [
4900	3306	5357	2943	2230	3445	1340	1252	2816	2534	3457	4979	1232	3998	2775	4297	1596	5126	1250	5465	5529	4316	4458	4269	4490	1192	2740	3820	4109	2310	4682	4642	2109	3246	4301	5841	1784	2365	3513	2761	5770	2350	2797	1275	3079	3564	3459	2707	4618	5670	2340	4252	5232	4057	2244	3425	2242	3465	2009	1248	3169	2700	2154	1746	1645	2080	5292	1349	5548	5664	1735	1458	1026	5720	1047	5744	5653	3160	2701	
5094	1863	1076	1039	2934	2081	2292	3688	1848	3804	5664	4505	1683	2552	1154	2137	2587	5377	5463	4455	4994	2878	3364	2271	3864	3028	4327	4832	3110	1506	2348	2749	1591	3208	4176	2226	5418	4123	3353	4030	5107	4192	3150	4642	4083	3073	3618	4092	5123	3599	2715	5245	2502	4616	5980	2859	1721	5613	1302	2577	1761	2093	2774	2834	2379	3271	1823	4189	5746	2245	2302	1638	4948	3789	3128	4152	2350	3125	1525	
2345	4021	5533	3281	4725	1253	2444	3932	1626	4239	4689	2828	5230	3308	3276	2329	2188	1937	5807	3876	1820	3552	4222	4563	5595	1900	3588	3734	2687	5924	1338	5326	3430	1732	1252	5782	1688	4057	5682	5953	4994	4146	5294	3368	1680	1084	1356	5471	2577	2335	2502	3210	5145	1935	4076	2440	2776	5595	1435	5362	4018	5372	1526	1188	2518	3369	4781	4030	1826	4403	3397	4204	5806	5424	1436	2565	5346	5459	2506	
5807	4420	3558	5499	4140	4161	2252	2495	1010	4336	1163	1677	5852	5021	5004	1177	2866	3917	1024	2838	5324	2721	4383	5979	1301	1361	2437	2247	5542	1038	4197	3665	3826	1867	3063	2816	5561	1574	2334	4513	3708	2716	2349	4898	5721	4622	1534	1406	3154	1593	1285	3720	1468	3345	2387	1640	5655	1862	4106	1812	4646	3139	5474	2314	4051	5692	4088	4673	4872	4076	1885	5897	3146	1457	2888	4686	4196	3126	4950	
1425	5911	2121	5254	4058	5991	1109	3971	2528	3110	4277	2955	3836	2304	5301	3085	4254	1212	1949	2039	4720	5789	3151	1833	3468	4790	5811	4994	3897	4822	3903	2063	2319	2835	4004	4103	3152	3578	1358	5212	3720	3967	5150	2094	2227	3870	3039	2844	5859	3912	2243	5912	2651	1269	1559	3412	1123	2983	5950	5617	5755	5011	5036	3000	2799	2572	3640	4306	1375	4837	3631	5839	5133	1346	5044	5873	2221	4633	2316	
5543	2155	4477	1204	1656	4608	1077	1224	4227	4050	3201	5112	2653	5023	1203	5697	1632	4397	4021	4040	1992	4953	4153	1372	4551	2906	2634	2889	5639	5593	5455	3382	4687	5244	5523	4544	3900	3661	2870	1450	4174	5877	1161	5453	1445	3566	3632	3694	4056	5748	5047	1939	3835	2469	4573	5693	4315	4623	3874	1479	3183	2036	5961	1609	1251	1413	3405	3545	5638	1372	5131	4474	2903	4563	2550	4508	5595	2692	1350	
4668	4328	4703	5230	2014	3299	2085	1203	5936	2321	4374	5126	5786	3931	2312	1592	5767	1715	4914	4361	5999	4208	2488	2926	2411	1763	3705	3710	4996	3043	2637	1301	1330	4566	4301	4327	2180	4712	4785	5486	1497	1731	4787	2348	4681	4851	3723	4358	3139	2473	2511	4701	5306	2537	1076	5340	1965	4214	3808	4433	2531	1848	5655	1344	4358	3504	5927	1884	3729	2217	4273	4981	4394	3037	3481	3653	4193	5899	4663	
]

EquipmentTypeTransportationCost: [
1	5629	5115	5207	5818	
5629	1	4670	4574	3797	
5115	4670	1	3654	4877	
5207	4574	3654	1	4792	
5818	3797	4877	4792	1	

1	4837	4303	4483	5010	
4837	1	4103	3982	3283	
4303	4103	1	3197	4181	
4483	3982	3197	1	4187	
5010	3283	4181	4187	1	

1	4965	4453	4609	5016	
4965	1	4143	4087	3343	
4453	4143	1	3289	4289	
4609	4087	3289	1	4215	
5016	3343	4289	4215	1	

1	4559	4123	4171	4654	
4559	1	3859	3738	3105	
4123	3859	1	3015	3964	
4171	3738	3015	1	3960	
4654	3105	3964	3960	1	

1	5364	4805	4998	5452	
5364	1	4489	4350	3655	
4805	4489	1	3471	4689	
4998	4350	3471	1	4600	
5452	3655	4689	4600	1	

1	4798	4335	4351	4803	
4798	1	4002	3904	3311	
4335	4002	1	3146	4233	
4351	3904	3146	1	4133	
4803	3311	4233	4133	1	

1	3447	3122	3185	3481	
3447	1	2952	2871	2471	
3122	2952	1	2436	3099	
3185	2871	2436	1	2982	
3481	2471	3099	2982	1	

]

TransportationTimeForEquipmentTypeBetweenProjects: [
1	8	3	6	8	
8	1	3	3	1	
3	3	1	1	3	
6	3	1	1	3	
8	1	3	3	1	

1	7	3	5	7	
7	1	3	3	1	
3	3	1	1	3	
5	3	1	1	3	
7	1	3	3	1	

1	7	3	5	7	
7	1	3	3	1	
3	3	1	1	3	
5	3	1	1	3	
7	1	3	3	1	

1	6	3	4	6	
6	1	3	3	1	
3	3	1	1	3	
4	3	1	1	3	
6	1	3	3	1	

1	7	3	5	7	
7	1	3	3	1	
3	3	1	1	3	
5	3	1	1	3	
7	1	3	3	1	

1	7	3	5	7	
7	1	3	3	1	
3	3	1	1	3	
5	3	1	1	3	
7	1	3	3	1	

1	4	2	3	4	
4	1	2	2	1	
2	2	1	1	2	
3	2	1	1	2	
4	1	2	2	1	

]

TotalNumberOfInitialEquipmentTypeLocation: [
(1 1) 1 (1 23) 1 (1 60) 1 (1 70) 2 
(2 1) 3 (2 40) 1 (2 70) 4 
(3 1) 2 (3 23) 2 (3 40) 1 (3 60) 1 (3 70) 3 
(4 1) 4 (4 23) 1 (4 40) 4 (4 60) 1 (4 70) 1 
(5 1) 3 (5 40) 3 (5 70) 1 
(6 1) 1 (6 40) 3 (6 60) 2 
(7 40) 1 (7 60) 1 (7 70) 2 
]

DepotActivities: [ 1 23 40 60 70 ]

MaximalStintCliques: [
[ 2 33 3 13 46 23 ]
[ 2 22 1 10 43 21 30 ]
[ 2 22 1 11 44 31 ]
[ 2 22 3 12 45 23 32 ]
[ 4 17 25 50 5 37 ]
[ 4 24 3 34 14 47 23 ]
[ 4 24 3 35 15 48 ]
[ 4 24 36 49 25 5 16 ]
[ 5 25 6 18 26 51 38 ]
[ 5 19 26 52 6 39 ]
[ 6 26 7 27 20 53 40 ]
[ 8 1 41 28 21 ]
[ 9 1 42 21 29 ]
]
