nEmployees: 150
nSkills: 6
nProjects: 5
nDays: 60
nActivities: 58
nEquipmentTypes: 7
nStints: 29
nMaxModes: 1
nStintCliques: 9

EmployeeInStintCost: [
46228 46228 46228 39568 16154 32260 32260 32260 30262 10946 39118 39118 39118 32458 8974 11154 11154 11154 11154 11154 11154 11154 11154 8350 37968 37968 37968 35970 15894 
38848 38848 38848 32548 9638 30372 30372 30372 28482 9670 44290 44290 44290 37990 15010 11994 11994 11994 11994 11994 11994 11994 11994 9298 30840 30840 30840 28950 9378 
41646 41646 41646 34686 10852 36732 36732 36732 34644 14908 51232 51232 51232 44272 20368 17438 17438 17438 17438 17438 17438 17438 17438 14544 33176 33176 33176 31088 10592 
41672 41672 41672 34892 11310 30796 30796 30796 28762 9278 45010 45010 45010 38230 14578 13122 13122 13122 13122 13122 13122 13122 13122 10282 33328 33328 33328 31294 11050 
44602 44602 44602 37762 14096 31820 31820 31820 29768 10200 42476 42476 42476 35636 11900 5624 5624 5624 5624 5624 5624 5624 5624 3572 36216 36216 36216 34164 13836 
39820 39820 39820 33160 9746 31092 31092 31092 29094 9778 45262 45262 45262 38602 15118 12210 12210 12210 12210 12210 12210 12210 12210 9406 31560 31560 31560 29562 9486 
40214 40214 40214 33974 11148 29716 29716 29716 27844 9116 43552 43552 43552 37312 14416 12798 12798 12798 12798 12798 12798 12798 12798 10120 32248 32248 32248 30376 10888 
40734 40734 40734 33534 9364 32676 32676 32676 30516 10444 47264 47264 47264 40064 15824 13070 13070 13070 13070 13070 13070 13070 13070 10104 32096 32096 32096 29936 9104 
39298 39298 39298 32698 9368 34228 34228 34228 32248 13016 48500 48500 48500 41900 18500 15726 15726 15726 15726 15726 15726 15726 15726 12940 31080 31080 31080 29100 9108 
39600 39600 39600 32820 9238 31836 31836 31836 29802 10318 46130 46130 46130 39350 15698 12818 12818 12818 12818 12818 12818 12818 12818 9978 31256 31256 31256 29222 8978 
17982 17982 17982 11322 1998 33164 33164 33164 31166 11850 47382 47382 47382 40722 17238 14138 14138 14138 14138 14138 14138 14138 14138 11334 13320 13320 13320 11322 1998 
41268 41268 41268 35088 12346 12360 12360 12360 10506 1854 41326 41326 41326 35146 12334 10754 10754 10754 10754 10754 10754 10754 10754 8094 33344 33344 33344 31490 12086 
44468 44468 44468 37568 13818 31028 31028 31028 28958 9306 42230 42230 42230 35330 11510 9220 9220 9220 9220 9220 9220 9220 9220 7150 36040 36040 36040 33970 13558 
40572 40572 40572 33432 9346 32556 32556 32556 30414 10426 47102 47102 47102 39962 15806 13034 13034 13034 13034 13034 13034 13034 13034 10086 31976 31976 31976 29834 9086 
39298 39298 39298 32698 9368 34228 34228 34228 32248 13016 48500 48500 48500 41900 18500 15726 15726 15726 15726 15726 15726 15726 15726 12940 31080 31080 31080 29100 9108 
46110 46110 46110 39390 15892 32220 32220 32220 30204 10804 39720 39720 39720 33000 9432 10766 10766 10766 10766 10766 10766 10766 10766 7944 37808 37808 37808 35792 15632 
47770 47770 47770 40930 17264 33484 33484 33484 31432 11864 18468 18468 18468 11628 2052 12566 12566 12566 12566 12566 12566 12566 12566 9708 39384 39384 39384 37332 17004 
39298 39298 39298 32698 9368 34228 34228 34228 32248 13016 48500 48500 48500 41900 18500 15726 15726 15726 15726 15726 15726 15726 15726 12940 31080 31080 31080 29100 9108 
40582 40582 40582 33862 10364 30700 30700 30700 28684 9284 45056 45056 45056 38336 14768 12510 12510 12510 12510 12510 12510 12510 12510 9688 32280 32280 32280 30264 10104 
46552 46552 46552 39772 16190 32500 32500 32500 30466 10982 39442 39442 39442 32662 9010 11226 11226 11226 11226 11226 11226 11226 11226 8386 38208 38208 38208 36174 15930 
40792 40792 40792 33772 9854 31812 31812 31812 29706 9886 46234 46234 46234 39214 15226 12426 12426 12426 12426 12426 12426 12426 12426 9514 32280 32280 32280 30174 9594 
44444 44444 44444 37544 13794 30604 30604 30604 28534 8882 42022 42022 42022 35122 11302 9762 9762 9762 9762 9762 9762 9762 9762 6886 36016 36016 36016 33946 13534 
38800 38800 38800 32740 10166 29380 29380 29380 27562 9086 43274 43274 43274 37214 14570 12114 12114 12114 12114 12114 12114 12114 12114 9490 30960 30960 30960 29142 9906 
43334 43334 43334 36854 13692 30964 30964 30964 29020 9956 41752 41752 41752 35272 12040 3888 3888 3888 3888 3888 3888 3888 3888 1944 35200 35200 35200 33256 13432 
16686 16686 16686 10506 1854 32204 32204 32204 30350 11706 46086 46086 46086 39906 17094 13850 13850 13850 13850 13850 13850 13850 13850 11190 12360 12360 12360 10506 1854 
44278 44278 44278 37558 14060 31580 31580 31580 29564 10164 42152 42152 42152 35432 11864 5552 5552 5552 5552 5552 5552 5552 5552 3536 35976 35976 35976 33960 13800 
43468 43468 43468 37048 13970 30980 30980 30980 29054 10074 41342 41342 41342 34922 11774 5372 5372 5372 5372 5372 5372 5372 5372 3446 35376 35376 35376 33450 13710 
47770 47770 47770 40930 17264 33484 33484 33484 31432 11864 18468 18468 18468 11628 2052 12566 12566 12566 12566 12566 12566 12566 12566 9708 39384 39384 39384 37332 17004 
43632 43632 43632 36612 12694 37940 37940 37940 35834 16014 52474 52474 52474 45454 21466 19138 19138 19138 19138 19138 19138 19138 19138 16226 35120 35120 35120 33014 12434 
47362 47362 47362 40282 16280 33100 33100 33100 30976 11072 40252 40252 40252 33172 9100 11406 11406 11406 11406 11406 11406 11406 11406 8476 38808 38808 38808 36684 16020 
43630 43630 43630 37150 13988 31100 31100 31100 29156 10092 41504 41504 41504 35024 11792 5408 5408 5408 5408 5408 5408 5408 5408 3464 35496 35496 35496 33552 13728 
38974 38974 38974 32494 9332 33988 33988 33988 32044 12980 48176 48176 48176 41696 18464 15654 15654 15654 15654 15654 15654 15654 15654 12904 30840 30840 30840 28896 9072 
46782 46782 46782 40302 17140 33580 33580 33580 31636 12572 40312 40312 40312 33832 10600 11382 11382 11382 11382 11382 11382 11382 11382 8632 38648 38648 38648 36704 16880 
45486 45486 45486 39486 16996 32620 32620 32620 30820 12428 39016 39016 39016 33016 10456 11094 11094 11094 11094 11094 11094 11094 11094 8488 37688 37688 37688 35888 16736 
39946 39946 39946 33106 9440 34708 34708 34708 32656 13088 49148 49148 49148 42308 18572 15870 15870 15870 15870 15870 15870 15870 15870 13012 31560 31560 31560 29508 9180 
41688 41688 41688 35388 12478 36500 36500 36500 34610 15798 50530 50530 50530 44230 21250 18706 18706 18706 18706 18706 18706 18706 18706 16010 33680 33680 33680 31790 12218 
41116 41116 41116 33976 9890 32052 32052 32052 29910 9922 46558 46558 46558 39418 15262 12498 12498 12498 12498 12498 12498 12498 12498 9550 32520 32520 32520 30378 9630 
46758 46758 46758 39798 15964 32700 32700 32700 30612 10876 40368 40368 40368 33408 9504 10910 10910 10910 10910 10910 10910 10910 10910 8016 38288 38288 38288 36200 15704 
46620 46620 46620 40200 17122 33460 33460 33460 31534 12554 40150 40150 40150 33730 10582 11346 11346 11346 11346 11346 11346 11346 11346 8614 38528 38528 38528 36602 16862 
46134 46134 46134 39894 17068 33100 33100 33100 31228 12500 39664 39664 39664 33424 10528 11238 11238 11238 11238 11238 11238 11238 11238 8560 38168 38168 38168 36296 16808 
17496 17496 17496 11016 1944 32804 32804 32804 30860 11796 46896 46896 46896 40416 17184 14030 14030 14030 14030 14030 14030 14030 14030 11280 12960 12960 12960 11016 1944 
43334 43334 43334 36854 13692 30964 30964 30964 29020 9956 41752 41752 41752 35272 12040 3888 3888 3888 3888 3888 3888 3888 3888 1944 35200 35200 35200 33256 13432 
39010 39010 39010 32650 9656 30492 30492 30492 28584 9688 44452 44452 44452 38092 15028 12030 12030 12030 12030 12030 12030 12030 12030 9316 30960 30960 30960 29052 9396 
46714 46714 46714 39874 16208 32620 32620 32620 30568 11000 39604 39604 39604 32764 9028 11262 11262 11262 11262 11262 11262 11262 11262 8404 38328 38328 38328 36276 15948 
44792 44792 44792 37772 13854 31268 31268 31268 29162 9342 42554 42554 42554 35534 11546 9292 9292 9292 9292 9292 9292 9292 9292 7186 36280 36280 36280 34174 13594 
39448 39448 39448 33148 10238 29860 29860 29860 27970 9158 43922 43922 43922 37622 14642 12258 12258 12258 12258 12258 12258 12258 12258 9562 31440 31440 31440 29550 9978 
19116 19116 19116 12036 2124 34004 34004 34004 31880 11976 48516 48516 48516 41436 17364 14390 14390 14390 14390 14390 14390 14390 14390 11460 14160 14160 14160 12036 2124 
40582 40582 40582 33862 10364 30700 30700 30700 28684 9284 45056 45056 45056 38336 14768 12510 12510 12510 12510 12510 12510 12510 12510 9688 32280 32280 32280 30264 10104 
42686 42686 42686 36446 13620 30484 30484 30484 28612 9884 41104 41104 41104 34864 11968 3744 3744 3744 3744 3744 3744 3744 3744 1872 34720 34720 34720 32848 13360 
43334 43334 43334 36854 13692 30964 30964 30964 29020 9956 41752 41752 41752 35272 12040 3888 3888 3888 3888 3888 3888 3888 3888 1944 35200 35200 35200 33256 13432 
43050 43050 43050 36210 12544 13680 13680 13680 11628 2052 43108 43108 43108 36268 12532 11150 11150 11150 11150 11150 11150 11150 11150 8292 34664 34664 34664 32612 12284 
46596 46596 46596 39696 15946 32580 32580 32580 30510 10858 40206 40206 40206 33306 9486 10874 10874 10874 10874 10874 10874 10874 10874 7998 38168 38168 38168 36098 15686 
19440 19440 19440 12240 2160 34244 34244 34244 32084 12012 48840 48840 48840 41640 17400 14462 14462 14462 14462 14462 14462 14462 14462 11496 14400 14400 14400 12240 2160 
39658 39658 39658 33058 9728 30972 30972 30972 28992 9760 45100 45100 45100 38500 15100 12174 12174 12174 12174 12174 12174 12174 12174 9388 31440 31440 31440 29460 9468 
43658 43658 43658 37058 13728 31204 31204 31204 29224 9992 42076 42076 42076 35476 12076 3960 3960 3960 3960 3960 3960 3960 3960 1980 35440 35440 35440 33460 13468 
43658 43658 43658 37058 13728 30428 30428 30428 28448 9216 41420 41420 41420 34820 11420 9040 9040 9040 9040 9040 9040 9040 9040 7060 35440 35440 35440 33460 13468 
41230 41230 41230 34270 10436 31180 31180 31180 29092 9356 45704 45704 45704 38744 14840 12654 12654 12654 12654 12654 12654 12654 12654 9760 32760 32760 32760 30672 10176 
39702 39702 39702 33462 10636 35292 35292 35292 33420 14692 49288 49288 49288 43048 20152 17006 17006 17006 17006 17006 17006 17006 17006 14328 31736 31736 31736 29864 10376 
48658 48658 48658 41338 17000 34932 34932 34932 32736 12496 42636 42636 42636 35316 10908 11486 11486 11486 11486 11486 11486 11486 11486 8484 39936 39936 39936 37740 16740 
43010 43010 43010 36650 13656 29948 29948 29948 28040 9144 40772 40772 40772 34412 11348 8896 8896 8896 8896 8896 8896 8896 8896 6988 34960 34960 34960 33052 13396 
45116 45116 45116 37976 13890 32284 32284 32284 30142 10154 43534 43534 43534 36394 12238 4284 4284 4284 4284 4284 4284 4284 4284 2142 36520 36520 36520 34378 13630 
47916 47916 47916 41016 17266 34420 34420 34420 32350 12698 41446 41446 41446 34546 10726 11634 11634 11634 11634 11634 11634 11634 11634 8758 39488 39488 39488 37418 17006 
46552 46552 46552 39772 16190 32500 32500 32500 30466 10982 39442 39442 39442 32662 9010 11226 11226 11226 11226 11226 11226 11226 11226 8386 38208 38208 38208 36174 15930 
47038 47038 47038 40318 16820 33732 33732 33732 31716 12316 41016 41016 41016 34296 10728 11126 11126 11126 11126 11126 11126 11126 11126 8304 38736 38736 38736 36720 16560 
44490 44490 44490 38370 15712 31020 31020 31020 29184 10624 38100 38100 38100 31980 9252 10406 10406 10406 10406 10406 10406 10406 10406 7764 36608 36608 36608 34772 15452 
41116 41116 41116 34216 10466 34452 34452 34452 32382 12730 48878 48878 48878 41978 18158 16066 16066 16066 16066 16066 16066 16066 16066 13190 32688 32688 32688 30618 10206 
40572 40572 40572 33432 9346 32556 32556 32556 30414 10426 47102 47102 47102 39962 15806 13034 13034 13034 13034 13034 13034 13034 13034 10086 31976 31976 31976 29834 9086 
17982 17982 17982 11322 1998 33164 33164 33164 31166 11850 47382 47382 47382 40722 17238 14138 14138 14138 14138 14138 14138 14138 14138 11334 13320 13320 13320 11322 1998 
42498 42498 42498 35898 12568 37100 37100 37100 35120 15888 51340 51340 51340 44740 21340 18886 18886 18886 18886 18886 18886 18886 18886 16100 34280 34280 34280 32300 12308 
38800 38800 38800 32740 10166 29380 29380 29380 27562 9086 43274 43274 43274 37214 14570 12114 12114 12114 12114 12114 12114 12114 12114 9490 30960 30960 30960 29142 9906 
40410 40410 40410 33330 9328 32436 32436 32436 30312 10408 46940 46940 46940 39860 15788 12998 12998 12998 12998 12998 12998 12998 12998 10068 31856 31856 31856 29732 9068 
44468 44468 44468 37568 13818 31028 31028 31028 28958 9306 42230 42230 42230 35330 11510 9220 9220 9220 9220 9220 9220 9220 9220 7150 36040 36040 36040 33970 13558 
19602 19602 19602 12342 2178 34364 34364 34364 32186 12030 49002 49002 49002 41742 17418 14498 14498 14498 14498 14498 14498 14498 14498 11514 14520 14520 14520 12342 2178 
43146 43146 43146 36306 12640 37580 37580 37580 35528 15960 51988 51988 51988 45148 21412 19030 19030 19030 19030 19030 19030 19030 19030 16172 34760 34760 34760 32708 12380 
47592 47592 47592 40812 17230 34180 34180 34180 32146 12662 41122 41122 41122 34342 10690 11562 11562 11562 11562 11562 11562 11562 11562 8722 39248 39248 39248 37214 16970 
44144 44144 44144 37364 13782 30788 30788 30788 28754 9270 41906 41906 41906 35126 11474 9148 9148 9148 9148 9148 9148 9148 9148 7114 35800 35800 35800 33766 13522 
44976 44976 44976 38676 15766 31380 31380 31380 29490 10678 38586 38586 38586 32286 9306 10514 10514 10514 10514 10514 10514 10514 10514 7818 36968 36968 36968 35078 15506 
41160 41160 41160 34380 10798 36372 36372 36372 34338 14854 50746 50746 50746 43966 20314 17330 17330 17330 17330 17330 17330 17330 17330 14490 32816 32816 32816 30782 10538 
40248 40248 40248 33228 9310 32316 32316 32316 30210 10390 46778 46778 46778 39758 15770 12962 12962 12962 12962 12962 12962 12962 12962 10050 31736 31736 31736 29630 9050 
39114 39114 39114 32514 9184 31476 31476 31476 29496 10264 45644 45644 45644 39044 15644 12710 12710 12710 12710 12710 12710 12710 12710 9924 30896 30896 30896 28916 8924 
45412 45412 45412 38272 14186 32420 32420 32420 30278 10290 43286 43286 43286 36146 11990 5804 5804 5804 5804 5804 5804 5804 5804 3662 36816 36816 36816 34674 13926 
43306 43306 43306 36946 13952 30860 30860 30860 28952 10056 41180 41180 41180 34820 11756 5336 5336 5336 5336 5336 5336 5336 5336 3428 35256 35256 35256 33348 13692 
38164 38164 38164 31984 9242 33388 33388 33388 31534 12890 47366 47366 47366 41186 18374 15474 15474 15474 15474 15474 15474 15474 15474 12814 30240 30240 30240 28386 8982 
39540 39540 39540 33360 10618 35172 35172 35172 33318 14674 49126 49126 49126 42946 20134 16970 16970 16970 16970 16970 16970 16970 16970 14310 31616 31616 31616 29762 10358 
47524 47524 47524 40624 16874 34092 34092 34092 32022 12370 41502 41502 41502 34602 10782 11234 11234 11234 11234 11234 11234 11234 11234 8358 39096 39096 39096 37026 16614 
39658 39658 39658 33298 10304 33372 33372 33372 31464 12568 47420 47420 47420 41060 17996 15742 15742 15742 15742 15742 15742 15742 15742 13028 31608 31608 31608 29700 10044 
42986 42986 42986 36626 13632 29524 29524 29524 27616 8720 40564 40564 40564 34204 11140 9438 9438 9438 9438 9438 9438 9438 9438 6724 34936 34936 34936 33028 13372 
43146 43146 43146 36306 12640 37580 37580 37580 35528 15960 51988 51988 51988 45148 21412 19030 19030 19030 19030 19030 19030 19030 19030 16172 34760 34760 34760 32708 12380 
43510 43510 43510 36310 12140 31540 31540 31540 29380 9308 44864 44864 44864 37664 13424 10134 10134 10134 10134 10134 10134 10134 10134 7168 34872 34872 34872 32712 11880 
42038 42038 42038 36038 13548 29228 29228 29228 27428 9036 39800 39800 39800 33800 11240 8680 8680 8680 8680 8680 8680 8680 8680 6880 34240 34240 34240 32440 13288 
47082 47082 47082 40002 16000 32940 32940 32940 30816 10912 40692 40692 40692 33612 9540 10982 10982 10982 10982 10982 10982 10982 10982 8052 38528 38528 38528 36404 15740 
39334 39334 39334 32854 9692 30732 30732 30732 28788 9724 44776 44776 44776 38296 15064 12102 12102 12102 12102 12102 12102 12102 12102 9352 31200 31200 31200 29256 9432 
43050 43050 43050 36210 12544 13680 13680 13680 11628 2052 43108 43108 43108 36268 12532 11150 11150 11150 11150 11150 11150 11150 11150 8292 34664 34664 34664 32612 12284 
43146 43146 43146 36306 12640 37580 37580 37580 35528 15960 51988 51988 51988 45148 21412 19030 19030 19030 19030 19030 19030 19030 19030 16172 34760 34760 34760 32708 12380 
37030 37030 37030 31270 9116 32548 32548 32548 30820 12764 46232 46232 46232 40472 18248 15222 15222 15222 15222 15222 15222 15222 15222 12688 29400 29400 29400 27672 8856 
47568 47568 47568 40308 16054 33300 33300 33300 31122 10966 41178 41178 41178 33918 9594 11090 11090 11090 11090 11090 11090 11090 11090 8106 38888 38888 38888 36710 15794 
40306 40306 40306 33466 9800 31452 31452 31452 29400 9832 45748 45748 45748 38908 15172 12318 12318 12318 12318 12318 12318 12318 12318 9460 31920 31920 31920 29868 9540 
47038 47038 47038 40318 16820 33732 33732 33732 31716 12316 41016 41016 41016 34296 10728 11126 11126 11126 11126 11126 11126 11126 11126 8304 38736 38736 38736 36720 16560 
40096 40096 40096 33556 10310 30340 30340 30340 28378 9230 44570 44570 44570 38030 14714 12402 12402 12402 12402 12402 12402 12402 12402 9634 31920 31920 31920 29958 10050 
42214 42214 42214 35494 11996 30580 30580 30580 28564 9164 43568 43568 43568 36848 13280 9846 9846 9846 9846 9846 9846 9846 9846 7024 33912 33912 33912 31896 11736 
43820 43820 43820 37160 13746 31324 31324 31324 29326 10010 42238 42238 42238 35578 12094 3996 3996 3996 3996 3996 3996 3996 3996 1998 35560 35560 35560 33562 13486 
17172 17172 17172 10812 1908 32564 32564 32564 30656 11760 46572 46572 46572 40212 17148 13958 13958 13958 13958 13958 13958 13958 13958 11244 12720 12720 12720 10812 1908 
39728 39728 39728 33668 11094 29356 29356 29356 27538 9062 43066 43066 43066 37006 14362 12690 12690 12690 12690 12690 12690 12690 12690 10066 31888 31888 31888 30070 10834 
45904 45904 45904 39604 16694 32892 32892 32892 31002 12190 39882 39882 39882 33582 10602 10874 10874 10874 10874 10874 10874 10874 10874 8178 37896 37896 37896 36006 16434 
44144 44144 44144 37364 13782 30788 30788 30788 28754 9270 41906 41906 41906 35126 11474 9148 9148 9148 9148 9148 9148 9148 9148 7114 35800 35800 35800 33766 13522 
40918 40918 40918 34678 11852 29620 29620 29620 27748 9020 42272 42272 42272 36032 13136 9558 9558 9558 9558 9558 9558 9558 9558 6880 32952 32952 32952 31080 11592 
40376 40376 40376 34076 11166 29836 29836 29836 27946 9134 43714 43714 43714 37414 14434 12834 12834 12834 12834 12834 12834 12834 12834 10138 32368 32368 32368 30478 10906 
38962 38962 38962 32842 10184 29500 29500 29500 27664 9104 43436 43436 43436 37316 14588 12150 12150 12150 12150 12150 12150 12150 12150 9508 31080 31080 31080 29244 9924 
44440 44440 44440 37660 14078 31700 31700 31700 29666 10182 42314 42314 42314 35534 11882 5588 5588 5588 5588 5588 5588 5588 5588 3554 36096 36096 36096 34062 13818 
48010 48010 48010 40930 16928 34452 34452 34452 32328 12424 41988 41988 41988 34908 10836 11342 11342 11342 11342 11342 11342 11342 11342 8412 39456 39456 39456 37332 16668 
42524 42524 42524 36344 13602 30364 30364 30364 28510 9866 40942 40942 40942 34762 11950 3708 3708 3708 3708 3708 3708 3708 3708 1854 34600 34600 34600 32746 13342 
45092 45092 45092 37952 13866 31084 31084 31084 28942 8954 42670 42670 42670 35530 11374 9906 9906 9906 9906 9906 9906 9906 9906 6958 36496 36496 36496 34354 13606 
42574 42574 42574 35134 10628 35532 35532 35532 33300 12892 50336 50336 50336 42896 18320 16390 16390 16390 16390 16390 16390 16390 16390 13352 33768 33768 33768 31536 10368 
42686 42686 42686 36446 13620 29708 29708 29708 27836 9108 40448 40448 40448 34208 11312 8824 8824 8824 8824 8824 8824 8824 8824 6952 34720 34720 34720 32848 13360 
48402 48402 48402 41322 17320 34780 34780 34780 32656 12752 41932 41932 41932 34852 10780 11742 11742 11742 11742 11742 11742 11742 11742 8812 39848 39848 39848 37724 17060 
44652 44652 44652 38472 15730 31140 31140 31140 29286 10642 38262 38262 38262 32082 9270 10442 10442 10442 10442 10442 10442 10442 10442 7782 36728 36728 36728 34874 15470 
40306 40306 40306 33466 9800 31452 31452 31452 29400 9832 45748 45748 45748 38908 15172 12318 12318 12318 12318 12318 12318 12318 12318 9460 31920 31920 31920 29868 9540 
41080 41080 41080 33820 9566 35548 35548 35548 33370 13214 50282 50282 50282 43022 18698 16122 16122 16122 16122 16122 16122 16122 16122 13138 32400 32400 32400 30222 9306 
44630 44630 44630 37670 13836 31148 31148 31148 29060 9324 42392 42392 42392 35432 11528 9256 9256 9256 9256 9256 9256 9256 9256 7168 36160 36160 36160 34072 13576 
38812 38812 38812 32392 9314 33868 33868 33868 31942 12962 48014 48014 48014 41594 18446 15618 15618 15618 15618 15618 15618 15618 15618 12886 30720 30720 30720 28794 9054 
42250 42250 42250 34930 10592 35292 35292 35292 33096 12856 50012 50012 50012 42692 18284 16318 16318 16318 16318 16318 16318 16318 16318 13316 33528 33528 33528 31332 10332 
43954 43954 43954 37354 14024 31340 31340 31340 29360 10128 41828 41828 41828 35228 11828 5480 5480 5480 5480 5480 5480 5480 5480 3500 35736 35736 35736 33756 13764 
43148 43148 43148 36728 13650 29644 29644 29644 27718 8738 40726 40726 40726 34306 11158 9474 9474 9474 9474 9474 9474 9474 9474 6742 35056 35056 35056 33130 13390 
18630 18630 18630 11730 2070 33644 33644 33644 31574 11922 48030 48030 48030 41130 17310 14282 14282 14282 14282 14282 14282 14282 14282 11406 13800 13800 13800 11730 2070 
48094 48094 48094 41134 17300 33724 33724 33724 31636 11900 18792 18792 18792 11832 2088 12638 12638 12638 12638 12638 12638 12638 12638 9744 39624 39624 39624 37536 17040 
45256 45256 45256 38956 16046 31540 31540 31540 29650 10838 38146 38146 38146 31846 8866 10938 10938 10938 10938 10938 10938 10938 10938 8242 37248 37248 37248 35358 15786 
40376 40376 40376 34076 11166 29836 29836 29836 27946 9134 43714 43714 43714 37414 14434 12834 12834 12834 12834 12834 12834 12834 12834 10138 32368 32368 32368 30478 10906 
44278 44278 44278 37558 14060 31580 31580 31580 29564 10164 42152 42152 42152 35432 11864 5552 5552 5552 5552 5552 5552 5552 5552 3536 35976 35976 35976 33960 13800 
45116 45116 45116 37976 13890 31508 31508 31508 29366 9378 42878 42878 42878 35738 11582 9364 9364 9364 9364 9364 9364 9364 9364 7222 36520 36520 36520 34378 13630 
39298 39298 39298 32698 9368 34228 34228 34228 32248 13016 48500 48500 48500 41900 18500 15726 15726 15726 15726 15726 15726 15726 15726 12940 31080 31080 31080 29100 9108 
45786 45786 45786 39186 15856 31980 31980 31980 30000 10768 39396 39396 39396 32796 9396 10694 10694 10694 10694 10694 10694 10694 10694 7908 37568 37568 37568 35588 15596 
43996 43996 43996 36616 12194 31900 31900 31900 29686 9362 45350 45350 45350 37970 13478 10242 10242 10242 10242 10242 10242 10242 10242 7222 35232 35232 35232 33018 11934 
43792 43792 43792 37252 14006 31220 31220 31220 29258 10110 41666 41666 41666 35126 11810 5444 5444 5444 5444 5444 5444 5444 5444 3482 35616 35616 35616 33654 13746 
16038 16038 16038 10098 1782 31724 31724 31724 29942 11634 45438 45438 45438 39498 17022 13706 13706 13706 13706 13706 13706 13706 13706 11118 11880 11880 11880 10098 1782 
39924 39924 39924 33024 9274 32076 32076 32076 30006 10354 46454 46454 46454 39554 15734 12890 12890 12890 12890 12890 12890 12890 12890 10014 31496 31496 31496 29426 9014 
47686 47686 47686 40726 16892 34212 34212 34212 32124 12388 41664 41664 41664 34704 10800 11270 11270 11270 11270 11270 11270 11270 11270 8376 39216 39216 39216 37128 16632 
39924 39924 39924 33024 9274 32076 32076 32076 30006 10354 46454 46454 46454 39554 15734 12890 12890 12890 12890 12890 12890 12890 12890 10014 31496 31496 31496 29426 9014 
18468 18468 18468 11628 2052 33524 33524 33524 31472 11904 47868 47868 47868 41028 17292 14246 14246 14246 14246 14246 14246 14246 14246 11388 13680 13680 13680 11628 2052 
47362 47362 47362 40522 16856 33972 33972 33972 31920 12352 41340 41340 41340 34500 10764 11198 11198 11198 11198 11198 11198 11198 11198 8340 38976 38976 38976 36924 16596 
42176 42176 42176 36116 13542 28924 28924 28924 27106 8630 39754 39754 39754 33694 11050 9258 9258 9258 9258 9258 9258 9258 9258 6634 34336 34336 34336 32518 13282 
40744 40744 40744 33964 10382 30820 30820 30820 28786 9302 45218 45218 45218 38438 14786 12546 12546 12546 12546 12546 12546 12546 12546 9706 32400 32400 32400 30366 10122 
44490 44490 44490 38370 15712 31020 31020 31020 29184 10624 38100 38100 38100 31980 9252 10406 10406 10406 10406 10406 10406 10406 10406 7764 36608 36608 36608 34772 15452 
44468 44468 44468 37568 13818 31028 31028 31028 28958 9306 42230 42230 42230 35330 11510 9220 9220 9220 9220 9220 9220 9220 9220 7150 36040 36040 36040 33970 13558 
45088 45088 45088 38068 14150 32180 32180 32180 30074 10254 42962 42962 42962 35942 11954 5732 5732 5732 5732 5732 5732 5732 5732 3626 36576 36576 36576 34470 13890 
44604 44604 44604 37224 12802 38660 38660 38660 36446 16122 53446 53446 53446 46066 21574 19354 19354 19354 19354 19354 19354 19354 19354 16334 35840 35840 35840 33626 12542 
43050 43050 43050 36210 12544 13680 13680 13680 11628 2052 43108 43108 43108 36268 12532 11150 11150 11150 11150 11150 11150 11150 11150 8292 34664 34664 34664 32612 12284 
46876 46876 46876 40216 16802 33612 33612 33612 31614 12298 40854 40854 40854 34194 10710 11090 11090 11090 11090 11090 11090 11090 11090 8286 38616 38616 38616 36618 16542 
44468 44468 44468 37568 13818 31028 31028 31028 28958 9306 42230 42230 42230 35330 11510 9220 9220 9220 9220 9220 9220 9220 9220 7150 36040 36040 36040 33970 13558 
43634 43634 43634 37034 13704 30004 30004 30004 28024 8792 41212 41212 41212 34612 11212 9582 9582 9582 9582 9582 9582 9582 9582 6796 35416 35416 35416 33436 13444 
47770 47770 47770 40930 17264 33484 33484 33484 31432 11864 18468 18468 18468 11628 2052 12566 12566 12566 12566 12566 12566 12566 12566 9708 39384 39384 39384 37332 17004 
]

ExternalWorkerWithSkillOnStintCost: [
40992 45024 38304 42504 12192 38232 31392 37296 31608 12696 34860 35784 35028 50232 14376 13980 15750 14670 14430 17460 15960 16830 14700 11880 40392 42264 31608 31104 11328 
40908 38304 42336 47292 14208 38952 31608 37656 42696 9888 44940 48888 47628 48300 13272 14010 12030 15420 17010 16530 14340 15390 12420 12696 42120 42624 32688 32328 9888 
35112 44688 47964 41496 10560 41616 40968 40968 36216 13536 35616 49224 34524 35784 14184 16200 17340 13170 14760 12150 15330 17610 17280 11208 36144 29160 41760 30312 10584 
37716 44268 49812 42168 14160 29448 34128 36360 31248 10272 48216 34776 43092 43008 12288 14550 13650 12540 16980 14070 15420 17520 14400 14088 38016 39312 34776 40680 10488 
49476 34692 42084 39144 12144 35208 37656 35496 42408 10320 37464 41496 47460 44856 14328 13740 12060 17460 13410 12900 17280 16950 16470 11448 41904 37152 38808 41400 13656 
42588 45360 34860 49560 13680 39744 39384 37512 38088 13104 49224 43932 48804 36288 13608 12990 12300 14520 17490 12210 12690 12900 16890 10320 39024 42048 37584 28872 9720 
]

OverlappingStints: [
[ 2 6 7 11 12 16 17 18 19 25 26 ]
[ 3 6 7 8 11 12 13 18 19 20 21 25 26 27 ]
[ 4 7 8 9 12 13 14 20 21 22 23 26 27 28 ]
[ 5 8 9 10 13 14 15 22 23 24 27 28 29 ]
[ 9 10 14 15 24 28 29 ]
[ 7 11 12 16 17 18 25 26 ]
[ 8 11 12 13 18 19 20 25 26 27 ]
[ 9 12 13 14 20 21 22 26 27 28 ]
[ 10 13 14 15 22 23 24 27 28 29 ]
[ 14 15 24 28 29 ]
[ 12 16 17 18 19 25 26 ]
[ 13 18 19 20 21 25 26 27 ]
[ 14 20 21 22 23 26 27 28 ]
[ 15 22 23 24 27 28 29 ]
[ 24 28 29 ]
[ 25 ]
[ 25 ]
[ 25 26 ]
[ 26 ]
[ 26 27 ]
[ 27 ]
[ 27 28 ]
[ 28 ]
[ 28 29 ]
[ 26 ]
[ 27 ]
[ 28 ]
[ 29 ]
[ ]
]

EmployeesWithSkill: [
[ 1 2 3 4 5 6 7 8 9 10 11 12 13 14 15 16 17 18 19 20 21 22 23 24 25 26 27 28 29 30 31 32 33 34 35 36 37 38 39 40 41 42 43 44 45 46 47 48 49 50 51 52 53 54 55 56 57 58 59 60 61 62 63 64 65 66 67 68 69 70 71 72 73 74 75 76 77 78 79 80 81 82 83 84 85 86 87 88 89 90 91 92 93 94 95 96 97 98 99 100 101 102 103 104 105 106 107 108 109 110 111 112 113 114 115 116 117 118 119 120 121 122 123 124 125 126 127 128 129 130 131 132 133 134 135 136 137 138 139 140 141 142 143 144 145 146 147 148 149 150 ]
[ 4 6 12 17 21 24 27 28 36 37 43 45 47 55 56 59 60 61 63 65 67 68 70 72 81 83 88 89 91 96 102 104 112 113 114 118 127 130 132 136 137 138 146 147 ]
[ 2 3 5 6 8 9 15 16 22 25 30 32 35 36 38 39 42 43 44 48 51 53 54 55 56 57 59 61 62 66 69 71 72 73 75 76 78 81 91 94 97 100 104 105 106 109 110 113 114 115 116 117 119 120 121 123 124 126 128 133 134 135 137 141 142 144 145 ]
[ 2 3 4 5 7 8 9 10 11 14 16 17 18 21 22 24 26 28 29 30 31 33 35 36 39 40 41 42 43 44 45 46 47 48 49 51 53 54 55 56 57 58 59 60 62 63 65 66 67 68 70 71 73 74 75 77 79 81 84 85 86 87 88 89 90 92 93 94 96 99 102 103 104 105 106 107 109 110 112 113 115 117 118 120 121 122 123 124 125 126 127 128 130 131 132 133 135 136 137 138 139 142 143 144 145 147 148 150 ]
[ 1 4 5 7 8 15 19 22 30 32 34 38 39 41 44 45 50 51 52 54 55 56 58 59 82 87 89 92 102 105 107 109 118 120 122 129 132 133 135 136 137 139 141 143 145 149 ]
[ 1 2 3 4 5 6 7 8 9 10 11 12 13 14 15 16 17 18 19 20 21 22 23 24 25 26 27 28 29 30 31 32 33 34 35 36 37 38 39 40 41 42 43 45 46 47 49 50 51 52 53 54 55 56 58 59 60 61 62 63 64 66 67 68 69 71 72 73 75 76 77 78 79 80 81 82 83 84 85 86 88 89 90 91 92 93 94 96 97 98 99 100 101 102 103 104 105 106 107 108 109 110 111 112 113 115 116 117 118 119 120 121 122 123 124 125 126 129 130 132 133 134 135 136 137 138 139 140 141 142 143 144 145 146 147 148 149 ]
]

SkillDemandInActivityWithMode: [
0	
21	
31	
21	
18	
31	
31	
31	
41	
0	
27	
27	
6	
8	
9	
33	
6	
17	
6	
19	
27	
27	
6	
0	
2	
1	
1	
2	
2	
2	
3	
2	
2	
2	
2	
3	
1	
2	
1	
1	
2	
3	
0	
9	
6	
3	
2	
4	
6	
0	
145	
174	
124	
290	
145	
73	
174	
217	

0	
18	
27	
18	
15	
27	
27	
27	
36	
0	
2	
1	
0	
0	
0	
2	
0	
1	
0	
1	
1	
1	
0	
0	
6	
3	
2	
7	
9	
7	
14	
12	
12	
12	
12	
17	
3	
8	
4	
4	
12	
14	
0	
23	
15	
6	
5	
11	
15	
0	
1	
2	
1	
3	
1	
0	
2	
2	

0	
5	
8	
5	
4	
7	
7	
7	
10	
0	
7	
7	
1	
2	
2	
9	
1	
4	
1	
5	
7	
7	
1	
0	
14	
8	
4	
16	
20	
15	
30	
26	
26	
26	
26	
36	
6	
18	
10	
9	
26	
30	
0	
6	
4	
1	
1	
3	
4	
0	
7	
9	
6	
15	
7	
3	
9	
11	

0	
17	
26	
17	
15	
26	
26	
26	
35	
0	
2	
2	
0	
0	
0	
2	
0	
1	
0	
1	
1	
1	
0	
0	
16	
9	
4	
19	
23	
17	
35	
30	
30	
30	
30	
42	
7	
21	
11	
10	
30	
35	
0	
134	
89	
38	
29	
67	
89	
0	
16	
19	
13	
32	
16	
8	
19	
24	

0	
2	
3	
2	
2	
3	
3	
3	
4	
0	
15	
15	
3	
4	
5	
19	
3	
9	
3	
11	
15	
15	
3	
0	
0	
0	
0	
0	
0	
0	
1	
1	
1	
1	
1	
1	
0	
0	
0	
0	
1	
1	
0	
82	
54	
23	
18	
40	
54	
0	
17	
20	
14	
34	
17	
8	
20	
25	

0	
93	
140	
93	
80	
140	
140	
140	
186	
0	
20	
20	
4	
5	
6	
25	
3	
12	
4	
14	
19	
19	
4	
0	
1	
1	
0	
2	
2	
1	
3	
3	
3	
3	
3	
4	
0	
2	
1	
1	
3	
3	
0	
189	
126	
53	
41	
94	
125	
0	
13	
16	
11	
27	
13	
6	
16	
20	

]

EmployeeAvailability: [
1 0 1 1 1 1 0 1 1 1 1 0 1 1 1 1 1 0 1 1 1 1 1 1 1 0 1 1 1 
1 1 1 0 1 1 1 1 0 1 1 1 1 0 1 1 1 1 1 1 1 1 0 1 1 1 1 0 1 
1 1 1 1 1 1 1 1 1 1 1 1 1 1 1 1 1 1 1 1 1 1 1 1 1 1 1 1 1 
1 1 1 1 0 1 1 1 1 0 1 1 1 1 0 1 1 1 1 1 1 1 1 0 1 1 1 1 0 
1 0 1 1 1 1 0 1 1 1 1 0 1 1 1 1 1 1 0 1 1 1 1 1 1 0 1 1 1 
1 0 1 0 1 1 1 1 0 1 1 0 1 0 1 1 1 1 1 1 1 0 1 1 1 1 1 0 1 
1 1 1 1 1 1 1 1 1 1 1 1 1 1 1 1 1 1 1 1 1 1 1 1 1 1 1 1 1 
1 1 1 1 1 1 1 1 1 1 1 1 1 1 1 1 1 1 1 1 1 1 1 1 1 1 1 1 1 
1 1 0 1 1 1 1 0 1 1 1 1 0 1 1 1 1 1 1 1 0 1 1 1 1 1 0 1 1 
1 1 0 0 1 1 1 1 0 1 1 1 0 0 1 1 1 1 1 1 1 1 0 1 1 1 1 0 1 
0 1 0 1 1 0 1 0 1 1 0 1 0 1 1 1 0 1 1 1 1 1 1 1 0 1 0 1 1 
1 1 1 1 1 1 1 1 1 1 1 1 1 1 1 1 1 1 1 1 1 1 1 1 1 1 1 1 1 
1 1 0 0 1 1 1 0 0 1 1 1 0 0 1 1 1 1 1 1 0 0 1 1 1 1 0 0 1 
1 1 1 1 1 1 1 1 1 1 1 1 1 1 1 1 1 1 1 1 1 1 1 1 1 1 1 1 1 
1 1 0 1 1 1 1 0 1 1 1 1 0 1 1 1 1 1 1 1 1 1 1 1 1 1 0 1 1 
0 0 1 1 1 0 0 1 1 1 0 0 1 1 1 1 0 1 0 1 1 1 1 1 0 0 1 1 1 
0 1 1 1 1 0 1 1 1 1 0 1 1 1 1 1 1 1 1 1 1 1 1 1 0 1 1 1 1 
0 0 1 0 1 0 0 1 0 1 0 0 1 0 1 1 0 0 1 1 1 0 1 1 0 0 1 0 1 
0 1 1 1 1 0 1 1 1 1 0 1 1 1 1 1 1 1 1 1 1 1 1 1 0 1 1 1 1 
1 0 0 1 1 1 0 0 1 1 1 0 0 1 1 1 1 0 1 0 1 1 1 1 1 0 0 1 1 
0 1 0 1 1 0 1 1 1 1 0 1 0 1 1 1 1 1 1 1 1 1 1 1 0 1 1 1 1 
0 0 1 1 1 1 0 1 1 1 0 0 1 1 1 1 1 0 1 1 1 1 1 1 1 0 1 1 1 
1 1 1 1 1 1 1 1 1 1 1 1 1 1 1 1 1 1 1 1 1 1 1 1 1 1 1 1 1 
1 0 1 0 1 1 0 1 0 1 1 0 1 0 1 1 1 1 1 1 1 0 1 1 1 0 1 0 1 
1 1 0 1 0 1 1 0 1 0 1 1 0 1 0 1 1 1 1 0 1 1 1 0 1 1 0 1 0 
1 1 1 1 1 1 1 1 1 1 1 1 1 1 1 1 1 1 1 1 1 1 1 1 1 1 1 1 1 
1 1 0 1 1 1 1 0 1 1 1 1 0 1 1 1 1 1 1 0 1 1 1 1 1 1 0 1 1 
1 1 0 1 1 1 1 0 1 1 1 1 0 1 1 1 1 1 1 1 0 1 1 1 1 1 0 1 1 
0 0 1 1 1 0 0 1 1 1 0 0 1 1 1 0 1 1 1 1 1 1 1 1 0 0 1 1 1 
0 1 0 1 1 0 1 1 1 1 0 1 0 1 1 0 0 1 1 1 1 1 1 1 0 1 1 1 1 
1 1 1 1 1 1 1 1 1 1 1 1 1 1 1 1 1 1 1 1 1 1 1 1 1 1 1 1 1 
1 0 0 1 1 1 0 0 1 1 1 0 0 1 1 1 1 0 1 0 0 1 1 1 1 0 0 1 1 
1 0 1 1 1 1 0 1 1 1 1 0 1 1 1 1 1 1 0 1 1 1 1 1 1 0 1 1 1 
1 0 1 1 1 1 0 1 1 1 1 0 1 1 1 1 1 1 0 1 1 1 1 1 1 0 1 1 1 
1 0 0 0 1 1 1 1 0 1 1 0 0 0 1 1 1 1 1 1 1 1 0 1 1 1 1 0 1 
0 1 1 0 1 0 1 1 0 1 0 1 1 0 1 1 0 1 1 1 1 1 0 1 0 1 1 0 1 
1 1 1 0 1 1 1 1 0 1 1 1 1 0 1 1 1 1 1 1 1 1 1 1 1 1 1 0 1 
1 1 1 1 1 1 1 1 1 1 1 1 1 1 1 1 1 1 1 1 1 1 1 1 1 1 1 1 1 
1 1 1 1 1 1 1 1 1 1 1 1 1 1 1 1 1 1 1 1 1 1 1 1 1 1 1 1 1 
1 1 1 1 1 1 1 1 1 1 1 1 1 1 1 1 1 1 1 1 1 1 1 1 1 1 1 1 1 
1 1 1 1 1 1 1 1 1 1 1 1 1 1 1 1 1 1 1 1 1 1 1 1 1 1 1 1 1 
1 1 1 1 0 1 1 1 1 0 1 1 1 1 0 1 1 1 1 1 1 1 1 0 1 1 1 1 0 
0 0 1 1 1 0 0 1 1 1 0 0 1 1 1 0 1 0 1 1 1 1 1 1 0 0 1 1 1 
0 0 1 0 1 0 0 1 0 1 0 0 1 0 1 1 0 1 1 1 1 0 1 1 0 0 1 0 1 
1 1 0 0 1 1 1 1 0 1 1 1 0 0 1 1 1 1 1 1 1 0 1 1 1 1 1 0 1 
1 1 1 1 1 1 1 1 1 1 1 1 1 1 1 1 1 1 1 1 1 1 1 1 1 1 1 1 1 
0 0 1 1 0 1 0 1 1 0 0 0 1 1 0 1 1 0 1 1 1 1 1 0 1 0 1 1 0 
1 1 0 1 1 1 1 0 1 1 1 1 0 1 1 1 1 1 1 0 1 1 1 1 1 1 0 1 1 
1 1 1 0 1 1 1 1 0 1 1 1 1 0 1 1 1 1 1 1 1 1 0 1 1 1 1 0 1 
1 1 1 1 1 1 1 1 1 1 1 1 1 1 1 1 1 1 1 1 1 1 1 1 1 1 1 1 1 
1 1 1 1 0 1 1 1 1 0 1 1 1 1 0 1 1 1 1 1 1 1 1 0 1 1 1 1 0 
1 0 1 1 1 1 1 1 1 1 1 0 1 1 1 1 1 1 1 1 1 1 1 1 1 1 1 1 1 
0 1 1 1 1 0 1 1 1 1 0 1 1 1 1 1 1 1 1 1 1 1 1 1 0 1 1 1 1 
1 1 1 1 1 1 1 1 1 1 1 1 1 1 1 1 1 1 1 1 1 1 1 1 1 1 1 1 1 
1 1 0 1 1 1 1 0 1 1 1 1 0 1 1 1 1 1 1 1 0 1 1 1 1 1 0 1 1 
0 0 1 1 1 0 0 1 1 1 0 0 1 1 1 0 1 1 0 1 1 1 1 1 0 0 1 1 1 
0 0 1 0 1 0 0 1 0 1 0 0 1 0 1 1 0 0 1 1 1 0 1 1 0 0 1 0 1 
1 1 0 1 1 1 1 0 1 1 1 1 0 1 1 1 1 1 1 0 1 1 1 1 1 1 0 1 1 
0 1 0 0 1 0 1 0 0 1 0 1 0 0 1 1 0 1 1 0 1 0 1 1 0 1 0 0 1 
0 1 0 1 1 1 1 0 1 1 0 1 0 1 1 1 1 1 1 1 0 1 1 1 1 1 0 1 1 
0 1 1 0 1 0 1 1 0 1 0 1 1 0 1 1 0 1 1 1 1 1 0 1 0 1 1 0 1 
0 1 1 1 1 0 1 1 1 1 0 1 1 1 1 0 0 1 1 1 1 1 1 1 0 1 1 1 1 
1 1 1 1 1 1 1 1 1 1 1 1 1 1 1 1 1 1 1 1 1 1 1 1 1 1 1 1 1 
0 1 1 0 1 0 1 1 0 1 0 1 1 0 1 1 0 1 1 1 1 1 1 1 0 1 1 0 1 
1 1 1 1 1 1 1 1 1 1 1 1 1 1 1 1 1 1 1 1 1 1 1 1 1 1 1 1 1 
1 1 1 1 1 1 1 1 1 1 1 1 1 1 1 1 1 1 1 1 1 1 1 1 1 1 1 1 1 
0 1 1 0 1 0 1 1 0 1 0 1 1 0 1 1 0 1 1 1 1 0 1 1 0 1 1 0 1 
1 1 0 0 1 1 1 0 0 1 1 1 0 0 1 1 1 1 1 0 0 0 1 1 1 1 0 0 1 
0 1 1 0 1 0 1 1 0 1 0 1 1 0 1 1 0 1 1 1 1 1 0 1 0 1 1 0 1 
0 1 0 0 1 0 1 0 0 1 0 1 0 0 1 1 1 1 1 0 1 0 1 1 0 1 0 0 1 
1 1 1 1 1 1 1 1 1 1 1 1 1 1 1 1 1 1 1 1 1 1 1 1 1 1 1 1 1 
0 1 1 0 1 0 1 1 0 1 0 1 1 0 1 0 1 1 1 1 1 1 0 1 0 1 1 0 1 
1 1 1 1 1 1 1 1 1 1 1 1 1 1 1 1 1 1 1 1 1 1 1 1 1 1 1 1 1 
1 1 1 1 1 1 1 1 1 1 1 1 1 1 1 1 1 1 1 1 1 1 1 1 1 1 1 1 1 
1 1 1 1 1 1 1 1 1 1 1 1 1 1 1 1 1 1 1 1 1 1 1 1 1 1 1 1 1 
1 0 1 0 1 1 0 1 0 1 1 0 1 0 1 1 1 0 1 1 1 0 1 1 1 0 1 0 1 
1 1 0 1 1 1 1 0 1 1 1 1 0 1 1 1 1 1 1 0 1 1 1 1 1 1 0 1 1 
1 1 1 0 1 1 1 1 0 1 1 1 1 0 1 1 1 1 1 1 1 0 1 1 1 1 1 0 1 
1 1 1 1 1 1 1 1 1 1 1 1 1 1 1 1 1 1 1 1 1 1 1 1 1 1 1 1 1 
0 1 0 1 1 0 1 0 1 1 0 1 0 1 1 0 1 1 1 0 1 1 1 1 0 1 0 1 1 
1 1 1 1 1 1 1 1 1 1 1 1 1 1 1 1 1 1 1 1 1 1 1 1 1 1 1 1 1 
0 1 0 1 1 0 1 0 1 1 0 1 0 1 1 1 1 1 1 1 0 1 1 1 0 1 0 1 1 
1 0 1 1 1 1 0 1 1 1 1 0 1 1 1 1 1 1 0 1 1 1 1 1 1 0 1 1 1 
1 1 1 0 0 1 1 1 0 0 1 1 1 0 0 1 1 1 1 1 1 0 1 0 1 1 1 0 0 
0 0 0 1 1 0 0 1 1 1 0 0 0 1 1 0 1 1 0 1 1 1 1 1 0 0 1 1 1 
0 0 1 1 0 1 0 1 1 0 0 0 1 1 0 1 1 1 1 1 1 1 1 0 1 0 1 1 0 
0 1 1 0 1 0 1 1 0 1 0 1 1 0 1 0 1 1 1 1 1 1 1 1 0 1 1 0 1 
1 1 1 1 1 1 1 1 1 1 1 1 1 1 1 1 1 1 1 1 1 1 1 1 1 1 1 1 1 
0 1 0 1 1 0 1 0 1 1 0 1 0 1 1 1 0 1 1 0 1 1 1 1 0 1 0 1 1 
1 0 1 1 1 1 0 1 1 1 1 0 1 1 1 1 1 0 1 1 1 1 1 1 1 0 1 1 1 
0 0 1 1 1 0 0 1 1 1 0 0 1 1 1 1 0 0 1 1 1 1 1 1 0 0 1 1 1 
0 0 1 0 1 0 0 1 0 1 0 0 1 0 1 1 0 0 1 1 1 1 0 1 0 0 1 0 1 
0 1 1 0 1 0 1 1 0 1 0 1 1 0 1 1 1 1 1 1 1 1 0 1 0 1 1 0 1 
1 1 0 0 0 1 1 0 1 0 1 1 0 0 0 1 1 1 1 1 0 1 1 0 1 1 0 1 0 
1 1 1 0 1 1 1 1 0 1 1 1 1 0 1 1 1 1 1 1 1 0 1 1 1 1 1 0 1 
1 1 1 0 0 1 1 1 0 0 1 1 1 0 0 1 1 1 1 1 1 1 1 0 1 1 1 0 0 
1 1 1 1 1 1 1 1 1 1 1 1 1 1 1 1 1 1 1 1 1 1 1 1 1 1 1 1 1 
1 1 1 1 1 1 1 1 1 1 1 1 1 1 1 1 1 1 1 1 1 1 1 1 1 1 1 1 1 
1 1 1 1 0 1 1 1 1 0 1 1 1 1 0 1 1 1 1 1 1 1 1 0 1 1 1 1 0 
1 1 1 1 1 1 1 1 1 1 1 1 1 1 1 1 1 1 1 1 1 1 1 1 1 1 1 1 1 
1 0 0 1 1 1 0 0 1 1 1 0 0 1 1 1 1 1 1 1 0 1 1 1 1 0 0 1 1 
0 1 0 1 0 0 1 0 1 0 0 1 0 1 0 0 1 1 1 1 0 1 1 0 0 1 0 1 0 
1 1 1 1 1 1 1 1 1 1 1 1 1 1 1 1 1 1 1 1 1 1 1 1 1 1 1 1 1 
0 1 1 1 1 1 1 1 1 1 0 1 1 1 1 1 1 1 1 1 1 1 1 1 1 1 1 1 1 
1 1 0 0 1 1 1 0 0 1 1 1 0 0 1 1 1 1 1 0 0 1 0 1 1 1 0 0 1 
1 1 1 1 1 1 1 1 1 1 1 1 1 1 1 1 1 1 1 1 1 1 1 1 1 1 1 1 1 
0 0 0 1 1 0 0 0 1 1 0 0 0 1 1 1 1 1 0 0 1 1 1 1 0 0 0 1 1 
0 1 0 1 0 0 1 0 1 0 0 1 0 1 0 0 1 1 1 0 1 1 1 0 0 1 0 1 0 
0 0 1 0 1 0 0 1 1 1 0 0 1 0 1 1 1 0 1 1 1 1 1 1 0 0 1 1 1 
0 1 1 0 1 0 1 1 0 1 0 1 1 0 1 0 1 1 1 1 1 1 0 1 0 1 1 0 1 
1 0 1 1 1 1 1 1 1 1 1 0 1 1 1 1 1 1 1 1 1 1 1 1 1 1 1 1 1 
1 1 1 1 1 1 1 1 1 1 1 1 1 1 1 1 1 1 1 1 1 1 1 1 1 1 1 1 1 
1 1 1 1 0 1 1 1 1 0 1 1 1 1 0 1 1 1 1 1 1 1 1 0 1 1 1 1 0 
0 1 0 0 1 1 1 0 0 1 0 1 0 0 1 1 1 1 1 1 1 1 1 1 1 1 0 0 1 
1 0 1 1 1 1 0 1 1 1 1 0 1 1 1 1 1 0 1 1 1 1 1 1 1 0 1 1 1 
1 1 1 1 1 1 1 1 1 1 1 1 1 1 1 1 1 1 1 1 1 1 1 1 1 1 1 1 1 
0 1 0 1 1 0 1 0 1 1 0 1 0 1 1 0 1 1 1 0 1 1 1 1 0 1 0 1 1 
1 1 1 1 1 1 1 1 1 1 1 1 1 1 1 1 1 1 1 1 1 1 1 1 1 1 1 1 1 
0 1 1 1 1 0 1 1 1 1 0 1 1 1 1 1 1 1 1 1 1 1 1 1 0 1 1 1 1 
1 0 1 0 1 1 0 1 0 1 1 0 1 0 1 1 1 0 1 1 1 0 1 1 1 0 1 0 1 
1 1 1 0 1 1 1 1 0 1 1 1 1 0 1 1 1 1 1 1 1 0 1 1 1 1 1 0 1 
1 1 1 1 1 1 1 1 1 1 1 1 1 1 1 1 1 1 1 1 1 1 1 1 1 1 1 1 1 
1 0 1 1 1 1 0 1 1 1 1 0 1 1 1 1 1 0 0 1 1 1 1 1 1 0 1 1 1 
0 0 0 1 1 0 0 0 1 1 0 0 0 1 1 1 1 1 0 0 1 1 1 1 0 0 0 1 1 
0 1 0 0 1 0 1 0 0 1 0 1 0 0 1 0 1 1 1 1 0 1 1 1 0 1 0 0 1 
0 1 0 1 1 0 1 0 1 1 0 1 0 1 1 1 1 1 1 1 0 1 1 1 0 1 0 1 1 
0 1 1 1 1 0 1 1 1 1 0 1 1 1 1 1 0 1 1 1 1 1 1 1 0 1 1 1 1 
1 1 1 1 1 1 1 1 1 1 1 1 1 1 1 1 1 1 1 1 1 1 1 1 1 1 1 1 1 
0 0 1 0 1 0 0 1 1 1 0 0 1 0 1 1 0 0 1 1 1 1 1 1 0 0 1 1 1 
1 1 0 1 1 1 1 0 1 1 1 1 0 1 1 1 1 1 1 0 1 1 1 1 1 1 0 1 1 
1 1 1 0 1 1 1 1 0 1 1 1 1 0 1 1 1 1 1 1 1 0 1 1 1 1 1 0 1 
1 1 1 0 1 1 1 1 1 1 1 1 1 0 1 1 1 1 1 1 1 1 1 1 1 1 1 1 1 
0 1 1 0 1 1 1 1 0 1 0 1 1 0 1 1 1 1 1 1 1 1 0 1 1 1 1 0 1 
1 1 1 1 1 1 1 1 1 1 1 1 1 1 1 1 1 1 1 1 1 1 1 1 1 1 1 1 1 
0 1 1 0 1 0 1 1 0 1 0 1 1 0 1 0 1 1 1 1 1 1 0 1 0 1 1 0 1 
1 0 1 0 1 1 0 1 0 1 1 0 1 0 1 1 1 1 1 1 1 1 0 1 1 0 1 0 1 
0 0 1 1 1 0 1 1 1 1 0 0 1 1 1 0 0 1 1 1 1 1 1 1 0 1 1 1 1 
1 0 0 0 1 1 0 0 0 1 1 0 0 0 1 1 1 0 1 1 1 1 1 1 1 0 0 0 1 
1 1 0 1 1 1 1 0 1 1 1 1 0 1 1 1 1 1 1 0 1 1 1 1 1 1 0 1 1 
1 1 1 0 1 1 1 1 1 1 1 1 1 0 1 1 1 1 1 1 1 1 1 1 1 1 1 1 1 
0 1 1 1 0 0 1 1 1 0 0 1 1 1 0 0 1 1 1 1 1 1 1 0 0 1 1 1 0 
1 0 1 0 1 1 0 1 0 1 1 0 1 0 1 1 1 0 1 1 1 1 0 1 1 0 1 0 1 
1 0 1 1 1 1 0 1 1 1 1 0 1 1 1 1 1 1 0 1 1 1 1 1 1 0 1 1 1 
1 1 1 1 1 1 1 1 1 1 1 1 1 1 1 1 1 1 1 1 1 1 1 1 1 1 1 1 1 
1 0 0 1 1 1 0 0 1 1 1 0 0 1 1 1 1 0 1 1 0 1 1 1 1 0 0 1 1 
1 1 1 1 1 1 1 1 1 1 1 1 1 1 1 1 1 1 1 1 1 1 1 1 1 1 1 1 1 
1 1 1 1 1 1 1 1 1 1 1 1 1 1 1 1 1 1 1 1 1 1 1 1 1 1 1 1 1 
1 1 1 0 1 1 1 1 0 1 1 1 1 0 1 1 1 1 1 1 1 1 0 1 1 1 1 0 1 
1 1 1 0 1 1 1 1 0 1 1 1 1 0 1 1 1 1 1 1 1 1 0 1 1 1 1 0 1 
1 0 1 0 1 1 0 1 0 1 1 0 1 0 1 1 1 1 0 1 1 0 1 1 1 0 1 0 1 
]

EmployeeWantedInStint: [ (8 20) 1 (9 16) 1 (12 10) 1 (14 15) 1 (14 18) 1 (15 24) 1 (16 25) 1 (17 7) 1 (17 25) 1 (18 3) 1 (18 5) 1 (18 7) 1 (19 2) 1 (20 11) 1 (23 21) 1 (24 7) 1 (26 11) 1 (27 6) 1 (29 11) 1 (30 12) 1 (30 17) 1 (30 29) 1 (32 8) 1 (32 29) 1 (34 3) 1 (35 22) 1 (36 21) 1 (39 13) 1 (40 14) 1 (42 25) 1 (43 19) 1 (46 16) 1 (52 20) 1 (52 26) 1 (54 17) 1 (56 26) 1 (57 18) 1 (60 22) 1 (62 16) 1 (63 16) 1 (64 7) 1 (66 17) 1 (67 14) 1 (67 24) 1 (67 25) 1 (68 8) 1 (68 15) 1 (68 16) 1 (70 2) 1 (73 10) 1 (76 10) 1 (77 7) 1 (80 22) 1 (80 26) 1 (82 20) 1 (83 24) 1 (84 5) 1 (86 6) 1 (91 5) 1 (91 18) 1 (91 23) 1 (91 27) 1 (94 19) 1 (94 20) 1 (96 10) 1 (99 7) 1 (99 16) 1 (101 23) 1 (103 8) 1 (105 21) 1 (105 25) 1 (106 14) 1 (108 15) 1 (109 9) 1 (119 9) 1 (121 13) 1 (123 1) 1 (124 28) 1 (125 29) 1 (126 20) 1 (126 22) 1 (127 29) 1 (130 5) 1 (134 26) 1 (140 3) 1 (143 4) 1 (144 8) 1 (145 7) 1 ]

EmployeeWantedViolationCost: [ (8 20) 5000 (9 16) 7000 (12 10) 9000 (14 15) 9000 (14 18) 14000 (15 24) 5000 (16 25) 10000 (17 7) 13000 (17 25) 7000 (18 3) 13000 (18 5) 15000 (18 7) 14000 (19 2) 5000 (20 11) 10000 (23 21) 15000 (24 7) 6000 (26 11) 15000 (27 6) 7000 (29 11) 14000 (30 12) 5000 (30 17) 11000 (30 29) 10000 (32 8) 10000 (32 29) 8000 (34 3) 8000 (35 22) 5000 (36 21) 15000 (39 13) 9000 (40 14) 8000 (42 25) 11000 (43 19) 7000 (46 16) 11000 (52 20) 12000 (52 26) 11000 (54 17) 8000 (56 26) 10000 (57 18) 8000 (60 22) 15000 (62 16) 11000 (63 16) 12000 (64 7) 6000 (66 17) 7000 (67 14) 6000 (67 24) 14000 (67 25) 8000 (68 8) 12000 (68 15) 15000 (68 16) 13000 (70 2) 6000 (73 10) 7000 (76 10) 11000 (77 7) 7000 (80 22) 10000 (80 26) 5000 (82 20) 5000 (83 24) 10000 (84 5) 11000 (86 6) 12000 (91 5) 10000 (91 18) 8000 (91 23) 7000 (91 27) 11000 (94 19) 9000 (94 20) 9000 (96 10) 12000 (99 7) 6000 (99 16) 5000 (101 23) 6000 (103 8) 11000 (105 21) 14000 (105 25) 14000 (106 14) 10000 (108 15) 13000 (109 9) 12000 (119 9) 14000 (121 13) 10000 (123 1) 8000 (124 28) 7000 (125 29) 14000 (126 20) 10000 (126 22) 11000 (127 29) 7000 (130 5) 13000 (134 26) 5000 (140 3) 13000 (143 4) 15000 (144 8) 5000 (145 7) 13000 ]

EmployeesThatShouldNotWorkTogetherWithEmployee: [
[ 66 86 118 ]
[ 8 20 88 107 112 113 149 ]
[ 61 63 118 137 138 ]
[ 25 32 50 92 122 129 140 144 148 ]
[ 24 36 60 81 95 112 148 ]
[ 9 11 38 68 72 90 105 136 ]
[ 23 45 49 77 89 136 ]
[ 16 27 44 54 68 93 105 148 ]
[ 63 99 123 135 ]
[ 52 125 ]
[ 32 40 ]
[ 24 55 60 68 78 98 103 115 118 122 ]
[ 27 65 67 144 ]
[ 15 28 40 61 82 86 99 100 145 ]
[ 28 54 83 89 ]
[ 29 31 42 56 96 134 ]
[ 43 50 72 99 110 135 138 ]
[ 30 55 68 82 86 117 135 136 ]
[ 47 72 91 103 108 113 117 127 128 138 ]
[ 150 ]
[ 31 34 71 82 90 128 149 ]
[ 53 78 82 88 94 ]
[ 33 39 98 113 117 139 ]
[ 36 84 ]
[ 31 74 94 112 129 136 ]
[ 36 57 79 89 91 102 ]
[ 28 31 32 92 105 109 ]
[ 95 122 136 137 146 ]
[ 43 50 53 63 71 96 98 99 104 120 125 129 ]
[ 76 102 ]
[ 40 50 61 69 71 81 92 101 106 128 137 ]
[ 42 59 70 79 90 93 95 ]
[ 47 84 95 123 139 ]
[ 52 61 111 136 ]
[ 77 95 134 ]
[ 38 43 70 80 134 ]
[ 49 77 93 103 118 ]
[ 86 98 113 125 147 ]
[ 118 126 ]
[ 68 85 106 116 145 ]
[ 70 97 ]
[ 150 ]
[ 46 77 83 93 101 112 113 ]
[ 94 129 133 142 ]
[ 50 58 130 ]
[ 126 131 145 ]
[ 50 ]
[ 99 113 114 134 ]
[ 62 75 82 98 109 137 ]
[ 97 110 112 122 ]
[ 126 144 ]
[ 65 110 142 145 ]
[ 68 110 136 ]
[ ]
[ 59 61 67 89 111 115 127 128 ]
[ 143 ]
[ 83 92 94 115 131 139 146 ]
[ 70 91 102 112 140 ]
[ 86 94 109 134 ]
[ 73 129 144 ]
[ 65 97 113 128 ]
[ 64 94 ]
[ 112 147 148 ]
[ 66 80 94 111 ]
[ 75 80 86 98 110 148 ]
[ ]
[ 80 83 104 ]
[ 90 114 118 127 137 ]
[ 88 95 123 129 ]
[ 102 105 117 131 135 144 ]
[ 84 136 146 ]
[ 87 101 105 132 133 143 ]
[ 110 123 124 ]
[ 80 111 122 130 140 ]
[ 79 87 107 114 125 ]
[ 133 142 144 ]
[ 80 117 122 140 ]
[ 89 ]
[ 142 143 149 ]
[ 85 123 ]
[ 83 116 128 ]
[ 94 106 108 123 129 ]
[ 89 140 148 ]
[ 124 137 ]
[ 96 119 121 136 ]
[ 88 123 137 ]
[ 96 110 119 129 143 ]
[ 92 98 105 107 ]
[ 126 ]
[ 92 111 129 ]
[ 100 111 135 149 ]
[ 97 107 117 136 149 ]
[ ]
[ ]
[ ]
[ 119 ]
[ 106 141 ]
[ ]
[ ]
[ 132 ]
[ 113 ]
[ 108 120 144 ]
[ 135 ]
[ 106 139 ]
[ 112 126 ]
[ 120 148 ]
[ 114 135 142 147 ]
[ 110 123 129 ]
[ 126 140 ]
[ 141 ]
[ 116 ]
[ 120 121 148 ]
[ 124 126 ]
[ 145 ]
[ 125 148 ]
[ 131 ]
[ 120 128 140 ]
[ ]
[ 129 135 136 ]
[ 130 149 ]
[ ]
[ 123 143 ]
[ 127 139 ]
[ 127 131 ]
[ 134 145 ]
[ 133 ]
[ ]
[ 139 ]
[ ]
[ 131 145 ]
[ 138 ]
[ ]
[ ]
[ ]
[ 148 ]
[ 142 ]
[ 142 ]
[ ]
[ ]
[ ]
[ 148 ]
[ ]
[ ]
[ 146 ]
[ ]
[ 147 ]
[ ]
[ ]
[ ]
[ ]
]

ShouldNotWorkTogetherCost: [ (1 66) 396 (1 86) 198 (1 118) 297 (2 8) 396 (2 20) 99 (2 88) 198 (2 107) 99 (2 112) 396 (2 113) 99 (2 149) 396 (3 61) 396 (3 63) 99 (3 118) 297 (3 137) 297 (3 138) 396 (4 25) 99 (4 32) 396 (4 50) 99 (4 92) 198 (4 122) 99 (4 129) 297 (4 140) 396 (4 144) 297 (4 148) 198 (5 24) 396 (5 36) 297 (5 60) 297 (5 81) 396 (5 95) 99 (5 112) 297 (5 148) 99 (6 9) 99 (6 11) 198 (6 38) 297 (6 68) 297 (6 72) 198 (6 90) 396 (6 105) 297 (6 136) 396 (7 23) 396 (7 45) 99 (7 49) 396 (7 77) 99 (7 89) 99 (7 136) 198 (8 16) 297 (8 27) 297 (8 44) 99 (8 54) 396 (8 68) 99 (8 93) 396 (8 105) 99 (8 148) 99 (9 63) 297 (9 99) 99 (9 123) 297 (9 135) 99 (10 52) 99 (10 125) 198 (11 32) 99 (11 40) 396 (12 24) 396 (12 55) 297 (12 60) 99 (12 68) 396 (12 78) 198 (12 98) 198 (12 103) 297 (12 115) 396 (12 118) 198 (12 122) 99 (13 27) 396 (13 65) 99 (13 67) 396 (13 144) 198 (14 15) 99 (14 28) 99 (14 40) 297 (14 61) 198 (14 82) 396 (14 86) 99 (14 99) 396 (14 100) 396 (14 145) 99 (15 28) 99 (15 54) 396 (15 83) 396 (15 89) 396 (16 29) 198 (16 31) 297 (16 42) 99 (16 56) 198 (16 96) 396 (16 134) 198 (17 43) 396 (17 50) 297 (17 72) 396 (17 99) 297 (17 110) 99 (17 135) 198 (17 138) 396 (18 30) 198 (18 55) 297 (18 68) 297 (18 82) 297 (18 86) 198 (18 117) 297 (18 135) 99 (18 136) 198 (19 47) 198 (19 72) 396 (19 91) 396 (19 103) 297 (19 108) 99 (19 113) 99 (19 117) 297 (19 127) 99 (19 128) 396 (19 138) 198 (20 150) 198 (21 31) 297 (21 34) 396 (21 71) 99 (21 82) 396 (21 90) 198 (21 128) 99 (21 149) 198 (22 53) 297 (22 78) 297 (22 82) 198 (22 88) 396 (22 94) 297 (23 33) 297 (23 39) 99 (23 98) 99 (23 113) 99 (23 117) 396 (23 139) 198 (24 36) 99 (24 84) 297 (25 31) 297 (25 74) 198 (25 94) 99 (25 112) 396 (25 129) 297 (25 136) 297 (26 36) 198 (26 57) 99 (26 79) 297 (26 89) 198 (26 91) 297 (26 102) 198 (27 28) 198 (27 31) 396 (27 32) 99 (27 92) 99 (27 105) 99 (27 109) 297 (28 95) 396 (28 122) 99 (28 136) 297 (28 137) 198 (28 146) 198 (29 43) 198 (29 50) 99 (29 53) 99 (29 63) 396 (29 71) 297 (29 96) 396 (29 98) 396 (29 99) 198 (29 104) 198 (29 120) 99 (29 125) 198 (29 129) 99 (30 76) 396 (30 102) 297 (31 40) 396 (31 50) 99 (31 61) 198 (31 69) 297 (31 71) 198 (31 81) 198 (31 92) 198 (31 101) 396 (31 106) 396 (31 128) 198 (31 137) 99 (32 42) 198 (32 59) 99 (32 70) 297 (32 79) 198 (32 90) 396 (32 93) 396 (32 95) 198 (33 47) 297 (33 84) 198 (33 95) 297 (33 123) 99 (33 139) 198 (34 52) 198 (34 61) 297 (34 111) 99 (34 136) 99 (35 77) 396 (35 95) 99 (35 134) 99 (36 38) 297 (36 43) 297 (36 70) 396 (36 80) 99 (36 134) 297 (37 49) 297 (37 77) 198 (37 93) 396 (37 103) 198 (37 118) 297 (38 86) 198 (38 98) 396 (38 113) 99 (38 125) 99 (38 147) 99 (39 118) 297 (39 126) 297 (40 68) 297 (40 85) 198 (40 106) 99 (40 116) 99 (40 145) 396 (41 70) 297 (41 97) 396 (42 150) 297 (43 46) 297 (43 77) 99 (43 83) 297 (43 93) 198 (43 101) 198 (43 112) 396 (43 113) 297 (44 94) 396 (44 129) 198 (44 133) 198 (44 142) 297 (45 50) 99 (45 58) 99 (45 130) 396 (46 126) 297 (46 131) 297 (46 145) 396 (47 50) 99 (48 99) 99 (48 113) 99 (48 114) 396 (48 134) 297 (49 62) 297 (49 75) 99 (49 82) 99 (49 98) 396 (49 109) 396 (49 137) 396 (50 97) 396 (50 110) 99 (50 112) 198 (50 122) 99 (51 126) 198 (51 144) 396 (52 65) 297 (52 110) 396 (52 142) 198 (52 145) 297 (53 68) 297 (53 110) 396 (53 136) 297 (55 59) 198 (55 61) 297 (55 67) 297 (55 89) 198 (55 111) 396 (55 115) 198 (55 127) 297 (55 128) 198 (56 143) 99 (57 83) 297 (57 92) 99 (57 94) 198 (57 115) 198 (57 131) 198 (57 139) 297 (57 146) 297 (58 70) 198 (58 91) 99 (58 102) 297 (58 112) 99 (58 140) 198 (59 86) 297 (59 94) 198 (59 109) 99 (59 134) 396 (60 73) 99 (60 129) 99 (60 144) 396 (61 65) 396 (61 97) 396 (61 113) 396 (61 128) 198 (62 64) 99 (62 94) 297 (63 112) 396 (63 147) 297 (63 148) 396 (64 66) 99 (64 80) 198 (64 94) 396 (64 111) 99 (65 75) 297 (65 80) 198 (65 86) 396 (65 98) 396 (65 110) 396 (65 148) 297 (67 80) 198 (67 83) 297 (67 104) 99 (68 90) 396 (68 114) 198 (68 118) 99 (68 127) 297 (68 137) 99 (69 88) 396 (69 95) 198 (69 123) 396 (69 129) 99 (70 102) 396 (70 105) 297 (70 117) 198 (70 131) 198 (70 135) 396 (70 144) 198 (71 84) 297 (71 136) 99 (71 146) 198 (72 87) 396 (72 101) 99 (72 105) 396 (72 132) 396 (72 133) 99 (72 143) 297 (73 110) 396 (73 123) 297 (73 124) 297 (74 80) 297 (74 111) 297 (74 122) 99 (74 130) 396 (74 140) 396 (75 79) 198 (75 87) 99 (75 107) 198 (75 114) 99 (75 125) 297 (76 133) 396 (76 142) 396 (76 144) 297 (77 80) 99 (77 117) 297 (77 122) 396 (77 140) 198 (78 89) 198 (79 142) 297 (79 143) 396 (79 149) 396 (80 85) 198 (80 123) 99 (81 83) 99 (81 116) 99 (81 128) 99 (82 94) 396 (82 106) 396 (82 108) 396 (82 123) 99 (82 129) 99 (83 89) 198 (83 140) 396 (83 148) 396 (84 124) 396 (84 137) 99 (85 96) 99 (85 119) 99 (85 121) 396 (85 136) 99 (86 88) 198 (86 123) 396 (86 137) 198 (87 96) 198 (87 110) 99 (87 119) 396 (87 129) 99 (87 143) 198 (88 92) 198 (88 98) 99 (88 105) 198 (88 107) 99 (89 126) 99 (90 92) 396 (90 111) 198 (90 129) 297 (91 100) 297 (91 111) 297 (91 135) 297 (91 149) 396 (92 97) 99 (92 107) 198 (92 117) 198 (92 136) 99 (92 149) 297 (96 119) 99 (97 106) 99 (97 141) 198 (100 132) 297 (101 113) 396 (102 108) 198 (102 120) 297 (102 144) 99 (103 135) 297 (104 106) 198 (104 139) 297 (105 112) 396 (105 126) 198 (106 120) 198 (106 148) 198 (107 114) 99 (107 135) 99 (107 142) 198 (107 147) 198 (108 110) 198 (108 123) 297 (108 129) 198 (109 126) 297 (109 140) 396 (110 141) 99 (111 116) 99 (112 120) 396 (112 121) 297 (112 148) 99 (113 124) 297 (113 126) 297 (114 145) 99 (115 125) 297 (115 148) 297 (116 131) 198 (117 120) 297 (117 128) 297 (117 140) 396 (119 129) 297 (119 135) 198 (119 136) 198 (120 130) 99 (120 149) 99 (122 123) 99 (122 143) 198 (123 127) 396 (123 139) 198 (124 127) 396 (124 131) 297 (125 134) 198 (125 145) 99 (126 133) 396 (128 139) 396 (130 131) 396 (130 145) 396 (131 138) 396 (135 148) 297 (136 142) 396 (137 142) 396 (141 148) 198 (144 146) 396 (146 147) 198 ]

ImmediatePredecessorsToActivity: [
[ ]
[ 1 ]
[ 1 ]
[ 1 ]
[ 1 ]
[ 5 ]
[ 4 6 ]
[ 3 ]
[ 7 ]
[ ]
[ 10 ]
[ 10 ]
[ 11 ]
[ 11 ]
[ 10 ]
[ 12 14 ]
[ 10 ]
[ 12 14 ]
[ 10 ]
[ 10 ]
[ 14 ]
[ 10 ]
[ 10 ]
[ ]
[ 24 ]
[ 25 ]
[ 24 ]
[ 24 ]
[ 24 ]
[ 26 29 ]
[ 28 29 ]
[ 27 ]
[ 27 31 ]
[ 26 ]
[ 34 ]
[ 34 ]
[ 24 ]
[ 37 ]
[ 29 ]
[ 37 ]
[ 34 ]
[ 31 ]
[ ]
[ 43 ]
[ 44 ]
[ 43 ]
[ 43 ]
[ 45 47 ]
[ 47 ]
[ ]
[ 50 ]
[ 50 ]
[ 50 ]
[ 50 ]
[ 50 ]
[ 55 ]
[ 53 ]
[ 50 ]
]

ActivitiesInProject: [
[ 1 2 3 4 5 6 7 8 9 ]
[ 10 11 12 13 14 15 16 17 18 19 20 21 22 23 ]
[ 24 25 26 27 28 29 30 31 32 33 34 35 36 37 38 39 40 41 42 ]
[ 43 44 45 46 47 48 49 ]
[ 50 51 52 53 54 55 56 57 58 ]
]

nActivityModes: [ 1 1 1 1 1 1 1 1 1 1 1 1 1 1 1 1 1 1 1 1 1 1 1 1 1 1 1 1 1 1 1 1 1 1 1 1 1 1 1 1 1 1 1 1 1 1 1 1 1 1 1 1 1 1 1 1 1 1 ]

ActivitiyDurationWithMode: [
1	
6	
4	
6	
7	
4	
4	
4	
3	
1	
5	
5	
25	
17	
15	
4	
26	
8	
24	
7	
5	
5	
24	
1	
13	
22	
43	
11	
9	
12	
6	
7	
7	
7	
7	
5	
28	
10	
18	
20	
7	
6	
1	
2	
3	
7	
9	
4	
3	
1	
6	
5	
7	
3	
6	
12	
5	
4	
]
StintsInProject: [
[ 1 2 3 4 5 ]
[ 6 7 8 9 10 ]
[ 11 12 13 14 15 ]
[ 16 17 18 19 20 21 22 23 24 ]
[ 25 26 27 28 29 ]
]

WorkingStintsOnDay: [
[ 1 6 11 16 25 ]
[ 1 6 11 16 25 ]
[ 1 6 11 16 25 ]
[ 1 6 11 16 25 ]
[ 1 6 11 16 25 ]
[ 1 6 11 25 ]
[ 1 6 11 25 ]
[ 1 6 11 17 25 ]
[ 1 6 11 17 25 ]
[ 1 6 11 17 25 ]
[ 1 6 11 17 25 ]
[ 1 6 11 17 25 ]
[ 1 11 ]
[ 1 11 ]
[ 2 7 12 18 26 ]
[ 2 7 12 18 26 ]
[ 2 7 12 18 26 ]
[ 2 7 12 18 26 ]
[ 2 7 12 18 26 ]
[ 2 7 12 26 ]
[ 2 7 12 26 ]
[ 2 7 12 19 26 ]
[ 2 7 12 19 26 ]
[ 2 7 12 19 26 ]
[ 2 7 12 19 26 ]
[ 2 7 12 19 26 ]
[ 2 12 ]
[ 2 12 ]
[ 3 8 13 20 27 ]
[ 3 8 13 20 27 ]
[ 3 8 13 20 27 ]
[ 3 8 13 20 27 ]
[ 3 8 13 20 27 ]
[ 3 8 13 27 ]
[ 3 8 13 27 ]
[ 3 8 13 21 27 ]
[ 3 8 13 21 27 ]
[ 3 8 13 21 27 ]
[ 3 8 13 21 27 ]
[ 3 8 13 21 27 ]
[ 3 13 ]
[ 3 13 ]
[ 4 9 14 22 28 ]
[ 4 9 14 22 28 ]
[ 4 9 14 22 28 ]
[ 4 9 14 22 28 ]
[ 4 9 14 22 28 ]
[ 4 9 14 28 ]
[ 4 9 14 28 ]
[ 4 9 14 23 28 ]
[ 4 9 14 23 28 ]
[ 4 9 14 23 28 ]
[ 4 9 14 23 28 ]
[ 4 9 14 23 28 ]
[ 4 14 ]
[ 4 14 ]
[ 5 10 15 24 29 ]
[ 5 10 15 24 29 ]
[ 5 10 15 24 29 ]
[ 5 10 15 24 29 ]
]

ProjectStart: [ 17 20 1 15 7 ]

ProjectEnd: [ 39 57 53 33 31 ]

EarliestStartDayForActivity: [ 1 17 17 17 17 24 28 21 32 1 20 20 25 25 20 46 20 46 20 20 46 20 20 1 1 14 1 1 1 36 12 44 44 36 43 43 2 30 10 30 43 18 1 15 17 15 15 26 26 1 7 7 7 7 7 13 16 7 ]

LatestStartDayForActivity: [ 1 39 39 39 39 39 39 39 39 1 57 57 57 57 57 57 57 57 57 57 57 57 57 1 53 53 53 53 53 53 53 53 53 53 53 53 53 53 53 53 53 53 1 33 33 33 33 33 33 1 31 31 31 31 31 31 31 31 ]

EquipmentTypeDemandInActivityWithMode: [
0	
1	
2	
2	
2	
0	
1	
1	
0	
0	
0	
1	
3	
1	
1	
1	
1	
0	
1	
1	
1	
1	
1	
0	
2	
0	
1	
1	
0	
0	
1	
1	
0	
2	
1	
0	
2	
2	
0	
1	
0	
0	
0	
1	
2	
1	
2	
1	
2	
0	
0	
0	
0	
0	
0	
1	
0	
0	

0	
1	
1	
1	
0	
0	
0	
1	
0	
0	
2	
0	
0	
2	
0	
0	
1	
1	
1	
0	
0	
0	
0	
0	
0	
1	
3	
0	
0	
0	
1	
0	
0	
0	
2	
0	
0	
0	
2	
2	
0	
1	
0	
1	
0	
0	
1	
1	
0	
0	
0	
0	
1	
1	
0	
2	
1	
0	

0	
1	
0	
0	
0	
0	
2	
0	
0	
0	
3	
0	
1	
0	
1	
2	
0	
0	
1	
1	
0	
1	
0	
0	
0	
2	
1	
1	
0	
0	
2	
1	
0	
0	
1	
0	
0	
0	
0	
1	
0	
2	
0	
0	
1	
1	
2	
1	
0	
0	
0	
1	
0	
1	
2	
0	
1	
0	

0	
0	
0	
0	
2	
0	
1	
2	
2	
0	
1	
2	
0	
0	
1	
0	
1	
1	
1	
1	
0	
0	
1	
0	
0	
1	
1	
0	
1	
2	
0	
2	
0	
1	
0	
1	
0	
1	
0	
0	
2	
0	
0	
2	
0	
0	
0	
0	
0	
0	
2	
1	
1	
2	
0	
1	
0	
0	

0	
1	
0	
2	
1	
0	
2	
0	
0	
0	
0	
1	
1	
1	
0	
0	
0	
0	
0	
0	
0	
0	
3	
0	
1	
0	
0	
0	
1	
0	
0	
2	
1	
2	
0	
0	
0	
0	
0	
1	
0	
1	
0	
0	
2	
0	
1	
1	
1	
0	
0	
0	
0	
1	
0	
1	
0	
0	

0	
1	
0	
0	
1	
2	
0	
0	
2	
0	
0	
1	
1	
1	
2	
1	
0	
1	
0	
0	
0	
0	
2	
0	
0	
0	
0	
1	
0	
1	
1	
0	
0	
0	
0	
0	
0	
0	
0	
1	
1	
1	
0	
1	
1	
1	
0	
0	
0	
0	
1	
0	
0	
1	
0	
1	
0	
0	

0	
1	
1	
3	
3	
0	
1	
1	
0	
0	
0	
1	
0	
0	
1	
1	
2	
2	
2	
1	
0	
0	
0	
0	
1	
0	
0	
1	
0	
1	
1	
2	
1	
0	
0	
2	
1	
0	
0	
3	
0	
0	
0	
1	
1	
0	
0	
0	
1	
0	
0	
0	
1	
1	
1	
1	
1	
0	

]

ExternalEquipmentRentingCost: [
4005	3568	1015	5842	4254	3961	5028	2795	4029	4921	1653	4889	3191	2580	3294	4947	5342	4840	1563	1404	2314	5702	1101	3713	4318	4148	4961	5505	5652	2401	5780	3937	5922	3063	2126	2729	1801	4469	5049	4193	5767	3683	2451	2638	2757	5887	5086	4825	3315	5812	2160	2564	5417	5477	3473	3872	2336	5031	
5922	1354	5966	2734	5147	1020	3011	4565	3337	5464	3194	5010	2707	2626	4732	5231	2667	3124	3494	3581	3546	2708	2159	5866	5018	5115	1733	3852	4260	3756	3933	1784	5106	5415	1902	3202	4592	5974	5570	4729	3489	3057	2250	5767	3062	2899	5353	5603	5228	5665	3214	2965	4039	3352	2143	2966	5973	4462	
3101	1673	5647	4461	4064	5339	5597	1711	4834	3371	2655	1216	5369	4958	2093	4248	5410	1271	5899	3056	3231	3485	5555	5202	3179	1940	1271	5365	4648	4190	5468	4805	3971	4982	3991	5061	5977	1724	5428	1054	5288	1653	4109	2907	1872	3499	5346	4709	4003	3903	4134	3936	1499	4254	5830	2335	2692	1975	
5628	1318	2505	2098	2668	5374	4402	5243	5060	4179	3977	1924	1295	4816	2849	3525	4311	5375	1818	3393	5924	4765	1324	4747	2815	1255	1642	1385	3878	3806	3701	4114	5962	5223	5917	3282	2627	2676	1785	2774	1089	4365	4305	4255	5567	5406	2326	2231	5124	2852	5480	3310	5165	1872	4210	4211	2989	2049	
2942	2803	2966	2882	3058	4770	1768	2713	4614	4069	1830	3843	2863	5084	4091	2247	1900	4298	5800	4590	3722	1472	2063	5890	5716	3036	2469	1439	3192	3424	5337	2894	5295	2682	4085	3112	1733	1134	5265	5438	1922	2369	1218	1170	3473	2030	3397	1286	5180	2756	4310	1665	1086	2528	1091	1695	1016	1443	
1252	4788	4652	4993	3041	5351	3972	2482	1707	2581	1075	3674	5138	5738	2537	1744	3360	1278	2832	5806	4802	1879	2199	5694	2302	4471	2615	1470	3800	2394	1231	3100	5653	1030	2901	2312	2047	2284	2270	3851	3616	3438	2751	4472	3807	2029	2000	5255	2560	1572	1104	4531	5931	3643	3685	1826	1419	3638	
2172	2019	3833	4652	5547	4639	5321	2291	4401	4499	3416	5034	2678	3479	4803	1812	4293	3501	2350	3353	1637	1050	2780	2454	4991	1248	5150	2234	1206	5651	4273	1333	4756	4195	3368	4082	1216	5506	2388	3455	3329	1916	5215	4533	4178	3579	1018	5728	4789	1084	5919	3557	4363	4048	4409	2264	4196	2545	
]

EquipmentTypeTransportationCost: [
1	3767	4253	3824	1000	
3767	1	3685	3378	3707	
4253	3685	1	3645	4196	
3824	3378	3645	1	3930	
1000	3707	4196	3930	1	

1	4177	4667	4295	1000	
4177	1	4102	3756	4150	
4667	4102	1	4029	4663	
4295	3756	4029	1	4298	
1000	4150	4663	4298	1	

1	3354	3853	3557	1000	
3354	1	3421	3163	3392	
3853	3421	1	3392	3860	
3557	3163	3392	1	3511	
1000	3392	3860	3511	1	

1	3985	4599	4142	1000	
3985	1	4011	3634	3943	
4599	4011	1	3976	4560	
4142	3634	3976	1	4175	
1000	3943	4560	4175	1	

1	3815	4444	3980	1000	
3815	1	3873	3547	3918	
4444	3873	1	3760	4449	
3980	3547	3760	1	4018	
1000	3918	4449	4018	1	

1	3245	3748	3376	1000	
3245	1	3209	2950	3283	
3748	3209	1	3204	3634	
3376	2950	3204	1	3347	
1000	3283	3634	3347	1	

1	4286	4964	4536	1000	
4286	1	4247	3956	4355	
4964	4247	1	4263	4893	
4536	3956	4263	1	4497	
1000	4355	4893	4497	1	

]

TransportationTimeForEquipmentTypeBetweenProjects: [
1	3	5	3	1	
3	1	3	1	3	
5	3	1	3	5	
3	1	3	1	3	
1	3	5	3	1	

1	3	5	3	1	
3	1	3	1	3	
5	3	1	3	5	
3	1	3	1	3	
1	3	5	3	1	

1	2	4	2	1	
2	1	2	1	2	
4	2	1	2	4	
2	1	2	1	2	
1	2	4	2	1	

1	3	5	3	1	
3	1	3	1	3	
5	3	1	3	5	
3	1	3	1	3	
1	3	5	3	1	

1	3	5	3	1	
3	1	3	1	3	
5	3	1	3	5	
3	1	3	1	3	
1	3	5	3	1	

1	2	4	2	1	
2	1	2	1	2	
4	2	1	2	4	
2	1	2	1	2	
1	2	4	2	1	

1	3	5	3	1	
3	1	3	1	3	
5	3	1	3	5	
3	1	3	1	3	
1	3	5	3	1	

]

TotalNumberOfInitialEquipmentTypeLocation: [
(1 1) 1 (1 10) 1 (1 24) 2 (1 43) 4 
(2 1) 1 (2 10) 2 (2 24) 2 (2 43) 2 (2 50) 2 
(3 24) 2 (3 43) 3 (3 50) 2 
(4 10) 2 (4 24) 3 (4 50) 1 
(5 10) 1 (5 43) 3 (5 50) 1 
(6 1) 1 (6 24) 1 (6 43) 2 (6 50) 1 
(7 1) 3 (7 10) 1 (7 24) 3 (7 43) 1 (7 50) 2 
]

DepotActivities: [ 1 10 24 43 50 ]

MaximalStintCliques: [
[ 2 12 21 3 27 13 8 ]
[ 2 12 7 26 1 11 25 18 6 ]
[ 2 12 7 26 1 11 19 ]
[ 2 12 7 26 3 27 20 13 8 ]
[ 4 9 14 28 3 13 27 22 8 ]
[ 4 9 14 28 3 13 23 ]
[ 4 9 14 28 5 10 29 15 24 ]
[ 16 1 25 11 6 ]
[ 17 1 25 11 6 ]
]
