nEmployees: 150
nSkills: 6
nProjects: 5
nDays: 90
nActivities: 107
nEquipmentTypes: 6
nStints: 41
nMaxModes: 1
nStintCliques: 13

EmployeeInStintCost: [
36052 36052 36052 36052 36052 30964 14540 17952 17952 17952 17952 17952 17952 17952 17952 17952 17952 17952 17952 17316 29120 29120 29120 29120 29120 28484 12608 37628 37628 37628 37628 37628 36992 22262 32336 32336 32336 32336 32336 31700 15848 
22874 22874 22874 22874 22874 17258 7430 13180 13180 13180 13180 13180 13180 13180 13180 13180 13180 13180 13180 12478 32168 32168 32168 32168 32168 31466 14666 32756 32756 32756 32756 32756 32054 16400 17960 17960 17960 17960 17960 17258 7430 
17010 17010 17010 17010 17010 11970 3150 12532 12532 12532 12532 12532 12532 12532 12532 12532 12532 12532 12532 11902 30104 30104 30104 30104 30104 29474 13682 31828 31828 31828 31828 31828 31198 16552 12600 12600 12600 12600 12600 11970 3150 
24560 24560 24560 24560 24560 18800 8720 9040 9040 9040 9040 9040 9040 9040 9040 9040 9040 9040 9040 8320 32672 32672 32672 32672 32672 31952 14900 32892 32892 32892 32892 32892 32172 16266 19520 19520 19520 19520 19520 18800 8720 
40692 40692 40692 40692 40692 35028 17596 18016 18016 18016 18016 18016 18016 18016 18016 18016 18016 18016 18016 17308 39976 39976 39976 39976 39976 39268 22384 27620 27620 27620 27620 27620 26912 11174 36472 36472 36472 36472 36472 35764 18904 
37622 37622 37622 37622 37622 32294 15450 18756 18756 18756 18756 18756 18756 18756 18756 18756 18756 18756 18756 18090 30264 30264 30264 30264 30264 29598 13302 39028 39028 39028 39028 39028 38362 23212 33696 33696 33696 33696 33696 33030 16758 
17982 17982 17982 17982 17982 12654 3330 12748 12748 12748 12748 12748 12748 12748 12748 12748 12748 12748 12748 12082 30824 30824 30824 30824 30824 30158 13862 32548 32548 32548 32548 32548 31882 16732 13320 13320 13320 13320 13320 12654 3330 
34540 34540 34540 34540 34540 29260 12500 15720 15720 15720 15720 15720 15720 15720 15720 15720 15720 15720 15720 15060 13200 13200 13200 13200 13200 12540 3300 35980 35980 35980 35980 35980 35320 20254 30656 30656 30656 30656 30656 29996 13808 
21968 21968 21968 21968 21968 16976 8240 8464 8464 8464 8464 8464 8464 8464 8464 8464 8464 8464 8464 7840 30752 30752 30752 30752 30752 30128 14420 30972 30972 30972 30972 30972 30348 15786 17600 17600 17600 17600 17600 16976 8240 
33450 33450 33450 33450 33450 27834 10486 12524 12524 12524 12524 12524 12524 12524 12524 12524 12524 12524 12524 11822 32880 32880 32880 32880 32880 32178 15378 31932 31932 31932 31932 31932 31230 15576 29272 29272 29272 29272 29272 28570 11794 
38014 38014 38014 38014 38014 32686 15842 16492 16492 16492 16492 16492 16492 16492 16492 16492 16492 16492 16492 15826 37680 37680 37680 37680 37680 37014 20718 17200 17200 17200 17200 17200 16534 7210 34088 34088 34088 34088 34088 33422 17150 
36974 36974 36974 36974 36974 31838 15330 18612 18612 18612 18612 18612 18612 18612 18612 18612 18612 18612 18612 17970 29784 29784 29784 29784 29784 29142 13182 38548 38548 38548 38548 38548 37906 23092 33216 33216 33216 33216 33216 32574 16638 
37510 37510 37510 37510 37510 31990 14810 18276 18276 18276 18276 18276 18276 18276 18276 18276 18276 18276 18276 17586 30200 30200 30200 30200 30200 29510 12878 38708 38708 38708 38708 38708 38018 22532 33416 33416 33416 33416 33416 32726 16118 
38586 38586 38586 38586 38586 33546 17206 17548 17548 17548 17548 17548 17548 17548 17548 17548 17548 17548 17548 16918 38416 38416 38416 38416 38416 37786 21994 26060 26060 26060 26060 26060 25430 10784 34912 34912 34912 34912 34912 34282 18514 
37834 37834 37834 37834 37834 32218 14870 18348 18348 18348 18348 18348 18348 18348 18348 18348 18348 18348 18348 17646 30440 30440 30440 30440 30440 29738 12938 38948 38948 38948 38948 38948 38246 22592 33656 33656 33656 33656 33656 32954 16178 
34670 34670 34670 34670 34670 29534 13026 16460 16460 16460 16460 16460 16460 16460 16460 16460 16460 16460 16460 15818 18520 18520 18520 18520 18520 17878 8890 36220 36220 36220 36220 36220 35578 20764 30912 30912 30912 30912 30912 30270 14334 
40332 40332 40332 40332 40332 34668 17236 17840 17840 17840 17840 17840 17840 17840 17840 17840 17840 17840 17840 17132 39680 39680 39680 39680 39680 38972 22088 18040 18040 18040 18040 18040 17332 7420 36112 36112 36112 36112 36112 35404 18544 
36936 36936 36936 36936 36936 32136 16216 16864 16864 16864 16864 16864 16864 16864 16864 16864 16864 16864 16864 16264 37072 37072 37072 37072 37072 36472 21100 12000 12000 12000 12000 12000 11400 3000 33472 33472 33472 33472 33472 32872 17524 
38158 38158 38158 38158 38158 32446 14930 18420 18420 18420 18420 18420 18420 18420 18420 18420 18420 18420 18420 17706 30680 30680 30680 30680 30680 29966 12998 39188 39188 39188 39188 39188 38474 22652 33896 33896 33896 33896 33896 33182 16238 
19742 19742 19742 19742 19742 14414 5090 12700 12700 12700 12700 12700 12700 12700 12700 12700 12700 12700 12700 12034 31152 31152 31152 31152 31152 30486 14190 32244 32244 32244 32244 32244 31578 16428 15080 15080 15080 15080 15080 14414 5090 
19392 19392 19392 19392 19392 13824 4080 12984 12984 12984 12984 12984 12984 12984 12984 12984 12984 12984 12984 12288 31480 31480 31480 31480 31480 30784 14068 33108 33108 33108 33108 33108 32412 16842 14520 14520 14520 14520 14520 13824 4080 
34102 34102 34102 34102 34102 29350 13514 13644 13644 13644 13644 13644 13644 13644 13644 13644 13644 13644 13644 13050 34048 34048 34048 34048 34048 33454 18166 27092 27092 27092 27092 27092 26498 12356 30680 30680 30680 30680 30680 30086 14822 
35728 35728 35728 35728 35728 30736 14480 17880 17880 17880 17880 17880 17880 17880 17880 17880 17880 17880 17880 17256 28880 28880 28880 28880 28880 28256 12548 37388 37388 37388 37388 37388 36764 22202 32096 32096 32096 32096 32096 31472 15788 
23522 23522 23522 23522 23522 17714 7550 13324 13324 13324 13324 13324 13324 13324 13324 13324 13324 13324 13324 12598 32648 32648 32648 32648 32648 31922 14786 33236 33236 33236 33236 33236 32510 16520 18440 18440 18440 18440 18440 17714 7550 
34022 34022 34022 34022 34022 29078 12906 16316 16316 16316 16316 16316 16316 16316 16316 16316 16316 16316 16316 15698 18040 18040 18040 18040 18040 17422 8770 35740 35740 35740 35740 35740 35122 20644 30432 30432 30432 30432 30432 29814 14214 
32696 32696 32696 32696 32696 27512 10920 13992 13992 13992 13992 13992 13992 13992 13992 13992 13992 13992 13992 13344 28552 28552 28552 28552 28552 27904 11860 34140 34140 34140 34140 34140 33492 18594 28896 28896 28896 28896 28896 28248 12228 
35966 35966 35966 35966 35966 30446 13266 16748 16748 16748 16748 16748 16748 16748 16748 16748 16748 16748 16748 16058 19480 19480 19480 19480 19480 18790 9130 37180 37180 37180 37180 37180 36490 21004 31872 31872 31872 31872 31872 31182 14574 
21320 21320 21320 21320 21320 16520 8120 8320 8320 8320 8320 8320 8320 8320 8320 8320 8320 8320 8320 7720 30272 30272 30272 30272 30272 29672 14300 30492 30492 30492 30492 30492 29892 15666 17120 17120 17120 17120 17120 16520 8120 
31668 31668 31668 31668 31668 26580 10156 12128 12128 12128 12128 12128 12128 12128 12128 12128 12128 12128 12128 11492 31560 31560 31560 31560 31560 30924 15048 30612 30612 30612 30612 30612 29976 15246 27952 27952 27952 27952 27952 27316 11464 
40338 40338 40338 40338 40338 34530 16846 17620 17620 17620 17620 17620 17620 17620 17620 17620 17620 17620 17620 16894 39592 39592 39592 39592 39592 38866 21730 14520 14520 14520 14520 14520 13794 3630 35992 35992 35992 35992 35992 35266 18154 
35032 35032 35032 35032 35032 29464 12200 14816 14816 14816 14816 14816 14816 14816 14816 14816 14816 14816 14816 14120 29584 29584 29584 29584 29584 28888 12172 35852 35852 35852 35852 35852 35156 19586 30896 30896 30896 30896 30896 30200 13508 
31798 31798 31798 31798 31798 26854 10682 3708 3708 3708 3708 3708 3708 3708 3708 3708 3708 3708 3708 3090 31264 31264 31264 31264 31264 30646 15022 30476 30476 30476 30476 30476 29858 15380 28208 28208 28208 28208 28208 27590 11990 
35008 35008 35008 35008 35008 30016 13760 17320 17320 17320 17320 17320 17320 17320 17320 17320 17320 17320 17320 16696 28800 28800 28800 28800 28800 28176 12468 36524 36524 36524 36524 36524 35900 21338 31376 31376 31376 31376 31376 30752 15068 
38910 38910 38910 38910 38910 33774 17266 17620 17620 17620 17620 17620 17620 17620 17620 17620 17620 17620 17620 16978 38656 38656 38656 38656 38656 38014 22054 26300 26300 26300 26300 26300 25658 10844 35152 35152 35152 35152 35152 34510 18574 
34750 34750 34750 34750 34750 29806 13634 13788 13788 13788 13788 13788 13788 13788 13788 13788 13788 13788 13788 13170 34528 34528 34528 34528 34528 33910 18286 27572 27572 27572 27572 27572 26954 12476 31160 31160 31160 31160 31160 30542 14942 
32596 32596 32596 32596 32596 27892 12140 15288 15288 15288 15288 15288 15288 15288 15288 15288 15288 15288 15288 14700 11760 11760 11760 11760 11760 11172 2940 34540 34540 34540 34540 34540 33952 19894 29216 29216 29216 29216 29216 28628 13448 
37416 37416 37416 37416 37416 32616 16696 17192 17192 17192 17192 17192 17192 17192 17192 17192 17192 17192 17192 16592 37520 37520 37520 37520 37520 36920 21548 15880 15880 15880 15880 15880 15280 6880 33952 33952 33952 33952 33952 33352 18004 
38756 38756 38756 38756 38756 33092 15660 19008 19008 19008 19008 19008 19008 19008 19008 19008 19008 19008 19008 18300 31104 31104 31104 31104 31104 30396 13512 39868 39868 39868 39868 39868 39160 23422 34536 34536 34536 34536 34536 33828 16968 
33536 33536 33536 33536 33536 28736 12816 16208 16208 16208 16208 16208 16208 16208 16208 16208 16208 16208 16208 15608 17680 17680 17680 17680 17680 17080 8680 35380 35380 35380 35380 35380 34780 20554 30072 30072 30072 30072 30072 29472 14124 
36094 36094 36094 36094 36094 30574 13394 16924 16924 16924 16924 16924 16924 16924 16924 16924 16924 16924 16924 16234 29168 29168 29168 29168 29168 28478 11846 37268 37268 37268 37268 37268 36578 21092 32000 32000 32000 32000 32000 31310 14702 
19958 19958 19958 19958 19958 15206 6890 12532 12532 12532 12532 12532 12532 12532 12532 12532 12532 12532 12532 11938 30008 30008 30008 30008 30008 29414 14126 30596 30596 30596 30596 30596 30002 15860 15800 15800 15800 15800 15800 15206 6890 
32888 32888 32888 32888 32888 28280 12696 16064 16064 16064 16064 16064 16064 16064 16064 16064 16064 16064 16064 15488 17200 17200 17200 17200 17200 16624 8560 34900 34900 34900 34900 34900 34324 20434 29592 29592 29592 29592 29592 29016 14004 
39042 39042 39042 39042 39042 33618 16606 17332 17332 17332 17332 17332 17332 17332 17332 17332 17332 17332 17332 16654 38632 38632 38632 38632 38632 37954 21490 13560 13560 13560 13560 13560 12882 3390 35032 35032 35032 35032 35032 34354 17914 
40494 40494 40494 40494 40494 34782 17266 17876 17876 17876 17876 17876 17876 17876 17876 17876 17876 17876 17876 17162 39800 39800 39800 39800 39800 39086 22118 18160 18160 18160 18160 18160 17446 7450 36232 36232 36232 36232 36232 35518 18574 
36718 36718 36718 36718 36718 31774 15602 16204 16204 16204 16204 16204 16204 16204 16204 16204 16204 16204 16204 15586 36720 36720 36720 36720 36720 36102 20478 16240 16240 16240 16240 16240 15622 6970 33128 33128 33128 33128 33128 32510 16910 
37902 37902 37902 37902 37902 32958 16786 17300 17300 17300 17300 17300 17300 17300 17300 17300 17300 17300 17300 16682 37880 37880 37880 37880 37880 37262 21638 16240 16240 16240 16240 16240 15622 6970 34312 34312 34312 34312 34312 33694 18094 
37422 37422 37422 37422 37422 32478 16306 16972 16972 16972 16972 16972 16972 16972 16972 16972 16972 16972 16972 16354 37432 37432 37432 37432 37432 36814 21190 12360 12360 12360 12360 12360 11742 3090 33832 33832 33832 33832 33832 33214 17614 
34390 34390 34390 34390 34390 28678 11162 4284 4284 4284 4284 4284 4284 4284 4284 4284 4284 4284 4284 3570 33184 33184 33184 33184 33184 32470 15502 32396 32396 32396 32396 32396 31682 15860 30128 30128 30128 30128 30128 29414 12470 
35560 35560 35560 35560 35560 30376 13784 13968 13968 13968 13968 13968 13968 13968 13968 13968 13968 13968 13968 13320 35128 35128 35128 35128 35128 34480 18436 28172 28172 28172 28172 28172 27524 12626 31760 31760 31760 31760 31760 31112 15092 
32608 32608 32608 32608 32608 27424 10832 3888 3888 3888 3888 3888 3888 3888 3888 3888 3888 3888 3888 3240 31864 31864 31864 31864 31864 31216 15172 31076 31076 31076 31076 31076 30428 15530 28808 28808 28808 28808 28808 28160 12140 
36936 36936 36936 36936 36936 32136 16216 16864 16864 16864 16864 16864 16864 16864 16864 16864 16864 16864 16864 16264 37072 37072 37072 37072 37072 36472 21100 12000 12000 12000 12000 12000 11400 3000 33472 33472 33472 33472 33472 32872 17524 
33344 33344 33344 33344 33344 27968 11040 14136 14136 14136 14136 14136 14136 14136 14136 14136 14136 14136 14136 13464 29032 29032 29032 29032 29032 28360 11980 34620 34620 34620 34620 34620 33948 18714 29376 29376 29376 29376 29376 28704 12348 
36304 36304 36304 36304 36304 30928 14000 17608 17608 17608 17608 17608 17608 17608 17608 17608 17608 17608 17608 16936 29760 29760 29760 29760 29760 29088 12708 37484 37484 37484 37484 37484 36812 21578 32336 32336 32336 32336 32336 31664 15308 
17610 17610 17610 17610 17610 12570 3750 12588 12588 12588 12588 12588 12588 12588 12588 12588 12588 12588 12588 11958 30160 30160 30160 30160 30160 29530 13738 31788 31788 31788 31788 31788 31158 16512 13200 13200 13200 13200 13200 12570 3750 
37098 37098 37098 37098 37098 32250 16246 16900 16900 16900 16900 16900 16900 16900 16900 16900 16900 16900 16900 16294 37192 37192 37192 37192 37192 36586 21130 12120 12120 12120 12120 12120 11514 3030 33592 33592 33592 33592 33592 32986 17554 
35332 35332 35332 35332 35332 30244 13820 17392 17392 17392 17392 17392 17392 17392 17392 17392 17392 17392 17392 16756 29040 29040 29040 29040 29040 28404 12528 36764 36764 36764 36764 36764 36128 21398 31616 31616 31616 31616 31616 30980 15128 
23522 23522 23522 23522 23522 17714 7550 13324 13324 13324 13324 13324 13324 13324 13324 13324 13324 13324 13324 12598 32648 32648 32648 32648 32648 31922 14786 33236 33236 33236 33236 33236 32510 16520 18440 18440 18440 18440 18440 17714 7550 
18096 18096 18096 18096 18096 12912 3840 12696 12696 12696 12696 12696 12696 12696 12696 12696 12696 12696 12696 12048 30520 30520 30520 30520 30520 29872 13828 32148 32148 32148 32148 32148 31500 16602 13560 13560 13560 13560 13560 12912 3840 
33580 33580 33580 33580 33580 28108 11012 4104 4104 4104 4104 4104 4104 4104 4104 4104 4104 4104 4104 3420 32584 32584 32584 32584 32584 31900 15352 31796 31796 31796 31796 31796 31112 15710 29528 29528 29528 29528 29528 28844 12320 
21578 21578 21578 21578 21578 16346 7190 12892 12892 12892 12892 12892 12892 12892 12892 12892 12892 12892 12892 12238 31208 31208 31208 31208 31208 30554 14426 31796 31796 31796 31796 31796 31142 16160 17000 17000 17000 17000 17000 16346 7190 
30534 30534 30534 30534 30534 25782 9946 11876 11876 11876 11876 11876 11876 11876 11876 11876 11876 11876 11876 11282 30720 30720 30720 30720 30720 30126 14838 29772 29772 29772 29772 29772 29178 15036 27112 27112 27112 27112 27112 26518 11254 
40170 40170 40170 40170 40170 34554 17206 17804 17804 17804 17804 17804 17804 17804 17804 17804 17804 17804 17804 17102 39560 39560 39560 39560 39560 38858 22058 17920 17920 17920 17920 17920 17218 7390 35992 35992 35992 35992 35992 35290 18514 
32440 32440 32440 32440 32440 27640 11720 14240 14240 14240 14240 14240 14240 14240 14240 14240 14240 14240 14240 13640 27664 27664 27664 27664 27664 27064 11692 33932 33932 33932 33932 33932 33332 19106 28976 28976 28976 28976 28976 28376 13028 
36974 36974 36974 36974 36974 31838 15330 18612 18612 18612 18612 18612 18612 18612 18612 18612 18612 18612 18612 17970 29784 29784 29784 29784 29784 29142 13182 38548 38548 38548 38548 38548 37906 23092 33216 33216 33216 33216 33216 32574 16638 
34846 34846 34846 34846 34846 29902 13730 17284 17284 17284 17284 17284 17284 17284 17284 17284 17284 17284 17284 16666 28680 28680 28680 28680 28680 28062 12438 36404 36404 36404 36404 36404 35786 21308 31256 31256 31256 31256 31256 30638 15038 
18608 18608 18608 18608 18608 13616 4880 12448 12448 12448 12448 12448 12448 12448 12448 12448 12448 12448 12448 11824 30312 30312 30312 30312 30312 29688 13980 31404 31404 31404 31404 31404 30780 16218 14240 14240 14240 14240 14240 13616 4880 
32478 32478 32478 32478 32478 27150 10306 12308 12308 12308 12308 12308 12308 12308 12308 12308 12308 12308 12308 11642 32160 32160 32160 32160 32160 31494 15198 31212 31212 31212 31212 31212 30546 15396 28552 28552 28552 28552 28552 27886 11614 
32122 32122 32122 32122 32122 27082 10742 3780 3780 3780 3780 3780 3780 3780 3780 3780 3780 3780 3780 3150 31504 31504 31504 31504 31504 30874 15082 30716 30716 30716 30716 30716 30086 15440 28448 28448 28448 28448 28448 27818 12050 
35770 35770 35770 35770 35770 30346 13334 16852 16852 16852 16852 16852 16852 16852 16852 16852 16852 16852 16852 16174 28928 28928 28928 28928 28928 28250 11786 37028 37028 37028 37028 37028 36350 21032 31760 31760 31760 31760 31760 31082 14642 
23588 23588 23588 23588 23588 18116 8540 8824 8824 8824 8824 8824 8824 8824 8824 8824 8824 8824 8824 8140 31952 31952 31952 31952 31952 31268 14720 32172 32172 32172 32172 32172 31488 16086 18800 18800 18800 18800 18800 18116 8540 
22940 22940 22940 22940 22940 17660 8420 8680 8680 8680 8680 8680 8680 8680 8680 8680 8680 8680 8680 8020 31472 31472 31472 31472 31472 30812 14600 31692 31692 31692 31692 31692 31032 15966 18320 18320 18320 18320 18320 17660 8420 
31312 31312 31312 31312 31312 26512 10592 3600 3600 3600 3600 3600 3600 3600 3600 3600 3600 3600 3600 3000 30904 30904 30904 30904 30904 30304 14932 30116 30116 30116 30116 30116 29516 15290 27848 27848 27848 27848 27848 27248 11900 
32372 32372 32372 32372 32372 27284 10860 13920 13920 13920 13920 13920 13920 13920 13920 13920 13920 13920 13920 13284 28312 28312 28312 28312 28312 27676 11800 33900 33900 33900 33900 33900 33264 18534 28656 28656 28656 28656 28656 28020 12168 
37298 37298 37298 37298 37298 32066 15390 18684 18684 18684 18684 18684 18684 18684 18684 18684 18684 18684 18684 18030 30024 30024 30024 30024 30024 29370 13242 38788 38788 38788 38788 38788 38134 23152 33456 33456 33456 33456 33456 32802 16698 
37666 37666 37666 37666 37666 31858 14174 14436 14436 14436 14436 14436 14436 14436 14436 14436 14436 14436 14436 13710 36688 36688 36688 36688 36688 35962 18826 29732 29732 29732 29732 29732 29006 13016 33320 33320 33320 33320 33320 32594 15482 
34260 34260 34260 34260 34260 28404 10636 12704 12704 12704 12704 12704 12704 12704 12704 12704 12704 12704 12704 11972 33480 33480 33480 33480 33480 32748 15528 32532 32532 32532 32532 32532 31800 15726 29872 29872 29872 29872 29872 29140 11944 
19392 19392 19392 19392 19392 13824 4080 12984 12984 12984 12984 12984 12984 12984 12984 12984 12984 12984 12984 12288 31480 31480 31480 31480 31480 30784 14068 33108 33108 33108 33108 33108 32412 16842 14520 14520 14520 14520 14520 13824 4080 
40008 40008 40008 40008 40008 34440 17176 17768 17768 17768 17768 17768 17768 17768 17768 17768 17768 17768 17768 17072 39440 39440 39440 39440 39440 38744 22028 17800 17800 17800 17800 17800 17104 7360 35872 35872 35872 35872 35872 35176 18484 
35890 35890 35890 35890 35890 30850 14510 17916 17916 17916 17916 17916 17916 17916 17916 17916 17916 17916 17916 17286 29000 29000 29000 29000 29000 28370 12578 37508 37508 37508 37508 37508 36878 22232 32216 32216 32216 32216 32216 31586 15818 
32372 32372 32372 32372 32372 27284 10860 13920 13920 13920 13920 13920 13920 13920 13920 13920 13920 13920 13920 13284 28312 28312 28312 28312 28312 27676 11800 33900 33900 33900 33900 33900 33264 18534 28656 28656 28656 28656 28656 28020 12168 
37276 37276 37276 37276 37276 31612 14180 17824 17824 17824 17824 17824 17824 17824 17824 17824 17824 17824 17824 17116 30480 30480 30480 30480 30480 29772 12888 38204 38204 38204 38204 38204 37496 21758 33056 33056 33056 33056 33056 32348 15488 
38824 38824 38824 38824 38824 33256 15992 16672 16672 16672 16672 16672 16672 16672 16672 16672 16672 16672 16672 15976 38280 38280 38280 38280 38280 37584 20868 17800 17800 17800 17800 17800 17104 7360 34688 34688 34688 34688 34688 33992 17300 
16038 16038 16038 16038 16038 11286 2970 12316 12316 12316 12316 12316 12316 12316 12316 12316 12316 12316 12316 11722 29384 29384 29384 29384 29384 28790 13502 31108 31108 31108 31108 31108 30514 16372 11880 11880 11880 11880 11880 11286 2970 
41178 41178 41178 41178 41178 35370 17686 18124 18124 18124 18124 18124 18124 18124 18124 18124 18124 18124 18124 17398 40336 40336 40336 40336 40336 39610 22474 27980 27980 27980 27980 27980 27254 11264 36832 36832 36832 36832 36832 36106 18994 
35516 35516 35516 35516 35516 30812 15060 18288 18288 18288 18288 18288 18288 18288 18288 18288 18288 18288 18288 17700 28704 28704 28704 28704 28704 28116 12912 37468 37468 37468 37468 37468 36880 22822 32136 32136 32136 32136 32136 31548 16368 
16152 16152 16152 16152 16152 11544 3480 12264 12264 12264 12264 12264 12264 12264 12264 12264 12264 12264 12264 11688 29080 29080 29080 29080 29080 28504 13468 30708 30708 30708 30708 30708 30132 16242 12120 12120 12120 12120 12120 11544 3480 
33574 33574 33574 33574 33574 28438 11930 14492 14492 14492 14492 14492 14492 14492 14492 14492 14492 14492 14492 13850 28504 28504 28504 28504 28504 27862 11902 34772 34772 34772 34772 34772 34130 19316 29816 29816 29816 29816 29816 29174 13238 
34054 34054 34054 34054 34054 28918 12410 15612 15612 15612 15612 15612 15612 15612 15612 15612 15612 15612 15612 14970 12840 12840 12840 12840 12840 12198 3210 35620 35620 35620 35620 35620 34978 20164 30296 30296 30296 30296 30296 29654 13718 
20876 20876 20876 20876 20876 15212 5300 12952 12952 12952 12952 12952 12952 12952 12952 12952 12952 12952 12952 12244 31992 31992 31992 31992 31992 31284 14400 33084 33084 33084 33084 33084 32376 16638 15920 15920 15920 15920 15920 15212 5300 
19554 19554 19554 19554 19554 13938 4110 13020 13020 13020 13020 13020 13020 13020 13020 13020 13020 13020 13020 12318 31600 31600 31600 31600 31600 30898 14098 33228 33228 33228 33228 33228 32526 16872 14640 14640 14640 14640 14640 13938 4110 
37348 37348 37348 37348 37348 31876 14780 18240 18240 18240 18240 18240 18240 18240 18240 18240 18240 18240 18240 17556 30080 30080 30080 30080 30080 29396 12848 38588 38588 38588 38588 38588 37904 22502 33296 33296 33296 33296 33296 32612 16088 
38232 38232 38232 38232 38232 33048 16456 17152 17152 17152 17152 17152 17152 17152 17152 17152 17152 17152 17152 16504 38032 38032 38032 38032 38032 37384 21340 12960 12960 12960 12960 12960 12312 3240 34432 34432 34432 34432 34432 33784 17764 
35494 35494 35494 35494 35494 30358 13850 17428 17428 17428 17428 17428 17428 17428 17428 17428 17428 17428 17428 16786 29160 29160 29160 29160 29160 28518 12558 36884 36884 36884 36884 36884 36242 21428 31736 31736 31736 31736 31736 31094 15158 
37852 37852 37852 37852 37852 32572 15812 16456 16456 16456 16456 16456 16456 16456 16456 16456 16456 16456 16456 15796 37560 37560 37560 37560 37560 36900 20688 17080 17080 17080 17080 17080 16420 7180 33968 33968 33968 33968 33968 33308 17120 
24884 24884 24884 24884 24884 19028 8780 9112 9112 9112 9112 9112 9112 9112 9112 9112 9112 9112 9112 8380 32912 32912 32912 32912 32912 32180 14960 33132 33132 33132 33132 33132 32400 16326 19760 19760 19760 19760 19760 19028 8780 
36326 36326 36326 36326 36326 31382 15210 18468 18468 18468 18468 18468 18468 18468 18468 18468 18468 18468 18468 17850 29304 29304 29304 29304 29304 28686 13062 38068 38068 38068 38068 38068 37450 22972 32736 32736 32736 32736 32736 32118 16518 
19230 19230 19230 19230 19230 13710 4050 12948 12948 12948 12948 12948 12948 12948 12948 12948 12948 12948 12948 12258 31360 31360 31360 31360 31360 30670 14038 32988 32988 32988 32988 32988 32298 16812 14400 14400 14400 14400 14400 13710 4050 
20066 20066 20066 20066 20066 14642 5150 12772 12772 12772 12772 12772 12772 12772 12772 12772 12772 12772 12772 12094 31392 31392 31392 31392 31392 30714 14250 32484 32484 32484 32484 32484 31806 16488 15320 15320 15320 15320 15320 14642 5150 
35836 35836 35836 35836 35836 30172 12740 16008 16008 16008 16008 16008 16008 16008 16008 16008 16008 16008 16008 15300 14160 14160 14160 14160 14160 13452 3540 36940 36940 36940 36940 36940 36232 20494 31616 31616 31616 31616 31616 30908 14048 
33568 33568 33568 33568 33568 28576 12320 15504 15504 15504 15504 15504 15504 15504 15504 15504 15504 15504 15504 14880 12480 12480 12480 12480 12480 11856 3120 35260 35260 35260 35260 35260 34636 20074 29936 29936 29936 29936 29936 29312 13628 
18096 18096 18096 18096 18096 12912 3840 12696 12696 12696 12696 12696 12696 12696 12696 12696 12696 12696 12696 12048 30520 30520 30520 30520 30520 29872 13828 32148 32148 32148 32148 32148 31500 16602 13560 13560 13560 13560 13560 12912 3840 
34870 34870 34870 34870 34870 29350 12170 14780 14780 14780 14780 14780 14780 14780 14780 14780 14780 14780 14780 14090 29464 29464 29464 29464 29464 28774 12142 35732 35732 35732 35732 35732 35042 19556 30776 30776 30776 30776 30776 30086 13478 
18096 18096 18096 18096 18096 12912 3840 12696 12696 12696 12696 12696 12696 12696 12696 12696 12696 12696 12696 12048 30520 30520 30520 30520 30520 29872 13828 32148 32148 32148 32148 32148 31500 16602 13560 13560 13560 13560 13560 12912 3840 
36742 36742 36742 36742 36742 31030 13514 17068 17068 17068 17068 17068 17068 17068 17068 17068 17068 17068 17068 16354 29648 29648 29648 29648 29648 28934 11966 37748 37748 37748 37748 37748 37034 21212 32480 32480 32480 32480 32480 31766 14822 
35890 35890 35890 35890 35890 30850 14510 17916 17916 17916 17916 17916 17916 17916 17916 17916 17916 17916 17916 17286 29000 29000 29000 29000 29000 28370 12578 37508 37508 37508 37508 37508 36878 22232 32216 32216 32216 32216 32216 31586 15818 
39690 39690 39690 39690 39690 34074 16726 17476 17476 17476 17476 17476 17476 17476 17476 17476 17476 17476 17476 16774 39112 39112 39112 39112 39112 38410 21610 14040 14040 14040 14040 14040 13338 3510 35512 35512 35512 35512 35512 34810 18034 
21578 21578 21578 21578 21578 16346 7190 12892 12892 12892 12892 12892 12892 12892 12892 12892 12892 12892 12892 12238 31208 31208 31208 31208 31208 30554 14426 31796 31796 31796 31796 31796 31142 16160 17000 17000 17000 17000 17000 16346 7190 
35480 35480 35480 35480 35480 30104 13176 16640 16640 16640 16640 16640 16640 16640 16640 16640 16640 16640 16640 15968 19120 19120 19120 19120 19120 18448 9040 36820 36820 36820 36820 36820 36148 20914 31512 31512 31512 31512 31512 30840 14484 
30210 30210 30210 30210 30210 25554 9886 11804 11804 11804 11804 11804 11804 11804 11804 11804 11804 11804 11804 11222 30480 30480 30480 30480 30480 29898 14778 29532 29532 29532 29532 29532 28950 14976 26872 26872 26872 26872 26872 26290 11194 
36718 36718 36718 36718 36718 31774 15602 16204 16204 16204 16204 16204 16204 16204 16204 16204 16204 16204 16204 15586 36720 36720 36720 36720 36720 36102 20478 16240 16240 16240 16240 16240 15622 6970 33128 33128 33128 33128 33128 32510 16910 
23264 23264 23264 23264 23264 17888 8480 8752 8752 8752 8752 8752 8752 8752 8752 8752 8752 8752 8752 8080 31712 31712 31712 31712 31712 31040 14660 31932 31932 31932 31932 31932 31260 16026 18560 18560 18560 18560 18560 17888 8480 
16362 16362 16362 16362 16362 11514 3030 12388 12388 12388 12388 12388 12388 12388 12388 12388 12388 12388 12388 11782 29624 29624 29624 29624 29624 29018 13562 31348 31348 31348 31348 31348 30742 16432 12120 12120 12120 12120 12120 11514 3030 
31668 31668 31668 31668 31668 26580 10156 12128 12128 12128 12128 12128 12128 12128 12128 12128 12128 12128 12128 11492 31560 31560 31560 31560 31560 30924 15048 30612 30612 30612 30612 30612 29976 15246 27952 27952 27952 27952 27952 27316 11464 
35998 35998 35998 35998 35998 30286 12770 16044 16044 16044 16044 16044 16044 16044 16044 16044 16044 16044 16044 15330 14280 14280 14280 14280 14280 13566 3570 37060 37060 37060 37060 37060 36346 20524 31736 31736 31736 31736 31736 31022 14078 
34636 34636 34636 34636 34636 29548 13124 16600 16600 16600 16600 16600 16600 16600 16600 16600 16600 16600 16600 15964 28088 28088 28088 28088 28088 27452 11576 36188 36188 36188 36188 36188 35552 20822 30920 30920 30920 30920 30920 30284 14432 
20876 20876 20876 20876 20876 15212 5300 12952 12952 12952 12952 12952 12952 12952 12952 12952 12952 12952 12952 12244 31992 31992 31992 31992 31992 31284 14400 33084 33084 33084 33084 33084 32376 16638 15920 15920 15920 15920 15920 15212 5300 
17448 17448 17448 17448 17448 12456 3720 12552 12552 12552 12552 12552 12552 12552 12552 12552 12552 12552 12552 11928 30040 30040 30040 30040 30040 29416 13708 31668 31668 31668 31668 31668 31044 16482 13080 13080 13080 13080 13080 12456 3720 
19278 19278 19278 19278 19278 13566 3570 13036 13036 13036 13036 13036 13036 13036 13036 13036 13036 13036 13036 12322 31784 31784 31784 31784 31784 31070 14102 33508 33508 33508 33508 33508 32794 16972 14280 14280 14280 14280 14280 13566 3570 
34802 34802 34802 34802 34802 28994 11310 14460 14460 14460 14460 14460 14460 14460 14460 14460 14460 14460 14460 13734 30112 30112 30112 30112 30112 29386 12250 35700 35700 35700 35700 35700 34974 18984 30456 30456 30456 30456 30456 29730 12618 
21158 21158 21158 21158 21158 16406 8090 8284 8284 8284 8284 8284 8284 8284 8284 8284 8284 8284 8284 7690 30152 30152 30152 30152 30152 29558 14270 30372 30372 30372 30372 30372 29778 15636 17000 17000 17000 17000 17000 16406 8090 
38500 38500 38500 38500 38500 33028 15932 16600 16600 16600 16600 16600 16600 16600 16600 16600 16600 16600 16600 15916 38040 38040 38040 38040 38040 37356 20808 17560 17560 17560 17560 17560 16876 7300 34448 34448 34448 34448 34448 33764 17240 
17010 17010 17010 17010 17010 11970 3150 12532 12532 12532 12532 12532 12532 12532 12532 12532 12532 12532 12532 11902 30104 30104 30104 30104 30104 29474 13682 31828 31828 31828 31828 31828 31198 16552 12600 12600 12600 12600 12600 11970 3150 
37024 37024 37024 37024 37024 31648 14720 18168 18168 18168 18168 18168 18168 18168 18168 18168 18168 18168 18168 17496 29840 29840 29840 29840 29840 29168 12788 38348 38348 38348 38348 38348 37676 22442 33056 33056 33056 33056 33056 32384 16028 
38070 38070 38070 38070 38070 32934 16426 17116 17116 17116 17116 17116 17116 17116 17116 17116 17116 17116 17116 16474 37912 37912 37912 37912 37912 37270 21310 12840 12840 12840 12840 12840 12198 3210 34312 34312 34312 34312 34312 33670 17734 
35966 35966 35966 35966 35966 30446 13266 16748 16748 16748 16748 16748 16748 16748 16748 16748 16748 16748 16748 16058 19480 19480 19480 19480 19480 18790 9130 37180 37180 37180 37180 37180 36490 21004 31872 31872 31872 31872 31872 31182 14574 
20444 20444 20444 20444 20444 15548 6980 12640 12640 12640 12640 12640 12640 12640 12640 12640 12640 12640 12640 12028 30368 30368 30368 30368 30368 29756 14216 30956 30956 30956 30956 30956 30344 15950 16160 16160 16160 16160 16160 15548 6980 
35584 35584 35584 35584 35584 30976 15392 15952 15952 15952 15952 15952 15952 15952 15952 15952 15952 15952 15952 15376 35880 35880 35880 35880 35880 35304 20268 15400 15400 15400 15400 15400 14824 6760 32288 32288 32288 32288 32288 31712 16700 
32858 32858 32858 32858 32858 27626 10950 14028 14028 14028 14028 14028 14028 14028 14028 14028 14028 14028 14028 13374 28672 28672 28672 28672 28672 28018 11890 34260 34260 34260 34260 34260 33606 18624 29016 29016 29016 29016 29016 28362 12258 
35156 35156 35156 35156 35156 29876 13116 16568 16568 16568 16568 16568 16568 16568 16568 16568 16568 16568 16568 15908 18880 18880 18880 18880 18880 18220 8980 36580 36580 36580 36580 36580 35920 20854 31272 31272 31272 31272 31272 30612 14424 
35170 35170 35170 35170 35170 30130 13790 17356 17356 17356 17356 17356 17356 17356 17356 17356 17356 17356 17356 16726 28920 28920 28920 28920 28920 28290 12498 36644 36644 36644 36644 36644 36014 21368 31496 31496 31496 31496 31496 30866 15098 
17172 17172 17172 17172 17172 12084 3180 12568 12568 12568 12568 12568 12568 12568 12568 12568 12568 12568 12568 11932 30224 30224 30224 30224 30224 29588 13712 31948 31948 31948 31948 31948 31312 16582 12720 12720 12720 12720 12720 12084 3180 
35518 35518 35518 35518 35518 29806 12290 14924 14924 14924 14924 14924 14924 14924 14924 14924 14924 14924 14924 14210 29944 29944 29944 29944 29944 29230 12262 36212 36212 36212 36212 36212 35498 19676 31256 31256 31256 31256 31256 30542 13598 
35642 35642 35642 35642 35642 30218 13206 16676 16676 16676 16676 16676 16676 16676 16676 16676 16676 16676 16676 15998 19240 19240 19240 19240 19240 18562 9070 36940 36940 36940 36940 36940 36262 20944 31632 31632 31632 31632 31632 30954 14514 
39472 39472 39472 39472 39472 33712 16112 16816 16816 16816 16816 16816 16816 16816 16816 16816 16816 16816 16816 16096 38760 38760 38760 38760 38760 38040 20988 18280 18280 18280 18280 18280 17560 7480 35168 35168 35168 35168 35168 34448 17420 
17820 17820 17820 17820 17820 12540 3300 12712 12712 12712 12712 12712 12712 12712 12712 12712 12712 12712 12712 12052 30704 30704 30704 30704 30704 30044 13832 32428 32428 32428 32428 32428 31768 16702 13200 13200 13200 13200 13200 12540 3300 
22712 22712 22712 22712 22712 17144 7400 13144 13144 13144 13144 13144 13144 13144 13144 13144 13144 13144 13144 12448 32048 32048 32048 32048 32048 31352 14636 32636 32636 32636 32636 32636 31940 16370 17840 17840 17840 17840 17840 17144 7400 
34474 34474 34474 34474 34474 29434 13094 16564 16564 16564 16564 16564 16564 16564 16564 16564 16564 16564 16564 15934 27968 27968 27968 27968 27968 27338 11546 36068 36068 36068 36068 36068 35438 20792 30800 30800 30800 30800 30800 30170 14402 
35284 35284 35284 35284 35284 30004 13244 16744 16744 16744 16744 16744 16744 16744 16744 16744 16744 16744 16744 16084 28568 28568 28568 28568 28568 27908 11696 36668 36668 36668 36668 36668 36008 20942 31400 31400 31400 31400 31400 30740 14552 
37938 37938 37938 37938 37938 33090 17086 17404 17404 17404 17404 17404 17404 17404 17404 17404 17404 17404 17404 16798 37936 37936 37936 37936 37936 37330 21874 25580 25580 25580 25580 25580 24974 10664 34432 34432 34432 34432 34432 33826 18394 
39198 39198 39198 39198 39198 33870 17026 17588 17588 17588 17588 17588 17588 17588 17588 17588 17588 17588 17588 16922 38840 38840 38840 38840 38840 38174 21878 17200 17200 17200 17200 17200 16534 7210 35272 35272 35272 35272 35272 34606 18334 
19580 19580 19580 19580 19580 14300 5060 12664 12664 12664 12664 12664 12664 12664 12664 12664 12664 12664 12664 12004 31032 31032 31032 31032 31032 30372 14160 32124 32124 32124 32124 32124 31464 16398 14960 14960 14960 14960 14960 14300 5060 
16524 16524 16524 16524 16524 11628 3060 12424 12424 12424 12424 12424 12424 12424 12424 12424 12424 12424 12424 11812 29744 29744 29744 29744 29744 29132 13592 31468 31468 31468 31468 31468 30856 16462 12240 12240 12240 12240 12240 11628 3060 
20930 20930 20930 20930 20930 15890 7070 12748 12748 12748 12748 12748 12748 12748 12748 12748 12748 12748 12748 12118 30728 30728 30728 30728 30728 30098 14306 31316 31316 31316 31316 31316 30686 16040 16520 16520 16520 16520 16520 15890 7070 
35332 35332 35332 35332 35332 30244 13820 17392 17392 17392 17392 17392 17392 17392 17392 17392 17392 17392 17392 16756 29040 29040 29040 29040 29040 28404 12528 36764 36764 36764 36764 36764 36128 21398 31616 31616 31616 31616 31616 30980 15128 
35122 35122 35122 35122 35122 29890 13214 16708 16708 16708 16708 16708 16708 16708 16708 16708 16708 16708 16708 16054 28448 28448 28448 28448 28448 27794 11666 36548 36548 36548 36548 36548 35894 20912 31280 31280 31280 31280 31280 30626 14522 
35038 35038 35038 35038 35038 29134 11282 4428 4428 4428 4428 4428 4428 4428 4428 4428 4428 4428 4428 3690 33664 33664 33664 33664 33664 32926 15622 32876 32876 32876 32876 32876 32138 15980 30608 30608 30608 30608 30608 29870 12590 
19256 19256 19256 19256 19256 14072 5000 12592 12592 12592 12592 12592 12592 12592 12592 12592 12592 12592 12592 11944 30792 30792 30792 30792 30792 30144 14100 31884 31884 31884 31884 31884 31236 16338 14720 14720 14720 14720 14720 14072 5000 
36974 36974 36974 36974 36974 31838 15330 18612 18612 18612 18612 18612 18612 18612 18612 18612 18612 18612 18612 17970 29784 29784 29784 29784 29784 29142 13182 38548 38548 38548 38548 38548 37906 23092 33216 33216 33216 33216 33216 32574 16638 
20390 20390 20390 20390 20390 14870 5210 12844 12844 12844 12844 12844 12844 12844 12844 12844 12844 12844 12844 12154 31632 31632 31632 31632 31632 30942 14310 32724 32724 32724 32724 32724 32034 16548 15560 15560 15560 15560 15560 14870 5210 
34474 34474 34474 34474 34474 29434 13094 16564 16564 16564 16564 16564 16564 16564 16564 16564 16564 16564 16564 15934 27968 27968 27968 27968 27968 27338 11546 36068 36068 36068 36068 36068 35438 20792 30800 30800 30800 30800 30800 30170 14402 
]

ExternalWorkerWithSkillOnStintCost: [
36372 45612 37464 45948 37464 44940 17280 16860 12780 13200 12360 14550 15330 12600 13320 14070 13740 14250 17460 16860 34200 41472 36360 42984 42480 40392 18900 33768 30600 40176 39960 31248 31248 19728 29592 32544 31752 36000 42408 42048 16128 
41496 38472 44520 42840 47796 41412 21060 16830 15750 14700 14910 14160 14490 13230 14970 15390 14190 14040 17280 17490 38592 39888 37368 42408 37656 29808 15300 29952 43128 42984 36432 41184 29016 18036 39096 42192 35280 35568 38520 32760 20628 
35532 46872 50316 43848 38052 44604 17640 13020 13920 15750 14100 15180 14910 16950 15120 15210 16440 16050 16320 15300 40032 38016 33048 33552 35568 34776 18972 41544 30672 34128 41184 38088 42192 20376 34560 36864 36432 35280 32688 29088 17172 
34776 48804 38976 45024 46788 44100 19404 16320 15870 15210 14850 15660 14280 13320 13110 15810 14640 13290 14940 14070 39312 42840 42552 40752 42840 29664 18036 36792 29664 33552 34272 39960 32832 15588 43056 35208 33408 38304 42408 37224 20916 
49980 46032 33684 43596 40152 44520 17244 15000 17730 13380 14340 15180 16440 16620 12960 13230 15870 16890 12750 15090 34560 41976 42840 43128 31824 29664 16632 28872 42984 40968 42192 33768 34992 17280 39672 35136 40104 38736 38520 37584 19332 
49728 37884 35448 44688 46368 43008 20448 12180 14910 15570 16440 16860 12600 14220 17040 15840 17040 17130 14220 15690 39744 41904 32544 40680 30528 34272 14976 39024 36648 32760 38448 30672 28944 14472 35424 29952 32904 35568 43128 40752 21348 
]

OverlappingStints: [
[ 2 8 9 10 11 21 22 28 29 35 36 ]
[ 3 10 11 12 13 21 22 23 28 29 30 35 36 37 ]
[ 4 12 13 14 15 22 23 24 29 30 31 36 37 38 ]
[ 5 14 15 16 17 23 24 25 30 31 32 37 38 39 ]
[ 6 16 17 18 19 24 25 26 31 32 33 38 39 40 ]
[ 7 18 19 20 25 26 27 32 33 34 39 40 41 ]
[ 20 26 27 33 34 40 41 ]
[ 21 28 35 ]
[ 21 28 35 ]
[ 21 22 28 29 35 36 ]
[ 22 29 36 ]
[ 22 23 29 30 36 37 ]
[ 23 30 37 ]
[ 23 24 30 31 37 38 ]
[ 24 31 38 ]
[ 24 25 31 32 38 39 ]
[ 25 32 39 ]
[ 25 26 32 33 39 40 ]
[ 26 33 40 ]
[ 26 27 33 34 40 41 ]
[ 22 28 29 35 36 ]
[ 23 28 29 30 35 36 37 ]
[ 24 29 30 31 36 37 38 ]
[ 25 30 31 32 37 38 39 ]
[ 26 31 32 33 38 39 40 ]
[ 27 32 33 34 39 40 41 ]
[ 33 34 40 41 ]
[ 29 35 36 ]
[ 30 35 36 37 ]
[ 31 36 37 38 ]
[ 32 37 38 39 ]
[ 33 38 39 40 ]
[ 34 39 40 41 ]
[ 40 41 ]
[ 36 ]
[ 37 ]
[ 38 ]
[ 39 ]
[ 40 ]
[ 41 ]
[ ]
]

EmployeesWithSkill: [
[ 1 2 3 4 5 6 7 8 9 10 11 12 13 14 15 16 17 18 19 20 21 22 23 24 25 26 27 28 29 30 31 32 33 34 35 36 37 38 39 40 41 42 43 44 45 46 47 48 49 50 51 52 53 54 55 56 57 58 59 60 61 62 63 64 65 66 67 68 69 70 71 72 73 74 75 76 77 78 79 80 81 82 83 84 85 86 87 88 89 90 91 92 93 94 95 96 97 98 99 100 101 102 103 104 105 106 107 108 109 110 111 112 113 114 115 116 117 118 119 120 121 122 123 124 125 126 127 128 129 130 131 132 133 134 135 136 137 138 139 140 141 142 143 144 145 146 147 148 149 150 ]
[ 2 4 5 6 10 11 14 15 17 18 19 20 21 24 25 26 30 33 34 37 38 39 41 43 44 45 47 48 49 52 53 57 58 59 60 61 64 65 66 70 71 72 73 74 75 76 77 78 79 81 83 84 87 88 90 92 94 95 96 100 101 103 105 106 107 110 111 113 114 115 116 118 119 121 122 123 124 125 126 127 128 129 130 133 134 136 137 138 139 142 143 144 145 146 149 150 ]
[ 1 6 11 14 19 26 28 30 31 32 33 35 44 46 47 52 54 55 59 62 63 64 69 70 80 84 87 89 93 95 98 99 104 106 108 118 119 123 131 132 134 135 141 143 146 ]
[ 5 7 8 9 13 15 16 24 27 29 34 42 43 45 51 53 56 57 58 62 64 66 73 75 76 81 82 87 88 92 94 98 101 102 104 107 108 109 113 118 124 129 132 137 138 145 146 ]
[ 1 2 4 10 11 16 17 19 20 23 26 31 34 35 50 53 57 59 62 65 68 73 74 77 78 79 83 84 85 88 90 91 95 97 102 103 104 106 108 112 116 125 133 134 136 138 142 144 146 ]
[ 1 3 4 5 6 7 8 9 10 12 14 15 16 17 18 19 20 21 23 24 25 26 28 30 31 32 35 36 37 38 40 43 44 46 47 48 49 50 52 55 56 57 58 61 62 64 66 68 69 70 71 73 74 75 76 78 80 82 84 86 87 89 91 92 93 94 95 96 99 100 103 104 105 108 110 111 113 114 116 118 119 120 121 122 124 126 129 130 131 132 133 134 135 136 138 141 143 145 146 148 150 ]
]

SkillDemandInActivityWithMode: [
0	
1	
2	
1	
1	
1	
1	
1	
2	
1	
1	
1	
1	
1	
1	
2	
1	
1	
0	
51	
101	
65	
142	
142	
101	
45	
47	
22	
42	
55	
79	
101	
79	
141	
71	
141	
101	
118	
141	
0	
17	
7	
9	
7	
3	
12	
17	
20	
23	
17	
17	
8	
12	
4	
4	
11	
10	
4	
19	
19	
23	
7	
17	
0	
17	
13	
19	
6	
13	
19	
15	
23	
13	
23	
6	
16	
19	
6	
6	
12	
13	
14	
0	
8	
13	
9	
5	
5	
9	
8	
13	
13	
10	
9	
2	
11	
7	
4	
13	
11	
13	
6	
11	
10	
9	
8	
5	

0	
18	
37	
14	
5	
9	
17	
3	
37	
15	
23	
23	
26	
6	
23	
37	
7	
26	
0	
5	
11	
7	
15	
15	
11	
4	
5	
2	
4	
6	
8	
11	
8	
15	
7	
15	
11	
13	
15	
0	
13	
4	
6	
5	
1	
9	
13	
15	
18	
13	
13	
6	
8	
2	
2	
8	
7	
2	
15	
15	
17	
5	
13	
0	
34	
26	
39	
11	
26	
39	
29	
47	
26	
47	
11	
33	
39	
11	
11	
23	
26	
29	
0	
8	
13	
9	
5	
4	
9	
8	
13	
13	
10	
9	
1	
11	
6	
3	
13	
11	
13	
5	
11	
10	
9	
8	
5	

0	
9	
18	
6	
2	
4	
8	
1	
18	
7	
11	
11	
12	
3	
11	
17	
3	
12	
0	
0	
1	
0	
1	
1	
1	
0	
0	
0	
0	
0	
0	
1	
0	
1	
0	
1	
1	
1	
1	
0	
4	
1	
2	
1	
0	
2	
4	
4	
5	
3	
3	
1	
2	
0	
0	
2	
2	
0	
4	
4	
5	
1	
3	
0	
30	
23	
35	
10	
23	
35	
26	
42	
23	
42	
10	
30	
35	
10	
10	
21	
23	
26	
0	
0	
0	
0	
0	
0	
0	
0	
0	
0	
0	
0	
0	
0	
0	
0	
0	
0	
0	
0	
0	
0	
0	
0	
0	

0	
0	
0	
0	
0	
0	
0	
0	
0	
0	
0	
0	
0	
0	
0	
0	
0	
0	
0	
10	
20	
12	
28	
28	
20	
8	
9	
4	
8	
10	
15	
20	
15	
28	
14	
28	
20	
23	
28	
0	
9	
3	
4	
3	
1	
6	
9	
11	
13	
9	
9	
4	
6	
2	
1	
6	
5	
2	
11	
11	
13	
3	
9	
0	
13	
10	
15	
4	
10	
15	
11	
18	
10	
18	
4	
13	
15	
4	
4	
9	
10	
11	
0	
1	
2	
1	
0	
0	
1	
1	
2	
2	
1	
1	
0	
1	
1	
0	
2	
1	
2	
0	
1	
1	
1	
1	
0	

0	
9	
18	
7	
2	
4	
8	
1	
18	
7	
11	
11	
13	
3	
11	
18	
3	
13	
0	
0	
0	
0	
0	
0	
0	
0	
0	
0	
0	
0	
0	
0	
0	
0	
0	
0	
0	
0	
0	
0	
12	
4	
6	
5	
1	
8	
12	
14	
16	
12	
12	
5	
8	
2	
2	
7	
7	
2	
14	
14	
16	
4	
12	
0	
5	
4	
6	
1	
4	
6	
4	
7	
4	
7	
1	
5	
6	
1	
1	
3	
4	
4	
0	
9	
16	
10	
6	
5	
10	
9	
16	
16	
12	
10	
1	
13	
8	
4	
16	
13	
16	
6	
13	
12	
10	
9	
6	

0	
3	
6	
2	
1	
1	
2	
0	
6	
2	
3	
3	
4	
1	
3	
6	
1	
4	
0	
3	
7	
4	
10	
10	
7	
3	
3	
1	
3	
4	
5	
7	
5	
10	
5	
10	
7	
8	
10	
0	
39	
14	
19	
15	
5	
26	
39	
44	
52	
39	
39	
17	
26	
8	
7	
24	
22	
8	
44	
44	
52	
15	
38	
0	
15	
12	
18	
5	
12	
18	
13	
22	
12	
22	
5	
15	
18	
5	
5	
11	
12	
13	
0	
14	
23	
15	
9	
8	
15	
14	
23	
23	
17	
15	
2	
20	
11	
5	
23	
20	
23	
10	
20	
17	
15	
14	
8	

]

EmployeeAvailability: [
0 1 0 0 1 1 1 1 1 1 1 1 1 1 0 1 1 1 1 1 1 1 0 0 1 1 1 1 1 0 0 1 1 1 1 1 0 0 1 1 1 
1 1 0 1 0 1 1 1 1 1 1 1 1 1 1 1 0 1 1 1 1 1 1 1 0 1 1 1 1 1 1 0 1 1 1 1 1 1 0 1 1 
1 1 1 1 1 1 1 1 1 1 1 1 1 1 1 1 1 1 1 1 1 1 1 1 1 1 1 1 1 1 1 1 1 1 1 1 1 1 1 1 1 
1 1 1 1 1 0 1 1 1 1 1 1 1 1 1 1 1 0 1 1 1 1 1 1 1 0 1 1 1 1 1 1 0 1 1 1 1 1 1 0 1 
1 1 1 1 0 0 0 1 1 1 1 1 1 1 1 0 1 0 1 0 1 1 1 1 0 0 0 1 1 1 1 0 0 0 1 1 1 1 0 0 0 
1 0 1 1 1 0 1 1 1 1 1 1 1 1 1 1 1 0 0 1 1 1 1 1 1 0 1 1 1 1 1 1 0 1 1 1 1 1 1 0 1 
1 1 1 1 1 0 1 1 1 1 1 1 1 1 1 1 1 0 1 1 1 1 1 1 1 0 1 1 1 1 1 1 0 1 1 1 1 1 1 0 1 
1 1 1 1 1 1 1 1 1 1 1 1 1 1 1 1 1 1 1 1 1 1 1 1 1 1 1 1 1 1 1 1 1 1 1 1 1 1 1 1 1 
1 1 1 1 1 1 0 1 1 1 1 1 1 1 1 1 1 1 1 0 1 1 1 1 1 1 0 1 1 1 1 1 1 0 1 1 1 1 1 1 0 
1 1 0 0 1 1 1 1 1 1 1 0 1 0 0 1 1 1 1 1 1 1 0 0 1 1 1 1 1 0 0 1 1 1 1 1 0 0 1 1 1 
1 1 1 1 1 1 1 1 1 1 1 1 1 1 1 1 1 1 1 1 1 1 1 1 1 1 1 1 1 1 1 1 1 1 1 1 1 1 1 1 1 
1 0 1 0 1 1 1 1 1 0 1 1 1 0 1 1 1 1 1 1 1 0 1 0 1 1 1 1 0 1 0 1 1 1 1 0 1 0 1 1 1 
0 1 1 1 1 1 1 1 1 1 1 1 1 1 1 1 1 1 1 1 0 1 1 1 1 1 1 0 1 1 1 1 1 1 0 1 1 1 1 1 1 
1 0 1 1 1 1 1 1 1 0 1 1 1 1 1 1 1 1 1 1 1 0 1 1 1 1 1 1 0 1 1 1 1 1 1 0 1 1 1 1 1 
1 1 0 1 0 1 1 1 1 1 1 0 1 1 1 1 0 1 1 1 1 1 0 1 0 1 1 1 1 0 1 0 1 1 1 1 0 1 0 1 1 
1 1 1 1 1 1 1 1 1 1 1 1 1 1 1 1 1 1 1 1 1 1 1 1 1 1 1 1 1 1 1 1 1 1 1 1 1 1 1 1 1 
1 1 1 1 1 1 1 1 1 1 1 1 1 1 1 1 1 1 1 1 1 1 1 1 1 1 1 1 1 1 1 1 1 1 1 1 1 1 1 1 1 
1 1 1 1 1 1 1 1 1 1 1 1 1 1 1 1 1 1 1 1 1 1 1 1 1 1 1 1 1 1 1 1 1 1 1 1 1 1 1 1 1 
0 1 1 0 0 1 1 1 1 1 1 1 1 1 0 0 1 1 1 1 1 1 1 0 0 1 1 1 1 1 0 0 1 1 1 1 1 0 0 1 1 
1 1 1 0 1 1 1 1 1 1 1 1 1 1 0 1 1 1 1 1 1 1 1 0 1 1 1 1 1 1 0 1 1 1 1 1 1 0 1 1 1 
1 1 1 0 1 0 1 1 1 1 1 1 1 0 1 1 1 1 0 1 1 1 1 0 1 0 1 1 1 1 0 1 0 1 1 1 1 0 1 0 1 
1 1 1 1 0 1 1 1 1 1 1 1 1 1 1 1 0 1 1 1 1 1 1 1 0 1 1 1 1 1 1 0 1 1 1 1 1 1 0 1 1 
0 1 0 1 1 0 1 1 0 1 1 0 1 1 1 1 1 0 1 1 0 1 0 1 1 0 1 0 1 0 1 1 0 1 0 1 0 1 1 0 1 
1 1 1 1 1 1 1 1 1 1 1 1 1 1 1 1 1 1 1 1 1 1 1 1 1 1 1 1 1 1 1 1 1 1 1 1 1 1 1 1 1 
1 0 1 0 0 1 1 1 1 1 0 1 1 1 1 1 1 1 1 1 1 0 1 1 0 1 1 1 0 1 1 0 1 1 1 0 1 1 0 1 1 
0 1 0 1 1 1 1 1 1 1 1 0 1 1 1 1 1 1 1 1 0 1 0 1 1 1 1 0 1 0 1 1 1 1 0 1 0 1 1 1 1 
1 1 1 1 1 1 1 1 1 1 1 1 1 1 1 1 1 1 1 1 1 1 1 1 1 1 1 1 1 1 1 1 1 1 1 1 1 1 1 1 1 
1 1 1 1 0 0 1 1 1 1 1 1 1 1 1 1 1 0 1 1 1 1 1 1 0 0 1 1 1 1 1 0 0 1 1 1 1 1 0 0 1 
1 0 1 0 1 1 1 1 1 1 0 1 1 1 1 1 1 1 1 1 1 0 1 0 1 1 1 1 0 1 0 1 1 1 1 0 1 0 1 1 1 
1 0 0 1 1 1 1 1 1 0 0 1 1 1 1 1 1 1 1 1 1 0 1 1 1 1 1 1 0 1 1 1 1 1 1 0 1 1 1 1 1 
1 1 1 1 0 1 1 1 1 1 1 1 1 1 1 0 1 1 1 1 1 1 1 1 0 1 1 1 1 1 1 0 1 1 1 1 1 1 0 1 1 
0 1 1 1 1 0 1 1 0 1 1 1 1 1 1 1 1 1 0 1 0 1 1 1 1 0 1 0 1 1 1 1 0 1 0 1 1 1 1 0 1 
1 0 1 1 1 1 1 1 1 1 0 1 1 1 1 1 1 1 1 1 1 0 1 1 1 1 1 1 0 1 1 1 1 1 1 0 1 1 1 1 1 
1 1 1 0 1 1 1 1 1 1 1 1 1 0 1 1 1 1 1 1 1 1 1 0 1 1 1 1 1 1 0 1 1 1 1 1 1 0 1 1 1 
1 1 0 0 0 1 1 1 1 1 1 1 0 1 0 0 1 1 1 1 1 1 0 0 0 1 1 1 1 0 0 0 1 1 1 1 0 0 0 1 1 
1 1 1 1 1 1 1 1 1 1 1 1 1 1 1 1 1 1 1 1 1 1 1 1 1 1 1 1 1 1 1 1 1 1 1 1 1 1 1 1 1 
1 1 1 1 0 1 1 1 1 1 1 1 1 1 1 1 1 1 1 1 1 1 1 1 0 1 1 1 1 1 1 0 1 1 1 1 1 1 0 1 1 
1 1 1 1 1 1 0 1 1 1 1 1 1 1 1 1 1 1 1 0 1 1 1 1 1 1 0 1 1 1 1 1 1 0 1 1 1 1 1 1 0 
1 1 0 1 1 1 1 1 1 1 1 1 1 1 1 1 1 1 1 1 1 1 0 1 1 1 1 1 1 0 1 1 1 1 1 1 0 1 1 1 1 
0 1 1 1 1 0 1 1 0 1 1 1 1 1 1 1 1 1 1 1 0 1 1 1 1 0 1 0 1 1 1 1 0 1 0 1 1 1 1 0 1 
1 1 0 1 1 1 1 1 1 1 1 0 1 1 1 1 1 1 1 1 1 1 0 1 1 1 1 1 1 0 1 1 1 1 1 1 0 1 1 1 1 
1 1 0 1 1 1 1 1 1 1 1 0 1 1 1 1 1 1 1 1 1 1 0 1 1 1 1 1 1 0 1 1 1 1 1 1 0 1 1 1 1 
1 1 1 1 0 0 1 1 1 1 1 1 1 1 1 0 0 1 0 1 1 1 1 1 0 0 1 1 1 1 1 0 0 1 1 1 1 1 0 0 1 
1 1 1 1 1 1 1 1 1 1 1 1 1 1 1 1 1 1 1 1 1 1 1 1 1 1 1 1 1 1 1 1 1 1 1 1 1 1 1 1 1 
1 0 0 1 1 1 1 1 1 1 1 1 0 1 1 1 1 1 1 1 1 1 0 1 1 1 1 1 1 0 1 1 1 1 1 1 0 1 1 1 1 
0 0 1 1 1 1 0 1 1 0 1 1 1 1 1 1 1 1 1 1 0 0 1 1 1 1 0 0 0 1 1 1 1 0 0 0 1 1 1 1 0 
1 1 1 1 1 1 0 1 1 1 1 1 1 1 1 1 1 1 1 0 1 1 1 1 1 1 0 1 1 1 1 1 1 0 1 1 1 1 1 1 0 
1 1 1 1 0 1 1 1 1 1 1 1 1 1 1 0 1 1 1 1 1 1 1 1 0 1 1 1 1 1 1 0 1 1 1 1 1 1 0 1 1 
1 1 0 0 1 1 1 1 1 1 1 0 1 1 0 1 1 1 1 1 1 1 0 0 1 1 1 1 1 0 0 1 1 1 1 1 0 0 1 1 1 
0 1 1 1 1 1 1 1 1 1 1 1 1 1 1 1 1 1 1 1 0 1 1 1 1 1 1 0 1 1 1 1 1 1 0 1 1 1 1 1 1 
1 1 1 1 0 1 0 1 1 1 1 1 1 1 1 1 0 1 1 0 1 1 1 1 0 1 0 1 1 1 1 0 1 0 1 1 1 1 0 1 0 
1 1 1 1 1 0 1 1 1 1 1 1 1 1 1 1 1 0 1 1 1 1 1 1 1 0 1 1 1 1 1 1 0 1 1 1 1 1 1 0 1 
1 1 1 1 1 1 1 1 1 1 1 1 1 1 1 1 1 1 1 1 1 1 1 1 1 1 1 1 1 1 1 1 1 1 1 1 1 1 1 1 1 
0 1 1 1 0 1 1 1 1 1 1 1 1 1 1 0 1 1 1 1 1 1 1 1 0 1 1 1 1 1 1 0 1 1 1 1 1 1 0 1 1 
1 1 1 1 0 1 1 1 1 1 1 1 1 1 1 1 1 1 1 1 1 1 1 1 0 1 1 1 1 1 1 0 1 1 1 1 1 1 0 1 1 
1 1 1 1 1 1 0 1 1 1 1 1 1 1 1 1 1 1 1 0 1 1 1 1 1 1 0 1 1 1 1 1 1 0 1 1 1 1 1 1 0 
0 0 1 1 1 1 1 0 1 1 0 1 1 1 1 1 1 1 1 1 0 0 1 1 1 1 1 0 0 1 1 1 1 1 0 0 1 1 1 1 1 
1 0 1 0 0 1 1 1 1 1 0 1 1 1 0 1 0 1 1 1 1 0 1 0 0 1 1 1 0 1 0 0 1 1 1 0 1 0 0 1 1 
1 1 0 1 1 0 1 1 1 1 1 0 1 1 1 1 1 0 1 1 1 1 0 1 1 0 1 1 1 0 1 1 0 1 1 1 0 1 1 0 1 
1 1 1 1 1 1 1 1 1 1 1 1 1 1 1 1 1 1 1 1 1 1 1 1 1 1 1 1 1 1 1 1 1 1 1 1 1 1 1 1 1 
0 1 1 0 1 1 1 0 1 1 1 1 1 0 1 1 1 1 1 1 0 1 1 0 1 1 1 0 1 1 0 1 1 1 0 1 1 0 1 1 1 
0 1 1 1 1 0 0 1 1 1 1 1 1 1 1 1 1 1 0 0 0 1 1 1 1 0 0 0 1 1 1 1 0 0 0 1 1 1 1 0 0 
1 1 1 1 1 0 1 1 1 1 1 1 1 1 1 1 1 1 1 1 1 1 1 1 1 1 1 1 1 1 1 1 1 1 1 1 1 1 1 1 1 
1 1 1 0 0 1 1 1 1 1 1 1 1 1 0 1 0 1 1 1 1 1 1 0 0 1 1 1 1 1 0 0 1 1 1 1 1 0 0 1 1 
1 1 1 0 1 1 0 1 1 1 1 1 1 1 1 1 1 1 1 0 1 1 1 1 1 1 0 1 1 1 1 1 1 0 1 1 1 1 1 1 0 
1 1 1 0 1 1 1 1 1 1 1 1 1 0 1 1 1 1 1 1 1 1 1 0 1 1 1 1 1 1 0 1 1 1 1 1 1 0 1 1 1 
1 0 1 1 1 1 1 1 1 1 0 1 1 1 1 1 1 1 1 1 1 0 1 1 1 1 1 1 0 1 1 1 1 1 1 0 1 1 1 1 1 
0 1 1 1 1 1 1 1 1 1 1 1 1 1 1 1 1 1 1 1 1 1 1 1 1 1 1 1 1 1 1 1 1 1 1 1 1 1 1 1 1 
1 1 1 1 1 1 1 1 1 1 1 1 1 1 1 1 1 1 1 1 1 1 1 1 1 1 1 1 1 1 1 1 1 1 1 1 1 1 1 1 1 
1 1 1 1 1 1 0 1 1 1 1 1 1 1 1 1 1 1 1 0 1 1 1 1 1 1 0 1 1 1 1 1 1 0 1 1 1 1 1 1 0 
1 1 1 1 0 0 1 1 1 1 1 1 1 1 1 0 1 1 0 1 1 1 1 1 0 0 1 1 1 1 1 0 0 1 1 1 1 1 0 0 1 
1 1 1 1 1 0 0 1 1 1 1 1 1 1 1 1 1 1 1 0 1 1 1 1 1 0 0 1 1 1 1 1 0 0 1 1 1 1 1 0 0 
1 1 1 0 1 1 1 1 1 1 1 1 1 1 0 1 1 1 1 1 1 1 1 0 1 1 1 1 1 1 0 1 1 1 1 1 1 0 1 1 1 
1 0 1 0 1 1 1 1 1 1 1 1 1 0 1 1 1 1 1 1 1 0 1 0 1 1 1 1 0 1 0 1 1 1 1 0 1 0 1 1 1 
1 1 0 0 0 1 1 1 1 1 1 1 1 1 0 0 1 1 1 1 1 1 1 0 0 1 1 1 1 1 0 0 1 1 1 1 1 0 0 1 1 
0 1 1 1 1 1 1 1 0 1 1 1 1 1 1 1 1 1 1 1 0 1 1 1 1 1 1 0 1 1 1 1 1 1 0 1 1 1 1 1 1 
1 1 1 1 0 1 1 1 1 1 1 1 1 1 1 1 1 1 1 1 1 1 1 1 0 1 1 1 1 1 1 0 1 1 1 1 1 1 0 1 1 
0 0 1 1 1 1 0 1 1 0 1 1 1 1 1 1 1 1 1 0 1 0 1 1 1 1 0 1 0 1 1 1 1 0 1 0 1 1 1 1 0 
0 0 1 1 1 1 1 0 1 0 1 1 1 1 1 1 1 1 1 1 0 0 1 1 1 1 1 0 0 1 1 1 1 1 0 0 1 1 1 1 1 
1 1 1 1 1 1 1 1 1 1 1 1 1 1 1 1 1 1 1 1 1 1 1 1 1 1 1 1 1 1 1 1 1 1 1 1 1 1 1 1 1 
1 1 1 1 1 1 1 1 1 1 1 1 1 1 1 1 1 1 1 1 1 1 1 1 1 1 1 1 1 1 1 1 1 1 1 1 1 1 1 1 1 
1 1 1 0 1 1 1 1 1 1 1 1 1 1 0 1 1 1 1 1 1 1 1 0 1 1 1 1 1 1 0 1 1 1 1 1 1 0 1 1 1 
1 1 0 1 0 1 1 1 1 1 1 1 1 1 1 0 1 1 1 1 1 1 1 1 0 1 1 1 1 1 1 0 1 1 1 1 1 1 0 1 1 
1 1 1 1 1 1 1 1 1 1 1 1 1 1 1 1 1 1 1 1 1 1 1 1 1 1 1 1 1 1 1 1 1 1 1 1 1 1 1 1 1 
1 0 1 1 1 0 1 1 1 1 0 1 1 1 1 1 1 0 1 1 1 0 1 1 1 0 1 1 0 1 1 1 0 1 1 0 1 1 1 0 1 
1 1 1 1 1 1 1 1 1 1 1 1 1 1 1 1 1 1 1 1 1 1 1 1 1 1 1 1 1 1 1 1 1 1 1 1 1 1 1 1 1 
1 1 1 1 0 1 1 1 1 1 1 1 1 1 1 0 1 1 1 1 1 1 1 1 0 1 1 1 1 1 1 0 1 1 1 1 1 1 0 1 1 
0 1 1 1 1 1 1 1 0 1 1 1 1 1 1 1 1 1 1 1 0 1 1 1 1 1 1 0 1 1 1 1 1 1 0 1 1 1 1 1 1 
1 1 0 1 0 0 1 1 1 1 1 0 1 1 1 1 0 1 0 1 1 1 0 1 0 0 1 1 1 0 1 0 0 1 1 1 0 1 0 0 1 
1 1 1 1 1 1 1 1 1 1 1 1 1 1 1 1 1 1 1 1 1 1 1 1 1 1 1 1 1 1 1 1 1 1 1 1 1 1 1 1 1 
0 1 0 1 1 1 1 1 0 1 1 0 0 1 1 1 1 1 1 1 0 1 0 1 1 1 1 0 1 0 1 1 1 1 0 1 0 1 1 1 1 
1 1 1 1 1 1 1 1 1 1 1 1 1 1 1 1 1 1 1 1 1 1 1 1 1 1 1 1 1 1 1 1 1 1 1 1 1 1 1 1 1 
1 1 1 1 1 0 0 1 1 1 1 1 1 1 1 1 1 0 1 0 1 1 1 1 1 0 0 1 1 1 1 1 0 0 1 1 1 1 1 0 0 
1 1 1 1 1 1 1 1 1 1 1 1 1 1 1 1 1 1 1 1 1 1 1 1 1 1 1 1 1 1 1 1 1 1 1 1 1 1 1 1 1 
1 0 0 0 1 1 1 1 1 0 1 1 0 1 0 1 1 1 1 1 1 0 0 0 1 1 1 1 0 0 0 1 1 1 1 0 0 0 1 1 1 
1 1 1 1 1 1 1 1 1 1 1 1 1 1 1 1 1 1 1 1 1 1 1 1 1 1 1 1 1 1 1 1 1 1 1 1 1 1 1 1 1 
0 1 1 1 1 1 1 0 1 1 1 1 1 1 1 1 1 1 1 1 0 1 1 1 1 1 1 0 1 1 1 1 1 1 0 1 1 1 1 1 1 
1 1 1 1 1 1 1 1 1 1 1 1 1 1 1 1 1 1 1 1 1 1 1 1 1 1 1 1 1 1 1 1 1 1 1 1 1 1 1 1 1 
1 1 0 1 1 1 1 1 1 1 1 0 1 1 1 1 1 1 1 1 1 1 0 1 1 1 1 1 1 0 1 1 1 1 1 1 0 1 1 1 1 
1 0 1 0 1 1 1 1 1 0 1 1 1 1 0 1 1 1 1 1 1 0 1 0 1 1 1 1 0 1 0 1 1 1 1 0 1 0 1 1 1 
0 1 0 0 1 1 1 1 1 1 1 1 0 1 0 1 1 1 1 1 0 1 0 0 1 1 1 0 1 0 0 1 1 1 0 1 0 0 1 1 1 
1 1 0 1 1 1 1 1 1 1 1 1 0 1 1 1 1 1 1 1 1 1 0 1 1 1 1 1 1 0 1 1 1 1 1 1 0 1 1 1 1 
0 1 1 1 1 1 1 1 1 1 1 1 1 1 1 1 1 1 1 1 1 1 1 1 1 1 1 1 1 1 1 1 1 1 1 1 1 1 1 1 1 
1 1 0 1 0 1 1 1 1 1 1 1 0 1 1 1 1 1 1 1 1 1 0 1 0 1 1 1 1 0 1 0 1 1 1 1 0 1 0 1 1 
1 0 1 1 1 0 1 1 1 1 1 1 1 1 1 1 1 1 0 1 1 1 1 1 1 0 1 1 1 1 1 1 0 1 1 1 1 1 1 0 1 
1 1 1 1 1 1 1 1 1 1 1 1 1 1 1 1 1 1 1 1 1 1 1 1 1 1 1 1 1 1 1 1 1 1 1 1 1 1 1 1 1 
0 1 0 1 1 1 1 1 1 1 1 1 0 1 1 1 1 1 1 1 0 1 0 1 1 1 1 0 1 0 1 1 1 1 0 1 0 1 1 1 1 
1 1 1 1 1 0 1 1 1 1 1 1 1 1 1 1 1 1 0 1 1 1 1 1 1 0 1 1 1 1 1 1 0 1 1 1 1 1 1 0 1 
1 1 1 0 0 1 1 1 1 1 1 1 1 0 1 1 0 1 1 1 1 1 1 0 0 1 1 1 1 1 0 0 1 1 1 1 1 0 0 1 1 
1 0 1 1 1 1 1 1 1 1 0 1 1 1 1 1 1 1 1 1 1 0 1 1 1 1 1 1 0 1 1 1 1 1 1 0 1 1 1 1 1 
1 0 0 1 1 1 1 1 1 0 1 1 1 1 1 1 1 1 1 1 1 0 0 1 1 1 1 1 0 0 1 1 1 1 1 0 0 1 1 1 1 
1 1 1 1 1 0 1 1 1 1 1 1 1 1 1 1 1 0 1 1 1 1 1 1 1 0 1 1 1 1 1 1 0 1 1 1 1 1 1 0 1 
1 1 1 1 0 0 1 1 1 1 1 1 1 1 1 1 0 1 0 1 1 1 1 1 0 0 1 1 1 1 1 0 0 1 1 1 1 1 0 0 1 
1 1 0 0 1 0 1 1 1 1 1 1 1 1 0 1 1 1 0 1 1 1 0 0 1 0 1 1 1 0 0 1 0 1 1 1 0 0 1 0 1 
1 0 1 0 1 1 1 1 1 1 0 1 1 0 1 1 1 1 1 1 1 0 1 0 1 1 1 1 0 1 0 1 1 1 1 0 1 0 1 1 1 
1 1 1 1 1 1 1 1 1 1 1 1 1 1 1 1 1 1 1 1 1 1 1 1 1 1 1 1 1 1 1 1 1 1 1 1 1 1 1 1 1 
0 0 1 1 1 1 0 0 1 0 1 1 1 1 1 1 1 1 1 1 0 0 1 1 1 1 0 0 0 1 1 1 1 0 0 0 1 1 1 1 0 
0 1 1 1 0 1 1 1 1 1 1 1 1 1 1 0 1 1 1 1 0 1 1 1 0 1 1 0 1 1 1 0 1 1 0 1 1 1 0 1 1 
1 1 1 1 1 1 1 1 1 1 1 1 1 1 1 1 1 1 1 1 1 1 1 1 1 1 1 1 1 1 1 1 1 1 1 1 1 1 1 1 1 
1 1 1 0 1 1 1 1 1 1 1 1 1 1 0 1 1 1 1 1 1 1 1 0 1 1 1 1 1 1 0 1 1 1 1 1 1 0 1 1 1 
1 1 1 1 1 1 1 1 1 1 1 1 1 1 1 1 1 1 1 1 1 1 1 1 1 1 1 1 1 1 1 1 1 1 1 1 1 1 1 1 1 
1 1 1 0 0 1 1 1 1 1 1 1 1 1 0 1 1 1 1 1 1 1 1 0 1 1 1 1 1 1 0 1 1 1 1 1 1 0 1 1 1 
1 1 1 0 1 1 0 1 1 1 1 1 1 1 0 1 1 1 1 0 1 1 1 0 1 1 0 1 1 1 0 1 1 0 1 1 1 0 1 1 0 
1 1 1 1 1 1 1 1 1 1 1 1 1 1 1 1 1 1 1 1 1 1 1 1 1 1 1 1 1 1 1 1 1 1 1 1 1 1 1 1 1 
1 0 1 1 1 1 1 1 1 1 0 1 1 1 1 1 1 1 1 1 1 0 1 1 1 1 1 1 0 1 1 1 1 1 1 0 1 1 1 1 1 
0 1 1 1 1 1 1 1 0 1 1 1 1 1 1 1 1 1 1 1 0 1 1 1 1 1 1 0 1 1 1 1 1 1 0 1 1 1 1 1 1 
1 1 1 1 1 1 1 1 1 1 1 1 1 1 1 1 1 1 1 1 1 1 1 1 1 1 1 1 1 1 1 1 1 1 1 1 1 1 1 1 1 
1 1 0 0 1 1 1 1 1 1 1 1 1 1 0 1 1 1 1 1 1 1 1 0 1 1 1 1 1 1 0 1 1 1 1 1 1 0 1 1 1 
1 0 1 0 1 1 1 1 1 1 0 1 1 1 1 1 1 1 1 1 1 0 1 0 1 1 1 1 0 1 0 1 1 1 1 0 1 0 1 1 1 
1 1 0 1 1 1 1 1 1 1 1 1 1 1 1 1 1 1 1 1 1 1 0 1 1 1 1 1 1 0 1 1 1 1 1 1 0 1 1 1 1 
1 1 1 1 1 1 1 1 1 1 1 1 1 1 1 1 1 1 1 1 1 1 1 1 1 1 1 1 1 1 1 1 1 1 1 1 1 1 1 1 1 
1 1 1 1 1 1 1 1 1 1 1 1 1 1 1 1 1 1 1 1 1 1 1 1 1 1 1 1 1 1 1 1 1 1 1 1 1 1 1 1 1 
0 1 1 1 1 1 1 0 1 1 1 1 1 1 1 1 1 1 1 1 0 1 1 1 1 1 1 0 1 1 1 1 1 1 0 1 1 1 1 1 1 
1 0 1 1 1 1 1 1 1 1 0 1 1 1 1 1 1 1 1 1 1 0 1 1 1 1 1 1 0 1 1 1 1 1 1 0 1 1 1 1 1 
0 1 1 1 1 1 1 0 1 1 1 1 1 1 1 1 1 1 1 1 0 1 1 1 1 1 1 0 1 1 1 1 1 1 0 1 1 1 1 1 1 
1 1 1 1 1 1 1 1 1 1 1 1 1 1 1 1 1 1 1 1 1 1 1 1 1 1 1 1 1 1 1 1 1 1 1 1 1 1 1 1 1 
1 0 1 1 1 1 1 1 1 1 0 1 1 1 1 1 1 1 1 1 1 0 1 1 1 1 1 1 0 1 1 1 1 1 1 0 1 1 1 1 1 
1 1 1 0 0 0 1 1 1 1 1 1 1 0 1 1 0 0 1 1 1 1 1 0 0 0 1 1 1 1 0 0 0 1 1 1 1 0 0 0 1 
1 0 1 1 1 1 0 1 1 1 0 1 1 1 1 1 1 1 1 0 1 0 1 1 1 1 0 1 0 1 1 1 1 0 1 0 1 1 1 1 0 
1 1 1 1 1 1 1 1 1 1 1 1 1 1 1 1 1 1 1 1 1 1 1 1 1 1 1 1 1 1 1 1 1 1 1 1 1 1 1 1 1 
1 1 1 1 1 0 1 1 1 1 1 1 1 1 1 1 1 0 1 1 1 1 1 1 1 0 1 1 1 1 1 1 0 1 1 1 1 1 1 0 1 
0 1 1 1 0 1 1 0 1 1 1 1 1 1 1 1 0 1 1 1 0 1 1 1 0 1 1 0 1 1 1 0 1 1 0 1 1 1 0 1 1 
1 1 1 1 1 1 1 1 1 1 1 1 1 1 1 1 1 1 1 1 1 1 1 1 1 1 1 1 1 1 1 1 1 1 1 1 1 1 1 1 1 
1 1 1 1 0 1 1 1 1 1 1 1 1 1 1 1 0 1 1 1 1 1 1 1 0 1 1 1 1 1 1 0 1 1 1 1 1 1 0 1 1 
0 1 0 1 1 0 1 0 1 1 1 1 1 1 1 1 1 1 0 1 0 1 0 1 1 0 1 0 1 0 1 1 0 1 0 1 0 1 1 0 1 
1 1 1 1 0 1 1 1 1 1 1 1 1 1 1 1 1 1 1 1 1 1 1 1 1 1 1 1 1 1 1 1 1 1 1 1 1 1 1 1 1 
1 0 1 1 1 1 1 1 1 0 0 1 1 1 1 1 1 1 1 1 1 0 1 1 1 1 1 1 0 1 1 1 1 1 1 0 1 1 1 1 1 
1 1 1 0 1 0 1 1 1 1 1 1 1 0 1 1 1 1 0 1 1 1 1 0 1 0 1 1 1 1 0 1 0 1 1 1 1 0 1 0 1 
1 0 1 1 1 1 1 1 1 1 1 1 1 1 1 1 1 1 1 1 1 0 1 1 1 1 1 1 0 1 1 1 1 1 1 0 1 1 1 1 1 
1 1 0 0 1 1 1 1 1 1 1 0 1 1 1 1 1 1 1 1 1 1 0 1 1 1 1 1 1 0 1 1 1 1 1 1 0 1 1 1 1 
]

EmployeeWantedInStint: [ (2 6) 1 (2 25) 1 (4 30) 1 (7 7) 1 (7 25) 1 (7 38) 1 (13 25) 1 (14 33) 1 (15 3) 1 (16 27) 1 (16 32) 1 (17 19) 1 (17 21) 1 (17 24) 1 (17 37) 1 (18 13) 1 (21 8) 1 (21 40) 1 (24 3) 1 (25 30) 1 (26 31) 1 (27 12) 1 (27 27) 1 (28 2) 1 (29 24) 1 (31 20) 1 (31 26) 1 (33 37) 1 (34 6) 1 (35 18) 1 (37 12) 1 (41 27) 1 (41 31) 1 (42 13) 1 (43 12) 1 (45 16) 1 (45 23) 1 (50 26) 1 (55 34) 1 (57 1) 1 (58 36) 1 (60 11) 1 (60 37) 1 (63 1) 1 (63 34) 1 (64 8) 1 (65 8) 1 (65 10) 1 (65 39) 1 (66 10) 1 (67 25) 1 (67 41) 1 (68 41) 1 (69 3) 1 (71 15) 1 (73 26) 1 (73 27) 1 (73 29) 1 (73 34) 1 (74 23) 1 (75 36) 1 (76 21) 1 (83 35) 1 (85 31) 1 (89 31) 1 (90 2) 1 (92 7) 1 (92 39) 1 (93 24) 1 (94 38) 1 (95 24) 1 (95 32) 1 (96 22) 1 (97 23) 1 (98 4) 1 (98 33) 1 (99 2) 1 (99 16) 1 (100 23) 1 (103 24) 1 (104 10) 1 (105 39) 1 (106 38) 1 (107 6) 1 (107 7) 1 (108 20) 1 (109 13) 1 (111 13) 1 (112 39) 1 (113 9) 1 (114 15) 1 (114 22) 1 (117 28) 1 (119 16) 1 (122 24) 1 (122 28) 1 (122 39) 1 (124 14) 1 (126 10) 1 (126 12) 1 (127 26) 1 (128 2) 1 (128 7) 1 (128 13) 1 (129 6) 1 (129 39) 1 (132 17) 1 (133 8) 1 (135 10) 1 (136 2) 1 (136 3) 1 (138 17) 1 (139 26) 1 (139 34) 1 (141 6) 1 (142 22) 1 (142 33) 1 (145 7) 1 (146 40) 1 (147 25) 1 (149 12) 1 (149 17) 1 (149 24) 1 (150 5) 1 (150 18) 1 ]

EmployeeWantedViolationCost: [ (2 6) 9000 (2 25) 15000 (4 30) 8000 (7 7) 6000 (7 25) 15000 (7 38) 14000 (13 25) 14000 (14 33) 15000 (15 3) 12000 (16 27) 8000 (16 32) 7000 (17 19) 8000 (17 21) 10000 (17 24) 13000 (17 37) 14000 (18 13) 10000 (21 8) 7000 (21 40) 10000 (24 3) 13000 (25 30) 7000 (26 31) 10000 (27 12) 15000 (27 27) 5000 (28 2) 11000 (29 24) 5000 (31 20) 9000 (31 26) 10000 (33 37) 8000 (34 6) 13000 (35 18) 10000 (37 12) 8000 (41 27) 11000 (41 31) 13000 (42 13) 5000 (43 12) 9000 (45 16) 7000 (45 23) 5000 (50 26) 8000 (55 34) 14000 (57 1) 5000 (58 36) 13000 (60 11) 7000 (60 37) 11000 (63 1) 14000 (63 34) 15000 (64 8) 12000 (65 8) 5000 (65 10) 6000 (65 39) 7000 (66 10) 8000 (67 25) 10000 (67 41) 5000 (68 41) 15000 (69 3) 6000 (71 15) 10000 (73 26) 8000 (73 27) 6000 (73 29) 13000 (73 34) 8000 (74 23) 13000 (75 36) 14000 (76 21) 13000 (83 35) 11000 (85 31) 15000 (89 31) 5000 (90 2) 11000 (92 7) 6000 (92 39) 11000 (93 24) 12000 (94 38) 8000 (95 24) 8000 (95 32) 6000 (96 22) 11000 (97 23) 9000 (98 4) 8000 (98 33) 5000 (99 2) 6000 (99 16) 9000 (100 23) 9000 (103 24) 13000 (104 10) 5000 (105 39) 11000 (106 38) 9000 (107 6) 9000 (107 7) 14000 (108 20) 7000 (109 13) 10000 (111 13) 13000 (112 39) 5000 (113 9) 10000 (114 15) 5000 (114 22) 14000 (117 28) 5000 (119 16) 6000 (122 24) 15000 (122 28) 5000 (122 39) 13000 (124 14) 9000 (126 10) 11000 (126 12) 9000 (127 26) 13000 (128 2) 9000 (128 7) 13000 (128 13) 8000 (129 6) 15000 (129 39) 14000 (132 17) 10000 (133 8) 12000 (135 10) 7000 (136 2) 10000 (136 3) 10000 (138 17) 8000 (139 26) 8000 (139 34) 15000 (141 6) 15000 (142 22) 13000 (142 33) 14000 (145 7) 12000 (146 40) 5000 (147 25) 5000 (149 12) 5000 (149 17) 5000 (149 24) 11000 (150 5) 14000 (150 18) 9000 ]

EmployeesThatShouldNotWorkTogetherWithEmployee: [
[ 18 31 44 60 77 146 ]
[ 34 108 123 ]
[ 22 88 89 137 ]
[ 48 74 80 96 108 128 ]
[ 15 62 97 100 126 143 ]
[ 22 60 104 112 118 125 ]
[ 36 45 56 95 99 108 115 ]
[ 14 17 22 69 109 135 ]
[ 106 112 ]
[ 11 24 32 59 61 70 78 80 129 ]
[ 19 29 72 88 102 108 121 134 140 ]
[ 13 23 89 95 ]
[ 29 44 70 93 123 ]
[ 15 51 106 ]
[ 31 63 85 110 131 140 ]
[ 54 88 100 108 111 ]
[ 19 146 149 ]
[ 42 46 61 118 147 148 ]
[ 62 148 ]
[ 63 97 ]
[ 26 28 63 107 ]
[ 34 42 55 58 94 106 134 143 ]
[ 40 47 54 60 76 81 105 ]
[ 73 84 105 112 131 ]
[ 26 55 64 71 110 115 140 ]
[ 35 71 ]
[ 31 55 56 73 97 120 123 ]
[ 119 ]
[ 66 ]
[ 41 81 94 ]
[ 40 85 98 129 143 150 ]
[ 66 73 76 77 86 96 108 121 129 ]
[ 142 ]
[ 53 105 113 ]
[ 71 77 86 116 ]
[ 38 47 86 127 ]
[ 54 56 72 86 94 102 121 ]
[ 110 ]
[ 43 50 65 148 ]
[ 52 54 71 94 125 ]
[ 52 70 139 141 ]
[ 45 67 69 78 ]
[ 67 84 103 ]
[ 49 126 ]
[ 102 109 129 133 ]
[ 56 63 75 85 150 ]
[ 58 72 82 86 99 ]
[ 64 78 102 150 ]
[ 96 108 118 128 141 144 ]
[ 61 101 108 120 126 132 133 141 ]
[ 93 102 104 121 146 ]
[ 80 105 136 150 ]
[ ]
[ 79 84 92 133 ]
[ 63 70 77 89 100 146 ]
[ 106 114 136 ]
[ 64 70 109 ]
[ 68 75 82 104 117 ]
[ 112 126 127 130 ]
[ 78 140 ]
[ 62 64 75 110 128 129 ]
[ 73 94 114 132 ]
[ 91 144 ]
[ 97 116 142 ]
[ 89 102 ]
[ 67 88 105 133 134 139 144 ]
[ 77 86 95 108 ]
[ 111 120 138 ]
[ 75 98 133 ]
[ 96 112 114 ]
[ 80 92 ]
[ 107 110 ]
[ 76 92 93 112 120 ]
[ 82 ]
[ 84 90 93 98 102 130 141 ]
[ 94 ]
[ 88 146 ]
[ 100 102 137 ]
[ 105 107 111 116 138 ]
[ 81 108 110 113 115 116 ]
[ 89 116 ]
[ 88 92 105 ]
[ 85 119 ]
[ 123 141 ]
[ 96 144 147 ]
[ 130 132 ]
[ 101 105 111 113 114 121 147 ]
[ 119 132 133 143 ]
[ 113 ]
[ 127 141 ]
[ 127 133 ]
[ 99 107 ]
[ 99 116 130 ]
[ 98 103 130 144 150 ]
[ 119 ]
[ 97 122 138 145 ]
[ 104 118 121 ]
[ 110 139 ]
[ 114 ]
[ 113 140 ]
[ 104 ]
[ 111 127 ]
[ 116 134 ]
[ 116 130 ]
[ 117 121 122 ]
[ 118 126 136 ]
[ 149 ]
[ 139 142 ]
[ 125 133 ]
[ 112 120 149 ]
[ 116 122 127 128 139 ]
[ ]
[ 135 143 144 ]
[ 132 ]
[ ]
[ 117 134 ]
[ 119 123 ]
[ 129 ]
[ 123 125 135 144 ]
[ 131 ]
[ 127 134 146 ]
[ 140 ]
[ ]
[ ]
[ ]
[ 140 ]
[ 130 148 ]
[ 138 ]
[ ]
[ ]
[ ]
[ 148 ]
[ ]
[ 147 ]
[ 148 ]
[ 147 ]
[ 146 ]
[ 144 147 ]
[ ]
[ 143 148 ]
[ ]
[ ]
[ 145 150 ]
[ ]
[ ]
[ ]
[ ]
[ ]
[ ]
[ ]
]

ShouldNotWorkTogetherCost: [ (1 18) 396 (1 31) 99 (1 44) 99 (1 60) 198 (1 77) 99 (1 146) 99 (2 34) 99 (2 108) 396 (2 123) 396 (3 22) 297 (3 88) 198 (3 89) 396 (3 137) 198 (4 48) 99 (4 74) 198 (4 80) 297 (4 96) 297 (4 108) 99 (4 128) 99 (5 15) 198 (5 62) 396 (5 97) 198 (5 100) 198 (5 126) 396 (5 143) 99 (6 22) 99 (6 60) 198 (6 104) 396 (6 112) 198 (6 118) 198 (6 125) 198 (7 36) 297 (7 45) 297 (7 56) 396 (7 95) 99 (7 99) 297 (7 108) 198 (7 115) 198 (8 14) 99 (8 17) 297 (8 22) 99 (8 69) 396 (8 109) 396 (8 135) 297 (9 106) 396 (9 112) 396 (10 11) 198 (10 24) 297 (10 32) 297 (10 59) 198 (10 61) 297 (10 70) 297 (10 78) 297 (10 80) 99 (10 129) 396 (11 19) 99 (11 29) 198 (11 72) 396 (11 88) 396 (11 102) 198 (11 108) 396 (11 121) 396 (11 134) 297 (11 140) 297 (12 13) 396 (12 23) 198 (12 89) 396 (12 95) 198 (13 29) 297 (13 44) 396 (13 70) 396 (13 93) 396 (13 123) 99 (14 15) 99 (14 51) 99 (14 106) 99 (15 31) 198 (15 63) 396 (15 85) 297 (15 110) 198 (15 131) 297 (15 140) 99 (16 54) 99 (16 88) 297 (16 100) 396 (16 108) 198 (16 111) 396 (17 19) 99 (17 146) 198 (17 149) 297 (18 42) 396 (18 46) 198 (18 61) 99 (18 118) 297 (18 147) 99 (18 148) 99 (19 62) 297 (19 148) 198 (20 63) 396 (20 97) 99 (21 26) 396 (21 28) 297 (21 63) 99 (21 107) 297 (22 34) 297 (22 42) 297 (22 55) 99 (22 58) 297 (22 94) 99 (22 106) 99 (22 134) 99 (22 143) 396 (23 40) 99 (23 47) 198 (23 54) 99 (23 60) 297 (23 76) 198 (23 81) 396 (23 105) 396 (24 73) 198 (24 84) 99 (24 105) 198 (24 112) 198 (24 131) 99 (25 26) 198 (25 55) 297 (25 64) 99 (25 71) 396 (25 110) 99 (25 115) 198 (25 140) 396 (26 35) 396 (26 71) 396 (27 31) 198 (27 55) 198 (27 56) 198 (27 73) 396 (27 97) 198 (27 120) 396 (27 123) 198 (28 119) 99 (29 66) 198 (30 41) 99 (30 81) 297 (30 94) 198 (31 40) 396 (31 85) 396 (31 98) 99 (31 129) 396 (31 143) 99 (31 150) 99 (32 66) 297 (32 73) 198 (32 76) 99 (32 77) 99 (32 86) 297 (32 96) 297 (32 108) 198 (32 121) 198 (32 129) 297 (33 142) 198 (34 53) 297 (34 105) 297 (34 113) 396 (35 71) 99 (35 77) 99 (35 86) 198 (35 116) 297 (36 38) 396 (36 47) 297 (36 86) 396 (36 127) 99 (37 54) 297 (37 56) 297 (37 72) 198 (37 86) 297 (37 94) 198 (37 102) 297 (37 121) 99 (38 110) 99 (39 43) 396 (39 50) 99 (39 65) 198 (39 148) 297 (40 52) 396 (40 54) 99 (40 71) 198 (40 94) 99 (40 125) 396 (41 52) 297 (41 70) 297 (41 139) 297 (41 141) 297 (42 45) 396 (42 67) 198 (42 69) 297 (42 78) 396 (43 67) 297 (43 84) 99 (43 103) 297 (44 49) 198 (44 126) 396 (45 102) 396 (45 109) 99 (45 129) 396 (45 133) 99 (46 56) 198 (46 63) 198 (46 75) 396 (46 85) 297 (46 150) 297 (47 58) 396 (47 72) 297 (47 82) 396 (47 86) 198 (47 99) 396 (48 64) 198 (48 78) 297 (48 102) 396 (48 150) 396 (49 96) 396 (49 108) 297 (49 118) 396 (49 128) 297 (49 141) 99 (49 144) 198 (50 61) 297 (50 101) 297 (50 108) 396 (50 120) 99 (50 126) 198 (50 132) 99 (50 133) 396 (50 141) 99 (51 93) 297 (51 102) 297 (51 104) 297 (51 121) 198 (51 146) 198 (52 80) 99 (52 105) 99 (52 136) 99 (52 150) 396 (54 79) 99 (54 84) 198 (54 92) 396 (54 133) 396 (55 63) 99 (55 70) 99 (55 77) 396 (55 89) 198 (55 100) 99 (55 146) 297 (56 106) 396 (56 114) 99 (56 136) 297 (57 64) 297 (57 70) 198 (57 109) 396 (58 68) 198 (58 75) 198 (58 82) 99 (58 104) 99 (58 117) 99 (59 112) 99 (59 126) 297 (59 127) 99 (59 130) 99 (60 78) 198 (60 140) 396 (61 62) 297 (61 64) 297 (61 75) 297 (61 110) 297 (61 128) 297 (61 129) 297 (62 73) 396 (62 94) 297 (62 114) 99 (62 132) 297 (63 91) 198 (63 144) 396 (64 97) 396 (64 116) 198 (64 142) 396 (65 89) 297 (65 102) 99 (66 67) 198 (66 88) 99 (66 105) 99 (66 133) 198 (66 134) 396 (66 139) 99 (66 144) 198 (67 77) 297 (67 86) 198 (67 95) 396 (67 108) 99 (68 111) 396 (68 120) 198 (68 138) 198 (69 75) 297 (69 98) 99 (69 133) 99 (70 96) 99 (70 112) 99 (70 114) 198 (71 80) 198 (71 92) 99 (72 107) 396 (72 110) 396 (73 76) 297 (73 92) 297 (73 93) 297 (73 112) 99 (73 120) 297 (74 82) 297 (75 84) 198 (75 90) 396 (75 93) 99 (75 98) 396 (75 102) 198 (75 130) 198 (75 141) 198 (76 94) 99 (77 88) 297 (77 146) 396 (78 100) 99 (78 102) 99 (78 137) 198 (79 105) 99 (79 107) 99 (79 111) 99 (79 116) 198 (79 138) 297 (80 81) 198 (80 108) 396 (80 110) 99 (80 113) 297 (80 115) 297 (80 116) 198 (81 89) 99 (81 116) 297 (82 88) 297 (82 92) 396 (82 105) 396 (83 85) 396 (83 119) 396 (84 123) 99 (84 141) 198 (85 96) 297 (85 144) 396 (85 147) 198 (86 130) 99 (86 132) 396 (87 101) 198 (87 105) 297 (87 111) 396 (87 113) 99 (87 114) 297 (87 121) 198 (87 147) 99 (88 119) 99 (88 132) 297 (88 133) 198 (88 143) 396 (89 113) 297 (90 127) 396 (90 141) 198 (91 127) 198 (91 133) 297 (92 99) 297 (92 107) 99 (93 99) 396 (93 116) 297 (93 130) 99 (94 98) 198 (94 103) 396 (94 130) 396 (94 144) 396 (94 150) 396 (95 119) 396 (96 97) 198 (96 122) 396 (96 138) 297 (96 145) 99 (97 104) 198 (97 118) 396 (97 121) 198 (98 110) 297 (98 139) 297 (99 114) 198 (100 113) 396 (100 140) 297 (101 104) 198 (102 111) 396 (102 127) 297 (103 116) 99 (103 134) 198 (104 116) 99 (104 130) 198 (105 117) 396 (105 121) 198 (105 122) 198 (106 118) 198 (106 126) 396 (106 136) 198 (107 149) 396 (108 139) 297 (108 142) 198 (109 125) 396 (109 133) 396 (110 112) 99 (110 120) 198 (110 149) 396 (111 116) 297 (111 122) 396 (111 127) 99 (111 128) 297 (111 139) 198 (113 135) 99 (113 143) 99 (113 144) 198 (114 132) 99 (116 117) 396 (116 134) 297 (117 119) 297 (117 123) 198 (118 129) 297 (119 123) 198 (119 125) 198 (119 135) 99 (119 144) 396 (120 131) 99 (121 127) 396 (121 134) 198 (121 146) 99 (122 140) 198 (126 140) 198 (127 130) 198 (127 148) 198 (128 138) 297 (132 148) 99 (134 147) 198 (135 148) 396 (136 147) 396 (137 146) 198 (138 144) 396 (138 147) 396 (140 143) 396 (140 148) 297 (143 145) 297 (143 150) 198 ]

ImmediatePredecessorsToActivity: [
[ ]
[ 1 ]
[ 1 ]
[ 2 ]
[ 1 ]
[ 1 ]
[ 3 ]
[ 1 ]
[ 2 ]
[ 4 ]
[ 4 7 ]
[ 11 ]
[ 1 ]
[ 1 ]
[ 4 7 ]
[ 4 5 6 ]
[ 4 13 ]
[ 5 7 ]
[ ]
[ 19 ]
[ 19 ]
[ 19 ]
[ 21 ]
[ 19 ]
[ 22 ]
[ 19 ]
[ 24 ]
[ 19 ]
[ 20 ]
[ 23 ]
[ 21 22 27 29 ]
[ 20 22 28 30 ]
[ 19 ]
[ 25 30 ]
[ 21 25 29 33 ]
[ 30 ]
[ 27 28 29 ]
[ 21 24 34 36 ]
[ 23 26 38 ]
[ ]
[ 40 ]
[ 41 ]
[ 42 ]
[ 42 ]
[ 40 ]
[ 40 ]
[ 40 ]
[ 46 ]
[ 41 43 ]
[ 41 43 48 ]
[ 40 ]
[ 42 48 ]
[ 47 51 ]
[ 48 51 ]
[ 41 47 ]
[ 41 51 ]
[ 56 ]
[ 41 ]
[ 52 58 ]
[ 43 55 ]
[ 46 56 ]
[ 51 ]
[ 47 51 52 ]
[ ]
[ 64 ]
[ 64 ]
[ 64 ]
[ 64 ]
[ 66 ]
[ 67 68 ]
[ 64 ]
[ 64 ]
[ 70 ]
[ 70 ]
[ 65 71 ]
[ 65 69 ]
[ 70 75 ]
[ 71 76 ]
[ 68 69 ]
[ 68 75 ]
[ 71 72 76 77 ]
[ 68 71 72 73 ]
[ ]
[ 83 ]
[ 84 ]
[ 83 ]
[ 83 ]
[ 87 ]
[ 85 87 ]
[ 89 ]
[ 86 ]
[ 89 ]
[ 84 86 87 ]
[ 92 93 ]
[ 83 ]
[ 89 93 ]
[ 84 86 88 89 ]
[ 85 ]
[ 90 91 95 96 97 ]
[ 85 94 ]
[ 96 ]
[ 85 87 91 96 97 ]
[ 91 92 96 97 ]
[ 86 88 92 98 100 ]
[ 87 94 ]
[ 87 90 91 98 ]
[ 88 90 94 101 ]
]

ActivitiesInProject: [
[ 1 2 3 4 5 6 7 8 9 10 11 12 13 14 15 16 17 18 ]
[ 19 20 21 22 23 24 25 26 27 28 29 30 31 32 33 34 35 36 37 38 39 ]
[ 40 41 42 43 44 45 46 47 48 49 50 51 52 53 54 55 56 57 58 59 60 61 62 63 ]
[ 64 65 66 67 68 69 70 71 72 73 74 75 76 77 78 79 80 81 82 ]
[ 83 84 85 86 87 88 89 90 91 92 93 94 95 96 97 98 99 100 101 102 103 104 105 106 107 ]
]

nActivityModes: [ 1 1 1 1 1 1 1 1 1 1 1 1 1 1 1 1 1 1 1 1 1 1 1 1 1 1 1 1 1 1 1 1 1 1 1 1 1 1 1 1 1 1 1 1 1 1 1 1 1 1 1 1 1 1 1 1 1 1 1 1 1 1 1 1 1 1 1 1 1 1 1 1 1 1 1 1 1 1 1 1 1 1 1 1 1 1 1 1 1 1 1 1 1 1 1 1 1 1 1 1 1 1 1 1 1 1 1 ]

ActivitiyDurationWithMode: [
1	
10	
5	
13	
32	
19	
11	
47	
5	
12	
8	
8	
7	
29	
8	
5	
24	
7	
1	
14	
7	
11	
5	
5	
7	
16	
15	
33	
17	
13	
9	
7	
9	
5	
10	
5	
7	
6	
5	
1	
8	
22	
16	
20	
58	
12	
8	
7	
6	
8	
8	
18	
12	
36	
40	
13	
14	
36	
7	
7	
6	
20	
8	
1	
7	
9	
6	
20	
9	
6	
8	
5	
9	
5	
20	
7	
6	
20	
21	
10	
9	
8	
1	
10	
6	
9	
15	
17	
9	
10	
6	
6	
8	
9	
49	
7	
12	
24	
6	
7	
6	
14	
7	
8	
9	
10	
16	
]
StintsInProject: [
[ 1 2 3 4 5 6 7 ]
[ 8 9 10 11 12 13 14 15 16 17 18 19 20 ]
[ 21 22 23 24 25 26 27 ]
[ 28 29 30 31 32 33 34 ]
[ 35 36 37 38 39 40 41 ]
]

WorkingStintsOnDay: [
[ 1 8 21 28 35 ]
[ 1 8 21 28 35 ]
[ 1 8 21 28 35 ]
[ 1 8 21 28 35 ]
[ 1 8 21 28 35 ]
[ 1 21 28 35 ]
[ 1 21 28 35 ]
[ 1 9 21 28 35 ]
[ 1 9 21 28 35 ]
[ 1 9 21 28 35 ]
[ 1 9 21 28 35 ]
[ 1 9 21 28 35 ]
[ 1 ]
[ 1 ]
[ 2 10 22 29 36 ]
[ 2 10 22 29 36 ]
[ 2 10 22 29 36 ]
[ 2 10 22 29 36 ]
[ 2 10 22 29 36 ]
[ 2 22 29 36 ]
[ 2 22 29 36 ]
[ 2 11 22 29 36 ]
[ 2 11 22 29 36 ]
[ 2 11 22 29 36 ]
[ 2 11 22 29 36 ]
[ 2 11 22 29 36 ]
[ 2 ]
[ 2 ]
[ 3 12 23 30 37 ]
[ 3 12 23 30 37 ]
[ 3 12 23 30 37 ]
[ 3 12 23 30 37 ]
[ 3 12 23 30 37 ]
[ 3 23 30 37 ]
[ 3 23 30 37 ]
[ 3 13 23 30 37 ]
[ 3 13 23 30 37 ]
[ 3 13 23 30 37 ]
[ 3 13 23 30 37 ]
[ 3 13 23 30 37 ]
[ 3 ]
[ 3 ]
[ 4 14 24 31 38 ]
[ 4 14 24 31 38 ]
[ 4 14 24 31 38 ]
[ 4 14 24 31 38 ]
[ 4 14 24 31 38 ]
[ 4 24 31 38 ]
[ 4 24 31 38 ]
[ 4 15 24 31 38 ]
[ 4 15 24 31 38 ]
[ 4 15 24 31 38 ]
[ 4 15 24 31 38 ]
[ 4 15 24 31 38 ]
[ 4 ]
[ 4 ]
[ 5 16 25 32 39 ]
[ 5 16 25 32 39 ]
[ 5 16 25 32 39 ]
[ 5 16 25 32 39 ]
[ 5 16 25 32 39 ]
[ 5 25 32 39 ]
[ 5 25 32 39 ]
[ 5 17 25 32 39 ]
[ 5 17 25 32 39 ]
[ 5 17 25 32 39 ]
[ 5 17 25 32 39 ]
[ 5 17 25 32 39 ]
[ 5 ]
[ 5 ]
[ 6 18 26 33 40 ]
[ 6 18 26 33 40 ]
[ 6 18 26 33 40 ]
[ 6 18 26 33 40 ]
[ 6 18 26 33 40 ]
[ 6 26 33 40 ]
[ 6 26 33 40 ]
[ 6 19 26 33 40 ]
[ 6 19 26 33 40 ]
[ 6 19 26 33 40 ]
[ 6 19 26 33 40 ]
[ 6 19 26 33 40 ]
[ 6 ]
[ 6 ]
[ 7 20 27 34 41 ]
[ 7 20 27 34 41 ]
[ 7 20 27 34 41 ]
[ 7 20 27 34 41 ]
[ 7 20 27 34 41 ]
[ 7 27 34 41 ]
]

ProjectStart: [ 28 30 18 3 6 ]

ProjectEnd: [ 79 89 86 57 76 ]

EarliestStartDayForActivity: [ 1 28 28 38 28 28 33 28 38 51 51 59 28 28 51 60 51 60 1 30 30 30 39 30 45 30 37 30 48 46 73 75 30 65 73 65 75 72 80 1 18 26 52 52 18 18 18 32 72 72 18 52 26 39 26 26 41 26 74 74 41 26 74 1 3 3 3 3 12 25 3 3 33 33 11 23 35 32 25 35 41 44 1 6 18 6 6 23 24 35 17 35 23 41 6 35 44 24 63 52 44 58 58 61 52 52 52 ]

LatestStartDayForActivity: [ 1 79 79 79 79 79 79 79 79 79 79 79 79 79 79 79 79 79 1 89 89 89 89 89 89 89 89 89 89 89 89 89 89 89 89 89 89 89 89 1 86 86 86 86 86 86 86 86 86 86 86 86 86 86 86 86 86 86 86 86 86 86 86 1 57 57 57 57 57 57 57 57 57 57 57 57 57 57 57 57 57 57 1 76 76 76 76 76 76 76 76 76 76 76 76 76 76 76 76 76 76 76 76 76 76 76 76 ]

EquipmentTypeDemandInActivityWithMode: [
0	
1	
1	
1	
1	
0	
0	
2	
0	
1	
1	
1	
1	
0	
0	
0	
1	
1	
0	
3	
1	
0	
2	
2	
0	
0	
0	
0	
2	
0	
0	
0	
2	
0	
1	
2	
2	
0	
0	
0	
0	
1	
1	
1	
0	
0	
1	
3	
1	
1	
1	
0	
0	
1	
1	
1	
3	
1	
1	
0	
0	
0	
1	
0	
0	
0	
1	
1	
0	
0	
1	
0	
0	
1	
0	
1	
2	
0	
1	
0	
0	
1	
0	
0	
0	
1	
2	
2	
1	
1	
1	
0	
2	
0	
0	
0	
0	
0	
1	
1	
1	
1	
0	
0	
2	
1	
1	

0	
0	
0	
0	
0	
0	
0	
0	
0	
1	
2	
1	
0	
1	
1	
0	
3	
1	
0	
1	
0	
1	
0	
1	
0	
0	
3	
0	
2	
0	
1	
0	
2	
1	
0	
0	
0	
0	
0	
0	
1	
0	
0	
2	
1	
0	
0	
2	
0	
2	
0	
1	
1	
1	
0	
1	
1	
1	
1	
1	
2	
1	
1	
0	
1	
1	
0	
0	
2	
0	
0	
1	
1	
1	
0	
0	
1	
0	
2	
0	
0	
2	
0	
1	
2	
1	
0	
0	
2	
1	
1	
0	
2	
1	
0	
0	
0	
1	
1	
1	
0	
2	
0	
1	
1	
0	
1	

0	
0	
1	
0	
0	
0	
0	
1	
1	
1	
0	
2	
0	
1	
0	
0	
1	
0	
0	
1	
2	
1	
0	
1	
2	
0	
0	
1	
0	
0	
0	
1	
0	
2	
2	
1	
1	
1	
1	
0	
0	
1	
0	
0	
0	
1	
0	
0	
0	
0	
0	
2	
1	
1	
0	
1	
0	
2	
2	
2	
1	
2	
1	
0	
1	
1	
0	
1	
0	
0	
2	
1	
1	
0	
0	
0	
1	
1	
1	
1	
0	
0	
0	
1	
2	
0	
0	
0	
1	
0	
0	
0	
1	
1	
1	
1	
0	
1	
0	
0	
1	
1	
1	
1	
0	
0	
2	

0	
1	
0	
0	
2	
1	
0	
0	
0	
0	
1	
0	
2	
1	
1	
0	
1	
1	
0	
0	
2	
0	
0	
3	
1	
0	
0	
1	
2	
1	
1	
1	
0	
1	
1	
1	
0	
2	
1	
0	
1	
0	
0	
0	
3	
1	
1	
0	
0	
1	
0	
1	
0	
1	
0	
0	
2	
0	
0	
0	
0	
1	
0	
0	
0	
1	
1	
0	
1	
1	
0	
0	
0	
0	
0	
2	
0	
2	
0	
1	
1	
0	
0	
2	
1	
0	
0	
1	
2	
1	
0	
1	
1	
2	
1	
0	
0	
1	
0	
2	
0	
2	
0	
1	
2	
0	
0	

0	
0	
1	
1	
1	
1	
0	
0	
2	
0	
1	
1	
1	
1	
2	
0	
1	
1	
0	
0	
1	
0	
1	
0	
0	
0	
1	
0	
1	
1	
0	
0	
1	
0	
1	
0	
0	
1	
0	
0	
1	
2	
0	
2	
2	
0	
0	
0	
1	
1	
2	
1	
1	
0	
0	
1	
0	
0	
3	
1	
0	
1	
0	
0	
1	
1	
2	
0	
1	
1	
0	
1	
1	
0	
1	
1	
0	
0	
1	
1	
1	
1	
0	
0	
0	
0	
0	
0	
2	
0	
1	
0	
2	
0	
0	
1	
1	
0	
1	
2	
1	
0	
0	
0	
2	
0	
1	

0	
0	
1	
0	
0	
1	
0	
0	
0	
1	
0	
0	
0	
0	
1	
1	
0	
0	
0	
0	
0	
0	
0	
1	
0	
0	
0	
0	
0	
0	
1	
1	
1	
2	
0	
1	
0	
1	
0	
0	
1	
0	
0	
0	
0	
0	
0	
1	
1	
0	
2	
0	
0	
0	
0	
0	
0	
0	
0	
0	
0	
0	
0	
0	
1	
0	
0	
1	
0	
1	
0	
0	
0	
0	
1	
0	
0	
1	
0	
1	
0	
0	
0	
0	
1	
1	
1	
1	
1	
1	
0	
1	
0	
1	
0	
1	
0	
1	
0	
0	
0	
0	
0	
1	
1	
0	
0	

]

ExternalEquipmentRentingCost: [
4266	1228	5257	3335	2899	4475	1295	3037	3148	3522	4183	3363	5191	1825	2086	1039	3918	4368	2756	4984	4406	3611	4639	2950	4749	5669	4332	3265	5421	1169	2069	4298	4019	4023	2574	5811	4801	1128	4696	2998	3646	2818	1676	1694	2585	2932	4896	1033	3754	3972	4631	4517	3697	1365	5458	1204	1677	1542	3804	2544	3294	5398	4798	5087	3517	5904	1937	2918	4507	3034	1023	1393	5107	4129	2919	1966	2329	3745	2202	5019	3248	5386	3496	5091	5598	1912	1582	3050	2379	4104	2477	3024	3788	5794	4663	5154	2357	1163	1572	5556	1694	5337	5518	1889	1519	4431	2760	
4016	4109	4797	5126	3451	5429	5883	2829	4396	2618	4453	5122	1989	1010	5275	4825	4086	5200	3600	3682	2669	5090	5237	1380	2264	5148	2785	2894	4226	1406	1959	3120	1830	1702	4531	4135	3885	3537	2041	3522	4587	1793	2638	1157	1818	1801	1628	3244	2489	4912	2817	1651	2320	4994	2753	1693	2790	4093	1654	4979	1971	2047	4045	3070	3466	5336	3264	3960	2941	4252	2498	5719	3071	5195	5761	1488	5697	3092	5653	2010	2539	3341	2575	3114	2933	5345	2362	2671	1773	2576	4536	3613	4674	3455	3620	2974	1470	1759	2688	4394	4271	1277	2573	4728	5752	4633	1770	
4683	4808	2302	3892	2468	5441	1485	3884	4165	2801	1558	1096	4828	5747	5777	3611	1090	2031	1888	2102	5905	2254	5552	4654	4423	5121	1252	5539	1460	2837	3981	3373	5387	1564	1668	5983	3607	4414	1332	2451	1912	4279	2553	5834	4510	4187	4585	2190	5313	2678	1962	4059	4529	5308	4452	1233	1219	3333	4380	5804	4791	5976	1791	2794	4785	1653	4678	2702	3609	5261	2690	4497	2153	3014	3845	3191	3614	5106	4046	3868	3669	1215	4027	2791	2487	2415	3861	1869	3793	4119	5807	1195	2346	3131	4702	3836	1269	5463	5293	5581	5732	4236	1215	4718	1658	4803	5801	
2990	1896	2988	3256	1896	2136	5504	4461	3854	1605	3173	3381	1474	1388	4580	3278	2026	3920	5411	2365	4252	3843	4062	2055	5706	2540	3387	4607	5958	1308	5431	4410	3006	1130	4631	1257	4338	2372	1123	5035	5340	1914	4054	4652	5227	4859	4771	4017	3894	5179	2904	1401	5413	3530	3886	3705	3686	3745	3980	3420	5063	2125	5002	3531	5474	3877	1213	1800	2975	4043	5679	1817	1849	5736	1120	4480	2222	1573	1120	3823	2791	5473	2341	3692	3666	3550	2983	4596	2752	5661	5890	1636	2801	5706	2300	3102	5118	3470	4405	3333	3073	1864	1614	3552	2028	3741	2915	
4862	5080	3711	1098	5994	2384	5105	5159	4069	2360	4963	3247	2983	2200	1438	1518	1168	5100	5122	5662	5883	1973	2420	3766	2733	2249	3494	4179	2522	3663	2739	4134	5231	5024	4937	5203	3690	2357	2227	2908	3316	1919	2079	3523	2806	2531	1099	5013	2950	5459	3029	1696	3809	3498	5050	5214	5693	5130	1598	5157	3172	4360	4343	3450	5150	3622	1121	4138	2050	5558	5002	4710	2221	1991	5525	4446	3549	2928	5157	3303	1797	4434	5978	4634	4428	3345	4102	1399	3767	1080	1550	1742	5699	4384	4556	5473	4477	2920	1077	1726	3436	4525	4578	1428	1147	3187	3387	
2553	3118	5127	4701	1534	1371	3938	4521	3625	5653	2458	4238	3068	1943	5916	3807	1202	5747	1302	5120	2433	1591	3766	4167	2221	5434	3085	4630	4240	4738	2170	3936	5349	2339	2058	4550	2320	5250	5816	1918	4484	3814	3149	2984	5751	5489	1384	4765	2236	1860	5935	4335	3866	2335	3476	5761	4432	5600	3870	2117	4146	1410	2296	5325	5747	4374	5947	5609	5621	4974	1305	4665	1244	4675	1936	4026	5942	1867	4470	3838	1538	4723	3373	4311	1512	1966	4143	5706	4925	1095	5454	5796	4225	2804	5940	4263	2776	2642	4562	4840	1466	3178	4065	3058	4514	4091	1576	
]

EquipmentTypeTransportationCost: [
1	3283	3690	4239	1000	
3283	1	3882	4098	3270	
3690	3882	1	4486	3650	
4239	4098	4486	1	4211	
1000	3270	3650	4211	1	

1	3408	3792	4428	1000	
3408	1	4081	4202	3353	
3792	4081	1	4745	3750	
4428	4202	4745	1	4394	
1000	3353	3750	4394	1	

1	3262	3557	4136	1000	
3262	1	3743	4006	3187	
3557	3743	1	4410	3493	
4136	4006	4410	1	4167	
1000	3187	3493	4167	1	

1	3522	3932	4541	1000	
3522	1	4247	4413	3543	
3932	4247	1	4886	3976	
4541	4413	4886	1	4484	
1000	3543	3976	4484	1	

1	3904	4414	5174	1000	
3904	1	4702	4985	3876	
4414	4702	1	5511	4400	
5174	4985	5511	1	5043	
1000	3876	4400	5043	1	

1	2457	2648	2963	1000	
2457	1	2802	2940	2436	
2648	2802	1	3218	2659	
2963	2940	3218	1	2965	
1000	2436	2659	2965	1	

]

TransportationTimeForEquipmentTypeBetweenProjects: [
1	1	1	3	1	
1	1	3	3	1	
1	3	1	5	1	
3	3	5	1	3	
1	1	1	3	1	

1	1	1	3	1	
1	1	3	3	1	
1	3	1	5	1	
3	3	5	1	3	
1	1	1	3	1	

1	1	1	3	1	
1	1	3	3	1	
1	3	1	4	1	
3	3	4	1	3	
1	1	1	3	1	

1	1	1	3	1	
1	1	3	3	1	
1	3	1	5	1	
3	3	5	1	3	
1	1	1	3	1	

1	1	1	3	1	
1	1	3	3	1	
1	3	1	6	1	
3	3	6	1	3	
1	1	1	3	1	

1	1	1	2	1	
1	1	2	2	1	
1	2	1	3	1	
2	2	3	1	2	
1	1	1	2	1	

]

TotalNumberOfInitialEquipmentTypeLocation: [
(1 1) 1 (1 19) 2 (1 40) 1 (1 64) 1 (1 83) 2 
(2 1) 2 (2 19) 1 (2 40) 2 (2 64) 3 (2 83) 1 
(3 1) 1 (3 19) 2 (3 40) 2 (3 64) 1 
(4 1) 1 (4 19) 3 (4 83) 3 
(5 1) 1 (5 19) 2 (5 40) 1 (5 64) 1 (5 83) 2 
(6 64) 1 (6 83) 3 
]

DepotActivities: [ 1 19 40 64 83 ]

MaximalStintCliques: [
[ 2 36 22 29 1 35 10 28 21 ]
[ 2 36 22 29 1 11 ]
[ 2 36 22 29 3 12 37 30 23 ]
[ 2 13 3 37 30 23 ]
[ 4 17 25 5 39 32 ]
[ 4 38 24 31 3 37 30 14 23 ]
[ 4 38 24 31 3 15 ]
[ 4 38 24 31 5 25 16 39 32 ]
[ 5 19 33 26 6 40 ]
[ 5 39 25 32 33 18 26 6 40 ]
[ 6 33 40 26 34 41 27 20 7 ]
[ 8 1 35 28 21 ]
[ 9 1 35 28 21 ]
]
