nEmployees: 30
nSkills: 2
nProjects: 5
nDays: 120
nActivities: 117
nEquipmentTypes: 3
nStints: 63
nMaxModes: 3
nStintCliques: 18

EmployeeInStintCost: [
12467 12467 12467 12467 12467 12467 12467 12467 12467 12467 12467 12467 12467 12467 12467 12467 12467 5239 32328 32328 32328 32328 32328 32328 32328 32328 18248 32024 32024 32024 32024 32024 32024 32024 32024 20144 46144 46144 46144 46144 46144 46144 46144 42112 24400 13293 13293 13293 13293 13293 13293 13293 13293 13293 13293 13293 13293 13293 13293 13293 13293 13293 5641 
13319 13319 13319 13319 13319 13319 13319 13319 13319 13319 13319 13319 13319 13319 13319 13319 13319 6343 36272 36272 36272 36272 36272 36272 36272 36272 22738 16240 16240 16240 16240 16240 16240 16240 16240 8050 37794 37794 37794 37794 37794 37794 37794 34014 16890 13393 13393 13393 13393 13393 13393 13393 13393 13393 13393 13393 13393 13393 13393 13393 13393 13393 5993 
16783 16783 16783 16783 16783 16783 16783 16783 16783 16783 16783 16783 16783 16783 16783 16783 16783 9591 40376 40376 40376 40376 40376 40376 40376 40376 26374 26856 26856 26856 26856 26856 26856 26856 26856 15054 41894 41894 41894 41894 41894 41894 41894 37898 20270 16945 16945 16945 16945 16945 16945 16945 16945 16945 16945 16945 16945 16945 16945 16945 16945 16945 9329 
13283 13283 13283 13283 13283 13283 13283 13283 13283 13283 13283 13283 13283 13283 13283 13283 13283 6343 36152 36152 36152 36152 36152 36152 36152 36152 22696 16120 16120 16120 16120 16120 16120 16120 16120 8008 37632 37632 37632 37632 37632 37632 37632 33888 16848 13357 13357 13357 13357 13357 13357 13357 13357 13357 13357 13357 13357 13357 13357 13357 13357 13357 5993 
17499 17499 17499 17499 17499 17499 17499 17499 17499 17499 17499 17499 17499 17499 17499 17499 17499 10415 40056 40056 40056 40056 40056 40056 40056 40056 26288 27128 27128 27128 27128 27128 27128 27128 27128 15560 42560 42560 42560 42560 42560 42560 42560 38672 21296 17389 17389 17389 17389 17389 17389 17389 17389 17389 17389 17389 17389 17389 17389 17389 17389 17389 9881 
10483 10483 10483 10483 10483 10483 10483 10483 10483 10483 10483 10483 10483 10483 10483 10483 10483 3399 34032 34032 34032 34032 34032 34032 34032 34032 20264 24752 24752 24752 24752 24752 24752 24752 24752 13184 38552 38552 38552 38552 38552 38552 38552 34664 17288 10653 10653 10653 10653 10653 10653 10653 10653 10653 10653 10653 10653 10653 10653 10653 10653 10653 3145 
10123 10123 10123 10123 10123 10123 10123 10123 10123 10123 10123 10123 10123 10123 10123 10123 10123 3399 32832 32832 32832 32832 32832 32832 32832 32832 19844 23552 23552 23552 23552 23552 23552 23552 23552 12764 36932 36932 36932 36932 36932 36932 36932 33404 16868 10293 10293 10293 10293 10293 10293 10293 10293 10293 10293 10293 10293 10293 10293 10293 10293 10293 3145 
11879 11879 11879 11879 11879 11879 11879 11879 11879 11879 11879 11879 11879 11879 11879 11879 11879 4543 31904 31904 31904 31904 31904 31904 31904 31904 17590 31592 31592 31592 31592 31592 31592 31592 31592 19478 45878 45878 45878 45878 45878 45878 45878 41738 23774 12625 12625 12625 12625 12625 12625 12625 12625 12625 12625 12625 12625 12625 12625 12625 12625 12625 4865 
12639 12639 12639 12639 12639 12639 12639 12639 12639 12639 12639 12639 12639 12639 12639 12639 12639 5735 35312 35312 35312 35312 35312 35312 35312 35312 21934 12360 12360 12360 12360 12360 12360 12360 12360 4326 22246 22246 22246 22246 22246 22246 22246 18538 9886 12649 12649 12649 12649 12649 12649 12649 12649 12649 12649 12649 12649 12649 12649 12649 12649 12649 5321 
16567 16567 16567 16567 16567 16567 16567 16567 16567 16567 16567 16567 16567 16567 16567 16567 16567 9591 39656 39656 39656 39656 39656 39656 39656 39656 26122 26136 26136 26136 26136 26136 26136 26136 26136 14802 40922 40922 40922 40922 40922 40922 40922 37142 20018 16729 16729 16729 16729 16729 16729 16729 16729 16729 16729 16729 16729 16729 16729 16729 16729 16729 9329 
13559 13559 13559 13559 13559 13559 13559 13559 13559 13559 13559 13559 13559 13559 13559 13559 13559 6511 36400 36400 36400 36400 36400 36400 36400 36400 22710 16920 16920 16920 16920 16920 16920 16920 16920 8574 38582 38582 38582 38582 38582 38582 38582 34730 17438 13521 13521 13521 13521 13521 13521 13521 13521 13521 13521 13521 13521 13521 13521 13521 13521 13521 6049 
11883 11883 11883 11883 11883 11883 11883 11883 11883 11883 11883 11883 11883 11883 11883 11883 11883 4727 35632 35632 35632 35632 35632 35632 35632 35632 21708 24024 24024 24024 24024 24024 24024 24024 24024 12300 19540 19540 19540 19540 19540 19540 19540 15580 6340 12109 12109 12109 12109 12109 12109 12109 12109 12109 12109 12109 12109 12109 12109 12109 12109 12109 4529 
8707 8707 8707 8707 8707 8707 8707 8707 8707 8707 8707 8707 8707 8707 8707 8707 8707 2055 30088 30088 30088 30088 30088 30088 30088 30088 17256 27104 27104 27104 27104 27104 27104 27104 27104 16472 40440 40440 40440 40440 40440 40440 40440 36984 20616 9805 9805 9805 9805 9805 9805 9805 9805 9805 9805 9805 9805 9805 9805 9805 9805 9805 2729 
10803 10803 10803 10803 10803 10803 10803 10803 10803 10803 10803 10803 10803 10803 10803 10803 10803 4007 12000 12000 12000 12000 12000 12000 12000 12000 4200 28352 28352 28352 28352 28352 28352 28352 28352 17408 42232 42232 42232 42232 42232 42232 42232 38632 21928 11013 11013 11013 11013 11013 11013 11013 11013 11013 11013 11013 11013 11013 11013 11013 11013 11013 3793 
10339 10339 10339 10339 10339 10339 10339 10339 10339 10339 10339 10339 10339 10339 10339 10339 10339 3399 33552 33552 33552 33552 33552 33552 33552 33552 20096 24272 24272 24272 24272 24272 24272 24272 24272 13016 37904 37904 37904 37904 37904 37904 37904 34160 17120 10509 10509 10509 10509 10509 10509 10509 10509 10509 10509 10509 10509 10509 10509 10509 10509 10509 3145 
9247 9247 9247 9247 9247 9247 9247 9247 9247 9247 9247 9247 9247 9247 9247 9247 9247 2055 31888 31888 31888 31888 31888 31888 31888 31888 17886 28904 28904 28904 28904 28904 28904 28904 28904 17102 42870 42870 42870 42870 42870 42870 42870 38874 21246 10345 10345 10345 10345 10345 10345 10345 10345 10345 10345 10345 10345 10345 10345 10345 10345 10345 2729 
11343 11343 11343 11343 11343 11343 11343 11343 11343 11343 11343 11343 11343 11343 11343 11343 11343 4007 13800 13800 13800 13800 13800 13800 13800 13800 4830 30152 30152 30152 30152 30152 30152 30152 30152 18038 44662 44662 44662 44662 44662 44662 44662 40522 22558 11553 11553 11553 11553 11553 11553 11553 11553 11553 11553 11553 11553 11553 11553 11553 11553 11553 3793 
7200 7200 7200 7200 7200 7200 7200 7200 7200 7200 7200 7200 7200 7200 7200 7200 7200 3600 30696 30696 30696 30696 30696 30696 30696 30696 17552 26272 26272 26272 26272 26272 26272 26272 26272 15328 39880 39880 39880 39880 39880 39880 39880 36280 19576 5800 5800 5800 5800 5800 5800 5800 5800 5800 5800 5800 5800 5800 5800 5800 5800 5800 2200 
8576 8576 8576 8576 8576 8576 8576 8576 8576 8576 8576 8576 8576 8576 8576 8576 8576 4760 31640 31640 31640 31640 31640 31640 31640 31640 18028 26568 26568 26568 26568 26568 26568 26568 26568 15156 40468 40468 40468 40468 40468 40468 40468 36652 19444 3816 3816 3816 3816 3816 3816 3816 3816 3816 3816 3816 3816 3816 3816 3816 3816 3816 0 
18703 18703 18703 18703 18703 18703 18703 18703 18703 18703 18703 18703 18703 18703 18703 18703 18703 11655 41496 41496 41496 41496 41496 41496 41496 41496 27806 28200 28200 28200 28200 28200 28200 28200 28200 16710 43398 43398 43398 43398 43398 43398 43398 39546 22254 18705 18705 18705 18705 18705 18705 18705 18705 18705 18705 18705 18705 18705 18705 18705 18705 18705 11233 
8324 8324 8324 8324 8324 8324 8324 8324 8324 8324 8324 8324 8324 8324 8324 8324 8324 4760 30800 30800 30800 30800 30800 30800 30800 30800 17734 25728 25728 25728 25728 25728 25728 25728 25728 14862 39334 39334 39334 39334 39334 39334 39334 35770 19150 3564 3564 3564 3564 3564 3564 3564 3564 3564 3564 3564 3564 3564 3564 3564 3564 3564 0 
11555 11555 11555 11555 11555 11555 11555 11555 11555 11555 11555 11555 11555 11555 11555 11555 11555 4543 30824 30824 30824 30824 30824 30824 30824 30824 17212 30512 30512 30512 30512 30512 30512 30512 30512 19100 44420 44420 44420 44420 44420 44420 44420 40604 23396 12301 12301 12301 12301 12301 12301 12301 12301 12301 12301 12301 12301 12301 12301 12301 12301 12301 4865 
17495 17495 17495 17495 17495 17495 17495 17495 17495 17495 17495 17495 17495 17495 17495 17495 17495 10375 40632 40632 40632 40632 40632 40632 40632 40632 26786 27200 27200 27200 27200 27200 27200 27200 27200 15554 42394 42394 42394 42394 42394 42394 42394 38470 21010 17553 17553 17553 17553 17553 17553 17553 17553 17553 17553 17553 17553 17553 17553 17553 17553 17553 10009 
7668 7668 7668 7668 7668 7668 7668 7668 7668 7668 7668 7668 7668 7668 7668 7668 7668 3600 32256 32256 32256 32256 32256 32256 32256 32256 18098 27832 27832 27832 27832 27832 27832 27832 27832 15874 41986 41986 41986 41986 41986 41986 41986 37918 20122 6268 6268 6268 6268 6268 6268 6268 6268 6268 6268 6268 6268 6268 6268 6268 6268 6268 2200 
18391 18391 18391 18391 18391 18391 18391 18391 18391 18391 18391 18391 18391 18391 18391 18391 18391 11559 40984 40984 40984 40984 40984 40984 40984 40984 27762 27496 27496 27496 27496 27496 27496 27496 27496 16474 42242 42242 42242 42242 42242 42242 42242 38606 21818 18497 18497 18497 18497 18497 18497 18497 18497 18497 18497 18497 18497 18497 18497 18497 18497 18497 11241 
12071 12071 12071 12071 12071 12071 12071 12071 12071 12071 12071 12071 12071 12071 12071 12071 12071 5239 31008 31008 31008 31008 31008 31008 31008 31008 17786 30704 30704 30704 30704 30704 30704 30704 30704 19682 44362 44362 44362 44362 44362 44362 44362 40726 23938 12897 12897 12897 12897 12897 12897 12897 12897 12897 12897 12897 12897 12897 12897 12897 12897 12897 5641 
17315 17315 17315 17315 17315 17315 17315 17315 17315 17315 17315 17315 17315 17315 17315 17315 17315 10375 40032 40032 40032 40032 40032 40032 40032 40032 26576 26600 26600 26600 26600 26600 26600 26600 26600 15344 41584 41584 41584 41584 41584 41584 41584 37840 20800 17373 17373 17373 17373 17373 17373 17373 17373 17373 17373 17373 17373 17373 17373 17373 17373 17373 10009 
7164 7164 7164 7164 7164 7164 7164 7164 7164 7164 7164 7164 7164 7164 7164 7164 7164 3600 30576 30576 30576 30576 30576 30576 30576 30576 17510 26152 26152 26152 26152 26152 26152 26152 26152 15286 39718 39718 39718 39718 39718 39718 39718 36154 19534 5764 5764 5764 5764 5764 5764 5764 5764 5764 5764 5764 5764 5764 5764 5764 5764 5764 2200 
17139 17139 17139 17139 17139 17139 17139 17139 17139 17139 17139 17139 17139 17139 17139 17139 17139 10415 38856 38856 38856 38856 38856 38856 38856 38856 25868 25928 25928 25928 25928 25928 25928 25928 25928 15140 40940 40940 40940 40940 40940 40940 40940 37412 20876 17029 17029 17029 17029 17029 17029 17029 17029 17029 17029 17029 17029 17029 17029 17029 17029 17029 9881 
11847 11847 11847 11847 11847 11847 11847 11847 11847 11847 11847 11847 11847 11847 11847 11847 11847 4727 35512 35512 35512 35512 35512 35512 35512 35512 21666 23904 23904 23904 23904 23904 23904 23904 23904 12258 19378 19378 19378 19378 19378 19378 19378 15454 6298 12073 12073 12073 12073 12073 12073 12073 12073 12073 12073 12073 12073 12073 12073 12073 12073 12073 4529 
]

ExternalWorkerWithSkillOnStintCost: [
16020 12840 13530 12450 16470 15810 15540 12180 13260 16740 14820 15120 17280 14160 17460 13140 16020 2688 41688 32328 37224 30528 32904 30816 38232 39744 23184 41400 36360 42840 30024 35856 39240 41472 33768 22656 46368 44268 40068 41916 40404 43680 49812 44772 25104 14010 12630 16830 15900 14700 12120 14730 13140 17430 13260 14880 13890 16020 14910 16950 13380 12180 2676 
12870 15360 13080 15840 17460 13530 16350 16020 16800 17250 16350 17520 17490 17310 17880 17670 14040 2604 34632 30024 40032 32400 33408 42912 39960 32616 20256 40968 34344 30240 37008 40968 33984 31032 35208 25200 39480 38220 39984 40656 34944 47460 36876 42420 21216 13110 15720 16950 15720 13590 15120 13980 12780 17430 12990 15600 14460 12030 15300 16050 14520 15450 3072 
]

OverlappingStints: [
[ 19 28 37 46 ]
[ 19 28 37 47 ]
[ 19 20 28 29 37 38 48 ]
[ 20 29 37 38 49 ]
[ 20 21 29 30 38 39 50 ]
[ 21 30 38 39 51 ]
[ 21 22 30 31 39 40 52 ]
[ 22 31 39 40 53 ]
[ 22 23 31 32 40 41 54 ]
[ 23 32 40 41 55 ]
[ 23 24 32 33 41 42 56 ]
[ 24 33 41 42 57 ]
[ 24 25 33 34 42 43 58 ]
[ 25 34 42 43 59 ]
[ 25 26 34 35 43 44 60 ]
[ 26 35 43 44 61 ]
[ 26 27 35 36 44 45 62 ]
[ 27 36 44 45 63 ]
[ 20 28 29 37 38 46 47 48 ]
[ 21 28 29 30 37 38 39 48 49 50 ]
[ 22 29 30 31 38 39 40 50 51 52 ]
[ 23 30 31 32 39 40 41 52 53 54 ]
[ 24 31 32 33 40 41 42 54 55 56 ]
[ 25 32 33 34 41 42 43 56 57 58 ]
[ 26 33 34 35 42 43 44 58 59 60 ]
[ 27 34 35 36 43 44 45 60 61 62 ]
[ 35 36 44 45 62 63 ]
[ 29 37 38 46 47 48 ]
[ 30 37 38 39 48 49 50 ]
[ 31 38 39 40 50 51 52 ]
[ 32 39 40 41 52 53 54 ]
[ 33 40 41 42 54 55 56 ]
[ 34 41 42 43 56 57 58 ]
[ 35 42 43 44 58 59 60 ]
[ 36 43 44 45 60 61 62 ]
[ 44 45 62 63 ]
[ 38 46 47 48 49 ]
[ 39 48 49 50 51 ]
[ 40 50 51 52 53 ]
[ 41 52 53 54 55 ]
[ 42 54 55 56 57 ]
[ 43 56 57 58 59 ]
[ 44 58 59 60 61 ]
[ 45 60 61 62 63 ]
[ 62 63 ]
[ ]
[ ]
[ ]
[ ]
[ ]
[ ]
[ ]
[ ]
[ ]
[ ]
[ ]
[ ]
[ ]
[ ]
[ ]
[ ]
[ ]
[ ]
]

EmployeesWithSkill: [
[ 1 2 3 4 5 6 7 8 9 10 11 12 13 14 15 16 17 18 19 20 21 22 23 24 25 26 27 28 29 30 ]
[ 1 2 4 5 7 8 9 10 11 12 13 14 16 17 18 19 20 22 24 25 28 29 30 ]
]

SkillDemandInActivityWithMode: [
0	0	0	
4	7	3	
15	24	10	
15	24	10	
15	24	10	
4	7	3	
15	24	10	
5	9	4	
15	24	10	
15	24	10	
19	30	13	
19	30	13	
5	9	4	
19	30	13	
6	10	4	
10	16	7	
0	0	0	
25	39	17	
21	33	14	
11	18	8	
25	39	17	
11	18	8	
11	18	8	
21	33	14	
14	22	10	
21	33	14	
13	21	9	
21	33	14	
21	33	14	
21	33	14	
11	18	8	
11	18	8	
7	12	5	
0	0	0	
3	6	2	
4	7	3	
5	9	4	
5	9	4	
7	12	5	
4	7	3	
7	12	5	
2	4	2	
2	4	2	
6	10	4	
5	9	4	
6	10	4	
2	4	2	
2	4	2	
7	12	5	
5	9	4	
1	3	1	
5	9	4	
4	7	3	
5	9	4	
5	9	4	
2	4	2	
3	6	2	
5	9	4	
5	9	4	
6	10	4	
3	6	2	
5	9	4	
3	6	2	
0	0	0	
2	4	2	
2	4	2	
1	3	1	
2	4	2	
1	3	1	
2	4	2	
3	6	2	
3	6	2	
3	6	2	
1	3	1	
1	3	1	
3	6	2	
3	6	2	
1	3	1	
3	6	2	
1	3	1	
3	6	2	
2	4	2	
2	4	2	
4	7	3	
0	0	0	
1	3	1	
1	3	1	
1	3	1	
1	3	1	
1	3	1	
1	3	1	
1	3	1	
1	3	1	
1	3	1	
1	3	1	
1	3	1	
1	3	1	
1	3	1	
1	3	1	
1	3	1	
1	3	1	
1	3	1	
1	3	1	
1	3	1	
1	3	1	
1	3	1	
1	3	1	
1	3	1	
1	3	1	
1	3	1	
1	3	1	
1	3	1	
1	3	1	
1	3	1	
1	3	1	
1	3	1	
1	3	1	

0	0	0	
1	3	1	
5	9	4	
5	9	4	
5	9	4	
1	3	1	
5	9	4	
1	3	1	
5	9	4	
5	9	4	
7	12	5	
7	12	5	
1	3	1	
7	12	5	
2	4	2	
3	6	2	
0	0	0	
0	1	0	
0	1	0	
0	1	0	
0	1	0	
0	1	0	
0	1	0	
0	1	0	
0	1	0	
0	1	0	
0	1	0	
0	1	0	
0	1	0	
0	1	0	
0	1	0	
0	1	0	
0	1	0	
0	0	0	
0	1	0	
0	1	0	
0	1	0	
0	1	0	
1	3	1	
0	1	0	
1	3	1	
0	1	0	
0	1	0	
1	3	1	
0	1	0	
1	3	1	
0	1	0	
0	1	0	
1	3	1	
0	1	0	
0	1	0	
0	1	0	
0	1	0	
0	1	0	
0	1	0	
0	1	0	
0	1	0	
0	1	0	
0	1	0	
0	1	0	
0	1	0	
0	1	0	
0	1	0	
0	0	0	
9	15	6	
7	12	5	
3	6	2	
9	15	6	
1	3	1	
7	12	5	
14	22	10	
11	18	8	
12	19	8	
2	4	2	
3	6	2	
14	22	10	
11	18	8	
4	7	3	
14	22	10	
3	6	2	
14	22	10	
6	10	4	
10	16	7	
17	27	12	
0	0	0	
1	3	1	
2	4	2	
1	3	1	
1	3	1	
2	4	2	
4	7	3	
2	4	2	
2	4	2	
1	3	1	
0	1	0	
0	1	0	
2	4	2	
2	4	2	
3	6	2	
3	6	2	
2	4	2	
2	4	2	
0	1	0	
1	3	1	
3	6	2	
2	4	2	
1	3	1	
3	6	2	
3	6	2	
3	6	2	
3	6	2	
3	6	2	
2	4	2	
3	6	2	
0	1	0	
0	1	0	
2	4	2	

]

EmployeeAvailability: [
1 0 1 1 1 1 1 1 1 1 1 1 1 1 1 1 1 1 0 1 1 1 1 1 1 1 1 0 1 1 1 1 1 1 1 1 0 1 1 1 1 1 1 1 1 1 0 1 1 1 1 1 1 1 1 1 1 1 1 1 1 1 1 
1 1 1 1 1 1 1 1 1 1 1 1 1 1 1 1 1 1 1 0 1 1 1 1 1 1 1 1 0 1 1 1 1 1 1 1 1 0 1 1 1 1 1 1 1 1 1 1 1 1 1 1 1 1 1 1 1 1 1 1 1 1 1 
1 1 1 1 1 1 1 1 1 1 1 1 1 1 1 1 1 1 1 1 1 1 1 1 1 1 1 1 1 1 1 1 1 1 1 1 1 1 1 1 1 1 1 1 1 1 1 1 1 1 1 1 1 1 1 1 1 1 1 1 1 1 1 
1 1 1 1 1 1 1 1 1 1 1 1 1 1 1 1 1 1 1 1 1 1 1 1 1 1 1 1 1 1 1 1 1 1 1 1 1 1 1 1 1 1 1 1 1 1 1 1 1 1 1 1 1 1 1 1 1 1 1 1 1 1 1 
1 1 1 1 1 1 1 1 1 1 1 1 1 1 1 1 1 1 1 1 1 1 1 1 1 1 1 1 1 1 1 1 1 1 1 1 1 1 1 1 1 1 1 1 1 1 1 1 1 1 1 1 1 1 1 1 1 1 1 1 1 1 1 
1 1 1 1 1 1 1 1 1 1 1 0 1 1 1 1 1 1 1 1 1 1 1 0 1 1 1 1 1 1 1 1 0 1 1 1 1 1 1 1 1 0 1 1 1 1 1 1 1 1 1 1 1 1 1 1 0 1 1 1 1 1 1 
1 1 1 0 1 1 1 1 1 1 1 1 1 1 1 1 1 1 1 0 1 1 1 1 1 1 1 1 0 1 1 1 1 1 1 1 1 0 1 1 1 0 1 1 1 1 1 1 0 1 1 1 1 1 1 1 1 1 1 1 1 1 1 
1 1 1 1 1 1 1 1 1 1 1 1 1 1 1 1 1 1 1 1 1 1 1 1 1 1 1 1 1 1 1 1 1 1 1 1 1 1 1 1 1 1 1 1 1 1 1 1 1 1 1 1 1 1 1 1 1 1 1 1 1 1 1 
1 1 1 1 1 1 1 1 1 1 1 1 1 1 1 1 1 1 1 1 1 1 1 1 1 1 1 1 1 1 1 1 1 1 1 1 1 1 1 1 1 1 1 1 1 1 1 1 1 1 1 1 1 1 1 1 1 1 1 1 1 1 1 
1 1 1 1 1 1 1 1 1 1 1 1 1 1 1 0 1 1 1 1 1 1 0 1 1 0 1 1 1 1 1 0 1 1 0 1 1 1 1 1 0 1 1 0 1 1 1 1 1 1 1 1 1 1 1 1 1 1 1 1 0 1 1 
1 1 1 1 1 0 1 1 1 1 1 1 1 1 1 1 1 1 1 1 0 1 1 1 1 1 1 1 1 0 1 1 1 1 1 1 1 1 0 1 1 1 1 1 1 1 1 1 1 1 0 1 1 1 1 1 1 1 1 1 1 1 1 
1 1 1 1 1 1 1 1 1 1 1 1 1 1 1 1 1 1 1 1 1 1 1 1 1 1 1 1 1 1 1 1 1 1 1 1 1 1 1 1 1 1 1 1 1 1 1 1 1 1 1 1 1 1 1 1 1 1 1 1 1 1 1 
1 1 1 1 1 1 1 1 1 1 1 1 1 1 1 1 1 1 1 1 1 1 1 1 1 1 1 1 1 1 1 1 1 1 1 1 1 1 1 1 1 1 1 1 1 1 1 1 1 1 1 1 1 1 1 1 1 1 1 1 1 1 1 
1 1 1 1 1 1 0 1 1 1 1 1 1 1 1 1 1 1 1 1 1 0 1 1 1 1 1 1 1 1 0 1 1 1 1 1 1 1 1 0 1 1 1 1 1 1 1 1 1 1 1 0 1 1 1 1 1 1 1 1 1 1 1 
1 1 1 1 1 1 1 1 1 1 1 1 1 1 1 1 1 1 1 1 1 1 1 1 1 1 1 1 1 1 1 1 1 1 1 1 1 1 1 1 1 1 1 1 1 1 1 1 1 1 1 1 1 1 1 1 1 1 1 1 1 1 1 
1 1 1 1 0 1 1 1 1 1 1 1 1 1 1 1 1 1 1 1 0 1 1 1 1 1 1 1 1 0 1 1 1 1 1 1 1 1 0 1 1 1 1 1 1 1 1 1 1 0 1 1 1 1 1 1 1 1 1 1 1 1 1 
1 1 1 1 1 0 1 1 1 1 1 1 1 0 1 1 1 1 1 1 0 1 1 1 0 1 1 1 1 0 1 1 1 0 1 1 1 1 0 1 1 1 0 1 1 1 1 1 1 1 0 1 1 1 1 1 1 1 0 1 1 1 1 
0 1 1 0 1 1 1 1 1 1 1 1 1 1 1 1 1 1 0 0 1 1 1 1 1 1 1 0 0 1 1 1 1 1 1 1 0 0 1 1 1 1 1 1 1 0 1 1 0 1 1 1 1 1 1 1 1 1 1 1 1 1 1 
1 1 1 1 1 0 1 1 1 1 1 1 0 1 1 1 1 1 1 1 0 1 1 1 0 1 1 1 1 0 1 1 1 0 1 1 1 1 0 1 1 1 0 1 1 1 1 1 1 1 0 1 1 1 1 1 1 0 1 1 1 1 1 
1 1 1 1 1 0 1 1 0 1 1 1 1 1 1 1 1 1 1 1 0 1 0 1 1 1 1 1 1 0 1 0 1 1 1 1 1 1 0 1 0 1 1 1 1 1 1 1 1 1 0 1 1 0 1 1 1 1 1 1 1 1 1 
1 1 1 1 1 1 1 1 1 1 1 1 1 1 1 1 1 1 1 1 1 1 1 1 1 1 1 1 1 1 1 1 1 1 1 1 1 1 1 1 1 1 1 1 1 1 1 1 1 1 1 1 1 1 1 1 1 1 1 1 1 1 1 
1 1 1 1 1 1 1 0 1 1 1 1 1 1 1 1 1 1 1 1 1 0 1 0 1 1 1 1 1 1 0 1 0 1 1 1 1 1 1 0 1 0 1 1 1 1 1 1 1 1 1 1 0 1 1 1 1 1 1 1 1 1 1 
1 1 1 1 1 1 1 1 1 1 1 1 1 1 1 1 1 1 1 1 1 1 1 1 1 1 1 1 1 1 1 1 1 1 1 1 1 1 1 1 1 1 1 1 1 1 1 1 1 1 1 1 1 1 1 1 1 1 1 1 1 1 1 
1 1 1 1 1 1 1 1 1 1 1 1 1 1 1 1 1 1 1 1 1 1 1 1 1 1 1 1 1 1 1 1 1 1 1 1 1 1 1 1 1 1 1 1 1 1 1 1 1 1 1 1 1 1 1 1 1 1 1 1 1 1 1 
1 1 1 1 1 1 0 1 1 1 1 1 1 1 1 1 1 1 1 1 1 0 1 1 1 1 1 1 1 1 0 1 1 1 1 1 1 1 1 0 1 1 1 1 1 1 1 1 1 1 1 0 1 1 1 1 1 1 1 1 1 1 1 
1 1 0 1 1 1 1 1 1 1 1 1 1 1 1 1 1 1 0 0 1 1 1 1 1 1 1 0 0 1 1 1 1 1 1 1 0 0 1 0 1 1 1 1 1 1 1 0 1 1 1 1 1 1 1 1 1 1 1 1 1 1 1 
1 0 1 1 1 1 1 1 0 1 1 1 1 1 1 1 1 1 0 1 1 1 0 1 1 1 1 0 1 1 1 0 1 1 1 1 0 1 1 1 0 1 1 1 1 1 0 1 1 1 1 1 1 0 1 1 1 1 1 1 1 1 1 
1 1 0 1 1 1 1 1 1 1 1 1 1 1 1 1 1 1 1 0 1 1 1 1 1 1 1 1 0 1 1 1 1 1 1 1 1 0 1 1 1 1 1 1 1 1 1 0 1 1 1 1 1 1 1 1 1 1 1 1 1 1 1 
1 1 1 0 1 1 1 1 1 1 1 1 1 1 1 1 1 1 1 0 1 1 0 1 1 1 1 1 0 1 1 0 1 1 1 1 1 0 1 1 0 1 1 1 1 1 1 1 0 1 1 1 1 1 1 1 1 1 1 1 1 1 1 
1 1 1 1 1 1 1 1 1 1 1 1 1 1 1 1 1 1 1 1 1 1 1 1 1 1 1 1 1 1 1 1 1 1 1 1 1 1 1 1 1 1 1 1 1 1 1 1 1 1 1 1 1 1 1 1 1 1 1 1 1 1 1 
]

EmployeeWantedInStint: [ (1 46) 1 (1 58) 1 (2 33) 1 (4 21) 1 (4 41) 1 (5 20) 1 (5 47) 1 (6 6) 1 (6 62) 1 (7 57) 1 (9 10) 1 (10 8) 1 (10 9) 1 (10 58) 1 (11 42) 1 (11 58) 1 (12 37) 1 (13 7) 1 (14 51) 1 (15 33) 1 (16 6) 1 (17 16) 1 (17 58) 1 (20 42) 1 (22 6) 1 (22 49) 1 (22 54) 1 (23 9) 1 (23 56) 1 (24 24) 1 (24 37) 1 (24 53) 1 (25 43) 1 (25 44) 1 (27 23) 1 (27 43) 1 (27 46) 1 ]

EmployeeWantedViolationCost: [ (1 46) 11000 (1 58) 8000 (2 33) 7000 (4 21) 6000 (4 41) 11000 (5 20) 9000 (5 47) 12000 (6 6) 11000 (6 62) 9000 (7 57) 9000 (9 10) 7000 (10 8) 5000 (10 9) 13000 (10 58) 12000 (11 42) 10000 (11 58) 8000 (12 37) 14000 (13 7) 12000 (14 51) 5000 (15 33) 5000 (16 6) 7000 (17 16) 14000 (17 58) 11000 (20 42) 15000 (22 6) 9000 (22 49) 14000 (22 54) 11000 (23 9) 11000 (23 56) 13000 (24 24) 5000 (24 37) 13000 (24 53) 11000 (25 43) 9000 (25 44) 11000 (27 23) 12000 (27 43) 8000 (27 46) 13000 ]

EmployeesThatShouldNotWorkTogetherWithEmployee: [
[ ]
[ ]
[ ]
[ 9 13 ]
[ 16 ]
[ ]
[ 21 ]
[ ]
[ ]
[ ]
[ ]
[ 14 19 ]
[ ]
[ 29 ]
[ 22 25 ]
[ ]
[ 21 26 27 ]
[ ]
[ 25 ]
[ ]
[ ]
[ 27 ]
[ ]
[ ]
[ ]
[ ]
[ ]
[ ]
[ ]
[ ]
]

ShouldNotWorkTogetherCost: [ (4 9) 99 (4 13) 297 (5 16) 396 (7 21) 297 (12 14) 198 (12 19) 99 (14 29) 396 (15 22) 396 (15 25) 99 (17 21) 99 (17 26) 99 (17 27) 297 (19 25) 396 (22 27) 297 ]

ImmediatePredecessorsToActivity: [
[ ]
[ 1 ]
[ 1 ]
[ 2 ]
[ 1 ]
[ 3 ]
[ 3 ]
[ 3 5 ]
[ 8 ]
[ 7 ]
[ 4 7 ]
[ 9 ]
[ 1 ]
[ 10 ]
[ 7 13 ]
[ 5 13 ]
[ ]
[ 17 ]
[ 17 ]
[ 17 ]
[ 20 ]
[ 17 ]
[ 19 20 ]
[ 19 20 ]
[ 24 ]
[ 19 20 22 ]
[ 24 ]
[ 25 27 ]
[ 23 ]
[ 21 23 24 ]
[ 19 ]
[ 18 23 27 ]
[ 21 26 ]
[ ]
[ 34 ]
[ 34 ]
[ 35 ]
[ 34 ]
[ 38 ]
[ 34 ]
[ 37 40 ]
[ 40 ]
[ 39 ]
[ 42 43 ]
[ 42 43 ]
[ 36 38 43 ]
[ 40 ]
[ 36 40 ]
[ 41 42 46 47 ]
[ 35 36 ]
[ 34 ]
[ 35 38 ]
[ 42 43 50 52 ]
[ 38 41 ]
[ 41 47 50 ]
[ 50 ]
[ 48 50 ]
[ 41 43 52 ]
[ 41 50 52 ]
[ 36 37 40 44 52 ]
[ 37 47 ]
[ 36 54 ]
[ 39 48 50 ]
[ ]
[ 64 ]
[ 65 ]
[ 65 ]
[ 66 ]
[ 64 ]
[ 68 ]
[ 70 ]
[ 66 70 ]
[ 67 70 ]
[ 64 ]
[ 64 ]
[ 66 ]
[ 68 ]
[ 65 75 ]
[ 70 74 75 76 ]
[ 66 ]
[ 68 ]
[ 68 76 ]
[ 70 76 ]
[ 77 ]
[ ]
[ 85 ]
[ 85 ]
[ 85 ]
[ 87 ]
[ 86 87 88 ]
[ 89 ]
[ 88 89 ]
[ 90 91 ]
[ 90 ]
[ 85 ]
[ 85 ]
[ 92 93 ]
[ 93 96 ]
[ 86 96 ]
[ 86 88 96 ]
[ 93 ]
[ 89 96 ]
[ 85 ]
[ 90 ]
[ 92 93 ]
[ 87 88 93 103 104 ]
[ 90 91 ]
[ 104 ]
[ 93 103 104 107 ]
[ 104 107 ]
[ 91 92 ]
[ 104 ]
[ 85 ]
[ 86 92 103 113 ]
[ 86 ]
[ 85 ]
[ 87 96 113 ]
]

ActivitiesInProject: [
[ 1 2 3 4 5 6 7 8 9 10 11 12 13 14 15 16 ]
[ 17 18 19 20 21 22 23 24 25 26 27 28 29 30 31 32 33 ]
[ 34 35 36 37 38 39 40 41 42 43 44 45 46 47 48 49 50 51 52 53 54 55 56 57 58 59 60 61 62 63 ]
[ 64 65 66 67 68 69 70 71 72 73 74 75 76 77 78 79 80 81 82 83 84 ]
[ 85 86 87 88 89 90 91 92 93 94 95 96 97 98 99 100 101 102 103 104 105 106 107 108 109 110 111 112 113 114 115 116 117 ]
]

nActivityModes: [ 3 3 3 3 3 3 3 3 3 3 3 3 3 3 3 3 3 3 3 3 3 3 3 3 3 3 3 3 3 3 3 3 3 3 3 3 3 3 3 3 3 3 3 3 3 3 3 3 3 3 3 3 3 3 3 3 3 3 3 3 3 3 3 3 3 3 3 3 3 3 3 3 3 3 3 3 3 3 3 3 3 3 3 3 3 3 3 3 3 3 3 3 3 3 3 3 3 3 3 3 3 3 3 3 3 3 3 3 3 3 3 3 3 3 3 3 3 ]

ActivitiyDurationWithMode: [
1	1	1	
22	15	30	
5	4	7	
5	4	7	
5	4	7	
20	14	27	
5	4	7	
16	11	22	
5	4	7	
5	4	7	
4	3	6	
4	3	6	
15	10	20	
4	3	6	
13	9	18	
8	6	11	
1	1	1	
5	4	7	
6	4	8	
12	8	16	
5	4	7	
11	8	15	
12	8	16	
6	4	8	
9	6	12	
6	4	8	
10	7	14	
6	4	8	
6	4	8	
6	4	8	
12	8	16	
11	8	15	
18	12	24	
1	1	1	
22	15	30	
14	10	19	
10	7	14	
10	7	14	
8	6	11	
13	9	18	
8	6	11	
42	28	56	
36	24	48	
9	6	12	
12	8	16	
9	6	12	
37	25	50	
31	21	42	
8	6	11	
11	8	15	
63	42	84	
10	7	14	
13	9	18	
12	8	16	
12	8	16	
36	24	48	
18	12	24	
10	7	14	
10	7	14	
9	6	12	
18	12	24	
11	8	15	
22	15	30	
1	1	1	
11	8	15	
13	9	18	
33	22	44	
11	8	15	
54	36	72	
13	9	18	
7	5	10	
9	6	12	
8	6	11	
42	28	56	
31	21	42	
7	5	10	
9	6	12	
25	17	34	
7	5	10	
30	20	40	
7	5	10	
17	12	23	
10	7	14	
6	4	8	
1	1	1	
25	17	34	
12	8	16	
28	19	38	
17	12	23	
13	9	18	
7	5	10	
11	8	15	
12	8	16	
22	15	30	
61	41	82	
54	36	72	
12	8	16	
13	9	18	
9	6	12	
9	6	12	
12	8	16	
12	8	16	
34	23	46	
15	10	20	
8	6	11	
10	7	14	
15	10	20	
8	6	11	
8	6	11	
8	6	11	
9	6	12	
8	6	11	
10	7	14	
8	6	11	
37	25	50	
61	41	82	
10	7	14	
]
StintsInProject: [
[ 1 2 3 4 5 6 7 8 9 10 11 12 13 14 15 16 17 18 ]
[ 19 20 21 22 23 24 25 26 27 ]
[ 28 29 30 31 32 33 34 35 36 ]
[ 37 38 39 40 41 42 43 44 45 ]
[ 46 47 48 49 50 51 52 53 54 55 56 57 58 59 60 61 62 63 ]
]

WorkingStintsOnDay: [
[ 1 19 28 37 46 ]
[ 1 19 28 37 46 ]
[ 1 19 28 37 46 ]
[ 1 19 28 37 46 ]
[ 1 19 28 37 46 ]
[ 19 28 37 ]
[ 19 28 37 ]
[ 2 19 28 37 47 ]
[ 2 19 28 37 47 ]
[ 2 19 28 37 47 ]
[ 2 19 28 37 47 ]
[ 2 19 28 37 47 ]
[ 37 ]
[ 37 ]
[ 3 20 29 38 48 ]
[ 3 20 29 38 48 ]
[ 3 20 29 38 48 ]
[ 3 20 29 38 48 ]
[ 3 20 29 38 48 ]
[ 20 29 38 ]
[ 20 29 38 ]
[ 4 20 29 38 49 ]
[ 4 20 29 38 49 ]
[ 4 20 29 38 49 ]
[ 4 20 29 38 49 ]
[ 4 20 29 38 49 ]
[ 38 ]
[ 38 ]
[ 5 21 30 39 50 ]
[ 5 21 30 39 50 ]
[ 5 21 30 39 50 ]
[ 5 21 30 39 50 ]
[ 5 21 30 39 50 ]
[ 21 30 39 ]
[ 21 30 39 ]
[ 6 21 30 39 51 ]
[ 6 21 30 39 51 ]
[ 6 21 30 39 51 ]
[ 6 21 30 39 51 ]
[ 6 21 30 39 51 ]
[ 39 ]
[ 39 ]
[ 7 22 31 40 52 ]
[ 7 22 31 40 52 ]
[ 7 22 31 40 52 ]
[ 7 22 31 40 52 ]
[ 7 22 31 40 52 ]
[ 22 31 40 ]
[ 22 31 40 ]
[ 8 22 31 40 53 ]
[ 8 22 31 40 53 ]
[ 8 22 31 40 53 ]
[ 8 22 31 40 53 ]
[ 8 22 31 40 53 ]
[ 40 ]
[ 40 ]
[ 9 23 32 41 54 ]
[ 9 23 32 41 54 ]
[ 9 23 32 41 54 ]
[ 9 23 32 41 54 ]
[ 9 23 32 41 54 ]
[ 23 32 41 ]
[ 23 32 41 ]
[ 10 23 32 41 55 ]
[ 10 23 32 41 55 ]
[ 10 23 32 41 55 ]
[ 10 23 32 41 55 ]
[ 10 23 32 41 55 ]
[ 41 ]
[ 41 ]
[ 11 24 33 42 56 ]
[ 11 24 33 42 56 ]
[ 11 24 33 42 56 ]
[ 11 24 33 42 56 ]
[ 11 24 33 42 56 ]
[ 24 33 42 ]
[ 24 33 42 ]
[ 12 24 33 42 57 ]
[ 12 24 33 42 57 ]
[ 12 24 33 42 57 ]
[ 12 24 33 42 57 ]
[ 12 24 33 42 57 ]
[ 42 ]
[ 42 ]
[ 13 25 34 43 58 ]
[ 13 25 34 43 58 ]
[ 13 25 34 43 58 ]
[ 13 25 34 43 58 ]
[ 13 25 34 43 58 ]
[ 25 34 43 ]
[ 25 34 43 ]
[ 14 25 34 43 59 ]
[ 14 25 34 43 59 ]
[ 14 25 34 43 59 ]
[ 14 25 34 43 59 ]
[ 14 25 34 43 59 ]
[ 43 ]
[ 43 ]
[ 15 26 35 44 60 ]
[ 15 26 35 44 60 ]
[ 15 26 35 44 60 ]
[ 15 26 35 44 60 ]
[ 15 26 35 44 60 ]
[ 26 35 44 ]
[ 26 35 44 ]
[ 16 26 35 44 61 ]
[ 16 26 35 44 61 ]
[ 16 26 35 44 61 ]
[ 16 26 35 44 61 ]
[ 16 26 35 44 61 ]
[ 44 ]
[ 44 ]
[ 17 27 36 45 62 ]
[ 17 27 36 45 62 ]
[ 17 27 36 45 62 ]
[ 17 27 36 45 62 ]
[ 17 27 36 45 62 ]
[ 27 36 45 ]
[ 27 36 45 ]
[ 18 27 36 45 63 ]
]

ProjectStart: [ 39 25 20 26 2 ]

ProjectEnd: [ 82 73 105 85 96 ]

EarliestStartDayForActivity: [ 1 39 39 69 39 46 46 46 68 53 76 75 39 60 60 60 1 25 25 25 39 25 39 39 47 39 47 59 53 53 33 59 47 1 20 20 46 20 32 20 58 35 40 83 83 82 35 36 93 46 20 46 83 66 78 59 73 82 66 94 78 80 73 1 26 37 37 50 26 61 74 74 74 26 26 50 61 57 74 50 61 61 74 70 1 2 2 2 18 40 41 41 59 59 2 2 75 76 76 76 75 76 2 59 75 80 59 80 80 80 58 80 2 58 37 2 76 ]

LatestStartDayForActivity: [ 1 82 82 82 82 82 82 82 82 82 82 82 82 82 82 82 1 73 73 73 73 73 73 73 73 73 73 73 73 73 73 73 73 1 105 105 105 105 105 105 105 105 105 105 105 105 105 105 105 105 105 105 105 105 105 105 105 105 105 105 105 105 105 1 85 85 85 85 85 85 85 85 85 85 85 85 85 85 85 85 85 85 85 85 1 96 96 96 96 96 96 96 96 96 96 96 96 96 96 96 96 96 96 96 96 96 96 96 96 96 96 96 96 96 96 96 96 ]

EquipmentTypeDemandInActivityWithMode: [
0	0	0	
1	3	1	
1	3	1	
2	4	2	
0	1	0	
1	3	1	
0	1	0	
0	1	0	
0	1	0	
0	1	0	
0	1	0	
1	3	1	
0	1	0	
1	3	1	
1	3	1	
2	4	2	
0	0	0	
0	1	0	
0	1	0	
0	1	0	
0	1	0	
1	3	1	
1	3	1	
2	4	2	
1	3	1	
0	1	0	
1	3	1	
0	1	0	
0	1	0	
0	1	0	
2	4	2	
0	1	0	
2	4	2	
0	0	0	
0	1	0	
0	1	0	
0	1	0	
0	1	0	
0	1	0	
0	1	0	
1	3	1	
2	4	2	
0	1	0	
1	3	1	
1	3	1	
1	3	1	
0	1	0	
0	1	0	
1	3	1	
1	3	1	
0	1	0	
2	4	2	
0	1	0	
0	1	0	
0	1	0	
2	4	2	
0	1	0	
0	1	0	
0	1	0	
0	1	0	
0	1	0	
0	1	0	
1	3	1	
0	0	0	
0	1	0	
0	1	0	
0	1	0	
0	1	0	
1	3	1	
0	1	0	
0	1	0	
0	1	0	
0	1	0	
0	1	0	
1	3	1	
0	1	0	
0	1	0	
0	1	0	
0	1	0	
0	1	0	
0	1	0	
1	3	1	
1	3	1	
1	3	1	
0	0	0	
0	1	0	
1	3	1	
1	3	1	
0	1	0	
0	1	0	
1	3	1	
1	3	1	
1	3	1	
0	1	0	
0	1	0	
0	1	0	
1	3	1	
1	3	1	
0	1	0	
0	1	0	
1	3	1	
0	1	0	
0	1	0	
1	3	1	
0	1	0	
0	1	0	
1	3	1	
1	3	1	
0	1	0	
0	1	0	
0	1	0	
0	1	0	
1	3	1	
0	1	0	
1	3	1	
1	3	1	
0	1	0	

0	0	0	
0	1	0	
1	3	1	
0	1	0	
1	3	1	
0	1	0	
1	3	1	
0	1	0	
0	1	0	
0	1	0	
0	1	0	
0	1	0	
1	3	1	
0	1	0	
1	3	1	
0	1	0	
0	0	0	
1	3	1	
1	3	1	
1	3	1	
0	1	0	
1	3	1	
1	3	1	
0	1	0	
0	1	0	
2	4	2	
0	1	0	
1	3	1	
1	3	1	
0	1	0	
0	1	0	
0	1	0	
0	1	0	
0	0	0	
0	1	0	
0	1	0	
1	3	1	
1	3	1	
0	1	0	
0	1	0	
1	3	1	
0	1	0	
0	1	0	
0	1	0	
0	1	0	
1	3	1	
0	1	0	
1	3	1	
1	3	1	
0	1	0	
1	3	1	
0	1	0	
0	1	0	
0	1	0	
1	3	1	
1	3	1	
0	1	0	
0	1	0	
0	1	0	
0	1	0	
0	1	0	
2	4	2	
0	1	0	
0	0	0	
0	1	0	
0	1	0	
0	1	0	
1	3	1	
1	3	1	
1	3	1	
0	1	0	
1	3	1	
0	1	0	
1	3	1	
0	1	0	
0	1	0	
0	1	0	
1	3	1	
0	1	0	
0	1	0	
1	3	1	
0	1	0	
0	1	0	
0	1	0	
0	0	0	
0	1	0	
0	1	0	
1	3	1	
0	1	0	
0	1	0	
1	3	1	
0	1	0	
2	4	2	
0	1	0	
0	1	0	
0	1	0	
0	1	0	
1	3	1	
0	1	0	
0	1	0	
1	3	1	
0	1	0	
1	3	1	
0	1	0	
0	1	0	
0	1	0	
1	3	1	
0	1	0	
0	1	0	
0	1	0	
1	3	1	
0	1	0	
1	3	1	
0	1	0	
0	1	0	
1	3	1	
0	1	0	

0	0	0	
0	1	0	
0	1	0	
0	1	0	
2	4	2	
0	1	0	
0	1	0	
0	1	0	
0	1	0	
1	3	1	
0	1	0	
1	3	1	
0	1	0	
0	1	0	
0	1	0	
1	3	1	
0	0	0	
2	4	2	
0	1	0	
0	1	0	
0	1	0	
0	1	0	
0	1	0	
0	1	0	
0	1	0	
0	1	0	
0	1	0	
0	1	0	
1	3	1	
0	1	0	
0	1	0	
1	3	1	
0	1	0	
0	0	0	
0	1	0	
2	4	2	
1	3	1	
0	1	0	
0	1	0	
0	1	0	
1	3	1	
1	3	1	
0	1	0	
1	3	1	
1	3	1	
0	1	0	
0	1	0	
1	3	1	
0	1	0	
1	3	1	
2	4	2	
0	1	0	
2	4	2	
1	3	1	
1	3	1	
0	1	0	
1	3	1	
1	3	1	
2	4	2	
0	1	0	
1	3	1	
2	4	2	
0	1	0	
0	0	0	
0	1	0	
1	3	1	
1	3	1	
0	1	0	
1	3	1	
1	3	1	
0	1	0	
0	1	0	
1	3	1	
0	1	0	
0	1	0	
1	3	1	
0	1	0	
1	3	1	
2	4	2	
0	1	0	
0	1	0	
1	3	1	
0	1	0	
0	1	0	
0	0	0	
0	1	0	
0	1	0	
0	1	0	
1	3	1	
0	1	0	
1	3	1	
1	3	1	
0	1	0	
0	1	0	
0	1	0	
0	1	0	
0	1	0	
0	1	0	
1	3	1	
1	3	1	
1	3	1	
0	1	0	
1	3	1	
1	3	1	
0	1	0	
0	1	0	
0	1	0	
1	3	1	
2	4	2	
0	1	0	
1	3	1	
0	1	0	
0	1	0	
2	4	2	
1	3	1	
2	4	2	
0	1	0	

]

ExternalEquipmentRentingCost: [
1811	4806	3476	4507	3450	3297	5821	1551	2594	5586	5712	4139	2382	4638	5176	4390	3860	5977	5258	3439	2594	2738	3877	1971	4030	2724	3728	2431	1912	3419	1716	2012	3374	1603	2990	2793	4826	1203	5509	4369	2344	4537	2825	2409	5039	3480	1044	1437	3575	4628	1904	2370	4621	5965	1351	4459	1066	5434	2867	3982	4862	1124	2208	3053	2299	2653	4809	3384	2001	1821	2905	2949	2516	5525	4130	4650	5493	5885	3546	1810	4353	2947	2842	5674	2835	2840	5907	1202	4328	1358	2817	1143	4657	5604	3996	5219	2126	5839	3529	3982	1678	2563	3261	5034	5286	1117	4509	2371	3287	2409	3014	2370	2780	2605	5473	4727	5971	
2099	2797	4912	4518	4827	2954	2612	1891	1726	2042	5490	2893	4789	1751	5387	4104	1848	5897	4620	2499	3754	2842	3055	1476	5677	2168	4761	4475	3312	2939	3989	3367	2523	4662	3020	2618	4293	5092	1117	1468	1546	4239	4647	5476	5813	1736	3549	2335	5485	4181	2643	5840	4196	4315	2767	4010	1222	5836	4913	5731	4152	4590	3227	5257	4177	4144	2541	5977	2803	1575	1373	2868	3592	1429	2542	3528	3324	3521	2555	3651	5241	4646	1527	4245	5230	1993	3336	2650	5464	1708	5949	4842	1409	5681	4002	2682	1541	5480	4758	1807	5694	1019	3814	2199	5861	3257	5937	3626	1692	4781	2701	1168	4918	4754	3923	4323	1692	
2192	5037	2632	2177	3585	1622	5249	1284	4442	2193	3491	5366	5129	3456	3954	1641	3709	3967	4951	1593	2191	3287	4091	4526	5283	4158	5716	1171	1346	4265	2978	2755	2677	4851	2924	5949	4280	3811	4398	5401	4983	4466	1352	1125	1529	1558	2218	5097	1506	4049	4700	1984	5290	3965	5948	2073	4585	1669	5489	3577	2791	1622	3061	4443	2039	5128	1813	4940	3249	1869	2729	2275	5448	1565	5312	4649	2377	1462	3238	3022	4120	2648	3126	3870	4766	1389	5795	3641	4320	2693	3876	2572	3996	2453	3038	5415	2276	3800	5526	2779	1777	2197	3057	2024	2989	4966	2415	2840	1019	3350	2961	5393	4873	3316	4247	5087	5008	
]

EquipmentTypeTransportationCost: [
1	3672	4030	3959	2988	
3672	1	4269	4304	3513	
4030	4269	1	3120	3958	
3959	4304	3120	1	3884	
2988	3513	3958	3884	1	

1	4481	4702	4710	3448	
4481	1	5090	5054	4174	
4702	5090	1	3646	4716	
4710	5054	3646	1	4489	
3448	4174	4716	4489	1	

1	4343	4829	4565	3557	
4343	1	5085	5041	4240	
4829	5085	1	3587	4608	
4565	5041	3587	1	4454	
3557	4240	4608	4454	1	

]

TransportationTimeForEquipmentTypeBetweenProjects: [
1	1	3	3	1	
1	1	3	3	1	
3	3	1	1	3	
3	3	1	1	1	
1	1	3	1	1	

1	1	3	3	1	
1	1	3	3	1	
3	3	1	1	3	
3	3	1	1	1	
1	1	3	1	1	

1	1	4	4	1	
1	1	4	4	1	
4	4	1	1	4	
4	4	1	1	1	
1	1	4	1	1	

]

TotalNumberOfInitialEquipmentTypeLocation: [
(1 34) 1 (1 64) 2 
(2 1) 1 (2 85) 2 
(3 1) 1 (3 17) 1 (3 34) 1 (3 85) 1 
]

DepotActivities: [ 1 17 34 64 85 ]

MaximalStintCliques: [
[ 1 19 28 37 46 ]
[ 2 19 28 37 47 ]
[ 7 39 40 52 30 21 22 31 ]
[ 8 39 53 22 31 40 ]
[ 9 40 41 54 32 22 23 31 ]
[ 10 40 41 32 55 23 ]
[ 11 33 41 42 32 24 23 56 ]
[ 12 33 41 57 42 24 ]
[ 13 33 34 42 25 58 43 24 ]
[ 14 34 25 42 43 59 ]
[ 15 34 35 43 25 26 60 44 ]
[ 16 35 26 43 44 61 ]
[ 17 35 36 44 26 27 45 62 ]
[ 18 36 27 44 45 63 ]
[ 38 51 30 21 6 39 ]
[ 38 20 29 5 50 21 30 39 ]
[ 38 20 29 37 49 4 ]
[ 38 20 29 37 3 19 28 48 ]
]
