nEmployees: 30
nSkills: 2
nProjects: 5
nDays: 120
nActivities: 118
nEquipmentTypes: 3
nStints: 63
nMaxModes: 1
nStintCliques: 18

EmployeeInStintCost: [
15252 15252 15252 15252 15252 15252 15252 15252 15252 15252 15252 15252 15252 15252 15252 15252 15252 6412 8512 8512 8512 8512 8512 8512 8512 8512 8512 8512 8512 8512 8512 8512 8512 8512 8512 4840 32192 32192 32192 32192 32192 32192 32192 28520 14900 36428 36428 36428 36428 36428 36428 36428 32756 17132 36320 36320 36320 36320 36320 36320 36320 32648 16508 
21288 21288 21288 21288 21288 21288 21288 21288 21288 21288 21288 21288 21288 21288 21288 21288 21288 12556 15733 15733 15733 15733 15733 15733 15733 15733 15733 15733 15733 15733 15733 15733 15733 15733 15733 7637 30922 30922 30922 30922 30922 30922 30922 27358 13990 36014 36014 36014 36014 36014 36014 36014 32450 17078 41002 41002 41002 41002 41002 41002 41002 37438 21550 
20476 20476 20476 20476 20476 20476 20476 20476 20476 20476 20476 20476 20476 20476 20476 20476 20476 11852 14969 14969 14969 14969 14969 14969 14969 14969 14969 14969 14969 14969 14969 14969 14969 14969 14969 6981 29476 29476 29476 29476 29476 29476 29476 26020 12904 34624 34624 34624 34624 34624 34624 34624 31168 16048 39684 39684 39684 39684 39684 39684 39684 36228 20592 
15144 15144 15144 15144 15144 15144 15144 15144 15144 15144 15144 15144 15144 15144 15144 15144 15144 6052 3924 3924 3924 3924 3924 3924 3924 3924 3924 3924 3924 3924 3924 3924 3924 3924 3924 0 33190 33190 33190 33190 33190 33190 33190 29266 15058 37402 37402 37402 37402 37402 37402 37402 33478 17266 23618 23618 23618 23618 23618 23618 23618 19694 10538 
12704 12704 12704 12704 12704 12704 12704 12704 12704 12704 12704 12704 12704 12704 12704 12704 12704 3468 16669 16669 16669 16669 16669 16669 16669 16669 16669 16669 16669 16669 16669 16669 16669 16669 16669 8069 40662 40662 40662 40662 40662 40662 40662 36594 22050 44866 44866 44866 44866 44866 44866 44866 40798 24250 42230 42230 42230 42230 42230 42230 42230 38162 21098 
18184 18184 18184 18184 18184 18184 18184 18184 18184 18184 18184 18184 18184 18184 18184 18184 18184 9524 12653 12653 12653 12653 12653 12653 12653 12653 12653 12653 12653 12653 12653 12653 12653 12653 12653 4629 18474 18474 18474 18474 18474 18474 18474 14982 6834 18474 18474 18474 18474 18474 18474 18474 14982 6834 37590 37590 37590 37590 37590 37590 37590 34098 18378 
18012 18012 18012 18012 18012 18012 18012 18012 18012 18012 18012 18012 18012 18012 18012 18012 18012 9244 12545 12545 12545 12545 12545 12545 12545 12545 12545 12545 12545 12545 12545 12545 12545 12545 12545 4413 18560 18560 18560 18560 18560 18560 18560 14960 6560 16200 16200 16200 16200 16200 16200 16200 12600 4200 37724 37724 37724 37724 37724 37724 37724 34124 18152 
21560 21560 21560 21560 21560 21560 21560 21560 21560 21560 21560 21560 21560 21560 21560 21560 21560 12684 16285 16285 16285 16285 16285 16285 16285 16285 16285 16285 16285 16285 16285 16285 16285 16285 16285 8045 31738 31738 31738 31738 31738 31738 31738 28030 14326 36846 36846 36846 36846 36846 36846 36846 33138 17430 41610 41610 41610 41610 41610 41610 41610 37902 21678 
13388 13388 13388 13388 13388 13388 13388 13388 13388 13388 13388 13388 13388 13388 13388 13388 13388 4260 11913 11913 11913 11913 11913 11913 11913 11913 11913 11913 11913 11913 11913 11913 11913 11913 11913 3421 35200 35200 35200 35200 35200 35200 35200 31240 16948 39412 39412 39412 39412 39412 39412 39412 35452 19156 36768 36768 36768 36768 36768 36768 36768 32808 15996 
13244 13244 13244 13244 13244 13244 13244 13244 13244 13244 13244 13244 13244 13244 13244 13244 13244 3900 17209 17209 17209 17209 17209 17209 17209 17209 17209 17209 17209 17209 17209 17209 17209 17209 17209 8501 41556 41556 41556 41556 41556 41556 41556 37380 22584 45768 45768 45768 45768 45768 45768 45768 41592 24792 43116 43116 43116 43116 43116 43116 43116 38940 21624 
13856 13856 13856 13856 13856 13856 13856 13856 13856 13856 13856 13856 13856 13856 13856 13856 13856 4836 11389 11389 11389 11389 11389 11389 11389 11389 11389 11389 11389 11389 11389 11389 11389 11389 11389 3005 34138 34138 34138 34138 34138 34138 34138 30286 16246 38358 38358 38358 38358 38358 38358 38358 34506 18462 21054 21054 21054 21054 21054 21054 21054 17202 8214 
12344 12344 12344 12344 12344 12344 12344 12344 12344 12344 12344 12344 12344 12344 12344 12344 12344 3468 16309 16309 16309 16309 16309 16309 16309 16309 16309 16309 16309 16309 16309 16309 16309 16309 16309 8069 39042 39042 39042 39042 39042 39042 39042 35334 21630 43246 43246 43246 43246 43246 43246 43246 39538 23830 40610 40610 40610 40610 40610 40610 40610 36902 20678 
13604 13604 13604 13604 13604 13604 13604 13604 13604 13604 13604 13604 13604 13604 13604 13604 13604 4836 11137 11137 11137 11137 11137 11137 11137 11137 11137 11137 11137 11137 11137 11137 11137 11137 11137 3005 33004 33004 33004 33004 33004 33004 33004 29404 15952 37224 37224 37224 37224 37224 37224 37224 33624 18168 19920 19920 19920 19920 19920 19920 19920 16320 7920 
13676 13676 13676 13676 13676 13676 13676 13676 13676 13676 13676 13676 13676 13676 13676 13676 13676 4836 11209 11209 11209 11209 11209 11209 11209 11209 11209 11209 11209 11209 11209 11209 11209 11209 11209 3005 33328 33328 33328 33328 33328 33328 33328 29656 16036 37548 37548 37548 37548 37548 37548 37548 33876 18252 20244 20244 20244 20244 20244 20244 20244 16572 8004 
15036 15036 15036 15036 15036 15036 15036 15036 15036 15036 15036 15036 15036 15036 15036 15036 15036 6412 8296 8296 8296 8296 8296 8296 8296 8296 8296 8296 8296 8296 8296 8296 8296 8296 8296 4840 31220 31220 31220 31220 31220 31220 31220 27764 14648 35456 35456 35456 35456 35456 35456 35456 32000 16880 35348 35348 35348 35348 35348 35348 35348 31892 16256 
17256 17256 17256 17256 17256 17256 17256 17256 17256 17256 17256 17256 17256 17256 17256 17256 17256 8092 11869 11869 11869 11869 11869 11869 11869 11869 11869 11869 11869 11869 11869 11869 11869 11869 11869 3341 31394 31394 31394 31394 31394 31394 31394 27398 13022 23782 23782 23782 23782 23782 23782 23782 19786 10462 38346 38346 38346 38346 38346 38346 38346 34350 17454 
12648 12648 12648 12648 12648 12648 12648 12648 12648 12648 12648 12648 12648 12648 12648 12648 12648 3412 13133 13133 13133 13133 13133 13133 13133 13133 13133 13133 13133 13133 13133 13133 13133 13133 13133 4533 36814 36814 36814 36814 36814 36814 36814 32746 18202 41026 41026 41026 41026 41026 41026 41026 36958 20410 38398 38398 38398 38398 38398 38398 38398 34330 17266 
12520 12520 12520 12520 12520 12520 12520 12520 12520 12520 12520 12520 12520 12520 12520 12520 12520 3860 16101 16101 16101 16101 16101 16101 16101 16101 16101 16101 16101 16101 16101 16101 16101 16101 16101 8077 38198 38198 38198 38198 38198 38198 38198 34706 21506 42402 42402 42402 42402 42402 42402 42402 38910 23706 39926 39926 39926 39926 39926 39926 39926 36434 20714 
21848 21848 21848 21848 21848 21848 21848 21848 21848 21848 21848 21848 21848 21848 21848 21848 21848 12684 16573 16573 16573 16573 16573 16573 16573 16573 16573 16573 16573 16573 16573 16573 16573 16573 16573 8045 33034 33034 33034 33034 33034 33034 33034 29038 14662 38142 38142 38142 38142 38142 38142 38142 34146 17766 42906 42906 42906 42906 42906 42906 42906 38910 22014 
12808 12808 12808 12808 12808 12808 12808 12808 12808 12808 12808 12808 12808 12808 12808 12808 12808 3860 16389 16389 16389 16389 16389 16389 16389 16389 16389 16389 16389 16389 16389 16389 16389 16389 16389 8077 39494 39494 39494 39494 39494 39494 39494 35714 21842 43698 43698 43698 43698 43698 43698 43698 39918 24042 41222 41222 41222 41222 41222 41222 41222 37442 21050 
21740 21740 21740 21740 21740 21740 21740 21740 21740 21740 21740 21740 21740 21740 21740 21740 21740 12684 16465 16465 16465 16465 16465 16465 16465 16465 16465 16465 16465 16465 16465 16465 16465 16465 16465 8045 32548 32548 32548 32548 32548 32548 32548 28660 14536 37656 37656 37656 37656 37656 37656 37656 33768 17640 42420 42420 42420 42420 42420 42420 42420 38532 21888 
18084 18084 18084 18084 18084 18084 18084 18084 18084 18084 18084 18084 18084 18084 18084 18084 18084 9244 12617 12617 12617 12617 12617 12617 12617 12617 12617 12617 12617 12617 12617 12617 12617 12617 12617 4413 18884 18884 18884 18884 18884 18884 18884 15212 6644 16524 16524 16524 16524 16524 16524 16524 12852 4284 38048 38048 38048 38048 38048 38048 38048 34376 18236 
13460 13460 13460 13460 13460 13460 13460 13460 13460 13460 13460 13460 13460 13460 13460 13460 13460 4260 11985 11985 11985 11985 11985 11985 11985 11985 11985 11985 11985 11985 11985 11985 11985 11985 11985 3421 35524 35524 35524 35524 35524 35524 35524 31492 17032 39736 39736 39736 39736 39736 39736 39736 35704 19240 37092 37092 37092 37092 37092 37092 37092 33060 16080 
12216 12216 12216 12216 12216 12216 12216 12216 12216 12216 12216 12216 12216 12216 12216 12216 12216 3412 12701 12701 12701 12701 12701 12701 12701 12701 12701 12701 12701 12701 12701 12701 12701 12701 12701 4533 34870 34870 34870 34870 34870 34870 34870 31234 17698 39082 39082 39082 39082 39082 39082 39082 35446 19906 36454 36454 36454 36454 36454 36454 36454 32818 16762 
19964 19964 19964 19964 19964 19964 19964 19964 19964 19964 19964 19964 19964 19964 19964 19964 19964 10764 14793 14793 14793 14793 14793 14793 14793 14793 14793 14793 14793 14793 14793 14793 14793 14793 14793 6229 31724 31724 31724 31724 31724 31724 31724 27692 13232 36704 36704 36704 36704 36704 36704 36704 32672 16208 41156 41156 41156 41156 41156 41156 41156 37124 20144 
12632 12632 12632 12632 12632 12632 12632 12632 12632 12632 12632 12632 12632 12632 12632 12632 12632 3900 16597 16597 16597 16597 16597 16597 16597 16597 16597 16597 16597 16597 16597 16597 16597 16597 16597 8501 38802 38802 38802 38802 38802 38802 38802 35238 21870 43014 43014 43014 43014 43014 43014 43014 39450 24078 40362 40362 40362 40362 40362 40362 40362 36798 20910 
19856 19856 19856 19856 19856 19856 19856 19856 19856 19856 19856 19856 19856 19856 19856 19856 19856 10764 14685 14685 14685 14685 14685 14685 14685 14685 14685 14685 14685 14685 14685 14685 14685 14685 14685 6229 31238 31238 31238 31238 31238 31238 31238 27314 13106 36218 36218 36218 36218 36218 36218 36218 32294 16082 40670 40670 40670 40670 40670 40670 40670 36746 20018 
15504 15504 15504 15504 15504 15504 15504 15504 15504 15504 15504 15504 15504 15504 15504 15504 15504 6412 8764 8764 8764 8764 8764 8764 8764 8764 8764 8764 8764 8764 8764 8764 8764 8764 8764 4840 33326 33326 33326 33326 33326 33326 33326 29402 15194 37562 37562 37562 37562 37562 37562 37562 33638 17426 37454 37454 37454 37454 37454 37454 37454 33530 16802 
15180 15180 15180 15180 15180 15180 15180 15180 15180 15180 15180 15180 15180 15180 15180 15180 15180 6052 3960 3960 3960 3960 3960 3960 3960 3960 3960 3960 3960 3960 3960 3960 3960 3960 3960 0 33352 33352 33352 33352 33352 33352 33352 29392 15100 37564 37564 37564 37564 37564 37564 37564 33604 17308 23780 23780 23780 23780 23780 23780 23780 19820 10580 
14180 14180 14180 14180 14180 14180 14180 14180 14180 14180 14180 14180 14180 14180 14180 14180 14180 4836 11713 11713 11713 11713 11713 11713 11713 11713 11713 11713 11713 11713 11713 11713 11713 11713 11713 3005 35596 35596 35596 35596 35596 35596 35596 31420 16624 39816 39816 39816 39816 39816 39816 39816 35640 18840 22512 22512 22512 22512 22512 22512 22512 18336 8592 
]

ExternalWorkerWithSkillOnStintCost: [
12960 15630 15690 16590 15990 15840 16380 16080 17280 16890 16500 15690 17610 12150 17310 15240 17820 3210 16440 12150 14670 15060 16770 14460 14490 12060 16590 12360 12180 17730 14460 17160 16830 16560 12630 2700 34692 45024 37632 46956 45276 39396 41580 47208 21504 48552 50316 47040 41748 49476 33852 41076 43512 28560 48300 45108 35868 44184 42840 37632 39312 48216 28320 
14040 16140 13380 16620 12690 12480 15360 14640 13650 15570 16680 12720 14610 15540 12150 14490 16080 2808 13080 14970 12300 15270 12120 15330 17490 16170 15660 15360 16170 15810 15210 13110 17730 16920 14280 2586 44268 48804 45192 42000 38640 45024 49392 42420 22704 46956 50316 36792 46956 45024 48132 40824 34104 22464 46536 44688 46368 48216 40572 40740 41328 38808 24720 
]

OverlappingStints: [
[ 19 37 46 55 ]
[ 20 37 46 55 ]
[ 21 37 38 46 47 55 56 ]
[ 22 37 38 46 47 55 56 ]
[ 23 38 39 47 48 56 57 ]
[ 24 38 39 47 48 56 57 ]
[ 25 39 40 48 49 57 58 ]
[ 26 39 40 48 49 57 58 ]
[ 27 40 41 49 50 58 59 ]
[ 28 40 41 49 50 58 59 ]
[ 29 41 42 50 51 59 60 ]
[ 30 41 42 50 51 59 60 ]
[ 31 42 43 51 52 60 61 ]
[ 32 42 43 51 52 60 61 ]
[ 33 43 44 52 53 61 62 ]
[ 34 43 44 52 53 61 62 ]
[ 35 44 45 53 54 62 63 ]
[ 36 44 45 53 54 62 63 ]
[ 37 46 55 ]
[ 37 46 55 ]
[ 37 38 46 47 55 56 ]
[ 37 38 46 47 55 56 ]
[ 38 39 47 48 56 57 ]
[ 38 39 47 48 56 57 ]
[ 39 40 48 49 57 58 ]
[ 39 40 48 49 57 58 ]
[ 40 41 49 50 58 59 ]
[ 40 41 49 50 58 59 ]
[ 41 42 50 51 59 60 ]
[ 41 42 50 51 59 60 ]
[ 42 43 51 52 60 61 ]
[ 42 43 51 52 60 61 ]
[ 43 44 52 53 61 62 ]
[ 43 44 52 53 61 62 ]
[ 44 45 53 54 62 63 ]
[ 44 45 53 54 62 63 ]
[ 38 46 47 55 56 ]
[ 39 46 47 48 55 56 57 ]
[ 40 47 48 49 56 57 58 ]
[ 41 48 49 50 57 58 59 ]
[ 42 49 50 51 58 59 60 ]
[ 43 50 51 52 59 60 61 ]
[ 44 51 52 53 60 61 62 ]
[ 45 52 53 54 61 62 63 ]
[ 53 54 62 63 ]
[ 47 55 56 ]
[ 48 55 56 57 ]
[ 49 56 57 58 ]
[ 50 57 58 59 ]
[ 51 58 59 60 ]
[ 52 59 60 61 ]
[ 53 60 61 62 ]
[ 54 61 62 63 ]
[ 62 63 ]
[ 56 ]
[ 57 ]
[ 58 ]
[ 59 ]
[ 60 ]
[ 61 ]
[ 62 ]
[ 63 ]
[ ]
]

EmployeesWithSkill: [
[ 1 2 3 4 5 6 7 8 9 10 11 12 13 14 15 16 17 18 19 20 21 22 23 24 25 26 27 28 29 30 ]
[ 1 2 3 4 5 6 7 8 9 10 11 12 13 14 15 16 17 18 19 20 21 22 23 24 25 26 27 28 29 30 ]
]

SkillDemandInActivityWithMode: [
0	
32	
26	
13	
32	
16	
9	
32	
26	
21	
26	
32	
32	
32	
26	
13	
12	
0	
1	
1	
1	
1	
1	
1	
1	
1	
1	
1	
1	
1	
1	
1	
1	
1	
1	
1	
0	
6	
4	
2	
5	
3	
2	
7	
4	
5	
5	
7	
1	
1	
5	
6	
5	
4	
6	
5	
3	
7	
6	
5	
0	
3	
2	
2	
3	
1	
3	
2	
2	
2	
2	
1	
1	
1	
2	
2	
3	
3	
1	
2	
2	
1	
2	
2	
3	
1	
1	
2	
3	
3	
2	
2	
0	
4	
3	
1	
5	
2	
4	
2	
3	
4	
2	
4	
3	
4	
3	
3	
1	
1	
4	
4	
2	
3	
5	
4	
5	
2	

0	
6	
5	
2	
6	
3	
1	
6	
5	
4	
5	
6	
6	
6	
5	
2	
2	
0	
2	
9	
6	
6	
6	
19	
4	
3	
24	
3	
2	
9	
16	
9	
12	
5	
12	
10	
0	
1	
0	
0	
1	
0	
0	
1	
1	
1	
1	
1	
0	
0	
1	
1	
1	
1	
1	
1	
0	
1	
1	
1	
0	
0	
0	
0	
0	
0	
0	
0	
0	
0	
0	
0	
0	
0	
0	
0	
0	
0	
0	
0	
0	
0	
0	
0	
0	
0	
0	
0	
0	
0	
0	
0	
0	
8	
5	
2	
9	
4	
7	
3	
6	
8	
4	
8	
4	
7	
5	
6	
1	
1	
7	
7	
2	
6	
11	
7	
9	
4	

]

EmployeeAvailability: [
1 1 1 1 1 1 1 1 1 1 1 1 1 1 0 1 1 1 1 1 1 1 1 1 1 1 1 1 1 1 1 1 0 1 1 1 1 1 1 1 1 1 1 0 1 1 1 1 1 1 1 1 0 1 1 1 1 1 1 1 1 0 1 
1 1 1 0 1 1 1 0 1 1 1 1 1 1 1 1 1 1 1 1 1 0 1 1 1 0 1 1 1 1 1 1 1 1 1 1 1 0 1 0 1 1 1 1 1 1 0 1 0 1 1 1 1 1 1 0 1 0 1 1 1 1 1 
0 1 1 1 1 1 1 1 1 1 0 1 1 1 1 1 1 1 0 1 1 1 1 1 1 1 1 1 0 1 1 1 1 1 1 1 0 1 1 1 0 0 1 1 1 0 1 1 1 0 0 1 1 1 0 1 1 1 0 0 1 1 1 
1 1 1 1 1 1 1 1 1 1 1 1 1 1 1 1 1 1 1 1 1 1 1 1 1 1 1 1 1 1 1 1 1 1 1 1 1 1 1 1 1 1 1 1 1 1 1 1 1 1 1 1 1 1 1 1 1 1 1 1 1 1 1 
1 1 1 1 0 1 1 1 1 0 1 1 1 1 1 1 1 1 1 1 1 1 0 1 1 1 1 0 1 1 1 1 1 1 1 1 1 1 0 1 0 1 1 1 1 1 1 0 1 0 1 1 1 1 1 1 0 1 0 1 1 1 1 
0 1 1 1 1 1 1 1 1 1 1 1 1 1 1 1 1 0 0 1 1 1 1 1 1 1 1 1 1 1 1 1 1 1 1 0 0 1 1 1 1 1 1 1 0 0 1 1 1 1 1 1 1 0 0 1 1 1 1 1 1 1 0 
1 1 0 1 1 1 1 1 1 1 1 1 1 1 1 1 1 1 1 1 0 1 1 1 1 1 1 1 1 1 1 1 1 1 1 1 1 0 1 1 1 1 1 1 1 1 0 1 1 1 1 1 1 1 1 0 1 1 1 1 1 1 1 
1 1 1 1 1 1 1 1 1 1 1 1 1 1 1 1 1 1 1 1 1 1 1 1 1 1 1 1 1 1 1 1 1 1 1 1 1 1 1 1 1 1 1 0 1 1 1 1 1 1 1 1 0 1 1 1 1 1 1 1 1 0 1 
1 1 1 1 1 1 1 1 1 1 1 1 1 1 1 1 1 1 1 1 1 1 1 1 1 1 1 1 1 1 1 1 1 1 1 1 1 1 1 1 1 1 1 1 1 1 1 1 1 1 1 1 1 1 1 1 1 1 1 1 1 1 1 
1 1 0 1 1 1 1 0 1 1 1 1 1 1 0 1 1 1 1 1 0 1 1 1 1 0 1 1 1 1 1 1 0 1 1 1 1 0 1 0 1 1 1 0 1 1 0 1 0 1 1 1 0 1 1 0 1 0 1 1 1 0 1 
1 1 1 1 1 1 1 1 1 1 1 1 1 1 1 1 1 1 1 1 1 1 1 1 1 1 1 1 1 1 1 1 1 1 1 1 1 1 1 1 1 1 1 1 1 1 1 1 1 1 1 1 1 1 1 1 1 1 1 1 1 1 1 
1 1 0 1 1 1 1 1 1 1 1 1 1 1 0 1 1 1 1 1 0 1 1 1 1 1 1 1 1 1 1 1 0 1 1 1 1 0 1 1 0 1 1 0 1 1 0 1 1 0 1 1 0 1 1 0 1 1 0 1 1 0 1 
1 1 0 1 1 1 1 1 1 1 1 1 1 1 0 1 1 1 1 1 0 1 1 1 1 1 1 1 1 1 1 1 0 1 1 1 1 0 1 1 1 1 1 0 1 1 0 1 1 1 1 1 0 1 1 0 1 1 1 1 1 0 1 
1 1 1 1 1 1 1 0 1 1 0 1 1 1 1 1 1 1 1 1 1 1 1 1 1 0 1 1 0 1 1 1 1 1 1 1 1 1 1 0 1 0 1 1 1 1 1 1 0 1 0 1 1 1 1 1 1 0 1 0 1 1 1 
1 1 0 1 1 1 1 1 1 1 1 1 1 1 1 1 1 1 1 1 0 1 1 1 1 1 1 1 1 1 1 1 1 1 1 1 1 0 1 1 1 1 1 1 1 1 0 1 1 1 1 1 1 1 1 0 1 1 1 1 1 1 1 
1 1 1 1 1 1 1 1 1 1 1 1 1 1 1 1 1 1 1 1 1 1 1 1 1 1 1 1 1 1 1 1 1 1 1 1 1 1 1 1 1 1 1 1 1 1 1 1 1 1 1 1 1 1 1 1 1 1 1 1 1 1 1 
1 1 1 1 1 1 1 1 1 1 1 1 0 1 1 1 1 1 1 1 1 1 1 1 1 1 1 1 1 1 0 1 1 1 1 1 1 1 1 1 1 1 0 1 1 1 1 1 1 1 1 0 1 1 1 1 1 1 1 1 0 1 1 
1 1 1 1 1 1 1 1 1 1 1 1 1 1 1 0 1 1 1 1 1 1 1 1 1 1 1 1 1 1 1 1 1 0 1 1 1 1 1 1 1 0 1 0 1 1 1 1 1 1 0 1 0 1 1 1 1 1 1 0 1 0 1 
1 1 1 1 1 1 1 1 1 1 1 1 1 1 0 0 1 1 1 1 1 1 1 1 1 1 1 1 1 1 1 1 0 0 1 1 1 1 1 1 1 1 1 0 1 1 1 1 1 1 1 1 0 1 1 1 1 1 1 1 1 0 1 
1 1 0 1 1 1 1 1 1 1 0 1 1 1 1 1 1 1 1 1 0 1 1 1 1 1 1 1 0 1 1 1 1 1 1 1 1 0 1 1 1 0 1 1 1 1 0 1 1 1 0 1 1 1 1 0 1 1 1 0 1 1 1 
1 1 1 0 1 1 1 1 1 1 0 1 1 1 1 0 1 1 1 1 1 0 1 1 1 1 1 1 0 1 1 1 1 0 1 1 1 0 1 1 1 0 1 0 1 1 0 1 1 1 0 1 0 1 1 0 1 1 1 0 1 0 1 
1 0 1 1 1 1 1 1 1 1 1 1 1 1 1 1 1 1 1 0 1 1 1 1 1 1 1 1 1 1 1 1 1 1 1 1 0 1 1 1 1 1 1 1 1 0 1 1 1 1 1 1 1 1 0 1 1 1 1 1 1 1 1 
1 1 1 1 1 1 1 1 1 1 1 1 1 1 1 1 1 1 1 1 1 1 1 1 1 1 1 1 1 1 1 1 1 1 1 1 1 1 1 1 1 1 1 1 1 1 1 1 1 1 1 1 1 1 1 1 1 1 1 1 1 1 1 
1 1 1 1 1 1 0 1 1 1 1 1 1 1 1 1 1 1 1 1 1 1 1 1 0 1 1 1 1 1 1 1 1 1 1 1 1 1 1 0 1 1 1 1 1 1 1 1 0 1 1 1 1 1 1 1 1 0 1 1 1 1 1 
1 1 1 1 1 1 1 1 1 1 1 1 1 0 0 1 1 1 1 1 1 1 1 1 1 1 1 1 1 1 1 0 0 1 1 1 1 0 1 1 1 1 0 0 1 1 0 1 1 1 1 0 0 1 1 0 1 1 1 1 0 0 1 
1 1 1 1 1 1 1 1 1 1 1 1 1 1 1 1 1 1 1 1 1 1 1 1 1 1 1 1 1 1 1 1 1 1 1 1 1 1 1 1 1 1 1 1 1 1 1 1 1 1 1 1 1 1 1 1 1 1 1 1 1 1 1 
1 1 1 1 1 1 1 1 1 1 1 1 0 1 1 1 1 1 1 1 1 1 1 1 1 1 1 1 1 1 0 1 1 1 1 1 1 1 1 1 0 1 0 1 1 1 1 1 1 0 1 0 1 1 1 1 1 1 0 1 0 1 1 
1 1 1 1 1 1 1 1 1 1 1 1 1 1 1 1 1 1 1 1 1 1 1 1 1 1 1 1 1 1 1 1 1 1 1 1 0 1 1 1 1 1 1 1 1 0 1 1 1 1 1 1 1 1 0 1 1 1 1 1 1 1 1 
1 1 1 1 1 1 1 1 1 1 1 1 1 1 1 0 0 0 1 1 1 1 1 1 1 1 1 1 1 1 1 1 1 0 0 0 1 1 1 1 1 1 1 0 0 1 1 1 1 1 1 1 0 0 1 1 1 1 1 1 1 0 0 
1 1 1 1 1 1 0 1 1 1 1 1 1 1 1 1 1 1 1 1 1 1 1 1 0 1 1 1 1 1 1 1 1 1 1 1 0 1 1 0 1 1 1 1 1 0 1 1 0 1 1 1 1 1 0 1 1 0 1 1 1 1 1 
]

EmployeeWantedInStint: [ (1 15) 1 (2 35) 1 (2 61) 1 (2 62) 1 (4 17) 1 (5 55) 1 (6 48) 1 (7 45) 1 (8 47) 1 (9 24) 1 (10 12) 1 (10 56) 1 (11 3) 1 (11 30) 1 (13 24) 1 (14 58) 1 (15 27) 1 (15 29) 1 (15 34) 1 (15 51) 1 (15 53) 1 (15 63) 1 (16 4) 1 (16 16) 1 (16 37) 1 (17 28) 1 (18 44) 1 (18 58) 1 (19 19) 1 (20 8) 1 (20 51) 1 (21 12) 1 (22 24) 1 (22 36) 1 (22 38) 1 (23 35) 1 (24 11) 1 (24 61) 1 (27 23) 1 (27 26) 1 (27 35) 1 (27 51) 1 (27 60) 1 (28 12) 1 (28 27) 1 (28 50) 1 (28 55) 1 (30 18) 1 ]

EmployeeWantedViolationCost: [ (1 15) 8000 (2 35) 14000 (2 61) 15000 (2 62) 13000 (4 17) 14000 (5 55) 10000 (6 48) 13000 (7 45) 9000 (8 47) 15000 (9 24) 11000 (10 12) 10000 (10 56) 7000 (11 3) 10000 (11 30) 7000 (13 24) 7000 (14 58) 11000 (15 27) 9000 (15 29) 6000 (15 34) 8000 (15 51) 12000 (15 53) 12000 (15 63) 10000 (16 4) 9000 (16 16) 10000 (16 37) 14000 (17 28) 12000 (18 44) 15000 (18 58) 10000 (19 19) 12000 (20 8) 15000 (20 51) 9000 (21 12) 11000 (22 24) 8000 (22 36) 8000 (22 38) 6000 (23 35) 14000 (24 11) 5000 (24 61) 12000 (27 23) 6000 (27 26) 10000 (27 35) 11000 (27 51) 5000 (27 60) 15000 (28 12) 14000 (28 27) 5000 (28 50) 12000 (28 55) 5000 (30 18) 6000 ]

EmployeesThatShouldNotWorkTogetherWithEmployee: [
[ 6 16 ]
[ 17 ]
[ 18 ]
[ 8 ]
[ ]
[ 27 ]
[ ]
[ 28 ]
[ 14 ]
[ 13 ]
[ 21 ]
[ 18 26 ]
[ 24 ]
[ 18 25 ]
[ 18 ]
[ 19 ]
[ ]
[ 27 ]
[ 23 ]
[ ]
[ 26 ]
[ ]
[ ]
[ ]
[ ]
[ ]
[ ]
[ ]
[ ]
[ ]
]

ShouldNotWorkTogetherCost: [ (1 6) 198 (1 16) 198 (2 17) 297 (3 18) 396 (4 8) 396 (6 27) 198 (8 28) 198 (9 14) 99 (10 13) 297 (11 21) 99 (12 18) 198 (12 26) 297 (13 24) 99 (14 18) 396 (14 25) 99 (15 18) 99 (16 19) 297 (18 27) 396 (19 23) 99 (21 26) 396 ]

ImmediatePredecessorsToActivity: [
[ ]
[ 1 ]
[ 1 ]
[ 2 ]
[ 1 ]
[ 2 5 ]
[ 6 ]
[ 1 ]
[ 6 ]
[ 3 ]
[ 3 4 ]
[ 4 ]
[ 11 12 ]
[ 10 ]
[ 2 10 12 ]
[ 2 9 10 13 ]
[ 9 10 12 ]
[ ]
[ 18 ]
[ 18 ]
[ 18 ]
[ 20 21 ]
[ 18 ]
[ 20 21 ]
[ 18 ]
[ 18 ]
[ 22 23 24 ]
[ 18 ]
[ 18 ]
[ 23 ]
[ 22 25 26 ]
[ 28 ]
[ 21 ]
[ 21 ]
[ 20 25 30 ]
[ 23 ]
[ ]
[ 37 ]
[ 37 ]
[ 38 39 ]
[ 39 ]
[ 41 ]
[ 38 ]
[ 40 ]
[ 37 ]
[ 40 43 ]
[ 40 ]
[ 46 ]
[ 37 ]
[ 37 ]
[ 42 ]
[ 38 42 47 ]
[ 39 44 51 ]
[ 41 51 ]
[ 39 46 49 ]
[ 39 43 44 51 ]
[ 38 41 ]
[ 40 49 ]
[ 46 47 51 58 ]
[ 40 ]
[ ]
[ 61 ]
[ 61 ]
[ 62 ]
[ 61 ]
[ 64 ]
[ 63 ]
[ 67 ]
[ 61 ]
[ 64 65 67 ]
[ 61 ]
[ 63 64 ]
[ 70 ]
[ 62 67 69 ]
[ 66 70 72 74 ]
[ 69 70 72 ]
[ 63 75 ]
[ 66 67 76 ]
[ 69 ]
[ 66 68 74 76 79 ]
[ 62 68 71 76 79 ]
[ 67 69 ]
[ 68 75 76 ]
[ 66 68 71 72 82 ]
[ 75 81 82 ]
[ 71 74 ]
[ 65 ]
[ 63 ]
[ 80 81 ]
[ 62 75 79 ]
[ 72 ]
[ 64 68 82 87 91 ]
[ ]
[ 93 ]
[ 93 ]
[ 93 ]
[ 94 95 ]
[ 93 ]
[ 94 ]
[ 97 98 ]
[ 98 ]
[ 94 ]
[ 97 101 ]
[ 94 96 ]
[ 94 100 103 ]
[ 105 ]
[ 95 104 ]
[ 99 100 102 104 ]
[ 93 ]
[ 94 ]
[ 97 101 ]
[ 96 102 103 107 109 ]
[ 97 98 ]
[ 100 104 109 ]
[ 108 114 ]
[ 108 ]
[ 99 103 113 ]
[ 98 103 104 ]
]

ActivitiesInProject: [
[ 1 2 3 4 5 6 7 8 9 10 11 12 13 14 15 16 17 ]
[ 18 19 20 21 22 23 24 25 26 27 28 29 30 31 32 33 34 35 36 ]
[ 37 38 39 40 41 42 43 44 45 46 47 48 49 50 51 52 53 54 55 56 57 58 59 60 ]
[ 61 62 63 64 65 66 67 68 69 70 71 72 73 74 75 76 77 78 79 80 81 82 83 84 85 86 87 88 89 90 91 92 ]
[ 93 94 95 96 97 98 99 100 101 102 103 104 105 106 107 108 109 110 111 112 113 114 115 116 117 118 ]
]

nActivityModes: [ 1 1 1 1 1 1 1 1 1 1 1 1 1 1 1 1 1 1 1 1 1 1 1 1 1 1 1 1 1 1 1 1 1 1 1 1 1 1 1 1 1 1 1 1 1 1 1 1 1 1 1 1 1 1 1 1 1 1 1 1 1 1 1 1 1 1 1 1 1 1 1 1 1 1 1 1 1 1 1 1 1 1 1 1 1 1 1 1 1 1 1 1 1 1 1 1 1 1 1 1 1 1 1 1 1 1 1 1 1 1 1 1 1 1 1 1 1 1 ]

ActivitiyDurationWithMode: [
1	
4	
5	
10	
4	
8	
14	
4	
5	
6	
5	
4	
4	
4	
5	
10	
11	
1	
38	
10	
15	
15	
15	
5	
20	
30	
4	
27	
38	
10	
6	
10	
8	
18	
8	
9	
1	
8	
14	
36	
11	
20	
38	
7	
12	
10	
10	
7	
48	
60	
10	
8	
9	
13	
8	
10	
19	
7	
8	
11	
1	
9	
18	
20	
11	
32	
10	
19	
13	
12	
20	
25	
48	
25	
17	
12	
11	
10	
52	
11	
16	
43	
12	
14	
9	
30	
64	
21	
10	
9	
11	
11	
1	
9	
15	
39	
8	
18	
10	
21	
12	
9	
18	
9	
16	
10	
14	
13	
50	
53	
10	
10	
32	
13	
7	
10	
8	
19	
]
StintsInProject: [
[ 1 2 3 4 5 6 7 8 9 10 11 12 13 14 15 16 17 18 ]
[ 19 20 21 22 23 24 25 26 27 28 29 30 31 32 33 34 35 36 ]
[ 37 38 39 40 41 42 43 44 45 ]
[ 46 47 48 49 50 51 52 53 54 ]
[ 55 56 57 58 59 60 61 62 63 ]
]

WorkingStintsOnDay: [
[ 1 19 37 46 55 ]
[ 1 19 37 46 55 ]
[ 1 19 37 46 55 ]
[ 1 19 37 46 55 ]
[ 1 19 37 46 55 ]
[ 37 46 55 ]
[ 37 46 55 ]
[ 2 20 37 46 55 ]
[ 2 20 37 46 55 ]
[ 2 20 37 46 55 ]
[ 2 20 37 46 55 ]
[ 2 20 37 46 55 ]
[ 37 46 55 ]
[ 37 46 55 ]
[ 3 21 38 47 56 ]
[ 3 21 38 47 56 ]
[ 3 21 38 47 56 ]
[ 3 21 38 47 56 ]
[ 3 21 38 47 56 ]
[ 38 47 56 ]
[ 38 47 56 ]
[ 4 22 38 47 56 ]
[ 4 22 38 47 56 ]
[ 4 22 38 47 56 ]
[ 4 22 38 47 56 ]
[ 4 22 38 47 56 ]
[ 38 47 56 ]
[ 38 47 56 ]
[ 5 23 39 48 57 ]
[ 5 23 39 48 57 ]
[ 5 23 39 48 57 ]
[ 5 23 39 48 57 ]
[ 5 23 39 48 57 ]
[ 39 48 57 ]
[ 39 48 57 ]
[ 6 24 39 48 57 ]
[ 6 24 39 48 57 ]
[ 6 24 39 48 57 ]
[ 6 24 39 48 57 ]
[ 6 24 39 48 57 ]
[ 39 48 57 ]
[ 39 48 57 ]
[ 7 25 40 49 58 ]
[ 7 25 40 49 58 ]
[ 7 25 40 49 58 ]
[ 7 25 40 49 58 ]
[ 7 25 40 49 58 ]
[ 40 49 58 ]
[ 40 49 58 ]
[ 8 26 40 49 58 ]
[ 8 26 40 49 58 ]
[ 8 26 40 49 58 ]
[ 8 26 40 49 58 ]
[ 8 26 40 49 58 ]
[ 40 49 58 ]
[ 40 49 58 ]
[ 9 27 41 50 59 ]
[ 9 27 41 50 59 ]
[ 9 27 41 50 59 ]
[ 9 27 41 50 59 ]
[ 9 27 41 50 59 ]
[ 41 50 59 ]
[ 41 50 59 ]
[ 10 28 41 50 59 ]
[ 10 28 41 50 59 ]
[ 10 28 41 50 59 ]
[ 10 28 41 50 59 ]
[ 10 28 41 50 59 ]
[ 41 50 59 ]
[ 41 50 59 ]
[ 11 29 42 51 60 ]
[ 11 29 42 51 60 ]
[ 11 29 42 51 60 ]
[ 11 29 42 51 60 ]
[ 11 29 42 51 60 ]
[ 42 51 60 ]
[ 42 51 60 ]
[ 12 30 42 51 60 ]
[ 12 30 42 51 60 ]
[ 12 30 42 51 60 ]
[ 12 30 42 51 60 ]
[ 12 30 42 51 60 ]
[ 42 51 60 ]
[ 42 51 60 ]
[ 13 31 43 52 61 ]
[ 13 31 43 52 61 ]
[ 13 31 43 52 61 ]
[ 13 31 43 52 61 ]
[ 13 31 43 52 61 ]
[ 43 52 61 ]
[ 43 52 61 ]
[ 14 32 43 52 61 ]
[ 14 32 43 52 61 ]
[ 14 32 43 52 61 ]
[ 14 32 43 52 61 ]
[ 14 32 43 52 61 ]
[ 43 52 61 ]
[ 43 52 61 ]
[ 15 33 44 53 62 ]
[ 15 33 44 53 62 ]
[ 15 33 44 53 62 ]
[ 15 33 44 53 62 ]
[ 15 33 44 53 62 ]
[ 44 53 62 ]
[ 44 53 62 ]
[ 16 34 44 53 62 ]
[ 16 34 44 53 62 ]
[ 16 34 44 53 62 ]
[ 16 34 44 53 62 ]
[ 16 34 44 53 62 ]
[ 44 53 62 ]
[ 44 53 62 ]
[ 17 35 45 54 63 ]
[ 17 35 45 54 63 ]
[ 17 35 45 54 63 ]
[ 17 35 45 54 63 ]
[ 17 35 45 54 63 ]
[ 45 54 63 ]
[ 45 54 63 ]
[ 18 36 45 54 63 ]
]

ProjectStart: [ 21 9 30 19 36 ]

ProjectEnd: [ 69 63 99 112 111 ]

EarliestStartDayForActivity: [ 1 21 21 26 21 26 38 21 38 27 40 40 47 37 46 53 46 1 9 9 9 30 9 30 9 9 51 9 9 30 51 46 30 30 44 30 1 30 30 44 44 55 38 80 30 80 80 90 30 30 75 90 87 85 90 87 55 80 90 80 1 19 19 28 19 48 37 47 19 48 19 48 60 47 80 73 97 85 32 85 85 47 97 90 101 72 30 37 101 97 73 94 1 36 36 36 51 36 45 59 54 45 66 75 84 100 84 84 36 45 66 98 59 86 99 97 91 84 ]

LatestStartDayForActivity: [ 1 69 69 69 69 69 69 69 69 69 69 69 69 69 69 69 69 1 63 63 63 63 63 63 63 63 63 63 63 63 63 63 63 63 63 63 1 99 99 99 99 99 99 99 99 99 99 99 99 99 99 99 99 99 99 99 99 99 99 99 1 112 112 112 112 112 112 112 112 112 112 112 112 112 112 112 112 112 112 112 112 112 112 112 112 112 112 112 112 112 112 112 1 111 111 111 111 111 111 111 111 111 111 111 111 111 111 111 111 111 111 111 111 111 111 111 111 111 ]

EquipmentTypeDemandInActivityWithMode: [
0	
1	
0	
1	
0	
1	
1	
1	
1	
1	
0	
1	
0	
0	
2	
1	
1	
0	
0	
1	
1	
0	
0	
3	
1	
0	
0	
0	
1	
0	
1	
1	
0	
0	
1	
2	
0	
2	
0	
0	
0	
0	
2	
0	
0	
0	
2	
1	
0	
1	
1	
0	
3	
0	
1	
1	
0	
0	
0	
1	
0	
0	
0	
0	
0	
0	
1	
2	
1	
1	
0	
0	
0	
1	
0	
1	
0	
0	
0	
2	
1	
0	
1	
0	
0	
0	
0	
1	
2	
0	
1	
1	
0	
0	
1	
1	
0	
1	
0	
1	
0	
2	
0	
1	
0	
1	
0	
1	
1	
1	
0	
0	
1	
0	
0	
2	
0	
2	

0	
0	
1	
0	
0	
1	
0	
0	
0	
0	
0	
1	
0	
0	
0	
0	
1	
0	
0	
0	
0	
0	
1	
0	
0	
1	
0	
0	
0	
0	
0	
0	
1	
1	
1	
0	
0	
0	
0	
0	
1	
0	
0	
0	
0	
1	
0	
1	
0	
0	
0	
0	
0	
0	
0	
1	
1	
0	
0	
0	
0	
0	
0	
1	
1	
0	
0	
0	
0	
0	
0	
1	
0	
0	
0	
0	
1	
0	
1	
0	
0	
0	
0	
0	
1	
1	
0	
1	
0	
0	
1	
1	
0	
1	
0	
0	
0	
1	
0	
1	
0	
0	
0	
0	
0	
0	
0	
1	
0	
0	
0	
0	
1	
0	
0	
0	
0	
0	

0	
0	
0	
1	
1	
0	
0	
0	
0	
0	
1	
0	
0	
1	
1	
0	
0	
0	
1	
0	
0	
0	
1	
0	
0	
1	
1	
0	
0	
0	
0	
1	
1	
0	
0	
0	
0	
0	
0	
0	
0	
0	
0	
0	
0	
0	
0	
1	
0	
0	
0	
0	
1	
1	
0	
0	
0	
1	
0	
1	
0	
1	
0	
0	
1	
0	
0	
0	
0	
0	
0	
0	
0	
0	
0	
1	
1	
0	
1	
0	
0	
0	
0	
1	
0	
0	
1	
1	
0	
0	
0	
1	
0	
2	
0	
0	
0	
1	
0	
0	
2	
0	
0	
2	
0	
0	
1	
0	
0	
0	
0	
0	
0	
0	
0	
0	
0	
1	

]

ExternalEquipmentRentingCost: [
5441	5994	4639	1909	5873	5703	1047	2556	1760	1773	3563	1707	5908	5644	4952	3323	2254	4212	3107	3388	1627	3964	5872	5616	4233	2152	3303	5481	5729	1244	5623	5833	4665	4691	2699	1499	1859	1253	1453	4200	1625	4446	2494	2977	2120	5967	4529	4775	1119	2073	3396	5579	2913	1100	2750	5211	5611	2583	4090	4003	5563	4025	3846	4423	4960	1024	1076	4881	3016	1328	1484	2537	4468	2517	2587	2531	1529	2065	5925	4313	5684	5807	5987	3494	1714	2006	1295	2655	3857	4464	5114	2202	5945	2338	4790	1660	5739	3270	1883	5203	4190	3853	4753	4391	1379	1139	3855	3180	4461	3686	2677	1031	5136	2478	1213	4422	1420	1511	
5575	2280	1650	5912	4647	4271	3241	5503	5333	3199	3270	3773	3411	4394	2324	5654	5305	4919	4920	5741	3579	5319	2974	3998	1155	5086	5278	3065	1185	1121	2083	5326	2901	2043	1834	1425	4639	3737	4647	5965	4017	5955	2703	2679	3031	1917	2971	3737	2313	1541	5922	4081	3244	4860	3022	3593	4057	1643	5248	3640	1693	2297	5846	5827	1382	1846	5421	5691	5273	4070	5000	3504	5011	5873	5278	1414	3066	3243	1601	5304	1048	2426	4578	5149	5943	4631	4950	3429	5659	5065	1539	3731	4965	3360	5752	2221	3732	3618	1806	3974	1325	1671	1739	4564	5954	2058	2035	3334	4405	1944	5308	4525	2552	3141	3242	4077	1476	4961	
2110	4071	1448	3657	3246	1257	3061	5001	5105	3257	1104	2943	1809	1450	1813	2154	4211	4309	4490	5071	1810	5211	5147	1015	2191	5363	5638	2349	3256	5821	1146	5147	1077	3551	1318	5308	1361	3519	1099	1552	1476	3487	5372	3413	4516	4654	3006	2755	3129	3949	4617	1019	5257	1357	1324	4402	5425	4860	4493	3746	1061	4371	4998	2781	5052	1817	1900	2907	1572	1259	3917	3914	1660	1100	1776	2739	1436	2012	4099	2810	1809	4175	2586	3594	1949	5887	5574	2860	4315	5779	3631	3206	3671	2058	3617	1318	4194	5990	2613	5401	5972	1395	5169	4626	3296	1589	5886	5378	2062	4948	4858	4617	1813	4654	1256	3461	4314	4816	
]

EquipmentTypeTransportationCost: [
1	4288	4802	4660	4096	
4288	1	4074	3951	3261	
4802	4074	1	2842	4154	
4660	3951	2842	1	4051	
4096	3261	4154	4051	1	

1	3545	3915	3889	3445	
3545	1	3376	3347	2753	
3915	3376	1	2427	3421	
3889	3347	2427	1	3312	
3445	2753	3421	3312	1	

1	3404	3786	3776	3355	
3404	1	3298	3226	2716	
3786	3298	1	2321	3372	
3776	3226	2321	1	3304	
3355	2716	3372	3304	1	

]

TransportationTimeForEquipmentTypeBetweenProjects: [
1	3	5	3	3	
3	1	1	1	1	
5	1	1	1	3	
3	1	1	1	1	
3	1	3	1	1	

1	3	4	3	3	
3	1	1	1	1	
4	1	1	1	3	
3	1	1	1	1	
3	1	3	1	1	

1	3	4	3	3	
3	1	1	1	1	
4	1	1	1	3	
3	1	1	1	1	
3	1	3	1	1	

]

TotalNumberOfInitialEquipmentTypeLocation: [
(1 1) 1 (1 18) 1 (1 37) 1 (1 61) 2 (1 93) 1 
(2 1) 1 (2 61) 1 
(3 61) 2 
]

DepotActivities: [ 1 18 37 61 93 ]

MaximalStintCliques: [
[ 1 19 37 46 55 ]
[ 2 20 37 46 55 ]
[ 7 39 40 48 49 25 57 58 ]
[ 8 39 40 48 49 57 26 58 ]
[ 9 27 40 41 49 50 58 59 ]
[ 10 40 41 49 50 58 59 28 ]
[ 11 41 42 50 51 59 60 29 ]
[ 12 41 42 50 51 59 60 30 ]
[ 13 42 43 51 60 52 61 31 ]
[ 14 42 43 51 60 52 61 32 ]
[ 15 33 43 44 52 53 61 62 ]
[ 16 34 43 44 52 53 61 62 ]
[ 17 35 44 45 62 53 54 63 ]
[ 18 36 44 45 62 53 54 63 ]
[ 38 47 56 5 57 39 23 48 ]
[ 38 47 56 6 57 48 39 24 ]
[ 38 47 56 37 46 55 3 21 ]
[ 38 47 56 37 46 55 4 22 ]
]
