nEmployees: 30
nSkills: 2
nProjects: 5
nDays: 180
nActivities: 187
nEquipmentTypes: 4
nStints: 104
nMaxModes: 1
nStintCliques: 26

EmployeeInStintCost: [
19490 19490 19490 19490 19490 19490 19490 19490 19490 19490 19490 18230 9410 34240 34240 34240 34240 34240 34240 34240 34240 34240 34240 34240 34240 28570 12922 12922 12922 12922 12922 12922 12922 12922 12922 12922 12922 12922 12922 12922 12922 12922 12922 12922 12922 12922 12922 12922 12922 12922 12922 11662 15005 15005 15005 15005 15005 15005 15005 15005 15005 15005 15005 15005 15005 15005 15005 15005 15005 15005 15005 15005 15005 15005 15005 15005 15005 13745 17664 17664 17664 17664 17664 17664 17664 17664 17664 17664 17664 17664 17664 17664 17664 17664 17664 17664 17664 17664 17664 17664 17664 17664 17664 16404 
37814 37814 37814 37814 37814 37814 37814 37814 37814 37814 37814 36650 26490 11640 11640 11640 11640 11640 11640 11640 11640 11640 11640 11640 11640 6402 20706 20706 20706 20706 20706 20706 20706 20706 20706 20706 20706 20706 20706 20706 20706 20706 20706 20706 20706 20706 20706 20706 20706 20706 20706 19542 11501 11501 11501 11501 11501 11501 11501 11501 11501 11501 11501 11501 11501 11501 11501 11501 11501 11501 11501 11501 11501 11501 11501 11501 11501 10337 3492 3492 3492 3492 3492 3492 3492 3492 3492 3492 3492 3492 3492 3492 3492 3492 3492 3492 3492 3492 3492 3492 3492 3492 3492 2328 
38776 38776 38776 38776 38776 38776 38776 38776 38776 38776 38776 37456 26204 41624 41624 41624 41624 41624 41624 41624 41624 41624 41624 41624 41624 35684 13886 13886 13886 13886 13886 13886 13886 13886 13886 13886 13886 13886 13886 13886 13886 13886 13886 13886 13886 13886 13886 13886 13886 13886 13886 12566 21825 21825 21825 21825 21825 21825 21825 21825 21825 21825 21825 21825 21825 21825 21825 21825 21825 21825 21825 21825 21825 21825 21825 21825 21825 20505 24628 24628 24628 24628 24628 24628 24628 24628 24628 24628 24628 24628 24628 24628 24628 24628 24628 24628 24628 24628 24628 24628 24628 24628 24628 23308 
38716 38716 38716 38716 38716 38716 38716 38716 38716 38716 38716 37420 26336 17920 17920 17920 17920 17920 17920 17920 17920 17920 17920 17920 17920 12088 20166 20166 20166 20166 20166 20166 20166 20166 20166 20166 20166 20166 20166 20166 20166 20166 20166 20166 20166 20166 20166 20166 20166 20166 20166 18870 11409 11409 11409 11409 11409 11409 11409 11409 11409 11409 11409 11409 11409 11409 11409 11409 11409 11409 11409 11409 11409 11409 11409 11409 11409 10113 8848 8848 8848 8848 8848 8848 8848 8848 8848 8848 8848 8848 8848 8848 8848 8848 8848 8848 8848 8848 8848 8848 8848 8848 8848 7552 
34114 34114 34114 34114 34114 34114 34114 34114 34114 34114 34114 32830 21830 37088 37088 37088 37088 37088 37088 37088 37088 37088 37088 37088 37088 31310 11314 11314 11314 11314 11314 11314 11314 11314 11314 11314 11314 11314 11314 11314 11314 11314 11314 11314 11314 11314 11314 11314 11314 11314 11314 10030 17541 17541 17541 17541 17541 17541 17541 17541 17541 17541 17541 17541 17541 17541 17541 17541 17541 17541 17541 17541 17541 17541 17541 17541 17541 16257 20344 20344 20344 20344 20344 20344 20344 20344 20344 20344 20344 20344 20344 20344 20344 20344 20344 20344 20344 20344 20344 20344 20344 20344 20344 19060 
34748 34748 34748 34748 34748 34748 34748 34748 34748 34748 34748 33356 21600 33904 33904 33904 33904 33904 33904 33904 33904 33904 33904 33904 33904 27640 14942 14942 14942 14942 14942 14942 14942 14942 14942 14942 14942 14942 14942 14942 14942 14942 14942 14942 14942 14942 14942 14942 14942 14942 14942 13550 13969 13969 13969 13969 13969 13969 13969 13969 13969 13969 13969 13969 13969 13969 13969 13969 13969 13969 13969 13969 13969 13969 13969 13969 13969 12577 16404 16404 16404 16404 16404 16404 16404 16404 16404 16404 16404 16404 16404 16404 16404 16404 16404 16404 16404 16404 16404 16404 16404 16404 16404 15012 
37210 37210 37210 37210 37210 37210 37210 37210 37210 37210 37210 35974 25310 40312 40312 40312 40312 40312 40312 40312 40312 40312 40312 40312 40312 34750 12938 12938 12938 12938 12938 12938 12938 12938 12938 12938 12938 12938 12938 12938 12938 12938 12938 12938 12938 12938 12938 12938 12938 12938 12938 11702 21189 21189 21189 21189 21189 21189 21189 21189 21189 21189 21189 21189 21189 21189 21189 21189 21189 21189 21189 21189 21189 21189 21189 21189 21189 19953 23904 23904 23904 23904 23904 23904 23904 23904 23904 23904 23904 23904 23904 23904 23904 23904 23904 23904 23904 23904 23904 23904 23904 23904 23904 22668 
33150 33150 33150 33150 33150 33150 33150 33150 33150 33150 33150 31938 21442 36176 36176 36176 36176 36176 36176 36176 36176 36176 36176 36176 36176 30722 7156 7156 7156 7156 7156 7156 7156 7156 7156 7156 7156 7156 7156 7156 7156 7156 7156 7156 7156 7156 7156 7156 7156 7156 7156 5944 17325 17325 17325 17325 17325 17325 17325 17325 17325 17325 17325 17325 17325 17325 17325 17325 17325 17325 17325 17325 17325 17325 17325 17325 17325 16113 19936 19936 19936 19936 19936 19936 19936 19936 19936 19936 19936 19936 19936 19936 19936 19936 19936 19936 19936 19936 19936 19936 19936 19936 19936 18724 
18306 18306 18306 18306 18306 18306 18306 18306 18306 18306 18306 16950 7458 35112 35112 35112 35112 35112 35112 35112 35112 35112 35112 35112 35112 29010 13434 13434 13434 13434 13434 13434 13434 13434 13434 13434 13434 13434 13434 13434 13434 13434 13434 13434 13434 13434 13434 13434 13434 13434 13434 12078 15109 15109 15109 15109 15109 15109 15109 15109 15109 15109 15109 15109 15109 15109 15109 15109 15109 15109 15109 15109 15109 15109 15109 15109 15109 13753 17864 17864 17864 17864 17864 17864 17864 17864 17864 17864 17864 17864 17864 17864 17864 17864 17864 17864 17864 17864 17864 17864 17864 17864 17864 16508 
40606 40606 40606 40606 40606 40606 40606 40606 40606 40606 40606 39250 27746 16000 16000 16000 16000 16000 16000 16000 16000 16000 16000 16000 16000 9898 21530 21530 21530 21530 21530 21530 21530 21530 21530 21530 21530 21530 21530 21530 21530 21530 21530 21530 21530 21530 21530 21530 21530 21530 21530 20174 12101 12101 12101 12101 12101 12101 12101 12101 12101 12101 12101 12101 12101 12101 12101 12101 12101 12101 12101 12101 12101 12101 12101 12101 12101 10745 6508 6508 6508 6508 6508 6508 6508 6508 6508 6508 6508 6508 6508 6508 6508 6508 6508 6508 6508 6508 6508 6508 6508 6508 6508 5152 
32642 32642 32642 32642 32642 32642 32642 32642 32642 32642 32642 31406 20742 32344 32344 32344 32344 32344 32344 32344 32344 32344 32344 32344 32344 26782 14474 14474 14474 14474 14474 14474 14474 14474 14474 14474 14474 14474 14474 14474 14474 14474 14474 14474 14474 14474 14474 14474 14474 14474 14474 13238 13501 13501 13501 13501 13501 13501 13501 13501 13501 13501 13501 13501 13501 13501 13501 13501 13501 13501 13501 13501 13501 13501 13501 13501 13501 12265 15936 15936 15936 15936 15936 15936 15936 15936 15936 15936 15936 15936 15936 15936 15936 15936 15936 15936 15936 15936 15936 15936 15936 15936 15936 14700 
20964 20964 20964 20964 20964 20964 20964 20964 20964 20964 20964 19740 11172 34408 34408 34408 34408 34408 34408 34408 34408 34408 34408 34408 34408 28900 12846 12846 12846 12846 12846 12846 12846 12846 12846 12846 12846 12846 12846 12846 12846 12846 12846 12846 12846 12846 12846 12846 12846 12846 12846 11622 15217 15217 15217 15217 15217 15217 15217 15217 15217 15217 15217 15217 15217 15217 15217 15217 15217 15217 15217 15217 15217 15217 15217 15217 15217 13993 18084 18084 18084 18084 18084 18084 18084 18084 18084 18084 18084 18084 18084 18084 18084 18084 18084 18084 18084 18084 18084 18084 18084 18084 18084 16860 
38938 38938 38938 38938 38938 38938 38938 38938 38938 38938 38938 37606 26270 41744 41744 41744 41744 41744 41744 41744 41744 41744 41744 41744 41744 35750 13922 13922 13922 13922 13922 13922 13922 13922 13922 13922 13922 13922 13922 13922 13922 13922 13922 13922 13922 13922 13922 13922 13922 13922 13922 12590 21861 21861 21861 21861 21861 21861 21861 21861 21861 21861 21861 21861 21861 21861 21861 21861 21861 21861 21861 21861 21861 21861 21861 21861 21861 20529 24664 24664 24664 24664 24664 24664 24664 24664 24664 24664 24664 24664 24664 24664 24664 24664 24664 24664 24664 24664 24664 24664 24664 24664 24664 23332 
18032 18032 18032 18032 18032 18032 18032 18032 18032 18032 18032 16880 8816 33160 33160 33160 33160 33160 33160 33160 33160 33160 33160 33160 33160 27976 12598 12598 12598 12598 12598 12598 12598 12598 12598 12598 12598 12598 12598 12598 12598 12598 12598 12598 12598 12598 12598 12598 12598 12598 12598 11446 14681 14681 14681 14681 14681 14681 14681 14681 14681 14681 14681 14681 14681 14681 14681 14681 14681 14681 14681 14681 14681 14681 14681 14681 14681 13529 17340 17340 17340 17340 17340 17340 17340 17340 17340 17340 17340 17340 17340 17340 17340 17340 17340 17340 17340 17340 17340 17340 17340 17340 17340 16188 
37582 37582 37582 37582 37582 37582 37582 37582 37582 37582 37582 36370 25874 17080 17080 17080 17080 17080 17080 17080 17080 17080 17080 17080 17080 11626 19914 19914 19914 19914 19914 19914 19914 19914 19914 19914 19914 19914 19914 19914 19914 19914 19914 19914 19914 19914 19914 19914 19914 19914 19914 18702 11157 11157 11157 11157 11157 11157 11157 11157 11157 11157 11157 11157 11157 11157 11157 11157 11157 11157 11157 11157 11157 11157 11157 11157 11157 9945 8596 8596 8596 8596 8596 8596 8596 8596 8596 8596 8596 8596 8596 8596 8596 8596 8596 8596 8596 8596 8596 8596 8596 8596 8596 7384 
19652 19652 19652 19652 19652 19652 19652 19652 19652 19652 19652 18380 9476 34360 34360 34360 34360 34360 34360 34360 34360 34360 34360 34360 34360 28636 12958 12958 12958 12958 12958 12958 12958 12958 12958 12958 12958 12958 12958 12958 12958 12958 12958 12958 12958 12958 12958 12958 12958 12958 12958 11686 15041 15041 15041 15041 15041 15041 15041 15041 15041 15041 15041 15041 15041 15041 15041 15041 15041 15041 15041 15041 15041 15041 15041 15041 15041 13769 17700 17700 17700 17700 17700 17700 17700 17700 17700 17700 17700 17700 17700 17700 17700 17700 17700 17700 17700 17700 17700 17700 17700 17700 17700 16428 
38138 38138 38138 38138 38138 38138 38138 38138 38138 38138 38138 36950 26622 11880 11880 11880 11880 11880 11880 11880 11880 11880 11880 11880 11880 6534 20778 20778 20778 20778 20778 20778 20778 20778 20778 20778 20778 20778 20778 20778 20778 20778 20778 20778 20778 20778 20778 20778 20778 20778 20778 19590 11573 11573 11573 11573 11573 11573 11573 11573 11573 11573 11573 11573 11573 11573 11573 11573 11573 11573 11573 11573 11573 11573 11573 11573 11573 10385 3564 3564 3564 3564 3564 3564 3564 3564 3564 3564 3564 3564 3564 3564 3564 3564 3564 3564 3564 3564 3564 3564 3564 3564 3564 2376 
38100 38100 38100 38100 38100 38100 38100 38100 38100 38100 38100 36804 25720 40960 40960 40960 40960 40960 40960 40960 40960 40960 40960 40960 40960 35128 14046 14046 14046 14046 14046 14046 14046 14046 14046 14046 14046 14046 14046 14046 14046 14046 14046 14046 14046 14046 14046 14046 14046 14046 14046 12750 21209 21209 21209 21209 21209 21209 21209 21209 21209 21209 21209 21209 21209 21209 21209 21209 21209 21209 21209 21209 21209 21209 21209 21209 21209 19913 24132 24132 24132 24132 24132 24132 24132 24132 24132 24132 24132 24132 24132 24132 24132 24132 24132 24132 24132 24132 24132 24132 24132 24132 24132 22836 
34106 34106 34106 34106 34106 34106 34106 34106 34106 34106 34106 32822 21822 36880 36880 36880 36880 36880 36880 36880 36880 36880 36880 36880 36880 31102 7452 7452 7452 7452 7452 7452 7452 7452 7452 7452 7452 7452 7452 7452 7452 7452 7452 7452 7452 7452 7452 7452 7452 7452 7452 6168 17525 17525 17525 17525 17525 17525 17525 17525 17525 17525 17525 17525 17525 17525 17525 17525 17525 17525 17525 17525 17525 17525 17525 17525 17525 16241 20136 20136 20136 20136 20136 20136 20136 20136 20136 20136 20136 20136 20136 20136 20136 20136 20136 20136 20136 20136 20136 20136 20136 20136 20136 18852 
37096 37096 37096 37096 37096 37096 37096 37096 37096 37096 37096 35920 25676 16720 16720 16720 16720 16720 16720 16720 16720 16720 16720 16720 16720 11428 19806 19806 19806 19806 19806 19806 19806 19806 19806 19806 19806 19806 19806 19806 19806 19806 19806 19806 19806 19806 19806 19806 19806 19806 19806 18630 11049 11049 11049 11049 11049 11049 11049 11049 11049 11049 11049 11049 11049 11049 11049 11049 11049 11049 11049 11049 11049 11049 11049 11049 11049 9873 8488 8488 8488 8488 8488 8488 8488 8488 8488 8488 8488 8488 8488 8488 8488 8488 8488 8488 8488 8488 8488 8488 8488 8488 8488 7312 
34220 34220 34220 34220 34220 34220 34220 34220 34220 34220 34220 33068 22992 29704 29704 29704 29704 29704 29704 29704 29704 29704 29704 29704 29704 24520 17390 17390 17390 17390 17390 17390 17390 17390 17390 17390 17390 17390 17390 17390 17390 17390 17390 17390 17390 17390 17390 17390 17390 17390 17390 16238 10809 10809 10809 10809 10809 10809 10809 10809 10809 10809 10809 10809 10809 10809 10809 10809 10809 10809 10809 10809 10809 10809 10809 10809 10809 9657 13884 13884 13884 13884 13884 13884 13884 13884 13884 13884 13884 13884 13884 13884 13884 13884 13884 13884 13884 13884 13884 13884 13884 13884 13884 12732 
33142 33142 33142 33142 33142 33142 33142 33142 33142 33142 33142 31930 21434 36368 36368 36368 36368 36368 36368 36368 36368 36368 36368 36368 36368 30914 11098 11098 11098 11098 11098 11098 11098 11098 11098 11098 11098 11098 11098 11098 11098 11098 11098 11098 11098 11098 11098 11098 11098 11098 11098 9886 17325 17325 17325 17325 17325 17325 17325 17325 17325 17325 17325 17325 17325 17325 17325 17325 17325 17325 17325 17325 17325 17325 17325 17325 17325 16113 20128 20128 20128 20128 20128 20128 20128 20128 20128 20128 20128 20128 20128 20128 20128 20128 20128 20128 20128 20128 20128 20128 20128 20128 20128 18916 
35008 35008 35008 35008 35008 35008 35008 35008 35008 35008 35008 33880 23972 27480 27480 27480 27480 27480 27480 27480 27480 27480 27480 27480 27480 22404 18414 18414 18414 18414 18414 18414 18414 18414 18414 18414 18414 18414 18414 18414 18414 18414 18414 18414 18414 18414 18414 18414 18414 18414 18414 17286 3384 3384 3384 3384 3384 3384 3384 3384 3384 3384 3384 3384 3384 3384 3384 3384 3384 3384 3384 3384 3384 3384 3384 3384 3384 2256 11828 11828 11828 11828 11828 11828 11828 11828 11828 11828 11828 11828 11828 11828 11828 11828 11828 11828 11828 11828 11828 11828 11828 11828 11828 10700 
20316 20316 20316 20316 20316 20316 20316 20316 20316 20316 20316 19140 10908 33928 33928 33928 33928 33928 33928 33928 33928 33928 33928 33928 33928 28636 12702 12702 12702 12702 12702 12702 12702 12702 12702 12702 12702 12702 12702 12702 12702 12702 12702 12702 12702 12702 12702 12702 12702 12702 12702 11526 15073 15073 15073 15073 15073 15073 15073 15073 15073 15073 15073 15073 15073 15073 15073 15073 15073 15073 15073 15073 15073 15073 15073 15073 15073 13897 17940 17940 17940 17940 17940 17940 17940 17940 17940 17940 17940 17940 17940 17940 17940 17940 17940 17940 17940 17940 17940 17940 17940 17940 17940 16764 
32810 32810 32810 32810 32810 32810 32810 32810 32810 32810 32810 31622 21294 35920 35920 35920 35920 35920 35920 35920 35920 35920 35920 35920 35920 30574 7164 7164 7164 7164 7164 7164 7164 7164 7164 7164 7164 7164 7164 7164 7164 7164 7164 7164 7164 7164 7164 7164 7164 7164 7164 5976 17237 17237 17237 17237 17237 17237 17237 17237 17237 17237 17237 17237 17237 17237 17237 17237 17237 17237 17237 17237 17237 17237 17237 17237 17237 16049 19848 19848 19848 19848 19848 19848 19848 19848 19848 19848 19848 19848 19848 19848 19848 19848 19848 19848 19848 19848 19848 19848 19848 19848 19848 18660 
36466 36466 36466 36466 36466 36466 36466 36466 36466 36466 36466 35230 24566 28560 28560 28560 28560 28560 28560 28560 28560 28560 28560 28560 28560 22998 18738 18738 18738 18738 18738 18738 18738 18738 18738 18738 18738 18738 18738 18738 18738 18738 18738 18738 18738 18738 18738 18738 18738 18738 18738 17502 3708 3708 3708 3708 3708 3708 3708 3708 3708 3708 3708 3708 3708 3708 3708 3708 3708 3708 3708 3708 3708 3708 3708 3708 3708 2472 12152 12152 12152 12152 12152 12152 12152 12152 12152 12152 12152 12152 12152 12152 12152 12152 12152 12152 12152 12152 12152 12152 12152 12152 12152 10916 
40606 40606 40606 40606 40606 40606 40606 40606 40606 40606 40606 39250 27746 16000 16000 16000 16000 16000 16000 16000 16000 16000 16000 16000 16000 9898 21530 21530 21530 21530 21530 21530 21530 21530 21530 21530 21530 21530 21530 21530 21530 21530 21530 21530 21530 21530 21530 21530 21530 21530 21530 20174 12101 12101 12101 12101 12101 12101 12101 12101 12101 12101 12101 12101 12101 12101 12101 12101 12101 12101 12101 12101 12101 12101 12101 12101 12101 10745 6508 6508 6508 6508 6508 6508 6508 6508 6508 6508 6508 6508 6508 6508 6508 6508 6508 6508 6508 6508 6508 6508 6508 6508 6508 5152 
22746 22746 22746 22746 22746 22746 22746 22746 22746 22746 22746 21390 11898 35728 35728 35728 35728 35728 35728 35728 35728 35728 35728 35728 35728 29626 13242 13242 13242 13242 13242 13242 13242 13242 13242 13242 13242 13242 13242 13242 13242 13242 13242 13242 13242 13242 13242 13242 13242 13242 13242 11886 15613 15613 15613 15613 15613 15613 15613 15613 15613 15613 15613 15613 15613 15613 15613 15613 15613 15613 15613 15613 15613 15613 15613 15613 15613 14257 18480 18480 18480 18480 18480 18480 18480 18480 18480 18480 18480 18480 18480 18480 18480 18480 18480 18480 18480 18480 18480 18480 18480 18480 18480 17124 
40072 40072 40072 40072 40072 40072 40072 40072 40072 40072 40072 38800 27884 16800 16800 16800 16800 16800 16800 16800 16800 16800 16800 16800 16800 11076 21846 21846 21846 21846 21846 21846 21846 21846 21846 21846 21846 21846 21846 21846 21846 21846 21846 21846 21846 21846 21846 21846 21846 21846 21846 20574 12521 12521 12521 12521 12521 12521 12521 12521 12521 12521 12521 12521 12521 12521 12521 12521 12521 12521 12521 12521 12521 12521 12521 12521 12521 11249 7896 7896 7896 7896 7896 7896 7896 7896 7896 7896 7896 7896 7896 7896 7896 7896 7896 7896 7896 7896 7896 7896 7896 7896 7896 6624 
15876 15876 15876 15876 15876 15876 15876 15876 15876 15876 15876 14700 6468 33312 33312 33312 33312 33312 33312 33312 33312 33312 33312 33312 33312 28020 12894 12894 12894 12894 12894 12894 12894 12894 12894 12894 12894 12894 12894 12894 12894 12894 12894 12894 12894 12894 12894 12894 12894 12894 12894 11718 14569 14569 14569 14569 14569 14569 14569 14569 14569 14569 14569 14569 14569 14569 14569 14569 14569 14569 14569 14569 14569 14569 14569 14569 14569 13393 17324 17324 17324 17324 17324 17324 17324 17324 17324 17324 17324 17324 17324 17324 17324 17324 17324 17324 17324 17324 17324 17324 17324 17324 17324 16148 
]

ExternalWorkerWithSkillOnStintCost: [
37212 40656 47544 38388 38892 42000 42924 45948 39060 45444 35700 36204 36432 36432 39888 43128 36288 32760 31104 38088 39384 32256 35712 30096 28800 36792 16920 12120 15420 16830 13380 16530 15000 14820 16530 15300 14760 14040 14700 17100 13290 14640 13140 13380 16140 13710 12600 12840 17040 12390 13560 17010 15330 17070 15720 12750 13650 16050 15150 14880 14880 17340 12660 13200 12840 14220 15570 14490 13230 14340 15450 15660 15330 16170 13470 16290 15840 13320 15180 14610 13170 17640 16380 13140 14490 15000 15210 15330 13380 14160 13830 17040 13020 14250 14160 15060 17940 12810 13320 16380 15300 17370 16560 14250 
44520 39480 34608 42756 45360 37464 37296 41328 38892 40908 33684 38220 29664 29808 38376 39024 41112 36648 31752 35280 29232 41976 41760 35712 31392 35280 14490 17040 13170 12990 15990 12630 15600 14610 14520 13170 17580 14880 15480 16140 17190 14490 17610 16800 13290 12390 12900 16260 17010 14520 12210 13050 13980 14940 13140 15030 12930 12300 12210 16860 12360 15060 16050 15960 13620 16740 15510 13680 13800 16320 14760 12720 17220 12510 17520 17160 17130 14040 12090 12840 16170 15720 14910 15300 17730 15780 17340 14280 12060 14970 12210 14460 13740 15000 15960 17070 17040 13050 15270 14490 16380 17790 12180 12360 
]

OverlappingStints: [
[ 2 14 15 27 28 29 30 53 54 55 56 79 80 81 82 ]
[ 3 14 15 16 29 30 31 32 55 56 57 58 81 82 83 84 ]
[ 4 15 16 17 31 32 33 34 57 58 59 60 83 84 85 86 ]
[ 5 16 17 18 33 34 35 36 59 60 61 62 85 86 87 88 ]
[ 6 17 18 19 35 36 37 38 61 62 63 64 87 88 89 90 ]
[ 7 18 19 20 37 38 39 40 63 64 65 66 89 90 91 92 ]
[ 8 19 20 21 39 40 41 42 65 66 67 68 91 92 93 94 ]
[ 9 20 21 22 41 42 43 44 67 68 69 70 93 94 95 96 ]
[ 10 21 22 23 43 44 45 46 69 70 71 72 95 96 97 98 ]
[ 11 22 23 24 45 46 47 48 71 72 73 74 97 98 99 100 ]
[ 12 23 24 25 47 48 49 50 73 74 75 76 99 100 101 102 ]
[ 13 24 25 26 49 50 51 52 75 76 77 78 101 102 103 104 ]
[ 25 26 51 52 77 78 103 104 ]
[ 15 27 28 29 53 54 55 79 80 81 ]
[ 16 29 30 31 55 56 57 81 82 83 ]
[ 17 31 32 33 57 58 59 83 84 85 ]
[ 18 33 34 35 59 60 61 85 86 87 ]
[ 19 35 36 37 61 62 63 87 88 89 ]
[ 20 37 38 39 63 64 65 89 90 91 ]
[ 21 39 40 41 65 66 67 91 92 93 ]
[ 22 41 42 43 67 68 69 93 94 95 ]
[ 23 43 44 45 69 70 71 95 96 97 ]
[ 24 45 46 47 71 72 73 97 98 99 ]
[ 25 47 48 49 73 74 75 99 100 101 ]
[ 26 49 50 51 75 76 77 101 102 103 ]
[ 51 52 77 78 103 104 ]
[ 53 79 ]
[ 54 80 ]
[ 55 81 ]
[ 56 82 ]
[ 57 83 ]
[ 58 84 ]
[ 59 85 ]
[ 60 86 ]
[ 61 87 ]
[ 62 88 ]
[ 63 89 ]
[ 64 90 ]
[ 65 91 ]
[ 66 92 ]
[ 67 93 ]
[ 68 94 ]
[ 69 95 ]
[ 70 96 ]
[ 71 97 ]
[ 72 98 ]
[ 73 99 ]
[ 74 100 ]
[ 75 101 ]
[ 76 102 ]
[ 77 103 ]
[ 78 104 ]
[ 79 ]
[ 80 ]
[ 81 ]
[ 82 ]
[ 83 ]
[ 84 ]
[ 85 ]
[ 86 ]
[ 87 ]
[ 88 ]
[ 89 ]
[ 90 ]
[ 91 ]
[ 92 ]
[ 93 ]
[ 94 ]
[ 95 ]
[ 96 ]
[ 97 ]
[ 98 ]
[ 99 ]
[ 100 ]
[ 101 ]
[ 102 ]
[ 103 ]
[ 104 ]
[ ]
[ ]
[ ]
[ ]
[ ]
[ ]
[ ]
[ ]
[ ]
[ ]
[ ]
[ ]
[ ]
[ ]
[ ]
[ ]
[ ]
[ ]
[ ]
[ ]
[ ]
[ ]
[ ]
[ ]
[ ]
[ ]
]

EmployeesWithSkill: [
[ 1 2 3 4 5 6 7 8 9 10 11 12 13 14 15 16 17 18 19 20 21 22 23 24 25 26 27 28 29 30 ]
[ 1 2 3 4 6 7 9 12 14 15 16 19 21 22 25 29 30 ]
]

SkillDemandInActivityWithMode: [
0	
2	
1	
1	
2	
2	
2	
2	
2	
1	
1	
1	
1	
2	
2	
2	
1	
1	
2	
1	
2	
1	
1	
2	
1	
2	
1	
1	
1	
1	
1	
1	
1	
2	
1	
2	
1	
2	
1	
1	
1	
2	
1	
2	
0	
13	
6	
13	
3	
5	
7	
12	
13	
9	
13	
5	
7	
8	
6	
11	
13	
3	
6	
2	
11	
6	
13	
12	
11	
13	
2	
11	
10	
6	
12	
0	
3	
1	
2	
2	
2	
3	
4	
2	
2	
3	
2	
2	
3	
2	
3	
2	
4	
1	
4	
1	
2	
4	
2	
4	
1	
4	
3	
3	
3	
4	
4	
4	
4	
3	
0	
2	
4	
2	
2	
3	
2	
2	
3	
3	
4	
6	
2	
4	
2	
4	
2	
3	
3	
2	
6	
2	
4	
4	
5	
3	
6	
4	
5	
2	
2	
5	
3	
5	
3	
6	
2	
2	
6	
3	
0	
5	
6	
3	
4	
6	
4	
1	
4	
5	
5	
5	
1	
2	
4	
4	
5	
3	
4	
2	
2	
5	
3	
3	
5	
2	
5	
6	
3	
2	
4	
3	
2	
4	
3	
5	
1	

0	
5	
2	
0	
4	
3	
4	
5	
4	
1	
2	
1	
2	
3	
3	
3	
0	
2	
4	
1	
3	
2	
0	
4	
0	
3	
1	
2	
0	
0	
0	
2	
1	
4	
3	
4	
1	
5	
3	
0	
1	
4	
1	
5	
0	
2	
0	
2	
0	
0	
1	
1	
2	
1	
2	
0	
1	
1	
0	
1	
2	
0	
0	
0	
1	
0	
2	
1	
1	
2	
0	
1	
1	
0	
1	
0	
0	
0	
0	
0	
0	
0	
0	
0	
0	
0	
0	
0	
0	
0	
0	
0	
0	
0	
0	
0	
0	
0	
0	
0	
0	
0	
0	
0	
0	
0	
0	
0	
0	
0	
0	
0	
2	
0	
0	
1	
1	
1	
1	
1	
2	
3	
0	
2	
1	
1	
0	
1	
1	
0	
3	
0	
2	
2	
2	
1	
3	
1	
2	
1	
0	
2	
1	
2	
1	
3	
1	
0	
3	
1	
0	
0	
0	
0	
0	
0	
0	
0	
0	
0	
0	
0	
0	
0	
0	
0	
0	
0	
0	
0	
0	
0	
0	
0	
0	
0	
0	
0	
0	
0	
0	
0	
0	
0	
0	
0	
0	

]

EmployeeAvailability: [
1 1 1 1 1 1 1 1 1 1 1 1 1 1 1 1 1 1 1 1 1 1 1 1 1 1 1 1 1 1 1 1 1 1 1 1 1 1 1 1 1 1 1 1 1 1 1 1 1 1 1 1 1 1 1 1 1 1 1 1 1 1 1 1 1 1 1 1 1 1 1 1 1 1 1 1 1 1 1 1 1 1 1 1 1 1 1 1 1 1 1 1 1 1 1 1 1 1 1 1 1 1 1 1 
1 1 1 1 1 1 1 1 1 1 1 1 1 1 1 1 1 1 1 1 1 1 1 1 1 1 1 1 1 1 1 1 1 1 1 1 1 1 1 1 1 1 1 1 1 1 1 1 1 1 1 1 1 1 1 1 1 1 1 1 1 1 1 1 1 1 1 1 1 1 1 1 1 1 1 1 1 1 1 1 1 1 1 1 1 1 1 1 1 1 1 1 1 1 1 1 1 1 1 1 1 1 1 1 
0 0 1 1 1 1 1 1 1 1 1 1 1 0 0 1 1 1 1 1 1 1 1 1 1 1 0 1 1 0 1 1 1 1 1 1 1 1 1 1 1 1 1 1 1 1 1 1 1 1 1 1 0 1 1 0 1 1 1 1 1 1 1 1 1 1 1 1 1 1 1 1 1 1 1 1 1 1 0 1 1 0 1 1 1 1 1 1 1 1 1 1 1 1 1 1 1 1 1 1 1 1 1 1 
1 1 1 1 1 1 1 1 1 1 1 0 1 1 1 1 1 1 1 1 1 1 1 1 0 1 1 1 1 1 1 1 1 1 1 1 1 1 1 1 1 1 1 1 1 1 1 1 1 0 1 1 1 1 1 1 1 1 1 1 1 1 1 1 1 1 1 1 1 1 1 1 1 1 1 0 1 1 1 1 1 1 1 1 1 1 1 1 1 1 1 1 1 1 1 1 1 1 1 1 1 0 1 1 
1 1 1 1 1 1 1 1 1 1 1 1 0 1 1 1 1 1 1 1 1 1 1 1 1 0 1 1 1 1 1 1 1 1 1 1 1 1 1 1 1 1 1 1 1 1 1 1 1 1 1 1 1 1 1 1 1 1 1 1 1 1 1 1 1 1 1 1 1 1 1 1 1 1 1 1 1 1 1 1 1 1 1 1 1 1 1 1 1 1 1 1 1 1 1 1 1 1 1 1 1 1 1 1 
1 1 1 1 0 1 0 1 1 1 1 1 0 1 1 1 1 0 1 0 1 1 1 1 1 0 1 1 1 1 1 1 1 1 1 1 1 1 1 0 1 1 1 1 1 1 1 1 1 1 0 1 1 1 1 1 1 1 1 1 1 1 1 1 1 0 1 1 1 1 1 1 1 1 1 1 0 1 1 1 1 1 1 1 1 1 1 1 1 1 1 0 1 1 1 1 1 1 1 1 1 1 0 1 
1 1 1 1 1 1 1 0 1 1 1 1 1 1 1 1 1 1 1 1 0 1 1 1 1 1 1 1 1 1 1 1 1 1 1 1 1 1 1 1 1 0 1 1 1 1 1 1 1 1 1 1 1 1 1 1 1 1 1 1 1 1 1 1 1 1 1 0 1 1 1 1 1 1 1 1 1 1 1 1 1 1 1 1 1 1 1 1 1 1 1 1 1 0 1 1 1 1 1 1 1 1 1 1 
1 1 1 1 1 1 1 0 1 1 1 1 1 1 1 1 1 1 1 1 0 1 1 1 1 1 1 1 1 1 1 1 1 1 1 1 1 1 1 1 0 1 1 1 1 1 1 1 1 1 1 1 1 1 1 1 1 1 1 1 1 1 1 1 1 1 0 1 1 1 1 1 1 1 1 1 1 1 1 1 1 1 1 1 1 1 1 1 1 1 1 1 0 1 1 1 1 1 1 1 1 1 1 1 
1 1 1 1 0 0 1 1 1 1 1 1 1 1 1 1 1 0 0 1 1 1 1 1 1 1 1 1 1 1 1 1 1 1 0 1 1 0 1 1 1 1 1 1 1 1 1 1 1 1 1 1 1 1 1 1 1 1 1 1 0 1 1 0 1 1 1 1 1 1 1 1 1 1 1 1 1 1 1 1 1 1 1 1 1 1 0 1 1 0 1 1 1 1 1 1 1 1 1 1 1 1 1 1 
1 0 1 1 1 1 0 1 1 0 1 1 1 1 0 1 1 1 1 0 1 1 0 1 1 1 1 1 1 0 1 1 1 1 1 1 1 1 1 0 1 1 1 1 0 1 1 1 1 1 1 1 1 1 1 0 1 1 1 1 1 1 1 1 1 0 1 1 1 1 0 1 1 1 1 1 1 1 1 1 1 0 1 1 1 1 1 1 1 1 1 0 1 1 1 1 0 1 1 1 1 1 1 1 
1 1 1 1 1 1 1 1 1 1 1 1 1 1 1 1 1 1 1 1 1 1 1 1 1 1 1 1 1 1 1 1 1 1 1 1 1 1 1 1 1 1 1 1 1 1 1 1 1 1 1 1 1 1 1 1 1 1 1 1 1 1 1 1 1 1 1 1 1 1 1 1 1 1 1 1 1 1 1 1 1 1 1 1 1 1 1 1 1 1 1 1 1 1 1 1 1 1 1 1 1 1 1 1 
1 1 1 1 1 1 1 1 1 1 1 1 1 1 1 1 1 1 1 1 1 1 1 1 1 1 1 1 1 1 1 1 1 1 1 1 1 1 1 1 1 1 1 1 1 1 1 1 1 1 1 1 1 1 1 1 1 1 1 1 1 1 1 1 1 1 1 1 1 1 1 1 1 1 1 1 1 1 1 1 1 1 1 1 1 1 1 1 1 1 1 1 1 1 1 1 1 1 1 1 1 1 1 1 
0 1 1 1 1 1 1 1 1 1 1 1 1 0 1 1 1 1 1 1 1 1 1 1 1 1 1 0 1 1 1 1 1 1 1 1 1 1 1 1 1 1 1 1 1 1 1 1 1 1 1 1 1 0 1 1 1 1 1 1 1 1 1 1 1 1 1 1 1 1 1 1 1 1 1 1 1 1 1 0 1 1 1 1 1 1 1 1 1 1 1 1 1 1 1 1 1 1 1 1 1 1 1 1 
1 1 1 1 1 1 1 1 1 1 1 1 1 1 1 1 1 1 1 1 1 1 1 1 1 1 1 1 1 1 1 1 1 1 1 1 1 1 1 1 1 1 1 1 1 1 1 1 1 1 1 1 1 1 1 1 1 1 1 1 1 1 1 1 1 1 1 1 1 1 1 1 1 1 1 1 1 1 1 1 1 1 1 1 1 1 1 1 1 1 1 1 1 1 1 1 1 1 1 1 1 1 1 1 
0 1 1 1 1 1 1 1 1 0 1 1 1 0 1 1 1 1 1 1 1 1 0 1 1 1 0 1 1 1 1 1 1 1 1 1 1 1 1 1 1 1 1 1 0 1 1 1 1 1 1 1 0 1 1 1 1 1 1 1 1 1 1 1 1 1 1 1 1 1 0 1 1 1 1 1 1 1 0 1 1 1 1 1 1 1 1 1 1 1 1 1 1 1 1 1 0 1 1 1 1 1 1 1 
0 1 1 1 1 1 1 1 1 1 1 0 1 0 1 1 1 1 1 1 1 1 1 1 1 1 0 1 1 1 1 1 1 1 1 1 1 1 1 1 1 1 1 1 1 1 1 1 1 1 1 1 0 1 1 1 1 1 1 1 1 1 1 1 1 1 1 1 1 1 1 1 1 1 1 1 1 1 0 1 1 1 1 1 1 1 1 1 1 1 1 1 1 1 1 1 1 1 1 1 1 1 1 1 
1 0 1 1 1 1 1 1 1 1 1 1 1 1 0 1 1 1 1 1 1 1 1 1 1 1 1 1 1 0 1 1 1 1 1 1 1 1 1 1 1 1 1 1 1 1 1 1 1 1 1 1 1 1 1 0 1 1 1 1 1 1 1 1 1 1 1 1 1 1 1 1 1 1 1 1 1 1 1 1 1 0 1 1 1 1 1 1 1 1 1 1 1 1 1 1 1 1 1 1 1 1 1 1 
1 1 1 1 1 0 1 1 1 1 1 1 1 1 1 1 1 1 0 1 1 1 1 1 1 1 1 1 1 1 1 1 1 1 1 1 1 0 1 1 1 1 1 1 1 1 1 1 1 1 1 1 1 1 1 1 1 1 1 1 1 1 1 0 1 1 1 1 1 1 1 1 1 1 1 1 1 1 1 1 1 1 1 1 1 1 1 1 1 0 1 1 1 1 1 1 1 1 1 1 1 1 1 1 
1 1 1 1 1 1 1 1 1 1 1 0 1 1 1 1 1 1 1 1 1 1 1 1 0 1 1 1 1 1 1 1 1 1 1 1 1 1 1 1 1 1 1 1 1 1 1 1 0 1 1 1 1 1 1 1 1 1 1 1 1 1 1 1 1 1 1 1 1 1 1 1 1 1 0 1 1 1 1 1 1 1 1 1 1 1 1 1 1 1 1 1 1 1 1 1 1 1 1 1 0 1 1 1 
1 1 1 1 1 1 1 1 1 1 0 1 1 1 1 1 1 1 1 1 1 1 1 0 1 1 1 1 1 1 1 1 1 1 1 1 1 1 1 1 1 1 1 1 1 1 0 1 1 1 1 1 1 1 1 1 1 1 1 1 1 1 1 1 1 1 1 1 1 1 1 1 0 1 1 1 1 1 1 1 1 1 1 1 1 1 1 1 1 1 1 1 1 1 1 1 1 1 0 1 1 1 1 1 
1 1 1 1 1 1 1 1 1 1 0 1 1 1 1 1 1 1 1 1 1 1 1 0 1 1 1 1 1 1 1 1 1 1 1 1 1 1 1 1 1 1 1 1 1 1 0 1 1 1 1 1 1 1 1 1 1 1 1 1 1 1 1 1 1 1 1 1 1 1 1 1 0 1 1 1 1 1 1 1 1 1 1 1 1 1 1 1 1 1 1 1 1 1 1 1 1 1 0 1 1 1 1 1 
1 1 1 1 1 1 1 1 1 1 1 1 1 1 1 1 1 1 1 1 1 1 1 1 1 1 1 1 1 1 1 1 1 1 1 1 1 1 1 1 1 1 1 1 1 1 1 1 1 1 1 1 1 1 1 1 1 1 1 1 1 1 1 1 1 1 1 1 1 1 1 1 1 1 1 1 1 1 1 1 1 1 1 1 1 1 1 1 1 1 1 1 1 1 1 1 1 1 1 1 1 1 1 1 
1 0 0 1 1 1 1 0 1 1 1 1 1 1 0 0 1 1 1 1 0 1 1 1 1 1 1 1 1 0 1 0 1 1 1 1 1 1 1 1 0 1 1 1 1 1 1 1 1 1 1 1 1 1 1 0 1 0 1 1 1 1 1 1 1 1 0 1 1 1 1 1 1 1 1 1 1 1 1 1 1 0 1 0 1 1 1 1 1 1 1 1 0 1 1 1 1 1 1 1 1 1 1 1 
0 1 1 1 1 1 1 1 1 1 1 1 1 0 1 1 1 1 1 1 1 1 1 1 1 1 1 1 1 1 1 1 1 1 1 1 1 1 1 1 1 1 1 1 1 1 1 1 1 1 1 1 1 1 1 1 1 1 1 1 1 1 1 1 1 1 1 1 1 1 1 1 1 1 1 1 1 1 1 1 1 1 1 1 1 1 1 1 1 1 1 1 1 1 1 1 1 1 1 1 1 1 1 1 
1 1 1 1 1 1 1 0 1 1 0 1 0 1 1 1 1 1 1 1 0 1 1 0 1 0 1 1 1 1 1 1 1 1 1 1 1 1 1 1 0 1 1 1 1 1 1 1 1 1 0 1 1 1 1 1 1 1 1 1 1 1 1 1 1 1 0 1 1 1 1 1 1 1 1 1 0 1 1 1 1 1 1 1 1 1 1 1 1 1 1 1 0 1 1 1 1 1 1 1 1 1 0 1 
1 1 1 1 1 1 1 1 1 1 1 1 1 1 1 1 1 1 1 1 1 1 1 1 1 1 1 1 1 1 1 1 1 1 1 1 1 1 1 1 1 1 1 1 1 1 1 1 1 1 1 1 1 1 1 1 1 1 1 1 1 1 1 1 1 1 1 1 1 1 1 1 1 1 1 1 1 1 1 1 1 1 1 1 1 1 1 1 1 1 1 1 1 1 1 1 1 1 1 1 1 1 1 1 
1 1 0 0 1 1 1 1 1 1 1 1 0 1 1 0 0 1 1 1 1 1 1 1 1 0 1 1 1 1 1 1 1 0 1 1 1 1 1 1 1 1 1 1 1 1 1 1 1 1 0 1 1 1 1 1 1 1 1 0 1 1 1 1 1 1 1 1 1 1 1 1 1 1 1 1 0 1 1 1 1 1 1 1 1 0 1 1 1 1 1 1 1 1 1 1 1 1 1 1 1 1 0 1 
0 0 1 1 1 1 1 1 1 1 1 1 1 0 0 1 1 1 1 1 1 1 1 1 1 1 1 0 1 0 1 1 1 1 1 1 1 1 1 1 1 1 1 1 1 1 1 1 1 1 1 1 1 0 1 0 1 1 1 1 1 1 1 1 1 1 1 1 1 1 1 1 1 1 1 1 1 1 1 0 1 0 1 1 1 1 1 1 1 1 1 1 1 1 1 1 1 1 1 1 1 1 1 1 
1 1 1 1 1 1 1 1 1 0 1 1 1 1 1 1 1 1 1 1 1 1 0 1 1 1 1 1 1 1 1 1 1 1 1 1 1 1 1 1 1 1 1 1 1 0 1 1 1 1 1 1 1 1 1 1 1 1 1 1 1 1 1 1 1 1 1 1 1 1 1 0 1 1 1 1 1 1 1 1 1 1 1 1 1 1 1 1 1 1 1 1 1 1 1 1 1 0 1 1 1 1 1 1 
1 1 1 1 1 1 0 1 0 0 1 1 1 1 1 1 1 1 1 1 1 0 1 1 1 1 1 1 1 1 1 1 1 1 1 1 1 1 1 1 1 1 1 1 1 1 1 1 1 1 1 1 1 1 1 1 1 1 1 1 1 1 1 1 1 1 1 1 1 1 1 1 1 1 1 1 1 1 1 1 1 1 1 1 1 1 1 1 1 1 1 1 1 1 1 1 1 1 1 1 1 1 1 1 
]

EmployeeWantedInStint: [ (1 47) 1 (2 5) 1 (2 16) 1 (2 86) 1 (3 63) 1 (3 72) 1 (3 93) 1 (3 101) 1 (3 104) 1 (4 23) 1 (4 56) 1 (4 79) 1 (4 93) 1 (5 64) 1 (5 95) 1 (6 23) 1 (6 34) 1 (7 16) 1 (7 64) 1 (9 23) 1 (9 33) 1 (9 62) 1 (10 91) 1 (10 96) 1 (11 18) 1 (12 33) 1 (12 52) 1 (13 48) 1 (14 75) 1 (15 56) 1 (15 97) 1 (16 29) 1 (17 102) 1 (18 2) 1 (18 102) 1 (19 34) 1 (19 55) 1 (19 71) 1 (20 38) 1 (20 49) 1 (21 9) 1 (21 42) 1 (21 45) 1 (21 97) 1 (22 22) 1 (22 47) 1 (23 49) 1 (23 78) 1 (23 82) 1 (24 55) 1 (24 83) 1 (24 97) 1 (25 28) 1 (25 51) 1 (25 57) 1 (25 88) 1 (27 45) 1 (29 33) 1 (29 43) 1 (29 45) 1 (30 46) 1 (30 75) 1 ]

EmployeeWantedViolationCost: [ (1 47) 7000 (2 5) 11000 (2 16) 7000 (2 86) 10000 (3 63) 15000 (3 72) 5000 (3 93) 13000 (3 101) 8000 (3 104) 7000 (4 23) 15000 (4 56) 9000 (4 79) 12000 (4 93) 6000 (5 64) 8000 (5 95) 7000 (6 23) 13000 (6 34) 15000 (7 16) 12000 (7 64) 12000 (9 23) 14000 (9 33) 7000 (9 62) 8000 (10 91) 8000 (10 96) 13000 (11 18) 11000 (12 33) 6000 (12 52) 15000 (13 48) 11000 (14 75) 9000 (15 56) 12000 (15 97) 12000 (16 29) 12000 (17 102) 15000 (18 2) 14000 (18 102) 9000 (19 34) 6000 (19 55) 14000 (19 71) 14000 (20 38) 9000 (20 49) 5000 (21 9) 10000 (21 42) 5000 (21 45) 12000 (21 97) 8000 (22 22) 15000 (22 47) 10000 (23 49) 8000 (23 78) 15000 (23 82) 8000 (24 55) 11000 (24 83) 13000 (24 97) 15000 (25 28) 12000 (25 51) 7000 (25 57) 8000 (25 88) 6000 (27 45) 10000 (29 33) 10000 (29 43) 12000 (29 45) 15000 (30 46) 14000 (30 75) 10000 ]

EmployeesThatShouldNotWorkTogetherWithEmployee: [
[ ]
[ 5 27 ]
[ 25 ]
[ 5 13 ]
[ 18 20 ]
[ 27 ]
[ 9 ]
[ ]
[ 22 28 ]
[ 22 ]
[ 21 ]
[ 30 ]
[ 24 26 ]
[ 17 ]
[ 25 ]
[ ]
[ 26 ]
[ ]
[ 30 ]
[ ]
[ ]
[ 29 ]
[ ]
[ ]
[ ]
[ ]
[ ]
[ ]
[ ]
[ ]
]

ShouldNotWorkTogetherCost: [ (2 5) 297 (2 27) 198 (3 25) 297 (4 5) 297 (4 13) 396 (5 18) 99 (5 20) 297 (6 27) 297 (7 9) 297 (9 22) 396 (9 28) 396 (10 22) 297 (11 21) 99 (12 30) 198 (13 24) 198 (13 26) 198 (14 17) 99 (15 25) 99 (17 26) 99 (19 30) 99 (22 29) 99 ]

ImmediatePredecessorsToActivity: [
[ ]
[ 1 ]
[ 2 ]
[ 1 ]
[ 3 ]
[ 5 ]
[ 6 ]
[ 2 6 ]
[ 2 ]
[ 7 ]
[ 1 ]
[ 6 ]
[ 5 9 ]
[ 5 8 11 ]
[ 3 11 ]
[ 9 15 ]
[ 1 ]
[ 6 14 ]
[ 12 14 ]
[ 15 ]
[ 2 11 13 ]
[ 3 13 16 ]
[ 1 ]
[ 5 9 12 ]
[ 9 ]
[ 14 25 ]
[ 9 11 ]
[ 2 6 13 14 16 25 ]
[ 9 ]
[ 9 15 ]
[ 2 15 ]
[ 7 8 15 ]
[ 7 27 ]
[ 3 8 11 ]
[ 12 14 21 27 29 34 ]
[ 6 25 ]
[ 5 9 ]
[ 12 13 16 27 29 36 37 ]
[ 15 21 29 ]
[ 1 ]
[ 6 15 ]
[ 20 34 ]
[ 7 8 13 ]
[ 13 14 15 27 ]
[ ]
[ 45 ]
[ 45 ]
[ 45 ]
[ 45 ]
[ 46 ]
[ 47 49 ]
[ 48 ]
[ 46 47 49 ]
[ 45 ]
[ 48 53 ]
[ 46 52 ]
[ 46 48 54 ]
[ 46 51 54 ]
[ 49 57 ]
[ 47 56 59 ]
[ 51 59 ]
[ 57 ]
[ 52 53 ]
[ 46 54 ]
[ 50 51 53 56 57 ]
[ 48 53 ]
[ 47 48 ]
[ 48 49 56 ]
[ 67 68 ]
[ 50 51 52 ]
[ 45 ]
[ 55 68 ]
[ 50 59 69 ]
[ 53 56 ]
[ 51 57 69 ]
[ ]
[ 76 ]
[ 77 ]
[ 76 ]
[ 76 ]
[ 76 ]
[ 79 ]
[ 82 ]
[ 77 80 83 ]
[ 79 ]
[ 79 80 83 ]
[ 85 ]
[ 79 80 ]
[ 83 88 ]
[ 85 88 ]
[ 88 ]
[ 77 81 83 ]
[ 79 83 ]
[ 77 ]
[ 82 86 87 89 94 ]
[ 76 ]
[ 82 85 91 ]
[ 86 87 89 96 ]
[ 83 96 ]
[ 89 93 ]
[ 81 82 ]
[ 87 89 91 ]
[ 81 93 94 ]
[ 85 91 94 ]
[ 80 89 ]
[ 89 91 93 96 ]
[ 88 ]
[ 82 86 87 89 91 94 96 ]
[ 76 ]
[ 76 ]
[ ]
[ 111 ]
[ 111 ]
[ 112 ]
[ 111 ]
[ 113 115 ]
[ 112 ]
[ 112 ]
[ 113 115 118 ]
[ 112 ]
[ 118 ]
[ 112 ]
[ 111 ]
[ 111 ]
[ 113 120 ]
[ 116 117 ]
[ 123 ]
[ 111 ]
[ 113 ]
[ 112 128 ]
[ 120 122 ]
[ 124 129 ]
[ 123 131 ]
[ 111 ]
[ 113 117 121 128 ]
[ 116 120 122 ]
[ 121 127 128 129 131 ]
[ 120 ]
[ 128 138 ]
[ 111 ]
[ 124 128 134 ]
[ 113 118 134 138 ]
[ 116 120 129 ]
[ 118 140 141 ]
[ 116 117 134 ]
[ 113 128 131 134 138 140 ]
[ 113 115 124 140 ]
[ 123 124 ]
[ 114 118 129 138 140 141 148 ]
[ 117 128 134 ]
[ ]
[ 151 ]
[ 151 ]
[ 151 ]
[ 153 ]
[ 151 ]
[ 155 156 ]
[ 154 156 ]
[ 153 157 ]
[ 155 ]
[ 153 154 ]
[ 158 ]
[ 151 ]
[ 160 ]
[ 153 154 ]
[ 152 153 163 ]
[ 157 ]
[ 159 161 ]
[ 158 167 ]
[ 151 ]
[ 151 ]
[ 166 168 ]
[ 160 165 170 ]
[ 157 163 165 171 ]
[ 152 153 156 171 173 ]
[ 155 159 ]
[ 165 175 ]
[ 153 160 167 168 ]
[ 157 158 163 175 ]
[ 167 170 ]
[ 152 158 173 ]
[ 157 ]
[ 152 153 156 ]
[ 161 173 182 ]
[ 165 171 ]
[ 152 158 168 182 185 ]
[ 151 ]
]

ActivitiesInProject: [
[ 1 2 3 4 5 6 7 8 9 10 11 12 13 14 15 16 17 18 19 20 21 22 23 24 25 26 27 28 29 30 31 32 33 34 35 36 37 38 39 40 41 42 43 44 ]
[ 45 46 47 48 49 50 51 52 53 54 55 56 57 58 59 60 61 62 63 64 65 66 67 68 69 70 71 72 73 74 75 ]
[ 76 77 78 79 80 81 82 83 84 85 86 87 88 89 90 91 92 93 94 95 96 97 98 99 100 101 102 103 104 105 106 107 108 109 110 ]
[ 111 112 113 114 115 116 117 118 119 120 121 122 123 124 125 126 127 128 129 130 131 132 133 134 135 136 137 138 139 140 141 142 143 144 145 146 147 148 149 150 ]
[ 151 152 153 154 155 156 157 158 159 160 161 162 163 164 165 166 167 168 169 170 171 172 173 174 175 176 177 178 179 180 181 182 183 184 185 186 187 ]
]

nActivityModes: [ 1 1 1 1 1 1 1 1 1 1 1 1 1 1 1 1 1 1 1 1 1 1 1 1 1 1 1 1 1 1 1 1 1 1 1 1 1 1 1 1 1 1 1 1 1 1 1 1 1 1 1 1 1 1 1 1 1 1 1 1 1 1 1 1 1 1 1 1 1 1 1 1 1 1 1 1 1 1 1 1 1 1 1 1 1 1 1 1 1 1 1 1 1 1 1 1 1 1 1 1 1 1 1 1 1 1 1 1 1 1 1 1 1 1 1 1 1 1 1 1 1 1 1 1 1 1 1 1 1 1 1 1 1 1 1 1 1 1 1 1 1 1 1 1 1 1 1 1 1 1 1 1 1 1 1 1 1 1 1 1 1 1 1 1 1 1 1 1 1 1 1 1 1 1 1 1 1 1 1 1 1 1 1 1 1 1 1 ]

ActivityDurationWithMode: [
1	
12	
28	
116	
13	
17	
13	
12	
14	
37	
24	
36	
22	
17	
18	
18	
114	
22	
15	
52	
19	
24	
125	
14	
71	
18	
55	
23	
74	
68	
68	
32	
41	
14	
20	
15	
54	
12	
21	
71	
50	
13	
36	
12	
1	
8	
18	
8	
42	
23	
15	
9	
8	
12	
8	
22	
15	
14	
18	
10	
8	
42	
19	
59	
10	
17	
8	
9	
10	
8	
71	
10	
11	
19	
9	
1	
14	
54	
23	
23	
21	
13	
9	
18	
16	
15	
18	
16	
13	
24	
14	
19	
9	
44	
10	
48	
16	
9	
18	
8	
31	
8	
12	
12	
12	
8	
10	
8	
8	
12	
1	
36	
13	
38	
47	
16	
28	
24	
16	
16	
13	
9	
40	
12	
27	
15	
34	
23	
19	
45	
9	
43	
14	
12	
10	
16	
8	
14	
10	
25	
40	
11	
17	
11	
17	
9	
25	
29	
8	
18	
1	
10	
8	
15	
12	
8	
13	
45	
13	
10	
9	
10	
50	
34	
13	
13	
11	
18	
13	
23	
27	
9	
20	
17	
9	
23	
10	
8	
15	
22	
12	
19	
40	
11	
18	
9	
76	
]

StintsInProject: [
[ 1 2 3 4 5 6 7 8 9 10 11 12 13 ]
[ 14 15 16 17 18 19 20 21 22 23 24 25 26 ]
[ 27 28 29 30 31 32 33 34 35 36 37 38 39 40 41 42 43 44 45 46 47 48 49 50 51 52 ]
[ 53 54 55 56 57 58 59 60 61 62 63 64 65 66 67 68 69 70 71 72 73 74 75 76 77 78 ]
[ 79 80 81 82 83 84 85 86 87 88 89 90 91 92 93 94 95 96 97 98 99 100 101 102 103 104 ]
]

WorkingStintsOnDay: [
[ 1 14 27 53 79 ]
[ 1 14 27 53 79 ]
[ 1 14 27 53 79 ]
[ 1 14 27 53 79 ]
[ 1 14 27 53 79 ]
[ 1 14 ]
[ 1 14 ]
[ 1 14 28 54 80 ]
[ 1 14 28 54 80 ]
[ 1 14 28 54 80 ]
[ 1 14 28 54 80 ]
[ 1 14 28 54 80 ]
[ 1 ]
[ 1 ]
[ 2 15 29 55 81 ]
[ 2 15 29 55 81 ]
[ 2 15 29 55 81 ]
[ 2 15 29 55 81 ]
[ 2 15 29 55 81 ]
[ 2 15 ]
[ 2 15 ]
[ 2 15 30 56 82 ]
[ 2 15 30 56 82 ]
[ 2 15 30 56 82 ]
[ 2 15 30 56 82 ]
[ 2 15 30 56 82 ]
[ 2 ]
[ 2 ]
[ 3 16 31 57 83 ]
[ 3 16 31 57 83 ]
[ 3 16 31 57 83 ]
[ 3 16 31 57 83 ]
[ 3 16 31 57 83 ]
[ 3 16 ]
[ 3 16 ]
[ 3 16 32 58 84 ]
[ 3 16 32 58 84 ]
[ 3 16 32 58 84 ]
[ 3 16 32 58 84 ]
[ 3 16 32 58 84 ]
[ 3 ]
[ 3 ]
[ 4 17 33 59 85 ]
[ 4 17 33 59 85 ]
[ 4 17 33 59 85 ]
[ 4 17 33 59 85 ]
[ 4 17 33 59 85 ]
[ 4 17 ]
[ 4 17 ]
[ 4 17 34 60 86 ]
[ 4 17 34 60 86 ]
[ 4 17 34 60 86 ]
[ 4 17 34 60 86 ]
[ 4 17 34 60 86 ]
[ 4 ]
[ 4 ]
[ 5 18 35 61 87 ]
[ 5 18 35 61 87 ]
[ 5 18 35 61 87 ]
[ 5 18 35 61 87 ]
[ 5 18 35 61 87 ]
[ 5 18 ]
[ 5 18 ]
[ 5 18 36 62 88 ]
[ 5 18 36 62 88 ]
[ 5 18 36 62 88 ]
[ 5 18 36 62 88 ]
[ 5 18 36 62 88 ]
[ 5 ]
[ 5 ]
[ 6 19 37 63 89 ]
[ 6 19 37 63 89 ]
[ 6 19 37 63 89 ]
[ 6 19 37 63 89 ]
[ 6 19 37 63 89 ]
[ 6 19 ]
[ 6 19 ]
[ 6 19 38 64 90 ]
[ 6 19 38 64 90 ]
[ 6 19 38 64 90 ]
[ 6 19 38 64 90 ]
[ 6 19 38 64 90 ]
[ 6 ]
[ 6 ]
[ 7 20 39 65 91 ]
[ 7 20 39 65 91 ]
[ 7 20 39 65 91 ]
[ 7 20 39 65 91 ]
[ 7 20 39 65 91 ]
[ 7 20 ]
[ 7 20 ]
[ 7 20 40 66 92 ]
[ 7 20 40 66 92 ]
[ 7 20 40 66 92 ]
[ 7 20 40 66 92 ]
[ 7 20 40 66 92 ]
[ 7 ]
[ 7 ]
[ 8 21 41 67 93 ]
[ 8 21 41 67 93 ]
[ 8 21 41 67 93 ]
[ 8 21 41 67 93 ]
[ 8 21 41 67 93 ]
[ 8 21 ]
[ 8 21 ]
[ 8 21 42 68 94 ]
[ 8 21 42 68 94 ]
[ 8 21 42 68 94 ]
[ 8 21 42 68 94 ]
[ 8 21 42 68 94 ]
[ 8 ]
[ 8 ]
[ 9 22 43 69 95 ]
[ 9 22 43 69 95 ]
[ 9 22 43 69 95 ]
[ 9 22 43 69 95 ]
[ 9 22 43 69 95 ]
[ 9 22 ]
[ 9 22 ]
[ 9 22 44 70 96 ]
[ 9 22 44 70 96 ]
[ 9 22 44 70 96 ]
[ 9 22 44 70 96 ]
[ 9 22 44 70 96 ]
[ 9 ]
[ 9 ]
[ 10 23 45 71 97 ]
[ 10 23 45 71 97 ]
[ 10 23 45 71 97 ]
[ 10 23 45 71 97 ]
[ 10 23 45 71 97 ]
[ 10 23 ]
[ 10 23 ]
[ 10 23 46 72 98 ]
[ 10 23 46 72 98 ]
[ 10 23 46 72 98 ]
[ 10 23 46 72 98 ]
[ 10 23 46 72 98 ]
[ 10 ]
[ 10 ]
[ 11 24 47 73 99 ]
[ 11 24 47 73 99 ]
[ 11 24 47 73 99 ]
[ 11 24 47 73 99 ]
[ 11 24 47 73 99 ]
[ 11 24 ]
[ 11 24 ]
[ 11 24 48 74 100 ]
[ 11 24 48 74 100 ]
[ 11 24 48 74 100 ]
[ 11 24 48 74 100 ]
[ 11 24 48 74 100 ]
[ 11 ]
[ 11 ]
[ 12 25 49 75 101 ]
[ 12 25 49 75 101 ]
[ 12 25 49 75 101 ]
[ 12 25 49 75 101 ]
[ 12 25 49 75 101 ]
[ 12 25 ]
[ 12 25 ]
[ 12 25 50 76 102 ]
[ 12 25 50 76 102 ]
[ 12 25 50 76 102 ]
[ 12 25 50 76 102 ]
[ 12 25 50 76 102 ]
[ 12 ]
[ 12 ]
[ 13 26 51 77 103 ]
[ 13 26 51 77 103 ]
[ 13 26 51 77 103 ]
[ 13 26 51 77 103 ]
[ 13 26 51 77 103 ]
[ 13 26 ]
[ 13 26 ]
[ 13 26 52 78 104 ]
[ 13 26 52 78 104 ]
[ 13 26 52 78 104 ]
[ 13 26 52 78 104 ]
[ 13 26 52 78 104 ]
]

ProjectStart: [ 53 39 46 22 41 ]

ProjectEnd: [ 180 127 147 137 148 ]

EarliestStartDayForActivity: [ 1 53 65 53 93 106 123 123 65 136 53 123 106 135 93 111 53 152 159 111 128 129 53 159 79 152 79 152 79 111 111 136 136 135 159 150 106 165 153 53 123 163 136 152 1 39 39 39 39 49 89 49 89 39 97 60 53 106 89 109 109 72 97 53 106 97 61 89 100 106 39 107 110 97 110 1 46 66 46 46 46 79 96 109 79 109 101 79 109 101 101 109 109 66 130 46 121 130 114 128 96 128 128 128 128 128 101 130 46 46 1 22 22 72 22 87 72 72 104 72 104 72 22 22 94 110 76 22 39 72 94 66 107 22 123 109 124 94 114 22 53 114 109 109 110 114 87 76 124 110 1 41 41 41 53 41 69 62 88 69 62 125 41 83 62 111 88 107 125 41 41 131 83 111 111 107 124 131 125 103 125 88 55 115 81 131 41 ]

LatestStartDayForActivity: [ 1 180 180 180 180 180 180 180 180 180 180 180 180 180 180 180 180 180 180 180 180 180 180 180 180 180 180 180 180 180 180 180 180 180 180 180 180 180 180 180 180 180 180 180 1 127 127 127 127 127 127 127 127 127 127 127 127 127 127 127 127 127 127 127 127 127 127 127 127 127 127 127 127 127 127 1 147 147 147 147 147 147 147 147 147 147 147 147 147 147 147 147 147 147 147 147 147 147 147 147 147 147 147 147 147 147 147 147 147 147 1 137 137 137 137 137 137 137 137 137 137 137 137 137 137 137 137 137 137 137 137 137 137 137 137 137 137 137 137 137 137 137 137 137 137 137 137 137 137 137 1 148 148 148 148 148 148 148 148 148 148 148 148 148 148 148 148 148 148 148 148 148 148 148 148 148 148 148 148 148 148 148 148 148 148 148 148 ]

EquipmentTypeDemandInActivityWithMode: [
0	
0	
1	
1	
0	
0	
1	
0	
1	
0	
1	
0	
1	
0	
0	
1	
0	
1	
0	
0	
0	
0	
1	
1	
0	
0	
0	
0	
1	
0	
0	
1	
0	
1	
0	
0	
0	
0	
1	
0	
0	
0	
0	
0	
0	
1	
0	
0	
0	
0	
0	
0	
0	
0	
1	
0	
1	
0	
1	
0	
0	
0	
0	
0	
0	
0	
1	
0	
0	
0	
0	
0	
1	
0	
1	
0	
0	
1	
0	
0	
0	
0	
0	
0	
0	
0	
0	
0	
0	
0	
0	
0	
1	
0	
0	
0	
0	
0	
0	
0	
0	
0	
0	
0	
0	
0	
1	
0	
0	
1	
0	
1	
1	
0	
0	
1	
2	
0	
0	
1	
1	
0	
0	
0	
0	
0	
0	
0	
0	
1	
0	
0	
2	
0	
1	
0	
0	
0	
0	
0	
0	
1	
0	
0	
1	
0	
0	
1	
0	
0	
0	
1	
1	
0	
0	
0	
0	
0	
1	
1	
0	
0	
0	
1	
0	
0	
0	
0	
0	
1	
0	
0	
1	
1	
0	
0	
0	
1	
0	
0	
0	
0	
0	
0	
1	
2	
0	

0	
0	
0	
1	
0	
1	
1	
0	
0	
1	
2	
0	
0	
0	
2	
0	
0	
1	
1	
0	
3	
3	
2	
1	
2	
1	
0	
0	
0	
0	
1	
0	
3	
0	
0	
1	
2	
1	
0	
1	
1	
1	
1	
0	
0	
0	
0	
2	
0	
2	
1	
2	
0	
2	
1	
0	
1	
0	
0	
1	
2	
1	
2	
0	
1	
0	
1	
0	
0	
0	
0	
1	
0	
0	
0	
0	
2	
1	
3	
1	
2	
0	
2	
2	
0	
0	
1	
0	
0	
0	
2	
0	
2	
1	
2	
1	
1	
0	
0	
0	
0	
1	
1	
0	
0	
0	
1	
0	
1	
3	
0	
1	
0	
2	
1	
2	
1	
1	
2	
1	
2	
2	
1	
0	
1	
1	
2	
0	
1	
0	
1	
1	
0	
0	
1	
0	
0	
0	
0	
0	
0	
2	
0	
0	
1	
0	
1	
2	
0	
1	
0	
3	
2	
2	
1	
0	
1	
1	
0	
2	
1	
0	
2	
0	
1	
1	
0	
0	
1	
1	
1	
2	
1	
0	
1	
0	
1	
1	
0	
0	
0	
1	
1	
1	
1	
1	
0	

0	
0	
0	
0	
0	
1	
0	
0	
0	
1	
0	
1	
0	
0	
0	
0	
0	
0	
1	
0	
1	
0	
1	
0	
0	
0	
0	
0	
0	
0	
0	
0	
0	
0	
0	
0	
0	
1	
0	
0	
1	
0	
1	
0	
0	
0	
0	
1	
0	
1	
0	
0	
0	
0	
0	
0	
0	
1	
0	
0	
0	
0	
0	
0	
1	
0	
0	
0	
0	
2	
1	
0	
1	
1	
0	
0	
0	
0	
0	
0	
0	
1	
0	
1	
0	
0	
0	
0	
0	
0	
0	
0	
1	
0	
0	
0	
0	
1	
0	
1	
0	
0	
0	
0	
0	
0	
0	
0	
0	
1	
0	
0	
0	
1	
0	
0	
0	
1	
1	
0	
0	
0	
0	
0	
0	
0	
1	
1	
0	
1	
1	
0	
0	
0	
1	
0	
0	
1	
0	
0	
1	
0	
1	
1	
0	
0	
0	
0	
0	
0	
0	
0	
0	
0	
0	
2	
0	
0	
2	
1	
0	
1	
0	
0	
1	
0	
0	
1	
0	
0	
0	
0	
0	
1	
0	
0	
0	
0	
0	
0	
1	
0	
1	
0	
0	
1	
1	

0	
1	
0	
1	
1	
0	
2	
0	
1	
1	
2	
2	
1	
0	
2	
1	
0	
2	
1	
0	
2	
1	
0	
0	
0	
1	
1	
0	
0	
0	
2	
0	
0	
1	
0	
0	
1	
0	
0	
0	
0	
0	
0	
0	
0	
0	
0	
0	
1	
1	
1	
1	
1	
0	
0	
0	
0	
0	
0	
2	
1	
0	
1	
1	
0	
1	
3	
1	
1	
1	
0	
0	
0	
0	
1	
0	
1	
1	
0	
1	
1	
0	
0	
0	
2	
0	
0	
0	
1	
1	
1	
1	
0	
0	
0	
1	
1	
0	
0	
1	
0	
0	
0	
1	
1	
1	
0	
0	
1	
0	
0	
2	
1	
1	
0	
0	
0	
1	
0	
0	
2	
0	
1	
0	
1	
1	
1	
0	
0	
0	
0	
1	
1	
0	
0	
0	
0	
0	
3	
1	
1	
1	
0	
1	
0	
0	
1	
0	
1	
0	
0	
1	
1	
0	
1	
0	
2	
0	
1	
0	
0	
0	
0	
0	
0	
0	
2	
0	
2	
0	
0	
1	
0	
0	
1	
1	
0	
1	
0	
0	
1	
1	
1	
0	
0	
1	
0	

]

ExternalEquipmentRentingCost: [
1177	1695	5545	2153	4617	2404	4842	2487	3981	4623	2883	2047	1429	2957	3732	3159	1784	1271	3467	3599	4961	4585	5014	1314	1372	3763	4006	4105	3404	3878	3941	5376	4762	2993	1698	3898	4360	2694	1241	3531	2249	2362	5530	1807	3814	4943	1134	3359	2223	1311	1959	2160	5144	2499	3377	4866	4880	5395	3297	4012	1506	1309	4212	3089	5498	3300	1810	4753	4320	2407	5823	1263	1149	3748	2667	3898	4287	1336	5612	3121	4907	2107	4050	5825	4207	5799	4729	3249	5827	4333	2162	5939	5421	5543	3982	3113	3232	4905	1961	5205	5849	3572	3985	5367	1573	4367	3485	2360	4668	2718	2719	2369	2915	5838	4580	1534	4272	2521	1370	3090	1598	5136	2856	3769	4553	1724	5533	1963	2627	4344	2170	1777	2133	4278	2382	3006	3768	5236	2711	1111	1399	3118	4397	1731	1544	4267	2043	5068	5812	5230	4189	4737	4565	3615	4473	1450	5683	1930	4957	4058	5460	1215	1636	4426	2673	1418	1167	3180	4655	1388	5784	5397	3381	2440	5597	3130	3761	4737	4671	2194	2861	2761	2807	1361	5734	3339	4223	
2946	1978	4822	4538	2737	4668	1723	1529	1149	2518	3525	3473	4421	4258	1300	5656	3508	5484	3909	1522	2380	5233	1422	3003	5083	2168	3822	1678	2417	2375	1395	1793	3168	4797	1225	5708	1317	4938	5990	1440	4043	3899	1573	1133	1791	4490	1763	1349	2072	1225	2627	4916	2202	1741	2651	5063	4059	2252	2458	5095	5399	3307	1375	3797	5126	4331	1356	5524	3918	3478	5582	2967	5670	5296	1919	5540	3638	3523	4393	5846	2617	4818	5454	3930	3265	1311	5148	2526	1892	3210	2452	5904	5200	3577	3409	1684	2341	4290	3114	2558	2592	4665	2585	2578	1601	5953	2496	3001	5660	1520	1567	2339	2281	1140	2751	2377	2142	5922	2825	2730	4524	2680	4209	2423	3691	3781	2348	5391	3364	5824	5424	2323	5114	3903	4122	3985	3876	5675	5048	5353	5364	1377	5174	2116	1246	2157	4588	2386	1657	1630	1651	3536	4704	4833	2951	2953	4810	5625	4168	1463	2158	3472	1045	1603	2223	1438	3468	2068	4705	5274	4313	1701	1808	2773	5038	1526	4439	5279	1951	1659	3752	1156	3195	5765	5177	3378	1762	
2846	5793	4685	1313	4751	1571	3784	4376	3374	2690	4531	4946	4362	3588	1513	2435	3187	4124	2721	2640	5431	2168	1104	4352	4731	1030	2362	3005	5210	3833	1053	5022	3378	5102	1278	5520	3495	2911	1613	5632	1608	5712	3576	3078	4966	4140	3514	2181	4834	3053	5487	2952	3111	5952	4221	5321	1630	4587	3495	2492	4043	5618	5402	3857	1945	4053	4896	3475	2901	1132	1642	5108	1676	2304	5159	3797	1271	5881	1468	3761	1361	5406	2715	5027	3337	1777	4069	1828	2522	3290	2526	1582	1155	2460	4504	4122	1337	2035	1745	1238	1954	5645	3177	3520	1258	3977	2310	2097	1594	4774	4429	4423	5490	3481	1827	1804	5679	1317	5451	1420	4670	3555	5839	3702	5831	2250	5305	4779	3668	3456	2482	5763	4250	3851	3197	2394	1446	3754	3285	5299	4793	2891	3738	5292	1894	2274	5279	3821	4801	1640	4081	5170	3721	4663	1192	2562	2755	3099	5230	1189	1185	2969	3935	1490	3744	3262	1297	1622	4570	2154	4127	2445	5350	2070	1198	1783	2957	1511	5137	5524	2103	2586	4117	4737	2050	5690	4723	
2733	1187	1877	2484	3550	5257	4099	3284	4226	5998	1041	3071	3321	5454	4503	3861	5613	1337	2700	2928	2068	1496	1251	5023	4568	5455	5736	5463	1330	3207	4612	5856	2610	5949	3164	2922	5064	5162	5573	5137	3350	5241	4907	3950	5369	5611	5849	1619	2545	5621	3507	3114	1183	3385	3187	4546	1186	4574	2076	1017	3805	2780	2349	2154	5749	3222	4574	4191	2622	2617	4449	2915	3649	5975	2704	5629	3505	2284	5805	3484	5033	4307	2983	4396	4156	3614	5906	4584	4023	1653	4976	3661	5979	4435	5415	4976	2901	4629	5134	2652	3966	1721	3090	1704	3271	5592	3858	4666	2947	2710	1397	3931	4811	4061	4364	4341	1425	2621	2721	3612	4879	2979	5941	5638	2063	4743	3322	4106	2721	3029	2208	4529	4430	5145	1471	2458	3607	5415	1800	4316	4319	1729	5307	2718	1165	3643	5992	3815	5493	5144	2760	2001	4199	4514	5292	3353	5535	5684	3180	4575	2498	3176	5571	4886	4850	3880	5718	3005	4286	1068	1776	5085	5548	1307	5666	3616	4399	1252	2339	2881	1456	4191	5695	4507	2661	2511	2257	
]

EquipmentTypeTransportationCost: [
1	3925	3436	3691	3925	
3925	1	4377	3306	1000	
3436	4377	1	4104	4299	
3691	3306	4104	1	3263	
3925	1000	4299	3263	1	

1	4878	4136	4554	4871	
4878	1	5188	3990	1000	
4136	5188	1	4981	5236	
4554	3990	4981	1	3940	
4871	1000	5236	3940	1	

1	5139	4429	5019	5451	
5139	1	5672	4184	1000	
4429	5672	1	5378	5495	
5019	4184	5378	1	4389	
5451	1000	5495	4389	1	

1	4706	3970	4385	4720	
4706	1	5014	3821	1000	
3970	5014	1	4700	5007	
4385	3821	4700	1	3793	
4720	1000	5007	3793	1	

]

TransportationTimeForEquipmentTypeBetweenProjects: [
1	4	1	3	4	
4	1	4	1	1	
1	4	1	4	4	
3	1	4	1	1	
4	1	4	1	1	

1	5	1	3	5	
5	1	5	1	1	
1	5	1	5	5	
3	1	5	1	1	
5	1	5	1	1	

1	6	1	4	6	
6	1	6	1	1	
1	6	1	6	6	
4	1	6	1	1	
6	1	6	1	1	

1	5	1	3	5	
5	1	5	1	1	
1	5	1	5	5	
3	1	5	1	1	
5	1	5	1	1	

]

TotalNumberOfInitialEquipmentTypeLocation: [
(1 45) 1 (1 151) 1 
(2 1) 2 (2 45) 1 (2 76) 2 (2 111) 1 (2 151) 3 
(3 1) 1 (3 76) 1 
(4 111) 3 (4 151) 4 
]

DepotActivities: [ 1 45 76 111 151 ]

MaximalStintCliques: [
[ 2 58 3 84 32 16 ]
[ 2 15 1 82 30 56 ]
[ 2 15 1 14 81 29 55 ]
[ 2 15 3 57 83 31 16 ]
[ 4 17 3 33 59 85 16 ]
[ 4 17 3 34 60 86 ]
[ 4 17 35 18 5 61 87 ]
[ 4 36 18 5 62 88 ]
[ 5 90 6 19 38 64 ]
[ 5 18 37 89 19 6 63 ]
[ 6 66 92 20 7 40 ]
[ 6 19 65 91 20 39 7 ]
[ 7 20 67 41 21 93 8 ]
[ 7 42 68 21 94 8 ]
[ 8 44 9 70 22 96 ]
[ 8 21 69 9 43 22 95 ]
[ 9 98 10 46 23 72 ]
[ 9 22 97 10 45 71 23 ]
[ 10 74 11 100 24 48 ]
[ 10 23 99 73 11 47 24 ]
[ 11 50 12 25 76 102 ]
[ 11 24 101 49 25 75 12 ]
[ 12 25 103 26 51 13 77 ]
[ 12 52 26 13 78 104 ]
[ 27 1 53 14 79 ]
[ 28 1 54 14 80 ]
]
