nEmployees: 30
nSkills: 2
nProjects: 5
nDays: 180
nActivities: 163
nEquipmentTypes: 5
nStints: 78
nMaxModes: 1
nStintCliques: 26

EmployeeInStintCost: [
16253 16253 16253 16253 16253 16253 16253 16253 16253 16253 16253 16253 16253 16253 16253 16253 16253 16253 16253 16253 16253 16253 16253 16253 16253 14897 14400 14400 14400 14400 14400 14400 14400 14400 14400 14400 14400 14400 8298 28072 28072 28072 28072 28072 28072 28072 28072 28072 28072 28072 28072 21970 29136 29136 29136 29136 29136 29136 29136 29136 29136 29136 29136 29136 23034 41392 41392 41392 41392 41392 41392 41392 41392 41392 41392 41392 40036 27814 
15197 15197 15197 15197 15197 15197 15197 15197 15197 15197 15197 15197 15197 15197 15197 15197 15197 15197 15197 15197 15197 15197 15197 15197 15197 13961 16960 16960 16960 16960 16960 16960 16960 16960 16960 16960 16960 16960 11398 26104 26104 26104 26104 26104 26104 26104 26104 26104 26104 26104 26104 20542 28264 28264 28264 28264 28264 28264 28264 28264 28264 28264 28264 28264 22702 40436 40436 40436 40436 40436 40436 40436 40436 40436 40436 40436 39200 27818 
15305 15305 15305 15305 15305 15305 15305 15305 15305 15305 15305 15305 15305 15305 15305 15305 15305 15305 15305 15305 15305 15305 15305 15305 15305 14033 17320 17320 17320 17320 17320 17320 17320 17320 17320 17320 17320 17320 11596 26464 26464 26464 26464 26464 26464 26464 26464 26464 26464 26464 26464 20740 28624 28624 28624 28624 28624 28624 28624 28624 28624 28624 28624 28624 22900 40922 40922 40922 40922 40922 40922 40922 40922 40922 40922 40922 39650 28016 
6260 6260 6260 6260 6260 6260 6260 6260 6260 6260 6260 6260 6260 6260 6260 6260 6260 6260 6260 6260 6260 6260 6260 6260 6260 5000 27816 27816 27816 27816 27816 27816 27816 27816 27816 27816 27816 27816 22146 26592 26592 26592 26592 26592 26592 26592 26592 26592 26592 26592 26592 20922 32320 32320 32320 32320 32320 32320 32320 32320 32320 32320 32320 32320 26650 45984 45984 45984 45984 45984 45984 45984 45984 45984 45984 45984 44724 33174 
13905 13905 13905 13905 13905 13905 13905 13905 13905 13905 13905 13905 13905 13905 13905 13905 13905 13905 13905 13905 13905 13905 13905 13905 13905 12753 30456 30456 30456 30456 30456 30456 30456 30456 30456 30456 30456 30456 25272 28832 28832 28832 28832 28832 28832 28832 28832 28832 28832 28832 28832 23648 35040 35040 35040 35040 35040 35040 35040 35040 35040 35040 35040 35040 29856 48198 48198 48198 48198 48198 48198 48198 48198 48198 48198 48198 47046 36252 
14813 14813 14813 14813 14813 14813 14813 14813 14813 14813 14813 14813 14813 14813 14813 14813 14813 14813 14813 14813 14813 14813 14813 14813 14813 13481 24576 24576 24576 24576 24576 24576 24576 24576 24576 24576 24576 24576 18582 27288 27288 27288 27288 27288 27288 27288 27288 27288 27288 27288 27288 21294 28640 28640 28640 28640 28640 28640 28640 28640 28640 28640 28640 28640 22646 42892 42892 42892 42892 42892 42892 42892 42892 42892 42892 42892 41560 29506 
13181 13181 13181 13181 13181 13181 13181 13181 13181 13181 13181 13181 13181 13181 13181 13181 13181 13181 13181 13181 13181 13181 13181 13181 13181 11849 26176 26176 26176 26176 26176 26176 26176 26176 26176 26176 26176 26176 20182 26736 26736 26736 26736 26736 26736 26736 26736 26736 26736 26736 26736 20742 30376 30376 30376 30376 30376 30376 30376 30376 30376 30376 30376 30376 24382 44588 44588 44588 44588 44588 44588 44588 44588 44588 44588 44588 43256 31202 
18277 18277 18277 18277 18277 18277 18277 18277 18277 18277 18277 18277 18277 18277 18277 18277 18277 18277 18277 18277 18277 18277 18277 18277 18277 17065 23856 23856 23856 23856 23856 23856 23856 23856 23856 23856 23856 23856 18402 29328 29328 29328 29328 29328 29328 29328 29328 29328 29328 29328 29328 23874 28664 28664 28664 28664 28664 28664 28664 28664 28664 28664 28664 28664 23210 38152 38152 38152 38152 38152 38152 38152 38152 38152 38152 38152 36940 25726 
6188 6188 6188 6188 6188 6188 6188 6188 6188 6188 6188 6188 6188 6188 6188 6188 6188 6188 6188 6188 6188 6188 6188 6188 6188 5072 26616 26616 26616 26616 26616 26616 26616 26616 26616 26616 26616 26616 21594 25048 25048 25048 25048 25048 25048 25048 25048 25048 25048 25048 25048 20026 31328 31328 31328 31328 31328 31328 31328 31328 31328 31328 31328 31328 26306 44232 44232 44232 44232 44232 44232 44232 44232 44232 44232 44232 43116 32574 
14477 14477 14477 14477 14477 14477 14477 14477 14477 14477 14477 14477 14477 14477 14477 14477 14477 14477 14477 14477 14477 14477 14477 14477 14477 13097 32280 32280 32280 32280 32280 32280 32280 32280 32280 32280 32280 32280 26070 31224 31224 31224 31224 31224 31224 31224 31224 31224 31224 31224 31224 25014 36480 36480 36480 36480 36480 36480 36480 36480 36480 36480 36480 36480 30270 50892 50892 50892 50892 50892 50892 50892 50892 50892 50892 50892 49512 37122 
15161 15161 15161 15161 15161 15161 15161 15161 15161 15161 15161 15161 15161 15161 15161 15161 15161 15161 15161 15161 15161 15161 15161 15161 15161 13937 16840 16840 16840 16840 16840 16840 16840 16840 16840 16840 16840 16840 11332 25984 25984 25984 25984 25984 25984 25984 25984 25984 25984 25984 25984 20476 28144 28144 28144 28144 28144 28144 28144 28144 28144 28144 28144 28144 22636 40274 40274 40274 40274 40274 40274 40274 40274 40274 40274 40274 39050 27752 
11953 11953 11953 11953 11953 11953 11953 11953 11953 11953 11953 11953 11953 11953 11953 11953 11953 11953 11953 11953 11953 11953 11953 11953 11953 10609 27224 27224 27224 27224 27224 27224 27224 27224 27224 27224 27224 27224 21176 26552 26552 26552 26552 26552 26552 26552 26552 26552 26552 26552 26552 20504 31688 31688 31688 31688 31688 31688 31688 31688 31688 31688 31688 31688 25640 45710 45710 45710 45710 45710 45710 45710 45710 45710 45710 45710 44366 32228 
11665 11665 11665 11665 11665 11665 11665 11665 11665 11665 11665 11665 11665 11665 11665 11665 11665 11665 11665 11665 11665 11665 11665 11665 11665 10417 26264 26264 26264 26264 26264 26264 26264 26264 26264 26264 26264 26264 20648 25592 25592 25592 25592 25592 25592 25592 25592 25592 25592 25592 25592 19976 30728 30728 30728 30728 30728 30728 30728 30728 30728 30728 30728 30728 25112 44414 44414 44414 44414 44414 44414 44414 44414 44414 44414 44414 43166 31700 
12685 12685 12685 12685 12685 12685 12685 12685 12685 12685 12685 12685 12685 12685 12685 12685 12685 12685 12685 12685 12685 12685 12685 12685 12685 11353 28952 28952 28952 28952 28952 28952 28952 28952 28952 28952 28952 28952 22958 28536 28536 28536 28536 28536 28536 28536 28536 28536 28536 28536 28536 22542 33016 33016 33016 33016 33016 33016 33016 33016 33016 33016 33016 33016 27022 47364 47364 47364 47364 47364 47364 47364 47364 47364 47364 47364 46032 33978 
14741 14741 14741 14741 14741 14741 14741 14741 14741 14741 14741 14741 14741 14741 14741 14741 14741 14741 14741 14741 14741 14741 14741 14741 14741 13433 24336 24336 24336 24336 24336 24336 24336 24336 24336 24336 24336 24336 18450 27048 27048 27048 27048 27048 27048 27048 27048 27048 27048 27048 27048 21162 28400 28400 28400 28400 28400 28400 28400 28400 28400 28400 28400 28400 22514 42568 42568 42568 42568 42568 42568 42568 42568 42568 42568 42568 41260 29374 
15917 15917 15917 15917 15917 15917 15917 15917 15917 15917 15917 15917 15917 15917 15917 15917 15917 15917 15917 15917 15917 15917 15917 15917 15917 14729 11880 11880 11880 11880 11880 11880 11880 11880 11880 11880 11880 11880 6534 26544 26544 26544 26544 26544 26544 26544 26544 26544 26544 26544 26544 21198 27496 27496 27496 27496 27496 27496 27496 27496 27496 27496 27496 27496 22150 38956 38956 38956 38956 38956 38956 38956 38956 38956 38956 38956 37768 26722 
6440 6440 6440 6440 6440 6440 6440 6440 6440 6440 6440 6440 6440 6440 6440 6440 6440 6440 6440 6440 6440 6440 6440 6440 6440 5240 27456 27456 27456 27456 27456 27456 27456 27456 27456 27456 27456 27456 22056 25888 25888 25888 25888 25888 25888 25888 25888 25888 25888 25888 25888 20488 32168 32168 32168 32168 32168 32168 32168 32168 32168 32168 32168 32168 26768 45366 45366 45366 45366 45366 45366 45366 45366 45366 45366 45366 44166 33036 
12749 12749 12749 12749 12749 12749 12749 12749 12749 12749 12749 12749 12749 12749 12749 12749 12749 12749 12749 12749 12749 12749 12749 12749 12749 11561 24736 24736 24736 24736 24736 24736 24736 24736 24736 24736 24736 24736 19390 25296 25296 25296 25296 25296 25296 25296 25296 25296 25296 25296 25296 19950 28936 28936 28936 28936 28936 28936 28936 28936 28936 28936 28936 28936 23590 42644 42644 42644 42644 42644 42644 42644 42644 42644 42644 42644 41456 30410 
16241 16241 16241 16241 16241 16241 16241 16241 16241 16241 16241 16241 16241 16241 16241 16241 16241 16241 16241 16241 16241 16241 16241 16241 16241 14945 12960 12960 12960 12960 12960 12960 12960 12960 12960 12960 12960 12960 7128 27624 27624 27624 27624 27624 27624 27624 27624 27624 27624 27624 27624 21792 28576 28576 28576 28576 28576 28576 28576 28576 28576 28576 28576 28576 22744 40414 40414 40414 40414 40414 40414 40414 40414 40414 40414 40414 39118 27316 
21337 21337 21337 21337 21337 21337 21337 21337 21337 21337 21337 21337 21337 21337 21337 21337 21337 21337 21337 21337 21337 21337 21337 21337 21337 20065 27144 27144 27144 27144 27144 27144 27144 27144 27144 27144 27144 27144 21420 32248 32248 32248 32248 32248 32248 32248 32248 32248 32248 32248 32248 26524 33000 33000 33000 33000 33000 33000 33000 33000 33000 33000 33000 33000 27276 37834 37834 37834 37834 37834 37834 37834 37834 37834 37834 37834 36562 24928 
12657 12657 12657 12657 12657 12657 12657 12657 12657 12657 12657 12657 12657 12657 12657 12657 12657 12657 12657 12657 12657 12657 12657 12657 12657 11481 24600 24600 24600 24600 24600 24600 24600 24600 24600 24600 24600 24600 19308 11760 11760 11760 11760 11760 11760 11760 11760 11760 11760 11760 11760 6468 29888 29888 29888 29888 29888 29888 29888 29888 29888 29888 29888 29888 24596 42250 42250 42250 42250 42250 42250 42250 42250 42250 42250 42250 41074 30112 
15341 15341 15341 15341 15341 15341 15341 15341 15341 15341 15341 15341 15341 15341 15341 15341 15341 15341 15341 15341 15341 15341 15341 15341 15341 14057 17440 17440 17440 17440 17440 17440 17440 17440 17440 17440 17440 17440 11662 26584 26584 26584 26584 26584 26584 26584 26584 26584 26584 26584 26584 20806 28744 28744 28744 28744 28744 28744 28744 28744 28744 28744 28744 28744 22966 41084 41084 41084 41084 41084 41084 41084 41084 41084 41084 41084 39800 28082 
4032 4032 4032 4032 4032 4032 4032 4032 4032 4032 4032 4032 4032 4032 4032 4032 4032 4032 4032 4032 4032 4032 4032 4032 4032 2688 28432 28432 28432 28432 28432 28432 28432 28432 28432 28432 28432 28432 22384 27032 27032 27032 27032 27032 27032 27032 27032 27032 27032 27032 27032 20984 33072 33072 33072 33072 33072 33072 33072 33072 33072 33072 33072 33072 27024 46878 46878 46878 46878 46878 46878 46878 46878 46878 46878 46878 45534 33396 
14517 14517 14517 14517 14517 14517 14517 14517 14517 14517 14517 14517 14517 14517 14517 14517 14517 14517 14517 14517 14517 14517 14517 14517 14517 13161 32496 32496 32496 32496 32496 32496 32496 32496 32496 32496 32496 32496 26394 30872 30872 30872 30872 30872 30872 30872 30872 30872 30872 30872 30872 24770 37080 37080 37080 37080 37080 37080 37080 37080 37080 37080 37080 37080 30978 50952 50952 50952 50952 50952 50952 50952 50952 50952 50952 50952 49596 37374 
16377 16377 16377 16377 16377 16377 16377 16377 16377 16377 16377 16377 16377 16377 16377 16377 16377 16377 16377 16377 16377 16377 16377 16377 16377 15225 16960 16960 16960 16960 16960 16960 16960 16960 16960 16960 16960 16960 11776 26488 26488 26488 26488 26488 26488 26488 26488 26488 26488 26488 26488 21304 28216 28216 28216 28216 28216 28216 28216 28216 28216 28216 28216 28216 23032 37918 37918 37918 37918 37918 37918 37918 37918 37918 37918 37918 36766 25972 
16129 16129 16129 16129 16129 16129 16129 16129 16129 16129 16129 16129 16129 16129 16129 16129 16129 16129 16129 16129 16129 16129 16129 16129 16129 14809 23992 23992 23992 23992 23992 23992 23992 23992 23992 23992 23992 23992 18052 28328 28328 28328 28328 28328 28328 28328 28328 28328 28328 28328 28328 22388 13200 13200 13200 13200 13200 13200 13200 13200 13200 13200 13200 13200 7260 41690 41690 41690 41690 41690 41690 41690 41690 41690 41690 41690 40370 28400 
14309 14309 14309 14309 14309 14309 14309 14309 14309 14309 14309 14309 14309 14309 14309 14309 14309 14309 14309 14309 14309 14309 14309 14309 14309 13145 22896 22896 22896 22896 22896 22896 22896 22896 22896 22896 22896 22896 17658 25608 25608 25608 25608 25608 25608 25608 25608 25608 25608 25608 25608 20370 26960 26960 26960 26960 26960 26960 26960 26960 26960 26960 26960 26960 21722 40624 40624 40624 40624 40624 40624 40624 40624 40624 40624 40624 39460 28582 
15449 15449 15449 15449 15449 15449 15449 15449 15449 15449 15449 15449 15449 15449 15449 15449 15449 15449 15449 15449 15449 15449 15449 15449 15449 14129 17800 17800 17800 17800 17800 17800 17800 17800 17800 17800 17800 17800 11860 26944 26944 26944 26944 26944 26944 26944 26944 26944 26944 26944 26944 21004 29104 29104 29104 29104 29104 29104 29104 29104 29104 29104 29104 29104 23164 41570 41570 41570 41570 41570 41570 41570 41570 41570 41570 41570 40250 28280 
11593 11593 11593 11593 11593 11593 11593 11593 11593 11593 11593 11593 11593 11593 11593 11593 11593 11593 11593 11593 11593 11593 11593 11593 11593 10369 26024 26024 26024 26024 26024 26024 26024 26024 26024 26024 26024 26024 20516 25352 25352 25352 25352 25352 25352 25352 25352 25352 25352 25352 25352 19844 30488 30488 30488 30488 30488 30488 30488 30488 30488 30488 30488 30488 24980 44090 44090 44090 44090 44090 44090 44090 44090 44090 44090 44090 42866 31568 
16061 16061 16061 16061 16061 16061 16061 16061 16061 16061 16061 16061 16061 16061 16061 16061 16061 16061 16061 16061 16061 16061 16061 16061 16061 14825 12360 12360 12360 12360 12360 12360 12360 12360 12360 12360 12360 12360 6798 27024 27024 27024 27024 27024 27024 27024 27024 27024 27024 27024 27024 21462 27976 27976 27976 27976 27976 27976 27976 27976 27976 27976 27976 27976 22414 39604 39604 39604 39604 39604 39604 39604 39604 39604 39604 39604 38368 26986 
]

ExternalWorkerWithSkillOnStintCost: [
16770 15210 14700 12930 17940 14580 15510 13470 14040 13230 12540 14460 15840 12960 17760 17670 13380 15570 12900 16950 12030 12120 12120 16500 15720 14190 39888 32472 42984 34632 39960 33768 37512 28944 32544 35784 32112 35136 32976 40824 39816 42984 39096 29448 38808 31248 42048 34776 38736 38304 36288 42624 36360 39024 39600 33840 42048 34992 36000 38016 34344 31248 41328 32688 31824 37296 37800 38808 49308 46032 48384 40068 44940 43764 49056 41664 47880 29952 
13470 17550 12780 17490 12570 15000 13200 15990 12480 12900 16920 17370 14460 17310 16200 17550 14670 12840 14010 13650 16410 12870 16860 17430 12600 15300 36936 39888 32040 36288 35064 38592 35856 32760 31248 41040 37512 36504 33264 30744 34416 35568 35208 32904 30384 40320 39528 34272 32184 30168 31464 38520 40968 34488 29304 40680 40752 29304 37584 35064 33048 29016 37800 29520 37728 39564 37884 44016 42504 40404 40572 43932 45612 37128 50316 47124 48216 36144 
]

OverlappingStints: [
[ 27 40 53 66 ]
[ 27 40 53 66 ]
[ 27 28 40 41 53 54 66 67 ]
[ 28 41 54 66 67 ]
[ 28 29 41 42 54 55 67 68 ]
[ 29 42 55 67 68 ]
[ 29 30 42 43 55 56 68 69 ]
[ 30 43 56 68 69 ]
[ 30 31 43 44 56 57 69 70 ]
[ 31 44 57 69 70 ]
[ 31 32 44 45 57 58 70 71 ]
[ 32 45 58 70 71 ]
[ 32 33 45 46 58 59 71 72 ]
[ 33 46 59 71 72 ]
[ 33 34 46 47 59 60 72 73 ]
[ 34 47 60 72 73 ]
[ 34 35 47 48 60 61 73 74 ]
[ 35 48 61 73 74 ]
[ 35 36 48 49 61 62 74 75 ]
[ 36 49 62 74 75 ]
[ 36 37 49 50 62 63 75 76 ]
[ 37 50 63 75 76 ]
[ 37 38 50 51 63 64 76 77 ]
[ 38 51 64 76 77 ]
[ 38 39 51 52 64 65 77 78 ]
[ 39 52 65 77 78 ]
[ 28 40 41 53 54 66 67 ]
[ 29 40 41 42 53 54 55 66 67 68 ]
[ 30 41 42 43 54 55 56 67 68 69 ]
[ 31 42 43 44 55 56 57 68 69 70 ]
[ 32 43 44 45 56 57 58 69 70 71 ]
[ 33 44 45 46 57 58 59 70 71 72 ]
[ 34 45 46 47 58 59 60 71 72 73 ]
[ 35 46 47 48 59 60 61 72 73 74 ]
[ 36 47 48 49 60 61 62 73 74 75 ]
[ 37 48 49 50 61 62 63 74 75 76 ]
[ 38 49 50 51 62 63 64 75 76 77 ]
[ 39 50 51 52 63 64 65 76 77 78 ]
[ 51 52 64 65 77 78 ]
[ 41 53 54 66 67 ]
[ 42 53 54 55 66 67 68 ]
[ 43 54 55 56 67 68 69 ]
[ 44 55 56 57 68 69 70 ]
[ 45 56 57 58 69 70 71 ]
[ 46 57 58 59 70 71 72 ]
[ 47 58 59 60 71 72 73 ]
[ 48 59 60 61 72 73 74 ]
[ 49 60 61 62 73 74 75 ]
[ 50 61 62 63 74 75 76 ]
[ 51 62 63 64 75 76 77 ]
[ 52 63 64 65 76 77 78 ]
[ 64 65 77 78 ]
[ 54 66 67 ]
[ 55 66 67 68 ]
[ 56 67 68 69 ]
[ 57 68 69 70 ]
[ 58 69 70 71 ]
[ 59 70 71 72 ]
[ 60 71 72 73 ]
[ 61 72 73 74 ]
[ 62 73 74 75 ]
[ 63 74 75 76 ]
[ 64 75 76 77 ]
[ 65 76 77 78 ]
[ 77 78 ]
[ 67 ]
[ 68 ]
[ 69 ]
[ 70 ]
[ 71 ]
[ 72 ]
[ 73 ]
[ 74 ]
[ 75 ]
[ 76 ]
[ 77 ]
[ 78 ]
[ ]
]

EmployeesWithSkill: [
[ 1 2 3 4 5 6 7 8 9 10 11 12 13 14 15 16 17 18 19 20 21 22 23 24 25 26 27 28 29 30 ]
[ 1 2 4 5 6 8 10 11 12 13 15 16 17 20 22 24 25 26 27 28 ]
]

SkillDemandInActivityWithMode: [
0	
3	
12	
4	
7	
10	
3	
13	
12	
8	
5	
12	
14	
3	
12	
13	
12	
12	
5	
7	
3	
2	
5	
10	
2	
4	
10	
4	
14	
5	
13	
8	
3	
2	
7	
14	
4	
0	
1	
1	
1	
1	
1	
1	
1	
1	
1	
1	
1	
1	
1	
1	
1	
1	
1	
1	
1	
1	
1	
1	
1	
1	
1	
1	
1	
1	
1	
1	
1	
1	
1	
1	
1	
1	
1	
1	
1	
1	
1	
1	
1	
1	
1	
1	
1	
0	
2	
2	
2	
1	
2	
2	
2	
1	
2	
3	
2	
3	
2	
2	
2	
2	
1	
2	
2	
2	
2	
2	
2	
2	
2	
3	
2	
3	
0	
7	
3	
4	
6	
3	
4	
2	
5	
3	
6	
5	
6	
7	
6	
5	
1	
7	
6	
7	
2	
0	
4	
6	
4	
5	
3	
2	
6	
5	
2	
3	
5	
3	
1	
3	
3	
3	
5	
4	
3	
1	
2	
6	
3	
2	
5	
3	
2	

0	
0	
0	
0	
0	
0	
0	
0	
0	
0	
0	
0	
0	
0	
0	
0	
0	
0	
0	
0	
0	
0	
0	
0	
0	
0	
0	
0	
0	
0	
0	
0	
0	
0	
0	
0	
0	
0	
1	
0	
1	
0	
0	
0	
1	
2	
0	
1	
1	
0	
1	
1	
1	
0	
1	
1	
0	
0	
1	
1	
2	
1	
1	
1	
1	
1	
1	
1	
1	
0	
1	
0	
1	
1	
0	
1	
1	
0	
0	
1	
0	
0	
1	
2	
2	
0	
1	
1	
1	
0	
0	
1	
1	
0	
1	
2	
1	
2	
1	
1	
1	
1	
0	
1	
1	
1	
1	
1	
1	
1	
1	
2	
1	
2	
0	
14	
6	
8	
12	
4	
7	
2	
9	
6	
12	
9	
12	
14	
12	
10	
2	
14	
12	
14	
2	
0	
2	
3	
2	
3	
2	
0	
3	
3	
0	
1	
3	
2	
0	
1	
1	
1	
3	
2	
2	
0	
0	
4	
1	
1	
3	
2	
1	

]

EmployeeAvailability: [
1 1 1 1 1 1 1 1 1 1 1 1 1 1 0 1 1 1 1 1 1 1 1 0 1 1 1 1 1 1 1 1 1 0 1 1 1 0 1 1 1 1 1 1 1 1 0 1 1 1 0 1 1 1 1 1 1 1 1 0 1 1 1 0 1 1 1 1 1 1 1 1 0 1 1 1 0 1 
1 1 1 1 1 1 1 1 1 1 1 1 1 1 1 1 1 1 1 0 1 1 1 1 1 0 1 1 1 1 1 1 1 1 1 0 1 1 0 1 1 1 1 1 1 1 1 1 0 1 1 0 1 1 1 1 1 1 1 1 1 0 1 1 0 1 1 1 1 1 1 1 1 1 0 1 1 0 
1 1 1 1 1 1 1 1 1 1 1 1 0 1 1 1 1 1 1 1 1 1 1 1 1 1 1 1 1 1 1 1 0 1 1 1 1 1 1 1 1 1 1 1 1 0 1 1 1 1 1 1 1 1 1 1 1 1 0 1 1 1 1 1 1 1 1 1 1 1 1 0 1 1 1 0 1 1 
1 1 1 1 1 1 1 1 1 1 1 1 1 1 1 1 1 1 1 1 1 1 1 1 1 1 1 1 1 1 1 1 1 1 1 0 1 1 1 1 1 1 1 1 1 1 1 1 0 1 1 1 1 1 1 1 1 1 1 1 1 0 1 1 1 1 1 1 1 1 1 1 1 1 0 1 1 1 
1 1 1 1 1 1 1 1 1 1 1 1 1 1 1 1 1 1 1 1 1 1 1 1 1 1 1 1 1 1 1 1 1 1 0 1 1 1 1 1 1 1 1 1 1 1 1 0 1 1 1 1 1 1 1 1 1 1 1 1 0 1 1 1 1 1 1 1 1 1 1 1 1 0 1 1 1 1 
1 1 1 1 1 1 1 1 1 1 1 1 1 1 1 1 1 1 1 1 1 1 1 1 1 1 1 1 1 1 0 1 1 1 1 1 1 1 1 1 1 1 1 0 1 1 1 1 1 1 1 1 1 1 1 1 0 1 1 1 1 1 1 1 1 1 1 1 1 0 1 1 1 1 1 1 1 1 
1 1 1 1 1 1 1 1 1 1 1 1 1 1 1 1 1 0 1 1 1 1 1 1 1 1 1 1 1 1 1 1 1 1 0 1 1 1 1 1 1 1 1 1 1 1 1 0 1 1 1 1 1 1 1 1 1 1 1 1 0 1 1 1 1 1 1 1 1 1 1 1 1 0 1 1 1 1 
1 1 1 1 1 1 1 1 1 1 1 1 1 1 1 1 1 1 1 1 1 1 1 0 1 0 1 1 1 1 1 1 1 1 1 1 1 0 0 1 1 1 1 1 1 1 1 1 1 1 0 0 1 1 1 1 1 1 1 1 1 1 1 0 0 1 1 1 1 1 1 1 1 1 1 1 0 0 
1 1 1 1 1 1 1 1 1 1 1 1 1 1 1 1 1 1 1 1 1 1 1 1 1 1 1 1 1 1 1 1 1 1 1 1 1 1 1 1 1 1 1 1 1 1 1 1 1 1 1 1 1 1 1 1 1 1 1 1 1 1 1 1 1 0 1 1 1 1 1 1 1 1 1 1 1 1 
1 1 1 0 1 1 1 1 1 1 1 0 1 1 1 1 1 1 0 1 1 1 1 1 1 1 1 0 1 1 1 0 1 1 1 0 1 1 1 1 0 1 1 1 0 1 1 1 0 1 1 1 1 0 1 1 1 0 1 1 1 0 1 1 1 1 0 1 1 1 0 1 1 1 0 1 1 1 
1 1 1 1 1 1 1 1 1 1 1 1 1 1 1 1 1 1 1 1 1 1 1 1 1 1 1 1 1 1 1 1 1 1 1 1 1 1 1 1 1 1 1 1 1 1 1 1 1 1 1 1 1 1 1 1 1 1 1 1 1 1 1 1 1 1 1 1 1 1 1 1 1 1 1 1 1 1 
1 1 1 1 1 1 1 1 1 1 1 1 1 1 1 1 1 1 1 1 1 1 1 1 1 1 1 1 1 1 1 1 1 1 1 1 1 1 1 1 1 1 1 1 1 1 1 1 1 1 1 1 1 1 1 1 1 1 1 1 1 1 1 1 1 1 1 1 1 1 1 1 1 1 1 1 1 1 
1 1 1 1 1 0 1 1 1 1 1 1 1 1 0 1 1 1 1 1 0 1 1 1 1 1 1 1 0 1 1 1 1 0 1 1 0 1 1 1 1 0 1 1 1 1 0 1 1 0 1 1 1 1 0 1 1 1 1 0 1 1 0 1 1 1 1 0 1 1 1 1 0 1 1 0 1 1 
0 1 1 1 1 1 1 1 1 1 1 1 1 1 1 1 1 1 1 1 1 1 1 1 1 1 0 1 1 1 1 1 1 1 1 1 1 1 0 0 1 1 1 1 1 1 1 1 1 1 1 0 0 1 1 1 1 1 1 1 1 1 1 1 0 0 1 1 1 1 1 1 1 1 1 1 1 0 
1 1 1 1 1 1 1 1 1 1 1 1 1 1 1 1 1 1 1 1 1 1 1 1 1 1 1 1 1 1 1 1 1 1 1 1 1 1 1 1 1 1 1 1 1 1 1 1 1 1 1 1 1 1 1 1 1 1 1 1 1 1 1 1 1 1 1 1 1 1 1 1 1 1 1 1 1 1 
1 1 1 1 1 1 1 1 1 1 1 1 1 1 1 1 1 1 1 1 1 1 1 1 1 1 1 1 1 1 1 1 1 1 1 1 1 1 1 1 1 1 1 1 1 1 1 1 1 1 1 1 1 1 1 1 1 1 1 1 1 1 1 1 1 1 1 1 1 1 1 1 1 1 1 1 1 1 
1 1 1 1 1 1 1 1 1 1 1 1 1 1 1 1 1 1 1 1 1 1 1 1 1 1 1 1 1 1 1 1 1 1 1 1 1 1 1 1 1 1 1 1 1 1 1 1 1 1 1 1 1 1 1 1 1 1 1 1 1 1 1 1 1 1 1 1 1 1 1 1 1 1 1 1 1 1 
0 1 1 1 1 1 1 1 0 1 1 1 1 1 1 1 1 1 1 1 1 1 1 1 1 1 0 1 1 1 0 1 1 1 1 1 1 1 1 0 1 1 1 0 1 1 1 1 1 1 1 1 0 1 1 1 0 1 1 1 1 1 1 1 1 0 1 1 1 0 1 1 1 1 1 1 1 1 
1 1 1 1 1 1 1 1 1 1 1 1 1 1 1 1 1 1 1 1 1 1 1 1 1 1 1 1 1 1 1 1 1 1 1 1 1 1 1 1 1 1 1 1 1 1 1 1 1 1 1 1 1 1 1 1 1 1 1 1 1 1 1 1 1 1 1 1 1 1 0 1 1 1 1 1 1 1 
1 1 1 1 1 1 1 0 1 1 1 1 1 1 1 1 1 1 1 1 1 1 0 1 1 1 1 1 1 0 1 1 1 1 1 1 1 0 1 1 1 1 0 1 1 1 1 1 1 1 0 1 1 1 1 0 1 1 1 1 1 1 1 0 1 1 0 1 0 1 1 1 1 1 1 1 0 1 
1 1 1 1 1 1 1 1 1 1 1 1 1 1 1 1 1 1 1 1 1 1 1 1 1 1 1 1 1 1 1 1 1 1 1 1 1 1 1 1 1 1 1 1 1 1 1 1 1 1 1 1 1 1 1 1 1 1 1 1 1 1 1 1 1 1 1 1 1 1 1 1 1 1 1 1 1 1 
1 1 1 1 1 1 1 1 1 1 1 1 1 1 1 1 1 1 1 1 1 1 1 1 1 1 1 1 1 1 1 1 1 1 1 1 1 1 1 1 1 1 1 1 1 1 1 1 1 1 1 1 1 1 1 1 1 1 1 1 1 1 1 1 1 1 1 1 1 1 1 1 1 1 1 1 1 1 
1 1 1 1 1 1 1 1 1 1 1 1 1 1 1 1 1 1 1 1 1 1 1 1 1 1 1 1 1 1 1 1 1 1 1 1 1 1 1 1 1 1 1 1 1 1 1 1 1 1 1 1 1 1 1 1 1 1 1 1 1 1 1 1 1 1 1 1 1 1 1 1 1 1 1 1 1 1 
1 1 1 1 1 0 1 1 1 1 1 1 1 1 1 1 1 1 1 1 1 1 1 1 1 0 1 1 0 1 1 1 1 1 1 1 1 1 0 1 1 0 1 1 1 1 1 1 1 1 1 0 1 1 0 1 1 1 1 1 1 1 1 1 0 1 1 0 1 1 1 1 1 1 1 1 1 0 
1 1 1 1 1 1 1 1 1 1 1 1 1 1 1 1 1 1 1 1 1 1 1 1 1 1 1 1 1 1 1 1 1 0 1 1 1 1 1 1 1 1 1 1 1 1 0 1 1 1 1 1 1 1 1 1 1 1 1 0 1 1 1 1 1 1 1 1 1 1 1 1 0 1 1 1 1 1 
1 1 1 1 1 1 1 1 1 1 1 1 1 1 1 1 0 1 1 1 1 1 1 1 1 1 1 1 1 1 1 1 1 1 0 1 1 1 1 1 1 1 1 1 1 1 1 0 1 1 1 1 1 1 1 1 1 1 1 1 0 1 1 1 1 1 1 1 1 1 1 1 1 0 1 1 1 1 
1 1 1 1 1 1 1 1 1 1 1 1 1 1 1 1 1 1 1 1 1 1 1 1 1 1 1 1 1 1 1 1 1 1 1 1 0 1 1 1 1 1 1 1 1 1 1 1 1 0 1 1 1 1 1 1 1 1 1 1 1 1 0 1 1 1 1 1 1 1 1 1 1 1 1 0 1 1 
1 1 0 1 1 1 1 1 1 1 1 1 1 1 1 1 1 1 1 1 1 1 1 1 1 1 1 0 1 1 1 1 1 1 1 1 1 1 1 1 0 1 1 1 1 1 1 1 1 1 1 1 1 0 1 1 1 1 1 1 1 1 1 1 1 1 0 1 1 1 1 1 1 1 1 1 1 1 
1 1 1 1 1 1 1 1 1 1 1 1 1 0 1 1 1 0 1 1 1 1 1 1 1 1 1 1 1 1 1 1 0 1 0 1 1 1 1 1 1 1 1 1 1 0 1 0 1 1 1 1 1 1 1 1 1 1 0 1 0 1 1 1 1 1 1 1 1 1 1 0 1 0 1 1 1 1 
1 1 1 1 1 1 1 1 1 1 1 1 1 1 1 1 1 1 1 1 1 1 1 1 1 1 1 0 1 1 1 1 1 1 1 1 1 1 1 1 0 1 1 1 1 1 1 1 1 1 1 1 1 0 1 1 1 1 1 1 1 1 1 1 1 1 0 1 1 1 1 1 1 1 1 1 1 1 
]

EmployeeWantedInStint: [ (2 74) 1 (3 30) 1 (3 58) 1 (3 71) 1 (4 24) 1 (4 68) 1 (4 74) 1 (5 21) 1 (5 32) 1 (5 44) 1 (6 11) 1 (6 17) 1 (7 46) 1 (9 26) 1 (9 30) 1 (10 39) 1 (11 25) 1 (11 38) 1 (11 78) 1 (12 53) 1 (13 7) 1 (13 18) 1 (13 51) 1 (13 69) 1 (16 25) 1 (16 67) 1 (16 68) 1 (17 32) 1 (17 56) 1 (17 70) 1 (17 77) 1 (19 15) 1 (19 63) 1 (20 44) 1 (21 37) 1 (23 55) 1 (23 68) 1 (24 30) 1 (24 71) 1 (24 72) 1 (25 23) 1 (25 34) 1 (25 55) 1 (25 58) 1 (27 9) 1 (27 19) 1 (29 14) 1 (29 68) 1 (30 1) 1 (30 63) 1 (30 73) 1 ]

EmployeeWantedViolationCost: [ (2 74) 10000 (3 30) 9000 (3 58) 15000 (3 71) 7000 (4 24) 11000 (4 68) 15000 (4 74) 11000 (5 21) 10000 (5 32) 13000 (5 44) 10000 (6 11) 10000 (6 17) 12000 (7 46) 12000 (9 26) 13000 (9 30) 6000 (10 39) 13000 (11 25) 14000 (11 38) 11000 (11 78) 8000 (12 53) 14000 (13 7) 15000 (13 18) 12000 (13 51) 13000 (13 69) 14000 (16 25) 8000 (16 67) 15000 (16 68) 9000 (17 32) 8000 (17 56) 14000 (17 70) 7000 (17 77) 12000 (19 15) 14000 (19 63) 15000 (20 44) 13000 (21 37) 8000 (23 55) 10000 (23 68) 10000 (24 30) 5000 (24 71) 10000 (24 72) 8000 (25 23) 11000 (25 34) 13000 (25 55) 9000 (25 58) 5000 (27 9) 12000 (27 19) 14000 (29 14) 9000 (29 68) 8000 (30 1) 8000 (30 63) 10000 (30 73) 9000 ]

EmployeesThatShouldNotWorkTogetherWithEmployee: [
[ ]
[ 15 ]
[ ]
[ 9 14 17 21 24 ]
[ ]
[ 20 26 ]
[ ]
[ ]
[ ]
[ 28 ]
[ 24 29 ]
[ 18 19 23 ]
[ ]
[ ]
[ ]
[ ]
[ 19 ]
[ 21 ]
[ 26 ]
[ ]
[ ]
[ ]
[ ]
[ ]
[ 26 ]
[ ]
[ 28 ]
[ ]
[ ]
[ ]
]

ShouldNotWorkTogetherCost: [ (2 15) 396 (4 9) 297 (4 14) 99 (4 17) 396 (4 21) 297 (4 24) 99 (6 20) 99 (6 26) 198 (10 28) 396 (11 24) 297 (11 29) 99 (12 18) 396 (12 19) 297 (12 23) 297 (17 19) 198 (18 21) 396 (19 26) 396 (25 26) 297 (27 28) 198 ]

ImmediatePredecessorsToActivity: [
[ ]
[ 1 ]
[ 1 ]
[ 1 ]
[ 1 ]
[ 3 ]
[ 1 ]
[ 1 ]
[ 2 5 6 ]
[ 2 8 ]
[ 2 6 7 8 ]
[ 4 9 ]
[ 9 10 ]
[ 5 ]
[ 5 8 ]
[ 12 ]
[ 10 12 ]
[ 5 6 7 ]
[ 6 8 ]
[ 2 15 ]
[ 8 ]
[ 1 ]
[ 15 ]
[ 9 18 23 ]
[ 1 ]
[ 1 ]
[ 6 20 21 26 ]
[ 6 26 ]
[ 8 18 ]
[ 4 6 ]
[ 6 7 12 20 ]
[ 4 15 ]
[ 3 ]
[ 3 ]
[ 2 6 23 26 ]
[ 6 20 32 ]
[ 15 ]
[ ]
[ 38 ]
[ 38 ]
[ 38 ]
[ 38 ]
[ 41 42 ]
[ 38 ]
[ 39 40 44 ]
[ 38 ]
[ 39 ]
[ 42 44 46 47 ]
[ 40 41 ]
[ 38 ]
[ 48 ]
[ 40 48 ]
[ 39 40 ]
[ 42 44 ]
[ 41 ]
[ 40 41 50 54 ]
[ 42 44 ]
[ 41 46 47 ]
[ 41 42 ]
[ 59 ]
[ 38 ]
[ 58 ]
[ 58 59 ]
[ 39 44 50 58 60 61 ]
[ 39 40 44 58 ]
[ 41 48 50 ]
[ 39 50 51 60 ]
[ 46 47 59 ]
[ 40 44 61 ]
[ 50 55 ]
[ 40 41 42 70 ]
[ 50 61 ]
[ 39 40 44 72 ]
[ 46 72 ]
[ 38 ]
[ 42 46 50 61 ]
[ 47 54 55 60 72 ]
[ 44 61 ]
[ 70 ]
[ 48 70 78 ]
[ 42 50 55 ]
[ 46 ]
[ 39 40 42 46 ]
[ 51 55 60 82 ]
[ 48 58 76 78 ]
[ ]
[ 86 ]
[ 86 ]
[ 86 ]
[ 86 ]
[ 88 ]
[ 87 91 ]
[ 90 91 ]
[ 87 89 91 ]
[ 89 93 ]
[ 89 ]
[ 92 ]
[ 92 94 ]
[ 90 92 ]
[ 87 ]
[ 88 96 ]
[ 91 ]
[ 87 90 91 ]
[ 91 100 101 ]
[ 87 93 104 ]
[ 104 ]
[ 87 88 93 ]
[ 91 96 ]
[ 93 ]
[ 88 102 ]
[ 89 93 102 ]
[ 87 89 104 ]
[ 88 102 ]
[ 96 102 104 ]
[ ]
[ 115 ]
[ 115 ]
[ 115 ]
[ 115 ]
[ 115 ]
[ 119 ]
[ 118 119 ]
[ 116 117 121 ]
[ 123 ]
[ 118 123 ]
[ 116 125 ]
[ 118 ]
[ 119 126 ]
[ 118 124 ]
[ 120 127 ]
[ 115 ]
[ 116 124 125 ]
[ 124 125 ]
[ 119 124 ]
[ 116 119 ]
[ ]
[ 136 ]
[ 136 ]
[ 136 ]
[ 136 ]
[ 136 ]
[ 141 ]
[ 137 142 ]
[ 138 139 ]
[ 138 ]
[ 140 142 144 ]
[ 140 142 ]
[ 138 139 142 ]
[ 140 ]
[ 136 ]
[ 140 141 144 150 ]
[ 139 145 ]
[ 147 150 ]
[ 137 141 144 150 152 ]
[ 143 144 ]
[ 140 ]
[ 140 141 ]
[ 143 147 148 157 ]
[ 144 150 157 ]
[ 137 ]
[ 144 157 ]
[ 143 151 161 ]
[ 138 140 142 150 ]
]

ActivitiesInProject: [
[ 1 2 3 4 5 6 7 8 9 10 11 12 13 14 15 16 17 18 19 20 21 22 23 24 25 26 27 28 29 30 31 32 33 34 35 36 37 ]
[ 38 39 40 41 42 43 44 45 46 47 48 49 50 51 52 53 54 55 56 57 58 59 60 61 62 63 64 65 66 67 68 69 70 71 72 73 74 75 76 77 78 79 80 81 82 83 84 85 ]
[ 86 87 88 89 90 91 92 93 94 95 96 97 98 99 100 101 102 103 104 105 106 107 108 109 110 111 112 113 114 ]
[ 115 116 117 118 119 120 121 122 123 124 125 126 127 128 129 130 131 132 133 134 135 ]
[ 136 137 138 139 140 141 142 143 144 145 146 147 148 149 150 151 152 153 154 155 156 157 158 159 160 161 162 163 ]
]

nActivityModes: [ 1 1 1 1 1 1 1 1 1 1 1 1 1 1 1 1 1 1 1 1 1 1 1 1 1 1 1 1 1 1 1 1 1 1 1 1 1 1 1 1 1 1 1 1 1 1 1 1 1 1 1 1 1 1 1 1 1 1 1 1 1 1 1 1 1 1 1 1 1 1 1 1 1 1 1 1 1 1 1 1 1 1 1 1 1 1 1 1 1 1 1 1 1 1 1 1 1 1 1 1 1 1 1 1 1 1 1 1 1 1 1 1 1 1 1 1 1 1 1 1 1 1 1 1 1 1 1 1 1 1 1 1 1 1 1 1 1 1 1 1 1 1 1 1 1 1 1 1 1 1 1 1 1 1 1 1 1 1 1 1 1 1 1 ]

ActivityDurationWithMode: [
1	
45	
10	
33	
18	
12	
42	
9	
10	
15	
23	
10	
8	
48	
10	
9	
10	
10	
24	
16	
45	
72	
27	
12	
75	
33	
12	
33	
8	
25	
9	
14	
50	
58	
17	
8	
33	
1	
14	
95	
14	
72	
37	
63	
23	
12	
47	
14	
20	
35	
18	
18	
13	
26	
18	
15	
37	
34	
15	
13	
12	
20	
18	
16	
16	
20	
14	
25	
20	
48	
14	
64	
15	
18	
119	
14	
17	
30	
27	
25	
35	
39	
23	
12	
12	
1	
12	
12	
15	
29	
23	
20	
15	
26	
16	
8	
12	
8	
12	
20	
18	
13	
30	
16	
12	
12	
19	
21	
16	
16	
20	
8	
14	
8	
1	
6	
13	
10	
7	
18	
12	
38	
9	
13	
7	
9	
7	
6	
7	
8	
38	
6	
7	
6	
36	
1	
14	
9	
12	
11	
16	
37	
9	
10	
39	
17	
10	
16	
64	
20	
17	
18	
11	
12	
16	
65	
34	
8	
21	
29	
10	
16	
25	
]

StintsInProject: [
[ 1 2 3 4 5 6 7 8 9 10 11 12 13 14 15 16 17 18 19 20 21 22 23 24 25 26 ]
[ 27 28 29 30 31 32 33 34 35 36 37 38 39 ]
[ 40 41 42 43 44 45 46 47 48 49 50 51 52 ]
[ 53 54 55 56 57 58 59 60 61 62 63 64 65 ]
[ 66 67 68 69 70 71 72 73 74 75 76 77 78 ]
]

WorkingStintsOnDay: [
[ 1 27 40 53 66 ]
[ 1 27 40 53 66 ]
[ 1 27 40 53 66 ]
[ 1 27 40 53 66 ]
[ 1 27 40 53 66 ]
[ 27 40 53 66 ]
[ 27 40 53 66 ]
[ 2 27 40 53 66 ]
[ 2 27 40 53 66 ]
[ 2 27 40 53 66 ]
[ 2 27 40 53 66 ]
[ 2 27 40 53 66 ]
[ 66 ]
[ 66 ]
[ 3 28 41 54 67 ]
[ 3 28 41 54 67 ]
[ 3 28 41 54 67 ]
[ 3 28 41 54 67 ]
[ 3 28 41 54 67 ]
[ 28 41 54 67 ]
[ 28 41 54 67 ]
[ 4 28 41 54 67 ]
[ 4 28 41 54 67 ]
[ 4 28 41 54 67 ]
[ 4 28 41 54 67 ]
[ 4 28 41 54 67 ]
[ 67 ]
[ 67 ]
[ 5 29 42 55 68 ]
[ 5 29 42 55 68 ]
[ 5 29 42 55 68 ]
[ 5 29 42 55 68 ]
[ 5 29 42 55 68 ]
[ 29 42 55 68 ]
[ 29 42 55 68 ]
[ 6 29 42 55 68 ]
[ 6 29 42 55 68 ]
[ 6 29 42 55 68 ]
[ 6 29 42 55 68 ]
[ 6 29 42 55 68 ]
[ 68 ]
[ 68 ]
[ 7 30 43 56 69 ]
[ 7 30 43 56 69 ]
[ 7 30 43 56 69 ]
[ 7 30 43 56 69 ]
[ 7 30 43 56 69 ]
[ 30 43 56 69 ]
[ 30 43 56 69 ]
[ 8 30 43 56 69 ]
[ 8 30 43 56 69 ]
[ 8 30 43 56 69 ]
[ 8 30 43 56 69 ]
[ 8 30 43 56 69 ]
[ 69 ]
[ 69 ]
[ 9 31 44 57 70 ]
[ 9 31 44 57 70 ]
[ 9 31 44 57 70 ]
[ 9 31 44 57 70 ]
[ 9 31 44 57 70 ]
[ 31 44 57 70 ]
[ 31 44 57 70 ]
[ 10 31 44 57 70 ]
[ 10 31 44 57 70 ]
[ 10 31 44 57 70 ]
[ 10 31 44 57 70 ]
[ 10 31 44 57 70 ]
[ 70 ]
[ 70 ]
[ 11 32 45 58 71 ]
[ 11 32 45 58 71 ]
[ 11 32 45 58 71 ]
[ 11 32 45 58 71 ]
[ 11 32 45 58 71 ]
[ 32 45 58 71 ]
[ 32 45 58 71 ]
[ 12 32 45 58 71 ]
[ 12 32 45 58 71 ]
[ 12 32 45 58 71 ]
[ 12 32 45 58 71 ]
[ 12 32 45 58 71 ]
[ 71 ]
[ 71 ]
[ 13 33 46 59 72 ]
[ 13 33 46 59 72 ]
[ 13 33 46 59 72 ]
[ 13 33 46 59 72 ]
[ 13 33 46 59 72 ]
[ 33 46 59 72 ]
[ 33 46 59 72 ]
[ 14 33 46 59 72 ]
[ 14 33 46 59 72 ]
[ 14 33 46 59 72 ]
[ 14 33 46 59 72 ]
[ 14 33 46 59 72 ]
[ 72 ]
[ 72 ]
[ 15 34 47 60 73 ]
[ 15 34 47 60 73 ]
[ 15 34 47 60 73 ]
[ 15 34 47 60 73 ]
[ 15 34 47 60 73 ]
[ 34 47 60 73 ]
[ 34 47 60 73 ]
[ 16 34 47 60 73 ]
[ 16 34 47 60 73 ]
[ 16 34 47 60 73 ]
[ 16 34 47 60 73 ]
[ 16 34 47 60 73 ]
[ 73 ]
[ 73 ]
[ 17 35 48 61 74 ]
[ 17 35 48 61 74 ]
[ 17 35 48 61 74 ]
[ 17 35 48 61 74 ]
[ 17 35 48 61 74 ]
[ 35 48 61 74 ]
[ 35 48 61 74 ]
[ 18 35 48 61 74 ]
[ 18 35 48 61 74 ]
[ 18 35 48 61 74 ]
[ 18 35 48 61 74 ]
[ 18 35 48 61 74 ]
[ 74 ]
[ 74 ]
[ 19 36 49 62 75 ]
[ 19 36 49 62 75 ]
[ 19 36 49 62 75 ]
[ 19 36 49 62 75 ]
[ 19 36 49 62 75 ]
[ 36 49 62 75 ]
[ 36 49 62 75 ]
[ 20 36 49 62 75 ]
[ 20 36 49 62 75 ]
[ 20 36 49 62 75 ]
[ 20 36 49 62 75 ]
[ 20 36 49 62 75 ]
[ 75 ]
[ 75 ]
[ 21 37 50 63 76 ]
[ 21 37 50 63 76 ]
[ 21 37 50 63 76 ]
[ 21 37 50 63 76 ]
[ 21 37 50 63 76 ]
[ 37 50 63 76 ]
[ 37 50 63 76 ]
[ 22 37 50 63 76 ]
[ 22 37 50 63 76 ]
[ 22 37 50 63 76 ]
[ 22 37 50 63 76 ]
[ 22 37 50 63 76 ]
[ 76 ]
[ 76 ]
[ 23 38 51 64 77 ]
[ 23 38 51 64 77 ]
[ 23 38 51 64 77 ]
[ 23 38 51 64 77 ]
[ 23 38 51 64 77 ]
[ 38 51 64 77 ]
[ 38 51 64 77 ]
[ 24 38 51 64 77 ]
[ 24 38 51 64 77 ]
[ 24 38 51 64 77 ]
[ 24 38 51 64 77 ]
[ 24 38 51 64 77 ]
[ 77 ]
[ 77 ]
[ 25 39 52 65 78 ]
[ 25 39 52 65 78 ]
[ 25 39 52 65 78 ]
[ 25 39 52 65 78 ]
[ 25 39 52 65 78 ]
[ 39 52 65 78 ]
[ 39 52 65 78 ]
[ 26 39 52 65 78 ]
[ 26 39 52 65 78 ]
[ 26 39 52 65 78 ]
[ 26 39 52 65 78 ]
[ 26 39 52 65 78 ]
]

ProjectStart: [ 21 37 27 51 16 ]

ProjectEnd: [ 127 176 111 111 95 ]

EarliestStartDayForActivity: [ 1 21 21 21 21 34 21 21 83 83 83 97 104 46 46 111 111 80 52 83 33 21 60 97 21 21 107 67 94 67 111 67 34 34 97 107 60 1 37 37 37 37 121 37 148 37 53 121 148 37 137 148 148 121 53 151 121 108 121 138 37 148 148 153 148 137 159 138 148 78 148 78 152 152 37 121 153 110 134 146 121 51 148 159 148 1 27 27 27 27 41 68 68 68 87 46 92 100 92 41 54 68 68 76 94 94 87 68 87 83 87 94 83 94 1 51 51 51 51 51 60 63 74 83 83 92 63 103 100 73 51 100 100 100 60 1 16 16 16 16 16 32 69 28 25 69 69 69 27 16 38 64 79 82 78 27 32 85 66 30 66 78 69 ]

LatestStartDayForActivity: [ 1 127 127 127 127 127 127 127 127 127 127 127 127 127 127 127 127 127 127 127 127 127 127 127 127 127 127 127 127 127 127 127 127 127 127 127 127 1 176 176 176 176 176 176 176 176 176 176 176 176 176 176 176 176 176 176 176 176 176 176 176 176 176 176 176 176 176 176 176 176 176 176 176 176 176 176 176 176 176 176 176 176 176 176 176 1 111 111 111 111 111 111 111 111 111 111 111 111 111 111 111 111 111 111 111 111 111 111 111 111 111 111 111 111 1 111 111 111 111 111 111 111 111 111 111 111 111 111 111 111 111 111 111 111 111 1 95 95 95 95 95 95 95 95 95 95 95 95 95 95 95 95 95 95 95 95 95 95 95 95 95 95 95 ]

EquipmentTypeDemandInActivityWithMode: [
0	
1	
0	
3	
0	
0	
1	
0	
2	
1	
0	
0	
2	
1	
1	
1	
1	
1	
1	
2	
0	
1	
1	
1	
1	
1	
0	
2	
0	
1	
0	
0	
0	
1	
2	
0	
0	
0	
0	
0	
0	
2	
0	
1	
1	
1	
1	
0	
1	
0	
1	
1	
0	
0	
0	
0	
0	
0	
1	
2	
0	
1	
0	
1	
1	
1	
1	
0	
0	
0	
2	
0	
0	
0	
0	
0	
0	
0	
2	
0	
0	
0	
0	
0	
2	
0	
0	
1	
0	
1	
2	
0	
0	
2	
1	
1	
1	
0	
0	
2	
2	
1	
0	
0	
0	
0	
0	
1	
2	
1	
0	
0	
0	
0	
0	
0	
1	
1	
0	
1	
0	
0	
0	
2	
0	
0	
0	
1	
1	
0	
1	
1	
0	
0	
1	
0	
0	
1	
1	
0	
0	
0	
0	
2	
1	
0	
0	
0	
1	
1	
0	
2	
0	
1	
0	
0	
0	
1	
0	
0	
1	
0	
1	

0	
0	
2	
0	
0	
0	
0	
3	
0	
0	
0	
0	
1	
1	
0	
1	
0	
0	
1	
1	
2	
0	
0	
0	
1	
0	
1	
3	
1	
0	
1	
0	
0	
0	
2	
0	
4	
0	
0	
0	
1	
1	
1	
0	
1	
0	
0	
3	
0	
0	
1	
0	
1	
0	
1	
0	
0	
1	
0	
0	
1	
2	
0	
0	
0	
1	
0	
2	
0	
0	
1	
1	
1	
1	
1	
2	
1	
1	
2	
0	
0	
1	
1	
1	
1	
0	
1	
0	
0	
2	
1	
1	
1	
0	
1	
0	
0	
1	
2	
0	
0	
0	
1	
0	
0	
0	
0	
1	
1	
1	
0	
0	
0	
1	
0	
2	
1	
0	
1	
2	
1	
0	
0	
0	
0	
1	
2	
0	
2	
0	
0	
1	
2	
0	
0	
0	
1	
0	
0	
1	
1	
2	
0	
1	
1	
3	
1	
0	
2	
1	
0	
1	
2	
0	
0	
1	
1	
1	
0	
1	
1	
2	
1	

0	
0	
1	
0	
0	
0	
1	
0	
1	
2	
0	
2	
0	
0	
1	
1	
1	
0	
0	
1	
1	
0	
0	
1	
0	
0	
0	
0	
1	
2	
1	
0	
0	
1	
0	
1	
0	
0	
0	
0	
0	
2	
0	
1	
0	
1	
0	
0	
1	
0	
0	
0	
1	
1	
2	
1	
1	
0	
1	
1	
0	
0	
0	
1	
0	
0	
1	
1	
2	
1	
0	
1	
0	
0	
0	
0	
1	
0	
0	
0	
2	
1	
0	
0	
1	
0	
0	
0	
0	
0	
1	
0	
0	
2	
0	
1	
1	
2	
1	
0	
1	
1	
0	
0	
0	
0	
0	
0	
0	
0	
0	
0	
0	
0	
0	
0	
0	
0	
0	
1	
0	
1	
2	
0	
0	
0	
0	
0	
1	
1	
0	
0	
1	
1	
1	
0	
0	
1	
0	
1	
1	
0	
0	
1	
0	
0	
2	
0	
0	
0	
1	
1	
1	
1	
0	
1	
1	
1	
1	
0	
0	
0	
1	

0	
3	
2	
0	
1	
1	
2	
0	
0	
1	
0	
0	
0	
0	
0	
2	
0	
1	
1	
0	
0	
1	
0	
0	
1	
0	
1	
1	
0	
0	
1	
1	
1	
0	
1	
1	
1	
0	
0	
2	
0	
0	
0	
1	
0	
0	
2	
0	
2	
0	
0	
0	
0	
0	
0	
1	
1	
1	
1	
0	
0	
0	
0	
0	
2	
1	
0	
1	
0	
2	
1	
3	
1	
0	
0	
0	
0	
1	
2	
0	
0	
0	
0	
0	
2	
0	
2	
1	
0	
0	
0	
0	
2	
0	
0	
0	
1	
1	
3	
0	
1	
0	
2	
1	
1	
0	
1	
1	
0	
0	
1	
1	
0	
2	
0	
0	
0	
0	
0	
0	
1	
1	
3	
0	
1	
0	
3	
0	
0	
2	
0	
1	
0	
0	
0	
0	
2	
0	
1	
1	
2	
1	
2	
0	
0	
2	
1	
0	
1	
0	
3	
2	
0	
0	
1	
1	
0	
0	
0	
0	
1	
0	
2	

0	
0	
0	
1	
1	
0	
0	
0	
0	
0	
1	
1	
0	
0	
0	
0	
1	
0	
0	
1	
0	
0	
2	
0	
0	
0	
0	
0	
0	
0	
0	
0	
0	
1	
0	
0	
1	
0	
1	
0	
0	
0	
0	
0	
1	
0	
0	
0	
0	
1	
1	
1	
1	
0	
0	
1	
0	
0	
0	
0	
1	
0	
0	
2	
0	
1	
0	
1	
1	
0	
1	
0	
0	
0	
1	
1	
0	
0	
0	
0	
0	
0	
0	
1	
0	
0	
0	
0	
0	
1	
0	
1	
0	
1	
0	
0	
0	
1	
0	
0	
0	
0	
0	
0	
1	
0	
0	
0	
0	
1	
0	
0	
0	
0	
0	
1	
0	
1	
0	
0	
0	
0	
0	
0	
0	
0	
0	
1	
0	
1	
0	
0	
0	
1	
0	
0	
1	
0	
0	
1	
0	
0	
0	
1	
0	
0	
0	
1	
0	
0	
1	
0	
0	
1	
0	
0	
1	
0	
0	
0	
0	
1	
0	

]

ExternalEquipmentRentingCost: [
4671	3799	4821	2095	1377	5120	3508	2189	2099	2673	4929	4886	1855	3750	5028	3592	3479	4364	1506	4042	5802	1366	3713	3806	2129	1209	4752	4521	3796	5703	1969	1257	3995	3472	2448	2744	2563	5260	5100	1889	4853	1609	4171	5205	4242	1642	2225	1719	2337	3116	3763	5456	1009	3582	3294	3020	4558	2055	2255	3605	3086	1651	5460	3730	2910	5490	5618	4878	1495	5693	2252	1889	2979	3302	4353	2087	4835	5337	2399	1186	2157	3921	1544	2553	5868	2328	5764	5700	4143	1012	2594	5866	1237	4753	4258	5751	3801	2757	5470	3664	5084	3545	1675	2242	1076	5448	2866	2772	1660	2814	4900	2068	5327	2797	1655	2235	3795	4465	4269	3113	5941	5489	1613	1890	3740	4947	1665	1429	5410	1663	3273	4854	5747	1249	4247	5104	2037	2628	3873	2741	3382	5575	1201	4682	2011	1776	1168	1720	1798	2463	2472	2171	3621	2448	4769	3717	4092	2565	1222	1551	4362	4457	3422	
4946	1031	3775	4872	1624	3474	3040	3011	1725	2505	2098	2048	1801	5203	1695	3118	3928	3168	5108	4166	2431	5580	3395	4116	4919	2210	4981	3922	5593	2173	4523	2531	3055	4148	2616	2932	2992	3531	4679	5767	3412	2357	2575	3551	4667	5846	4921	3516	2374	1768	4394	1395	1524	5964	1035	2666	3537	3780	4826	2336	3917	3908	3493	2963	4797	1395	5670	1259	3271	3998	3223	5795	2374	4820	4612	3519	1913	2220	5584	5772	4123	3206	5949	5528	2633	5784	4665	5782	5664	2457	5682	1813	1189	4450	1001	3691	4929	3752	5435	4768	5212	2386	2817	3279	5711	5169	3575	2985	4694	1495	5789	1473	3908	1012	5679	1070	2455	3506	2198	3246	1764	4256	5164	2683	4473	4630	1268	1953	3919	4423	3648	1933	4771	4171	5417	4328	4797	4259	4451	5739	4814	4116	5122	4919	5531	4453	2336	4969	2702	4053	2493	2064	2299	1958	1419	4053	3954	4815	3427	1881	4296	3976	4404	
3878	3685	4180	5074	3442	3288	1240	4025	2432	3392	2348	3001	5406	3907	2736	4924	1418	2519	1868	1558	5777	5938	5119	3379	5815	1856	1914	5979	4955	4913	2712	5084	3680	3326	4234	5429	1906	3652	3159	4628	1825	4802	3543	5882	1905	4345	4426	4301	3433	2995	2062	3683	3442	2080	3895	3719	5536	1048	4406	2621	2405	4434	2402	1475	3092	5329	5850	1246	2053	2580	5623	1149	2996	3786	5176	5188	3848	3730	4444	4450	2375	4353	5717	1525	1103	2429	3214	1064	2223	3009	1220	4012	2622	1499	5956	2207	2377	4591	3104	4286	3664	4796	1793	3038	1383	1371	3154	3455	2797	4790	2586	5649	1823	2070	2093	1237	4770	3545	4802	1368	1394	4355	2599	4166	4767	5130	5869	4338	1045	3735	5174	5082	2958	5845	1699	2974	5289	2803	1374	4774	1115	1129	3465	2837	5050	2074	5889	1350	1378	1333	4971	3396	4453	2609	5852	1626	1260	5755	1138	5222	1800	4746	3149	
2466	1527	1477	3611	3317	5342	4476	5933	5292	2521	2620	4297	3800	1020	3231	2916	1784	5971	3622	3162	4997	1121	4198	2220	1844	2556	4174	2588	1962	4581	4768	3704	4113	5544	5394	3349	5920	2260	1887	3724	1462	4378	4462	1524	5626	2121	4330	5830	2343	1982	4520	1100	2412	1638	5506	4688	1516	2831	1454	2284	3236	2425	3745	5579	1987	4895	1313	5976	4624	2636	2752	3960	3191	2305	2830	2328	5439	5831	4260	1962	3992	5214	2816	1381	3681	3169	4321	3319	3780	5802	3648	5451	4447	3917	3404	1415	5858	4503	3539	2930	1789	1960	4480	1806	5937	5336	1727	1385	3917	3808	2801	2228	1164	2832	3633	5626	5933	1541	2372	4596	5072	1551	4098	2878	4553	4932	1476	5207	4396	3044	4720	4858	5386	3647	3853	4725	5831	2363	5328	3165	4721	2026	5269	1587	2265	2739	2302	2526	3617	4195	1589	5413	2355	4722	5151	1654	5080	5128	4225	5259	4863	1458	4356	
5463	5189	4881	4904	1860	5124	4934	5730	5648	5766	2913	2954	5133	5545	5965	5544	3482	3642	1409	1192	3498	4161	3837	1795	4548	3565	3815	4793	4055	3787	1851	4641	1089	4787	4046	1516	5163	3028	3116	4201	5452	3866	2179	3109	3202	2312	4391	1890	1257	1838	3199	1961	5207	5518	5547	1881	2549	5708	1795	4114	2528	4543	5336	1469	3773	1074	5880	4573	4211	4721	5016	1965	3580	2537	4489	2460	2124	1680	3370	3454	4841	4778	4964	3263	1958	4230	4151	3446	2154	5486	1281	5382	3600	2433	5448	1167	1261	5257	3070	3723	5285	5774	4760	5191	4114	5043	2956	3397	4131	3040	5389	3143	4674	2537	3098	3839	5830	5797	5933	5061	5101	2703	2605	5118	1342	5750	4371	1936	2906	2851	4333	1819	2456	1281	4811	3112	4556	5108	5955	4966	3205	1934	3874	2286	3955	5931	2880	3716	5485	3824	2722	4905	3542	5559	5524	1372	1495	5272	3856	5324	2471	2124	3483	
]

EquipmentTypeTransportationCost: [
1	3746	3254	3714	4116	
3746	1	3434	2927	3448	
3254	3434	1	3544	3913	
3714	2927	3544	1	3569	
4116	3448	3913	3569	1	

1	4035	3514	4018	4418	
4035	1	3751	3209	3701	
3514	3751	1	3784	4232	
4018	3209	3784	1	3914	
4418	3701	4232	3914	1	

1	3042	2626	2948	3296	
3042	1	2812	2447	2742	
2626	2812	1	2864	3121	
2948	2447	2864	1	2863	
3296	2742	3121	2863	1	

1	4569	3920	4515	5094	
4569	1	4187	3592	4209	
3920	4187	1	4359	4770	
4515	3592	4359	1	4407	
5094	4209	4770	4407	1	

1	2487	2196	2402	2641	
2487	1	2330	2065	2318	
2196	2330	1	2304	2501	
2402	2065	2304	1	2400	
2641	2318	2501	2400	1	

]

TransportationTimeForEquipmentTypeBetweenProjects: [
1	3	1	3	4	
3	1	1	1	1	
1	1	1	3	3	
3	1	3	1	3	
4	1	3	3	1	

1	3	1	3	5	
3	1	1	1	1	
1	1	1	3	3	
3	1	3	1	3	
5	1	3	3	1	

1	2	1	2	3	
2	1	1	1	1	
1	1	1	2	2	
2	1	2	1	2	
3	1	2	2	1	

1	3	1	3	6	
3	1	1	1	1	
1	1	1	3	3	
3	1	3	1	3	
6	1	3	3	1	

1	2	1	2	3	
2	1	1	1	1	
1	1	1	2	2	
2	1	2	1	2	
3	1	2	2	1	

]

TotalNumberOfInitialEquipmentTypeLocation: [
(1 1) 1 (1 115) 2 (1 136) 3 
(2 1) 3 (2 38) 2 (2 86) 4 (2 115) 1 
(3 1) 1 (3 38) 1 (3 86) 1 (3 136) 1 
(4 1) 2 (4 38) 1 (4 86) 2 (4 136) 3 
(5 1) 1 (5 38) 1 
]

DepotActivities: [ 1 38 86 115 136 ]

MaximalStintCliques: [
[ 1 66 27 53 40 ]
[ 2 66 27 53 40 ]
[ 7 68 69 42 43 29 30 55 56 ]
[ 8 68 43 69 30 56 ]
[ 9 69 70 43 44 57 30 31 56 ]
[ 10 69 57 44 70 31 ]
[ 11 70 71 44 45 57 58 31 32 ]
[ 12 70 58 45 71 32 ]
[ 13 33 71 72 45 58 59 46 32 ]
[ 14 33 59 46 71 72 ]
[ 15 33 34 72 73 59 60 46 47 ]
[ 16 34 73 60 47 72 ]
[ 17 34 35 73 74 60 61 47 48 ]
[ 18 35 73 74 61 48 ]
[ 19 35 36 74 75 49 61 62 48 ]
[ 20 36 49 74 75 62 ]
[ 21 36 37 75 76 49 50 62 63 ]
[ 22 37 50 75 76 63 ]
[ 23 37 38 76 77 50 51 63 64 ]
[ 24 38 51 76 77 64 ]
[ 25 65 38 39 77 51 52 78 64 ]
[ 26 65 52 77 78 39 ]
[ 67 41 54 28 66 3 27 53 40 ]
[ 67 41 54 28 66 4 ]
[ 67 41 54 28 68 42 5 29 55 ]
[ 67 6 42 68 29 55 ]
]
