nEmployees: 30
nSkills: 2
nProjects: 5
nDays: 120
nActivities: 123
nEquipmentTypes: 7
nStints: 54
nMaxModes: 1
nStintCliques: 18

EmployeeInStintCost: [
33594 33594 33594 33594 33594 33594 33594 29562 15024 16439 16439 16439 16439 16439 16439 16439 16439 16439 16439 16439 16439 16439 16439 16439 16439 16439 6507 42058 42058 42058 42058 42058 42058 42058 38026 21976 27912 27912 27912 27912 27912 27912 27912 27912 15872 27372 27372 27372 27372 27372 27372 27372 27372 15512 
32604 32604 32604 32604 32604 32604 32604 28536 13914 15011 15011 15011 15011 15011 15011 15011 15011 15011 15011 15011 15011 15011 15011 15011 15011 15011 5043 40940 40940 40940 40940 40940 40940 40940 36872 20738 29208 29208 29208 29208 29208 29208 29208 29208 17090 28668 28668 28668 28668 28668 28668 28668 28668 16730 
29056 29056 29056 29056 29056 29056 29056 25636 12526 3420 3420 3420 3420 3420 3420 3420 3420 3420 3420 3420 3420 3420 3420 3420 3420 3420 0 34512 34512 34512 34512 34512 34512 34512 31092 16470 30616 30616 30616 30616 30616 30616 30616 30616 19902 30076 30076 30076 30076 30076 30076 30076 30076 19542 
31326 31326 31326 31326 31326 31326 31326 27798 14436 15935 15935 15935 15935 15935 15935 15935 15935 15935 15935 15935 15935 15935 15935 15935 15935 15935 6507 39790 39790 39790 39790 39790 39790 39790 36262 21388 26232 26232 26232 26232 26232 26232 26232 26232 15284 25692 25692 25692 25692 25692 25692 25692 25692 14924 
35210 35210 35210 35210 35210 35210 35210 31322 17120 15967 15967 15967 15967 15967 15967 15967 15967 15967 15967 15967 15967 15967 15967 15967 15967 15967 6179 34410 34410 34410 34410 34410 34410 34410 30522 14808 36544 36544 36544 36544 36544 36544 36544 36544 24816 36004 36004 36004 36004 36004 36004 36004 36004 24456 
30840 30840 30840 30840 30840 30840 30840 27420 14310 15827 15827 15827 15827 15827 15827 15827 15827 15827 15827 15827 15827 15827 15827 15827 15827 15827 6507 39304 39304 39304 39304 39304 39304 39304 35884 21262 25872 25872 25872 25872 25872 25872 25872 25872 15158 25332 25332 25332 25332 25332 25332 25332 25332 14798 
34642 34642 34642 34642 34642 34642 34642 30610 16072 17287 17287 17287 17287 17287 17287 17287 17287 17287 17287 17287 17287 17287 17287 17287 17287 17287 7355 43074 43074 43074 43074 43074 43074 43074 39042 22992 26776 26776 26776 26776 26776 26776 26776 26776 14736 26236 26236 26236 26236 26236 26236 26236 26236 14376 
31570 31570 31570 31570 31570 31570 31570 27538 13000 14127 14127 14127 14127 14127 14127 14127 14127 14127 14127 14127 14127 14127 14127 14127 14127 14127 4195 39906 39906 39906 39906 39906 39906 39906 35874 19824 29944 29944 29944 29944 29944 29944 29944 29944 17904 29404 29404 29404 29404 29404 29404 29404 29404 17544 
34938 34938 34938 34938 34938 34938 34938 30762 15888 17015 17015 17015 17015 17015 17015 17015 17015 17015 17015 17015 17015 17015 17015 17015 17015 17015 6939 43330 43330 43330 43330 43330 43330 43330 39154 22768 27672 27672 27672 27672 27672 27672 27672 27672 15320 27132 27132 27132 27132 27132 27132 27132 27132 14960 
15390 15390 15390 15390 15390 15390 15390 11970 3990 12491 12491 12491 12491 12491 12491 12491 12491 12491 12491 12491 12491 12491 12491 12491 12491 12491 3171 35832 35832 35832 35832 35832 35832 35832 32412 17790 29248 29248 29248 29248 29248 29248 29248 29248 18534 28708 28708 28708 28708 28708 28708 28708 28708 18174 
15228 15228 15228 15228 15228 15228 15228 11844 3948 12455 12455 12455 12455 12455 12455 12455 12455 12455 12455 12455 12455 12455 12455 12455 12455 12455 3171 35670 35670 35670 35670 35670 35670 35670 32286 17748 29128 29128 29128 29128 29128 29128 29128 29128 18492 28588 28588 28588 28588 28588 28588 28588 28588 18132 
30514 30514 30514 30514 30514 30514 30514 26770 12904 3744 3744 3744 3744 3744 3744 3744 3744 3744 3744 3744 3744 3744 3744 3744 3744 3744 0 35970 35970 35970 35970 35970 35970 35970 32226 16848 31696 31696 31696 31696 31696 31696 31696 31696 20280 31156 31156 31156 31156 31156 31156 31156 31156 19920 
32708 32708 32708 32708 32708 32708 32708 28784 14498 13227 13227 13227 13227 13227 13227 13227 13227 13227 13227 13227 13227 13227 13227 13227 13227 13227 3403 35020 35020 35020 35020 35020 35020 35020 31096 15298 34000 34000 34000 34000 34000 34000 34000 34000 22194 33460 33460 33460 33460 33460 33460 33460 33460 21834 
30550 30550 30550 30550 30550 30550 30550 26734 12700 8736 8736 8736 8736 8736 8736 8736 8736 8736 8736 8736 8736 8736 8736 8736 8736 8736 4920 37270 37270 37270 37270 37270 37270 37270 33454 17908 31032 31032 31032 31032 31032 31032 31032 31032 19460 30492 30492 30492 30492 30492 30492 30492 30492 19100 
31732 31732 31732 31732 31732 31732 31732 27664 13042 14163 14163 14163 14163 14163 14163 14163 14163 14163 14163 14163 14163 14163 14163 14163 14163 14163 4195 40068 40068 40068 40068 40068 40068 40068 36000 19866 30064 30064 30064 30064 30064 30064 30064 30064 17946 29524 29524 29524 29524 29524 29524 29524 29524 17586 
34880 34880 34880 34880 34880 34880 34880 31316 17870 16275 16275 16275 16275 16275 16275 16275 16275 16275 16275 16275 16275 16275 16275 16275 16275 16275 6811 33720 33720 33720 33720 33720 33720 33720 30156 15198 36424 36424 36424 36424 36424 36424 36424 36424 25398 35884 35884 35884 35884 35884 35884 35884 35884 25038 
33440 33440 33440 33440 33440 33440 33440 29588 15470 16915 16915 16915 16915 16915 16915 16915 16915 16915 16915 16915 16915 16915 16915 16915 16915 16915 7163 41912 41912 41912 41912 41912 41912 41912 38060 22430 26704 26704 26704 26704 26704 26704 26704 26704 15054 26164 26164 26164 26164 26164 26164 26164 26164 14694 
31548 31548 31548 31548 31548 31548 31548 28200 15258 14227 14227 14227 14227 14227 14227 14227 14227 14227 14227 14227 14227 14227 14227 14227 14227 14227 4979 20346 20346 20346 20346 20346 20346 20346 16998 9186 33520 33520 33520 33520 33520 33520 33520 33520 22962 32980 32980 32980 32980 32980 32980 32980 32980 22602 
32298 32298 32298 32298 32298 32298 32298 28554 14688 16151 16151 16151 16151 16151 16151 16151 16151 16151 16151 16151 16151 16151 16151 16151 16151 16151 6507 40762 40762 40762 40762 40762 40762 40762 37018 21640 26952 26952 26952 26952 26952 26952 26952 26952 15536 26412 26412 26412 26412 26412 26412 26412 26412 15176 
36466 36466 36466 36466 36466 36466 36466 32578 18376 19767 19767 19767 19767 19767 19767 19767 19767 19767 19767 19767 19767 19767 19767 19767 19767 19767 9979 44938 44938 44938 44938 44938 44938 44938 41050 25336 24384 24384 24384 24384 24384 24384 24384 24384 12656 23844 23844 23844 23844 23844 23844 23844 23844 12296 
32622 32622 32622 32622 32622 32622 32622 28806 14772 16223 16223 16223 16223 16223 16223 16223 16223 16223 16223 16223 16223 16223 16223 16223 16223 16223 6507 41086 41086 41086 41086 41086 41086 41086 37270 21724 27192 27192 27192 27192 27192 27192 27192 27192 15620 26652 26652 26652 26652 26652 26652 26652 26652 15260 
32346 32346 32346 32346 32346 32346 32346 28746 15216 16439 16439 16439 16439 16439 16439 16439 16439 16439 16439 16439 16439 16439 16439 16439 16439 16439 6939 40738 40738 40738 40738 40738 40738 40738 37138 22096 25752 25752 25752 25752 25752 25752 25752 25752 14648 25212 25212 25212 25212 25212 25212 25212 25212 14288 
33356 33356 33356 33356 33356 33356 33356 29288 14666 13371 13371 13371 13371 13371 13371 13371 13371 13371 13371 13371 13371 13371 13371 13371 13371 13371 3403 35668 35668 35668 35668 35668 35668 35668 31600 15466 34480 34480 34480 34480 34480 34480 34480 34480 22362 33940 33940 33940 33940 33940 33940 33940 33940 22002 
32304 32304 32304 32304 32304 32304 32304 28884 15774 14419 14419 14419 14419 14419 14419 14419 14419 14419 14419 14419 14419 14419 14419 14419 14419 14419 5099 15390 15390 15390 15390 15390 15390 15390 11970 3990 34168 34168 34168 34168 34168 34168 34168 34168 23454 33628 33628 33628 33628 33628 33628 33628 33628 23094 
29542 29542 29542 29542 29542 29542 29542 26014 12652 3528 3528 3528 3528 3528 3528 3528 3528 3528 3528 3528 3528 3528 3528 3528 3528 3528 0 34998 34998 34998 34998 34998 34998 34998 31470 16596 30976 30976 30976 30976 30976 30976 30976 30976 20028 30436 30436 30436 30436 30436 30436 30436 30436 19668 
31418 31418 31418 31418 31418 31418 31418 27962 14768 16415 16415 16415 16415 16415 16415 16415 16415 16415 16415 16415 16415 16415 16415 16415 16415 16415 7059 39682 39682 39682 39682 39682 39682 39682 36226 21520 26544 26544 26544 26544 26544 26544 26544 26544 15752 26004 26004 26004 26004 26004 26004 26004 26004 15392 
36754 36754 36754 36754 36754 36754 36754 33010 19144 20423 20423 20423 20423 20423 20423 20423 20423 20423 20423 20423 20423 20423 20423 20423 20423 20423 10779 45202 45202 45202 45202 45202 45202 45202 41458 26080 12480 12480 12480 12480 12480 12480 12480 12480 4368 12480 12480 12480 12480 12480 12480 12480 12480 4368 
32508 32508 32508 32508 32508 32508 32508 28872 15258 16475 16475 16475 16475 16475 16475 16475 16475 16475 16475 16475 16475 16475 16475 16475 16475 16475 6939 40900 40900 40900 40900 40900 40900 40900 37264 22138 25872 25872 25872 25872 25872 25872 25872 25872 14690 25332 25332 25332 25332 25332 25332 25332 25332 14330 
30652 30652 30652 30652 30652 30652 30652 26872 12922 14507 14507 14507 14507 14507 14507 14507 14507 14507 14507 14507 14507 14507 14507 14507 14507 14507 4827 39036 39036 39036 39036 39036 39036 39036 35256 19794 29024 29024 29024 29024 29024 29024 29024 29024 17530 28484 28484 28484 28484 28484 28484 28484 28484 17170 
33116 33116 33116 33116 33116 33116 33116 29336 15386 16843 16843 16843 16843 16843 16843 16843 16843 16843 16843 16843 16843 16843 16843 16843 16843 16843 7163 41588 41588 41588 41588 41588 41588 41588 37808 22346 26464 26464 26464 26464 26464 26464 26464 26464 14970 25924 25924 25924 25924 25924 25924 25924 25924 14610 
]

ExternalWorkerWithSkillOnStintCost: [
40992 49896 41160 38472 40824 45696 39144 43008 24576 14520 12060 12000 14670 13860 14700 13530 14700 16800 12660 15390 15000 14910 12930 13080 14550 17250 2640 34020 45276 39060 39732 39648 46200 40908 41160 21360 32400 29520 42480 29016 29592 39600 34128 39960 27600 36936 32616 31968 40464 30600 42840 35064 31104 20976 
36036 34944 38976 43932 37548 41244 38304 44688 21792 17760 13710 13770 13050 15030 17100 13230 16380 14580 17250 17400 17250 17520 16590 16110 12960 17310 3276 35784 49728 35448 47460 36876 35700 45024 39984 19728 31392 36360 32544 33192 29520 37152 37944 37224 20016 35064 30096 40608 38304 33192 36864 42768 35640 26640 
]

OverlappingStints: [
[ 2 10 11 12 13 28 29 37 38 46 47 ]
[ 3 12 13 14 15 28 29 30 37 38 39 46 47 48 ]
[ 4 14 15 16 17 29 30 31 38 39 40 47 48 49 ]
[ 5 16 17 18 19 30 31 32 39 40 41 48 49 50 ]
[ 6 18 19 20 21 31 32 33 40 41 42 49 50 51 ]
[ 7 20 21 22 23 32 33 34 41 42 43 50 51 52 ]
[ 8 22 23 24 25 33 34 35 42 43 44 51 52 53 ]
[ 9 24 25 26 27 34 35 36 43 44 45 52 53 54 ]
[ 26 27 35 36 44 45 53 54 ]
[ 28 37 46 ]
[ 28 37 46 ]
[ 28 29 37 38 46 47 ]
[ 28 29 38 47 ]
[ 29 30 38 39 47 48 ]
[ 29 30 39 48 ]
[ 30 31 39 40 48 49 ]
[ 30 31 40 49 ]
[ 31 32 40 41 49 50 ]
[ 31 32 41 50 ]
[ 32 33 41 42 50 51 ]
[ 32 33 42 51 ]
[ 33 34 42 43 51 52 ]
[ 33 34 43 52 ]
[ 34 35 43 44 52 53 ]
[ 34 35 44 53 ]
[ 35 36 44 45 53 54 ]
[ 35 36 45 54 ]
[ 29 37 38 46 47 ]
[ 30 37 38 39 46 47 48 ]
[ 31 38 39 40 47 48 49 ]
[ 32 39 40 41 48 49 50 ]
[ 33 40 41 42 49 50 51 ]
[ 34 41 42 43 50 51 52 ]
[ 35 42 43 44 51 52 53 ]
[ 36 43 44 45 52 53 54 ]
[ 44 45 53 54 ]
[ 38 46 47 ]
[ 39 46 47 48 ]
[ 40 47 48 49 ]
[ 41 48 49 50 ]
[ 42 49 50 51 ]
[ 43 50 51 52 ]
[ 44 51 52 53 ]
[ 45 52 53 54 ]
[ 53 54 ]
[ 47 ]
[ 48 ]
[ 49 ]
[ 50 ]
[ 51 ]
[ 52 ]
[ 53 ]
[ 54 ]
[ ]
]

EmployeesWithSkill: [
[ 1 2 3 4 5 6 7 8 9 10 11 12 13 14 15 16 17 18 19 20 21 22 23 24 25 26 27 28 29 30 ]
[ 7 9 29 ]
]

SkillDemandInActivityWithMode: [
0	
2	
3	
2	
2	
1	
3	
2	
3	
3	
1	
2	
2	
1	
4	
2	
1	
2	
1	
0	
3	
2	
1	
3	
3	
3	
3	
2	
3	
2	
2	
1	
3	
2	
3	
1	
2	
2	
3	
2	
1	
2	
2	
0	
4	
7	
10	
7	
8	
7	
2	
2	
7	
10	
3	
6	
4	
4	
5	
4	
5	
8	
8	
8	
6	
8	
0	
4	
4	
10	
8	
8	
11	
8	
8	
8	
6	
6	
5	
5	
7	
3	
10	
6	
5	
2	
2	
11	
9	
6	
10	
5	
5	
8	
6	
6	
8	
4	
0	
1	
1	
1	
1	
1	
2	
2	
1	
2	
2	
2	
1	
2	
1	
2	
2	
2	
1	
2	
1	
2	
2	
2	
2	

0	
1	
2	
1	
0	
0	
2	
1	
2	
1	
0	
0	
1	
0	
2	
1	
0	
1	
0	
0	
0	
0	
0	
0	
0	
0	
0	
0	
0	
0	
0	
0	
0	
0	
0	
0	
0	
0	
0	
0	
0	
0	
0	
0	
0	
0	
0	
0	
0	
0	
0	
0	
0	
0	
0	
0	
0	
0	
0	
0	
0	
0	
0	
0	
0	
0	
0	
0	
0	
0	
0	
0	
0	
0	
0	
0	
0	
0	
0	
0	
0	
0	
0	
0	
0	
0	
0	
0	
0	
0	
0	
0	
0	
0	
0	
0	
0	
0	
0	
0	
0	
0	
0	
0	
0	
0	
0	
0	
0	
0	
0	
0	
0	
0	
0	
0	
0	
0	
0	
0	
0	
0	
0	

]

EmployeeAvailability: [
1 1 1 0 1 0 1 1 1 1 1 1 1 1 1 0 1 1 1 0 1 1 1 1 1 1 1 1 1 1 0 1 0 1 1 1 1 1 1 0 1 0 1 1 1 1 1 1 0 1 0 1 1 1 
0 1 0 1 0 1 1 1 1 1 0 1 1 1 1 1 1 0 1 1 1 1 1 1 1 1 1 0 1 0 1 0 1 1 1 1 0 1 0 1 0 1 1 1 1 0 1 0 1 0 1 1 1 1 
1 1 0 0 1 1 1 1 1 1 1 1 1 1 0 1 0 1 1 1 1 1 1 1 1 1 1 1 1 0 0 1 1 1 1 1 1 1 0 0 1 1 1 1 1 1 1 0 0 1 1 1 1 1 
1 1 1 1 1 1 1 1 1 1 1 1 1 1 1 1 1 1 1 1 1 1 1 1 1 1 1 1 1 1 1 1 1 1 1 1 1 1 1 1 1 1 1 1 1 1 1 1 1 1 1 1 1 1 
1 1 0 1 0 1 1 1 1 1 1 1 1 1 1 1 1 0 0 1 1 1 1 1 1 1 1 1 1 0 1 0 1 1 1 1 1 1 1 1 0 1 1 1 1 1 1 1 1 0 1 1 1 1 
1 1 0 0 1 1 1 1 0 1 1 1 1 1 1 1 0 1 1 1 1 1 1 1 1 0 1 1 1 0 0 1 1 1 1 0 1 1 0 0 1 1 1 1 0 1 1 0 0 1 1 1 1 0 
1 0 1 0 1 1 1 0 1 1 1 1 0 1 1 0 1 1 1 1 1 1 1 1 1 1 1 1 0 1 0 1 1 1 0 1 1 0 1 0 1 1 1 0 1 1 0 1 0 1 1 1 0 1 
1 1 1 0 1 1 0 1 0 1 1 1 1 1 1 1 1 1 1 1 1 1 0 1 1 0 1 1 1 1 0 1 1 0 1 0 1 1 1 0 1 1 0 1 0 1 1 1 0 1 1 0 1 0 
1 1 1 1 1 1 1 1 1 1 1 1 1 1 1 1 1 1 1 1 1 1 1 1 1 1 1 1 1 1 1 1 1 1 1 1 1 1 1 1 1 1 1 1 1 1 1 1 1 1 1 1 1 1 
0 1 1 1 1 1 1 1 1 0 1 1 1 1 1 1 1 1 1 1 1 1 1 1 1 1 1 0 1 1 1 1 1 1 1 1 0 1 1 1 1 1 1 1 1 0 1 1 1 1 1 1 1 1 
1 0 1 1 0 1 1 1 1 1 1 1 0 1 1 1 1 1 1 1 1 1 1 1 1 1 1 1 0 1 1 0 1 1 1 1 1 0 1 1 0 1 1 1 1 1 0 1 1 0 1 1 1 1 
1 1 1 1 1 1 1 1 1 1 1 1 1 1 1 1 1 1 1 1 1 1 1 1 1 1 1 1 1 1 1 1 1 1 1 1 1 1 1 1 1 1 1 1 1 1 1 1 1 1 1 1 1 1 
1 1 1 1 1 1 1 1 1 1 1 1 1 1 1 1 1 1 1 1 1 1 1 1 1 1 1 1 1 1 1 1 1 1 1 1 1 1 1 1 1 1 1 1 1 1 1 1 1 1 1 1 1 1 
1 1 1 1 1 1 1 1 1 1 1 1 1 1 1 1 1 1 1 1 1 1 1 1 1 1 1 1 1 1 1 1 1 1 1 1 1 1 1 1 1 1 1 1 1 1 1 1 1 1 1 1 1 1 
1 1 0 1 1 0 0 1 1 1 1 1 1 1 0 1 1 1 1 0 1 0 1 1 1 1 1 1 1 0 1 1 0 0 1 1 1 1 0 1 1 0 0 1 1 1 1 0 1 1 0 0 1 1 
1 0 1 1 1 1 0 1 1 1 1 0 1 1 1 1 1 1 1 1 1 0 1 1 1 1 1 1 0 1 1 1 1 0 1 1 1 0 1 1 1 1 0 1 1 1 0 1 1 1 1 0 1 1 
1 1 1 1 1 1 1 1 1 1 1 1 1 1 1 1 1 1 1 1 1 1 1 1 1 1 1 1 1 1 1 1 1 1 1 1 1 1 1 1 1 1 1 1 1 1 1 1 1 1 1 1 1 1 
1 1 1 1 1 1 1 1 1 1 1 1 1 1 1 1 1 1 1 1 1 1 1 1 1 1 1 1 1 1 1 1 1 1 1 1 1 1 1 1 1 1 1 1 1 1 1 1 1 1 1 1 1 1 
1 1 0 1 1 1 0 1 1 1 1 1 1 0 1 1 1 1 1 1 1 1 0 1 1 1 1 1 1 0 1 1 1 0 1 1 1 1 0 1 1 1 0 1 1 1 1 0 1 1 1 0 1 1 
1 1 1 1 1 1 1 1 1 1 1 1 1 1 1 1 1 1 1 1 1 1 1 1 1 1 1 1 1 1 1 1 1 1 1 1 1 1 1 1 1 1 1 1 1 1 1 1 1 1 1 1 1 1 
0 1 1 1 1 1 0 1 1 1 0 1 1 1 1 1 1 1 1 1 1 0 1 1 1 1 1 0 1 1 1 1 1 0 1 1 0 1 1 1 1 1 0 1 1 0 1 1 1 1 1 0 1 1 
1 1 1 1 1 1 1 1 1 1 1 1 1 1 1 1 1 1 1 1 1 1 1 1 1 1 1 1 1 1 1 1 1 1 1 1 1 1 1 1 1 1 1 1 1 1 1 1 1 1 1 1 1 1 
1 0 1 1 1 1 1 1 1 1 1 1 0 1 1 1 1 1 1 1 1 1 1 1 1 1 1 1 0 1 1 1 1 1 1 1 1 0 1 1 1 1 1 1 1 1 0 1 1 1 1 1 1 1 
1 1 1 1 1 1 1 1 1 1 1 1 1 1 1 1 1 1 1 1 1 1 1 1 1 1 1 1 1 1 1 1 1 1 1 1 1 1 1 1 1 1 1 1 1 1 1 1 1 1 1 1 1 1 
1 1 1 1 1 1 1 1 1 1 1 1 1 1 1 1 1 1 1 1 1 1 1 1 1 1 1 1 1 1 1 1 1 1 1 1 1 1 1 1 1 1 1 1 1 1 1 1 1 1 1 1 1 1 
1 1 0 1 1 1 1 1 1 1 1 1 1 1 0 1 1 1 1 1 1 1 1 1 1 1 1 1 1 0 1 1 1 1 1 1 1 1 0 1 1 1 1 1 1 1 1 0 1 1 1 1 1 1 
0 1 0 1 1 1 1 1 1 1 0 1 1 0 1 1 1 1 1 1 1 1 1 1 1 1 1 0 1 0 1 1 1 1 1 1 0 1 0 1 1 1 1 1 1 0 1 0 1 1 1 1 1 1 
0 1 1 1 1 1 1 1 1 1 1 1 1 1 1 1 1 1 1 1 1 1 1 1 1 1 1 0 1 1 1 1 1 1 1 1 0 1 1 1 1 1 1 1 1 0 1 1 1 1 1 1 1 1 
0 1 1 1 1 1 1 1 1 1 0 1 1 1 1 1 1 1 1 1 1 1 1 1 1 1 1 0 1 1 1 1 1 1 1 1 0 1 1 1 1 1 1 1 1 0 1 1 1 1 1 1 1 1 
1 0 1 1 1 1 1 1 1 1 1 1 1 1 1 1 1 1 1 1 1 1 1 1 1 1 1 1 0 1 1 1 1 1 1 1 1 0 1 1 1 1 1 1 1 1 0 1 1 1 1 1 1 1 
]

EmployeeWantedInStint: [ (1 7) 1 (2 42) 1 (4 18) 1 (4 23) 1 (6 20) 1 (7 30) 1 (8 12) 1 (8 24) 1 (8 39) 1 (9 1) 1 (9 21) 1 (9 42) 1 (10 23) 1 (12 12) 1 (12 44) 1 (14 43) 1 (15 16) 1 (18 7) 1 (19 27) 1 (20 30) 1 (22 37) 1 (22 45) 1 (23 6) 1 (23 34) 1 (24 33) 1 (25 44) 1 (29 26) 1 (29 35) 1 (29 40) 1 (29 43) 1 (30 20) 1 (30 30) 1 (30 52) 1 ]

EmployeeWantedViolationCost: [ (1 7) 13000 (2 42) 15000 (4 18) 7000 (4 23) 12000 (6 20) 15000 (7 30) 5000 (8 12) 13000 (8 24) 8000 (8 39) 13000 (9 1) 14000 (9 21) 7000 (9 42) 15000 (10 23) 8000 (12 12) 6000 (12 44) 6000 (14 43) 10000 (15 16) 6000 (18 7) 13000 (19 27) 6000 (20 30) 15000 (22 37) 14000 (22 45) 9000 (23 6) 15000 (23 34) 13000 (24 33) 12000 (25 44) 6000 (29 26) 8000 (29 35) 15000 (29 40) 12000 (29 43) 12000 (30 20) 6000 (30 30) 15000 (30 52) 7000 ]

EmployeesThatShouldNotWorkTogetherWithEmployee: [
[ 4 ]
[ 14 16 19 20 28 ]
[ 15 ]
[ ]
[ ]
[ 22 ]
[ ]
[ ]
[ 11 ]
[ 30 ]
[ 17 ]
[ 17 23 ]
[ 25 ]
[ 27 ]
[ 30 ]
[ ]
[ ]
[ ]
[ 25 ]
[ ]
[ ]
[ ]
[ ]
[ ]
[ ]
[ ]
[ ]
[ 29 ]
[ ]
[ ]
]

ShouldNotWorkTogetherCost: [ (1 4) 198 (2 14) 198 (2 16) 99 (2 19) 396 (2 20) 396 (2 28) 99 (3 15) 99 (6 22) 99 (9 11) 99 (10 30) 99 (11 17) 396 (12 17) 198 (12 23) 396 (13 25) 198 (14 27) 297 (15 30) 396 (19 25) 198 (28 29) 396 ]

ImmediatePredecessorsToActivity: [
[ ]
[ 1 ]
[ 1 ]
[ 1 ]
[ 2 4 ]
[ 2 4 ]
[ 4 ]
[ 3 ]
[ 2 3 7 ]
[ 6 9 ]
[ 1 ]
[ 9 11 ]
[ 9 ]
[ 4 ]
[ 10 ]
[ 6 15 ]
[ 1 ]
[ 3 5 ]
[ 1 ]
[ ]
[ 20 ]
[ 20 ]
[ 20 ]
[ 20 ]
[ 22 24 ]
[ 21 25 ]
[ 22 ]
[ 21 25 ]
[ 25 ]
[ 21 24 27 ]
[ 22 26 ]
[ 25 27 ]
[ 22 26 30 32 ]
[ 28 33 ]
[ 23 29 31 33 ]
[ 20 ]
[ 24 26 32 ]
[ 27 31 ]
[ 33 ]
[ 26 38 ]
[ 20 ]
[ 21 25 27 ]
[ 30 32 38 41 ]
[ ]
[ 44 ]
[ 44 ]
[ 45 ]
[ 45 ]
[ 47 48 ]
[ 44 ]
[ 47 48 50 ]
[ 47 48 ]
[ 44 ]
[ 44 ]
[ 44 ]
[ 46 ]
[ 45 46 50 53 ]
[ 46 47 48 53 ]
[ 56 ]
[ 54 58 ]
[ 57 ]
[ 45 49 52 55 58 61 ]
[ 50 55 56 58 ]
[ 49 54 63 ]
[ 49 63 ]
[ 52 56 58 64 ]
[ ]
[ 67 ]
[ 67 ]
[ 69 ]
[ 69 ]
[ 68 71 ]
[ 70 ]
[ 68 ]
[ 70 71 ]
[ 73 75 ]
[ 74 76 ]
[ 69 73 ]
[ 68 78 ]
[ 69 ]
[ 70 71 74 ]
[ 68 70 ]
[ 68 70 71 76 ]
[ 73 75 80 ]
[ 71 ]
[ 67 ]
[ 67 ]
[ 80 81 87 ]
[ 68 69 84 88 ]
[ 69 ]
[ 70 78 90 ]
[ 76 ]
[ 73 74 75 80 87 ]
[ 70 72 74 85 87 90 ]
[ 68 76 86 87 ]
[ 68 78 84 87 ]
[ 72 75 78 ]
[ 71 80 ]
[ ]
[ 99 ]
[ 100 ]
[ 99 ]
[ 99 ]
[ 103 ]
[ 102 ]
[ 100 ]
[ 99 ]
[ 104 107 ]
[ 105 ]
[ 104 105 106 ]
[ 100 105 ]
[ 100 105 ]
[ 104 105 107 ]
[ 107 110 ]
[ 110 112 ]
[ 100 103 ]
[ 102 104 106 ]
[ 108 116 ]
[ 99 ]
[ 107 109 110 116 ]
[ 102 106 107 ]
[ 119 ]
[ 109 110 112 119 121 ]
]

ActivitiesInProject: [
[ 1 2 3 4 5 6 7 8 9 10 11 12 13 14 15 16 17 18 19 ]
[ 20 21 22 23 24 25 26 27 28 29 30 31 32 33 34 35 36 37 38 39 40 41 42 43 ]
[ 44 45 46 47 48 49 50 51 52 53 54 55 56 57 58 59 60 61 62 63 64 65 66 ]
[ 67 68 69 70 71 72 73 74 75 76 77 78 79 80 81 82 83 84 85 86 87 88 89 90 91 92 93 94 95 96 97 98 ]
[ 99 100 101 102 103 104 105 106 107 108 109 110 111 112 113 114 115 116 117 118 119 120 121 122 123 ]
]

nActivityModes: [ 1 1 1 1 1 1 1 1 1 1 1 1 1 1 1 1 1 1 1 1 1 1 1 1 1 1 1 1 1 1 1 1 1 1 1 1 1 1 1 1 1 1 1 1 1 1 1 1 1 1 1 1 1 1 1 1 1 1 1 1 1 1 1 1 1 1 1 1 1 1 1 1 1 1 1 1 1 1 1 1 1 1 1 1 1 1 1 1 1 1 1 1 1 1 1 1 1 1 1 1 1 1 1 1 1 1 1 1 1 1 1 1 1 1 1 1 1 1 1 1 1 1 1 ]

ActivityDurationWithMode: [
1	
10	
6	
9	
16	
18	
6	
8	
6	
7	
26	
15	
8	
41	
5	
8	
21	
8	
39	
1	
5	
8	
42	
5	
6	
6	
6	
9	
6	
8	
8	
20	
6	
8	
6	
20	
11	
9	
5	
7	
32	
13	
8	
1	
15	
9	
6	
8	
7	
8	
34	
33	
9	
6	
23	
10	
17	
18	
12	
15	
11	
7	
7	
7	
10	
7	
1	
26	
22	
9	
11	
11	
8	
11	
12	
11	
17	
15	
19	
19	
14	
43	
9	
17	
18	
60	
56	
8	
10	
16	
9	
19	
21	
11	
16	
15	
11	
26	
1	
20	
34	
30	
24	
14	
8	
10	
42	
10	
11	
7	
18	
12	
16	
11	
9	
9	
16	
7	
36	
7	
8	
8	
7	
]

StintsInProject: [
[ 1 2 3 4 5 6 7 8 9 ]
[ 10 11 12 13 14 15 16 17 18 19 20 21 22 23 24 25 26 27 ]
[ 28 29 30 31 32 33 34 35 36 ]
[ 37 38 39 40 41 42 43 44 45 ]
[ 46 47 48 49 50 51 52 53 54 ]
]

WorkingStintsOnDay: [
[ 1 10 28 37 46 ]
[ 1 10 28 37 46 ]
[ 1 10 28 37 46 ]
[ 1 10 28 37 46 ]
[ 1 10 28 37 46 ]
[ 1 28 37 46 ]
[ 1 28 37 46 ]
[ 1 11 28 37 46 ]
[ 1 11 28 37 46 ]
[ 1 11 28 37 46 ]
[ 1 11 28 37 46 ]
[ 1 11 28 37 46 ]
[ 1 28 ]
[ 1 28 ]
[ 2 12 29 38 47 ]
[ 2 12 29 38 47 ]
[ 2 12 29 38 47 ]
[ 2 12 29 38 47 ]
[ 2 12 29 38 47 ]
[ 2 29 38 47 ]
[ 2 29 38 47 ]
[ 2 13 29 38 47 ]
[ 2 13 29 38 47 ]
[ 2 13 29 38 47 ]
[ 2 13 29 38 47 ]
[ 2 13 29 38 47 ]
[ 2 29 ]
[ 2 29 ]
[ 3 14 30 39 48 ]
[ 3 14 30 39 48 ]
[ 3 14 30 39 48 ]
[ 3 14 30 39 48 ]
[ 3 14 30 39 48 ]
[ 3 30 39 48 ]
[ 3 30 39 48 ]
[ 3 15 30 39 48 ]
[ 3 15 30 39 48 ]
[ 3 15 30 39 48 ]
[ 3 15 30 39 48 ]
[ 3 15 30 39 48 ]
[ 3 30 ]
[ 3 30 ]
[ 4 16 31 40 49 ]
[ 4 16 31 40 49 ]
[ 4 16 31 40 49 ]
[ 4 16 31 40 49 ]
[ 4 16 31 40 49 ]
[ 4 31 40 49 ]
[ 4 31 40 49 ]
[ 4 17 31 40 49 ]
[ 4 17 31 40 49 ]
[ 4 17 31 40 49 ]
[ 4 17 31 40 49 ]
[ 4 17 31 40 49 ]
[ 4 31 ]
[ 4 31 ]
[ 5 18 32 41 50 ]
[ 5 18 32 41 50 ]
[ 5 18 32 41 50 ]
[ 5 18 32 41 50 ]
[ 5 18 32 41 50 ]
[ 5 32 41 50 ]
[ 5 32 41 50 ]
[ 5 19 32 41 50 ]
[ 5 19 32 41 50 ]
[ 5 19 32 41 50 ]
[ 5 19 32 41 50 ]
[ 5 19 32 41 50 ]
[ 5 32 ]
[ 5 32 ]
[ 6 20 33 42 51 ]
[ 6 20 33 42 51 ]
[ 6 20 33 42 51 ]
[ 6 20 33 42 51 ]
[ 6 20 33 42 51 ]
[ 6 33 42 51 ]
[ 6 33 42 51 ]
[ 6 21 33 42 51 ]
[ 6 21 33 42 51 ]
[ 6 21 33 42 51 ]
[ 6 21 33 42 51 ]
[ 6 21 33 42 51 ]
[ 6 33 ]
[ 6 33 ]
[ 7 22 34 43 52 ]
[ 7 22 34 43 52 ]
[ 7 22 34 43 52 ]
[ 7 22 34 43 52 ]
[ 7 22 34 43 52 ]
[ 7 34 43 52 ]
[ 7 34 43 52 ]
[ 7 23 34 43 52 ]
[ 7 23 34 43 52 ]
[ 7 23 34 43 52 ]
[ 7 23 34 43 52 ]
[ 7 23 34 43 52 ]
[ 7 34 ]
[ 7 34 ]
[ 8 24 35 44 53 ]
[ 8 24 35 44 53 ]
[ 8 24 35 44 53 ]
[ 8 24 35 44 53 ]
[ 8 24 35 44 53 ]
[ 8 35 44 53 ]
[ 8 35 44 53 ]
[ 8 25 35 44 53 ]
[ 8 25 35 44 53 ]
[ 8 25 35 44 53 ]
[ 8 25 35 44 53 ]
[ 8 25 35 44 53 ]
[ 8 35 ]
[ 8 35 ]
[ 9 26 36 45 54 ]
[ 9 26 36 45 54 ]
[ 9 26 36 45 54 ]
[ 9 26 36 45 54 ]
[ 9 26 36 45 54 ]
[ 9 36 45 54 ]
[ 9 36 45 54 ]
[ 9 27 36 45 54 ]
]

ProjectStart: [ 30 31 27 20 23 ]

ProjectEnd: [ 83 100 91 112 94 ]

EarliestStartDayForActivity: [ 1 30 30 30 40 40 39 36 45 58 30 56 51 39 65 70 30 56 30 1 31 31 31 31 41 51 41 51 51 51 59 51 79 87 89 31 79 69 87 82 31 51 82 1 27 27 42 42 50 27 50 50 27 27 27 36 42 50 46 68 59 83 68 75 75 83 1 20 20 46 46 59 55 50 59 73 86 65 82 46 63 55 86 73 59 20 20 86 94 46 82 86 86 86 90 92 82 67 1 23 47 23 23 51 59 47 23 73 67 67 67 67 73 76 81 51 67 83 23 80 73 65 81 ]

LatestStartDayForActivity: [ 1 83 83 83 83 83 83 83 83 83 83 83 83 83 83 83 83 83 83 1 100 100 100 100 100 100 100 100 100 100 100 100 100 100 100 100 100 100 100 100 100 100 100 1 91 91 91 91 91 91 91 91 91 91 91 91 91 91 91 91 91 91 91 91 91 91 1 112 112 112 112 112 112 112 112 112 112 112 112 112 112 112 112 112 112 112 112 112 112 112 112 112 112 112 112 112 112 112 1 94 94 94 94 94 94 94 94 94 94 94 94 94 94 94 94 94 94 94 94 94 94 94 94 ]

EquipmentTypeDemandInActivityWithMode: [
0	
1	
1	
0	
1	
0	
0	
1	
1	
0	
0	
1	
0	
0	
0	
1	
0	
0	
0	
0	
0	
2	
1	
0	
0	
2	
0	
0	
0	
0	
1	
1	
0	
0	
0	
1	
0	
0	
1	
0	
1	
1	
0	
0	
0	
2	
0	
0	
1	
0	
0	
0	
1	
0	
1	
1	
0	
0	
1	
0	
1	
0	
1	
0	
0	
1	
0	
0	
0	
0	
1	
0	
0	
0	
0	
0	
1	
0	
1	
0	
2	
0	
0	
0	
1	
1	
0	
0	
1	
2	
1	
0	
1	
1	
1	
0	
0	
1	
0	
0	
1	
0	
0	
2	
0	
0	
0	
0	
0	
0	
0	
0	
0	
1	
1	
0	
0	
0	
0	
0	
0	
1	
0	

0	
0	
1	
0	
0	
1	
0	
1	
0	
1	
0	
0	
1	
1	
0	
1	
1	
1	
2	
0	
0	
0	
1	
0	
0	
0	
1	
1	
1	
2	
3	
2	
1	
2	
0	
0	
0	
2	
1	
0	
2	
0	
1	
0	
1	
0	
2	
0	
1	
2	
1	
1	
0	
1	
0	
0	
0	
1	
2	
0	
0	
1	
0	
1	
1	
0	
0	
0	
0	
1	
0	
1	
1	
1	
0	
0	
0	
0	
0	
1	
0	
0	
0	
0	
0	
2	
2	
1	
0	
0	
0	
1	
1	
0	
3	
0	
1	
0	
0	
0	
0	
1	
0	
1	
1	
0	
1	
1	
0	
1	
0	
1	
0	
0	
1	
2	
0	
1	
0	
1	
0	
0	
1	

0	
1	
0	
0	
1	
1	
0	
1	
1	
0	
0	
1	
2	
1	
1	
1	
1	
0	
0	
0	
0	
0	
0	
0	
2	
0	
1	
0	
0	
0	
2	
2	
2	
0	
1	
0	
1	
1	
1	
1	
1	
2	
0	
0	
0	
0	
0	
0	
1	
1	
1	
0	
1	
1	
2	
0	
0	
0	
1	
2	
0	
0	
0	
0	
3	
1	
0	
0	
1	
0	
3	
0	
1	
0	
1	
0	
1	
1	
1	
1	
1	
0	
2	
0	
1	
0	
1	
1	
0	
1	
2	
1	
1	
0	
0	
1	
2	
2	
0	
0	
1	
0	
1	
0	
1	
0	
0	
1	
1	
1	
1	
0	
0	
0	
1	
1	
1	
3	
0	
1	
0	
0	
0	

0	
0	
1	
0	
1	
1	
0	
0	
1	
0	
0	
1	
2	
1	
0	
2	
0	
1	
0	
0	
0	
0	
0	
1	
2	
1	
1	
1	
1	
0	
0	
2	
0	
0	
2	
2	
0	
0	
0	
0	
0	
0	
1	
0	
1	
1	
0	
1	
1	
1	
0	
1	
2	
0	
2	
2	
1	
2	
0	
1	
1	
1	
0	
1	
0	
0	
0	
0	
0	
1	
1	
1	
0	
0	
1	
0	
2	
0	
2	
0	
1	
1	
0	
0	
1	
0	
0	
0	
0	
0	
1	
1	
0	
0	
1	
1	
1	
1	
0	
0	
1	
1	
0	
0	
0	
1	
1	
0	
1	
2	
0	
0	
1	
1	
2	
1	
0	
1	
2	
2	
0	
1	
1	

0	
0	
0	
1	
0	
0	
1	
1	
0	
0	
2	
0	
1	
3	
1	
0	
2	
0	
0	
0	
2	
0	
2	
1	
1	
1	
1	
0	
1	
0	
0	
0	
0	
1	
0	
1	
0	
2	
0	
0	
0	
0	
0	
0	
1	
0	
2	
0	
0	
0	
1	
0	
1	
0	
2	
0	
1	
1	
1	
0	
1	
1	
1	
1	
1	
1	
0	
1	
1	
0	
0	
0	
2	
0	
0	
0	
0	
0	
0	
1	
1	
1	
2	
1	
1	
1	
1	
1	
2	
0	
0	
1	
0	
2	
0	
1	
1	
1	
0	
1	
1	
0	
1	
0	
1	
0	
1	
1	
2	
0	
2	
2	
1	
1	
1	
2	
1	
0	
0	
0	
1	
1	
1	

0	
1	
0	
0	
1	
1	
0	
1	
0	
1	
1	
0	
2	
0	
1	
1	
0	
1	
1	
0	
0	
0	
0	
1	
0	
0	
0	
1	
0	
0	
0	
0	
1	
0	
0	
1	
1	
0	
0	
1	
1	
1	
0	
0	
0	
1	
0	
0	
0	
1	
0	
0	
1	
0	
1	
1	
1	
0	
1	
0	
0	
0	
1	
1	
1	
1	
0	
0	
0	
0	
1	
2	
1	
0	
0	
1	
0	
0	
0	
0	
0	
0	
0	
1	
0	
1	
1	
0	
0	
0	
0	
1	
0	
0	
0	
1	
1	
1	
0	
2	
2	
0	
1	
1	
2	
0	
0	
0	
0	
0	
1	
0	
1	
0	
0	
2	
0	
0	
1	
1	
0	
0	
0	

0	
0	
0	
1	
2	
0	
0	
0	
0	
1	
0	
0	
0	
1	
0	
0	
0	
0	
0	
0	
1	
1	
1	
1	
1	
3	
1	
1	
0	
1	
0	
0	
1	
1	
0	
0	
1	
0	
2	
0	
1	
0	
0	
0	
1	
4	
1	
1	
0	
1	
1	
0	
0	
0	
0	
1	
1	
2	
2	
0	
1	
2	
1	
1	
2	
1	
0	
1	
0	
0	
1	
2	
0	
1	
1	
2	
1	
1	
2	
2	
0	
0	
0	
1	
1	
1	
1	
2	
1	
2	
1	
0	
0	
0	
0	
0	
0	
1	
0	
1	
1	
1	
1	
0	
0	
1	
1	
0	
1	
1	
2	
1	
0	
0	
1	
0	
1	
0	
1	
0	
1	
1	
0	

]

ExternalEquipmentRentingCost: [
4582	5481	5523	2499	3575	3449	2204	1483	5231	4597	2015	4807	4926	2745	3533	4115	2077	4313	1265	4409	4632	5860	1101	5796	1368	5953	2887	5850	2133	4821	3190	1803	4441	4118	3189	5889	2750	3592	2258	2493	4851	5986	1411	4529	3020	4330	2188	3898	4561	4086	5038	4609	3680	1113	1954	3313	2085	3760	1713	5529	5507	4120	5056	4217	2342	4879	1612	5115	2229	2565	3326	3772	4265	4753	5079	4893	1411	2435	1345	4983	5111	4795	1910	3244	3636	4467	1775	2268	2264	3422	5424	3488	4496	4210	5637	4707	4240	5586	3143	2898	2275	2523	4119	5397	5391	4352	3500	4954	4857	2435	3390	1595	1962	1384	1125	4842	5781	1879	2324	1671	5925	1976	4745	
4650	5557	2159	4500	2145	5894	5240	5969	2184	1218	4015	3204	1163	2978	1696	5337	4471	1647	3487	1495	4784	4984	2511	1768	4688	1590	5293	1078	2266	3015	4886	5826	4477	5037	1148	2934	4405	2127	2299	3426	2956	2243	3438	4299	3700	2022	3381	2715	5591	5921	5485	5578	3090	1125	4410	5921	5403	4281	5730	1731	2062	2866	5954	5938	2875	1867	4836	2157	5369	2533	2762	1595	2699	5533	3556	2846	4552	4793	1489	3716	4008	1149	3295	2440	3086	4813	5830	2299	5106	2537	3887	4089	3749	5871	2135	2895	4134	2167	3192	2289	3024	4374	1247	4436	3340	1377	2428	2474	1334	1704	3301	3283	1752	1960	4187	3775	5462	2742	2591	1135	1504	3045	4158	
3797	4577	4517	3511	2731	1846	1551	2427	1458	2922	1575	5189	1146	5949	1999	1662	5405	5917	3636	4582	5576	1803	2539	3255	2856	4028	4368	2591	4277	5283	1490	4820	2093	2211	4485	4769	4373	2196	1937	2117	5937	5137	3511	3098	1549	4233	2826	4972	1284	4932	3549	3047	3182	3369	2046	3482	2699	2212	4500	4902	3270	2482	3763	3201	4939	3547	1013	1057	4227	2507	5756	1071	2716	2371	2734	5384	5925	2918	2184	5820	2527	4481	5540	1397	2472	3788	2062	1541	5045	2029	1868	1258	1711	3098	2742	4218	1170	5618	2955	1596	4005	4066	3617	2803	5147	3847	5581	2971	3367	5540	4231	2569	5140	4068	1830	2316	3622	3235	5619	5894	1866	3910	5556	
2010	2629	3462	2861	4824	3510	2545	2660	1032	3813	5168	5187	2551	1216	2760	4010	5487	2473	5006	4817	4080	1504	3885	5960	3460	4972	3663	4635	5127	1395	1518	2458	2299	4777	5182	3594	2301	1334	5189	1161	3409	5175	4041	3666	3664	1348	5523	5824	5123	5633	5516	5884	5778	5492	1530	3109	4192	3456	3170	1976	4568	3591	5359	2391	2904	1046	5771	2648	4696	2590	1760	1312	5080	1708	5710	4184	4640	4803	1842	2318	1693	5132	3568	1677	1909	2808	3231	4165	4179	5264	2646	1936	5063	2940	2578	4696	4550	5900	5639	2219	1727	1517	1298	5432	5724	3895	2513	5108	2209	3050	1304	1537	5692	1478	5615	1423	2575	3219	4323	3711	4614	1050	5894	
5920	5695	4983	5837	3654	1303	5738	4940	3807	3839	1859	5498	3632	4838	1353	1916	5741	4763	4690	4133	1136	4519	3756	5117	5722	1118	2056	5892	1277	3895	4062	4973	5436	4114	5320	5952	3468	5498	1659	3795	4565	4209	5150	4520	5268	2892	4922	4947	5637	1111	2745	5083	2594	1621	2485	3453	4232	2399	4159	3288	5618	5812	4788	4500	3764	2270	2385	4904	5751	5000	1904	5644	1237	2192	2199	3724	2536	4679	2268	5006	1389	2598	1885	3862	1101	2088	5409	1847	5898	1770	1489	5128	5017	3440	1465	4451	1774	5516	1746	1580	2336	3848	3375	2303	4310	2944	1353	5964	4953	4900	5682	5567	2193	3067	4874	5729	1513	3529	5204	1268	2246	3312	4694	
2016	3775	3475	2880	1479	2632	1014	1666	3794	3238	4564	3803	2898	3060	1717	5465	2020	4883	3063	5347	5853	5218	2007	2179	5950	3028	4759	1077	3530	5222	1779	4528	2030	4575	5600	1103	3301	4035	5613	2755	4704	2395	1444	1965	3114	1313	2832	2609	4116	4882	3456	5010	3865	5735	4394	3086	4962	5923	1227	5979	5090	2154	1902	2104	3349	3001	2349	1847	5950	1371	1086	3550	3212	3354	1549	5750	5367	5475	5204	5069	1475	1820	1185	3893	2320	5638	1630	5953	2649	1211	2719	2435	5169	5255	2849	3830	4828	2935	2839	4625	1498	1527	1698	1780	5286	2430	5551	5591	1039	4764	5859	2534	2886	2125	2005	4096	3789	3423	1371	1952	5865	5829	2801	
3137	5210	2462	2635	3214	2078	2802	4075	4815	4536	5121	2554	4720	5053	1960	5260	5322	4270	2293	1455	4088	2056	4149	2254	1095	5923	2661	2256	1554	2902	1103	2351	4378	2139	3329	5670	3827	1970	2612	3814	1984	1917	3369	4394	2229	4516	3763	1940	5031	4413	1459	1234	2529	1277	3236	2283	1777	5741	4398	2253	3476	3973	4039	1483	3767	5943	3824	1651	1443	5988	5446	5418	2781	4505	4663	2346	2395	4399	3733	4930	2015	4767	5927	2124	3092	1757	4849	3716	4872	4458	3754	3413	2684	5593	3506	4953	1441	2518	2218	2091	4381	1560	3461	2795	5562	2147	1442	5286	2774	2622	3938	1301	5120	3305	4801	2335	1986	3772	3857	4974	1268	1982	5242	
]

EquipmentTypeTransportationCost: [
1	3678	4537	4942	4963	
3678	1	4212	5171	5120	
4537	4212	1	5446	5556	
4942	5171	5446	1	1000	
4963	5120	5556	1000	1	

1	2996	3638	4061	3930	
2996	1	3457	4087	4112	
3638	3457	1	4404	4306	
4061	4087	4404	1	1000	
3930	4112	4306	1000	1	

1	3309	4060	4403	4425	
3309	1	3825	4483	4518	
4060	3825	1	4746	4844	
4403	4483	4746	1	1000	
4425	4518	4844	1000	1	

1	3335	4046	4448	4463	
3335	1	3863	4573	4570	
4046	3863	1	4862	4785	
4448	4573	4862	1	1000	
4463	4570	4785	1000	1	

1	3156	3840	4136	4120	
3156	1	3590	4294	4288	
3840	3590	1	4585	4612	
4136	4294	4585	1	1000	
4120	4288	4612	1000	1	

1	3318	4131	4459	4515	
3318	1	3792	4660	4590	
4131	3792	1	4937	4812	
4459	4660	4937	1	1000	
4515	4590	4812	1000	1	

1	3685	4585	4982	5019	
3685	1	4293	5156	5149	
4585	4293	1	5571	5540	
4982	5156	5571	1	1000	
5019	5149	5540	1000	1	

]

TransportationTimeForEquipmentTypeBetweenProjects: [
1	1	3	3	3	
1	1	1	6	6	
3	1	1	8	8	
3	6	8	1	1	
3	6	8	1	1	

1	1	3	3	3	
1	1	1	4	4	
3	1	1	6	6	
3	4	6	1	1	
3	4	6	1	1	

1	1	3	3	3	
1	1	1	5	5	
3	1	1	7	7	
3	5	7	1	1	
3	5	7	1	1	

1	1	3	3	3	
1	1	1	5	5	
3	1	1	7	7	
3	5	7	1	1	
3	5	7	1	1	

1	1	3	3	3	
1	1	1	5	5	
3	1	1	6	6	
3	5	6	1	1	
3	5	6	1	1	

1	1	3	3	3	
1	1	1	5	5	
3	1	1	6	6	
3	5	6	1	1	
3	5	6	1	1	

1	1	3	3	3	
1	1	1	6	6	
3	1	1	8	8	
3	6	8	1	1	
3	6	8	1	1	

]

TotalNumberOfInitialEquipmentTypeLocation: [
(1 44) 1 (1 67) 3 
(2 1) 1 (2 20) 4 (2 44) 1 (2 99) 1 
(3 1) 4 (3 20) 3 (3 44) 1 (3 67) 1 
(4 1) 2 (4 20) 1 (4 44) 1 (4 67) 1 (4 99) 2 
(5 1) 3 (5 20) 1 (5 67) 2 (5 99) 2 
(6 1) 3 (6 67) 1 
(7 1) 2 (7 20) 5 (7 44) 2 (7 67) 1 (7 99) 1 
]

DepotActivities: [ 1 20 44 67 99 ]

MaximalStintCliques: [
[ 2 29 38 47 1 28 13 ]
[ 2 29 38 47 1 28 46 12 37 ]
[ 2 29 38 47 3 30 14 39 48 ]
[ 2 29 15 3 30 39 48 ]
[ 4 31 19 41 50 5 32 ]
[ 4 31 40 49 3 30 17 ]
[ 4 31 40 49 3 30 16 39 48 ]
[ 4 31 40 49 5 41 18 50 32 ]
[ 5 32 41 50 33 42 51 20 6 ]
[ 5 32 21 33 42 51 6 ]
[ 6 33 42 51 34 43 52 22 7 ]
[ 6 33 23 34 43 52 7 ]
[ 7 34 25 35 44 53 8 ]
[ 7 34 43 52 35 44 53 24 8 ]
[ 8 35 27 9 36 45 54 ]
[ 8 35 44 53 36 9 26 45 54 ]
[ 10 1 28 37 46 ]
[ 11 1 28 37 46 ]
]
