nEmployees: 30
nSkills: 2
nProjects: 5
nDays: 180
nActivities: 147
nEquipmentTypes: 7
nStints: 65
nMaxModes: 3
nStintCliques: 12

EmployeeInStintCost: [
16686 16686 16686 16686 16686 16686 16686 16686 16686 16686 16686 15450 6798 32344 32344 32344 32344 32344 32344 32344 32344 32344 32344 32344 32344 26782 20726 20726 20726 20726 20726 20726 20726 20726 20726 20726 20726 19490 10838 31196 31196 31196 31196 31196 31196 31196 31196 31196 31196 31196 31196 25634 38654 38654 38654 38654 38654 38654 38654 38654 38654 38654 38654 37418 25862 
23504 23504 23504 23504 23504 23504 23504 23504 23504 23504 23504 22160 12752 34416 34416 34416 34416 34416 34416 34416 34416 34416 34416 34416 34416 28368 20584 20584 20584 20584 20584 20584 20584 20584 20584 20584 20584 19240 9832 33276 33276 33276 33276 33276 33276 33276 33276 33276 33276 33276 33276 27228 41112 41112 41112 41112 41112 41112 41112 41112 41112 41112 41112 39768 27456 
34812 34812 34812 34812 34812 34812 34812 34812 34812 34812 34812 33480 22466 38304 38304 38304 38304 38304 38304 38304 38304 38304 38304 38304 38304 32310 42704 42704 42704 42704 42704 42704 42704 42704 42704 42704 42704 41372 29154 37148 37148 37148 37148 37148 37148 37148 37148 37148 37148 37148 37148 31154 44942 44942 44942 44942 44942 44942 44942 44942 44942 44942 44942 43610 31382 
33000 33000 33000 33000 33000 33000 33000 33000 33000 33000 33000 31740 21230 28896 28896 28896 28896 28896 28896 28896 28896 28896 28896 28896 28896 23226 42140 42140 42140 42140 42140 42140 42140 42140 42140 42140 42140 40880 29166 32492 32492 32492 32492 32492 32492 32492 32492 32492 32492 32492 32492 26822 40034 40034 40034 40034 40034 40034 40034 40034 40034 40034 40034 38774 27050 
20790 20790 20790 20790 20790 20790 20790 20790 20790 20790 20790 19410 9750 33368 33368 33368 33368 33368 33368 33368 33368 33368 33368 33368 33368 27158 24550 24550 24550 24550 24550 24550 24550 24550 24550 24550 24550 23170 13510 32228 32228 32228 32228 32228 32228 32228 32228 32228 32228 32228 32228 26018 40190 40190 40190 40190 40190 40190 40190 40190 40190 40190 40190 38810 26246 
22734 22734 22734 22734 22734 22734 22734 22734 22734 22734 22734 21450 12462 33256 33256 33256 33256 33256 33256 33256 33256 33256 33256 33256 33256 27478 19494 19494 19494 19494 19494 19494 19494 19494 19494 19494 19494 18210 9222 32236 32236 32236 32236 32236 32236 32236 32236 32236 32236 32236 32236 26458 39862 39862 39862 39862 39862 39862 39862 39862 39862 39862 39862 38578 26686 
23296 23296 23296 23296 23296 23296 23296 23296 23296 23296 23296 22000 12928 32040 32040 32040 32040 32040 32040 32040 32040 32040 32040 32040 32040 26208 39714 39714 39714 39714 39714 39714 39714 39714 39714 39714 39714 38418 26452 18120 18120 18120 18120 18120 18120 18120 18120 18120 18120 18120 18120 12288 22656 22656 22656 22656 22656 22656 22656 22656 22656 22656 22656 21360 12288 
18630 18630 18630 18630 18630 18630 18630 18630 18630 18630 18630 17250 7590 33784 33784 33784 33784 33784 33784 33784 33784 33784 33784 33784 33784 27574 22670 22670 22670 22670 22670 22670 22670 22670 22670 22670 22670 21290 11630 32636 32636 32636 32636 32636 32636 32636 32636 32636 32636 32636 32636 26426 40598 40598 40598 40598 40598 40598 40598 40598 40598 40598 40598 39218 26654 
21560 21560 21560 21560 21560 21560 21560 21560 21560 21560 21560 20360 11960 32976 32976 32976 32976 32976 32976 32976 32976 32976 32976 32976 32976 27576 18640 18640 18640 18640 18640 18640 18640 18640 18640 18640 18640 17440 9040 31836 31836 31836 31836 31836 31836 31836 31836 31836 31836 31836 31836 26436 39168 39168 39168 39168 39168 39168 39168 39168 39168 39168 39168 37968 26664 
23782 23782 23782 23782 23782 23782 23782 23782 23782 23782 23782 22450 13126 32400 32400 32400 32400 32400 32400 32400 32400 32400 32400 32400 32400 26406 40200 40200 40200 40200 40200 40200 40200 40200 40200 40200 40200 38868 26650 18480 18480 18480 18480 18480 18480 18480 18480 18480 18480 18480 18480 12486 23142 23142 23142 23142 23142 23142 23142 23142 23142 23142 23142 21810 12486 
17010 17010 17010 17010 17010 17010 17010 17010 17010 17010 17010 15750 6930 32584 32584 32584 32584 32584 32584 32584 32584 32584 32584 32584 32584 26914 21050 21050 21050 21050 21050 21050 21050 21050 21050 21050 21050 19790 10970 31436 31436 31436 31436 31436 31436 31436 31436 31436 31436 31436 31436 25766 38978 38978 38978 38978 38978 38978 38978 38978 38978 38978 38978 37718 25994 
21600 21600 21600 21600 21600 21600 21600 21600 21600 21600 21600 20400 12000 32416 32416 32416 32416 32416 32416 32416 32416 32416 32416 32416 32416 27016 18360 18360 18360 18360 18360 18360 18360 18360 18360 18360 18360 17160 8760 31396 31396 31396 31396 31396 31396 31396 31396 31396 31396 31396 31396 25996 38728 38728 38728 38728 38728 38728 38728 38728 38728 38728 38728 37528 26224 
33236 33236 33236 33236 33236 33236 33236 33236 33236 33236 33236 32048 22042 36728 36728 36728 36728 36728 36728 36728 36728 36728 36728 36728 36728 31382 41624 41624 41624 41624 41624 41624 41624 41624 41624 41624 41624 40436 29226 35916 35916 35916 35916 35916 35916 35916 35916 35916 35916 35916 35916 30570 43206 43206 43206 43206 43206 43206 43206 43206 43206 43206 43206 42018 30798 
36112 36112 36112 36112 36112 36112 36112 36112 36112 36112 36112 34900 24726 39704 39704 39704 39704 39704 39704 39704 39704 39704 39704 39704 39704 34250 44348 44348 44348 44348 44348 44348 44348 44348 44348 44348 44348 43136 31758 38788 38788 38788 38788 38788 38788 38788 38788 38788 38788 38788 38788 33334 46162 46162 46162 46162 46162 46162 46162 46162 46162 46162 46162 44950 33562 
31614 31614 31614 31614 31614 31614 31614 31614 31614 31614 31614 30270 19172 31784 31784 31784 31784 31784 31784 31784 31784 31784 31784 31784 31784 25736 40634 40634 40634 40634 40634 40634 40634 40634 40634 40634 40634 39290 26988 13440 13440 13440 13440 13440 13440 13440 13440 13440 13440 13440 13440 7392 18144 18144 18144 18144 18144 18144 18144 18144 18144 18144 18144 16800 7392 
22370 22370 22370 22370 22370 22370 22370 22370 22370 22370 22370 21110 12290 33576 33576 33576 33576 33576 33576 33576 33576 33576 33576 33576 33576 27906 19450 19450 19450 19450 19450 19450 19450 19450 19450 19450 19450 18190 9370 32436 32436 32436 32436 32436 32436 32436 32436 32436 32436 32436 32436 26766 39978 39978 39978 39978 39978 39978 39978 39978 39978 39978 39978 38718 26994 
16362 16362 16362 16362 16362 16362 16362 16362 16362 16362 16362 15150 6666 32104 32104 32104 32104 32104 32104 32104 32104 32104 32104 32104 32104 26650 20402 20402 20402 20402 20402 20402 20402 20402 20402 20402 20402 19190 10706 30956 30956 30956 30956 30956 30956 30956 30956 30956 30956 30956 30956 25502 38330 38330 38330 38330 38330 38330 38330 38330 38330 38330 38330 37118 25730 
21514 21514 21514 21514 21514 21514 21514 21514 21514 21514 21514 20350 12202 30720 30720 30720 30720 30720 30720 30720 30720 30720 30720 30720 30720 25482 37932 37932 37932 37932 37932 37932 37932 37932 37932 37932 37932 36768 25726 16800 16800 16800 16800 16800 16800 16800 16800 16800 16800 16800 16800 11562 20874 20874 20874 20874 20874 20874 20874 20874 20874 20874 20874 19710 11562 
33840 33840 33840 33840 33840 33840 33840 33840 33840 33840 33840 32580 22070 37584 37584 37584 37584 37584 37584 37584 37584 37584 37584 37584 37584 31914 41732 41732 41732 41732 41732 41732 41732 41732 41732 41732 41732 40472 28758 36428 36428 36428 36428 36428 36428 36428 36428 36428 36428 36428 36428 30758 43970 43970 43970 43970 43970 43970 43970 43970 43970 43970 43970 42710 30986 
20466 20466 20466 20466 20466 20466 20466 20466 20466 20466 20466 19110 9618 33128 33128 33128 33128 33128 33128 33128 33128 33128 33128 33128 33128 27026 24226 24226 24226 24226 24226 24226 24226 24226 24226 24226 24226 22870 13378 31988 31988 31988 31988 31988 31988 31988 31988 31988 31988 31988 31988 25886 39866 39866 39866 39866 39866 39866 39866 39866 39866 39866 39866 38510 26114 
23382 23382 23382 23382 23382 23382 23382 23382 23382 23382 23382 22050 12726 33736 33736 33736 33736 33736 33736 33736 33736 33736 33736 33736 33736 27742 20142 20142 20142 20142 20142 20142 20142 20142 20142 20142 20142 18810 9486 32716 32716 32716 32716 32716 32716 32716 32716 32716 32716 32716 32716 26722 40510 40510 40510 40510 40510 40510 40510 40510 40510 40510 40510 39178 26950 
35460 35460 35460 35460 35460 35460 35460 35460 35460 35460 35460 34080 22730 38784 38784 38784 38784 38784 38784 38784 38784 38784 38784 38784 38784 32574 43352 43352 43352 43352 43352 43352 43352 43352 43352 43352 43352 41972 29418 37628 37628 37628 37628 37628 37628 37628 37628 37628 37628 37628 37628 31418 45590 45590 45590 45590 45590 45590 45590 45590 45590 45590 45590 44210 31646 
19008 19008 19008 19008 19008 19008 19008 19008 19008 19008 19008 17760 9024 32048 32048 32048 32048 32048 32048 32048 32048 32048 32048 32048 32048 26432 22768 22768 22768 22768 22768 22768 22768 22768 22768 22768 22768 21520 12784 30908 30908 30908 30908 30908 30908 30908 30908 30908 30908 30908 30908 25292 38408 38408 38408 38408 38408 38408 38408 38408 38408 38408 38408 37160 25520 
16200 16200 16200 16200 16200 16200 16200 16200 16200 16200 16200 15000 6600 31984 31984 31984 31984 31984 31984 31984 31984 31984 31984 31984 31984 26584 20240 20240 20240 20240 20240 20240 20240 20240 20240 20240 20240 19040 10640 30836 30836 30836 30836 30836 30836 30836 30836 30836 30836 30836 30836 25436 38168 38168 38168 38168 38168 38168 38168 38168 38168 38168 38168 36968 25664 
18846 18846 18846 18846 18846 18846 18846 18846 18846 18846 18846 17610 8958 31928 31928 31928 31928 31928 31928 31928 31928 31928 31928 31928 31928 26366 22606 22606 22606 22606 22606 22606 22606 22606 22606 22606 22606 21370 12718 30788 30788 30788 30788 30788 30788 30788 30788 30788 30788 30788 30788 25226 38246 38246 38246 38246 38246 38246 38246 38246 38246 38246 38246 37010 25454 
23018 23018 23018 23018 23018 23018 23018 23018 23018 23018 23018 21710 12554 34056 34056 34056 34056 34056 34056 34056 34056 34056 34056 34056 34056 28170 20098 20098 20098 20098 20098 20098 20098 20098 20098 20098 20098 18790 9634 32916 32916 32916 32916 32916 32916 32916 32916 32916 32916 32916 32916 27030 40626 40626 40626 40626 40626 40626 40626 40626 40626 40626 40626 39318 27258 
21560 21560 21560 21560 21560 21560 21560 21560 21560 21560 21560 20360 11960 32976 32976 32976 32976 32976 32976 32976 32976 32976 32976 32976 32976 27576 18640 18640 18640 18640 18640 18640 18640 18640 18640 18640 18640 17440 9040 31836 31836 31836 31836 31836 31836 31836 31836 31836 31836 31836 31836 26436 39168 39168 39168 39168 39168 39168 39168 39168 39168 39168 39168 37968 26664 
31704 31704 31704 31704 31704 31704 31704 31704 31704 31704 31704 30540 20702 27936 27936 27936 27936 27936 27936 27936 27936 27936 27936 27936 27936 22698 40844 40844 40844 40844 40844 40844 40844 40844 40844 40844 40844 39680 28638 31532 31532 31532 31532 31532 31532 31532 31532 31532 31532 31532 31532 26294 38738 38738 38738 38738 38738 38738 38738 38738 38738 38738 38738 37574 26522 
32028 32028 32028 32028 32028 32028 32028 32028 32028 32028 32028 30840 20834 28176 28176 28176 28176 28176 28176 28176 28176 28176 28176 28176 28176 22830 41168 41168 41168 41168 41168 41168 41168 41168 41168 41168 41168 39980 28770 31772 31772 31772 31772 31772 31772 31772 31772 31772 31772 31772 31772 26426 39062 39062 39062 39062 39062 39062 39062 39062 39062 39062 39062 37874 26654 
35110 35110 35110 35110 35110 35110 35110 35110 35110 35110 35110 33814 23052 27216 27216 27216 27216 27216 27216 27216 27216 27216 27216 27216 27216 21384 44130 44130 44130 44130 44130 44130 44130 44130 44130 44130 44130 42834 30868 34316 34316 34316 34316 34316 34316 34316 34316 34316 34316 34316 34316 28484 41984 41984 41984 41984 41984 41984 41984 41984 41984 41984 41984 40688 28712 
]

ExternalWorkerWithSkillOnStintCost: [
44100 39228 39396 38388 37128 47964 41160 45192 46956 44604 33852 46536 31536 30528 30456 31392 29592 39744 30312 36072 41112 40896 41472 29448 39816 29232 44184 45528 42672 35952 39564 44688 36036 42504 46452 34356 36120 38556 38664 38448 37584 32904 36072 36504 36864 37008 32112 34992 39744 41544 38592 37584 36372 40572 47376 40992 36456 40068 40236 44772 41748 36540 46620 42000 34128 
41832 44772 36624 42084 41328 35364 48636 40152 36960 45108 36036 34776 37656 32328 40536 41832 31032 29952 36288 34632 34272 35136 37872 38520 38376 32760 47124 35868 47124 49308 36372 41160 50148 40992 48300 40740 42168 38808 29088 42480 32832 35640 41904 35352 32112 32760 33696 31464 39024 33984 36288 35568 48300 44772 35784 34104 46788 40320 40908 49644 49056 42168 42504 43848 30672 
]

OverlappingStints: [
[ 2 14 15 27 28 40 41 53 54 ]
[ 3 14 15 16 27 28 29 40 41 42 53 54 55 ]
[ 4 15 16 17 28 29 30 41 42 43 54 55 56 ]
[ 5 16 17 18 29 30 31 42 43 44 55 56 57 ]
[ 6 17 18 19 30 31 32 43 44 45 56 57 58 ]
[ 7 18 19 20 31 32 33 44 45 46 57 58 59 ]
[ 8 19 20 21 32 33 34 45 46 47 58 59 60 ]
[ 9 20 21 22 33 34 35 46 47 48 59 60 61 ]
[ 10 21 22 23 34 35 36 47 48 49 60 61 62 ]
[ 11 22 23 24 35 36 37 48 49 50 61 62 63 ]
[ 12 23 24 25 36 37 38 49 50 51 62 63 64 ]
[ 13 24 25 26 37 38 39 50 51 52 63 64 65 ]
[ 25 26 38 39 51 52 64 65 ]
[ 15 27 28 40 41 53 54 ]
[ 16 27 28 29 40 41 42 53 54 55 ]
[ 17 28 29 30 41 42 43 54 55 56 ]
[ 18 29 30 31 42 43 44 55 56 57 ]
[ 19 30 31 32 43 44 45 56 57 58 ]
[ 20 31 32 33 44 45 46 57 58 59 ]
[ 21 32 33 34 45 46 47 58 59 60 ]
[ 22 33 34 35 46 47 48 59 60 61 ]
[ 23 34 35 36 47 48 49 60 61 62 ]
[ 24 35 36 37 48 49 50 61 62 63 ]
[ 25 36 37 38 49 50 51 62 63 64 ]
[ 26 37 38 39 50 51 52 63 64 65 ]
[ 38 39 51 52 64 65 ]
[ 28 40 41 53 54 ]
[ 29 40 41 42 53 54 55 ]
[ 30 41 42 43 54 55 56 ]
[ 31 42 43 44 55 56 57 ]
[ 32 43 44 45 56 57 58 ]
[ 33 44 45 46 57 58 59 ]
[ 34 45 46 47 58 59 60 ]
[ 35 46 47 48 59 60 61 ]
[ 36 47 48 49 60 61 62 ]
[ 37 48 49 50 61 62 63 ]
[ 38 49 50 51 62 63 64 ]
[ 39 50 51 52 63 64 65 ]
[ 51 52 64 65 ]
[ 41 53 54 ]
[ 42 53 54 55 ]
[ 43 54 55 56 ]
[ 44 55 56 57 ]
[ 45 56 57 58 ]
[ 46 57 58 59 ]
[ 47 58 59 60 ]
[ 48 59 60 61 ]
[ 49 60 61 62 ]
[ 50 61 62 63 ]
[ 51 62 63 64 ]
[ 52 63 64 65 ]
[ 64 65 ]
[ 54 ]
[ 55 ]
[ 56 ]
[ 57 ]
[ 58 ]
[ 59 ]
[ 60 ]
[ 61 ]
[ 62 ]
[ 63 ]
[ 64 ]
[ 65 ]
[ ]
]

EmployeesWithSkill: [
[ 1 2 3 4 5 6 7 8 9 10 11 12 13 14 15 16 17 18 19 20 21 22 23 24 25 26 27 28 29 30 ]
[ 2 5 8 12 13 16 17 19 20 21 22 23 24 26 28 29 ]
]

SkillDemandInActivityWithMode: [
0	0	0	
1	3	1	
1	3	1	
1	3	1	
1	3	1	
1	3	1	
1	3	1	
1	3	1	
1	3	1	
1	3	1	
1	3	1	
1	3	1	
1	3	1	
1	3	1	
1	3	1	
1	3	1	
1	3	1	
1	3	1	
1	3	1	
1	3	1	
1	3	1	
1	3	1	
1	3	1	
1	3	1	
1	3	1	
1	3	1	
1	3	1	
1	3	1	
0	0	0	
2	4	2	
2	4	2	
3	6	2	
2	4	2	
2	4	2	
1	3	1	
2	4	2	
3	6	2	
1	3	1	
3	6	2	
2	4	2	
3	6	2	
2	4	2	
3	6	2	
2	4	2	
2	4	2	
3	6	2	
3	6	2	
3	6	2	
2	4	2	
3	6	2	
4	7	3	
2	4	2	
4	7	3	
3	6	2	
1	3	1	
2	4	2	
2	4	2	
3	6	2	
1	3	1	
4	7	3	
3	6	2	
1	3	1	
3	6	2	
3	6	2	
1	3	1	
2	4	2	
4	7	3	
3	6	2	
2	4	2	
3	6	2	
4	7	3	
3	6	2	
1	3	1	
2	4	2	
3	6	2	
3	6	2	
1	3	1	
3	6	2	
1	3	1	
2	4	2	
3	6	2	
1	3	1	
2	4	2	
1	3	1	
0	0	0	
3	6	2	
2	4	2	
1	3	1	
2	4	2	
2	4	2	
3	6	2	
2	4	2	
3	6	2	
3	6	2	
1	3	1	
2	4	2	
1	3	1	
2	4	2	
1	3	1	
2	4	2	
2	4	2	
3	6	2	
2	4	2	
1	3	1	
2	4	2	
3	6	2	
1	3	1	
2	4	2	
2	4	2	
2	4	2	
3	6	2	
2	4	2	
2	4	2	
3	6	2	
0	0	0	
11	18	8	
7	12	5	
8	13	6	
9	15	6	
15	24	10	
7	12	5	
2	4	2	
13	21	9	
13	21	9	
13	21	9	
10	16	7	
8	13	6	
6	10	4	
13	21	9	
7	12	5	
15	24	10	
10	16	7	
0	0	0	
12	19	8	
15	24	10	
3	6	2	
8	13	6	
15	24	10	
2	4	2	
12	19	8	
7	12	5	
3	6	2	
12	19	8	
12	19	8	
15	24	10	
12	19	8	
5	9	4	

0	0	0	
2	4	2	
1	3	1	
0	1	0	
1	3	1	
2	4	2	
3	6	2	
1	3	1	
3	6	2	
0	1	0	
1	3	1	
2	4	2	
0	1	0	
4	7	3	
4	7	3	
2	4	2	
2	4	2	
4	7	3	
0	1	0	
4	7	3	
3	6	2	
3	6	2	
0	1	0	
3	6	2	
0	1	0	
3	6	2	
1	3	1	
4	7	3	
0	0	0	
0	1	0	
0	1	0	
0	1	0	
0	1	0	
0	1	0	
0	1	0	
0	1	0	
0	1	0	
0	1	0	
0	1	0	
0	1	0	
0	1	0	
0	1	0	
0	1	0	
0	1	0	
0	1	0	
0	1	0	
0	1	0	
0	1	0	
0	1	0	
0	1	0	
0	1	0	
0	1	0	
0	1	0	
0	1	0	
0	1	0	
0	1	0	
0	1	0	
0	1	0	
0	1	0	
0	1	0	
0	1	0	
0	1	0	
0	1	0	
0	1	0	
0	1	0	
0	1	0	
0	1	0	
0	1	0	
0	1	0	
0	1	0	
0	1	0	
0	1	0	
0	1	0	
0	1	0	
0	1	0	
0	1	0	
0	1	0	
0	1	0	
0	1	0	
0	1	0	
0	1	0	
0	1	0	
0	1	0	
0	1	0	
0	0	0	
3	6	2	
2	4	2	
0	1	0	
2	4	2	
2	4	2	
3	6	2	
2	4	2	
3	6	2	
4	7	3	
0	1	0	
2	4	2	
0	1	0	
2	4	2	
1	3	1	
2	4	2	
1	3	1	
4	7	3	
2	4	2	
0	1	0	
1	3	1	
4	7	3	
0	1	0	
2	4	2	
2	4	2	
3	6	2	
4	7	3	
2	4	2	
2	4	2	
4	7	3	
0	0	0	
2	4	2	
1	3	1	
1	3	1	
1	3	1	
2	4	2	
1	3	1	
0	1	0	
2	4	2	
2	4	2	
2	4	2	
1	3	1	
1	3	1	
0	1	0	
2	4	2	
1	3	1	
2	4	2	
1	3	1	
0	0	0	
1	3	1	
1	3	1	
0	1	0	
0	1	0	
1	3	1	
0	1	0	
1	3	1	
0	1	0	
0	1	0	
1	3	1	
1	3	1	
1	3	1	
1	3	1	
0	1	0	

]

EmployeeAvailability: [
1 1 1 1 1 1 1 1 1 1 1 0 0 1 1 1 1 1 1 1 1 1 1 1 0 0 1 1 1 1 1 1 1 1 1 1 1 0 0 1 1 1 1 1 1 1 1 1 1 1 0 0 1 1 1 1 1 1 1 1 1 1 1 0 0 
0 0 0 1 1 1 1 1 1 1 1 1 1 0 0 0 1 1 1 1 1 1 1 1 1 1 0 0 0 1 1 1 1 1 1 1 1 1 1 0 0 0 1 1 1 1 1 1 1 1 1 1 0 0 0 1 1 1 1 1 1 1 1 1 1 
1 0 1 1 1 1 1 1 1 1 1 1 1 1 1 1 1 1 1 1 1 1 1 1 1 1 1 0 1 1 1 1 1 1 1 1 1 1 1 1 1 1 1 1 1 1 1 1 1 1 1 1 1 0 1 1 1 1 1 1 1 1 1 1 1 
1 1 1 0 1 1 1 1 1 1 1 1 0 1 1 1 0 1 1 1 1 1 1 1 1 0 1 1 1 0 1 1 1 1 1 1 1 1 0 1 1 1 0 1 1 1 1 1 1 1 1 0 1 1 1 0 1 1 1 1 1 1 1 1 0 
1 1 1 1 1 1 1 1 1 1 1 0 1 1 1 1 1 1 1 1 1 1 1 1 0 1 1 1 1 1 1 1 1 1 1 1 1 0 1 1 1 1 1 1 1 1 1 1 1 1 0 1 1 1 1 1 1 1 1 1 1 1 1 0 1 
1 0 1 1 1 1 0 1 1 1 1 1 1 1 1 1 1 1 1 1 1 1 1 1 1 1 1 0 1 1 1 1 0 1 1 1 1 1 1 1 1 1 1 1 1 1 1 1 1 1 1 1 1 0 1 1 1 1 0 1 1 1 1 1 1 
1 1 0 1 1 1 1 1 1 1 1 1 1 1 1 0 1 1 1 1 1 1 1 1 1 1 1 1 0 1 1 1 1 1 1 1 1 1 1 1 1 0 1 1 1 1 1 1 1 1 1 1 1 1 0 1 1 1 1 1 1 1 1 1 1 
1 1 1 1 1 1 1 1 1 1 1 1 1 1 1 1 1 1 1 1 1 1 1 1 1 1 1 1 1 1 1 1 1 1 1 1 1 1 1 1 1 1 1 1 1 1 1 1 1 1 1 1 1 1 1 1 1 1 1 1 1 1 1 1 1 
1 1 1 1 1 1 1 1 1 1 1 0 1 1 1 1 1 1 1 1 1 1 1 1 0 1 1 1 1 1 1 1 1 1 1 1 1 0 1 1 1 1 1 1 1 1 1 1 1 1 0 1 1 1 1 1 1 1 1 1 1 1 1 0 1 
1 0 1 1 1 1 1 0 0 1 1 1 1 1 1 1 1 1 1 1 0 0 1 1 1 1 1 0 1 1 1 1 1 0 0 1 1 1 1 1 1 1 1 1 1 1 0 0 1 1 1 1 1 0 1 1 1 1 1 0 0 1 1 1 1 
1 0 1 1 1 1 1 1 1 1 1 1 1 1 0 1 1 1 1 1 1 1 1 1 1 1 1 0 1 1 1 1 1 1 1 1 1 1 1 1 0 1 1 1 1 1 1 1 1 1 1 1 1 0 1 1 1 1 1 1 1 1 1 1 1 
1 1 1 1 1 1 1 0 1 1 1 0 1 1 1 1 1 1 1 1 0 1 1 1 0 1 1 1 1 1 1 1 1 0 1 1 1 0 1 1 1 1 1 1 1 1 0 1 1 1 0 1 1 1 1 1 1 1 1 0 1 1 1 0 1 
0 1 1 1 1 0 1 1 1 0 1 1 1 0 1 1 1 1 1 1 1 1 0 1 1 1 0 1 1 1 1 0 1 1 1 0 1 1 1 0 1 1 1 1 1 1 1 1 0 1 1 1 0 1 1 1 1 0 1 1 1 0 1 1 1 
1 1 1 1 0 1 0 1 1 0 1 1 1 1 1 1 1 0 1 0 1 1 0 1 1 1 1 1 1 1 0 1 0 1 1 0 1 1 1 1 1 1 1 0 1 0 1 1 0 1 1 1 1 1 1 1 0 1 0 1 1 0 1 1 1 
1 1 1 1 1 1 1 1 1 1 1 1 0 1 1 1 1 1 1 1 1 1 1 1 1 0 1 1 1 1 1 1 1 1 1 1 1 1 0 1 1 1 1 1 1 1 1 1 1 1 1 0 1 1 1 1 1 1 1 1 1 1 1 1 0 
1 1 1 1 1 1 1 1 1 0 0 1 1 1 1 1 1 1 1 1 1 1 0 0 1 1 1 1 1 1 1 1 1 1 1 0 0 1 1 1 1 1 1 1 1 1 1 1 0 0 1 1 1 1 1 1 1 1 1 1 1 0 0 1 1 
1 1 1 1 1 1 1 1 0 1 1 0 1 1 1 1 1 1 1 1 1 0 1 1 0 1 1 1 1 1 1 1 1 1 0 1 1 0 1 1 1 1 1 1 1 1 1 0 1 1 0 1 1 1 1 1 1 1 1 1 0 1 1 0 1 
1 1 1 1 1 1 1 1 1 1 1 0 1 1 1 1 1 1 1 1 1 1 1 1 0 1 1 1 1 1 1 1 1 1 1 1 1 0 1 1 1 1 1 1 1 1 1 1 1 1 0 1 1 1 1 1 1 1 1 1 1 1 1 0 1 
1 1 1 1 1 1 1 1 1 1 1 0 1 1 1 1 1 1 1 1 1 1 1 1 0 1 1 1 1 1 1 1 1 1 1 1 1 0 1 1 1 1 1 1 1 1 1 1 1 1 0 1 1 1 1 1 1 1 1 1 1 1 1 0 1 
1 1 1 1 1 0 1 1 1 1 1 1 1 1 1 1 1 1 0 1 1 1 1 1 1 1 1 1 1 1 1 0 1 1 1 1 1 1 1 1 1 1 1 1 0 1 1 1 1 1 1 1 1 1 1 1 1 0 1 1 1 1 1 1 1 
1 1 1 1 1 1 1 1 1 1 1 1 1 1 1 1 1 1 1 1 1 1 1 1 1 1 1 1 1 1 1 1 1 1 1 1 1 1 1 1 1 1 1 1 1 1 1 1 1 1 1 1 1 1 1 1 1 1 1 1 1 1 1 1 1 
1 1 1 1 1 1 1 0 1 1 1 1 1 1 1 1 1 1 1 1 0 1 1 1 1 1 1 1 1 1 1 1 1 0 1 1 1 1 1 1 1 1 1 1 1 1 0 1 1 1 1 1 1 1 1 1 1 1 1 0 1 1 1 1 1 
1 1 1 1 1 1 1 1 1 1 1 1 1 1 1 1 1 1 1 1 1 1 1 1 1 1 1 1 1 1 1 1 1 1 1 1 1 1 1 1 1 1 1 1 1 1 1 1 1 1 1 1 1 1 1 1 1 1 1 1 1 1 1 1 1 
1 1 1 1 1 1 1 1 1 1 1 1 1 1 1 1 1 1 1 1 1 1 1 1 1 1 1 1 1 1 1 1 1 1 1 1 1 1 1 1 1 1 1 1 1 1 1 1 1 1 1 1 1 1 1 1 1 1 1 1 1 1 1 1 1 
1 1 1 1 0 1 1 1 1 1 1 1 1 1 1 1 1 0 1 1 1 1 1 1 1 1 1 1 1 1 0 1 1 1 1 1 1 1 1 1 1 1 1 0 1 1 1 1 1 1 1 1 1 1 1 1 0 1 1 1 1 1 1 1 1 
1 1 0 1 0 1 1 1 1 1 1 1 1 1 1 0 1 0 1 1 1 1 1 1 1 1 1 1 0 1 0 1 1 1 1 1 1 1 1 1 1 0 1 0 1 1 1 1 1 1 1 1 1 1 0 1 0 1 1 1 1 1 1 1 1 
1 1 1 1 0 1 0 1 1 1 1 1 1 1 1 1 1 0 1 0 1 1 1 1 1 1 1 1 1 1 0 1 0 1 1 1 1 1 1 1 1 1 1 0 1 0 1 1 1 1 1 1 1 1 1 1 0 1 0 1 1 1 1 1 1 
1 1 1 1 1 1 1 0 1 0 1 1 1 1 1 1 1 1 1 1 0 1 0 1 1 1 1 1 1 1 1 1 1 0 1 0 1 1 1 1 1 1 1 1 1 1 0 1 0 1 1 1 1 1 1 1 1 1 1 0 1 0 1 1 1 
1 1 1 1 0 1 1 1 1 1 1 1 1 1 1 1 1 0 1 1 1 1 1 1 1 1 1 1 1 1 0 1 1 1 1 1 1 1 1 1 1 1 1 0 1 1 1 1 1 1 1 1 1 1 1 1 0 1 1 1 1 1 1 1 1 
1 1 1 1 1 1 1 1 1 1 1 1 1 1 1 1 1 1 1 1 1 1 1 1 1 1 1 1 1 1 1 1 1 1 1 1 1 1 1 1 1 1 1 1 1 1 1 1 1 1 1 1 1 1 1 1 1 1 1 1 1 1 1 1 1 
]

EmployeeWantedInStint: [ (2 1) 1 (3 27) 1 (4 30) 1 (5 48) 1 (6 12) 1 (6 45) 1 (9 1) 1 (9 59) 1 (9 63) 1 (9 65) 1 (12 40) 1 (12 64) 1 (13 1) 1 (13 11) 1 (13 21) 1 (13 51) 1 (13 62) 1 (14 5) 1 (15 7) 1 (17 4) 1 (18 13) 1 (18 21) 1 (19 45) 1 (20 17) 1 (21 29) 1 (21 56) 1 (22 30) 1 (23 5) 1 (23 8) 1 (23 17) 1 (23 64) 1 (24 32) 1 (24 47) 1 (26 23) 1 (26 44) 1 (26 61) 1 (27 15) 1 (27 48) 1 (27 54) 1 (27 60) 1 (28 2) 1 (28 14) 1 (29 47) 1 (30 16) 1 (30 26) 1 (30 37) 1 ]

EmployeeWantedViolationCost: [ (2 1) 8000 (3 27) 8000 (4 30) 7000 (5 48) 13000 (6 12) 15000 (6 45) 7000 (9 1) 11000 (9 59) 8000 (9 63) 9000 (9 65) 15000 (12 40) 11000 (12 64) 6000 (13 1) 14000 (13 11) 6000 (13 21) 6000 (13 51) 12000 (13 62) 5000 (14 5) 10000 (15 7) 13000 (17 4) 15000 (18 13) 9000 (18 21) 5000 (19 45) 13000 (20 17) 15000 (21 29) 12000 (21 56) 10000 (22 30) 15000 (23 5) 5000 (23 8) 14000 (23 17) 7000 (23 64) 13000 (24 32) 6000 (24 47) 13000 (26 23) 7000 (26 44) 12000 (26 61) 9000 (27 15) 11000 (27 48) 5000 (27 54) 9000 (27 60) 11000 (28 2) 5000 (28 14) 12000 (29 47) 15000 (30 16) 8000 (30 26) 11000 (30 37) 15000 ]

EmployeesThatShouldNotWorkTogetherWithEmployee: [
[ 3 4 25 ]
[ 5 ]
[ 26 ]
[ ]
[ ]
[ 7 ]
[ 10 16 ]
[ ]
[ 19 22 ]
[ 17 26 ]
[ ]
[ ]
[ 20 ]
[ ]
[ ]
[ ]
[ ]
[ 20 ]
[ ]
[ ]
[ 25 ]
[ ]
[ ]
[ ]
[ ]
[ ]
[ ]
[ 29 ]
[ ]
[ ]
]

ShouldNotWorkTogetherCost: [ (1 3) 396 (1 4) 396 (1 25) 297 (2 5) 396 (3 26) 396 (6 7) 396 (7 10) 396 (7 16) 99 (9 19) 198 (9 22) 396 (10 17) 297 (10 26) 297 (13 20) 396 (18 20) 297 (21 25) 99 (28 29) 396 ]

ImmediatePredecessorsToActivity: [
[ ]
[ 1 ]
[ 1 ]
[ 1 ]
[ 1 ]
[ 2 ]
[ 2 ]
[ 7 ]
[ 3 ]
[ 2 ]
[ 4 ]
[ 9 ]
[ 1 ]
[ 7 13 ]
[ 6 9 10 ]
[ 2 5 12 ]
[ 2 12 14 ]
[ 6 8 10 ]
[ 1 ]
[ 3 14 ]
[ 9 ]
[ 3 4 13 ]
[ 5 ]
[ 8 12 ]
[ 7 ]
[ 6 8 12 13 19 ]
[ 8 9 ]
[ 20 22 24 ]
[ ]
[ 29 ]
[ 29 ]
[ 30 31 ]
[ 30 31 ]
[ 33 ]
[ 29 ]
[ 34 ]
[ 32 36 ]
[ 30 ]
[ 31 35 ]
[ 32 34 35 ]
[ 35 ]
[ 33 ]
[ 31 34 42 ]
[ 42 ]
[ 30 31 ]
[ 35 42 45 ]
[ 32 36 42 ]
[ 32 34 42 ]
[ 30 31 34 ]
[ 34 45 ]
[ 34 42 ]
[ 32 33 ]
[ 39 41 50 51 ]
[ 35 45 ]
[ 29 ]
[ 33 ]
[ 33 ]
[ 50 55 57 ]
[ 29 ]
[ 33 36 39 41 ]
[ 31 42 54 ]
[ 32 33 ]
[ 34 39 45 52 57 ]
[ 30 39 54 55 57 ]
[ 29 ]
[ 32 56 57 ]
[ 36 39 41 45 65 66 ]
[ 52 54 55 59 66 ]
[ 32 ]
[ 31 35 51 66 ]
[ 42 52 54 69 ]
[ 52 54 55 56 57 69 ]
[ 29 ]
[ 31 ]
[ 34 45 69 ]
[ 36 42 52 ]
[ 33 ]
[ 42 55 57 73 75 ]
[ 32 ]
[ 42 45 69 ]
[ 32 50 57 ]
[ 30 ]
[ 55 56 57 ]
[ 45 55 ]
[ ]
[ 85 ]
[ 86 ]
[ 85 ]
[ 87 ]
[ 89 ]
[ 85 ]
[ 90 ]
[ 88 90 ]
[ 91 ]
[ 91 ]
[ 89 94 ]
[ 91 ]
[ 88 89 ]
[ 86 94 ]
[ 95 96 ]
[ 99 ]
[ 89 92 94 95 ]
[ 85 ]
[ 85 ]
[ 89 95 ]
[ 87 97 101 103 ]
[ 91 ]
[ 90 ]
[ 87 88 90 96 103 107 ]
[ 89 92 ]
[ 87 97 101 107 ]
[ 96 99 103 ]
[ 87 88 91 ]
[ 90 112 113 ]
[ ]
[ 115 ]
[ 115 ]
[ 115 ]
[ 117 ]
[ 115 ]
[ 116 118 ]
[ 115 ]
[ 115 ]
[ 119 121 ]
[ 123 ]
[ 116 120 ]
[ 116 119 125 ]
[ 126 ]
[ 127 ]
[ 116 120 123 124 128 ]
[ 121 123 ]
[ 123 128 ]
[ ]
[ 133 ]
[ 133 ]
[ 135 ]
[ 133 ]
[ 133 ]
[ 133 ]
[ 134 138 ]
[ 133 ]
[ 141 ]
[ 133 ]
[ 137 ]
[ 136 140 144 ]
[ 140 ]
[ 134 143 ]
]

ActivitiesInProject: [
[ 1 2 3 4 5 6 7 8 9 10 11 12 13 14 15 16 17 18 19 20 21 22 23 24 25 26 27 28 ]
[ 29 30 31 32 33 34 35 36 37 38 39 40 41 42 43 44 45 46 47 48 49 50 51 52 53 54 55 56 57 58 59 60 61 62 63 64 65 66 67 68 69 70 71 72 73 74 75 76 77 78 79 80 81 82 83 84 ]
[ 85 86 87 88 89 90 91 92 93 94 95 96 97 98 99 100 101 102 103 104 105 106 107 108 109 110 111 112 113 114 ]
[ 115 116 117 118 119 120 121 122 123 124 125 126 127 128 129 130 131 132 ]
[ 133 134 135 136 137 138 139 140 141 142 143 144 145 146 147 ]
]

nActivityModes: [ 3 3 3 3 3 3 3 3 3 3 3 3 3 3 3 3 3 3 3 3 3 3 3 3 3 3 3 3 3 3 3 3 3 3 3 3 3 3 3 3 3 3 3 3 3 3 3 3 3 3 3 3 3 3 3 3 3 3 3 3 3 3 3 3 3 3 3 3 3 3 3 3 3 3 3 3 3 3 3 3 3 3 3 3 3 3 3 3 3 3 3 3 3 3 3 3 3 3 3 3 3 3 3 3 3 3 3 3 3 3 3 3 3 3 3 3 3 3 3 3 3 3 3 3 3 3 3 3 3 3 3 3 3 3 3 3 3 3 3 3 3 3 3 3 3 3 3 ]

ActivityDurationWithMode: [
1	1	1	
15	10	20	
32	22	43	
57	38	76	
31	21	42	
16	11	22	
11	8	15	
24	16	32	
10	7	14	
56	38	75	
20	14	27	
18	12	24	
37	25	50	
8	6	11	
9	6	12	
14	10	19	
13	9	18	
8	6	11	
53	36	71	
9	6	12	
10	7	14	
11	8	15	
49	33	66	
11	8	15	
52	35	70	
10	7	14	
27	18	36	
8	6	11	
1	1	1	
32	22	43	
26	18	35	
20	14	27	
35	24	47	
31	21	42	
103	69	138	
25	17	34	
16	11	22	
97	65	130	
18	12	24	
26	18	35	
21	14	28	
43	29	58	
21	14	28	
24	16	32	
33	22	44	
20	14	27	
16	11	22	
23	16	31	
32	22	43	
18	12	24	
13	9	18	
24	16	32	
15	10	20	
18	12	24	
84	56	112	
28	19	38	
27	18	36	
21	14	28	
118	79	158	
14	10	19	
16	11	22	
69	46	92	
18	12	24	
17	12	23	
125	84	167	
27	18	36	
14	10	19	
16	11	22	
36	24	48	
16	11	22	
14	10	19	
18	12	24	
100	67	134	
27	18	36	
22	15	30	
16	11	22	
61	41	82	
18	12	24	
80	54	107	
25	17	34	
18	12	24	
102	68	136	
32	22	43	
55	37	74	
1	1	1	
11	8	15	
15	10	20	
62	42	83	
14	10	19	
15	10	20	
12	8	16	
18	12	24	
11	8	15	
9	6	12	
44	30	59	
19	13	26	
41	28	55	
19	13	26	
33	22	44	
17	12	23	
22	15	30	
9	6	12	
18	12	24	
80	54	107	
23	16	31	
9	6	12	
47	32	63	
13	9	18	
18	12	24	
12	8	16	
8	6	11	
17	12	23	
13	9	18	
9	6	12	
1	1	1	
7	5	10	
11	8	15	
10	7	14	
9	6	12	
5	4	7	
12	8	16	
40	27	54	
6	4	8	
6	4	8	
6	4	8	
8	6	11	
10	7	14	
14	10	19	
6	4	8	
11	8	15	
5	4	7	
8	6	11	
1	1	1	
5	4	7	
4	3	6	
27	18	36	
8	6	11	
4	3	6	
37	25	50	
5	4	7	
9	6	12	
26	18	35	
5	4	7	
5	4	7	
4	3	6	
5	4	7	
13	9	18	
]

StintsInProject: [
[ 1 2 3 4 5 6 7 8 9 10 11 12 13 ]
[ 14 15 16 17 18 19 20 21 22 23 24 25 26 ]
[ 27 28 29 30 31 32 33 34 35 36 37 38 39 ]
[ 40 41 42 43 44 45 46 47 48 49 50 51 52 ]
[ 53 54 55 56 57 58 59 60 61 62 63 64 65 ]
]

WorkingStintsOnDay: [
[ 1 14 27 40 53 ]
[ 1 14 27 40 53 ]
[ 1 14 27 40 53 ]
[ 1 14 27 40 53 ]
[ 1 14 27 40 53 ]
[ 1 14 27 40 53 ]
[ 1 14 27 40 53 ]
[ 1 14 27 40 53 ]
[ 1 14 27 40 53 ]
[ 1 14 27 40 53 ]
[ 1 14 27 40 53 ]
[ 1 14 27 40 53 ]
[ 1 27 53 ]
[ 1 27 53 ]
[ 2 15 28 41 54 ]
[ 2 15 28 41 54 ]
[ 2 15 28 41 54 ]
[ 2 15 28 41 54 ]
[ 2 15 28 41 54 ]
[ 2 15 28 41 54 ]
[ 2 15 28 41 54 ]
[ 2 15 28 41 54 ]
[ 2 15 28 41 54 ]
[ 2 15 28 41 54 ]
[ 2 15 28 41 54 ]
[ 2 15 28 41 54 ]
[ 2 28 54 ]
[ 2 28 54 ]
[ 3 16 29 42 55 ]
[ 3 16 29 42 55 ]
[ 3 16 29 42 55 ]
[ 3 16 29 42 55 ]
[ 3 16 29 42 55 ]
[ 3 16 29 42 55 ]
[ 3 16 29 42 55 ]
[ 3 16 29 42 55 ]
[ 3 16 29 42 55 ]
[ 3 16 29 42 55 ]
[ 3 16 29 42 55 ]
[ 3 16 29 42 55 ]
[ 3 29 55 ]
[ 3 29 55 ]
[ 4 17 30 43 56 ]
[ 4 17 30 43 56 ]
[ 4 17 30 43 56 ]
[ 4 17 30 43 56 ]
[ 4 17 30 43 56 ]
[ 4 17 30 43 56 ]
[ 4 17 30 43 56 ]
[ 4 17 30 43 56 ]
[ 4 17 30 43 56 ]
[ 4 17 30 43 56 ]
[ 4 17 30 43 56 ]
[ 4 17 30 43 56 ]
[ 4 30 56 ]
[ 4 30 56 ]
[ 5 18 31 44 57 ]
[ 5 18 31 44 57 ]
[ 5 18 31 44 57 ]
[ 5 18 31 44 57 ]
[ 5 18 31 44 57 ]
[ 5 18 31 44 57 ]
[ 5 18 31 44 57 ]
[ 5 18 31 44 57 ]
[ 5 18 31 44 57 ]
[ 5 18 31 44 57 ]
[ 5 18 31 44 57 ]
[ 5 18 31 44 57 ]
[ 5 31 57 ]
[ 5 31 57 ]
[ 6 19 32 45 58 ]
[ 6 19 32 45 58 ]
[ 6 19 32 45 58 ]
[ 6 19 32 45 58 ]
[ 6 19 32 45 58 ]
[ 6 19 32 45 58 ]
[ 6 19 32 45 58 ]
[ 6 19 32 45 58 ]
[ 6 19 32 45 58 ]
[ 6 19 32 45 58 ]
[ 6 19 32 45 58 ]
[ 6 19 32 45 58 ]
[ 6 32 58 ]
[ 6 32 58 ]
[ 7 20 33 46 59 ]
[ 7 20 33 46 59 ]
[ 7 20 33 46 59 ]
[ 7 20 33 46 59 ]
[ 7 20 33 46 59 ]
[ 7 20 33 46 59 ]
[ 7 20 33 46 59 ]
[ 7 20 33 46 59 ]
[ 7 20 33 46 59 ]
[ 7 20 33 46 59 ]
[ 7 20 33 46 59 ]
[ 7 20 33 46 59 ]
[ 7 33 59 ]
[ 7 33 59 ]
[ 8 21 34 47 60 ]
[ 8 21 34 47 60 ]
[ 8 21 34 47 60 ]
[ 8 21 34 47 60 ]
[ 8 21 34 47 60 ]
[ 8 21 34 47 60 ]
[ 8 21 34 47 60 ]
[ 8 21 34 47 60 ]
[ 8 21 34 47 60 ]
[ 8 21 34 47 60 ]
[ 8 21 34 47 60 ]
[ 8 21 34 47 60 ]
[ 8 34 60 ]
[ 8 34 60 ]
[ 9 22 35 48 61 ]
[ 9 22 35 48 61 ]
[ 9 22 35 48 61 ]
[ 9 22 35 48 61 ]
[ 9 22 35 48 61 ]
[ 9 22 35 48 61 ]
[ 9 22 35 48 61 ]
[ 9 22 35 48 61 ]
[ 9 22 35 48 61 ]
[ 9 22 35 48 61 ]
[ 9 22 35 48 61 ]
[ 9 22 35 48 61 ]
[ 9 35 61 ]
[ 9 35 61 ]
[ 10 23 36 49 62 ]
[ 10 23 36 49 62 ]
[ 10 23 36 49 62 ]
[ 10 23 36 49 62 ]
[ 10 23 36 49 62 ]
[ 10 23 36 49 62 ]
[ 10 23 36 49 62 ]
[ 10 23 36 49 62 ]
[ 10 23 36 49 62 ]
[ 10 23 36 49 62 ]
[ 10 23 36 49 62 ]
[ 10 23 36 49 62 ]
[ 10 36 62 ]
[ 10 36 62 ]
[ 11 24 37 50 63 ]
[ 11 24 37 50 63 ]
[ 11 24 37 50 63 ]
[ 11 24 37 50 63 ]
[ 11 24 37 50 63 ]
[ 11 24 37 50 63 ]
[ 11 24 37 50 63 ]
[ 11 24 37 50 63 ]
[ 11 24 37 50 63 ]
[ 11 24 37 50 63 ]
[ 11 24 37 50 63 ]
[ 11 24 37 50 63 ]
[ 11 37 63 ]
[ 11 37 63 ]
[ 12 25 38 51 64 ]
[ 12 25 38 51 64 ]
[ 12 25 38 51 64 ]
[ 12 25 38 51 64 ]
[ 12 25 38 51 64 ]
[ 12 25 38 51 64 ]
[ 12 25 38 51 64 ]
[ 12 25 38 51 64 ]
[ 12 25 38 51 64 ]
[ 12 25 38 51 64 ]
[ 12 25 38 51 64 ]
[ 12 25 38 51 64 ]
[ 12 38 64 ]
[ 12 38 64 ]
[ 13 26 39 52 65 ]
[ 13 26 39 52 65 ]
[ 13 26 39 52 65 ]
[ 13 26 39 52 65 ]
[ 13 26 39 52 65 ]
[ 13 26 39 52 65 ]
[ 13 26 39 52 65 ]
[ 13 26 39 52 65 ]
[ 13 26 39 52 65 ]
[ 13 26 39 52 65 ]
[ 13 26 39 52 65 ]
[ 13 26 39 52 65 ]
]

ProjectStart: [ 53 4 46 45 57 ]

ProjectEnd: [ 134 168 132 95 97 ]

EarliestStartDayForActivity: [ 1 53 53 53 53 68 68 79 85 68 110 95 53 90 124 113 113 124 53 98 95 110 84 113 79 113 103 124 1 4 4 40 40 81 4 118 147 40 123 123 123 81 132 132 40 132 147 132 118 118 132 81 148 123 4 81 81 138 4 148 145 81 145 145 4 115 149 146 64 147 145 145 4 34 118 147 81 144 64 132 138 40 115 102 1 46 57 46 72 86 46 101 108 58 58 86 58 108 67 105 100 119 46 46 102 122 58 101 108 119 122 105 108 122 1 45 45 45 58 45 55 45 45 69 51 52 67 62 79 78 69 78 1 57 57 61 57 57 57 62 57 66 57 65 88 67 62 ]

LatestStartDayForActivity: [ 1 134 134 134 134 134 134 134 134 134 134 134 134 134 134 134 134 134 134 134 134 134 134 134 134 134 134 134 1 168 168 168 168 168 168 168 168 168 168 168 168 168 168 168 168 168 168 168 168 168 168 168 168 168 168 168 168 168 168 168 168 168 168 168 168 168 168 168 168 168 168 168 168 168 168 168 168 168 168 168 168 168 168 168 1 132 132 132 132 132 132 132 132 132 132 132 132 132 132 132 132 132 132 132 132 132 132 132 132 132 132 132 132 132 1 95 95 95 95 95 95 95 95 95 95 95 95 95 95 95 95 95 1 97 97 97 97 97 97 97 97 97 97 97 97 97 97 ]

EquipmentTypeDemandInActivityWithMode: [
0	0	0	
2	4	2	
1	3	1	
1	3	1	
1	3	1	
0	1	0	
0	1	0	
1	3	1	
0	1	0	
1	3	1	
3	6	2	
0	1	0	
0	1	0	
1	3	1	
1	3	1	
0	1	0	
0	1	0	
1	3	1	
0	1	0	
1	3	1	
1	3	1	
0	1	0	
1	3	1	
0	1	0	
2	4	2	
1	3	1	
0	1	0	
0	1	0	
0	0	0	
2	4	2	
0	1	0	
0	1	0	
1	3	1	
1	3	1	
1	3	1	
0	1	0	
2	4	2	
0	1	0	
0	1	0	
0	1	0	
0	1	0	
1	3	1	
1	3	1	
1	3	1	
1	3	1	
1	3	1	
1	3	1	
0	1	0	
1	3	1	
0	1	0	
2	4	2	
1	3	1	
3	6	2	
1	3	1	
1	3	1	
0	1	0	
1	3	1	
2	4	2	
3	6	2	
1	3	1	
1	3	1	
0	1	0	
3	6	2	
0	1	0	
0	1	0	
4	7	3	
1	3	1	
1	3	1	
1	3	1	
0	1	0	
1	3	1	
0	1	0	
1	3	1	
1	3	1	
1	3	1	
1	3	1	
1	3	1	
1	3	1	
0	1	0	
0	1	0	
1	3	1	
1	3	1	
1	3	1	
1	3	1	
0	0	0	
1	3	1	
0	1	0	
1	3	1	
0	1	0	
1	3	1	
0	1	0	
1	3	1	
1	3	1	
0	1	0	
1	3	1	
0	1	0	
3	6	2	
1	3	1	
0	1	0	
0	1	0	
0	1	0	
0	1	0	
0	1	0	
0	1	0	
1	3	1	
1	3	1	
2	4	2	
0	1	0	
1	3	1	
0	1	0	
1	3	1	
1	3	1	
0	1	0	
0	1	0	
0	0	0	
1	3	1	
1	3	1	
0	1	0	
0	1	0	
0	1	0	
0	1	0	
1	3	1	
1	3	1	
0	1	0	
2	4	2	
1	3	1	
2	4	2	
0	1	0	
1	3	1	
1	3	1	
1	3	1	
1	3	1	
0	0	0	
1	3	1	
2	4	2	
0	1	0	
2	4	2	
1	3	1	
0	1	0	
0	1	0	
2	4	2	
0	1	0	
0	1	0	
0	1	0	
0	1	0	
1	3	1	
3	6	2	

0	0	0	
2	4	2	
0	1	0	
0	1	0	
1	3	1	
0	1	0	
0	1	0	
1	3	1	
2	4	2	
1	3	1	
0	1	0	
0	1	0	
3	6	2	
1	3	1	
0	1	0	
0	1	0	
1	3	1	
0	1	0	
1	3	1	
1	3	1	
0	1	0	
1	3	1	
1	3	1	
1	3	1	
1	3	1	
0	1	0	
0	1	0	
0	1	0	
0	0	0	
0	1	0	
1	3	1	
0	1	0	
2	4	2	
1	3	1	
1	3	1	
1	3	1	
0	1	0	
1	3	1	
0	1	0	
0	1	0	
0	1	0	
0	1	0	
0	1	0	
0	1	0	
2	4	2	
3	6	2	
1	3	1	
0	1	0	
1	3	1	
0	1	0	
0	1	0	
0	1	0	
0	1	0	
1	3	1	
0	1	0	
1	3	1	
3	6	2	
3	6	2	
1	3	1	
0	1	0	
1	3	1	
0	1	0	
2	4	2	
0	1	0	
0	1	0	
0	1	0	
1	3	1	
0	1	0	
0	1	0	
0	1	0	
1	3	1	
0	1	0	
0	1	0	
2	4	2	
0	1	0	
1	3	1	
1	3	1	
2	4	2	
2	4	2	
1	3	1	
0	1	0	
0	1	0	
1	3	1	
0	1	0	
0	0	0	
0	1	0	
1	3	1	
0	1	0	
1	3	1	
2	4	2	
0	1	0	
0	1	0	
0	1	0	
0	1	0	
0	1	0	
0	1	0	
0	1	0	
2	4	2	
0	1	0	
0	1	0	
0	1	0	
1	3	1	
1	3	1	
2	4	2	
0	1	0	
1	3	1	
1	3	1	
0	1	0	
0	1	0	
0	1	0	
2	4	2	
0	1	0	
1	3	1	
0	1	0	
0	0	0	
0	1	0	
1	3	1	
1	3	1	
1	3	1	
1	3	1	
1	3	1	
1	3	1	
1	3	1	
0	1	0	
1	3	1	
1	3	1	
1	3	1	
2	4	2	
0	1	0	
0	1	0	
1	3	1	
2	4	2	
0	0	0	
0	1	0	
1	3	1	
1	3	1	
0	1	0	
0	1	0	
0	1	0	
0	1	0	
2	4	2	
1	3	1	
0	1	0	
1	3	1	
1	3	1	
0	1	0	
0	1	0	

0	0	0	
0	1	0	
0	1	0	
0	1	0	
1	3	1	
0	1	0	
0	1	0	
1	3	1	
1	3	1	
1	3	1	
2	4	2	
2	4	2	
0	1	0	
0	1	0	
0	1	0	
0	1	0	
2	4	2	
2	4	2	
1	3	1	
1	3	1	
0	1	0	
0	1	0	
1	3	1	
1	3	1	
1	3	1	
2	4	2	
0	1	0	
1	3	1	
0	0	0	
1	3	1	
1	3	1	
0	1	0	
0	1	0	
0	1	0	
0	1	0	
0	1	0	
1	3	1	
1	3	1	
0	1	0	
1	3	1	
0	1	0	
1	3	1	
1	3	1	
1	3	1	
1	3	1	
0	1	0	
0	1	0	
1	3	1	
1	3	1	
0	1	0	
0	1	0	
1	3	1	
3	6	2	
0	1	0	
0	1	0	
0	1	0	
0	1	0	
1	3	1	
0	1	0	
0	1	0	
0	1	0	
1	3	1	
0	1	0	
0	1	0	
1	3	1	
0	1	0	
1	3	1	
2	4	2	
1	3	1	
1	3	1	
1	3	1	
1	3	1	
0	1	0	
0	1	0	
1	3	1	
0	1	0	
1	3	1	
0	1	0	
2	4	2	
2	4	2	
1	3	1	
1	3	1	
0	1	0	
1	3	1	
0	0	0	
1	3	1	
1	3	1	
1	3	1	
1	3	1	
0	1	0	
0	1	0	
1	3	1	
0	1	0	
0	1	0	
1	3	1	
0	1	0	
2	4	2	
1	3	1	
1	3	1	
2	4	2	
0	1	0	
0	1	0	
0	1	0	
1	3	1	
0	1	0	
2	4	2	
0	1	0	
1	3	1	
0	1	0	
2	4	2	
0	1	0	
0	1	0	
0	1	0	
1	3	1	
0	0	0	
0	1	0	
1	3	1	
0	1	0	
1	3	1	
1	3	1	
1	3	1	
0	1	0	
2	4	2	
1	3	1	
0	1	0	
1	3	1	
1	3	1	
1	3	1	
1	3	1	
0	1	0	
1	3	1	
0	1	0	
0	0	0	
0	1	0	
1	3	1	
0	1	0	
1	3	1	
2	4	2	
1	3	1	
2	4	2	
3	6	2	
0	1	0	
0	1	0	
2	4	2	
2	4	2	
1	3	1	
0	1	0	

0	0	0	
0	1	0	
0	1	0	
1	3	1	
1	3	1	
0	1	0	
2	4	2	
0	1	0	
1	3	1	
0	1	0	
1	3	1	
0	1	0	
0	1	0	
1	3	1	
0	1	0	
0	1	0	
0	1	0	
1	3	1	
0	1	0	
1	3	1	
1	3	1	
1	3	1	
1	3	1	
0	1	0	
2	4	2	
0	1	0	
0	1	0	
0	1	0	
0	0	0	
0	1	0	
0	1	0	
0	1	0	
0	1	0	
1	3	1	
0	1	0	
2	4	2	
0	1	0	
1	3	1	
1	3	1	
0	1	0	
1	3	1	
0	1	0	
0	1	0	
0	1	0	
0	1	0	
1	3	1	
0	1	0	
0	1	0	
1	3	1	
0	1	0	
2	4	2	
0	1	0	
1	3	1	
0	1	0	
0	1	0	
1	3	1	
0	1	0	
0	1	0	
0	1	0	
1	3	1	
0	1	0	
0	1	0	
0	1	0	
0	1	0	
1	3	1	
1	3	1	
1	3	1	
1	3	1	
1	3	1	
1	3	1	
0	1	0	
0	1	0	
1	3	1	
0	1	0	
0	1	0	
0	1	0	
0	1	0	
1	3	1	
1	3	1	
0	1	0	
0	1	0	
0	1	0	
0	1	0	
0	1	0	
0	0	0	
0	1	0	
0	1	0	
0	1	0	
1	3	1	
0	1	0	
0	1	0	
1	3	1	
0	1	0	
0	1	0	
1	3	1	
1	3	1	
2	4	2	
0	1	0	
0	1	0	
0	1	0	
0	1	0	
0	1	0	
0	1	0	
0	1	0	
0	1	0	
1	3	1	
1	3	1	
0	1	0	
1	3	1	
0	1	0	
0	1	0	
0	1	0	
1	3	1	
0	1	0	
0	0	0	
0	1	0	
0	1	0	
0	1	0	
0	1	0	
0	1	0	
2	4	2	
0	1	0	
0	1	0	
0	1	0	
0	1	0	
1	3	1	
2	4	2	
0	1	0	
0	1	0	
0	1	0	
0	1	0	
0	1	0	
0	0	0	
0	1	0	
0	1	0	
0	1	0	
1	3	1	
0	1	0	
1	3	1	
1	3	1	
0	1	0	
0	1	0	
0	1	0	
1	3	1	
1	3	1	
0	1	0	
1	3	1	

0	0	0	
1	3	1	
0	1	0	
1	3	1	
1	3	1	
0	1	0	
0	1	0	
0	1	0	
0	1	0	
1	3	1	
1	3	1	
2	4	2	
0	1	0	
1	3	1	
1	3	1	
0	1	0	
2	4	2	
0	1	0	
1	3	1	
1	3	1	
1	3	1	
0	1	0	
0	1	0	
1	3	1	
0	1	0	
0	1	0	
0	1	0	
0	1	0	
0	0	0	
0	1	0	
1	3	1	
1	3	1	
3	6	2	
3	6	2	
0	1	0	
2	4	2	
0	1	0	
0	1	0	
0	1	0	
1	3	1	
0	1	0	
0	1	0	
2	4	2	
2	4	2	
1	3	1	
1	3	1	
1	3	1	
1	3	1	
0	1	0	
0	1	0	
1	3	1	
0	1	0	
1	3	1	
2	4	2	
1	3	1	
0	1	0	
1	3	1	
1	3	1	
1	3	1	
1	3	1	
1	3	1	
0	1	0	
1	3	1	
0	1	0	
0	1	0	
2	4	2	
1	3	1	
1	3	1	
2	4	2	
0	1	0	
2	4	2	
1	3	1	
0	1	0	
0	1	0	
0	1	0	
1	3	1	
1	3	1	
0	1	0	
1	3	1	
0	1	0	
2	4	2	
3	6	2	
0	1	0	
1	3	1	
0	0	0	
0	1	0	
1	3	1	
1	3	1	
0	1	0	
1	3	1	
0	1	0	
1	3	1	
2	4	2	
0	1	0	
2	4	2	
1	3	1	
0	1	0	
1	3	1	
1	3	1	
0	1	0	
1	3	1	
2	4	2	
0	1	0	
2	4	2	
1	3	1	
0	1	0	
0	1	0	
0	1	0	
0	1	0	
0	1	0	
2	4	2	
0	1	0	
0	1	0	
0	1	0	
0	0	0	
0	1	0	
2	4	2	
0	1	0	
0	1	0	
1	3	1	
2	4	2	
0	1	0	
0	1	0	
3	6	2	
0	1	0	
0	1	0	
0	1	0	
0	1	0	
1	3	1	
1	3	1	
1	3	1	
2	4	2	
0	0	0	
0	1	0	
1	3	1	
0	1	0	
0	1	0	
0	1	0	
0	1	0	
2	4	2	
2	4	2	
0	1	0	
0	1	0	
1	3	1	
2	4	2	
0	1	0	
0	1	0	

0	0	0	
1	3	1	
1	3	1	
0	1	0	
0	1	0	
1	3	1	
1	3	1	
0	1	0	
0	1	0	
0	1	0	
0	1	0	
3	6	2	
1	3	1	
1	3	1	
2	4	2	
2	4	2	
1	3	1	
0	1	0	
0	1	0	
0	1	0	
1	3	1	
0	1	0	
0	1	0	
2	4	2	
2	4	2	
0	1	0	
1	3	1	
1	3	1	
0	0	0	
0	1	0	
1	3	1	
1	3	1	
0	1	0	
0	1	0	
0	1	0	
2	4	2	
0	1	0	
0	1	0	
0	1	0	
1	3	1	
0	1	0	
1	3	1	
3	6	2	
1	3	1	
0	1	0	
2	4	2	
1	3	1	
0	1	0	
0	1	0	
0	1	0	
1	3	1	
1	3	1	
0	1	0	
2	4	2	
0	1	0	
0	1	0	
1	3	1	
1	3	1	
0	1	0	
0	1	0	
0	1	0	
1	3	1	
1	3	1	
1	3	1	
0	1	0	
0	1	0	
0	1	0	
0	1	0	
1	3	1	
2	4	2	
2	4	2	
0	1	0	
0	1	0	
2	4	2	
0	1	0	
1	3	1	
1	3	1	
0	1	0	
2	4	2	
0	1	0	
0	1	0	
0	1	0	
0	1	0	
3	6	2	
0	0	0	
3	6	2	
0	1	0	
1	3	1	
0	1	0	
0	1	0	
0	1	0	
0	1	0	
0	1	0	
0	1	0	
0	1	0	
1	3	1	
1	3	1	
1	3	1	
1	3	1	
0	1	0	
2	4	2	
1	3	1	
0	1	0	
2	4	2	
0	1	0	
0	1	0	
1	3	1	
0	1	0	
0	1	0	
1	3	1	
1	3	1	
2	4	2	
1	3	1	
1	3	1	
0	0	0	
1	3	1	
1	3	1	
0	1	0	
0	1	0	
0	1	0	
2	4	2	
2	4	2	
0	1	0	
0	1	0	
0	1	0	
1	3	1	
1	3	1	
1	3	1	
2	4	2	
3	6	2	
1	3	1	
0	1	0	
0	0	0	
0	1	0	
2	4	2	
0	1	0	
0	1	0	
2	4	2	
1	3	1	
0	1	0	
1	3	1	
1	3	1	
2	4	2	
0	1	0	
0	1	0	
1	3	1	
0	1	0	

0	0	0	
0	1	0	
2	4	2	
1	3	1	
1	3	1	
0	1	0	
1	3	1	
0	1	0	
1	3	1	
3	6	2	
1	3	1	
0	1	0	
1	3	1	
1	3	1	
0	1	0	
0	1	0	
0	1	0	
1	3	1	
0	1	0	
1	3	1	
1	3	1	
0	1	0	
1	3	1	
0	1	0	
0	1	0	
0	1	0	
1	3	1	
0	1	0	
0	0	0	
0	1	0	
1	3	1	
3	6	2	
0	1	0	
1	3	1	
0	1	0	
0	1	0	
0	1	0	
0	1	0	
0	1	0	
0	1	0	
1	3	1	
2	4	2	
0	1	0	
1	3	1	
0	1	0	
1	3	1	
2	4	2	
0	1	0	
1	3	1	
0	1	0	
0	1	0	
1	3	1	
2	4	2	
0	1	0	
2	4	2	
1	3	1	
0	1	0	
2	4	2	
0	1	0	
1	3	1	
3	6	2	
1	3	1	
1	3	1	
0	1	0	
0	1	0	
1	3	1	
0	1	0	
1	3	1	
0	1	0	
0	1	0	
1	3	1	
0	1	0	
1	3	1	
0	1	0	
1	3	1	
0	1	0	
1	3	1	
0	1	0	
1	3	1	
1	3	1	
1	3	1	
2	4	2	
1	3	1	
1	3	1	
0	0	0	
0	1	0	
2	4	2	
0	1	0	
0	1	0	
0	1	0	
0	1	0	
2	4	2	
0	1	0	
2	4	2	
1	3	1	
0	1	0	
1	3	1	
1	3	1	
1	3	1	
0	1	0	
0	1	0	
0	1	0	
1	3	1	
1	3	1	
1	3	1	
1	3	1	
0	1	0	
2	4	2	
0	1	0	
1	3	1	
0	1	0	
2	4	2	
1	3	1	
1	3	1	
0	0	0	
1	3	1	
1	3	1	
0	1	0	
0	1	0	
0	1	0	
0	1	0	
1	3	1	
1	3	1	
1	3	1	
0	1	0	
0	1	0	
0	1	0	
2	4	2	
1	3	1	
1	3	1	
0	1	0	
1	3	1	
0	0	0	
1	3	1	
1	3	1	
1	3	1	
1	3	1	
0	1	0	
1	3	1	
1	3	1	
0	1	0	
0	1	0	
1	3	1	
1	3	1	
1	3	1	
0	1	0	
1	3	1	

]

ExternalEquipmentRentingCost: [
5691	4339	4760	2358	1561	1772	3660	1948	3316	2918	4179	4239	4981	3624	2405	2061	3813	5756	4960	3399	5948	3636	1447	4455	2186	3061	1349	3311	2047	5893	5917	3681	2896	4149	5399	2075	2597	2047	2648	3306	5827	2078	4491	2981	2525	2871	1910	3082	5370	4962	2656	4788	4145	3898	2860	4082	5681	3133	5453	1501	1933	4538	3660	3243	1128	2506	5952	3520	3406	5320	5073	4114	4940	1429	1572	1522	5867	1685	2434	1054	5009	3743	1129	4196	1215	2744	2805	1637	4422	5942	2853	5747	4664	2241	5637	2310	3450	2689	5508	3699	2832	4420	3586	3390	5369	4488	3148	1468	2621	5542	2535	4736	5000	5283	3778	5741	3859	5487	3886	3213	4354	3070	2155	2407	1268	1358	1908	3312	3946	2224	1562	1101	2840	5049	5014	2783	1713	2703	3389	1489	3566	1267	5682	2628	1116	5228	5384	
3531	1894	5163	4044	4228	5190	3923	3575	5591	2739	1012	2251	1083	5452	5912	2489	4895	2211	5017	3060	1455	1583	5247	4616	3164	4923	1096	4284	4774	3242	5382	2636	4652	3110	3417	4417	5824	5218	3959	3133	2088	5013	1747	3971	4289	1816	4066	3962	4662	2292	3718	5133	1983	3477	5862	2128	5945	1750	2831	1085	2010	2476	1814	4453	5701	1243	5713	3218	1033	5131	3354	5101	3465	3667	5469	5963	4723	4797	1756	5867	4966	2858	5608	1474	2736	5918	3003	5220	2525	3760	4530	2022	5707	5520	4102	5530	4052	3610	5753	3116	1700	4190	4121	2262	2986	1560	5298	3072	2486	3773	3852	5063	5776	4034	5773	5203	2486	3300	1935	2030	4641	2994	2717	3096	4671	1238	4756	4287	5714	5826	3076	3721	3171	5031	4303	3141	2312	4786	5413	5042	1932	4256	2288	2788	2148	2398	2632	
3163	3236	5725	2294	2274	5456	5251	5694	1542	5292	4276	1810	4530	4151	1890	3469	1084	1282	2788	2449	4054	4427	2896	1282	2733	4315	1694	3906	4223	4583	5071	4847	2093	1839	2811	2244	1778	4072	5787	1366	2195	5712	4196	1580	1752	5959	4186	3917	1848	4227	5659	4432	5026	5748	5995	4251	2205	4755	1009	4957	3253	4825	4793	1555	2766	5238	5046	5064	3025	5299	5482	2496	2996	1749	2694	4378	4137	5306	3331	5690	3070	1050	3679	4337	1904	2620	2607	5932	4424	5973	5293	1564	1685	2751	2196	2643	4544	3286	2398	4563	4516	1912	3674	1641	4864	1551	5475	2526	1229	5005	2097	3719	4630	3819	1189	5173	4735	1727	3963	3916	4216	2112	2281	5849	5494	1868	3800	1721	5386	3578	3827	5583	1916	3937	4108	2348	1420	5433	5566	5846	5651	2850	3893	2943	2327	3264	1798	
5049	1308	1336	5957	1532	5404	3548	5515	4574	2334	4620	2120	2695	3423	3220	1048	3148	3079	3975	2099	5939	4248	4703	3582	5576	4531	4672	4884	2960	4177	1114	2411	3449	1746	5426	1404	5980	1001	5062	5246	5227	2546	3765	4058	1307	2055	4079	4954	5992	3281	4388	3145	5129	2233	1575	5110	2358	2727	3129	2832	2354	2021	4601	4388	2771	5393	5888	3045	4694	5474	5650	5196	4706	4943	3094	2233	3112	1613	4563	4626	1138	2429	1904	2525	2967	3196	4352	2909	2253	5227	1756	4458	3386	2321	3512	4088	3162	4525	2765	1092	2438	1014	3423	1916	2319	2851	5559	3092	1220	3652	2293	2066	2038	3920	2061	2410	1026	5352	4825	5824	4731	1057	1930	3119	4261	2869	1944	4161	1252	1651	4629	4632	1534	2378	2166	1992	4664	4025	5729	4529	4159	3525	1575	3272	3495	3518	1920	
4139	4040	1779	3837	3874	2480	4330	3215	5393	1251	5864	2398	1674	2928	4361	4693	4992	5260	3916	4984	2946	2324	1970	2207	1641	3870	5689	4456	3052	4228	5065	2061	5893	1603	3427	2715	3618	1567	4547	4966	4043	3169	4416	2901	2145	4375	1892	3714	2384	5964	2199	1050	3677	2688	3766	3306	3753	3526	4994	1032	4741	4175	2574	4137	3463	4170	1325	5451	1557	1117	1274	3496	1745	2731	2376	3191	3798	1915	2588	5964	4946	5806	2636	1684	1213	5103	5908	5810	5207	3131	3538	2431	3279	4832	4257	4899	4742	3455	1845	3473	3860	2386	4459	3086	3340	3167	1368	5936	2169	4628	4153	2679	2038	3865	4978	5870	5381	3914	4834	3894	1885	5497	1148	5370	1331	1657	3667	5711	1798	4252	1244	4573	4115	2363	3893	3635	3147	1567	5202	1447	4940	5167	4222	4590	4665	3833	5223	
5055	4926	4975	3483	1055	1583	3829	1237	3200	2882	1713	2085	3534	1948	4640	1725	2274	4727	5772	3292	1193	2883	2433	1789	5109	3243	4205	4581	1223	5572	3307	5735	3803	2123	3686	2187	5279	5045	3070	2905	5616	4020	4863	3857	3097	5307	4901	4241	1831	3848	4932	2104	3550	3333	3307	5589	3298	2870	4350	3472	2139	4302	4157	5964	5117	4307	4438	4482	2939	2510	2002	2475	5981	5987	5463	5461	3508	1969	1828	4770	3717	5932	5854	5014	5924	5675	2758	3246	4530	5480	1449	1034	2066	5048	3135	1934	4465	5327	5549	3325	4073	3156	2375	3743	2252	3224	3585	4634	1868	5009	4126	1524	3328	1827	1932	2557	1912	2267	3499	3029	4133	4680	1598	1080	5422	5195	4313	3353	4222	1914	3460	5033	2530	5357	2880	4174	1709	3746	4168	1556	2257	5631	4600	4446	1519	3631	1548	
4081	2918	2232	2825	1045	3838	2960	5621	1051	3459	4998	2225	1948	3864	3621	4081	5837	3477	3283	1786	1640	3372	2013	4292	1241	4672	2365	1440	1675	3548	4954	4628	3040	2593	5377	4638	4953	4904	4683	3688	4902	4789	5603	3969	5293	4313	2378	4636	3959	5301	2503	2447	1026	5753	5850	1277	4853	5579	3455	1625	2348	4848	1219	4257	2072	1993	3428	4301	3138	5761	2340	2450	5778	3015	3603	1182	1999	3386	5777	1040	1269	3675	5866	3496	4661	5155	3508	4316	2992	5699	1857	5570	3976	4463	5753	3072	4635	2926	5962	2853	5701	5294	4606	4511	3699	2931	5282	5200	2379	1255	2992	1543	2991	5542	4882	1717	4137	4404	4395	3645	2933	2335	1918	2305	3214	3495	2692	3084	2595	1146	4516	3531	5072	4244	5258	4836	2550	3071	2769	1851	3027	3223	2040	4104	1796	5907	5929	
]

EquipmentTypeTransportationCost: [
1	4505	3002	3430	3419	
4505	1	4605	4257	4372	
3002	4605	1	3649	3601	
3430	4257	3649	1	1000	
3419	4372	3601	1000	1	

1	3244	2279	2576	2551	
3244	1	3284	3093	3108	
2279	3284	1	2692	2640	
2576	3093	2692	1	1000	
2551	3108	2640	1000	1	

1	3688	2559	2817	2856	
3688	1	3729	3550	3541	
2559	3729	1	2955	2965	
2817	3550	2955	1	1000	
2856	3541	2965	1000	1	

1	3678	2522	2796	2811	
3678	1	3770	3552	3536	
2522	3770	1	2982	2979	
2796	3552	2982	1	1000	
2811	3536	2979	1000	1	

1	3982	2711	3035	2996	
3982	1	4003	3725	3802	
2711	4003	1	3211	3201	
3035	3725	3211	1	1000	
2996	3802	3201	1000	1	

1	5035	3330	3787	3768	
5035	1	5100	4817	4815	
3330	5100	1	3989	4026	
3787	4817	3989	1	1000	
3768	4815	4026	1000	1	

1	5093	3382	3860	3875	
5093	1	5220	4864	4813	
3382	5220	1	4080	4089	
3860	4864	4080	1	1000	
3875	4813	4089	1000	1	

]

TransportationTimeForEquipmentTypeBetweenProjects: [
1	3	1	1	1	
3	1	3	3	3	
1	3	1	1	1	
1	3	1	1	1	
1	3	1	1	1	

1	2	1	1	1	
2	1	2	2	2	
1	2	1	1	1	
1	2	1	1	1	
1	2	1	1	1	

1	3	1	1	1	
3	1	3	3	3	
1	3	1	1	1	
1	3	1	1	1	
1	3	1	1	1	

1	3	1	1	1	
3	1	3	3	3	
1	3	1	1	1	
1	3	1	1	1	
1	3	1	1	1	

1	3	1	1	1	
3	1	3	3	3	
1	3	1	1	1	
1	3	1	1	1	
1	3	1	1	1	

1	3	1	1	1	
3	1	3	3	3	
1	3	1	1	1	
1	3	1	1	1	
1	3	1	1	1	

1	4	1	1	1	
4	1	4	4	4	
1	4	1	1	1	
1	4	1	1	1	
1	4	1	1	1	

]

TotalNumberOfInitialEquipmentTypeLocation: [
(1 29) 5 (1 85) 1 (1 133) 2 
(2 1) 1 (2 29) 3 (2 85) 1 (2 115) 1 (2 133) 2 
(3 1) 4 (3 29) 2 (3 85) 1 (3 133) 1 
(4 29) 1 (4 115) 2 (4 133) 1 
(5 1) 3 (5 85) 1 (5 115) 2 (5 133) 1 
(6 1) 2 (6 29) 2 (6 85) 2 (6 115) 2 
(7 1) 2 (7 29) 2 (7 115) 1 (7 133) 2 
]

DepotActivities: [ 1 29 85 115 133 ]

MaximalStintCliques: [
[ 2 41 15 54 28 1 27 53 14 40 ]
[ 2 41 15 54 28 3 42 29 55 16 ]
[ 4 43 17 56 30 3 42 29 55 16 ]
[ 4 43 17 56 30 5 57 18 44 31 ]
[ 5 44 18 57 31 6 58 19 45 32 ]
[ 6 45 19 58 32 33 59 20 46 7 ]
[ 7 33 46 20 59 34 60 21 47 8 ]
[ 8 34 47 21 60 35 9 61 22 48 ]
[ 9 35 48 22 61 36 49 10 62 23 ]
[ 10 36 49 23 62 37 50 11 63 24 ]
[ 11 37 50 24 63 38 25 51 12 64 ]
[ 12 38 51 25 64 65 26 52 13 39 ]
]
