nEmployees: 30
nSkills: 2
nProjects: 5
nDays: 90
nActivities: 91
nEquipmentTypes: 4
nStints: 53
nMaxModes: 3
nStintCliques: 13

EmployeeInStintCost: [
3780 3780 3780 3780 3780 3780 3780 3780 3780 3780 3780 3780 3150 12203 12203 12203 12203 12203 12203 12203 12203 12203 12203 12203 12203 11573 15117 15117 15117 15117 15117 15117 15117 15117 15117 15117 15117 15117 14487 32476 32476 32476 32476 32476 27436 10560 34008 34008 34008 34008 34008 33378 16758 
9091 9091 9091 9091 9091 9091 9091 9091 9091 9091 9091 9091 8443 13439 13439 13439 13439 13439 13439 13439 13439 13439 13439 13439 13439 12791 16169 16169 16169 16169 16169 16169 16169 16169 16169 16169 16169 16169 15521 17496 17496 17496 17496 17496 12312 3240 34984 34984 34984 34984 34984 34336 17464 
9620 9620 9620 9620 9620 9620 9620 9620 9620 9620 9620 9620 8930 12555 12555 12555 12555 12555 12555 12555 12555 12555 12555 12555 12555 11865 15205 15205 15205 15205 15205 15205 15205 15205 15205 15205 15205 15205 14515 33952 33952 33952 33952 33952 28432 10716 34608 34608 34608 34608 34608 33918 16458 
9476 9476 9476 9476 9476 9476 9476 9476 9476 9476 9476 9476 8810 12411 12411 12411 12411 12411 12411 12411 12411 12411 12411 12411 12411 11745 15061 15061 15061 15061 15061 15061 15061 15061 15061 15061 15061 15061 14395 33304 33304 33304 33304 33304 27976 10596 34128 34128 34128 34128 34128 33462 16338 
9571 9571 9571 9571 9571 9571 9571 9571 9571 9571 9571 9571 8947 10471 10471 10471 10471 10471 10471 10471 10471 10471 10471 10471 10471 9847 13145 13145 13145 13145 13145 13145 13145 13145 13145 13145 13145 13145 12521 33834 33834 33834 33834 33834 28842 12050 31912 31912 31912 31912 31912 31288 14752 
11287 11287 11287 11287 11287 11287 11287 11287 11287 11287 11287 11287 10597 11603 11603 11603 11603 11603 11603 11603 11603 11603 11603 11603 11603 10913 13261 13261 13261 13261 13261 13261 13261 13261 13261 13261 13261 13261 12571 36424 36424 36424 36424 36424 30904 13188 32160 32160 32160 32160 32160 31470 14010 
10891 10891 10891 10891 10891 10891 10891 10891 10891 10891 10891 10891 10303 3528 3528 3528 3528 3528 3528 3528 3528 3528 3528 3528 3528 2940 11505 11505 11505 11505 11505 11505 11505 11505 11505 11505 11505 11505 10917 34630 34630 34630 34630 34630 29926 13638 30536 30536 30536 30536 30536 29948 13916 
10231 10231 10231 10231 10231 10231 10231 10231 10231 10231 10231 10231 9613 11731 11731 11731 11731 11731 11731 11731 11731 11731 11731 11731 11731 11113 13749 13749 13749 13749 13749 13749 13749 13749 13749 13749 13749 13749 13131 33592 33592 33592 33592 33592 28648 11940 31696 31696 31696 31696 31696 31078 14626 
13207 13207 13207 13207 13207 13207 13207 13207 13207 13207 13207 13207 12613 11635 11635 11635 11635 11635 11635 11635 11635 11635 11635 11635 11635 11041 11253 11253 11253 11253 11253 11253 11253 11253 11253 11253 11253 11253 10659 36560 36560 36560 36560 36560 31808 15436 11880 11880 11880 11880 11880 11286 2970 
9355 9355 9355 9355 9355 9355 9355 9355 9355 9355 9355 9355 8767 10255 10255 10255 10255 10255 10255 10255 10255 10255 10255 10255 10255 9667 12929 12929 12929 12929 12929 12929 12929 12929 12929 12929 12929 12929 12341 32862 32862 32862 32862 32862 28158 11870 31192 31192 31192 31192 31192 30604 14572 
10855 10855 10855 10855 10855 10855 10855 10855 10855 10855 10855 10855 10273 3492 3492 3492 3492 3492 3492 3492 3492 3492 3492 3492 3492 2910 11469 11469 11469 11469 11469 11469 11469 11469 11469 11469 11469 11469 10887 34468 34468 34468 34468 34468 29812 13608 30416 30416 30416 30416 30416 29834 13886 
8875 8875 8875 8875 8875 8875 8875 8875 8875 8875 8875 8875 8263 13223 13223 13223 13223 13223 13223 13223 13223 13223 13223 13223 13223 12611 15953 15953 15953 15953 15953 15953 15953 15953 15953 15953 15953 15953 15341 16524 16524 16524 16524 16524 11628 3060 34264 34264 34264 34264 34264 33652 17284 
16447 16447 16447 16447 16447 16447 16447 16447 16447 16447 16447 16447 15757 14347 14347 14347 14347 14347 14347 14347 14347 14347 14347 14347 14347 13657 13373 13373 13373 13373 13373 13373 13373 13373 13373 13373 13373 13373 12683 41928 41928 41928 41928 41928 36408 18692 32208 32208 32208 32208 32208 31518 14058 
11563 11563 11563 11563 11563 11563 11563 11563 11563 11563 11563 11563 10963 16047 16047 16047 16047 16047 16047 16047 16047 16047 16047 16047 16047 15447 19041 19041 19041 19041 19041 19041 19041 19041 19041 19041 19041 19041 18441 33946 33946 33946 33946 33946 29146 12690 37512 37512 37512 37512 37512 36912 20712 
12071 12071 12071 12071 12071 12071 12071 12071 12071 12071 12071 12071 11465 10971 10971 10971 10971 10971 10971 10971 10971 10971 10971 10971 10971 10365 11541 11541 11541 11541 11541 11541 11541 11541 11541 11541 11541 11541 10935 35644 35644 35644 35644 35644 30796 14256 28960 28960 28960 28960 28960 28354 12070 
11699 11699 11699 11699 11699 11699 11699 11699 11699 11699 11699 11699 11015 9824 9824 9824 9824 9824 9824 9824 9824 9824 9824 9824 9824 9140 11769 11769 11769 11769 11769 11769 11769 11769 11769 11769 11769 11769 11085 37190 37190 37190 37190 37190 31718 14086 31496 31496 31496 31496 31496 30812 13436 
15907 15907 15907 15907 15907 15907 15907 15907 15907 15907 15907 15907 15307 13807 13807 13807 13807 13807 13807 13807 13807 13807 13807 13807 13807 13207 12833 12833 12833 12833 12833 12833 12833 12833 12833 12833 12833 12833 12233 39498 39498 39498 39498 39498 34698 18242 30408 30408 30408 30408 30408 29808 13608 
10707 10707 10707 10707 10707 10707 10707 10707 10707 10707 10707 10707 10107 15079 15079 15079 15079 15079 15079 15079 15079 15079 15079 15079 15079 14479 18105 18105 18105 18105 18105 18105 18105 18105 18105 18105 18105 18105 17505 33394 33394 33394 33394 33394 28594 12138 36688 36688 36688 36688 36688 36088 19888 
11455 11455 11455 11455 11455 11455 11455 11455 11455 11455 11455 11455 10873 15939 15939 15939 15939 15939 15939 15939 15939 15939 15939 15939 15939 15357 18933 18933 18933 18933 18933 18933 18933 18933 18933 18933 18933 18933 18351 33460 33460 33460 33460 33460 28804 12600 37152 37152 37152 37152 37152 36570 20622 
16195 16195 16195 16195 16195 16195 16195 16195 16195 16195 16195 16195 15547 14095 14095 14095 14095 14095 14095 14095 14095 14095 14095 14095 14095 13447 13121 13121 13121 13121 13121 13121 13121 13121 13121 13121 13121 13121 12473 40794 40794 40794 40794 40794 35610 18482 31368 31368 31368 31368 31368 30720 13848 
11227 11227 11227 11227 11227 11227 11227 11227 11227 11227 11227 11227 10543 11503 11503 11503 11503 11503 11503 11503 11503 11503 11503 11503 11503 10819 13185 13185 13185 13185 13185 13185 13185 13185 13185 13185 13185 13185 12501 36262 36262 36262 36262 36262 30790 13158 32032 32032 32032 32032 32032 31348 13972 
12971 12971 12971 12971 12971 12971 12971 12971 12971 12971 12971 12971 12347 10671 10671 10671 10671 10671 10671 10671 10671 10671 10671 10671 10671 10047 3744 3744 3744 3744 3744 3744 3744 3744 3744 3744 3744 3744 3120 37282 37282 37282 37282 37282 32290 15498 29824 29824 29824 29824 29824 29200 12664 
10375 10375 10375 10375 10375 10375 10375 10375 10375 10375 10375 10375 9733 11875 11875 11875 11875 11875 11875 11875 11875 11875 11875 11875 11875 11233 13893 13893 13893 13893 13893 13893 13893 13893 13893 13893 13893 13893 13251 34240 34240 34240 34240 34240 29104 12060 32176 32176 32176 32176 32176 31534 14746 
11051 11051 11051 11051 11051 11051 11051 11051 11051 11051 11051 11051 10475 9176 9176 9176 9176 9176 9176 9176 9176 9176 9176 9176 9176 8600 11121 11121 11121 11121 11121 11121 11121 11121 11121 11121 11121 11121 10545 34274 34274 34274 34274 34274 29666 13546 29336 29336 29336 29336 29336 28760 12896 
10747 10747 10747 10747 10747 10747 10747 10747 10747 10747 10747 10747 10183 3384 3384 3384 3384 3384 3384 3384 3384 3384 3384 3384 3384 2820 11361 11361 11361 11361 11361 11361 11361 11361 11361 11361 11361 11361 10797 33982 33982 33982 33982 33982 29470 13518 30056 30056 30056 30056 30056 29492 13796 
10371 10371 10371 10371 10371 10371 10371 10371 10371 10371 10371 10371 9723 14607 14607 14607 14607 14607 14607 14607 14607 14607 14607 14607 14607 13959 17657 17657 17657 17657 17657 17657 17657 17657 17657 17657 17657 17657 17009 34370 34370 34370 34370 34370 29186 12058 36984 36984 36984 36984 36984 36336 19464 
9815 9815 9815 9815 9815 9815 9815 9815 9815 9815 9815 9815 9137 12627 12627 12627 12627 12627 12627 12627 12627 12627 12627 12627 12627 11949 15717 15717 15717 15717 15717 15717 15717 15717 15717 15717 15717 15717 15039 35516 35516 35516 35516 35516 30092 12544 35784 35784 35784 35784 35784 35106 17814 
9188 9188 9188 9188 9188 9188 9188 9188 9188 9188 9188 9188 8570 12123 12123 12123 12123 12123 12123 12123 12123 12123 12123 12123 12123 11505 14773 14773 14773 14773 14773 14773 14773 14773 14773 14773 14773 14773 14155 32008 32008 32008 32008 32008 27064 10356 33168 33168 33168 33168 33168 32550 16098 
11943 11943 11943 11943 11943 11943 11943 11943 11943 11943 11943 11943 11325 16483 16483 16483 16483 16483 16483 16483 16483 16483 16483 16483 16483 15865 19445 19445 19445 19445 19445 19445 19445 19445 19445 19445 19445 19445 18827 34544 34544 34544 34544 34544 29600 12892 38088 38088 38088 38088 38088 37470 21018 
9127 9127 9127 9127 9127 9127 9127 9127 9127 9127 9127 9127 8473 13475 13475 13475 13475 13475 13475 13475 13475 13475 13475 13475 13475 12821 16205 16205 16205 16205 16205 16205 16205 16205 16205 16205 16205 16205 15551 17658 17658 17658 17658 17658 12426 3270 35104 35104 35104 35104 35104 34450 17494 
]

ExternalWorkerWithSkillOnStintCost: [
13170 15480 15780 16260 12180 12210 13380 16890 16710 17730 13530 17670 15960 14490 12540 12930 14610 12660 15930 14220 17250 16470 15840 16800 14160 13710 14550 13410 15570 17790 14550 16890 14850 13530 13470 14160 14850 15870 13950 34608 47040 47208 38892 43344 45696 20448 36648 34344 39240 36000 38664 30384 14832 
15210 14100 15840 12840 17010 15390 17220 15930 15990 13800 15960 17130 14640 14250 13890 12420 12120 15990 13800 13140 12570 15390 13590 14970 13170 15180 17790 14430 16170 12540 17580 17730 17520 17160 15270 14850 17460 15720 17880 40152 44940 46284 36456 40824 39228 14688 30960 37008 42840 39600 32832 31968 17244 
]

OverlappingStints: [
[ 14 27 40 47 ]
[ 15 28 40 47 ]
[ 16 29 40 41 47 48 ]
[ 17 30 40 41 48 ]
[ 18 31 41 42 48 49 ]
[ 19 32 41 42 49 ]
[ 20 33 42 43 49 50 ]
[ 21 34 42 43 50 ]
[ 22 35 43 44 50 51 ]
[ 23 36 43 44 51 ]
[ 24 37 44 45 51 52 ]
[ 25 38 44 45 52 ]
[ 26 39 45 46 52 53 ]
[ 27 40 47 ]
[ 28 40 47 ]
[ 29 40 41 47 48 ]
[ 30 40 41 48 ]
[ 31 41 42 48 49 ]
[ 32 41 42 49 ]
[ 33 42 43 49 50 ]
[ 34 42 43 50 ]
[ 35 43 44 50 51 ]
[ 36 43 44 51 ]
[ 37 44 45 51 52 ]
[ 38 44 45 52 ]
[ 39 45 46 52 53 ]
[ 40 47 ]
[ 40 47 ]
[ 40 41 47 48 ]
[ 40 41 48 ]
[ 41 42 48 49 ]
[ 41 42 49 ]
[ 42 43 49 50 ]
[ 42 43 50 ]
[ 43 44 50 51 ]
[ 43 44 51 ]
[ 44 45 51 52 ]
[ 44 45 52 ]
[ 45 46 52 53 ]
[ 41 47 48 ]
[ 42 47 48 49 ]
[ 43 48 49 50 ]
[ 44 49 50 51 ]
[ 45 50 51 52 ]
[ 46 51 52 53 ]
[ 52 53 ]
[ 48 ]
[ 49 ]
[ 50 ]
[ 51 ]
[ 52 ]
[ 53 ]
[ ]
]

EmployeesWithSkill: [
[ 1 2 3 4 5 6 7 8 9 10 11 12 13 14 15 16 17 18 19 20 21 22 23 24 25 26 27 28 29 30 ]
[ 1 2 3 4 5 6 7 9 10 11 12 13 14 15 16 17 18 19 20 21 23 24 26 27 28 29 30 ]
]

SkillDemandInActivityWithMode: [
0	0	0	
11	18	8	
6	10	4	
5	9	4	
8	13	6	
4	7	3	
11	18	8	
11	18	8	
11	18	8	
8	13	6	
11	18	8	
11	18	8	
5	9	4	
14	22	10	
11	18	8	
2	4	2	
11	18	8	
0	0	0	
3	6	2	
9	15	6	
7	12	5	
3	6	2	
9	15	6	
5	9	4	
9	15	6	
5	9	4	
7	12	5	
7	12	5	
7	12	5	
4	7	3	
2	4	2	
7	12	5	
5	9	4	
2	4	2	
3	6	2	
0	0	0	
7	12	5	
4	7	3	
9	15	6	
5	9	4	
2	4	2	
5	9	4	
5	9	4	
7	12	5	
4	7	3	
5	9	4	
2	4	2	
3	6	2	
5	9	4	
5	9	4	
7	12	5	
3	6	2	
7	12	5	
0	0	0	
20	31	14	
15	24	10	
10	16	7	
5	9	4	
15	24	10	
12	19	8	
12	19	8	
12	19	8	
7	12	5	
9	15	6	
0	0	0	
2	4	2	
6	10	4	
4	7	3	
8	13	6	
4	7	3	
5	9	4	
4	7	3	
2	4	2	
3	6	2	
3	6	2	
5	9	4	
8	13	6	
3	6	2	
3	6	2	
5	9	4	
6	10	4	
8	13	6	
3	6	2	
5	9	4	
8	13	6	
6	10	4	
8	13	6	
5	9	4	
1	3	1	
4	7	3	
8	13	6	

0	0	0	
7	12	5	
3	6	2	
2	4	2	
5	9	4	
2	4	2	
7	12	5	
7	12	5	
7	12	5	
5	9	4	
7	12	5	
7	12	5	
3	6	2	
9	15	6	
7	12	5	
1	3	1	
7	12	5	
0	0	0	
2	4	2	
9	15	6	
7	12	5	
2	4	2	
9	15	6	
4	7	3	
9	15	6	
4	7	3	
7	12	5	
7	12	5	
7	12	5	
3	6	2	
1	3	1	
7	12	5	
4	7	3	
1	3	1	
2	4	2	
0	0	0	
6	10	4	
3	6	2	
8	13	6	
4	7	3	
1	3	1	
4	7	3	
4	7	3	
6	10	4	
2	4	2	
4	7	3	
1	3	1	
2	4	2	
4	7	3	
4	7	3	
6	10	4	
2	4	2	
6	10	4	
0	0	0	
26	40	18	
19	30	13	
12	19	8	
6	10	4	
19	30	13	
15	24	10	
15	24	10	
15	24	10	
8	13	6	
11	18	8	
0	0	0	
0	1	0	
4	7	3	
2	4	2	
5	9	4	
2	4	2	
3	6	2	
2	4	2	
1	3	1	
2	4	2	
1	3	1	
3	6	2	
5	9	4	
2	4	2	
2	4	2	
3	6	2	
4	7	3	
5	9	4	
1	3	1	
3	6	2	
5	9	4	
4	7	3	
5	9	4	
3	6	2	
0	1	0	
2	4	2	
5	9	4	

]

EmployeeAvailability: [
1 1 0 1 0 1 0 1 1 1 1 1 1 1 1 0 1 0 1 0 1 1 1 1 1 1 1 1 0 1 0 1 0 1 1 1 1 1 1 1 0 0 0 1 1 1 1 0 0 0 1 1 1 
1 1 1 1 1 1 1 1 1 1 1 1 1 1 1 1 1 1 1 1 1 1 1 1 1 1 1 1 1 1 1 1 1 1 1 1 1 1 1 1 1 1 1 1 1 1 1 1 1 1 1 1 1 
1 1 1 1 1 1 1 1 1 1 1 1 1 1 1 1 1 1 1 1 1 1 1 1 1 1 1 1 1 1 1 1 1 1 1 1 1 1 1 1 1 1 1 1 1 1 1 1 1 1 1 1 1 
1 1 1 1 0 1 1 1 1 1 1 1 1 1 1 1 1 0 1 1 1 1 1 1 1 1 1 1 1 1 0 1 1 1 1 1 1 1 1 1 0 0 1 1 1 1 1 0 0 1 1 1 1 
1 1 1 1 1 1 1 0 1 1 1 1 1 1 1 1 1 1 1 1 0 1 1 1 1 1 1 1 1 1 1 1 1 0 1 1 1 1 1 0 1 1 0 1 1 1 1 1 1 0 1 1 1 
1 1 1 1 1 1 1 1 1 1 1 1 1 1 1 1 1 1 1 1 1 1 1 1 1 1 1 1 1 1 1 1 1 1 1 1 1 1 1 1 1 1 1 1 1 1 1 1 1 1 1 1 1 
1 1 1 0 1 1 1 1 1 1 0 1 1 1 1 1 0 1 1 1 1 1 1 0 1 1 1 1 1 0 1 1 1 1 1 1 0 1 1 1 0 1 1 1 0 1 1 0 1 1 1 0 1 
1 1 0 1 1 1 1 1 1 1 1 1 1 1 1 0 1 1 1 1 1 1 1 1 1 1 1 1 0 1 1 1 1 1 1 1 1 1 1 1 0 1 1 1 1 1 1 0 1 1 1 1 1 
1 1 1 1 1 1 1 1 1 1 1 1 1 1 1 1 1 1 1 1 1 1 1 1 1 1 1 1 1 1 1 1 1 1 1 1 1 1 1 1 1 1 1 1 1 1 1 1 1 1 1 1 1 
1 1 1 1 1 1 1 1 1 1 1 1 1 1 1 1 1 1 1 1 1 1 1 1 1 1 1 1 1 1 1 1 1 1 1 1 1 1 1 1 0 1 1 1 1 1 1 1 1 1 1 1 1 
1 1 1 1 0 1 1 1 1 1 1 1 1 1 1 1 1 0 1 1 1 1 1 1 1 1 1 1 1 1 0 1 1 1 1 1 1 1 1 1 1 0 1 1 1 1 1 1 0 1 1 1 1 
1 1 1 1 1 1 1 1 1 0 1 1 1 1 1 1 1 1 1 1 1 1 0 1 1 1 1 1 1 1 1 1 1 1 1 0 1 1 1 1 1 0 1 0 1 0 1 1 0 1 0 1 0 
1 1 1 1 1 1 1 1 1 1 0 1 0 1 1 1 1 1 1 1 1 1 1 0 1 0 1 1 1 1 1 1 1 1 1 1 0 1 0 1 1 1 1 1 0 0 1 1 1 1 1 0 0 
1 1 1 1 1 1 0 1 1 0 1 1 1 1 1 1 1 1 1 0 1 1 0 1 1 1 1 1 1 1 1 1 0 1 1 0 1 1 1 1 1 1 0 0 0 1 1 1 1 0 0 1 1 
1 1 1 1 1 1 1 1 1 1 1 1 1 1 1 1 1 1 1 1 1 1 1 1 1 1 1 1 1 1 1 1 1 1 1 1 1 1 1 1 1 1 1 1 1 1 1 1 1 1 1 1 1 
1 1 1 1 1 1 1 1 1 1 1 1 1 1 1 1 1 1 1 1 1 1 1 1 1 1 1 1 1 1 1 1 1 1 1 1 1 1 1 1 1 1 1 1 1 1 1 1 1 1 1 1 1 
1 1 1 1 0 1 1 1 0 1 1 1 1 1 1 1 1 0 1 1 1 0 1 1 1 1 1 1 1 1 0 1 1 1 0 1 1 1 1 1 1 0 1 0 1 1 1 1 0 1 0 1 1 
1 1 1 1 1 0 1 1 1 1 1 1 1 1 1 1 1 1 0 1 1 1 1 1 1 1 1 1 1 1 1 0 1 1 1 1 1 1 1 1 1 0 1 1 0 1 1 1 0 1 1 0 1 
1 1 1 1 1 1 1 1 1 1 1 1 1 1 1 1 1 1 1 1 1 1 1 1 1 1 1 1 1 1 1 1 1 1 1 1 1 1 1 1 1 1 1 1 1 1 1 1 1 1 1 1 1 
0 1 1 1 1 1 1 1 1 1 1 1 1 0 1 1 1 1 1 1 1 1 1 1 1 1 0 1 1 1 1 1 1 1 1 1 1 1 1 0 1 1 1 1 1 1 0 1 1 1 1 1 1 
0 1 1 1 1 1 1 1 1 1 1 1 0 0 1 1 1 1 1 1 1 1 1 1 1 0 0 1 1 1 1 1 1 1 1 1 1 1 0 0 1 1 1 1 1 0 0 1 1 1 1 1 0 
1 1 1 1 1 1 1 1 0 1 1 1 1 1 1 1 1 1 1 1 1 0 1 1 1 1 1 1 1 1 1 1 1 1 0 1 1 1 1 1 1 1 1 0 1 1 1 1 1 1 0 1 1 
1 1 1 1 1 0 1 1 1 0 1 1 1 1 1 1 1 1 0 1 1 1 0 1 1 1 1 1 1 1 1 0 1 1 1 0 1 1 1 1 1 0 1 0 1 1 1 1 0 1 0 1 1 
1 1 1 1 1 1 1 1 1 1 1 1 1 1 1 1 1 1 1 1 1 1 1 1 1 1 1 1 1 1 1 1 1 1 1 1 1 1 1 1 1 1 1 1 1 1 1 1 1 1 1 1 1 
1 1 1 1 0 1 1 1 1 1 1 1 0 1 1 1 1 0 1 1 1 1 1 1 1 0 1 1 1 1 0 1 1 1 1 1 1 1 0 1 1 0 1 1 1 0 1 1 0 1 1 1 0 
1 0 1 1 1 1 1 1 1 1 1 1 1 1 0 1 1 1 1 1 1 1 1 1 1 1 1 0 1 1 1 1 1 1 1 1 1 1 1 0 1 0 1 0 1 1 0 1 0 1 1 1 1 
1 1 1 1 1 1 1 1 1 1 1 1 1 1 1 1 1 1 1 1 1 1 1 1 1 1 1 1 1 1 1 1 1 1 1 1 1 1 1 1 1 1 1 1 1 1 1 1 1 1 1 1 1 
1 1 1 1 0 1 1 1 1 1 1 1 1 1 1 1 1 0 1 1 1 1 1 1 1 1 1 1 1 1 0 1 1 1 1 1 1 1 1 1 1 0 1 1 1 1 1 1 0 1 1 1 1 
1 1 1 1 0 1 1 1 1 1 1 1 0 1 1 1 1 0 1 1 1 1 1 1 1 0 1 1 1 1 0 1 1 1 1 1 1 1 0 1 1 0 1 1 1 0 1 1 0 1 1 1 0 
1 1 1 1 1 1 1 1 1 1 1 1 1 1 1 1 1 1 1 1 1 1 1 1 1 1 1 1 1 1 1 1 1 1 1 1 1 1 1 1 1 1 1 1 0 1 1 1 1 1 1 1 1 
]

EmployeeWantedInStint: [ (3 6) 1 (3 38) 1 (4 7) 1 (4 25) 1 (4 35) 1 (6 31) 1 (6 32) 1 (11 20) 1 (14 10) 1 (15 8) 1 (16 7) 1 (17 10) 1 (17 15) 1 (18 24) 1 (19 9) 1 (19 44) 1 (20 29) 1 (25 11) 1 (25 13) 1 (26 44) 1 (30 8) 1 (30 10) 1 (30 43) 1 ]

EmployeeWantedViolationCost: [ (3 6) 9000 (3 38) 11000 (4 7) 5000 (4 25) 9000 (4 35) 11000 (6 31) 9000 (6 32) 15000 (11 20) 8000 (14 10) 12000 (15 8) 10000 (16 7) 12000 (17 10) 14000 (17 15) 7000 (18 24) 11000 (19 9) 15000 (19 44) 12000 (20 29) 12000 (25 11) 9000 (25 13) 9000 (26 44) 9000 (30 8) 12000 (30 10) 15000 (30 43) 10000 ]

EmployeesThatShouldNotWorkTogetherWithEmployee: [
[ 9 21 ]
[ 5 16 ]
[ 24 ]
[ 28 30 ]
[ 9 11 ]
[ 14 25 30 ]
[ 20 ]
[ 21 ]
[ 15 17 29 ]
[ 17 ]
[ 25 ]
[ ]
[ 14 ]
[ ]
[ ]
[ 26 ]
[ 27 ]
[ ]
[ ]
[ ]
[ ]
[ ]
[ ]
[ ]
[ ]
[ ]
[ ]
[ ]
[ ]
[ ]
]

ShouldNotWorkTogetherCost: [ (1 9) 297 (1 21) 198 (2 5) 297 (2 16) 396 (3 24) 99 (4 28) 396 (4 30) 198 (5 9) 297 (5 11) 297 (6 14) 99 (6 25) 198 (6 30) 297 (7 20) 198 (8 21) 396 (9 15) 297 (9 17) 99 (9 29) 297 (10 17) 99 (11 25) 99 (13 14) 396 (16 26) 99 (17 27) 99 ]

ImmediatePredecessorsToActivity: [
[ ]
[ 1 ]
[ 1 ]
[ 3 ]
[ 2 4 ]
[ 1 ]
[ 6 ]
[ 4 7 ]
[ 8 ]
[ 2 4 ]
[ 6 ]
[ 6 ]
[ 12 ]
[ 4 11 ]
[ 4 7 ]
[ 2 ]
[ 2 15 ]
[ ]
[ 18 ]
[ 18 ]
[ 18 ]
[ 19 ]
[ 21 ]
[ 23 ]
[ 21 24 ]
[ 23 ]
[ 19 21 26 ]
[ 19 20 25 ]
[ 22 25 27 ]
[ 25 26 ]
[ 21 ]
[ 22 26 ]
[ 19 25 ]
[ 18 ]
[ 19 20 23 ]
[ ]
[ 36 ]
[ 36 ]
[ 37 ]
[ 38 ]
[ 36 ]
[ 38 ]
[ 39 40 42 ]
[ 36 ]
[ 38 39 ]
[ 42 45 ]
[ 38 44 ]
[ 40 44 ]
[ 37 40 44 ]
[ 45 49 ]
[ 39 49 ]
[ 45 ]
[ 41 43 46 ]
[ ]
[ 54 ]
[ 54 ]
[ 54 ]
[ 57 ]
[ 56 ]
[ 59 ]
[ 55 57 ]
[ 61 ]
[ 60 61 ]
[ 62 ]
[ ]
[ 65 ]
[ 65 ]
[ 65 ]
[ 65 ]
[ 68 ]
[ 68 69 ]
[ 70 ]
[ 65 ]
[ 70 ]
[ 67 71 ]
[ 69 ]
[ 67 71 74 ]
[ 73 76 ]
[ 65 ]
[ 66 71 ]
[ 66 67 71 74 79 ]
[ 66 73 75 76 ]
[ 70 ]
[ 66 75 78 79 ]
[ 67 69 ]
[ 72 74 ]
[ 75 ]
[ 76 ]
[ 65 ]
[ 78 ]
[ 67 83 ]
]

ActivitiesInProject: [
[ 1 2 3 4 5 6 7 8 9 10 11 12 13 14 15 16 17 ]
[ 18 19 20 21 22 23 24 25 26 27 28 29 30 31 32 33 34 35 ]
[ 36 37 38 39 40 41 42 43 44 45 46 47 48 49 50 51 52 53 ]
[ 54 55 56 57 58 59 60 61 62 63 64 ]
[ 65 66 67 68 69 70 71 72 73 74 75 76 77 78 79 80 81 82 83 84 85 86 87 88 89 90 91 ]
]

nActivityModes: [ 3 3 3 3 3 3 3 3 3 3 3 3 3 3 3 3 3 3 3 3 3 3 3 3 3 3 3 3 3 3 3 3 3 3 3 3 3 3 3 3 3 3 3 3 3 3 3 3 3 3 3 3 3 3 3 3 3 3 3 3 3 3 3 3 3 3 3 3 3 3 3 3 3 3 3 3 3 3 3 3 3 3 3 3 3 3 3 3 3 3 3 ]

ActivitiyDurationWithMode: [
1	1	1	
5	4	7	
10	7	14	
13	9	18	
7	5	10	
15	10	20	
5	4	7	
5	4	7	
5	4	7	
7	5	10	
5	4	7	
5	4	7	
12	8	16	
4	3	6	
5	4	7	
27	18	36	
5	4	7	
1	1	1	
14	10	19	
4	3	6	
5	4	7	
15	10	20	
4	3	6	
8	6	11	
4	3	6	
8	6	11	
5	4	7	
5	4	7	
5	4	7	
10	7	14	
22	15	30	
5	4	7	
8	6	11	
20	14	27	
16	11	22	
1	1	1	
5	4	7	
10	7	14	
4	3	6	
8	6	11	
24	16	32	
7	5	10	
7	5	10	
5	4	7	
11	8	15	
7	5	10	
20	14	27	
13	9	18	
8	6	11	
7	5	10	
5	4	7	
14	10	19	
5	4	7	
1	1	1	
3	2	4	
4	3	6	
6	4	8	
12	8	16	
4	3	6	
5	4	7	
5	4	7	
5	4	7	
9	6	12	
7	5	10	
1	1	1	
51	34	68	
10	7	14	
16	11	22	
7	5	10	
17	12	23	
12	8	16	
16	11	22	
28	19	38	
18	12	24	
21	14	28	
11	8	15	
7	5	10	
20	14	27	
18	12	24	
11	8	15	
9	6	12	
7	5	10	
24	16	32	
12	8	16	
7	5	10	
9	6	12	
7	5	10	
12	8	16	
64	43	86	
16	11	22	
7	5	10	
]
StintsInProject: [
[ 1 2 3 4 5 6 7 8 9 10 11 12 13 ]
[ 14 15 16 17 18 19 20 21 22 23 24 25 26 ]
[ 27 28 29 30 31 32 33 34 35 36 37 38 39 ]
[ 40 41 42 43 44 45 46 ]
[ 47 48 49 50 51 52 53 ]
]

WorkingStintsOnDay: [
[ 1 14 27 40 47 ]
[ 1 14 27 40 47 ]
[ 1 14 27 40 47 ]
[ 1 14 27 40 47 ]
[ 1 14 27 40 47 ]
[ 40 47 ]
[ 40 47 ]
[ 2 15 28 40 47 ]
[ 2 15 28 40 47 ]
[ 2 15 28 40 47 ]
[ 2 15 28 40 47 ]
[ 2 15 28 40 47 ]
[ 40 ]
[ 40 ]
[ 3 16 29 41 48 ]
[ 3 16 29 41 48 ]
[ 3 16 29 41 48 ]
[ 3 16 29 41 48 ]
[ 3 16 29 41 48 ]
[ 41 48 ]
[ 41 48 ]
[ 4 17 30 41 48 ]
[ 4 17 30 41 48 ]
[ 4 17 30 41 48 ]
[ 4 17 30 41 48 ]
[ 4 17 30 41 48 ]
[ 41 ]
[ 41 ]
[ 5 18 31 42 49 ]
[ 5 18 31 42 49 ]
[ 5 18 31 42 49 ]
[ 5 18 31 42 49 ]
[ 5 18 31 42 49 ]
[ 42 49 ]
[ 42 49 ]
[ 6 19 32 42 49 ]
[ 6 19 32 42 49 ]
[ 6 19 32 42 49 ]
[ 6 19 32 42 49 ]
[ 6 19 32 42 49 ]
[ 42 ]
[ 42 ]
[ 7 20 33 43 50 ]
[ 7 20 33 43 50 ]
[ 7 20 33 43 50 ]
[ 7 20 33 43 50 ]
[ 7 20 33 43 50 ]
[ 43 50 ]
[ 43 50 ]
[ 8 21 34 43 50 ]
[ 8 21 34 43 50 ]
[ 8 21 34 43 50 ]
[ 8 21 34 43 50 ]
[ 8 21 34 43 50 ]
[ 43 ]
[ 43 ]
[ 9 22 35 44 51 ]
[ 9 22 35 44 51 ]
[ 9 22 35 44 51 ]
[ 9 22 35 44 51 ]
[ 9 22 35 44 51 ]
[ 44 51 ]
[ 44 51 ]
[ 10 23 36 44 51 ]
[ 10 23 36 44 51 ]
[ 10 23 36 44 51 ]
[ 10 23 36 44 51 ]
[ 10 23 36 44 51 ]
[ 44 ]
[ 44 ]
[ 11 24 37 45 52 ]
[ 11 24 37 45 52 ]
[ 11 24 37 45 52 ]
[ 11 24 37 45 52 ]
[ 11 24 37 45 52 ]
[ 45 52 ]
[ 45 52 ]
[ 12 25 38 45 52 ]
[ 12 25 38 45 52 ]
[ 12 25 38 45 52 ]
[ 12 25 38 45 52 ]
[ 12 25 38 45 52 ]
[ 45 ]
[ 45 ]
[ 13 26 39 46 53 ]
[ 13 26 39 46 53 ]
[ 13 26 39 46 53 ]
[ 13 26 39 46 53 ]
[ 13 26 39 46 53 ]
[ 46 53 ]
]

ProjectStart: [ 20 19 18 21 12 ]

ProjectEnd: [ 68 70 68 49 89 ]

EarliestStartDayForActivity: [ 1 20 20 34 53 20 41 53 60 53 41 41 48 53 53 27 60 1 19 19 19 39 26 32 44 32 44 48 60 48 26 60 48 19 39 1 18 18 25 32 18 32 44 18 32 47 32 44 44 54 54 47 58 1 21 21 21 27 25 29 27 32 34 37 1 12 12 12 12 32 32 51 12 51 46 21 73 46 12 73 73 73 51 73 24 73 69 34 12 68 79 ]

LatestStartDayForActivity: [ 1 68 68 68 68 68 68 68 68 68 68 68 68 68 68 68 68 1 70 70 70 70 70 70 70 70 70 70 70 70 70 70 70 70 70 1 68 68 68 68 68 68 68 68 68 68 68 68 68 68 68 68 68 1 49 49 49 49 49 49 49 49 49 49 1 89 89 89 89 89 89 89 89 89 89 89 89 89 89 89 89 89 89 89 89 89 89 89 89 89 89 ]

EquipmentTypeDemandInActivityWithMode: [
0	0	0	
1	3	1	
0	1	0	
0	1	0	
0	1	0	
0	1	0	
0	1	0	
0	1	0	
0	1	0	
1	3	1	
2	4	2	
0	1	0	
0	1	0	
2	4	2	
1	3	1	
1	3	1	
0	1	0	
0	0	0	
0	1	0	
1	3	1	
3	6	2	
0	1	0	
0	1	0	
3	6	2	
0	1	0	
1	3	1	
0	1	0	
0	1	0	
0	1	0	
1	3	1	
0	1	0	
1	3	1	
1	3	1	
2	4	2	
0	1	0	
0	0	0	
1	3	1	
0	1	0	
1	3	1	
0	1	0	
0	1	0	
1	3	1	
0	1	0	
0	1	0	
1	3	1	
1	3	1	
1	3	1	
0	1	0	
0	1	0	
0	1	0	
1	3	1	
1	3	1	
1	3	1	
0	0	0	
0	1	0	
1	3	1	
0	1	0	
1	3	1	
1	3	1	
0	1	0	
2	4	2	
0	1	0	
0	1	0	
0	1	0	
0	0	0	
2	4	2	
1	3	1	
2	4	2	
2	4	2	
2	4	2	
0	1	0	
1	3	1	
0	1	0	
1	3	1	
2	4	2	
1	3	1	
0	1	0	
1	3	1	
1	3	1	
1	3	1	
1	3	1	
2	4	2	
1	3	1	
0	1	0	
0	1	0	
2	4	2	
0	1	0	
0	1	0	
1	3	1	
3	6	2	
0	1	0	

0	0	0	
0	1	0	
0	1	0	
0	1	0	
0	1	0	
0	1	0	
0	1	0	
0	1	0	
0	1	0	
1	3	1	
0	1	0	
0	1	0	
0	1	0	
0	1	0	
0	1	0	
1	3	1	
0	1	0	
0	0	0	
0	1	0	
0	1	0	
0	1	0	
0	1	0	
0	1	0	
1	3	1	
0	1	0	
0	1	0	
0	1	0	
1	3	1	
0	1	0	
1	3	1	
0	1	0	
0	1	0	
0	1	0	
0	1	0	
0	1	0	
0	0	0	
0	1	0	
1	3	1	
0	1	0	
0	1	0	
0	1	0	
0	1	0	
0	1	0	
0	1	0	
0	1	0	
0	1	0	
0	1	0	
0	1	0	
1	3	1	
0	1	0	
0	1	0	
0	1	0	
0	1	0	
0	0	0	
0	1	0	
0	1	0	
0	1	0	
0	1	0	
0	1	0	
0	1	0	
0	1	0	
0	1	0	
0	1	0	
0	1	0	
0	0	0	
0	1	0	
0	1	0	
0	1	0	
0	1	0	
0	1	0	
0	1	0	
0	1	0	
0	1	0	
0	1	0	
0	1	0	
0	1	0	
0	1	0	
0	1	0	
0	1	0	
0	1	0	
0	1	0	
0	1	0	
0	1	0	
0	1	0	
0	1	0	
0	1	0	
0	1	0	
0	1	0	
1	3	1	
0	1	0	
0	1	0	

0	0	0	
1	3	1	
0	1	0	
0	1	0	
0	1	0	
1	3	1	
0	1	0	
0	1	0	
0	1	0	
1	3	1	
0	1	0	
1	3	1	
0	1	0	
1	3	1	
0	1	0	
0	1	0	
2	4	2	
0	0	0	
1	3	1	
1	3	1	
1	3	1	
0	1	0	
1	3	1	
0	1	0	
1	3	1	
0	1	0	
1	3	1	
0	1	0	
0	1	0	
0	1	0	
1	3	1	
1	3	1	
1	3	1	
1	3	1	
0	1	0	
0	0	0	
0	1	0	
0	1	0	
1	3	1	
0	1	0	
1	3	1	
0	1	0	
0	1	0	
0	1	0	
1	3	1	
0	1	0	
0	1	0	
0	1	0	
1	3	1	
1	3	1	
0	1	0	
0	1	0	
0	1	0	
0	0	0	
0	1	0	
1	3	1	
1	3	1	
0	1	0	
1	3	1	
3	6	2	
2	4	2	
1	3	1	
2	4	2	
0	1	0	
0	0	0	
1	3	1	
0	1	0	
0	1	0	
0	1	0	
0	1	0	
0	1	0	
0	1	0	
0	1	0	
1	3	1	
1	3	1	
1	3	1	
0	1	0	
1	3	1	
1	3	1	
0	1	0	
1	3	1	
0	1	0	
1	3	1	
0	1	0	
0	1	0	
0	1	0	
0	1	0	
1	3	1	
0	1	0	
0	1	0	
1	3	1	

0	0	0	
0	1	0	
0	1	0	
0	1	0	
1	3	1	
0	1	0	
0	1	0	
0	1	0	
0	1	0	
0	1	0	
1	3	1	
1	3	1	
0	1	0	
0	1	0	
0	1	0	
1	3	1	
1	3	1	
0	0	0	
1	3	1	
1	3	1	
1	3	1	
2	4	2	
2	4	2	
0	1	0	
0	1	0	
2	4	2	
0	1	0	
3	6	2	
1	3	1	
0	1	0	
0	1	0	
0	1	0	
2	4	2	
1	3	1	
0	1	0	
0	0	0	
0	1	0	
0	1	0	
1	3	1	
2	4	2	
0	1	0	
0	1	0	
1	3	1	
1	3	1	
0	1	0	
1	3	1	
1	3	1	
2	4	2	
0	1	0	
1	3	1	
0	1	0	
2	4	2	
1	3	1	
0	0	0	
1	3	1	
0	1	0	
0	1	0	
0	1	0	
1	3	1	
0	1	0	
0	1	0	
1	3	1	
3	6	2	
0	1	0	
0	0	0	
0	1	0	
0	1	0	
2	4	2	
2	4	2	
1	3	1	
0	1	0	
0	1	0	
0	1	0	
0	1	0	
1	3	1	
1	3	1	
0	1	0	
0	1	0	
0	1	0	
1	3	1	
1	3	1	
1	3	1	
0	1	0	
0	1	0	
2	4	2	
0	1	0	
0	1	0	
1	3	1	
0	1	0	
1	3	1	
0	1	0	

]

ExternalEquipmentRentingCost: [
1845	3669	1740	2389	3455	2630	5506	5004	4978	5787	5014	2552	4614	3493	4337	4112	4768	3746	1908	1921	2893	3558	4979	4038	4989	2358	4724	2613	5129	1236	1495	1443	3186	1547	4499	5569	5117	5533	5609	2504	5192	2484	5812	3951	2539	5125	5668	5869	5091	5795	1475	4307	1435	2927	2310	3187	1095	5494	4245	1663	2585	4755	3334	5392	1576	1185	1440	3314	4713	2247	2505	2247	1262	1689	4767	2313	1153	1364	1535	1491	3701	2176	4499	4332	2810	2019	3979	4322	2105	3083	5526	
3262	5839	3731	2830	3834	3836	5324	4327	2834	5057	1759	1477	1489	3816	3580	4774	2366	1145	4699	3434	3277	2864	2711	4917	3953	1734	1237	2949	1720	3969	1666	1512	2041	4314	3159	4193	4410	4333	1398	2594	5476	4081	2735	4177	3980	5091	1419	1625	4154	2918	1812	3882	5362	5986	4046	1336	5709	1153	3424	5838	2673	1954	4749	4654	4859	4821	2189	5228	2692	5049	5507	4826	2782	3177	5093	3501	3369	3618	5264	1530	1916	5404	4694	5330	3671	5514	4037	3344	4781	5246	1447	
2792	4786	3659	2649	5324	3261	4280	1155	3309	1225	4511	1997	3686	5408	1074	4428	4361	2288	1122	3220	2154	4800	5711	3885	3233	5519	2542	5786	4645	2463	2163	2655	1285	3660	3400	3231	4540	5408	3702	2170	3867	4296	3870	5124	1634	4328	2559	4894	1048	2166	2069	4321	3035	4433	2450	4695	3164	1389	4470	1474	3602	3581	3115	4720	4269	1214	3183	3779	3222	5367	5517	4172	5637	3705	1328	1290	4272	2051	4797	3352	4017	4691	5143	5511	2812	2994	2707	4490	3209	2388	2735	
4875	3794	2882	5812	4260	1774	1875	1594	4601	4117	1788	1317	3006	5586	2055	5632	2046	4679	1291	5676	3090	1459	1515	5235	3412	5171	1416	4253	2120	3736	5547	5618	1687	1181	4170	2617	4994	2303	5338	1015	3097	4288	3787	1912	5309	5344	4800	1934	2230	3319	3946	3303	4847	2518	1063	4877	1601	4121	4728	2288	2501	3182	4148	2420	5748	2488	2200	5485	4400	1012	2120	1793	5653	3632	3946	5189	2240	3586	1936	3124	2013	3375	1581	1239	4078	1184	1332	3543	2624	1715	2673	
]

EquipmentTypeTransportationCost: [
1	3913	4322	3373	4239	
3913	1	3510	4168	3847	
4322	3510	1	4395	3459	
3373	4168	4395	1	4400	
4239	3847	3459	4400	1	

1	3548	4020	3055	4145	
3548	1	3327	3738	3719	
4020	3327	1	4044	3177	
3055	3738	4044	1	4176	
4145	3719	3177	4176	1	

1	3788	4078	3170	4204	
3788	1	3389	3940	3749	
4078	3389	1	4287	3292	
3170	3940	4287	1	4267	
4204	3749	3292	4267	1	

1	3204	3460	2727	3484	
3204	1	2871	3386	3179	
3460	2871	1	3554	2819	
2727	3386	3554	1	3559	
3484	3179	2819	3559	1	

]

TransportationTimeForEquipmentTypeBetweenProjects: [
1	1	3	1	3	
1	1	1	3	1	
3	1	1	3	1	
1	3	3	1	3	
3	1	1	3	1	

1	1	3	1	3	
1	1	1	3	1	
3	1	1	3	1	
1	3	3	1	3	
3	1	1	3	1	

1	1	3	1	3	
1	1	1	3	1	
3	1	1	3	1	
1	3	3	1	3	
3	1	1	3	1	

1	1	3	1	3	
1	1	1	3	1	
3	1	1	3	1	
1	3	3	1	3	
3	1	1	3	1	

]

TotalNumberOfInitialEquipmentTypeLocation: [
(1 1) 1 (1 18) 2 (1 36) 1 (1 54) 1 (1 65) 2 
(2 65) 1 
(3 1) 2 (3 18) 1 (3 36) 1 (3 65) 1 
(4 1) 1 (4 18) 1 (4 36) 2 (4 65) 3 
]

DepotActivities: [ 1 18 36 54 65 ]

MaximalStintCliques: [
[ 1 27 14 47 40 ]
[ 2 28 40 47 15 ]
[ 7 33 42 49 50 43 20 ]
[ 8 34 42 50 43 21 ]
[ 9 35 43 50 51 44 22 ]
[ 10 36 43 51 44 23 ]
[ 11 37 44 51 52 45 24 ]
[ 12 38 25 44 52 45 ]
[ 13 39 45 26 52 53 46 ]
[ 41 19 49 42 6 32 ]
[ 41 48 5 49 42 18 31 ]
[ 41 48 40 17 4 30 ]
[ 41 48 40 3 29 47 16 ]
]
