nEmployees: 60
nSkills: 3
nProjects: 5
nDays: 150
nActivities: 143
nEquipmentTypes: 5
nStints: 77
nMaxModes: 2
nStintCliques: 22

EmployeeInStintCost: [
26716 26716 26716 26716 26716 26716 26716 26716 26716 26716 18514 13982 13982 13982 13982 13982 13982 13982 13982 13982 13982 13982 13982 13982 13982 13982 13982 13982 13982 13982 13982 13982 10034 17512 17512 17512 17512 17512 17512 17512 17512 17512 15208 7144 11520 11520 11520 11520 11520 11520 11520 11520 11520 11520 5184 5416 5416 5416 5416 5416 5416 5416 5416 5416 5416 5416 5416 5416 5416 5416 5416 5416 5416 5416 5416 5416 3112 
33260 33260 33260 33260 33260 33260 33260 33260 33260 33260 24398 14806 14806 14806 14806 14806 14806 14806 14806 14806 14806 14806 14806 14806 14806 14806 14806 14806 14806 14806 14806 14806 10618 42898 42898 42898 42898 42898 42898 42898 42898 42898 40354 27798 42660 42660 42660 42660 42660 42660 42660 42660 42660 42660 32810 21190 21190 21190 21190 21190 21190 21190 21190 21190 21190 21190 21190 21190 21190 21190 21190 21190 21190 21190 21190 21190 16874 
28756 28756 28756 28756 28756 28756 28756 28756 28756 28756 19498 10886 10886 10886 10886 10886 10886 10886 10886 10886 10886 10886 10886 10886 10886 10886 10886 10886 10886 10886 10886 10886 6554 37998 37998 37998 37998 37998 37998 37998 37998 37998 35310 22250 37460 37460 37460 37460 37460 37460 37460 37460 37460 37460 27214 15534 15534 15534 15534 15534 15534 15534 15534 15534 15534 15534 15534 15534 15534 15534 15534 15534 15534 15534 15534 15534 11074 
27660 27660 27660 27660 27660 27660 27660 27660 27660 27660 18138 4176 4176 4176 4176 4176 4176 4176 4176 4176 4176 4176 4176 4176 4176 4176 4176 4176 4176 4176 4176 4176 1392 38014 38014 38014 38014 38014 38014 38014 38014 38014 35230 21834 37460 37460 37460 37460 37460 37460 37460 37460 37460 37460 26950 15046 15046 15046 15046 15046 15046 15046 15046 15046 15046 15046 15046 15046 15046 15046 15046 15046 15046 15046 15046 15046 10490 
26476 26476 26476 26476 26476 26476 26476 26476 26476 26476 18406 13910 13910 13910 13910 13910 13910 13910 13910 13910 13910 13910 13910 13910 13910 13910 13910 13910 13910 13910 13910 13910 10010 17188 17188 17188 17188 17188 17188 17188 17188 17188 14932 7036 11280 11280 11280 11280 11280 11280 11280 11280 11280 11280 5076 5344 5344 5344 5344 5344 5344 5344 5344 5344 5344 5344 5344 5344 5344 5344 5344 5344 5344 5344 5344 5344 3088 
26140 26140 26140 26140 26140 26140 26140 26140 26140 26140 17410 5104 5104 5104 5104 5104 5104 5104 5104 5104 5104 5104 5104 5104 5104 5104 5104 5104 5104 5104 5104 5104 2608 35942 35942 35942 35942 35942 35942 35942 35942 35942 33446 21058 35876 35876 35876 35876 35876 35876 35876 35876 35876 35876 26158 14486 14486 14486 14486 14486 14486 14486 14486 14486 14486 14486 14486 14486 14486 14486 14486 14486 14486 14486 14486 14486 10218 
29636 29636 29636 29636 29636 29636 29636 29636 29636 29636 21104 11594 11594 11594 11594 11594 11594 11594 11594 11594 11594 11594 11594 11594 11594 11594 11594 11594 11594 11594 11594 11594 7526 39152 39152 39152 39152 39152 39152 39152 39152 39152 36728 24592 39148 39148 39148 39148 39148 39148 39148 39148 39148 39148 29628 18074 18074 18074 18074 18074 18074 18074 18074 18074 18074 18074 18074 18074 18074 18074 18074 18074 18074 18074 18074 18074 13878 
28876 28876 28876 28876 28876 28876 28876 28876 28876 28876 19552 10922 10922 10922 10922 10922 10922 10922 10922 10922 10922 10922 10922 10922 10922 10922 10922 10922 10922 10922 10922 10922 6566 38160 38160 38160 38160 38160 38160 38160 38160 38160 35448 22304 37580 37580 37580 37580 37580 37580 37580 37580 37580 37580 27268 15570 15570 15570 15570 15570 15570 15570 15570 15570 15570 15570 15570 15570 15570 15570 15570 15570 15570 15570 15570 15570 11086 
28372 28372 28372 28372 28372 28372 28372 28372 28372 28372 19246 14510 14510 14510 14510 14510 14510 14510 14510 14510 14510 14510 14510 14510 14510 14510 14510 14510 14510 14510 14510 14510 10226 17820 17820 17820 17820 17820 17820 17820 17820 17820 15180 5940 15160 15160 15160 15160 15160 15160 15160 15160 15160 15160 7900 3960 3960 3960 3960 3960 3960 3960 3960 3960 3960 3960 3960 3960 3960 3960 3960 3960 3960 3960 3960 3960 1320 
27308 27308 27308 27308 27308 27308 27308 27308 27308 27308 17852 12650 12650 12650 12650 12650 12650 12650 12650 12650 12650 12650 12650 12650 12650 12650 12650 12650 12650 12650 12650 12650 8246 33780 33780 33780 33780 33780 33780 33780 33780 33780 31020 17708 33116 33116 33116 33116 33116 33116 33116 33116 33116 33116 22672 10938 10938 10938 10938 10938 10938 10938 10938 10938 10938 10938 10938 10938 10938 10938 10938 10938 10938 10938 10938 10938 6406 
25916 25916 25916 25916 25916 25916 25916 25916 25916 25916 17582 12998 12998 12998 12998 12998 12998 12998 12998 12998 12998 12998 12998 12998 12998 12998 12998 12998 12998 12998 12998 12998 9002 21516 21516 21516 21516 21516 21516 21516 21516 21516 19164 10932 17040 17040 17040 17040 17040 17040 17040 17040 17040 17040 10572 9168 9168 9168 9168 9168 9168 9168 9168 9168 9168 9168 9168 9168 9168 9168 9168 9168 9168 9168 9168 9168 6816 
24988 24988 24988 24988 24988 24988 24988 24988 24988 24988 16324 11746 11746 11746 11746 11746 11746 11746 11746 11746 11746 11746 11746 11746 11746 11746 11746 11746 11746 11746 11746 11746 7630 32012 32012 32012 32012 32012 32012 32012 32012 32012 29540 17236 32060 32060 32060 32060 32060 32060 32060 32060 32060 32060 22408 10682 10682 10682 10682 10682 10682 10682 10682 10682 10682 10682 10682 10682 10682 10682 10682 10682 10682 10682 10682 10682 6438 
27316 27316 27316 27316 27316 27316 27316 27316 27316 27316 18850 10454 10454 10454 10454 10454 10454 10454 10454 10454 10454 10454 10454 10454 10454 10454 10454 10454 10454 10454 10454 10454 6410 36054 36054 36054 36054 36054 36054 36054 36054 36054 33654 21602 36020 36020 36020 36020 36020 36020 36020 36020 36020 36020 26566 15102 15102 15102 15102 15102 15102 15102 15102 15102 15102 15102 15102 15102 15102 15102 15102 15102 15102 15102 15102 15102 10930 
32036 32036 32036 32036 32036 32036 32036 32036 32036 32036 23504 13930 13930 13930 13930 13930 13930 13930 13930 13930 13930 13930 13930 13930 13930 13930 13930 13930 13930 13930 13930 13930 9862 41768 41768 41768 41768 41768 41768 41768 41768 41768 39344 27208 41820 41820 41820 41820 41820 41820 41820 41820 41820 41820 32300 20690 20690 20690 20690 20690 20690 20690 20690 20690 20690 20690 20690 20690 20690 20690 20690 20690 20690 20690 20690 20690 16494 
11160 11160 11160 11160 11160 11160 11160 11160 11160 11160 5022 10002 10002 10002 10002 10002 10002 10002 10002 10002 10002 10002 10002 10002 10002 10002 10002 10002 10002 10002 10002 10002 6126 31824 31824 31824 31824 31824 31824 31824 31824 31824 29592 18128 32284 32284 32284 32284 32284 32284 32284 32284 32284 32284 23292 11754 11754 11754 11754 11754 11754 11754 11754 11754 11754 11754 11754 11754 11754 11754 11754 11754 11754 11754 11754 11754 7750 
33316 33316 33316 33316 33316 33316 33316 33316 33316 33316 24058 14318 14318 14318 14318 14318 14318 14318 14318 14318 14318 14318 14318 14318 14318 14318 14318 14318 14318 14318 14318 14318 9986 43302 43302 43302 43302 43302 43302 43302 43302 43302 40614 27554 42836 42836 42836 42836 42836 42836 42836 42836 42836 42836 32590 20838 20838 20838 20838 20838 20838 20838 20838 20838 20838 20838 20838 20838 20838 20838 20838 20838 20838 20838 20838 20838 16378 
26820 26820 26820 26820 26820 26820 26820 26820 26820 26820 17760 3924 3924 3924 3924 3924 3924 3924 3924 3924 3924 3924 3924 3924 3924 3924 3924 3924 3924 3924 3924 3924 1308 36880 36880 36880 36880 36880 36880 36880 36880 36880 34264 21456 36620 36620 36620 36620 36620 36620 36620 36620 36620 36620 26572 14794 14794 14794 14794 14794 14794 14794 14794 14794 14794 14794 14794 14794 14794 14794 14794 14794 14794 14794 14794 14794 10406 
30548 30548 30548 30548 30548 30548 30548 30548 30548 30548 21488 11802 11802 11802 11802 11802 11802 11802 11802 11802 11802 11802 11802 11802 11802 11802 11802 11802 11802 11802 11802 11802 7542 40456 40456 40456 40456 40456 40456 40456 40456 40456 37840 25032 40132 40132 40132 40132 40132 40132 40132 40132 40132 40132 30084 18370 18370 18370 18370 18370 18370 18370 18370 18370 18370 18370 18370 18370 18370 18370 18370 18370 18370 18370 18370 18370 13982 
32636 32636 32636 32636 32636 32636 32636 32636 32636 32636 23774 14110 14110 14110 14110 14110 14110 14110 14110 14110 14110 14110 14110 14110 14110 14110 14110 14110 14110 14110 14110 14110 9922 42578 42578 42578 42578 42578 42578 42578 42578 42578 40034 27478 42420 42420 42420 42420 42420 42420 42420 42420 42420 42420 32570 20870 20870 20870 20870 20870 20870 20870 20870 20870 20870 20870 20870 20870 20870 20870 20870 20870 20870 20870 20870 20870 16554 
13800 13800 13800 13800 13800 13800 13800 13800 13800 13800 6210 10794 10794 10794 10794 10794 10794 10794 10794 10794 10794 10794 10794 10794 10794 10794 10794 10794 10794 10794 10794 10794 6390 35388 35388 35388 35388 35388 35388 35388 35388 35388 32628 19316 34924 34924 34924 34924 34924 34924 34924 34924 34924 34924 24480 12546 12546 12546 12546 12546 12546 12546 12546 12546 12546 12546 12546 12546 12546 12546 12546 12546 12546 12546 12546 12546 8014 
27500 27500 27500 27500 27500 27500 27500 27500 27500 27500 18836 9282 9282 9282 9282 9282 9282 9282 9282 9282 9282 9282 9282 9282 9282 9282 9282 9282 9282 9282 9282 9282 5166 37188 37188 37188 37188 37188 37188 37188 37188 37188 34716 22412 37140 37140 37140 37140 37140 37140 37140 37140 37140 37140 27488 15858 15858 15858 15858 15858 15858 15858 15858 15858 15858 15858 15858 15858 15858 15858 15858 15858 15858 15858 15858 15858 11614 
31156 31156 31156 31156 31156 31156 31156 31156 31156 31156 23086 13670 13670 13670 13670 13670 13670 13670 13670 13670 13670 13670 13670 13670 13670 13670 13670 13670 13670 13670 13670 13670 9770 40386 40386 40386 40386 40386 40386 40386 40386 40386 38130 26582 40676 40676 40676 40676 40676 40676 40676 40676 40676 40676 31618 20190 20190 20190 20190 20190 20190 20190 20190 20190 20190 20190 20190 20190 20190 20190 20190 20190 20190 20190 20190 20190 16162 
25148 25148 25148 25148 25148 25148 25148 25148 25148 25148 16880 12002 12002 12002 12002 12002 12002 12002 12002 12002 12002 12002 12002 12002 12002 12002 12002 12002 12002 12002 12002 12002 8030 30864 30864 30864 30864 30864 30864 30864 30864 30864 28536 16736 30956 30956 30956 30956 30956 30956 30956 30956 30956 30956 21700 10290 10290 10290 10290 10290 10290 10290 10290 10290 10290 10290 10290 10290 10290 10290 10290 10290 10290 10290 10290 10290 6190 
35868 35868 35868 35868 35868 35868 35868 35868 35868 35868 26610 16846 16846 16846 16846 16846 16846 16846 16846 16846 16846 16846 16846 16846 16846 16846 16846 16846 16846 16846 16846 16846 12514 45878 45878 45878 45878 45878 45878 45878 45878 45878 43190 30130 45404 45404 45404 45404 45404 45404 45404 45404 45404 45404 35158 23414 23414 23414 23414 23414 23414 23414 23414 23414 23414 23414 23414 23414 23414 23414 23414 23414 23414 23414 23414 23414 18954 
25148 25148 25148 25148 25148 25148 25148 25148 25148 25148 16880 12002 12002 12002 12002 12002 12002 12002 12002 12002 12002 12002 12002 12002 12002 12002 12002 12002 12002 12002 12002 12002 8030 30864 30864 30864 30864 30864 30864 30864 30864 30864 28536 16736 30956 30956 30956 30956 30956 30956 30956 30956 30956 30956 21700 10290 10290 10290 10290 10290 10290 10290 10290 10290 10290 10290 10290 10290 10290 10290 10290 10290 10290 10290 10290 10290 6190 
29396 29396 29396 29396 29396 29396 29396 29396 29396 29396 20996 11522 11522 11522 11522 11522 11522 11522 11522 11522 11522 11522 11522 11522 11522 11522 11522 11522 11522 11522 11522 11522 7502 38828 38828 38828 38828 38828 38828 38828 38828 38828 36452 24484 38908 38908 38908 38908 38908 38908 38908 38908 38908 38908 29520 18002 18002 18002 18002 18002 18002 18002 18002 18002 18002 18002 18002 18002 18002 18002 18002 18002 18002 18002 18002 18002 13854 
34236 34236 34236 34236 34236 34236 34236 34236 34236 34236 25374 15710 15710 15710 15710 15710 15710 15710 15710 15710 15710 15710 15710 15710 15710 15710 15710 15710 15710 15710 15710 15710 11522 44050 44050 44050 44050 44050 44050 44050 44050 44050 41506 28950 43852 43852 43852 43852 43852 43852 43852 43852 43852 43852 34002 22342 22342 22342 22342 22342 22342 22342 22342 22342 22342 22342 22342 22342 22342 22342 22342 22342 22342 22342 22342 22342 18026 
33596 33596 33596 33596 33596 33596 33596 33596 33596 33596 24206 14398 14398 14398 14398 14398 14398 14398 14398 14398 14398 14398 14398 14398 14398 14398 14398 14398 14398 14398 14398 14398 10018 43874 43874 43874 43874 43874 43874 43874 43874 43874 41138 27910 43380 43380 43380 43380 43380 43380 43380 43380 43380 43380 33002 21158 21158 21158 21158 21158 21158 21158 21158 21158 21158 21158 21158 21158 21158 21158 21158 21158 21158 21158 21158 21158 16650 
27892 27892 27892 27892 27892 27892 27892 27892 27892 27892 19030 14366 14366 14366 14366 14366 14366 14366 14366 14366 14366 14366 14366 14366 14366 14366 14366 14366 14366 14366 14366 14366 10178 17172 17172 17172 17172 17172 17172 17172 17172 17172 14628 5724 14680 14680 14680 14680 14680 14680 14680 14680 14680 14680 7684 3816 3816 3816 3816 3816 3816 3816 3816 3816 3816 3816 3816 3816 3816 3816 3816 3816 3816 3816 3816 3816 1272 
25868 25868 25868 25868 25868 25868 25868 25868 25868 25868 17204 12218 12218 12218 12218 12218 12218 12218 12218 12218 12218 12218 12218 12218 12218 12218 12218 12218 12218 12218 12218 12218 8102 31836 31836 31836 31836 31836 31836 31836 31836 31836 29364 17060 31676 31676 31676 31676 31676 31676 31676 31676 31676 31676 22024 10506 10506 10506 10506 10506 10506 10506 10506 10506 10506 10506 10506 10506 10506 10506 10506 10506 10506 10506 10506 10506 6262 
26908 26908 26908 26908 26908 26908 26908 26908 26908 26908 18376 13874 13874 13874 13874 13874 13874 13874 13874 13874 13874 13874 13874 13874 13874 13874 13874 13874 13874 13874 13874 13874 9806 20562 20562 20562 20562 20562 20562 20562 20562 20562 18138 9654 18080 18080 18080 18080 18080 18080 18080 18080 18080 18080 11414 7836 7836 7836 7836 7836 7836 7836 7836 7836 7836 7836 7836 7836 7836 7836 7836 7836 7836 7836 7836 7836 5412 
32540 32540 32540 32540 32540 32540 32540 32540 32540 32540 24074 14590 14590 14590 14590 14590 14590 14590 14590 14590 14590 14590 14590 14590 14590 14590 14590 14590 14590 14590 14590 14590 10546 41926 41926 41926 41926 41926 41926 41926 41926 41926 39526 27474 41940 41940 41940 41940 41940 41940 41940 41940 41940 41940 32486 20974 20974 20974 20974 20974 20974 20974 20974 20974 20974 20974 20974 20974 20974 20974 20974 20974 20974 20974 20974 20974 16802 
27620 27620 27620 27620 27620 27620 27620 27620 27620 27620 18362 12550 12550 12550 12550 12550 12550 12550 12550 12550 12550 12550 12550 12550 12550 12550 12550 12550 12550 12550 12550 12550 8218 34350 34350 34350 34350 34350 34350 34350 34350 34350 31662 18602 33716 33716 33716 33716 33716 33716 33716 33716 33716 33716 23470 11886 11886 11886 11886 11886 11886 11886 11886 11886 11886 11886 11886 11886 11886 11886 11886 11886 11886 11886 11886 11886 7426 
29276 29276 29276 29276 29276 29276 29276 29276 29276 29276 19952 10218 10218 10218 10218 10218 10218 10218 10218 10218 10218 10218 10218 10218 10218 10218 10218 10218 10218 10218 10218 10218 5862 39560 39560 39560 39560 39560 39560 39560 39560 39560 36848 23704 39140 39140 39140 39140 39140 39140 39140 39140 39140 39140 28828 16970 16970 16970 16970 16970 16970 16970 16970 16970 16970 16970 16970 16970 16970 16970 16970 16970 16970 16970 16970 16970 12486 
29996 29996 29996 29996 29996 29996 29996 29996 29996 29996 21266 11702 11702 11702 11702 11702 11702 11702 11702 11702 11702 11702 11702 11702 11702 11702 11702 11702 11702 11702 11702 11702 7562 39638 39638 39638 39638 39638 39638 39638 39638 39638 37142 24754 39508 39508 39508 39508 39508 39508 39508 39508 39508 39508 29790 18182 18182 18182 18182 18182 18182 18182 18182 18182 18182 18182 18182 18182 18182 18182 18182 18182 18182 18182 18182 18182 13914 
33396 33396 33396 33396 33396 33396 33396 33396 33396 33396 24996 15458 15458 15458 15458 15458 15458 15458 15458 15458 15458 15458 15458 15458 15458 15458 15458 15458 15458 15458 15458 15458 11438 42916 42916 42916 42916 42916 42916 42916 42916 42916 40540 28572 43012 43012 43012 43012 43012 43012 43012 43012 43012 43012 33624 22090 22090 22090 22090 22090 22090 22090 22090 22090 22090 22090 22090 22090 22090 22090 22090 22090 22090 22090 22090 22090 17942 
27652 27652 27652 27652 27652 27652 27652 27652 27652 27652 18922 14294 14294 14294 14294 14294 14294 14294 14294 14294 14294 14294 14294 14294 14294 14294 14294 14294 14294 14294 14294 14294 10154 16848 16848 16848 16848 16848 16848 16848 16848 16848 14352 5616 14440 14440 14440 14440 14440 14440 14440 14440 14440 14440 7576 3744 3744 3744 3744 3744 3744 3744 3744 3744 3744 3744 3744 3744 3744 3744 3744 3744 3744 3744 3744 3744 1248 
27388 27388 27388 27388 27388 27388 27388 27388 27388 27388 18592 14018 14018 14018 14018 14018 14018 14018 14018 14018 14018 14018 14018 14018 14018 14018 14018 14018 14018 14018 14018 14018 9854 21210 21210 21210 21210 21210 21210 21210 21210 21210 18690 9870 18560 18560 18560 18560 18560 18560 18560 18560 18560 18560 11630 7980 7980 7980 7980 7980 7980 7980 7980 7980 7980 7980 7980 7980 7980 7980 7980 7980 7980 7980 7980 7980 5460 
28468 28468 28468 28468 28468 28468 28468 28468 28468 28468 19078 14342 14342 14342 14342 14342 14342 14342 14342 14342 14342 14342 14342 14342 14342 14342 14342 14342 14342 14342 14342 14342 9962 22668 22668 22668 22668 22668 22668 22668 22668 22668 19932 10356 19640 19640 19640 19640 19640 19640 19640 19640 19640 19640 12116 8304 8304 8304 8304 8304 8304 8304 8304 8304 8304 8304 8304 8304 8304 8304 8304 8304 8304 8304 8304 8304 5568 
35316 35316 35316 35316 35316 35316 35316 35316 35316 35316 25860 16034 16034 16034 16034 16034 16034 16034 16034 16034 16034 16034 16034 16034 16034 16034 16034 16034 16034 16034 16034 16034 11630 45508 45508 45508 45508 45508 45508 45508 45508 45508 42748 29436 44932 44932 44932 44932 44932 44932 44932 44932 44932 44932 34488 22666 22666 22666 22666 22666 22666 22666 22666 22666 22666 22666 22666 22666 22666 22666 22666 22666 22666 22666 22666 22666 18134 
13560 13560 13560 13560 13560 13560 13560 13560 13560 13560 6102 10722 10722 10722 10722 10722 10722 10722 10722 10722 10722 10722 10722 10722 10722 10722 10722 10722 10722 10722 10722 10722 6366 35064 35064 35064 35064 35064 35064 35064 35064 35064 32352 19208 34684 34684 34684 34684 34684 34684 34684 34684 34684 34684 24372 12474 12474 12474 12474 12474 12474 12474 12474 12474 12474 12474 12474 12474 12474 12474 12474 12474 12474 12474 12474 12474 7990 
27476 27476 27476 27476 27476 27476 27476 27476 27476 27476 19142 9678 9678 9678 9678 9678 9678 9678 9678 9678 9678 9678 9678 9678 9678 9678 9678 9678 9678 9678 9678 9678 5682 37130 37130 37130 37130 37130 37130 37130 37130 37130 34778 22894 37340 37340 37340 37340 37340 37340 37340 37340 37340 37340 28018 16430 16430 16430 16430 16430 16430 16430 16430 16430 16430 16430 16430 16430 16430 16430 16430 16430 16430 16430 16430 16430 12306 
33196 33196 33196 33196 33196 33196 33196 33196 33196 33196 24004 14282 14282 14282 14282 14282 14282 14282 14282 14282 14282 14282 14282 14282 14282 14282 14282 14282 14282 14282 14282 14282 9974 43140 43140 43140 43140 43140 43140 43140 43140 43140 40476 27500 42716 42716 42716 42716 42716 42716 42716 42716 42716 42716 32536 20802 20802 20802 20802 20802 20802 20802 20802 20802 20802 20802 20802 20802 20802 20802 20802 20802 20802 20802 20802 20802 16366 
27596 27596 27596 27596 27596 27596 27596 27596 27596 27596 18338 13502 13502 13502 13502 13502 13502 13502 13502 13502 13502 13502 13502 13502 13502 13502 13502 13502 13502 13502 13502 13502 9170 23784 23784 23784 23784 23784 23784 23784 23784 23784 21096 11688 18720 18720 18720 18720 18720 18720 18720 18720 18720 18720 11328 9672 9672 9672 9672 9672 9672 9672 9672 9672 9672 9672 9672 9672 9672 9672 9672 9672 9672 9672 9672 9672 6984 
35388 35388 35388 35388 35388 35388 35388 35388 35388 35388 26394 16702 16702 16702 16702 16702 16702 16702 16702 16702 16702 16702 16702 16702 16702 16702 16702 16702 16702 16702 16702 16702 12466 45230 45230 45230 45230 45230 45230 45230 45230 45230 42638 29914 44924 44924 44924 44924 44924 44924 44924 44924 44924 44924 34942 23270 23270 23270 23270 23270 23270 23270 23270 23270 23270 23270 23270 23270 23270 23270 23270 23270 23270 23270 23270 23270 18906 
32836 32836 32836 32836 32836 32836 32836 32836 32836 32836 23842 14174 14174 14174 14174 14174 14174 14174 14174 14174 14174 14174 14174 14174 14174 14174 14174 14174 14174 14174 14174 14174 9938 42654 42654 42654 42654 42654 42654 42654 42654 42654 40062 27338 42356 42356 42356 42356 42356 42356 42356 42356 42356 42356 32374 20694 20694 20694 20694 20694 20694 20694 20694 20694 20694 20694 20694 20694 20694 20694 20694 20694 20694 20694 20694 20694 16330 
28076 28076 28076 28076 28076 28076 28076 28076 28076 28076 18554 13646 13646 13646 13646 13646 13646 13646 13646 13646 13646 13646 13646 13646 13646 13646 13646 13646 13646 13646 13646 13646 9218 24432 24432 24432 24432 24432 24432 24432 24432 24432 21648 11904 19200 19200 19200 19200 19200 19200 19200 19200 19200 19200 11544 9816 9816 9816 9816 9816 9816 9816 9816 9816 9816 9816 9816 9816 9816 9816 9816 9816 9816 9816 9816 9816 7032 
30356 30356 30356 30356 30356 30356 30356 30356 30356 30356 21428 11810 11810 11810 11810 11810 11810 11810 11810 11810 11810 11810 11810 11810 11810 11810 11810 11810 11810 11810 11810 11810 7598 40124 40124 40124 40124 40124 40124 40124 40124 40124 37556 24916 39868 39868 39868 39868 39868 39868 39868 39868 39868 39868 29952 18290 18290 18290 18290 18290 18290 18290 18290 18290 18290 18290 18290 18290 18290 18290 18290 18290 18290 18290 18290 18290 13950 
13560 13560 13560 13560 13560 13560 13560 13560 13560 13560 6102 10722 10722 10722 10722 10722 10722 10722 10722 10722 10722 10722 10722 10722 10722 10722 10722 10722 10722 10722 10722 10722 6366 35064 35064 35064 35064 35064 35064 35064 35064 35064 32352 19208 34684 34684 34684 34684 34684 34684 34684 34684 34684 34684 24372 12474 12474 12474 12474 12474 12474 12474 12474 12474 12474 12474 12474 12474 12474 12474 12474 12474 12474 12474 12474 12474 7990 
13800 13800 13800 13800 13800 13800 13800 13800 13800 13800 6210 10794 10794 10794 10794 10794 10794 10794 10794 10794 10794 10794 10794 10794 10794 10794 10794 10794 10794 10794 10794 10794 6390 35388 35388 35388 35388 35388 35388 35388 35388 35388 32628 19316 34924 34924 34924 34924 34924 34924 34924 34924 34924 34924 24480 12546 12546 12546 12546 12546 12546 12546 12546 12546 12546 12546 12546 12546 12546 12546 12546 12546 12546 12546 12546 12546 8014 
28708 28708 28708 28708 28708 28708 28708 28708 28708 28708 19186 14414 14414 14414 14414 14414 14414 14414 14414 14414 14414 14414 14414 14414 14414 14414 14414 14414 14414 14414 14414 14414 9986 22992 22992 22992 22992 22992 22992 22992 22992 22992 20208 10464 19880 19880 19880 19880 19880 19880 19880 19880 19880 19880 12224 8376 8376 8376 8376 8376 8376 8376 8376 8376 8376 8376 8376 8376 8376 8376 8376 8376 8376 8376 8376 8376 5592 
33876 33876 33876 33876 33876 33876 33876 33876 33876 33876 25212 15602 15602 15602 15602 15602 15602 15602 15602 15602 15602 15602 15602 15602 15602 15602 15602 15602 15602 15602 15602 15602 11486 43564 43564 43564 43564 43564 43564 43564 43564 43564 41092 28788 43492 43492 43492 43492 43492 43492 43492 43492 43492 43492 33840 22234 22234 22234 22234 22234 22234 22234 22234 22234 22234 22234 22234 22234 22234 22234 22234 22234 22234 22234 22234 22234 17990 
33796 33796 33796 33796 33796 33796 33796 33796 33796 33796 24274 14462 14462 14462 14462 14462 14462 14462 14462 14462 14462 14462 14462 14462 14462 14462 14462 14462 14462 14462 14462 14462 10034 43950 43950 43950 43950 43950 43950 43950 43950 43950 41166 27770 43316 43316 43316 43316 43316 43316 43316 43316 43316 43316 32806 20982 20982 20982 20982 20982 20982 20982 20982 20982 20982 20982 20982 20982 20982 20982 20982 20982 20982 20982 20982 20982 16426 
32756 32756 32756 32756 32756 32756 32756 32756 32756 32756 23828 14146 14146 14146 14146 14146 14146 14146 14146 14146 14146 14146 14146 14146 14146 14146 14146 14146 14146 14146 14146 14146 9934 42740 42740 42740 42740 42740 42740 42740 42740 42740 40172 27532 42540 42540 42540 42540 42540 42540 42540 42540 42540 42540 32624 20906 20906 20906 20906 20906 20906 20906 20906 20906 20906 20906 20906 20906 20906 20906 20906 20906 20906 20906 20906 20906 16566 
27052 27052 27052 27052 27052 27052 27052 27052 27052 27052 18652 14114 14114 14114 14114 14114 14114 14114 14114 14114 14114 14114 14114 14114 14114 14114 14114 14114 14114 14114 14114 14114 10094 16038 16038 16038 16038 16038 16038 16038 16038 16038 13662 5346 13840 13840 13840 13840 13840 13840 13840 13840 13840 13840 7306 3564 3564 3564 3564 3564 3564 3564 3564 3564 3564 3564 3564 3564 3564 3564 3564 3564 3564 3564 3564 3564 1188 
25708 25708 25708 25708 25708 25708 25708 25708 25708 25708 16648 11962 11962 11962 11962 11962 11962 11962 11962 11962 11962 11962 11962 11962 11962 11962 11962 11962 11962 11962 11962 11962 7702 32984 32984 32984 32984 32984 32984 32984 32984 32984 30368 17560 32780 32780 32780 32780 32780 32780 32780 32780 32780 32780 22732 10898 10898 10898 10898 10898 10898 10898 10898 10898 10898 10898 10898 10898 10898 10898 10898 10898 10898 10898 10898 10898 6510 
26188 26188 26188 26188 26188 26188 26188 26188 26188 26188 18052 13658 13658 13658 13658 13658 13658 13658 13658 13658 13658 13658 13658 13658 13658 13658 13658 13658 13658 13658 13658 13658 9734 19590 19590 19590 19590 19590 19590 19590 19590 19590 17310 9330 17360 17360 17360 17360 17360 17360 17360 17360 17360 17360 11090 7620 7620 7620 7620 7620 7620 7620 7620 7620 7620 7620 7620 7620 7620 7620 7620 7620 7620 7620 7620 7620 5340 
26900 26900 26900 26900 26900 26900 26900 26900 26900 26900 18038 12334 12334 12334 12334 12334 12334 12334 12334 12334 12334 12334 12334 12334 12334 12334 12334 12334 12334 12334 12334 12334 8146 33378 33378 33378 33378 33378 33378 33378 33378 33378 30834 18278 32996 32996 32996 32996 32996 32996 32996 32996 32996 32996 23146 11670 11670 11670 11670 11670 11670 11670 11670 11670 11670 11670 11670 11670 11670 11670 11670 11670 11670 11670 11670 11670 7354 
24988 24988 24988 24988 24988 24988 24988 24988 24988 24988 16324 11746 11746 11746 11746 11746 11746 11746 11746 11746 11746 11746 11746 11746 11746 11746 11746 11746 11746 11746 11746 11746 7630 32012 32012 32012 32012 32012 32012 32012 32012 32012 29540 17236 32060 32060 32060 32060 32060 32060 32060 32060 32060 32060 22408 10682 10682 10682 10682 10682 10682 10682 10682 10682 10682 10682 10682 10682 10682 10682 10682 10682 10682 10682 10682 10682 6438 
25828 25828 25828 25828 25828 25828 25828 25828 25828 25828 16702 11998 11998 11998 11998 11998 11998 11998 11998 11998 11998 11998 11998 11998 11998 11998 11998 11998 11998 11998 11998 11998 7714 33146 33146 33146 33146 33146 33146 33146 33146 33146 30506 17614 32900 32900 32900 32900 32900 32900 32900 32900 32900 32900 22786 10934 10934 10934 10934 10934 10934 10934 10934 10934 10934 10934 10934 10934 10934 10934 10934 10934 10934 10934 10934 10934 6522 
]

ExternalWorkerWithSkillOnStintCost: [
36576 28944 30816 32328 35640 39168 37008 31104 30744 37008 25800 13290 17610 14190 12930 12630 14370 17130 14700 15120 15660 17310 13560 17610 12600 17130 13590 14490 17160 14670 17580 17400 8100 40908 35952 35196 45864 34608 39396 49056 38640 48048 36456 28140 31032 34632 36432 40248 32040 30240 31608 42624 41832 30384 30780 12390 17670 14460 16110 12870 12930 14970 15330 13350 12750 14700 15810 15360 13950 15780 15600 12990 13860 17940 16260 12450 7470 
33624 41112 35424 36360 32472 38304 28872 42696 32616 34488 25500 13650 12690 16800 17370 16980 13980 16620 14460 16740 12960 17250 14400 16080 14280 12270 16980 13260 13440 12330 17340 12810 8982 38724 48300 40992 37800 49476 36708 49476 34776 38220 49896 29220 38016 31320 29160 38376 34704 39816 32976 34344 30528 34200 27720 12180 16110 13170 17700 16260 15540 14790 15120 16980 13830 16800 14160 16620 16830 15780 14640 17970 17940 12270 15690 12180 8946 
42048 38088 36648 30456 42984 42120 29664 39600 42768 40536 25740 13920 15750 14070 12420 13080 17370 12660 12840 16230 14160 16650 16320 15090 16980 14430 15150 17010 15030 17400 17610 13080 9846 34860 47880 44352 37884 41748 37464 46116 38220 41664 45528 29400 36144 33696 36144 29736 37512 39960 40680 41544 38304 30240 25200 13440 16590 15480 12360 12660 13350 17670 15960 13290 12210 16080 12420 14310 17940 12300 14520 12000 13350 13530 14790 14070 8748 
]

OverlappingStints: [
[ 2 12 13 14 34 35 45 46 56 57 58 ]
[ 3 14 15 16 34 35 36 45 46 47 58 59 60 ]
[ 4 16 17 18 35 36 37 46 47 48 60 61 62 ]
[ 5 18 19 20 36 37 38 47 48 49 62 63 64 ]
[ 6 20 21 22 37 38 39 48 49 50 64 65 66 ]
[ 7 22 23 24 38 39 40 49 50 51 66 67 68 ]
[ 8 24 25 26 39 40 41 50 51 52 68 69 70 ]
[ 9 26 27 28 40 41 42 51 52 53 70 71 72 ]
[ 10 28 29 30 41 42 43 52 53 54 72 73 74 ]
[ 11 30 31 32 42 43 44 53 54 55 74 75 76 ]
[ 32 33 43 44 54 55 76 77 ]
[ 34 45 56 ]
[ 34 45 57 ]
[ 34 35 45 46 58 ]
[ 34 35 46 59 ]
[ 35 36 46 47 60 ]
[ 35 36 47 61 ]
[ 36 37 47 48 62 ]
[ 36 37 48 63 ]
[ 37 38 48 49 64 ]
[ 37 38 49 65 ]
[ 38 39 49 50 66 ]
[ 38 39 50 67 ]
[ 39 40 50 51 68 ]
[ 39 40 51 69 ]
[ 40 41 51 52 70 ]
[ 40 41 52 71 ]
[ 41 42 52 53 72 ]
[ 41 42 53 73 ]
[ 42 43 53 54 74 ]
[ 42 43 54 75 ]
[ 43 44 54 55 76 ]
[ 43 44 55 77 ]
[ 35 45 46 56 57 58 59 ]
[ 36 45 46 47 58 59 60 61 ]
[ 37 46 47 48 60 61 62 63 ]
[ 38 47 48 49 62 63 64 65 ]
[ 39 48 49 50 64 65 66 67 ]
[ 40 49 50 51 66 67 68 69 ]
[ 41 50 51 52 68 69 70 71 ]
[ 42 51 52 53 70 71 72 73 ]
[ 43 52 53 54 72 73 74 75 ]
[ 44 53 54 55 74 75 76 77 ]
[ 54 55 76 77 ]
[ 46 56 57 58 ]
[ 47 58 59 60 ]
[ 48 60 61 62 ]
[ 49 62 63 64 ]
[ 50 64 65 66 ]
[ 51 66 67 68 ]
[ 52 68 69 70 ]
[ 53 70 71 72 ]
[ 54 72 73 74 ]
[ 55 74 75 76 ]
[ 76 77 ]
[ ]
[ ]
[ ]
[ ]
[ ]
[ ]
[ ]
[ ]
[ ]
[ ]
[ ]
[ ]
[ ]
[ ]
[ ]
[ ]
[ ]
[ ]
[ ]
[ ]
[ ]
[ ]
]

EmployeesWithSkill: [
[ 1 2 3 4 5 6 7 8 9 10 11 12 13 14 15 16 17 18 19 20 21 22 23 24 25 26 27 28 29 30 31 32 33 34 35 36 37 38 39 40 41 42 43 44 45 46 47 48 49 50 51 52 53 54 55 56 57 58 59 60 ]
[ 1 2 3 4 6 7 8 9 10 12 13 14 17 18 19 20 21 23 25 26 28 30 31 33 34 35 36 37 39 40 41 42 43 44 45 46 47 48 50 51 52 53 54 55 58 59 60 ]
[ ]
]

SkillDemandInActivityWithMode: [
0	1	
14	22	
14	22	
6	10	
12	19	
8	13	
4	7	
5	9	
16	25	
8	13	
4	7	
15	24	
12	19	
5	9	
8	13	
14	22	
10	16	
12	19	
8	13	
12	19	
4	7	
15	24	
9	15	
12	19	
11	18	
15	24	
6	10	
16	25	
12	19	
10	16	
5	9	
11	18	
6	10	
16	25	
5	9	
0	1	
7	12	
10	16	
16	25	
13	21	
5	9	
14	22	
6	10	
4	7	
21	33	
16	25	
6	10	
25	39	
21	33	
18	28	
16	25	
4	7	
25	39	
6	10	
13	21	
25	39	
18	28	
18	28	
25	39	
9	15	
0	1	
12	19	
5	9	
13	21	
18	28	
15	24	
10	16	
18	28	
12	19	
9	15	
18	28	
12	19	
7	12	
7	12	
2	4	
7	12	
0	1	
2	4	
8	13	
7	12	
5	9	
4	7	
5	9	
7	12	
6	10	
2	4	
7	12	
4	7	
4	7	
2	4	
4	7	
6	10	
7	12	
5	9	
5	9	
4	7	
6	10	
4	7	
3	6	
5	9	
2	4	
2	4	
1	3	
4	7	
7	12	
2	4	
3	6	
6	10	
0	1	
3	6	
4	7	
4	7	
5	9	
5	9	
4	7	
3	6	
2	4	
2	4	
3	6	
3	6	
4	7	
4	7	
1	3	
4	7	
3	6	
3	6	
5	9	
2	4	
4	7	
5	9	
2	4	
4	7	
4	7	
5	9	
1	3	
2	4	
5	9	
5	9	
2	4	
3	6	
3	6	
1	3	
4	7	

0	1	
12	19	
12	19	
5	9	
11	18	
7	12	
3	6	
4	7	
15	24	
7	12	
3	6	
14	22	
11	18	
4	7	
7	12	
12	19	
9	15	
11	18	
7	12	
11	18	
3	6	
14	22	
8	13	
11	18	
10	16	
14	22	
5	9	
15	24	
11	18	
9	15	
4	7	
10	16	
5	9	
15	24	
4	7	
0	1	
1	3	
1	3	
3	6	
2	4	
0	1	
2	4	
1	3	
0	1	
4	7	
3	6	
1	3	
4	7	
4	7	
3	6	
3	6	
0	1	
4	7	
1	3	
2	4	
4	7	
3	6	
3	6	
4	7	
1	3	
0	1	
26	40	
11	18	
30	46	
42	64	
35	54	
23	36	
42	64	
26	40	
21	33	
42	64	
26	40	
16	25	
16	25	
4	7	
16	25	
0	1	
0	1	
1	3	
1	3	
0	1	
0	1	
0	1	
1	3	
1	3	
0	1	
1	3	
0	1	
0	1	
0	1	
0	1	
1	3	
1	3	
0	1	
0	1	
0	1	
1	3	
0	1	
0	1	
0	1	
0	1	
0	1	
0	1	
0	1	
1	3	
0	1	
0	1	
1	3	
0	1	
1	3	
2	4	
1	3	
2	4	
2	4	
1	3	
1	3	
0	1	
0	1	
1	3	
1	3	
1	3	
1	3	
0	1	
2	4	
1	3	
1	3	
2	4	
0	1	
1	3	
2	4	
0	1	
1	3	
1	3	
2	4	
0	1	
0	1	
2	4	
2	4	
0	1	
1	3	
1	3	
0	1	
2	4	

0	1	
0	1	
0	1	
0	1	
0	1	
0	1	
0	1	
0	1	
0	1	
0	1	
0	1	
0	1	
0	1	
0	1	
0	1	
0	1	
0	1	
0	1	
0	1	
0	1	
0	1	
0	1	
0	1	
0	1	
0	1	
0	1	
0	1	
0	1	
0	1	
0	1	
0	1	
0	1	
0	1	
0	1	
0	1	
0	1	
0	1	
0	1	
0	1	
0	1	
0	1	
0	1	
0	1	
0	1	
0	1	
0	1	
0	1	
0	1	
0	1	
0	1	
0	1	
0	1	
0	1	
0	1	
0	1	
0	1	
0	1	
0	1	
0	1	
0	1	
0	1	
0	1	
0	1	
0	1	
0	1	
0	1	
0	1	
0	1	
0	1	
0	1	
0	1	
0	1	
0	1	
0	1	
0	1	
0	1	
0	1	
0	1	
0	1	
0	1	
0	1	
0	1	
0	1	
0	1	
0	1	
0	1	
0	1	
0	1	
0	1	
0	1	
0	1	
0	1	
0	1	
0	1	
0	1	
0	1	
0	1	
0	1	
0	1	
0	1	
0	1	
0	1	
0	1	
0	1	
0	1	
0	1	
0	1	
0	1	
0	1	
0	1	
0	1	
0	1	
0	1	
0	1	
0	1	
0	1	
0	1	
0	1	
0	1	
0	1	
0	1	
0	1	
0	1	
0	1	
0	1	
0	1	
0	1	
0	1	
0	1	
0	1	
0	1	
0	1	
0	1	
0	1	
0	1	
0	1	
0	1	
0	1	
0	1	
0	1	
0	1	
0	1	
0	1	

]

EmployeeAvailability: [
0 1 1 1 0 1 1 1 1 1 1 0 1 1 1 1 1 1 1 0 1 1 1 1 1 1 1 1 1 1 1 1 1 0 1 1 1 0 1 1 1 1 1 1 0 1 1 1 0 1 1 1 1 1 1 0 1 1 1 1 1 1 1 0 1 1 1 1 1 1 1 1 1 1 1 1 1 
0 1 1 0 1 1 1 1 1 1 1 1 0 1 1 1 1 0 1 1 1 1 1 1 1 1 1 1 1 1 1 1 1 0 1 1 0 1 1 1 1 1 1 1 0 1 1 0 1 1 1 1 1 1 1 1 0 1 1 1 1 0 1 1 1 1 1 1 1 1 1 1 1 1 1 1 1 
1 1 1 1 1 1 1 1 1 1 1 1 1 1 1 1 1 1 1 1 1 1 1 1 1 1 1 1 1 1 1 1 1 1 1 1 1 1 1 1 1 1 1 1 1 1 1 1 1 1 1 1 1 1 1 1 1 1 1 1 1 1 1 1 1 1 1 1 1 1 1 1 1 1 1 1 1 
1 1 1 1 1 1 1 1 1 1 1 1 1 1 1 1 1 1 1 1 1 1 1 1 1 1 1 1 1 1 1 1 1 1 1 1 1 1 1 1 1 1 1 1 1 1 1 1 1 1 1 1 1 1 1 1 1 1 1 1 1 1 1 1 1 1 1 1 1 1 1 1 1 1 1 1 1 
0 1 1 1 0 1 1 1 1 1 1 0 1 1 1 1 1 1 1 1 0 1 1 1 1 1 1 1 1 1 1 1 1 0 1 1 1 0 1 1 1 1 1 1 0 1 1 1 0 1 1 1 1 1 1 0 1 1 1 1 1 1 1 1 0 1 1 1 1 1 1 1 1 1 1 1 1 
1 1 1 1 1 1 0 1 1 0 1 1 1 1 1 1 1 1 1 1 1 1 1 0 0 1 1 1 1 0 1 1 1 1 1 1 1 1 1 0 1 1 0 1 1 1 1 1 1 1 0 1 1 0 1 1 1 1 1 1 1 1 1 1 1 1 1 0 0 1 1 1 1 0 1 1 1 
1 1 1 1 1 1 1 1 1 1 1 1 1 1 1 1 1 1 1 1 1 1 1 1 1 1 1 1 1 1 1 1 1 1 1 1 1 1 1 1 1 1 1 1 1 1 1 1 1 1 1 1 1 1 1 1 1 1 1 1 1 1 1 1 1 1 1 1 1 1 1 1 1 1 1 1 1 
1 1 0 1 1 1 1 1 0 1 1 1 1 1 1 0 0 1 1 1 1 1 1 1 1 1 1 1 0 1 1 1 1 1 1 0 1 1 1 1 1 0 1 1 1 1 0 1 1 1 1 1 0 1 1 1 1 1 1 0 0 1 1 1 1 1 1 1 1 1 1 1 0 1 1 1 1 
1 1 1 1 1 1 0 1 1 1 1 1 1 1 1 1 1 1 1 1 1 1 1 1 0 1 1 1 1 1 1 1 1 1 1 1 1 1 1 0 1 1 1 1 1 1 1 1 1 1 0 1 1 1 1 1 1 1 1 1 1 1 1 1 1 1 1 1 0 1 1 1 1 1 1 1 1 
1 1 0 1 1 1 1 1 1 1 1 1 1 1 1 1 0 1 1 1 1 1 1 1 1 1 1 1 1 1 1 1 1 1 1 0 1 1 1 1 1 1 1 1 1 1 0 1 1 1 1 1 1 1 1 1 1 1 1 1 0 1 1 1 1 1 1 1 1 1 1 1 1 1 1 1 1 
1 1 1 1 0 1 1 1 0 1 1 1 1 1 1 1 1 1 1 1 1 1 1 1 1 1 1 1 0 1 1 1 1 1 1 1 1 0 1 1 1 0 1 1 1 1 1 1 0 1 1 1 0 1 1 1 1 1 1 1 1 1 1 1 1 1 1 1 1 1 1 1 0 1 1 1 1 
1 1 1 1 1 1 1 1 1 1 1 1 1 1 1 1 1 1 1 1 1 1 1 1 1 1 1 1 1 1 1 1 1 1 1 1 1 1 1 1 1 1 1 1 1 1 1 1 1 1 1 1 1 1 1 1 1 1 1 1 1 1 1 1 1 1 1 1 1 1 1 1 1 1 1 1 1 
1 1 1 1 1 1 0 1 1 1 1 1 1 1 1 1 1 1 1 1 1 1 1 1 0 1 1 1 1 1 1 1 1 1 1 1 1 0 1 0 1 1 1 1 1 1 1 1 1 1 0 1 1 1 1 1 1 1 1 1 1 1 1 1 1 1 1 1 0 1 1 1 1 1 1 1 1 
1 1 1 0 1 1 1 1 1 0 1 1 1 1 1 1 1 0 1 1 1 1 1 1 1 1 1 1 1 1 1 1 1 1 1 1 0 1 1 1 1 1 0 1 1 1 1 0 1 1 1 1 1 0 1 1 1 1 1 1 1 0 1 1 1 1 1 1 1 1 1 1 1 1 1 1 1 
1 1 1 1 1 1 1 1 1 0 1 1 1 1 1 1 1 1 1 1 1 1 1 1 1 1 1 1 1 0 1 1 1 1 1 1 1 1 1 1 1 1 0 1 1 1 1 1 1 1 1 1 1 0 1 1 1 1 1 1 1 1 1 1 1 1 1 1 1 1 1 1 1 0 1 1 1 
0 1 1 1 1 0 1 1 1 0 1 1 0 1 1 1 1 1 1 1 1 0 1 1 1 1 1 1 1 0 1 1 1 0 1 1 1 1 0 1 1 1 0 1 0 1 1 1 1 0 1 1 1 0 1 1 0 1 1 1 1 1 1 1 1 0 1 1 1 1 1 1 1 0 1 1 1 
0 1 1 1 0 1 0 1 1 1 1 1 0 1 1 1 1 1 1 1 0 1 1 0 1 1 1 1 1 1 1 1 1 0 1 1 1 0 1 0 1 1 1 1 0 1 1 1 0 1 0 1 1 1 1 1 0 1 1 1 1 1 1 1 0 1 1 0 1 1 1 1 1 1 1 1 1 
1 1 1 1 1 1 1 0 0 1 1 1 1 1 1 1 1 1 1 1 1 1 1 1 1 0 1 0 1 1 1 1 1 1 1 1 1 1 1 1 0 0 1 1 1 1 1 1 1 1 1 0 0 1 1 1 1 1 1 1 1 1 1 1 1 1 1 1 1 0 1 0 1 1 1 1 1 
1 1 1 1 1 1 1 1 1 0 1 1 1 1 1 1 1 1 1 1 1 1 1 1 1 1 1 1 1 1 0 1 1 1 1 1 1 1 1 1 1 1 0 1 1 1 1 1 1 1 1 1 1 0 1 1 1 1 1 1 1 1 1 1 1 1 1 1 1 1 1 1 1 1 0 1 1 
1 1 1 1 1 0 0 1 0 1 1 1 1 1 1 1 1 1 1 1 1 0 1 1 0 1 1 1 0 1 1 1 1 1 1 1 1 1 0 0 1 0 1 1 1 1 1 1 1 0 0 1 0 1 1 1 1 1 1 1 1 1 1 1 1 0 1 1 0 1 1 1 0 1 1 1 1 
1 1 1 1 0 1 1 1 1 1 1 1 1 1 1 1 1 1 1 1 1 1 1 1 1 1 1 1 1 1 1 1 1 1 1 1 1 0 1 1 1 1 1 1 1 1 1 1 0 1 1 1 1 1 1 1 1 1 1 1 1 1 1 1 1 1 1 1 1 1 1 1 1 1 1 1 1 
1 1 1 1 1 1 1 1 1 1 1 1 1 1 1 1 1 1 1 1 1 1 1 1 1 1 1 1 1 1 1 1 1 1 1 1 1 1 1 1 1 1 1 1 1 1 1 1 1 1 1 1 1 1 1 1 1 1 1 1 1 1 1 1 1 1 1 1 1 1 1 1 1 1 1 1 1 
1 1 1 1 1 1 0 0 1 1 1 1 1 1 1 1 1 1 1 1 1 1 1 1 0 0 1 1 1 1 1 1 1 1 1 1 1 1 1 0 0 1 1 1 1 1 1 1 1 1 0 0 1 1 1 1 1 1 1 1 1 1 1 1 1 1 1 1 0 0 1 1 1 1 1 1 1 
1 1 1 1 1 1 1 1 1 1 1 1 1 1 1 1 1 1 1 1 1 1 1 1 1 1 1 1 1 1 1 1 1 1 1 1 1 1 1 1 1 1 1 1 1 1 1 1 1 1 1 1 1 1 1 1 1 1 1 1 1 1 1 1 1 1 1 1 1 1 1 1 1 1 1 1 1 
0 1 1 1 1 0 1 0 1 1 1 1 0 1 1 1 1 1 1 1 1 1 1 1 1 1 0 1 1 1 1 1 1 0 1 1 1 1 0 1 0 1 1 1 0 1 1 1 1 0 1 0 1 1 1 1 0 1 1 1 1 1 1 1 1 1 1 1 1 1 0 1 1 1 1 1 1 
0 0 1 1 1 1 1 0 1 1 1 0 1 0 1 1 1 1 1 1 1 1 1 1 1 0 1 1 1 1 1 1 1 0 0 1 1 1 1 1 0 1 1 1 0 0 1 1 1 1 1 0 1 1 1 0 1 0 1 1 1 1 1 1 1 1 1 1 1 0 1 1 1 1 1 1 1 
1 1 1 1 1 1 1 1 1 0 0 1 1 1 1 1 1 1 1 1 1 1 1 1 1 1 1 1 1 1 0 0 1 1 1 1 1 1 1 1 1 1 0 0 1 1 1 1 1 1 1 1 1 0 0 1 1 1 1 1 1 1 1 1 1 1 1 1 1 1 1 1 1 1 0 0 1 
1 0 1 0 1 1 1 1 1 1 1 1 1 0 1 1 1 0 1 1 1 1 1 1 1 1 1 1 1 1 1 1 1 1 0 1 0 1 1 1 1 1 1 1 1 0 1 0 1 1 1 1 1 1 1 1 1 0 1 1 1 0 1 1 1 1 1 1 1 1 1 1 1 1 1 1 1 
0 1 1 1 1 0 1 1 1 1 0 0 1 1 1 1 1 1 1 1 1 0 1 1 1 1 1 1 1 1 1 0 1 0 1 1 1 1 0 1 1 1 1 0 0 1 1 1 1 0 1 1 1 1 0 0 1 1 1 1 1 1 1 1 1 0 1 1 1 1 1 1 1 1 1 0 1 
1 1 1 1 1 1 1 1 1 1 1 1 1 1 1 1 1 1 1 1 1 1 1 1 1 1 1 1 1 1 1 1 1 1 1 1 1 1 1 1 1 1 1 1 1 1 1 1 1 1 1 1 1 1 1 1 1 1 1 1 1 1 1 1 1 1 1 1 1 1 1 1 1 1 1 1 1 
1 0 1 1 0 1 1 1 1 1 1 1 1 0 1 1 1 1 1 0 1 1 1 1 1 1 1 1 1 1 1 1 1 1 0 1 1 0 1 1 1 1 1 1 1 0 1 1 0 1 1 1 1 1 1 1 1 0 1 1 1 1 1 0 1 1 1 1 1 1 1 1 1 1 1 1 1 
1 1 1 0 0 1 1 1 1 1 1 1 1 1 1 1 1 0 1 0 1 1 1 1 1 1 1 1 1 1 1 1 1 1 1 1 0 0 1 1 1 1 1 1 1 1 1 0 0 1 1 1 1 1 1 1 1 1 1 1 1 0 1 0 1 1 1 1 1 1 1 1 1 1 1 1 1 
1 1 1 1 1 1 1 1 1 0 0 1 1 1 1 1 1 1 1 1 1 1 1 1 1 1 1 1 1 1 0 0 1 1 1 1 1 1 1 1 1 1 0 0 1 1 1 1 1 1 1 1 1 0 0 1 1 1 1 1 1 1 1 1 1 1 1 1 1 1 1 1 1 1 0 0 1 
0 1 1 1 1 1 1 1 1 0 1 0 0 1 1 1 1 1 1 1 1 1 1 1 1 1 1 1 1 1 0 1 1 0 1 1 1 1 1 1 1 1 0 1 0 1 1 1 1 1 1 1 1 0 1 0 0 1 1 1 1 1 1 1 1 1 1 1 1 1 1 1 1 1 0 1 1 
1 1 0 1 1 1 0 1 1 1 1 1 1 1 1 0 1 1 1 1 1 1 1 0 1 1 1 1 1 1 1 1 1 1 1 0 1 1 1 0 1 1 1 1 1 1 0 1 1 1 0 1 1 1 1 1 1 1 1 0 1 1 1 1 1 1 1 0 1 1 1 1 1 1 1 1 1 
1 1 1 1 1 1 1 1 1 0 1 1 1 1 1 1 1 1 1 1 1 1 1 1 1 1 1 1 1 0 1 1 1 1 1 1 1 1 0 1 1 1 0 1 1 1 1 1 1 1 1 1 1 0 1 1 1 1 1 1 1 1 1 1 1 1 1 1 1 1 1 1 1 0 1 1 1 
0 1 1 1 1 1 1 1 0 1 1 1 1 1 1 1 1 1 1 1 1 1 1 1 1 1 1 1 0 1 1 1 1 0 1 1 1 1 1 1 1 0 1 1 0 1 1 1 1 1 1 1 0 1 1 1 1 1 1 1 1 1 1 1 1 1 1 1 1 1 1 1 0 1 1 1 1 
1 1 0 0 1 1 1 1 1 1 1 1 1 1 1 0 1 0 1 1 1 1 1 1 1 1 1 1 1 1 1 1 1 1 1 0 0 1 1 1 1 1 1 1 1 1 0 0 1 1 1 1 1 1 1 1 1 1 1 0 1 0 1 1 1 1 1 1 1 1 1 1 1 1 1 1 1 
1 1 1 0 1 1 0 1 0 1 1 1 1 1 1 1 1 1 1 1 1 1 1 1 0 1 1 1 0 1 1 1 1 1 1 1 0 1 1 0 1 0 1 1 1 1 1 0 1 1 0 1 0 1 1 1 1 1 1 1 1 1 1 1 1 1 1 1 0 1 1 1 0 1 1 1 1 
1 1 1 1 1 1 1 1 1 1 1 1 1 1 1 1 1 1 1 1 1 1 1 1 1 1 1 1 1 1 1 1 1 1 1 1 1 1 1 1 1 1 1 1 1 1 1 1 1 1 1 1 1 1 1 1 1 1 1 1 1 1 1 1 1 1 1 1 1 1 1 1 1 1 1 1 1 
0 1 0 1 1 1 1 1 0 1 1 1 0 1 1 1 1 1 1 1 1 1 1 1 1 1 1 1 0 1 1 1 1 0 1 0 1 1 1 1 1 0 1 1 0 1 0 1 1 1 1 1 0 1 1 1 0 1 1 1 1 1 1 1 1 1 1 1 1 1 1 1 0 1 1 1 1 
1 1 0 0 1 0 1 1 1 1 1 1 1 1 1 0 1 1 0 1 1 1 0 1 1 1 1 1 1 1 1 1 1 1 1 0 0 1 0 1 1 1 1 1 1 1 0 0 1 0 1 1 1 1 1 1 1 1 1 0 1 1 0 1 1 1 0 1 1 1 1 1 1 1 1 1 1 
0 1 1 1 0 1 1 1 1 1 1 0 1 1 1 1 1 1 1 1 1 1 1 1 1 1 1 1 1 1 1 1 1 0 1 1 1 0 1 1 1 1 1 1 0 1 1 1 0 1 1 1 1 1 1 0 1 1 1 1 1 1 1 1 1 1 1 1 1 1 1 1 1 1 1 1 1 
1 1 1 1 1 1 1 0 0 1 1 1 1 1 1 1 1 1 1 1 1 1 1 1 1 1 0 0 1 1 1 1 1 1 1 1 1 1 1 1 0 0 1 1 1 1 1 1 1 1 1 0 0 1 1 1 1 1 1 1 1 1 1 1 1 1 1 1 1 1 0 0 1 1 1 1 1 
1 1 1 1 1 1 1 1 1 1 1 1 1 1 1 1 1 1 1 1 1 1 1 1 1 1 1 1 1 1 1 1 1 1 1 1 1 1 1 1 1 1 1 1 1 1 1 1 1 1 1 1 1 1 1 1 1 1 1 1 1 1 1 1 1 1 1 1 1 1 1 1 1 1 1 1 1 
1 1 1 1 1 1 1 1 1 1 1 1 1 1 1 1 1 1 1 1 1 1 1 1 1 1 1 1 1 1 1 1 1 1 1 1 1 1 1 1 1 1 1 1 1 1 1 1 1 1 1 1 1 1 1 1 1 1 1 1 1 1 1 1 1 1 1 1 1 1 1 1 1 1 1 1 1 
1 0 1 0 1 0 1 1 1 1 1 1 1 0 1 1 1 1 1 1 1 0 1 1 1 1 1 1 1 1 1 1 1 1 0 1 0 1 0 1 1 1 1 1 1 0 1 0 1 0 1 1 1 1 1 1 1 0 1 1 1 1 1 1 1 0 1 1 1 1 1 1 1 1 1 1 1 
1 1 1 0 1 1 1 1 1 1 1 1 1 1 1 1 1 1 0 1 1 1 1 1 1 1 1 1 1 1 1 1 1 1 1 0 0 1 1 1 1 1 1 1 1 1 1 0 1 1 1 1 1 1 1 1 1 1 1 1 1 1 0 1 1 1 1 1 1 1 1 1 1 1 1 1 1 
1 1 1 1 1 1 1 1 1 1 1 1 1 1 1 1 1 1 1 1 1 1 1 1 1 1 1 1 1 1 1 1 1 1 1 1 1 1 1 1 1 1 1 1 1 1 1 1 1 1 1 1 1 1 1 1 1 1 1 1 1 1 1 1 1 1 1 1 1 1 1 1 1 1 1 1 1 
1 1 1 1 1 1 0 1 1 1 1 1 1 1 1 1 1 1 1 1 1 1 1 0 1 1 1 1 1 1 1 1 1 1 1 1 1 1 1 0 1 1 1 1 1 1 1 1 1 1 0 1 1 1 1 1 1 1 1 1 1 1 1 1 1 1 1 0 1 1 1 1 1 1 1 1 1 
1 1 1 1 1 0 1 1 1 1 0 1 1 1 1 1 1 1 1 1 1 0 1 1 1 1 1 1 1 1 1 1 0 1 1 1 1 1 0 1 1 1 1 0 1 1 1 1 1 0 1 1 1 1 0 1 1 1 1 1 1 1 1 1 1 0 1 1 1 1 1 1 1 1 1 1 0 
1 1 1 1 1 0 1 1 1 1 1 1 1 1 1 1 1 1 1 1 1 0 1 1 1 1 1 1 1 1 1 1 1 1 1 1 1 1 0 1 1 1 1 1 1 1 1 1 1 0 1 1 1 1 1 1 1 1 1 1 1 1 1 1 1 0 1 1 1 1 1 1 1 1 1 1 1 
0 1 1 1 1 1 1 1 1 1 1 1 0 1 1 1 1 1 1 1 1 1 1 1 1 1 1 1 1 1 1 1 1 0 1 1 1 1 1 1 1 1 1 1 0 1 1 1 1 1 1 1 1 1 1 1 0 1 1 1 1 1 1 1 1 1 1 1 1 1 1 1 1 1 1 1 1 
1 1 1 1 1 1 1 0 1 0 1 1 1 1 1 1 1 1 1 1 1 1 1 1 1 1 0 1 1 1 1 1 1 1 1 1 1 1 1 1 0 1 0 1 1 1 1 1 1 1 1 0 1 0 1 1 1 1 1 1 1 1 1 1 1 1 1 1 1 1 0 1 1 1 1 1 1 
1 1 1 1 1 1 1 1 1 1 1 1 1 1 1 1 1 1 1 1 1 1 1 1 1 1 1 1 1 1 1 1 1 1 1 1 1 1 1 1 1 1 1 1 1 1 1 1 1 1 1 1 1 1 1 1 1 1 1 1 1 1 1 1 1 1 1 1 1 1 1 1 1 1 1 1 1 
1 1 1 1 1 1 1 1 1 1 1 1 1 1 1 1 1 1 1 1 1 1 1 1 1 1 1 1 1 1 1 1 1 1 1 1 1 1 1 1 1 1 1 1 1 1 1 1 1 1 1 1 1 1 1 1 1 1 1 1 1 1 1 1 1 1 1 1 1 1 1 1 1 1 1 1 1 
1 1 1 1 1 1 1 1 1 1 1 1 1 1 1 1 1 1 1 1 1 1 1 1 1 1 1 1 1 1 1 1 1 1 1 1 1 1 1 1 1 1 1 1 1 1 1 1 1 1 1 1 1 1 1 1 1 1 1 1 1 1 1 1 1 1 1 1 1 1 1 1 1 1 1 1 1 
1 0 1 1 1 1 1 1 1 1 0 1 1 1 0 1 1 1 1 1 1 1 1 1 1 1 1 1 1 1 1 1 1 1 0 1 1 1 1 1 1 1 1 0 1 0 1 1 1 1 1 1 1 1 0 1 1 1 0 1 1 1 1 1 1 1 1 1 1 1 1 1 1 1 1 1 1 
1 1 1 1 1 0 1 1 1 1 1 1 1 1 1 1 1 1 1 1 1 1 0 1 1 1 1 1 1 1 1 1 1 1 1 1 1 1 0 1 1 1 1 1 1 1 1 1 1 0 1 1 1 1 1 1 1 1 1 1 1 1 1 1 1 1 0 1 1 1 1 1 1 1 1 1 1 
1 1 1 1 0 1 1 1 1 1 1 1 1 1 1 1 1 1 1 0 1 1 1 1 1 1 1 1 1 1 1 1 1 1 1 1 1 0 1 1 1 1 1 1 1 1 1 1 0 1 1 1 1 1 1 1 1 1 1 1 1 1 1 0 1 1 1 1 1 1 1 1 1 1 1 1 1 
]

EmployeeWantedInStint: [ (1 14) 1 (1 62) 1 (2 42) 1 (2 55) 1 (2 60) 1 (4 17) 1 (4 26) 1 (4 75) 1 (5 27) 1 (7 74) 1 (8 61) 1 (9 59) 1 (10 26) 1 (10 46) 1 (13 17) 1 (13 28) 1 (13 44) 1 (13 50) 1 (14 3) 1 (14 38) 1 (14 73) 1 (14 74) 1 (15 24) 1 (16 48) 1 (16 64) 1 (17 16) 1 (17 18) 1 (17 52) 1 (18 1) 1 (18 51) 1 (18 61) 1 (19 47) 1 (19 63) 1 (20 33) 1 (21 49) 1 (21 57) 1 (22 38) 1 (24 22) 1 (24 30) 1 (24 40) 1 (24 62) 1 (25 8) 1 (25 35) 1 (27 61) 1 (28 7) 1 (29 15) 1 (29 17) 1 (29 30) 1 (30 47) 1 (31 71) 1 (32 55) 1 (32 71) 1 (33 63) 1 (34 69) 1 (34 77) 1 (35 30) 1 (36 5) 1 (36 52) 1 (38 25) 1 (38 28) 1 (38 67) 1 (39 3) 1 (39 5) 1 (39 24) 1 (39 48) 1 (41 22) 1 (41 58) 1 (42 36) 1 (43 48) 1 (43 58) 1 (43 72) 1 (44 49) 1 (44 72) 1 (46 37) 1 (47 17) 1 (47 59) 1 (48 52) 1 (49 19) 1 (50 1) 1 (50 16) 1 (51 48) 1 (52 21) 1 (53 59) 1 (53 67) 1 (54 5) 1 (54 30) 1 (55 7) 1 (55 59) 1 (57 52) 1 (57 55) 1 (57 57) 1 (57 77) 1 (60 26) 1 (60 40) 1 (60 63) 1 ]

EmployeeWantedViolationCost: [ (1 14) 10000 (1 62) 15000 (2 42) 10000 (2 55) 5000 (2 60) 6000 (4 17) 7000 (4 26) 15000 (4 75) 15000 (5 27) 15000 (7 74) 11000 (8 61) 8000 (9 59) 6000 (10 26) 12000 (10 46) 11000 (13 17) 13000 (13 28) 12000 (13 44) 15000 (13 50) 9000 (14 3) 12000 (14 38) 11000 (14 73) 12000 (14 74) 14000 (15 24) 13000 (16 48) 8000 (16 64) 7000 (17 16) 13000 (17 18) 5000 (17 52) 13000 (18 1) 6000 (18 51) 5000 (18 61) 11000 (19 47) 5000 (19 63) 9000 (20 33) 8000 (21 49) 5000 (21 57) 5000 (22 38) 5000 (24 22) 9000 (24 30) 9000 (24 40) 9000 (24 62) 12000 (25 8) 7000 (25 35) 12000 (27 61) 11000 (28 7) 11000 (29 15) 13000 (29 17) 11000 (29 30) 12000 (30 47) 13000 (31 71) 9000 (32 55) 5000 (32 71) 13000 (33 63) 5000 (34 69) 11000 (34 77) 11000 (35 30) 13000 (36 5) 9000 (36 52) 7000 (38 25) 7000 (38 28) 15000 (38 67) 8000 (39 3) 6000 (39 5) 8000 (39 24) 8000 (39 48) 14000 (41 22) 9000 (41 58) 11000 (42 36) 10000 (43 48) 12000 (43 58) 11000 (43 72) 6000 (44 49) 7000 (44 72) 8000 (46 37) 14000 (47 17) 7000 (47 59) 12000 (48 52) 12000 (49 19) 9000 (50 1) 9000 (50 16) 11000 (51 48) 7000 (52 21) 8000 (53 59) 6000 (53 67) 9000 (54 5) 12000 (54 30) 11000 (55 7) 5000 (55 59) 9000 (57 52) 10000 (57 55) 13000 (57 57) 9000 (57 77) 9000 (60 26) 15000 (60 40) 5000 (60 63) 7000 ]

EmployeesThatShouldNotWorkTogetherWithEmployee: [
[ 49 59 ]
[ ]
[ 5 7 8 36 53 55 ]
[ 8 ]
[ ]
[ 25 46 ]
[ 22 25 27 33 42 49 ]
[ 12 16 29 ]
[ 46 ]
[ 18 31 45 46 48 ]
[ 23 34 43 48 58 ]
[ 13 59 ]
[ 23 29 58 ]
[ 24 ]
[ 20 47 ]
[ 52 ]
[ ]
[ 20 ]
[ 24 55 58 ]
[ 52 54 ]
[ 60 ]
[ 43 52 58 ]
[ 33 47 ]
[ ]
[ ]
[ 42 ]
[ 29 ]
[ ]
[ 32 ]
[ 46 ]
[ 39 ]
[ 56 ]
[ 35 37 59 ]
[ 52 ]
[ ]
[ 49 51 53 ]
[ 48 49 54 ]
[ 58 ]
[ ]
[ 41 ]
[ 43 51 ]
[ 47 ]
[ ]
[ ]
[ ]
[ 47 ]
[ ]
[ ]
[ ]
[ ]
[ ]
[ ]
[ ]
[ ]
[ ]
[ ]
[ ]
[ ]
[ ]
[ ]
]

ShouldNotWorkTogetherCost: [ (1 49) 396 (1 59) 99 (3 5) 99 (3 7) 198 (3 8) 99 (3 36) 99 (3 53) 297 (3 55) 198 (4 8) 396 (6 25) 396 (6 46) 198 (7 22) 297 (7 25) 297 (7 27) 396 (7 33) 99 (7 42) 297 (7 49) 198 (8 12) 396 (8 16) 297 (8 29) 198 (9 46) 396 (10 18) 198 (10 31) 396 (10 45) 297 (10 46) 297 (10 48) 396 (11 23) 198 (11 34) 198 (11 43) 99 (11 48) 99 (11 58) 396 (12 13) 297 (12 59) 396 (13 23) 99 (13 29) 297 (13 58) 198 (14 24) 396 (15 20) 99 (15 47) 297 (16 52) 396 (18 20) 396 (19 24) 198 (19 55) 198 (19 58) 396 (20 52) 396 (20 54) 198 (21 60) 198 (22 43) 99 (22 52) 198 (22 58) 396 (23 33) 198 (23 47) 396 (26 42) 297 (27 29) 99 (29 32) 99 (30 46) 396 (31 39) 99 (32 56) 396 (33 35) 198 (33 37) 297 (33 59) 198 (34 52) 198 (36 49) 198 (36 51) 396 (36 53) 396 (37 48) 396 (37 49) 396 (37 54) 396 (38 58) 198 (40 41) 99 (41 43) 198 (41 51) 297 (42 47) 396 (46 47) 396 ]

ImmediatePredecessorsToActivity: [
[ ]
[ 1 ]
[ 1 ]
[ 3 ]
[ 2 4 ]
[ 3 ]
[ 4 ]
[ 2 ]
[ 2 3 ]
[ 2 3 ]
[ 4 6 10 ]
[ 5 9 ]
[ 6 ]
[ 4 6 8 10 ]
[ 6 ]
[ 12 13 ]
[ 2 6 12 ]
[ 4 15 ]
[ 2 4 6 ]
[ 5 18 ]
[ 9 10 ]
[ 8 9 10 19 20 ]
[ 15 19 ]
[ 8 12 13 18 ]
[ 2 16 ]
[ 11 17 24 ]
[ 4 10 ]
[ 5 8 18 21 23 ]
[ 5 10 19 ]
[ 5 13 15 19 ]
[ 4 6 8 9 ]
[ 4 6 29 ]
[ 5 10 13 15 19 ]
[ 5 11 17 21 ]
[ 5 8 9 ]
[ ]
[ 36 ]
[ 36 ]
[ 36 ]
[ 39 ]
[ 40 ]
[ 40 ]
[ 37 39 ]
[ 36 ]
[ 37 ]
[ 39 ]
[ 37 38 39 ]
[ 40 44 46 47 ]
[ 40 47 ]
[ 36 ]
[ 40 ]
[ 50 ]
[ 38 46 ]
[ 39 45 51 ]
[ 37 39 ]
[ 46 51 52 ]
[ 44 45 53 ]
[ 38 42 51 52 55 57 ]
[ 44 45 ]
[ 39 45 ]
[ ]
[ 61 ]
[ 62 ]
[ 63 ]
[ 63 ]
[ 64 ]
[ 64 ]
[ 61 ]
[ 61 ]
[ 64 69 ]
[ 61 ]
[ 64 69 ]
[ 61 ]
[ 68 ]
[ 61 ]
[ 69 ]
[ ]
[ 77 ]
[ 77 ]
[ 77 ]
[ 78 ]
[ 81 ]
[ 80 82 ]
[ 80 ]
[ 84 ]
[ 79 84 ]
[ 77 ]
[ 79 ]
[ 77 ]
[ 80 ]
[ 78 89 ]
[ 78 84 88 ]
[ 80 91 ]
[ 78 85 ]
[ 81 85 88 ]
[ 78 79 93 ]
[ 79 80 91 ]
[ 79 81 87 ]
[ 85 ]
[ 78 85 88 98 ]
[ 77 ]
[ 80 87 ]
[ 77 ]
[ 79 87 89 94 99 ]
[ 82 101 ]
[ 79 81 84 ]
[ 85 87 92 ]
[ 90 94 107 ]
[ ]
[ 109 ]
[ 109 ]
[ 111 ]
[ 112 ]
[ 113 ]
[ 109 ]
[ 111 114 115 ]
[ 110 113 116 ]
[ 115 ]
[ 109 ]
[ 116 ]
[ 114 118 119 ]
[ 110 111 114 119 ]
[ 111 ]
[ 110 120 123 ]
[ 112 122 ]
[ 112 115 121 123 ]
[ 125 126 ]
[ 122 ]
[ 113 116 122 126 ]
[ 121 122 ]
[ 122 ]
[ 121 ]
[ 126 ]
[ 115 122 ]
[ 109 ]
[ 110 111 113 115 ]
[ 116 121 123 125 ]
[ 116 118 119 ]
[ 114 118 119 ]
[ 118 ]
[ 140 ]
[ 111 115 ]
[ 113 123 134 141 ]
]

ActivitiesInProject: [
[ 1 2 3 4 5 6 7 8 9 10 11 12 13 14 15 16 17 18 19 20 21 22 23 24 25 26 27 28 29 30 31 32 33 34 35 ]
[ 36 37 38 39 40 41 42 43 44 45 46 47 48 49 50 51 52 53 54 55 56 57 58 59 60 ]
[ 61 62 63 64 65 66 67 68 69 70 71 72 73 74 75 76 ]
[ 77 78 79 80 81 82 83 84 85 86 87 88 89 90 91 92 93 94 95 96 97 98 99 100 101 102 103 104 105 106 107 108 ]
[ 109 110 111 112 113 114 115 116 117 118 119 120 121 122 123 124 125 126 127 128 129 130 131 132 133 134 135 136 137 138 139 140 141 142 143 ]
]

nActivityModes: [ 2 2 2 2 2 2 2 2 2 2 2 2 2 2 2 2 2 2 2 2 2 2 2 2 2 2 2 2 2 2 2 2 2 2 2 2 2 2 2 2 2 2 2 2 2 2 2 2 2 2 2 2 2 2 2 2 2 2 2 2 2 2 2 2 2 2 2 2 2 2 2 2 2 2 2 2 2 2 2 2 2 2 2 2 2 2 2 2 2 2 2 2 2 2 2 2 2 2 2 2 2 2 2 2 2 2 2 2 2 2 2 2 2 2 2 2 2 2 2 2 2 2 2 2 2 2 2 2 2 2 2 2 2 2 2 2 2 2 2 2 2 2 2 ]

ActivityDurationWithMode: [
1	1	
11	8	
11	8	
28	19	
12	8	
18	12	
43	29	
33	22	
9	6	
18	12	
36	24	
10	7	
12	8	
34	23	
20	14	
11	8	
15	10	
12	8	
19	13	
12	8	
46	31	
10	7	
17	12	
12	8	
14	10	
10	7	
25	17	
9	6	
12	8	
15	10	
30	20	
13	9	
28	19	
9	6	
30	20	
1	1	
20	14	
13	9	
8	6	
10	7	
28	19	
9	6	
23	16	
35	24	
6	4	
8	6	
21	14	
5	4	
6	4	
7	5	
8	6	
35	24	
5	4	
21	14	
10	7	
5	4	
7	5	
7	5	
5	4	
14	10	
1	1	
8	6	
19	13	
7	5	
5	4	
6	4	
9	6	
5	4	
8	6	
10	7	
5	4	
8	6	
13	9	
13	9	
45	30	
13	9	
1	1	
31	21	
8	6	
9	6	
15	10	
16	11	
14	10	
9	6	
12	8	
51	34	
10	7	
19	13	
16	11	
57	38	
16	11	
12	8	
10	7	
15	10	
15	10	
18	12	
12	8	
17	12	
29	20	
13	9	
60	40	
52	35	
72	48	
16	11	
9	6	
32	22	
23	16	
11	8	
1	1	
13	9	
9	6	
10	7	
8	6	
8	6	
10	7	
15	10	
20	14	
20	14	
15	10	
12	8	
10	7	
11	8	
37	25	
9	6	
13	9	
15	10	
8	6	
23	16	
10	7	
8	6	
19	13	
11	8	
10	7	
8	6	
58	39	
33	22	
8	6	
8	6	
30	20	
15	10	
12	8	
59	40	
9	6	
]

StintsInProject: [
[ 1 2 3 4 5 6 7 8 9 10 11 ]
[ 12 13 14 15 16 17 18 19 20 21 22 23 24 25 26 27 28 29 30 31 32 33 ]
[ 34 35 36 37 38 39 40 41 42 43 44 ]
[ 45 46 47 48 49 50 51 52 53 54 55 ]
[ 56 57 58 59 60 61 62 63 64 65 66 67 68 69 70 71 72 73 74 75 76 77 ]
]

WorkingStintsOnDay: [
[ 1 12 34 45 56 ]
[ 1 12 34 45 56 ]
[ 1 12 34 45 56 ]
[ 1 12 34 45 56 ]
[ 1 12 34 45 56 ]
[ 1 34 45 ]
[ 1 34 45 ]
[ 1 13 34 45 57 ]
[ 1 13 34 45 57 ]
[ 1 13 34 45 57 ]
[ 1 13 34 45 57 ]
[ 1 13 34 45 57 ]
[ 34 ]
[ 34 ]
[ 2 14 35 46 58 ]
[ 2 14 35 46 58 ]
[ 2 14 35 46 58 ]
[ 2 14 35 46 58 ]
[ 2 14 35 46 58 ]
[ 2 35 46 ]
[ 2 35 46 ]
[ 2 15 35 46 59 ]
[ 2 15 35 46 59 ]
[ 2 15 35 46 59 ]
[ 2 15 35 46 59 ]
[ 2 15 35 46 59 ]
[ 35 ]
[ 35 ]
[ 3 16 36 47 60 ]
[ 3 16 36 47 60 ]
[ 3 16 36 47 60 ]
[ 3 16 36 47 60 ]
[ 3 16 36 47 60 ]
[ 3 36 47 ]
[ 3 36 47 ]
[ 3 17 36 47 61 ]
[ 3 17 36 47 61 ]
[ 3 17 36 47 61 ]
[ 3 17 36 47 61 ]
[ 3 17 36 47 61 ]
[ 36 ]
[ 36 ]
[ 4 18 37 48 62 ]
[ 4 18 37 48 62 ]
[ 4 18 37 48 62 ]
[ 4 18 37 48 62 ]
[ 4 18 37 48 62 ]
[ 4 37 48 ]
[ 4 37 48 ]
[ 4 19 37 48 63 ]
[ 4 19 37 48 63 ]
[ 4 19 37 48 63 ]
[ 4 19 37 48 63 ]
[ 4 19 37 48 63 ]
[ 37 ]
[ 37 ]
[ 5 20 38 49 64 ]
[ 5 20 38 49 64 ]
[ 5 20 38 49 64 ]
[ 5 20 38 49 64 ]
[ 5 20 38 49 64 ]
[ 5 38 49 ]
[ 5 38 49 ]
[ 5 21 38 49 65 ]
[ 5 21 38 49 65 ]
[ 5 21 38 49 65 ]
[ 5 21 38 49 65 ]
[ 5 21 38 49 65 ]
[ 38 ]
[ 38 ]
[ 6 22 39 50 66 ]
[ 6 22 39 50 66 ]
[ 6 22 39 50 66 ]
[ 6 22 39 50 66 ]
[ 6 22 39 50 66 ]
[ 6 39 50 ]
[ 6 39 50 ]
[ 6 23 39 50 67 ]
[ 6 23 39 50 67 ]
[ 6 23 39 50 67 ]
[ 6 23 39 50 67 ]
[ 6 23 39 50 67 ]
[ 39 ]
[ 39 ]
[ 7 24 40 51 68 ]
[ 7 24 40 51 68 ]
[ 7 24 40 51 68 ]
[ 7 24 40 51 68 ]
[ 7 24 40 51 68 ]
[ 7 40 51 ]
[ 7 40 51 ]
[ 7 25 40 51 69 ]
[ 7 25 40 51 69 ]
[ 7 25 40 51 69 ]
[ 7 25 40 51 69 ]
[ 7 25 40 51 69 ]
[ 40 ]
[ 40 ]
[ 8 26 41 52 70 ]
[ 8 26 41 52 70 ]
[ 8 26 41 52 70 ]
[ 8 26 41 52 70 ]
[ 8 26 41 52 70 ]
[ 8 41 52 ]
[ 8 41 52 ]
[ 8 27 41 52 71 ]
[ 8 27 41 52 71 ]
[ 8 27 41 52 71 ]
[ 8 27 41 52 71 ]
[ 8 27 41 52 71 ]
[ 41 ]
[ 41 ]
[ 9 28 42 53 72 ]
[ 9 28 42 53 72 ]
[ 9 28 42 53 72 ]
[ 9 28 42 53 72 ]
[ 9 28 42 53 72 ]
[ 9 42 53 ]
[ 9 42 53 ]
[ 9 29 42 53 73 ]
[ 9 29 42 53 73 ]
[ 9 29 42 53 73 ]
[ 9 29 42 53 73 ]
[ 9 29 42 53 73 ]
[ 42 ]
[ 42 ]
[ 10 30 43 54 74 ]
[ 10 30 43 54 74 ]
[ 10 30 43 54 74 ]
[ 10 30 43 54 74 ]
[ 10 30 43 54 74 ]
[ 10 43 54 ]
[ 10 43 54 ]
[ 10 31 43 54 75 ]
[ 10 31 43 54 75 ]
[ 10 31 43 54 75 ]
[ 10 31 43 54 75 ]
[ 10 31 43 54 75 ]
[ 43 ]
[ 43 ]
[ 11 32 44 55 76 ]
[ 11 32 44 55 76 ]
[ 11 32 44 55 76 ]
[ 11 32 44 55 76 ]
[ 11 32 44 55 76 ]
[ 11 44 55 ]
[ 11 44 55 ]
[ 11 33 44 55 77 ]
[ 11 33 44 55 77 ]
[ 11 33 44 55 77 ]
]

ProjectStart: [ 21 19 45 27 3 ]

ProjectEnd: [ 122 89 90 120 103 ]

EarliestStartDayForActivity: [ 1 21 21 34 66 34 66 34 34 34 66 80 54 73 54 92 92 78 66 92 54 106 89 92 105 109 66 108 89 89 73 103 89 109 80 1 19 19 19 31 45 45 47 19 47 31 47 76 76 19 45 30 41 55 47 79 68 79 68 55 1 45 53 72 72 79 79 45 45 79 45 79 45 50 45 53 1 27 27 27 64 81 101 38 49 49 27 37 27 38 64 64 82 64 81 94 82 81 63 102 27 39 27 96 101 81 78 105 1 3 3 16 30 40 3 52 73 17 3 73 52 52 16 89 67 67 88 67 88 67 67 66 88 67 3 40 86 73 52 45 66 17 82 ]

LatestStartDayForActivity: [ 1 122 122 122 122 122 122 122 122 122 122 122 122 122 122 122 122 122 122 122 122 122 122 122 122 122 122 122 122 122 122 122 122 122 122 1 89 89 89 89 89 89 89 89 89 89 89 89 89 89 89 89 89 89 89 89 89 89 89 89 1 90 90 90 90 90 90 90 90 90 90 90 90 90 90 90 1 120 120 120 120 120 120 120 120 120 120 120 120 120 120 120 120 120 120 120 120 120 120 120 120 120 120 120 120 120 120 120 1 103 103 103 103 103 103 103 103 103 103 103 103 103 103 103 103 103 103 103 103 103 103 103 103 103 103 103 103 103 103 103 103 103 103 ]

EquipmentTypeDemandInActivityWithMode: [
0	1	
0	1	
0	1	
0	1	
1	3	
1	3	
0	1	
1	3	
0	1	
1	3	
0	1	
2	4	
0	1	
0	1	
0	1	
0	1	
0	1	
1	3	
0	1	
1	3	
0	1	
0	1	
0	1	
1	3	
0	1	
0	1	
1	3	
1	3	
0	1	
2	4	
0	1	
0	1	
1	3	
1	3	
0	1	
0	1	
2	4	
0	1	
0	1	
0	1	
1	3	
1	3	
0	1	
1	3	
1	3	
0	1	
1	3	
1	3	
1	3	
1	3	
0	1	
0	1	
0	1	
0	1	
2	4	
0	1	
0	1	
0	1	
0	1	
0	1	
0	1	
0	1	
0	1	
1	3	
1	3	
0	1	
2	4	
0	1	
0	1	
1	3	
1	3	
0	1	
0	1	
0	1	
0	1	
0	1	
0	1	
0	1	
0	1	
1	3	
1	3	
0	1	
0	1	
0	1	
1	3	
1	3	
0	1	
1	3	
0	1	
0	1	
1	3	
1	3	
1	3	
1	3	
0	1	
1	3	
2	4	
1	3	
2	4	
1	3	
0	1	
0	1	
0	1	
1	3	
1	3	
0	1	
0	1	
0	1	
0	1	
0	1	
0	1	
0	1	
2	4	
0	1	
2	4	
1	3	
0	1	
0	1	
0	1	
1	3	
1	3	
2	4	
2	4	
1	3	
1	3	
0	1	
0	1	
0	1	
1	3	
0	1	
1	3	
1	3	
0	1	
1	3	
0	1	
0	1	
0	1	
0	1	
1	3	
0	1	
0	1	
0	1	
0	1	

0	1	
0	1	
2	4	
0	1	
0	1	
0	1	
0	1	
0	1	
0	1	
0	1	
0	1	
1	3	
0	1	
1	3	
1	3	
0	1	
2	4	
0	1	
1	3	
0	1	
1	3	
1	3	
1	3	
0	1	
0	1	
0	1	
1	3	
0	1	
2	4	
0	1	
0	1	
1	3	
0	1	
0	1	
0	1	
0	1	
2	4	
0	1	
0	1	
1	3	
1	3	
2	4	
0	1	
1	3	
1	3	
1	3	
0	1	
0	1	
0	1	
1	3	
0	1	
1	3	
0	1	
0	1	
1	3	
0	1	
1	3	
1	3	
0	1	
0	1	
0	1	
1	3	
1	3	
0	1	
1	3	
0	1	
2	4	
0	1	
0	1	
1	3	
0	1	
0	1	
0	1	
1	3	
1	3	
2	4	
0	1	
2	4	
3	6	
1	3	
2	4	
0	1	
0	1	
0	1	
0	1	
1	3	
2	4	
1	3	
4	7	
0	1	
2	4	
1	3	
0	1	
0	1	
0	1	
1	3	
0	1	
1	3	
1	3	
0	1	
1	3	
1	3	
1	3	
0	1	
2	4	
0	1	
1	3	
0	1	
0	1	
0	1	
0	1	
3	6	
0	1	
0	1	
1	3	
0	1	
1	3	
1	3	
0	1	
0	1	
1	3	
0	1	
3	6	
1	3	
3	6	
1	3	
1	3	
1	3	
0	1	
0	1	
0	1	
1	3	
0	1	
0	1	
2	4	
1	3	
1	3	
0	1	
0	1	
1	3	
0	1	
0	1	
0	1	

0	1	
0	1	
0	1	
1	3	
0	1	
0	1	
0	1	
0	1	
0	1	
0	1	
1	3	
0	1	
0	1	
0	1	
0	1	
0	1	
0	1	
1	3	
0	1	
0	1	
0	1	
0	1	
1	3	
0	1	
1	3	
0	1	
0	1	
0	1	
1	3	
1	3	
0	1	
0	1	
0	1	
2	4	
1	3	
0	1	
0	1	
0	1	
0	1	
0	1	
0	1	
0	1	
0	1	
0	1	
0	1	
0	1	
1	3	
0	1	
1	3	
1	3	
1	3	
0	1	
1	3	
1	3	
0	1	
0	1	
1	3	
0	1	
0	1	
0	1	
0	1	
1	3	
0	1	
0	1	
0	1	
0	1	
0	1	
0	1	
0	1	
1	3	
0	1	
1	3	
0	1	
0	1	
0	1	
1	3	
0	1	
1	3	
0	1	
1	3	
0	1	
0	1	
0	1	
0	1	
0	1	
0	1	
0	1	
0	1	
2	4	
1	3	
0	1	
0	1	
0	1	
1	3	
0	1	
0	1	
0	1	
0	1	
0	1	
1	3	
1	3	
1	3	
0	1	
0	1	
0	1	
0	1	
1	3	
0	1	
0	1	
0	1	
0	1	
0	1	
1	3	
1	3	
1	3	
1	3	
0	1	
0	1	
0	1	
0	1	
0	1	
0	1	
0	1	
0	1	
1	3	
0	1	
0	1	
0	1	
1	3	
0	1	
0	1	
1	3	
1	3	
1	3	
1	3	
0	1	
0	1	
0	1	
1	3	
1	3	
1	3	
0	1	
0	1	

0	1	
1	3	
1	3	
1	3	
0	1	
0	1	
0	1	
2	4	
0	1	
0	1	
1	3	
1	3	
0	1	
1	3	
1	3	
1	3	
1	3	
3	6	
1	3	
1	3	
0	1	
1	3	
2	4	
0	1	
1	3	
3	6	
2	4	
1	3	
2	4	
0	1	
0	1	
0	1	
2	4	
2	4	
0	1	
0	1	
1	3	
2	4	
0	1	
1	3	
1	3	
0	1	
0	1	
0	1	
0	1	
2	4	
0	1	
1	3	
1	3	
1	3	
0	1	
1	3	
0	1	
0	1	
1	3	
0	1	
1	3	
0	1	
0	1	
2	4	
0	1	
0	1	
0	1	
0	1	
1	3	
0	1	
2	4	
0	1	
2	4	
1	3	
1	3	
2	4	
0	1	
1	3	
0	1	
1	3	
0	1	
1	3	
0	1	
0	1	
1	3	
0	1	
1	3	
1	3	
1	3	
0	1	
0	1	
2	4	
0	1	
0	1	
1	3	
1	3	
1	3	
0	1	
1	3	
0	1	
2	4	
1	3	
1	3	
0	1	
1	3	
0	1	
0	1	
1	3	
1	3	
0	1	
0	1	
1	3	
0	1	
2	4	
0	1	
0	1	
1	3	
1	3	
1	3	
2	4	
1	3	
1	3	
0	1	
0	1	
0	1	
1	3	
0	1	
1	3	
1	3	
0	1	
0	1	
0	1	
1	3	
1	3	
1	3	
1	3	
1	3	
2	4	
0	1	
0	1	
1	3	
1	3	
1	3	
1	3	
0	1	
0	1	
1	3	

0	1	
1	3	
0	1	
0	1	
2	4	
1	3	
0	1	
0	1	
1	3	
0	1	
1	3	
1	3	
0	1	
2	4	
0	1	
1	3	
0	1	
1	3	
2	4	
2	4	
0	1	
2	4	
2	4	
1	3	
1	3	
0	1	
0	1	
0	1	
0	1	
0	1	
1	3	
1	3	
0	1	
1	3	
1	3	
0	1	
2	4	
0	1	
0	1	
1	3	
0	1	
0	1	
0	1	
1	3	
2	4	
0	1	
0	1	
1	3	
1	3	
0	1	
1	3	
2	4	
0	1	
0	1	
0	1	
0	1	
1	3	
0	1	
0	1	
0	1	
0	1	
0	1	
0	1	
1	3	
0	1	
1	3	
1	3	
1	3	
0	1	
0	1	
1	3	
0	1	
0	1	
0	1	
1	3	
0	1	
0	1	
0	1	
0	1	
2	4	
1	3	
0	1	
0	1	
1	3	
0	1	
0	1	
0	1	
2	4	
0	1	
2	4	
0	1	
1	3	
1	3	
2	4	
2	4	
0	1	
1	3	
1	3	
1	3	
0	1	
2	4	
3	6	
0	1	
1	3	
0	1	
1	3	
1	3	
1	3	
0	1	
0	1	
0	1	
1	3	
1	3	
1	3	
2	4	
0	1	
0	1	
0	1	
0	1	
1	3	
0	1	
1	3	
0	1	
1	3	
0	1	
0	1	
0	1	
0	1	
0	1	
0	1	
1	3	
1	3	
0	1	
2	4	
2	4	
0	1	
1	3	
1	3	
0	1	
1	3	
1	3	
0	1	
0	1	

]

ExternalEquipmentRentingCost: [
5597	3797	4675	3568	2558	4088	4026	2885	4758	5797	1377	4771	2042	5487	2124	4320	1904	1922	4298	5089	3054	3179	2127	2365	5981	5968	1808	5008	1877	5985	5235	3452	1349	5271	1669	4170	3253	4826	5786	5490	3271	1666	4508	2065	4383	1416	1559	3924	1453	5586	3749	1044	4636	4236	1547	3399	4661	2928	3686	4909	3751	2842	2558	3815	4635	1287	5394	5436	3788	3493	1450	1251	2895	4709	4714	1583	5617	3420	1832	5548	2629	5023	1753	4493	2388	5468	1492	2098	5822	4089	1773	4587	3600	3683	3780	4901	3328	5030	1727	5068	3138	3926	1098	5182	3524	1011	3614	5825	1362	4295	5363	3691	2379	2772	1131	4436	1486	4646	4596	4035	3606	4515	5172	1307	1676	3592	5500	3190	5841	5353	5007	2392	2242	3942	5385	3664	2234	2560	3737	2816	1631	4558	2041	
2658	1387	5898	2934	2253	2835	2068	4978	5680	3161	5880	1374	2054	1941	1704	5687	2658	3379	2744	4170	5941	2237	2912	5801	3664	3438	1104	5582	4472	5907	1955	4725	4229	3152	3724	3567	2858	3283	5449	4232	4039	1381	4531	4862	5463	2046	2567	4140	5095	5487	5596	4150	2997	1586	3396	4550	1815	3710	1336	3470	4883	2519	1788	3956	4327	4347	4001	2766	5224	5661	2308	5941	2198	2546	5110	5607	5051	5818	5171	5381	2972	4547	3615	1407	5582	1862	5413	2688	4662	5966	5773	5462	4712	5259	2621	1584	4805	5728	4596	2299	5891	5630	2382	2175	3361	2830	2858	1420	1954	3438	5797	4090	1626	4141	4223	4617	3547	5727	4345	1765	1241	5842	5054	4123	1174	2743	2892	5048	3015	2820	2383	1631	3005	2373	5050	3980	1978	5321	1832	5048	3956	4847	5492	
3403	3364	1880	2484	2831	4669	2877	1155	1803	2873	1188	5177	5524	2321	5427	5714	5097	3612	4211	2162	2006	1307	4533	1141	5651	3841	2201	1946	1235	5198	5835	3833	5570	2189	2104	1712	2255	1888	5612	5008	2464	1615	1161	3184	5848	5894	5575	1148	1668	4486	4683	5069	2545	2800	4114	4057	4250	2029	2192	5772	5275	3931	5074	3468	3351	2966	1898	3093	1163	1076	2707	5914	1394	1313	5100	4020	5002	1791	1798	4659	3906	3903	1476	1076	1312	5668	4298	1231	5224	3045	2120	3303	4771	5260	5837	1618	5309	1062	5383	1020	3015	4062	2504	1273	4204	4843	3273	1538	4333	1423	3412	1023	4851	1817	3059	3890	4369	2577	1417	5598	4973	5439	4936	3941	4019	2875	1693	4351	5740	3874	5507	5494	3011	3595	3647	5393	2701	2284	1487	1600	5776	5832	1598	
2092	2297	5224	3884	5960	1025	1821	3775	3140	5268	2314	4629	1951	4621	4086	5826	4576	3047	2117	3905	5849	2287	5689	1940	2984	2438	5451	1584	5457	3687	1621	3189	3101	1341	2012	3647	5952	4664	3540	1678	5070	5686	5987	1091	4221	2410	3791	4668	3700	3801	5213	5924	1969	2589	3156	3382	4420	4502	5179	3649	5495	1095	5653	4038	3148	2372	1196	3725	5462	2394	3863	3116	1940	3190	3897	3934	1692	3744	2890	3727	3276	5918	3969	3374	4584	3707	3944	3462	5305	3306	5583	3797	1278	2776	3931	2227	4193	5748	3734	5390	5822	3430	3686	3736	1041	5189	4263	5416	2567	1053	3070	2627	2146	4256	5913	2561	1946	5829	2321	2723	5990	4744	1822	5845	2162	3970	1709	4561	5137	2034	2329	3582	3653	4024	3719	3708	5292	1459	3819	5841	5503	2024	1334	
4659	5949	1314	3253	1475	3571	5866	5765	2701	5698	1208	1831	3917	2596	4336	3375	5814	1398	4245	5229	5839	3802	1587	5373	4946	1029	1262	4103	5218	2676	1202	4786	1858	5926	5236	3053	4217	4534	2222	3339	2561	5461	1397	2160	5274	4318	3668	3587	5768	5352	2237	5940	2998	3564	5604	5623	2192	3449	2254	2504	3390	3932	4177	2715	3615	5256	2666	3461	2622	1568	4571	3080	5945	1235	1485	2029	4326	1543	2415	2231	4448	3231	2787	3228	4505	2026	3476	1704	1373	4206	3440	2775	1680	1718	3329	3596	5742	4032	5678	4889	2497	1992	1731	4370	3609	2715	5436	5253	5146	1864	2249	1823	3890	3174	3551	2350	5138	1851	2559	1044	1402	1708	4568	4868	4667	3365	1754	5058	5896	5365	2387	1729	3676	5198	2388	5482	2823	2452	5761	2322	1714	4896	4651	
]

EquipmentTypeTransportationCost: [
1	3146	3380	3454	3397	
3146	1	3633	3695	3745	
3380	3633	1	2337	1000	
3454	3695	2337	1	2331	
3397	3745	1000	2331	1	

1	3556	3900	3868	3905	
3556	1	4241	4222	4218	
3900	4241	1	2627	1000	
3868	4222	2627	1	2632	
3905	4218	1000	2632	1	

1	2774	3045	2979	2983	
2774	1	3296	3297	3247	
3045	3296	1	2092	1000	
2979	3297	2092	1	2091	
2983	3247	1000	2091	1	

1	3247	3515	3591	3575	
3247	1	3868	3827	3863	
3515	3868	1	2427	1000	
3591	3827	2427	1	2430	
3575	3863	1000	2430	1	

1	3614	4022	3944	3915	
3614	1	4403	4293	4420	
4022	4403	1	2668	1000	
3944	4293	2668	1	2661	
3915	4420	1000	2661	1	

]

TransportationTimeForEquipmentTypeBetweenProjects: [
1	1	1	3	1	
1	1	3	3	3	
1	3	1	1	1	
3	3	1	1	1	
1	3	1	1	1	

1	1	1	3	1	
1	1	3	3	3	
1	3	1	1	1	
3	3	1	1	1	
1	3	1	1	1	

1	1	1	3	1	
1	1	3	3	3	
1	3	1	1	1	
3	3	1	1	1	
1	3	1	1	1	

1	1	1	3	1	
1	1	3	3	3	
1	3	1	1	1	
3	3	1	1	1	
1	3	1	1	1	

1	1	1	3	1	
1	1	3	3	3	
1	3	1	1	1	
3	3	1	1	1	
1	3	1	1	1	

]

TotalNumberOfInitialEquipmentTypeLocation: [
(1 36) 2 (1 61) 1 (1 109) 1 
(2 1) 2 (2 36) 3 (2 61) 1 (2 77) 1 (2 109) 2 
(3 1) 1 (3 77) 1 
(4 1) 1 (4 36) 1 (4 61) 1 (4 77) 1 (4 109) 4 
(5 1) 2 (5 36) 1 (5 61) 2 (5 77) 1 (5 109) 1 
]

DepotActivities: [ 1 36 61 77 109 ]

MaximalStintCliques: [
[ 4 37 48 36 3 18 62 47 ]
[ 4 37 48 36 19 63 ]
[ 4 37 48 5 49 20 38 64 ]
[ 5 38 49 66 50 6 22 39 ]
[ 5 38 49 37 65 21 ]
[ 6 39 50 68 51 40 7 24 ]
[ 6 39 50 38 67 23 ]
[ 7 40 51 70 41 26 52 8 ]
[ 7 40 51 39 25 69 ]
[ 8 41 52 72 9 42 28 53 ]
[ 8 41 52 40 27 71 ]
[ 9 42 53 41 73 29 ]
[ 9 42 53 10 74 43 30 54 ]
[ 10 43 54 42 75 31 ]
[ 10 43 54 11 76 44 55 32 ]
[ 11 43 44 55 33 77 ]
[ 12 1 34 45 56 ]
[ 13 1 57 34 45 ]
[ 35 17 3 36 61 47 ]
[ 35 2 46 34 1 58 45 14 ]
[ 35 2 46 34 59 15 ]
[ 35 2 46 3 60 36 47 16 ]
]
