nEmployees: 60
nSkills: 3
nProjects: 5
nDays: 120
nActivities: 150
nEquipmentTypes: 7
nStints: 45
nMaxModes: 1
nStintCliques: 8

EmployeeInStintCost: [
12240 12240 12240 12240 12240 12240 12240 12240 4284 44080 44080 44080 44080 44080 44080 44080 40408 23788 25368 25368 25368 25368 25368 25368 25368 25368 14060 38736 38736 38736 38736 38736 38736 38736 38736 25108 32484 32484 32484 32484 32484 32484 32484 32484 20940 
34284 34284 34284 34284 34284 34284 34284 34284 22646 38938 38938 38938 38938 38938 38938 38938 35086 18046 32136 32136 32136 32136 32136 32136 32136 32136 20438 32368 32368 32368 32368 32368 32368 32368 32368 18350 26116 26116 26116 26116 26116 26116 26116 26116 14182 
28028 28028 28028 28028 28028 28028 28028 28028 17248 37276 37276 37276 37276 37276 37276 37276 33820 17704 25528 25528 25528 25528 25528 25528 25528 25528 14688 31488 31488 31488 31488 31488 31488 31488 31488 18328 25236 25236 25236 25236 25236 25236 25236 25236 14160 
33948 33948 33948 33948 33948 33948 33948 33948 21686 39098 39098 39098 39098 39098 39098 39098 34958 17246 31728 31728 31728 31728 31728 31728 31728 31728 19406 19680 19680 19680 19680 19680 19680 19680 19680 10710 19680 19680 19680 19680 19680 19680 19680 19680 10710 
26244 26244 26244 26244 26244 26244 26244 26244 14528 41676 41676 41676 41676 41676 41676 41676 37788 20664 24744 24744 24744 24744 24744 24744 24744 24744 12968 36048 36048 36048 36048 36048 36048 36048 36048 21952 29796 29796 29796 29796 29796 29796 29796 29796 17784 
33228 33228 33228 33228 33228 33228 33228 33228 21434 38126 38126 38126 38126 38126 38126 38126 34202 16994 31008 31008 31008 31008 31008 31008 31008 31008 19154 18960 18960 18960 18960 18960 18960 18960 18960 10458 18960 18960 18960 18960 18960 18960 18960 18960 10458 
30748 30748 30748 30748 30748 30748 30748 30748 18564 38848 38848 38848 38848 38848 38848 38848 34744 17116 28936 28936 28936 28936 28936 28936 28936 28936 16692 33520 33520 33520 33520 33520 33520 33520 33520 18956 27268 27268 27268 27268 27268 27268 27268 27268 14788 
26412 26412 26412 26412 26412 26412 26412 26412 14540 42232 42232 42232 42232 42232 42232 42232 38272 20980 24488 24488 24488 24488 24488 24488 24488 24488 12556 36384 36384 36384 36384 36384 36384 36384 36384 22132 30132 30132 30132 30132 30132 30132 30132 30132 17964 
35380 35380 35380 35380 35380 35380 35380 35380 24600 39828 39828 39828 39828 39828 39828 39828 36372 20256 32952 32952 32952 32952 32952 32952 32952 32952 22112 33040 33040 33040 33040 33040 33040 33040 33040 19880 26788 26788 26788 26788 26788 26788 26788 26788 15712 
12480 12480 12480 12480 12480 12480 12480 12480 4368 44404 44404 44404 44404 44404 44404 44404 40660 23872 25608 25608 25608 25608 25608 25608 25608 25608 14144 38976 38976 38976 38976 38976 38976 38976 38976 25192 32724 32724 32724 32724 32724 32724 32724 32724 21024 
25516 25516 25516 25516 25516 25516 25516 25516 13566 43570 43570 43570 43570 43570 43570 43570 39574 22198 17680 17680 17680 17680 17680 17680 17680 17680 9022 37648 37648 37648 37648 37648 37648 37648 37648 23318 31396 31396 31396 31396 31396 31396 31396 31396 19150 
33244 33244 33244 33244 33244 33244 33244 33244 22698 37630 37630 37630 37630 37630 37630 37630 34282 18418 30840 30840 30840 30840 30840 30840 30840 30840 20234 30904 30904 30904 30904 30904 30904 30904 30904 17978 24652 24652 24652 24652 24652 24652 24652 24652 13810 
24796 24796 24796 24796 24796 24796 24796 24796 13314 42598 42598 42598 42598 42598 42598 42598 38818 21946 16960 16960 16960 16960 16960 16960 16960 16960 8770 36928 36928 36928 36928 36928 36928 36928 36928 23066 30676 30676 30676 30676 30676 30676 30676 30676 18898 
24972 24972 24972 24972 24972 24972 24972 24972 14036 40288 40288 40288 40288 40288 40288 40288 36760 20476 23048 23048 23048 23048 23048 23048 23048 23048 12052 34944 34944 34944 34944 34944 34944 34944 34944 21628 28692 28692 28692 28692 28692 28692 28692 28692 17460 
29228 29228 29228 29228 29228 29228 29228 29228 17668 38896 38896 38896 38896 38896 38896 38896 35080 18124 26728 26728 26728 26728 26728 26728 26728 26728 15108 32688 32688 32688 32688 32688 32688 32688 32688 18748 26436 26436 26436 26436 26436 26436 26436 26436 14580 
26692 26692 26692 26692 26692 26692 26692 26692 15132 40688 40688 40688 40688 40688 40688 40688 36872 19916 25664 25664 25664 25664 25664 25664 25664 25664 14044 35416 35416 35416 35416 35416 35416 35416 35416 21476 29164 29164 29164 29164 29164 29164 29164 29164 17308 
12720 12720 12720 12720 12720 12720 12720 12720 4452 44728 44728 44728 44728 44728 44728 44728 40912 23956 25848 25848 25848 25848 25848 25848 25848 25848 14228 39216 39216 39216 39216 39216 39216 39216 39216 25276 32964 32964 32964 32964 32964 32964 32964 32964 21108 
24196 24196 24196 24196 24196 24196 24196 24196 13104 41788 41788 41788 41788 41788 41788 41788 38188 21736 16360 16360 16360 16360 16360 16360 16360 16360 8560 36328 36328 36328 36328 36328 36328 36328 36328 22856 30076 30076 30076 30076 30076 30076 30076 30076 18688 
26988 26988 26988 26988 26988 26988 26988 26988 15038 41746 41746 41746 41746 41746 41746 41746 37750 20374 25720 25720 25720 25720 25720 25720 25720 25720 13710 36128 36128 36128 36128 36128 36128 36128 36128 21798 29876 29876 29876 29876 29876 29876 29876 29876 17630 
11880 11880 11880 11880 11880 11880 11880 11880 4158 43594 43594 43594 43594 43594 43594 43594 40030 23662 25008 25008 25008 25008 25008 25008 25008 25008 13934 38376 38376 38376 38376 38376 38376 38376 38376 24982 32124 32124 32124 32124 32124 32124 32124 32124 20814 
30636 30636 30636 30636 30636 30636 30636 30636 20012 35680 35680 35680 35680 35680 35680 35680 32296 16348 28248 28248 28248 28248 28248 28248 28248 28248 17564 11280 11280 11280 11280 11280 11280 11280 11280 3948 11280 11280 11280 11280 11280 11280 11280 11280 3948 
24948 24948 24948 24948 24948 24948 24948 24948 14324 38992 38992 38992 38992 38992 38992 38992 35608 19660 23680 23680 23680 23680 23680 23680 23680 23680 12996 34088 34088 34088 34088 34088 34088 34088 34088 21084 27836 27836 27836 27836 27836 27836 27836 27836 16916 
25396 25396 25396 25396 25396 25396 25396 25396 13524 43408 43408 43408 43408 43408 43408 43408 39448 22156 17560 17560 17560 17560 17560 17560 17560 17560 8980 37528 37528 37528 37528 37528 37528 37528 37528 23276 31276 31276 31276 31276 31276 31276 31276 31276 19108 
24108 24108 24108 24108 24108 24108 24108 24108 13484 40448 40448 40448 40448 40448 40448 40448 37064 21116 12920 12920 12920 12920 12920 12920 12920 12920 5588 35128 35128 35128 35128 35128 35128 35128 35128 22124 28876 28876 28876 28876 28876 28876 28876 28876 17956 
24708 24708 24708 24708 24708 24708 24708 24708 13772 41256 41256 41256 41256 41256 41256 41256 37728 21444 11760 11760 11760 11760 11760 11760 11760 11760 4116 35688 35688 35688 35688 35688 35688 35688 35688 22372 29436 29436 29436 29436 29436 29436 29436 29436 18204 
24828 24828 24828 24828 24828 24828 24828 24828 13814 41418 41418 41418 41418 41418 41418 41418 37854 21486 11880 11880 11880 11880 11880 11880 11880 11880 4158 35808 35808 35808 35808 35808 35808 35808 35808 22414 29556 29556 29556 29556 29556 29556 29556 29556 18246 
26844 26844 26844 26844 26844 26844 26844 26844 14738 42486 42486 42486 42486 42486 42486 42486 38418 20874 25344 25344 25344 25344 25344 25344 25344 25344 13178 36648 36648 36648 36648 36648 36648 36648 36648 22162 30396 30396 30396 30396 30396 30396 30396 30396 17994 
25908 25908 25908 25908 25908 25908 25908 25908 14114 42878 42878 42878 42878 42878 42878 42878 38954 21746 14720 14720 14720 14720 14720 14720 14720 14720 6218 36928 36928 36928 36928 36928 36928 36928 36928 22754 30676 30676 30676 30676 30676 30676 30676 30676 18586 
33564 33564 33564 33564 33564 33564 33564 33564 22394 37966 37966 37966 37966 37966 37966 37966 34330 17794 31416 31416 31416 31416 31416 31416 31416 31416 20186 31648 31648 31648 31648 31648 31648 31648 31648 18098 25396 25396 25396 25396 25396 25396 25396 25396 13930 
26804 26804 26804 26804 26804 26804 26804 26804 15946 38334 38334 38334 38334 38334 38334 38334 34842 18642 24456 24456 24456 24456 24456 24456 24456 24456 13538 32880 32880 32880 32880 32880 32880 32880 32880 19642 26628 26628 26628 26628 26628 26628 26628 26628 15474 
26876 26876 26876 26876 26876 26876 26876 26876 15472 39956 39956 39956 39956 39956 39956 39956 36212 19424 25712 25712 25712 25712 25712 25712 25712 25712 14248 34808 34808 34808 34808 34808 34808 34808 34808 21024 28556 28556 28556 28556 28556 28556 28556 28556 16856 
25156 25156 25156 25156 25156 25156 25156 25156 13440 43084 43084 43084 43084 43084 43084 43084 39196 22072 17320 17320 17320 17320 17320 17320 17320 17320 8896 37288 37288 37288 37288 37288 37288 37288 37288 23192 31036 31036 31036 31036 31036 31036 31036 31036 19024 
26212 26212 26212 26212 26212 26212 26212 26212 14964 40040 40040 40040 40040 40040 40040 40040 36368 19748 25184 25184 25184 25184 25184 25184 25184 25184 13876 34936 34936 34936 34936 34936 34936 34936 34936 21308 28684 28684 28684 28684 28684 28684 28684 28684 17140 
29588 29588 29588 29588 29588 29588 29588 29588 17794 39382 39382 39382 39382 39382 39382 39382 35458 18250 27088 27088 27088 27088 27088 27088 27088 27088 15234 33048 33048 33048 33048 33048 33048 33048 33048 18874 26796 26796 26796 26796 26796 26796 26796 26796 14706 
23836 23836 23836 23836 23836 23836 23836 23836 12978 41302 41302 41302 41302 41302 41302 41302 37810 21610 16000 16000 16000 16000 16000 16000 16000 16000 8434 35968 35968 35968 35968 35968 35968 35968 35968 22730 29716 29716 29716 29716 29716 29716 29716 29716 18562 
25308 25308 25308 25308 25308 25308 25308 25308 13982 42066 42066 42066 42066 42066 42066 42066 38358 21654 12360 12360 12360 12360 12360 12360 12360 12360 4326 36288 36288 36288 36288 36288 36288 36288 36288 22582 30036 30036 30036 30036 30036 30036 30036 30036 18414 
31204 31204 31204 31204 31204 31204 31204 31204 19098 39806 39806 39806 39806 39806 39806 39806 35738 18194 28600 28600 28600 28600 28600 28600 28600 28600 16434 32672 32672 32672 32672 32672 32672 32672 32672 18186 26420 26420 26420 26420 26420 26420 26420 26420 14018 
12600 12600 12600 12600 12600 12600 12600 12600 4410 44566 44566 44566 44566 44566 44566 44566 40786 23914 25728 25728 25728 25728 25728 25728 25728 25728 14186 39096 39096 39096 39096 39096 39096 39096 39096 25234 32844 32844 32844 32844 32844 32844 32844 32844 21066 
32204 32204 32204 32204 32204 32204 32204 32204 20098 18306 18306 18306 18306 18306 18306 18306 14238 4746 30208 30208 30208 30208 30208 30208 30208 30208 18042 32240 32240 32240 32240 32240 32240 32240 32240 17754 25988 25988 25988 25988 25988 25988 25988 25988 13586 
27412 27412 27412 27412 27412 27412 27412 27412 15384 41660 41660 41660 41660 41660 41660 41660 37628 20168 26384 26384 26384 26384 26384 26384 26384 26384 14296 36136 36136 36136 36136 36136 36136 36136 36136 21728 29884 29884 29884 29884 29884 29884 29884 29884 17560 
24796 24796 24796 24796 24796 24796 24796 24796 13314 42598 42598 42598 42598 42598 42598 42598 38818 21946 16960 16960 16960 16960 16960 16960 16960 16960 8770 36928 36928 36928 36928 36928 36928 36928 36928 23066 30676 30676 30676 30676 30676 30676 30676 30676 18898 
31668 31668 31668 31668 31668 31668 31668 31668 20888 36020 36020 36020 36020 36020 36020 36020 32564 16448 29448 29448 29448 29448 29448 29448 29448 29448 18608 17400 17400 17400 17400 17400 17400 17400 17400 9912 17400 17400 17400 17400 17400 17400 17400 17400 9912 
13920 13920 13920 13920 13920 13920 13920 13920 4872 46348 46348 46348 46348 46348 46348 46348 42172 24376 27048 27048 27048 27048 27048 27048 27048 27048 14648 40416 40416 40416 40416 40416 40416 40416 40416 25696 34164 34164 34164 34164 34164 34164 34164 34164 21528 
33204 33204 33204 33204 33204 33204 33204 33204 22268 37480 37480 37480 37480 37480 37480 37480 33952 17668 31056 31056 31056 31056 31056 31056 31056 31056 20060 31288 31288 31288 31288 31288 31288 31288 31288 17972 25036 25036 25036 25036 25036 25036 25036 25036 13804 
29524 29524 29524 29524 29524 29524 29524 29524 18510 37538 37538 37538 37538 37538 37538 37538 33974 17606 26920 26920 26920 26920 26920 26920 26920 26920 15846 30992 30992 30992 30992 30992 30992 30992 30992 17598 24740 24740 24740 24740 24740 24740 24740 24740 13430 
32076 32076 32076 32076 32076 32076 32076 32076 20516 37624 37624 37624 37624 37624 37624 37624 33808 16852 29688 29688 29688 29688 29688 29688 29688 29688 18068 12720 12720 12720 12720 12720 12720 12720 12720 4452 12720 12720 12720 12720 12720 12720 12720 12720 4452 
35188 35188 35188 35188 35188 35188 35188 35188 23238 39994 39994 39994 39994 39994 39994 39994 35998 18622 33128 33128 33128 33128 33128 33128 33128 33128 21118 33472 33472 33472 33472 33472 33472 33472 33472 19142 27220 27220 27220 27220 27220 27220 27220 27220 14974 
31004 31004 31004 31004 31004 31004 31004 31004 19678 16686 16686 16686 16686 16686 16686 16686 12978 4326 29008 29008 29008 29008 29008 29008 29008 29008 17622 31040 31040 31040 31040 31040 31040 31040 31040 17334 24788 24788 24788 24788 24788 24788 24788 24788 13166 
28268 28268 28268 28268 28268 28268 28268 28268 17332 37600 37600 37600 37600 37600 37600 37600 34072 17788 25768 25768 25768 25768 25768 25768 25768 25768 14772 31728 31728 31728 31728 31728 31728 31728 31728 18412 25476 25476 25476 25476 25476 25476 25476 25476 14244 
27908 27908 27908 27908 27908 27908 27908 27908 17206 37114 37114 37114 37114 37114 37114 37114 33694 17662 25408 25408 25408 25408 25408 25408 25408 25408 14646 31368 31368 31368 31368 31368 31368 31368 31368 18286 25116 25116 25116 25116 25116 25116 25116 25116 14118 
26508 26508 26508 26508 26508 26508 26508 26508 14870 41098 41098 41098 41098 41098 41098 41098 37246 20206 25240 25240 25240 25240 25240 25240 25240 25240 13542 35648 35648 35648 35648 35648 35648 35648 35648 21630 29396 29396 29396 29396 29396 29396 29396 29396 17462 
24588 24588 24588 24588 24588 24588 24588 24588 13730 41094 41094 41094 41094 41094 41094 41094 37602 21402 11640 11640 11640 11640 11640 11640 11640 11640 4074 35568 35568 35568 35568 35568 35568 35568 35568 22330 29316 29316 29316 29316 29316 29316 29316 29316 18162 
26268 26268 26268 26268 26268 26268 26268 26268 14318 43362 43362 43362 43362 43362 43362 43362 39366 21990 13320 13320 13320 13320 13320 13320 13320 13320 4662 37248 37248 37248 37248 37248 37248 37248 37248 22918 30996 30996 30996 30996 30996 30996 30996 30996 18750 
26172 26172 26172 26172 26172 26172 26172 26172 14456 41908 41908 41908 41908 41908 41908 41908 38020 20896 24248 24248 24248 24248 24248 24248 24248 24248 12472 36144 36144 36144 36144 36144 36144 36144 36144 22048 29892 29892 29892 29892 29892 29892 29892 29892 17880 
37180 37180 37180 37180 37180 37180 37180 37180 25230 42258 42258 42258 42258 42258 42258 42258 38262 20886 34752 34752 34752 34752 34752 34752 34752 34752 22742 34840 34840 34840 34840 34840 34840 34840 34840 20510 28588 28588 28588 28588 28588 28588 28588 28588 16342 
35740 35740 35740 35740 35740 35740 35740 35740 24726 40314 40314 40314 40314 40314 40314 40314 36750 20382 33312 33312 33312 33312 33312 33312 33312 33312 22238 33400 33400 33400 33400 33400 33400 33400 33400 20006 27148 27148 27148 27148 27148 27148 27148 27148 15838 
12480 12480 12480 12480 12480 12480 12480 12480 4368 44404 44404 44404 44404 44404 44404 44404 40660 23872 25608 25608 25608 25608 25608 25608 25608 25608 14144 38976 38976 38976 38976 38976 38976 38976 38976 25192 32724 32724 32724 32724 32724 32724 32724 32724 21024 
33564 33564 33564 33564 33564 33564 33564 33564 22394 37966 37966 37966 37966 37966 37966 37966 34330 17794 31416 31416 31416 31416 31416 31416 31416 31416 20186 31648 31648 31648 31648 31648 31648 31648 31648 18098 25396 25396 25396 25396 25396 25396 25396 25396 13930 
25308 25308 25308 25308 25308 25308 25308 25308 14450 39478 39478 39478 39478 39478 39478 39478 35986 19786 24040 24040 24040 24040 24040 24040 24040 24040 13122 34448 34448 34448 34448 34448 34448 34448 34448 21210 28196 28196 28196 28196 28196 28196 28196 28196 17042 
26684 26684 26684 26684 26684 26684 26684 26684 15904 38172 38172 38172 38172 38172 38172 38172 34716 18600 24336 24336 24336 24336 24336 24336 24336 24336 13496 32760 32760 32760 32760 32760 32760 32760 32760 19600 26508 26508 26508 26508 26508 26508 26508 26508 15432 
]

ExternalWorkerWithSkillOnStintCost: [
32400 32544 41184 42984 41112 32904 30096 32040 27408 39648 44016 48048 48888 49644 40908 34776 49476 23088 32112 32616 41760 30600 30024 36504 37584 35208 20160 31824 42336 41616 36792 35136 40680 35208 37296 25728 37440 31896 38016 32760 31248 29880 39960 38952 23760 
38952 38520 37656 37944 42768 34776 38736 40032 24432 39732 47460 42840 34524 45024 39732 45864 42168 25968 35064 37728 39312 39240 41256 28944 42048 41904 23952 34632 38520 38592 39816 36432 30240 32184 36576 21360 29520 42624 29808 29520 36648 33768 40896 42048 26592 
38304 39096 33480 30240 42912 29088 38232 41544 23424 35532 40068 40908 48132 45612 43260 36288 37632 21024 33552 31896 39960 42696 42480 31104 32400 38016 19872 32544 42264 32184 36144 34416 31824 34704 39816 27936 40824 31680 42120 30528 39240 40032 29088 34272 21648 
]

OverlappingStints: [
[ 2 10 11 19 20 28 29 37 38 ]
[ 3 10 11 12 19 20 21 28 29 30 37 38 39 ]
[ 4 11 12 13 20 21 22 29 30 31 38 39 40 ]
[ 5 12 13 14 21 22 23 30 31 32 39 40 41 ]
[ 6 13 14 15 22 23 24 31 32 33 40 41 42 ]
[ 7 14 15 16 23 24 25 32 33 34 41 42 43 ]
[ 8 15 16 17 24 25 26 33 34 35 42 43 44 ]
[ 9 16 17 18 25 26 27 34 35 36 43 44 45 ]
[ 17 18 26 27 35 36 44 45 ]
[ 11 19 20 28 29 37 38 ]
[ 12 19 20 21 28 29 30 37 38 39 ]
[ 13 20 21 22 29 30 31 38 39 40 ]
[ 14 21 22 23 30 31 32 39 40 41 ]
[ 15 22 23 24 31 32 33 40 41 42 ]
[ 16 23 24 25 32 33 34 41 42 43 ]
[ 17 24 25 26 33 34 35 42 43 44 ]
[ 18 25 26 27 34 35 36 43 44 45 ]
[ 26 27 35 36 44 45 ]
[ 20 28 29 37 38 ]
[ 21 28 29 30 37 38 39 ]
[ 22 29 30 31 38 39 40 ]
[ 23 30 31 32 39 40 41 ]
[ 24 31 32 33 40 41 42 ]
[ 25 32 33 34 41 42 43 ]
[ 26 33 34 35 42 43 44 ]
[ 27 34 35 36 43 44 45 ]
[ 35 36 44 45 ]
[ 29 37 38 ]
[ 30 37 38 39 ]
[ 31 38 39 40 ]
[ 32 39 40 41 ]
[ 33 40 41 42 ]
[ 34 41 42 43 ]
[ 35 42 43 44 ]
[ 36 43 44 45 ]
[ 44 45 ]
[ 38 ]
[ 39 ]
[ 40 ]
[ 41 ]
[ 42 ]
[ 43 ]
[ 44 ]
[ 45 ]
[ ]
]

EmployeesWithSkill: [
[ 1 2 3 4 5 6 7 8 9 10 11 12 13 14 15 16 17 18 19 20 21 22 23 24 25 26 27 28 29 30 31 32 33 34 35 36 37 38 39 40 41 42 43 44 45 46 47 48 49 50 51 52 53 54 55 56 57 58 59 60 ]
[ 4 5 7 9 10 11 13 14 15 17 19 25 28 31 33 36 39 41 43 44 45 49 51 52 53 55 57 ]
[ 8 39 41 48 57 58 ]
]

SkillDemandInActivityWithMode: [
0	
13	
5	
5	
5	
14	
7	
7	
13	
11	
13	
6	
9	
3	
5	
5	
14	
2	
9	
8	
3	
6	
14	
9	
8	
7	
14	
6	
7	
12	
11	
12	
8	
5	
2	
0	
12	
20	
9	
10	
8	
17	
14	
9	
12	
16	
6	
20	
16	
20	
14	
6	
12	
20	
13	
6	
10	
20	
11	
0	
3	
3	
1	
2	
2	
1	
3	
3	
3	
3	
2	
2	
3	
2	
3	
3	
2	
3	
3	
3	
2	
2	
3	
3	
2	
2	
4	
0	
7	
1	
5	
3	
2	
5	
6	
6	
7	
8	
8	
5	
4	
5	
4	
8	
3	
2	
8	
5	
6	
6	
5	
6	
6	
7	
6	
7	
3	
5	
0	
3	
6	
5	
4	
5	
7	
5	
7	
1	
6	
2	
3	
7	
5	
4	
7	
3	
4	
3	
1	
1	
3	
3	
6	
1	
5	
5	
2	
4	
5	
7	

0	
9	
3	
3	
3	
10	
4	
5	
9	
8	
9	
4	
6	
2	
3	
3	
10	
1	
6	
6	
2	
4	
10	
6	
5	
5	
10	
4	
5	
8	
8	
8	
6	
3	
1	
0	
1	
2	
0	
1	
0	
1	
1	
0	
1	
1	
0	
2	
1	
2	
1	
0	
1	
2	
1	
0	
1	
2	
1	
0	
0	
1	
0	
0	
0	
0	
1	
1	
1	
1	
0	
0	
0	
0	
1	
1	
0	
0	
1	
0	
0	
0	
0	
0	
0	
0	
1	
0	
3	
0	
2	
1	
0	
2	
3	
3	
3	
4	
4	
2	
2	
2	
2	
4	
1	
0	
4	
2	
3	
3	
2	
3	
3	
3	
3	
3	
1	
2	
0	
0	
0	
0	
0	
0	
0	
0	
0	
0	
0	
0	
0	
0	
0	
0	
0	
0	
0	
0	
0	
0	
0	
0	
0	
0	
0	
0	
0	
0	
0	
0	

0	
0	
0	
0	
0	
0	
0	
0	
0	
0	
0	
0	
0	
0	
0	
0	
0	
0	
0	
0	
0	
0	
0	
0	
0	
0	
0	
0	
0	
0	
0	
0	
0	
0	
0	
0	
0	
0	
0	
0	
0	
0	
0	
0	
0	
0	
0	
0	
0	
0	
0	
0	
0	
0	
0	
0	
0	
0	
0	
0	
1	
2	
0	
1	
1	
0	
2	
2	
2	
2	
1	
1	
1	
0	
2	
2	
1	
1	
2	
1	
1	
1	
1	
1	
1	
1	
2	
0	
0	
0	
0	
0	
0	
0	
0	
0	
0	
0	
0	
0	
0	
0	
0	
0	
0	
0	
0	
0	
0	
0	
0	
0	
0	
0	
0	
0	
0	
0	
0	
0	
1	
1	
1	
1	
1	
1	
1	
0	
1	
0	
0	
1	
1	
1	
1	
0	
0	
0	
0	
0	
0	
0	
1	
0	
1	
1	
0	
0	
1	
1	

]

EmployeeAvailability: [
1 1 0 1 0 1 0 1 1 1 1 0 1 0 1 0 1 1 1 1 0 1 0 1 0 1 1 1 1 0 1 0 1 0 1 1 1 1 0 1 0 1 0 1 1 
1 1 1 1 1 1 1 1 1 1 1 1 1 1 1 1 1 1 1 1 1 1 1 1 1 1 1 1 1 1 1 1 1 1 1 1 1 1 1 1 1 1 1 1 1 
1 1 0 1 1 1 1 1 0 1 1 0 1 1 1 1 1 0 1 1 0 1 1 1 1 1 0 1 1 0 1 1 1 1 1 0 1 1 0 1 1 1 1 1 0 
1 0 1 1 1 1 1 0 1 1 0 1 1 1 1 1 0 1 1 0 1 1 1 1 1 0 1 1 0 1 1 1 1 1 0 1 1 0 1 1 1 1 1 0 1 
1 1 1 1 1 1 1 1 1 1 1 1 1 1 1 1 1 1 1 1 1 1 1 1 1 1 1 1 1 1 1 1 1 1 1 1 1 1 1 1 1 1 1 1 1 
1 1 1 1 1 1 1 1 1 1 1 1 1 1 1 1 1 1 1 1 1 1 1 1 1 1 1 1 1 1 1 1 1 1 1 1 1 1 1 1 1 1 1 1 1 
1 1 1 1 1 1 1 1 1 1 1 1 1 1 1 1 1 1 1 1 1 1 1 1 1 1 1 1 1 1 1 1 1 1 1 1 1 1 1 1 1 1 1 1 1 
1 1 1 1 0 1 1 1 1 1 1 1 1 0 1 1 1 1 1 1 1 1 0 1 1 1 1 1 1 1 1 0 1 1 1 1 1 1 1 1 0 1 1 1 1 
1 1 1 1 1 1 0 1 1 1 1 1 1 1 1 0 1 1 1 1 1 1 1 1 0 1 1 1 1 1 1 1 1 0 1 1 1 1 1 1 1 1 0 1 1 
1 1 1 1 0 1 1 1 1 1 1 1 1 0 1 0 1 1 1 1 1 1 0 1 1 1 1 1 1 1 1 0 1 1 1 1 1 1 1 1 0 1 1 1 1 
1 1 1 1 1 1 1 1 1 0 1 1 1 1 1 1 1 1 1 1 1 1 1 1 1 1 1 1 1 1 1 1 1 1 1 1 1 1 1 1 1 1 1 1 1 
1 1 1 1 1 1 0 1 0 1 1 1 1 1 1 0 1 0 1 1 1 1 1 1 0 1 0 1 1 1 1 1 1 0 1 0 1 1 1 1 1 1 0 1 0 
1 1 1 0 1 1 1 1 1 0 1 1 0 1 1 1 1 1 1 1 1 0 1 1 1 1 1 1 1 1 0 1 1 1 1 1 1 1 1 0 1 1 1 1 1 
0 1 1 1 1 1 0 1 1 0 1 1 1 1 1 0 1 1 0 1 1 1 1 1 0 1 1 0 1 1 1 1 1 0 1 1 0 1 1 1 1 1 0 1 1 
1 1 1 0 1 1 1 1 0 1 1 1 0 1 1 1 0 0 1 1 1 0 1 1 1 1 0 1 1 1 0 1 1 1 1 0 1 1 1 0 1 1 1 1 0 
1 0 1 1 1 1 1 0 1 1 0 1 1 1 1 1 0 1 1 0 1 1 1 1 1 0 1 1 0 1 1 1 1 1 0 1 1 0 1 1 1 1 1 0 1 
1 1 1 0 1 1 0 1 1 1 1 1 0 1 1 0 1 1 1 1 1 0 1 1 0 1 1 1 1 1 0 1 1 0 1 1 1 1 1 0 1 1 0 1 1 
1 1 1 1 1 0 1 1 1 1 1 1 1 1 0 1 1 1 1 1 1 1 1 0 1 1 1 1 1 1 1 1 0 1 1 1 1 1 1 1 1 0 1 1 1 
1 1 1 1 0 1 0 1 0 1 1 1 1 0 1 0 1 0 1 1 1 1 0 1 0 1 0 1 1 1 1 0 1 0 1 0 1 1 1 1 0 1 0 1 0 
1 1 1 0 0 1 1 1 1 1 1 1 0 0 1 1 1 1 1 1 1 0 0 1 1 1 1 1 1 1 0 0 1 1 1 1 1 1 1 0 0 1 1 1 1 
1 1 1 0 1 1 1 0 1 1 1 1 0 1 1 1 0 1 1 1 1 0 1 1 1 0 1 1 1 1 0 1 1 1 0 1 1 1 1 0 1 1 1 0 1 
1 1 1 1 1 1 1 1 1 1 1 1 1 1 1 1 1 1 1 1 1 1 1 1 1 1 1 1 1 1 1 1 1 1 1 1 1 1 1 1 1 1 1 1 1 
1 1 1 1 1 1 1 1 1 1 1 1 1 1 1 1 1 1 1 1 1 1 1 1 1 1 1 1 1 1 1 1 1 1 1 1 1 1 1 1 1 1 1 1 1 
1 1 1 1 0 0 1 1 1 1 0 1 1 0 0 1 1 1 1 1 1 1 0 0 1 1 1 1 1 1 1 0 0 1 1 1 1 1 1 1 0 0 1 1 1 
1 1 0 0 1 0 1 1 1 1 1 0 0 1 0 1 1 1 1 1 0 0 1 0 1 1 1 1 1 0 0 1 0 1 1 1 1 1 0 0 1 0 1 1 1 
1 1 0 1 1 0 1 1 1 1 1 0 1 1 0 1 0 1 1 1 0 1 1 0 1 1 1 1 1 0 1 1 0 1 1 1 1 1 0 1 1 0 1 1 1 
1 1 0 1 1 1 0 1 1 1 1 0 1 1 0 0 1 1 1 1 0 1 1 1 0 1 1 1 1 0 1 1 1 0 1 1 1 1 0 1 1 1 0 1 1 
0 0 1 1 1 1 1 1 0 0 0 1 1 1 1 1 1 0 0 0 1 1 1 1 1 1 0 0 0 1 1 1 1 1 1 0 0 0 1 1 1 1 1 1 0 
1 0 1 1 1 1 1 0 1 1 0 1 1 1 1 1 0 1 1 0 1 1 1 1 1 0 1 1 0 1 1 1 1 1 0 1 1 0 1 1 1 1 1 0 1 
1 1 1 1 1 1 1 1 1 1 0 1 1 0 1 1 1 1 1 1 1 1 1 1 1 1 1 1 1 1 1 1 1 1 1 1 1 1 1 1 1 1 1 1 1 
1 1 1 1 1 1 1 1 1 1 1 1 1 1 1 1 1 1 1 1 1 1 1 1 1 1 1 1 1 1 1 1 1 1 1 1 1 1 1 1 1 1 1 1 1 
1 1 1 1 0 1 1 1 1 1 1 1 1 0 1 1 1 1 1 1 1 1 0 1 1 1 1 1 1 1 1 0 1 1 1 1 1 1 1 1 0 1 1 1 1 
1 1 1 1 1 1 1 1 1 1 1 1 1 1 1 1 1 1 1 1 1 1 1 1 1 1 1 1 1 1 1 1 1 1 1 1 1 1 1 1 1 1 1 1 1 
1 1 1 1 1 1 1 1 1 1 1 1 1 1 1 1 1 1 1 1 1 1 1 1 1 1 1 1 1 1 1 1 1 1 1 1 1 1 1 1 1 1 1 1 1 
1 1 0 0 1 1 1 1 1 1 1 0 0 1 1 1 1 1 1 1 0 0 1 1 1 1 1 1 1 0 0 1 1 1 1 1 1 1 0 0 1 1 1 1 1 
0 1 1 1 1 1 1 1 1 0 1 1 1 1 1 1 1 1 0 1 1 1 1 1 1 1 1 0 1 1 1 1 1 1 1 1 0 1 1 1 1 1 1 1 1 
1 1 1 1 1 1 0 1 1 1 1 1 0 1 1 0 1 1 1 1 1 1 1 1 0 1 1 1 1 1 1 1 1 0 1 1 1 1 1 1 1 1 0 1 1 
0 1 1 1 0 1 1 1 1 0 1 1 1 0 1 1 1 1 0 1 1 1 0 1 1 1 1 0 1 1 1 0 1 1 1 1 0 1 1 1 0 1 1 1 1 
1 1 1 1 1 1 1 1 1 0 1 1 1 1 1 1 1 1 1 1 1 1 1 1 1 1 1 1 1 1 1 1 1 1 1 1 1 1 1 1 1 1 1 1 1 
0 1 1 1 1 1 1 1 1 0 1 1 1 1 1 1 1 1 0 1 1 1 1 1 1 1 1 0 1 1 1 1 1 1 1 1 0 1 1 1 1 1 1 1 1 
1 1 0 1 1 1 1 1 0 1 1 0 1 1 1 1 1 0 1 1 0 1 1 1 1 1 0 1 1 0 1 1 1 1 1 0 1 1 0 1 1 1 1 1 0 
1 1 1 0 1 1 1 0 0 1 1 1 0 1 1 1 0 0 1 1 1 0 1 1 1 0 0 1 1 1 0 1 1 1 0 0 1 1 1 0 1 1 1 0 0 
1 1 0 1 1 1 1 1 1 0 1 0 1 0 1 1 1 1 1 1 0 1 1 1 1 1 1 1 1 0 1 1 1 1 1 1 1 1 0 1 1 1 1 1 1 
1 1 1 1 1 1 1 1 1 1 1 1 1 1 1 1 1 1 1 1 1 1 1 1 1 1 1 1 1 1 1 1 1 1 1 1 1 1 1 1 1 1 1 1 1 
1 1 1 1 1 1 1 1 1 1 1 1 1 1 1 0 1 1 1 1 1 1 1 1 1 1 1 1 1 1 1 1 1 1 1 1 1 1 1 1 1 1 1 1 1 
0 1 1 0 1 0 1 1 1 0 1 1 0 1 0 1 1 1 0 1 1 0 1 0 1 1 1 0 1 1 0 1 0 1 1 1 0 1 1 0 1 0 1 1 1 
1 0 1 1 1 1 1 0 1 1 0 1 1 1 1 1 0 1 1 0 1 1 1 1 1 0 1 1 0 1 1 1 1 1 0 1 1 0 1 1 1 1 1 0 1 
1 1 1 1 1 1 1 1 1 1 1 1 1 1 1 1 1 1 1 1 1 1 1 1 1 1 1 1 1 1 1 1 1 1 1 1 1 1 1 1 1 1 1 1 1 
1 1 1 1 1 1 1 1 1 1 1 1 1 1 1 1 1 1 1 1 1 1 1 1 1 1 1 1 1 1 1 1 1 1 1 1 1 1 1 1 1 1 1 1 1 
1 1 1 1 1 1 1 1 1 1 1 1 1 1 1 1 1 1 1 1 1 1 1 1 1 1 1 1 1 1 1 1 1 1 1 1 1 1 1 1 1 1 1 1 1 
1 1 1 1 1 1 1 1 1 1 1 1 1 1 1 1 1 1 1 1 1 1 1 1 1 1 1 1 1 1 1 1 1 1 1 1 1 1 1 1 1 1 1 1 1 
1 1 1 1 1 1 1 1 1 1 1 1 1 1 1 1 1 1 1 1 1 1 1 1 1 1 1 1 1 1 1 1 1 1 1 1 1 1 1 1 1 1 1 1 1 
1 1 1 1 1 1 1 1 1 1 1 1 1 1 1 1 1 1 1 1 1 1 1 1 1 1 1 1 1 1 1 1 1 1 1 1 1 1 1 1 1 1 1 1 1 
0 0 1 1 1 1 1 1 1 0 0 1 1 1 1 1 1 1 0 0 1 1 1 1 1 1 1 0 0 1 1 1 1 1 1 1 0 0 1 1 1 1 1 1 1 
1 0 0 1 1 1 1 0 1 1 0 0 1 1 1 1 0 1 1 0 0 1 1 1 1 0 1 1 0 0 1 1 1 1 0 1 1 0 0 1 1 1 1 0 1 
1 1 1 0 1 1 0 1 1 1 1 1 0 1 1 0 1 1 1 1 1 0 1 1 0 1 1 1 1 1 0 1 1 0 1 1 1 1 1 0 1 1 0 1 1 
1 1 1 1 1 1 1 1 1 1 1 1 1 1 1 1 1 1 1 1 1 1 1 1 1 1 1 1 1 1 1 1 1 1 1 1 1 1 1 1 1 1 1 1 1 
1 1 1 1 1 1 1 0 1 1 1 1 1 1 1 1 0 1 1 1 1 1 1 1 1 0 1 1 1 1 1 1 1 1 0 1 1 1 1 1 1 1 1 0 1 
1 1 1 1 1 0 1 1 1 1 1 1 1 1 0 1 1 1 1 1 1 1 1 0 1 1 1 1 1 1 1 1 0 1 1 1 1 1 1 1 1 0 1 1 1 
1 0 0 1 1 1 1 0 1 1 0 0 1 1 1 1 0 1 1 0 0 1 1 1 1 0 1 1 0 0 1 1 1 1 0 1 1 0 0 1 1 1 1 0 1 
]

EmployeeWantedInStint: [ (1 16) 1 (1 21) 1 (2 3) 1 (3 19) 1 (4 24) 1 (5 24) 1 (6 16) 1 (9 40) 1 (10 6) 1 (10 19) 1 (11 2) 1 (11 10) 1 (11 18) 1 (11 33) 1 (12 3) 1 (14 19) 1 (15 14) 1 (15 22) 1 (16 21) 1 (19 36) 1 (21 19) 1 (21 43) 1 (22 35) 1 (23 4) 1 (23 5) 1 (23 39) 1 (25 5) 1 (26 29) 1 (26 33) 1 (32 19) 1 (32 45) 1 (33 4) 1 (33 26) 1 (33 36) 1 (35 16) 1 (35 29) 1 (36 26) 1 (36 41) 1 (38 31) 1 (39 26) 1 (39 36) 1 (40 19) 1 (40 31) 1 (44 11) 1 (44 42) 1 (47 34) 1 (48 1) 1 (48 9) 1 (48 24) 1 (48 34) 1 (49 25) 1 (52 32) 1 (55 8) 1 (56 11) 1 (56 13) 1 (57 22) 1 (57 33) 1 (58 9) 1 (58 21) 1 (59 23) 1 (60 5) 1 (60 14) 1 ]

EmployeeWantedViolationCost: [ (1 16) 7000 (1 21) 7000 (2 3) 6000 (3 19) 7000 (4 24) 6000 (5 24) 8000 (6 16) 7000 (9 40) 14000 (10 6) 6000 (10 19) 8000 (11 2) 8000 (11 10) 14000 (11 18) 13000 (11 33) 14000 (12 3) 6000 (14 19) 5000 (15 14) 6000 (15 22) 11000 (16 21) 13000 (19 36) 13000 (21 19) 14000 (21 43) 6000 (22 35) 13000 (23 4) 14000 (23 5) 12000 (23 39) 7000 (25 5) 14000 (26 29) 9000 (26 33) 7000 (32 19) 10000 (32 45) 12000 (33 4) 5000 (33 26) 11000 (33 36) 7000 (35 16) 6000 (35 29) 5000 (36 26) 6000 (36 41) 15000 (38 31) 6000 (39 26) 7000 (39 36) 8000 (40 19) 14000 (40 31) 6000 (44 11) 7000 (44 42) 13000 (47 34) 15000 (48 1) 13000 (48 9) 8000 (48 24) 10000 (48 34) 12000 (49 25) 15000 (52 32) 8000 (55 8) 14000 (56 11) 12000 (56 13) 8000 (57 22) 15000 (57 33) 12000 (58 9) 11000 (58 21) 12000 (59 23) 15000 (60 5) 15000 (60 14) 7000 ]

EmployeesThatShouldNotWorkTogetherWithEmployee: [
[ 7 32 52 ]
[ 18 19 32 ]
[ 5 8 31 ]
[ 15 34 38 45 ]
[ 7 43 ]
[ 32 ]
[ 12 ]
[ 11 20 28 ]
[ 57 58 ]
[ 14 34 49 50 ]
[ 33 47 ]
[ 51 59 ]
[ ]
[ 15 22 57 ]
[ ]
[ 26 27 42 ]
[ 33 ]
[ 20 ]
[ 20 46 48 54 ]
[ 26 34 45 ]
[ 36 37 ]
[ 23 37 49 ]
[ ]
[ 33 44 47 57 ]
[ 41 46 55 ]
[ 49 52 ]
[ ]
[ 58 ]
[ 31 48 ]
[ 39 ]
[ 34 ]
[ 37 ]
[ 34 48 57 ]
[ 50 56 ]
[ 55 ]
[ 38 49 54 ]
[ 38 ]
[ ]
[ 42 52 ]
[ 42 44 47 ]
[ 45 ]
[ 57 ]
[ ]
[ ]
[ ]
[ 59 ]
[ 48 ]
[ ]
[ ]
[ ]
[ ]
[ ]
[ 57 ]
[ ]
[ 59 ]
[ ]
[ ]
[ 60 ]
[ ]
[ ]
]

ShouldNotWorkTogetherCost: [ (1 7) 396 (1 32) 198 (1 52) 396 (2 18) 297 (2 19) 396 (2 32) 396 (3 5) 198 (3 8) 99 (3 31) 396 (4 15) 99 (4 34) 396 (4 38) 297 (4 45) 198 (5 7) 198 (5 43) 297 (6 32) 99 (7 12) 99 (8 11) 396 (8 20) 297 (8 28) 99 (9 57) 198 (9 58) 396 (10 14) 297 (10 34) 198 (10 49) 297 (10 50) 99 (11 33) 297 (11 47) 198 (12 51) 198 (12 59) 396 (14 15) 198 (14 22) 198 (14 57) 198 (16 26) 198 (16 27) 396 (16 42) 297 (17 33) 198 (18 20) 198 (19 20) 99 (19 46) 198 (19 48) 99 (19 54) 198 (20 26) 198 (20 34) 99 (20 45) 99 (21 36) 396 (21 37) 396 (22 23) 396 (22 37) 198 (22 49) 99 (24 33) 297 (24 44) 297 (24 47) 396 (24 57) 297 (25 41) 99 (25 46) 99 (25 55) 396 (26 49) 198 (26 52) 396 (28 58) 297 (29 31) 198 (29 48) 396 (30 39) 396 (31 34) 297 (32 37) 297 (33 34) 99 (33 48) 198 (33 57) 396 (34 50) 297 (34 56) 396 (35 55) 297 (36 38) 198 (36 49) 396 (36 54) 396 (37 38) 99 (39 42) 99 (39 52) 198 (40 42) 99 (40 44) 297 (40 47) 198 (41 45) 198 (42 57) 198 (46 59) 198 (47 48) 297 (53 57) 198 (55 59) 198 (58 60) 99 ]

ImmediatePredecessorsToActivity: [
[ ]
[ 1 ]
[ 2 ]
[ 3 ]
[ 1 ]
[ 1 ]
[ 5 ]
[ 3 7 ]
[ 2 ]
[ 5 ]
[ 6 ]
[ 3 9 10 ]
[ 7 ]
[ 5 11 ]
[ 1 ]
[ 2 10 11 ]
[ 4 9 11 13 15 ]
[ 1 ]
[ 2 7 12 ]
[ 4 10 13 ]
[ 1 ]
[ 1 ]
[ 2 6 7 10 ]
[ 5 16 ]
[ 3 7 ]
[ 4 7 9 11 21 22 ]
[ 4 11 12 25 ]
[ 11 21 ]
[ 4 11 13 25 ]
[ 9 16 22 23 ]
[ 13 15 23 28 ]
[ 6 12 22 ]
[ 4 8 9 21 ]
[ 11 23 ]
[ 1 ]
[ ]
[ 36 ]
[ 36 ]
[ 36 ]
[ 39 ]
[ 37 40 ]
[ 36 ]
[ 37 38 39 42 ]
[ 37 40 ]
[ 39 ]
[ 40 ]
[ 40 45 ]
[ 41 44 ]
[ 38 42 45 48 ]
[ 43 44 ]
[ 46 50 ]
[ 40 43 ]
[ 48 ]
[ 43 48 ]
[ 39 41 ]
[ 46 ]
[ 39 41 ]
[ 38 42 47 ]
[ 43 45 ]
[ ]
[ 60 ]
[ 60 ]
[ 60 ]
[ 60 ]
[ 63 64 ]
[ 62 64 ]
[ 61 62 63 ]
[ 63 ]
[ 62 65 68 ]
[ 65 67 ]
[ 65 ]
[ 65 67 ]
[ 69 70 ]
[ 60 ]
[ 69 70 ]
[ 63 ]
[ 69 ]
[ 61 68 ]
[ 68 70 76 ]
[ 70 ]
[ 67 69 ]
[ 62 ]
[ 70 74 76 ]
[ 61 74 76 ]
[ 61 64 ]
[ 63 64 70 78 82 84 ]
[ 69 72 82 84 ]
[ ]
[ 88 ]
[ 88 ]
[ 88 ]
[ 88 ]
[ 91 ]
[ 89 92 ]
[ 92 93 ]
[ 89 93 ]
[ 96 ]
[ 89 95 ]
[ 98 ]
[ 92 96 ]
[ 88 ]
[ 95 ]
[ 93 ]
[ 98 101 ]
[ 89 92 93 ]
[ 92 ]
[ 91 94 95 ]
[ 96 ]
[ 89 95 ]
[ 89 93 ]
[ 94 ]
[ 94 ]
[ 91 94 110 ]
[ 89 101 106 ]
[ 112 ]
[ 110 111 114 ]
[ 93 112 ]
[ 96 110 112 ]
[ ]
[ 119 ]
[ 119 ]
[ 120 ]
[ 119 ]
[ 121 ]
[ 124 ]
[ 121 ]
[ 125 ]
[ 119 ]
[ 120 ]
[ 125 126 ]
[ 125 ]
[ 124 ]
[ 123 127 129 ]
[ 121 122 131 133 ]
[ 124 126 129 ]
[ 122 123 ]
[ 131 ]
[ 119 ]
[ 119 ]
[ 121 ]
[ 132 133 135 ]
[ 121 122 133 ]
[ 122 126 137 ]
[ 119 ]
[ 120 121 132 136 ]
[ 131 132 135 138 ]
[ 121 123 127 ]
[ 120 123 146 ]
[ 120 125 126 ]
[ 121 127 129 146 ]
]

ActivitiesInProject: [
[ 1 2 3 4 5 6 7 8 9 10 11 12 13 14 15 16 17 18 19 20 21 22 23 24 25 26 27 28 29 30 31 32 33 34 35 ]
[ 36 37 38 39 40 41 42 43 44 45 46 47 48 49 50 51 52 53 54 55 56 57 58 59 ]
[ 60 61 62 63 64 65 66 67 68 69 70 71 72 73 74 75 76 77 78 79 80 81 82 83 84 85 86 87 ]
[ 88 89 90 91 92 93 94 95 96 97 98 99 100 101 102 103 104 105 106 107 108 109 110 111 112 113 114 115 116 117 118 ]
[ 119 120 121 122 123 124 125 126 127 128 129 130 131 132 133 134 135 136 137 138 139 140 141 142 143 144 145 146 147 148 149 150 ]
]

nActivityModes: [ 1 1 1 1 1 1 1 1 1 1 1 1 1 1 1 1 1 1 1 1 1 1 1 1 1 1 1 1 1 1 1 1 1 1 1 1 1 1 1 1 1 1 1 1 1 1 1 1 1 1 1 1 1 1 1 1 1 1 1 1 1 1 1 1 1 1 1 1 1 1 1 1 1 1 1 1 1 1 1 1 1 1 1 1 1 1 1 1 1 1 1 1 1 1 1 1 1 1 1 1 1 1 1 1 1 1 1 1 1 1 1 1 1 1 1 1 1 1 1 1 1 1 1 1 1 1 1 1 1 1 1 1 1 1 1 1 1 1 1 1 1 1 1 1 1 1 1 1 1 1 ]

ActivitiyDurationWithMode: [
1	
10	
30	
25	
30	
9	
20	
18	
10	
12	
10	
24	
15	
47	
28	
27	
9	
80	
15	
16	
45	
23	
9	
14	
17	
19	
9	
23	
18	
11	
12	
11	
16	
25	
63	
1	
12	
7	
16	
14	
18	
8	
10	
16	
12	
9	
26	
7	
9	
7	
10	
25	
12	
7	
11	
27	
14	
7	
13	
1	
11	
8	
25	
12	
17	
48	
8	
9	
9	
10	
19	
14	
11	
21	
9	
9	
13	
11	
10	
11	
12	
14	
11	
10	
19	
15	
7	
1	
9	
74	
13	
21	
37	
13	
10	
11	
9	
8	
8	
14	
15	
14	
15	
8	
21	
36	
8	
12	
10	
10	
12	
10	
10	
9	
11	
9	
23	
13	
1	
26	
10	
13	
14	
13	
8	
13	
9	
76	
10	
42	
19	
9	
12	
14	
9	
26	
15	
27	
69	
62	
21	
19	
10	
66	
12	
12	
32	
14	
11	
9	
]
StintsInProject: [
[ 1 2 3 4 5 6 7 8 9 ]
[ 10 11 12 13 14 15 16 17 18 ]
[ 19 20 21 22 23 24 25 26 27 ]
[ 28 29 30 31 32 33 34 35 36 ]
[ 37 38 39 40 41 42 43 44 45 ]
]

WorkingStintsOnDay: [
[ 1 10 19 28 37 ]
[ 1 10 19 28 37 ]
[ 1 10 19 28 37 ]
[ 1 10 19 28 37 ]
[ 1 10 19 28 37 ]
[ 1 10 19 28 37 ]
[ 1 10 19 28 37 ]
[ 1 10 19 28 37 ]
[ 1 10 19 28 37 ]
[ 1 10 19 28 37 ]
[ 1 10 19 28 37 ]
[ 1 10 19 28 37 ]
[ 10 ]
[ 10 ]
[ 2 11 20 29 38 ]
[ 2 11 20 29 38 ]
[ 2 11 20 29 38 ]
[ 2 11 20 29 38 ]
[ 2 11 20 29 38 ]
[ 2 11 20 29 38 ]
[ 2 11 20 29 38 ]
[ 2 11 20 29 38 ]
[ 2 11 20 29 38 ]
[ 2 11 20 29 38 ]
[ 2 11 20 29 38 ]
[ 2 11 20 29 38 ]
[ 11 ]
[ 11 ]
[ 3 12 21 30 39 ]
[ 3 12 21 30 39 ]
[ 3 12 21 30 39 ]
[ 3 12 21 30 39 ]
[ 3 12 21 30 39 ]
[ 3 12 21 30 39 ]
[ 3 12 21 30 39 ]
[ 3 12 21 30 39 ]
[ 3 12 21 30 39 ]
[ 3 12 21 30 39 ]
[ 3 12 21 30 39 ]
[ 3 12 21 30 39 ]
[ 12 ]
[ 12 ]
[ 4 13 22 31 40 ]
[ 4 13 22 31 40 ]
[ 4 13 22 31 40 ]
[ 4 13 22 31 40 ]
[ 4 13 22 31 40 ]
[ 4 13 22 31 40 ]
[ 4 13 22 31 40 ]
[ 4 13 22 31 40 ]
[ 4 13 22 31 40 ]
[ 4 13 22 31 40 ]
[ 4 13 22 31 40 ]
[ 4 13 22 31 40 ]
[ 13 ]
[ 13 ]
[ 5 14 23 32 41 ]
[ 5 14 23 32 41 ]
[ 5 14 23 32 41 ]
[ 5 14 23 32 41 ]
[ 5 14 23 32 41 ]
[ 5 14 23 32 41 ]
[ 5 14 23 32 41 ]
[ 5 14 23 32 41 ]
[ 5 14 23 32 41 ]
[ 5 14 23 32 41 ]
[ 5 14 23 32 41 ]
[ 5 14 23 32 41 ]
[ 14 ]
[ 14 ]
[ 6 15 24 33 42 ]
[ 6 15 24 33 42 ]
[ 6 15 24 33 42 ]
[ 6 15 24 33 42 ]
[ 6 15 24 33 42 ]
[ 6 15 24 33 42 ]
[ 6 15 24 33 42 ]
[ 6 15 24 33 42 ]
[ 6 15 24 33 42 ]
[ 6 15 24 33 42 ]
[ 6 15 24 33 42 ]
[ 6 15 24 33 42 ]
[ 15 ]
[ 15 ]
[ 7 16 25 34 43 ]
[ 7 16 25 34 43 ]
[ 7 16 25 34 43 ]
[ 7 16 25 34 43 ]
[ 7 16 25 34 43 ]
[ 7 16 25 34 43 ]
[ 7 16 25 34 43 ]
[ 7 16 25 34 43 ]
[ 7 16 25 34 43 ]
[ 7 16 25 34 43 ]
[ 7 16 25 34 43 ]
[ 7 16 25 34 43 ]
[ 16 ]
[ 16 ]
[ 8 17 26 35 44 ]
[ 8 17 26 35 44 ]
[ 8 17 26 35 44 ]
[ 8 17 26 35 44 ]
[ 8 17 26 35 44 ]
[ 8 17 26 35 44 ]
[ 8 17 26 35 44 ]
[ 8 17 26 35 44 ]
[ 8 17 26 35 44 ]
[ 8 17 26 35 44 ]
[ 8 17 26 35 44 ]
[ 8 17 26 35 44 ]
[ 17 ]
[ 17 ]
[ 9 18 27 36 45 ]
[ 9 18 27 36 45 ]
[ 9 18 27 36 45 ]
[ 9 18 27 36 45 ]
[ 9 18 27 36 45 ]
[ 9 18 27 36 45 ]
[ 9 18 27 36 45 ]
[ 9 18 27 36 45 ]
]

ProjectStart: [ 11 21 28 17 10 ]

ProjectEnd: [ 112 89 107 106 101 ]

EarliestStartDayForActivity: [ 1 11 23 59 11 11 47 69 23 47 22 61 69 47 11 61 88 11 89 88 11 11 69 92 69 88 90 64 90 92 91 89 91 80 11 1 21 21 21 37 51 21 37 51 37 51 51 69 76 67 74 51 76 76 69 60 69 77 49 1 28 28 28 28 58 41 58 58 77 77 77 77 89 28 89 58 88 67 89 89 88 37 89 67 41 89 93 1 17 17 17 17 32 40 75 75 88 87 95 88 17 87 75 95 75 40 87 88 87 75 55 55 87 82 67 93 75 88 1 10 10 40 10 22 37 22 47 10 40 47 47 37 58 72 52 55 68 10 10 22 72 72 87 10 87 68 58 82 47 82 ]

LatestStartDayForActivity: [ 1 112 112 112 112 112 112 112 112 112 112 112 112 112 112 112 112 112 112 112 112 112 112 112 112 112 112 112 112 112 112 112 112 112 112 1 89 89 89 89 89 89 89 89 89 89 89 89 89 89 89 89 89 89 89 89 89 89 89 1 107 107 107 107 107 107 107 107 107 107 107 107 107 107 107 107 107 107 107 107 107 107 107 107 107 107 107 1 106 106 106 106 106 106 106 106 106 106 106 106 106 106 106 106 106 106 106 106 106 106 106 106 106 106 106 106 106 106 1 101 101 101 101 101 101 101 101 101 101 101 101 101 101 101 101 101 101 101 101 101 101 101 101 101 101 101 101 101 101 101 ]

EquipmentTypeDemandInActivityWithMode: [
0	
0	
1	
2	
2	
1	
0	
4	
0	
1	
1	
1	
0	
0	
2	
0	
0	
0	
1	
0	
0	
1	
1	
0	
1	
2	
0	
1	
0	
0	
0	
0	
1	
1	
0	
0	
1	
1	
0	
0	
0	
0	
1	
1	
2	
1	
1	
0	
1	
0	
1	
1	
0	
0	
1	
1	
0	
0	
0	
0	
0	
2	
0	
0	
0	
1	
0	
0	
0	
1	
0	
1	
0	
1	
0	
1	
2	
2	
2	
0	
1	
1	
0	
1	
1	
0	
0	
0	
2	
1	
1	
1	
1	
2	
1	
1	
0	
1	
0	
1	
0	
0	
1	
1	
2	
1	
1	
0	
1	
0	
0	
0	
0	
1	
1	
0	
1	
0	
0	
1	
0	
2	
0	
0	
1	
2	
1	
1	
1	
2	
2	
0	
0	
1	
0	
0	
1	
1	
0	
1	
3	
1	
0	
2	
2	
1	
0	
1	
2	
2	

0	
0	
0	
0	
0	
1	
1	
1	
1	
0	
1	
0	
0	
1	
0	
0	
0	
1	
0	
1	
1	
0	
1	
0	
0	
0	
1	
1	
0	
0	
2	
1	
1	
3	
0	
0	
0	
1	
2	
0	
0	
0	
0	
0	
2	
2	
3	
0	
0	
1	
0	
1	
0	
0	
1	
0	
0	
2	
0	
0	
0	
0	
0	
0	
1	
1	
1	
1	
0	
0	
0	
0	
0	
1	
0	
1	
1	
0	
2	
1	
1	
1	
1	
0	
1	
1	
0	
0	
1	
0	
1	
0	
1	
1	
1	
0	
0	
2	
1	
0	
0	
1	
1	
1	
0	
1	
2	
0	
1	
0	
0	
0	
1	
0	
0	
0	
2	
1	
0	
0	
1	
0	
1	
2	
0	
1	
1	
2	
1	
0	
0	
1	
3	
0	
0	
1	
0	
2	
1	
0	
1	
0	
0	
0	
0	
1	
1	
1	
2	
0	

0	
0	
0	
0	
0	
2	
1	
1	
2	
3	
0	
1	
2	
1	
3	
1	
1	
2	
0	
1	
1	
0	
1	
0	
0	
0	
0	
2	
1	
1	
0	
2	
2	
0	
0	
0	
1	
1	
1	
1	
2	
0	
1	
1	
0	
0	
0	
0	
0	
0	
0	
0	
2	
0	
2	
0	
1	
0	
0	
0	
0	
0	
1	
0	
0	
0	
1	
0	
0	
2	
1	
0	
0	
1	
1	
1	
1	
0	
0	
2	
0	
0	
0	
1	
2	
0	
0	
0	
1	
0	
1	
2	
1	
0	
2	
1	
1	
2	
0	
1	
0	
0	
0	
0	
0	
0	
0	
1	
1	
1	
1	
1	
0	
0	
2	
0	
1	
1	
0	
0	
1	
0	
1	
1	
1	
1	
0	
1	
1	
0	
1	
0	
1	
1	
1	
0	
0	
1	
0	
2	
0	
0	
1	
0	
0	
0	
0	
1	
0	
0	

0	
1	
1	
2	
1	
0	
1	
1	
1	
0	
0	
0	
1	
1	
0	
1	
1	
1	
2	
1	
0	
1	
1	
0	
4	
1	
0	
2	
1	
1	
2	
0	
0	
0	
1	
0	
0	
1	
0	
1	
0	
0	
0	
1	
0	
1	
2	
0	
0	
2	
0	
0	
1	
2	
2	
1	
0	
0	
0	
0	
0	
2	
0	
1	
2	
0	
0	
1	
1	
1	
0	
1	
2	
1	
1	
0	
1	
1	
0	
1	
1	
1	
2	
1	
1	
1	
1	
0	
2	
1	
0	
2	
1	
0	
1	
1	
1	
1	
0	
1	
1	
0	
0	
1	
1	
0	
0	
1	
1	
0	
2	
0	
0	
0	
0	
0	
0	
2	
0	
0	
0	
0	
1	
1	
1	
1	
0	
1	
0	
0	
0	
2	
2	
1	
0	
0	
0	
0	
0	
0	
1	
1	
0	
5	
1	
0	
1	
0	
1	
1	

0	
0	
2	
0	
0	
1	
1	
1	
0	
1	
1	
0	
1	
1	
0	
0	
2	
0	
1	
1	
2	
0	
1	
1	
2	
1	
0	
3	
1	
1	
0	
1	
0	
2	
0	
0	
0	
1	
1	
2	
2	
0	
0	
1	
0	
1	
1	
0	
1	
2	
1	
3	
2	
1	
2	
1	
1	
1	
2	
0	
2	
1	
0	
0	
2	
0	
0	
0	
2	
1	
1	
1	
2	
1	
0	
2	
0	
0	
1	
0	
0	
1	
0	
0	
1	
0	
0	
0	
1	
0	
1	
1	
1	
1	
1	
0	
0	
0	
1	
1	
1	
1	
0	
0	
1	
1	
1	
0	
1	
3	
2	
1	
1	
2	
0	
0	
0	
2	
0	
0	
0	
1	
0	
2	
0	
1	
0	
1	
2	
1	
0	
1	
2	
0	
0	
1	
1	
0	
1	
1	
0	
0	
1	
1	
1	
1	
0	
0	
1	
1	

0	
0	
0	
1	
1	
1	
0	
1	
0	
1	
0	
2	
0	
0	
0	
1	
0	
0	
1	
0	
1	
0	
0	
0	
0	
0	
1	
1	
0	
0	
1	
0	
0	
0	
0	
0	
0	
1	
0	
0	
0	
0	
1	
0	
0	
1	
0	
0	
1	
0	
0	
1	
0	
0	
0	
1	
1	
0	
0	
0	
0	
0	
0	
2	
0	
0	
1	
0	
0	
1	
0	
0	
1	
0	
0	
1	
0	
0	
0	
0	
0	
0	
1	
0	
0	
0	
2	
0	
0	
0	
0	
0	
0	
0	
0	
1	
0	
0	
0	
1	
0	
2	
0	
0	
0	
1	
0	
0	
1	
0	
0	
1	
2	
1	
0	
0	
0	
0	
0	
0	
0	
0	
0	
0	
0	
1	
0	
0	
0	
1	
0	
1	
1	
0	
0	
1	
0	
0	
0	
0	
0	
0	
0	
1	
0	
1	
0	
0	
1	
1	

0	
1	
1	
1	
1	
0	
2	
0	
1	
1	
1	
0	
0	
0	
1	
0	
0	
1	
1	
0	
1	
1	
1	
1	
0	
1	
0	
0	
0	
0	
1	
1	
0	
0	
0	
0	
1	
2	
0	
1	
0	
0	
1	
0	
0	
1	
0	
1	
1	
1	
0	
1	
0	
1	
0	
0	
1	
1	
1	
0	
0	
0	
1	
1	
3	
1	
0	
0	
2	
0	
1	
0	
0	
0	
0	
0	
0	
1	
0	
0	
0	
0	
0	
2	
0	
0	
0	
0	
1	
1	
0	
1	
0	
0	
0	
2	
2	
1	
2	
0	
0	
2	
0	
0	
1	
0	
2	
1	
1	
0	
0	
0	
0	
1	
0	
0	
0	
0	
0	
1	
0	
0	
2	
0	
0	
0	
1	
1	
0	
2	
1	
0	
0	
0	
0	
1	
0	
1	
0	
1	
1	
1	
0	
0	
1	
0	
2	
0	
0	
1	

]

ExternalEquipmentRentingCost: [
4969	3806	3851	5999	2406	2937	3057	5295	2889	1082	2833	3250	1526	1761	1515	3712	3414	1164	1881	3611	1631	3219	5119	2833	4031	4717	3343	2803	2334	4597	3364	3729	4508	5797	1231	2193	5162	5855	2026	1325	4449	5519	3773	5913	3797	4741	2949	5625	2012	3666	2803	1704	2029	5788	3888	2543	3455	4447	3182	1513	1313	3288	5414	3742	2228	4846	2489	3068	4458	1269	4074	3982	4552	4073	5716	1218	2740	3164	1401	5129	2215	2833	1367	3761	3810	1406	4567	1095	5231	1843	3254	5244	3117	4086	5147	4738	4166	2868	4945	3646	1996	4977	5855	1573	4093	1958	3889	3150	2067	3719	2420	1783	4795	2919	2881	3881	1944	1975	4597	5377	2217	3041	5529	2849	5402	5491	1525	4616	5557	4106	5477	4562	4213	3744	1307	1006	2191	2190	2050	3456	1173	4585	4615	1985	5554	3320	1979	2477	3256	2766	
1868	1187	4957	3302	3842	2584	3571	4728	2987	3215	1060	1633	4711	2602	5470	3730	1654	1251	1478	2072	2578	2377	4450	3985	3807	2012	4324	4453	5130	1005	4635	4949	3748	2703	3484	1327	3512	5951	1523	2207	2099	3454	1739	4066	5502	4043	1142	3913	3926	1052	2135	1936	3711	3269	4874	4736	1824	1525	4117	3181	1022	5565	5604	1781	1567	4581	5705	2537	4117	5303	5337	2258	1436	4423	1151	1625	5873	4740	1084	5795	1081	3069	1106	2898	1053	2148	5318	3826	1298	3759	2859	3294	5133	5894	2772	1556	5736	4043	4757	1591	2136	2362	3486	3566	2600	2534	4440	3027	5434	1163	5939	5535	4155	3769	5457	4248	2209	5306	3236	5018	3902	1303	2665	3898	5885	3085	1258	1861	1892	1445	2398	5307	2627	2448	2470	3061	5601	1953	1761	5450	5787	5534	1567	5994	3069	3420	5729	2020	2195	2708	
2957	3745	5181	3396	1184	1980	2162	3642	1248	1025	5798	1760	2702	3009	2415	5170	3727	1509	2949	2135	5361	4132	3630	4779	4606	2030	3816	2433	4828	1989	1690	4917	5685	5303	5700	5137	5091	2510	3759	5507	2905	5784	3764	1862	2318	1795	3405	1178	3948	4855	3403	3738	1938	4073	3915	4517	3716	4201	4633	4560	4227	5359	3719	4649	2690	3603	2635	4537	1990	4576	5918	4025	2672	1919	3130	1040	5515	4458	4604	5334	2418	2591	3582	2261	5366	5920	3609	4595	4006	5224	5733	5674	3174	4602	3540	3504	1048	4650	5043	4820	3305	4320	1295	3448	5873	4311	2093	3061	2436	4335	3837	1409	2955	2114	1439	4847	1474	2652	5681	5664	5064	4652	4497	2614	1406	3253	5660	2133	2779	2471	1933	5545	4695	3210	1760	5719	1059	1569	1837	3449	5477	3860	1358	3060	4831	1178	3220	1003	5508	5340	
5467	3908	4396	5370	4584	5383	5610	3094	2450	4850	3221	1365	2908	4125	5124	2263	4970	1600	2684	1570	1600	1163	5376	5671	4132	3380	2832	4072	1615	2547	4843	2827	5091	5544	3916	2752	2491	4593	1656	5701	4982	3982	2831	2092	5567	3484	2561	5718	4241	2916	3747	5403	4010	2309	2255	4989	4223	3712	3467	2356	3276	5270	4694	2027	3381	5895	5269	4330	2346	3145	5166	1665	5336	3618	5585	1039	3538	5158	4545	2131	4469	2095	1720	4881	2383	2994	1199	3016	4054	5153	5454	5751	3200	1810	1835	4947	2110	1370	2051	2340	2633	3771	2959	3443	5021	2109	2849	4945	1283	2557	1937	1999	2338	1031	1799	1872	1399	3093	4238	5016	5126	3688	4645	3695	1061	1370	4106	3358	4995	3768	2622	5153	4785	1317	5663	3763	5926	5358	2101	5666	2282	2082	3222	5430	1810	2195	4253	5877	5616	3191	
2121	5359	3098	3274	1411	5018	1314	5218	5517	4968	2008	4762	3464	5576	3560	1584	5200	5012	4893	1744	2620	4307	1867	3761	3353	2989	3932	1999	4313	1253	3610	1662	4166	3114	5268	1968	5707	1519	1237	4076	5315	4066	4640	3957	5065	2847	5318	2290	3427	5887	3173	3696	3690	2263	1109	3302	2831	2423	4774	2842	3075	5366	1396	5038	5923	4650	4786	1340	3079	5296	5970	2477	3830	1943	1810	4863	2502	3093	4167	5679	4412	2778	4221	1538	5693	2703	5754	2724	3895	4178	3621	2020	5169	5413	3933	1979	5489	3162	1478	5169	3388	3406	1922	1016	5832	5767	5271	2287	1779	2849	2790	4795	1976	1126	4715	1897	5457	1041	3451	1170	5792	4134	1779	1336	4999	1103	2193	4883	3644	2117	3421	3971	2755	5188	2257	3472	1812	3730	3655	5584	3108	1989	2502	3451	3106	5658	4836	2167	3111	1951	
1551	4188	3896	4727	1469	1180	3620	5786	1058	4959	5973	2236	5942	5475	2379	1107	2428	4907	3592	1633	5190	3329	4871	1489	3538	4476	2219	1902	3138	5868	1513	4484	2785	5301	3909	3139	2350	3514	5822	3641	4091	2313	1962	1924	2784	3079	4180	4516	4879	5909	3198	5633	3402	3464	1308	2448	3987	3964	2319	1721	1194	4451	3574	1002	5303	2563	3963	2262	1489	4389	1382	1082	3428	5613	4788	3658	2292	5022	5228	5933	1615	4754	5676	4030	5977	5280	4304	3925	2187	2684	4591	4352	2933	4212	2228	2722	3227	1065	1436	4857	5350	1052	2942	1020	4566	3756	2740	4327	5245	5927	1610	2478	5593	3804	2143	4091	2582	4769	1380	4290	2888	3601	4616	1274	1835	2272	2713	1257	3456	2380	5141	3615	4092	2420	2073	1742	2168	2885	2339	4638	5910	5334	5546	5357	1039	2510	4652	3831	3423	4521	
1954	5105	2626	1326	1524	1456	2815	5517	4032	4568	2109	2710	1967	2380	2506	2298	5936	3598	4179	4890	2249	5166	2639	2016	2050	4009	1861	1847	1462	4088	4628	3869	1092	5559	5125	2761	2211	5140	2083	4291	4030	5826	4574	5343	5638	4162	1556	2726	3068	4878	2398	5731	4301	3273	2463	4486	3193	4652	5572	2981	1792	2168	1643	1336	1459	5771	4994	5479	3156	2226	4874	5652	2471	2853	3742	2669	4416	4677	2357	3932	3650	1472	4063	5714	3027	3024	2616	5860	5143	4866	5133	3073	5408	2888	3788	3173	3176	2576	3703	3379	2757	5593	1930	5756	1920	5627	5730	4476	3963	1891	1284	1775	1849	2596	1766	4003	2380	1215	1786	4750	2253	1788	2284	3300	2078	5552	5356	4223	5988	4327	4126	1583	2973	3731	1248	1271	2774	3762	5196	5497	5353	5570	2760	4207	3694	5297	1084	2319	3049	1331	
]

EquipmentTypeTransportationCost: [
1	4288	3498	4381	4412	
4288	1	4042	3150	3175	
3498	4042	1	4121	4072	
4381	3150	4121	1	1000	
4412	3175	4072	1000	1	

1	5099	4164	5221	5292	
5099	1	4910	3796	3791	
4164	4910	1	4964	4954	
5221	3796	4964	1	1000	
5292	3791	4954	1000	1	

1	4557	3709	4597	4607	
4557	1	4239	3371	3342	
3709	4239	1	4288	4312	
4597	3371	4288	1	1000	
4607	3342	4312	1000	1	

1	4189	3420	4171	4272	
4189	1	3914	3106	3077	
3420	3914	1	3973	3948	
4171	3106	3973	1	1000	
4272	3077	3948	1000	1	

1	4942	3942	4942	4924	
4942	1	4580	3532	3543	
3942	4580	1	4610	4669	
4942	3532	4610	1	1000	
4924	3543	4669	1000	1	

1	3306	2750	3409	3376	
3306	1	3213	2568	2591	
2750	3213	1	3257	3128	
3409	2568	3257	1	1000	
3376	2591	3128	1000	1	

1	5668	4652	5800	5614	
5668	1	5364	4013	4052	
4652	5364	1	5339	5400	
5800	4013	5339	1	1000	
5614	4052	5400	1000	1	

]

TransportationTimeForEquipmentTypeBetweenProjects: [
1	5	1	5	5	
5	1	3	1	1	
1	3	1	3	3	
5	1	3	1	1	
5	1	3	1	1	

1	6	1	6	6	
6	1	3	1	1	
1	3	1	3	3	
6	1	3	1	1	
6	1	3	1	1	

1	5	1	5	5	
5	1	3	1	1	
1	3	1	3	3	
5	1	3	1	1	
5	1	3	1	1	

1	5	1	5	5	
5	1	3	1	1	
1	3	1	3	3	
5	1	3	1	1	
5	1	3	1	1	

1	5	1	5	5	
5	1	3	1	1	
1	3	1	3	3	
5	1	3	1	1	
5	1	3	1	1	

1	3	1	3	3	
3	1	2	1	1	
1	2	1	2	2	
3	1	2	1	1	
3	1	2	1	1	

1	6	1	6	6	
6	1	4	1	1	
1	4	1	4	4	
6	1	4	1	1	
6	1	4	1	1	

]

TotalNumberOfInitialEquipmentTypeLocation: [
(1 36) 1 (1 60) 2 (1 88) 2 (1 119) 3 
(2 1) 1 (2 36) 1 (2 60) 3 (2 119) 2 
(3 1) 3 (3 36) 1 (3 60) 1 (3 88) 1 (3 119) 2 
(4 1) 2 (4 36) 1 (4 60) 3 (4 88) 2 (4 119) 1 
(5 1) 1 (5 36) 2 (5 60) 4 (5 119) 2 
(6 1) 1 (6 119) 1 
(7 1) 1 (7 36) 2 (7 60) 1 (7 88) 2 (7 119) 1 
]

DepotActivities: [ 1 36 60 88 119 ]

MaximalStintCliques: [
[ 2 38 11 20 29 1 10 19 28 37 ]
[ 2 38 11 20 29 3 12 21 30 39 ]
[ 4 40 13 22 31 3 12 21 30 39 ]
[ 4 40 13 22 31 5 41 14 23 32 ]
[ 5 41 14 23 32 33 42 6 15 24 ]
[ 6 33 42 15 24 34 25 43 7 16 ]
[ 7 34 43 16 25 35 17 26 44 8 ]
[ 8 35 44 17 26 36 9 18 27 45 ]
]
