nEmployees: 60
nSkills: 3
nProjects: 5
nDays: 150
nActivities: 174
nEquipmentTypes: 7
nStints: 88
nMaxModes: 2
nStintCliques: 22

EmployeeInStintCost: [
10674 10674 10674 10674 10674 10674 10674 10674 10674 10674 10674 10674 10674 10674 10674 10674 10674 10674 10674 10674 10674 5806 42204 42204 42204 42204 42204 42204 42204 42204 42204 39444 24660 18864 18864 18864 18864 18864 18864 18864 18864 18864 18864 18864 18864 18864 18864 18864 18864 18864 18864 18864 18864 18864 13104 23494 23494 23494 23494 23494 23494 23494 23494 23494 23494 23494 23494 23494 23494 23494 23494 23494 23494 23494 23494 23494 18602 43830 43830 43830 43830 43830 43830 43830 43830 43830 41070 26866 
12158 12158 12158 12158 12158 12158 12158 12158 12158 12158 12158 12158 12158 12158 12158 12158 12158 12158 12158 12158 12158 7506 38258 38258 38258 38258 38258 38258 38258 38258 38258 35714 21686 16332 16332 16332 16332 16332 16332 16332 16332 16332 16332 16332 16332 16332 16332 16332 16332 16332 16332 16332 16332 16332 10788 20794 20794 20794 20794 20794 20794 20794 20794 20794 20794 20794 20794 20794 20794 20794 20794 20794 20794 20794 20794 20794 16118 40076 40076 40076 40076 40076 40076 40076 40076 40076 37532 24084 
10350 10350 10350 10350 10350 10350 10350 10350 10350 10350 10350 10350 10350 10350 10350 10350 10350 10350 10350 10350 10350 5698 40746 40746 40746 40746 40746 40746 40746 40746 40746 38202 24174 18540 18540 18540 18540 18540 18540 18540 18540 18540 18540 18540 18540 18540 18540 18540 18540 18540 18540 18540 18540 18540 12996 23170 23170 23170 23170 23170 23170 23170 23170 23170 23170 23170 23170 23170 23170 23170 23170 23170 23170 23170 23170 23170 18494 42372 42372 42372 42372 42372 42372 42372 42372 42372 39828 26380 
15186 15186 15186 15186 15186 15186 15186 15186 15186 15186 15186 15186 15186 15186 15186 15186 15186 15186 15186 15186 15186 10798 35556 35556 35556 35556 35556 35556 35556 35556 35556 33276 20172 6460 6460 6460 6460 6460 6460 6460 6460 6460 6460 6460 6460 6460 6460 6460 6460 6460 6460 6460 6460 6460 4180 16190 16190 16190 16190 16190 16190 16190 16190 16190 16190 16190 16190 16190 16190 16190 16190 16190 16190 16190 16190 16190 11778 33990 33990 33990 33990 33990 33990 33990 33990 33990 31710 19186 
14950 14950 14950 14950 14950 14950 14950 14950 14950 14950 14950 14950 14950 14950 14950 14950 14950 14950 14950 14950 14950 10298 17172 17172 17172 17172 17172 17172 17172 17172 17172 14628 5724 13676 13676 13676 13676 13676 13676 13676 13676 13676 13676 13676 13676 13676 13676 13676 13676 13676 13676 13676 13676 13676 8132 17682 17682 17682 17682 17682 17682 17682 17682 17682 17682 17682 17682 17682 17682 17682 17682 17682 17682 17682 17682 17682 13006 37084 37084 37084 37084 37084 37084 37084 37084 37084 34540 21092 
12410 12410 12410 12410 12410 12410 12410 12410 12410 12410 12410 12410 12410 12410 12410 12410 12410 12410 12410 12410 12410 7590 39392 39392 39392 39392 39392 39392 39392 39392 39392 36680 22064 16584 16584 16584 16584 16584 16584 16584 16584 16584 16584 16584 16584 16584 16584 16584 16584 16584 16584 16584 16584 16584 10872 21046 21046 21046 21046 21046 21046 21046 21046 21046 21046 21046 21046 21046 21046 21046 21046 21046 21046 21046 21046 21046 16202 41210 41210 41210 41210 41210 41210 41210 41210 41210 38498 24462 
17246 17246 17246 17246 17246 17246 17246 17246 17246 17246 17246 17246 17246 17246 17246 17246 17246 17246 17246 17246 17246 12546 38302 38302 38302 38302 38302 38302 38302 38302 38302 35710 21514 9328 9328 9328 9328 9328 9328 9328 9328 9328 9328 9328 9328 9328 9328 9328 9328 9328 9328 9328 9328 9328 6736 15082 15082 15082 15082 15082 15082 15082 15082 15082 15082 15082 15082 15082 15082 15082 15082 15082 15082 15082 15082 15082 10358 23256 23256 23256 23256 23256 23256 23256 23256 23256 20664 11592 
15202 15202 15202 15202 15202 15202 15202 15202 15202 15202 15202 15202 15202 15202 15202 15202 15202 15202 15202 15202 15202 10382 18306 18306 18306 18306 18306 18306 18306 18306 18306 15594 6102 13928 13928 13928 13928 13928 13928 13928 13928 13928 13928 13928 13928 13928 13928 13928 13928 13928 13928 13928 13928 13928 8216 17934 17934 17934 17934 17934 17934 17934 17934 17934 17934 17934 17934 17934 17934 17934 17934 17934 17934 17934 17934 17934 13090 38218 38218 38218 38218 38218 38218 38218 38218 38218 35506 21470 
11978 11978 11978 11978 11978 11978 11978 11978 11978 11978 11978 11978 11978 11978 11978 11978 11978 11978 11978 11978 11978 7446 37448 37448 37448 37448 37448 37448 37448 37448 37448 35024 21416 16152 16152 16152 16152 16152 16152 16152 16152 16152 16152 16152 16152 16152 16152 16152 16152 16152 16152 16152 16152 16152 10728 20614 20614 20614 20614 20614 20614 20614 20614 20614 20614 20614 20614 20614 20614 20614 20614 20614 20614 20614 20614 20614 16058 39266 39266 39266 39266 39266 39266 39266 39266 39266 36842 23814 
17066 17066 17066 17066 17066 17066 17066 17066 17066 17066 17066 17066 17066 17066 17066 17066 17066 17066 17066 17066 17066 12486 37492 37492 37492 37492 37492 37492 37492 37492 37492 35020 21244 9148 9148 9148 9148 9148 9148 9148 9148 9148 9148 9148 9148 9148 9148 9148 9148 9148 9148 9148 9148 9148 6676 14902 14902 14902 14902 14902 14902 14902 14902 14902 14902 14902 14902 14902 14902 14902 14902 14902 14902 14902 14902 14902 10298 22446 22446 22446 22446 22446 22446 22446 22446 22446 19974 11322 
23238 23238 23238 23238 23238 23238 23238 23238 23238 23238 23238 23238 23238 23238 23238 23238 23238 23238 23238 23238 23238 18490 44770 44770 44770 44770 44770 44770 44770 44770 44770 42130 27766 18492 18492 18492 18492 18492 18492 18492 18492 18492 18492 18492 18492 18492 18492 18492 18492 18492 18492 18492 18492 18492 12852 10938 10938 10938 10938 10938 10938 10938 10938 10938 10938 10938 10938 10938 10938 10938 10938 10938 10938 10938 10938 10938 6166 38740 38740 38740 38740 38740 38740 38740 38740 38740 36100 22316 
11942 11942 11942 11942 11942 11942 11942 11942 11942 11942 11942 11942 11942 11942 11942 11942 11942 11942 11942 11942 11942 7434 37286 37286 37286 37286 37286 37286 37286 37286 37286 34886 21362 16116 16116 16116 16116 16116 16116 16116 16116 16116 16116 16116 16116 16116 16116 16116 16116 16116 16116 16116 16116 16116 10716 20578 20578 20578 20578 20578 20578 20578 20578 20578 20578 20578 20578 20578 20578 20578 20578 20578 20578 20578 20578 20578 16046 39104 39104 39104 39104 39104 39104 39104 39104 39104 36704 23760 
12338 12338 12338 12338 12338 12338 12338 12338 12338 12338 12338 12338 12338 12338 12338 12338 12338 12338 12338 12338 12338 7566 39068 39068 39068 39068 39068 39068 39068 39068 39068 36404 21956 16512 16512 16512 16512 16512 16512 16512 16512 16512 16512 16512 16512 16512 16512 16512 16512 16512 16512 16512 16512 16512 10848 20974 20974 20974 20974 20974 20974 20974 20974 20974 20974 20974 20974 20974 20974 20974 20974 20974 20974 20974 20974 20974 16178 40886 40886 40886 40886 40886 40886 40886 40886 40886 38222 24354 
10294 10294 10294 10294 10294 10294 10294 10294 10294 10294 10294 10294 10294 10294 10294 10294 10294 10294 10294 10294 10294 5738 40178 40178 40178 40178 40178 40178 40178 40178 40178 37730 24038 18492 18492 18492 18492 18492 18492 18492 18492 18492 18492 18492 18492 18492 18492 18492 18492 18492 18492 18492 18492 18492 13044 23114 23114 23114 23114 23114 23114 23114 23114 23114 23114 23114 23114 23114 23114 23114 23114 23114 23114 23114 23114 23114 18534 41820 41820 41820 41820 41820 41820 41820 41820 41820 39372 26260 
12374 12374 12374 12374 12374 12374 12374 12374 12374 12374 12374 12374 12374 12374 12374 12374 12374 12374 12374 12374 12374 7578 39230 39230 39230 39230 39230 39230 39230 39230 39230 36542 22010 16548 16548 16548 16548 16548 16548 16548 16548 16548 16548 16548 16548 16548 16548 16548 16548 16548 16548 16548 16548 16548 10860 21010 21010 21010 21010 21010 21010 21010 21010 21010 21010 21010 21010 21010 21010 21010 21010 21010 21010 21010 21010 21010 16190 41048 41048 41048 41048 41048 41048 41048 41048 41048 38360 24408 
17386 17386 17386 17386 17386 17386 17386 17386 17386 17386 17386 17386 17386 17386 17386 17386 17386 17386 17386 17386 17386 12854 37616 37616 37616 37616 37616 37616 37616 37616 37616 35192 21584 12568 12568 12568 12568 12568 12568 12568 12568 12568 12568 12568 12568 12568 12568 12568 12568 12568 12568 12568 12568 12568 7144 14414 14414 14414 14414 14414 14414 14414 14414 14414 14414 14414 14414 14414 14414 14414 14414 14414 14414 14414 14414 14414 9858 19882 19882 19882 19882 19882 19882 19882 19882 19882 17458 8974 
23022 23022 23022 23022 23022 23022 23022 23022 23022 23022 23022 23022 23022 23022 23022 23022 23022 23022 23022 23022 23022 18418 43798 43798 43798 43798 43798 43798 43798 43798 43798 41302 27442 18276 18276 18276 18276 18276 18276 18276 18276 18276 18276 18276 18276 18276 18276 18276 18276 18276 18276 18276 18276 18276 12780 10722 10722 10722 10722 10722 10722 10722 10722 10722 10722 10722 10722 10722 10722 10722 10722 10722 10722 10722 10722 10722 6094 37768 37768 37768 37768 37768 37768 37768 37768 37768 35272 21992 
18154 18154 18154 18154 18154 18154 18154 18154 18154 18154 18154 18154 18154 18154 18154 18154 18154 18154 18154 18154 18154 13574 38628 38628 38628 38628 38628 38628 38628 38628 38628 36156 22380 13320 13320 13320 13320 13320 13320 13320 13320 13320 13320 13320 13320 13320 13320 13320 13320 13320 13320 13320 13320 13320 7848 13790 13790 13790 13790 13790 13790 13790 13790 13790 13790 13790 13790 13790 13790 13790 13790 13790 13790 13790 13790 13790 9186 16686 16686 16686 16686 16686 16686 16686 16686 16686 14214 5562 
22690 22690 22690 22690 22690 22690 22690 22690 22690 22690 22690 22690 22690 22690 22690 22690 22690 22690 22690 22690 22690 18254 42184 42184 42184 42184 42184 42184 42184 42184 42184 39856 26584 17856 17856 17856 17856 17856 17856 17856 17856 17856 17856 17856 17856 17856 17856 17856 17856 17856 17856 17856 17856 17856 12528 3492 3492 3492 3492 3492 3492 3492 3492 3492 3492 3492 3492 3492 3492 3492 3492 3492 3492 3492 3492 3492 1164 36370 36370 36370 36370 36370 36370 36370 36370 36370 34042 21350 
6696 6696 6696 6696 6696 6696 6696 6696 6696 6696 6696 6696 6696 6696 6696 6696 6696 6696 6696 6696 6696 4152 40866 40866 40866 40866 40866 40866 40866 40866 40866 38322 24294 18460 18460 18460 18460 18460 18460 18460 18460 18460 18460 18460 18460 18460 18460 18460 18460 18460 18460 18460 18460 18460 12916 23138 23138 23138 23138 23138 23138 23138 23138 23138 23138 23138 23138 23138 23138 23138 23138 23138 23138 23138 23138 23138 18462 42324 42324 42324 42324 42324 42324 42324 42324 42324 39780 26332 
23086 23086 23086 23086 23086 23086 23086 23086 23086 23086 23086 23086 23086 23086 23086 23086 23086 23086 23086 23086 23086 18386 43966 43966 43966 43966 43966 43966 43966 43966 43966 41374 27178 18252 18252 18252 18252 18252 18252 18252 18252 18252 18252 18252 18252 18252 18252 18252 18252 18252 18252 18252 18252 18252 12660 3888 3888 3888 3888 3888 3888 3888 3888 3888 3888 3888 3888 3888 3888 3888 3888 3888 3888 3888 3888 3888 1296 38152 38152 38152 38152 38152 38152 38152 38152 38152 35560 21944 
22878 22878 22878 22878 22878 22878 22878 22878 22878 22878 22878 22878 22878 22878 22878 22878 22878 22878 22878 22878 22878 18370 43150 43150 43150 43150 43150 43150 43150 43150 43150 40750 27226 18132 18132 18132 18132 18132 18132 18132 18132 18132 18132 18132 18132 18132 18132 18132 18132 18132 18132 18132 18132 18132 12732 10578 10578 10578 10578 10578 10578 10578 10578 10578 10578 10578 10578 10578 10578 10578 10578 10578 10578 10578 10578 10578 6046 37120 37120 37120 37120 37120 37120 37120 37120 37120 34720 21776 
11294 11294 11294 11294 11294 11294 11294 11294 11294 11294 11294 11294 11294 11294 11294 11294 11294 11294 11294 11294 11294 6738 38050 38050 38050 38050 38050 38050 38050 38050 38050 35602 21910 16332 16332 16332 16332 16332 16332 16332 16332 16332 16332 16332 16332 16332 16332 16332 16332 16332 16332 16332 16332 16332 10884 20938 20938 20938 20938 20938 20938 20938 20938 20938 20938 20938 20938 20938 20938 20938 20938 20938 20938 20938 20938 20938 16358 39644 39644 39644 39644 39644 39644 39644 39644 39644 37196 24084 
14806 14806 14806 14806 14806 14806 14806 14806 14806 14806 14806 14806 14806 14806 14806 14806 14806 14806 14806 14806 14806 10250 16524 16524 16524 16524 16524 16524 16524 16524 16524 14076 5508 13532 13532 13532 13532 13532 13532 13532 13532 13532 13532 13532 13532 13532 13532 13532 13532 13532 13532 13532 13532 13532 8084 17538 17538 17538 17538 17538 17538 17538 17538 17538 17538 17538 17538 17538 17538 17538 17538 17538 17538 17538 17538 17538 12958 36436 36436 36436 36436 36436 36436 36436 36436 36436 33988 20876 
10402 10402 10402 10402 10402 10402 10402 10402 10402 10402 10402 10402 10402 10402 10402 10402 10402 10402 10402 10402 10402 5774 40664 40664 40664 40664 40664 40664 40664 40664 40664 38144 24200 18600 18600 18600 18600 18600 18600 18600 18600 18600 18600 18600 18600 18600 18600 18600 18600 18600 18600 18600 18600 18600 13080 23222 23222 23222 23222 23222 23222 23222 23222 23222 23222 23222 23222 23222 23222 23222 23222 23222 23222 23222 23222 23222 18570 42306 42306 42306 42306 42306 42306 42306 42306 42306 39786 26422 
11254 11254 11254 11254 11254 11254 11254 11254 11254 11254 11254 11254 11254 11254 11254 11254 11254 11254 11254 11254 11254 6362 40854 40854 40854 40854 40854 40854 40854 40854 40854 38070 23202 17292 17292 17292 17292 17292 17292 17292 17292 17292 17292 17292 17292 17292 17292 17292 17292 17292 17292 17292 17292 17292 11508 21938 21938 21938 21938 21938 21938 21938 21938 21938 21938 21938 21938 21938 21938 21938 21938 21938 21938 21938 21938 21938 17022 42392 42392 42392 42392 42392 42392 42392 42392 42392 39608 25320 
12230 12230 12230 12230 12230 12230 12230 12230 12230 12230 12230 12230 12230 12230 12230 12230 12230 12230 12230 12230 12230 7530 38582 38582 38582 38582 38582 38582 38582 38582 38582 35990 21794 16404 16404 16404 16404 16404 16404 16404 16404 16404 16404 16404 16404 16404 16404 16404 16404 16404 16404 16404 16404 16404 10812 20866 20866 20866 20866 20866 20866 20866 20866 20866 20866 20866 20866 20866 20866 20866 20866 20866 20866 20866 20866 20866 16142 40400 40400 40400 40400 40400 40400 40400 40400 40400 37808 24192 
15690 15690 15690 15690 15690 15690 15690 15690 15690 15690 15690 15690 15690 15690 15690 15690 15690 15690 15690 15690 15690 10966 37824 37824 37824 37824 37824 37824 37824 37824 37824 35208 20928 6964 6964 6964 6964 6964 6964 6964 6964 6964 6964 6964 6964 6964 6964 6964 6964 6964 6964 6964 6964 6964 4348 16694 16694 16694 16694 16694 16694 16694 16694 16694 16694 16694 16694 16694 16694 16694 16694 16694 16694 16694 16694 16694 11946 36258 36258 36258 36258 36258 36258 36258 36258 36258 33642 19942 
19362 19362 19362 19362 19362 19362 19362 19362 19362 19362 19362 19362 19362 19362 19362 19362 19362 19362 19362 19362 19362 14878 39300 39300 39300 39300 39300 39300 39300 39300 39300 36924 23484 14528 14528 14528 14528 14528 14528 14528 14528 14528 14528 14528 14528 14528 14528 14528 14528 14528 14528 14528 14528 14528 9152 12302 12302 12302 12302 12302 12302 12302 12302 12302 12302 12302 12302 12302 12302 12302 12302 12302 12302 12302 12302 12302 7794 33302 33302 33302 33302 33302 33302 33302 33302 33302 30926 18066 
23310 23310 23310 23310 23310 23310 23310 23310 23310 23310 23310 23310 23310 23310 23310 23310 23310 23310 23310 23310 23310 18514 45094 45094 45094 45094 45094 45094 45094 45094 45094 42406 27874 18564 18564 18564 18564 18564 18564 18564 18564 18564 18564 18564 18564 18564 18564 18564 18564 18564 18564 18564 18564 18564 12876 11010 11010 11010 11010 11010 11010 11010 11010 11010 11010 11010 11010 11010 11010 11010 11010 11010 11010 11010 11010 11010 6190 39064 39064 39064 39064 39064 39064 39064 39064 39064 36376 22424 
15418 15418 15418 15418 15418 15418 15418 15418 15418 15418 15418 15418 15418 15418 15418 15418 15418 15418 15418 15418 15418 10454 19278 19278 19278 19278 19278 19278 19278 19278 19278 16422 6426 14144 14144 14144 14144 14144 14144 14144 14144 14144 14144 14144 14144 14144 14144 14144 14144 14144 14144 14144 14144 14144 8288 18150 18150 18150 18150 18150 18150 18150 18150 18150 18150 18150 18150 18150 18150 18150 18150 18150 18150 18150 18150 18150 13162 39190 39190 39190 39190 39190 39190 39190 39190 39190 36334 21794 
17170 17170 17170 17170 17170 17170 17170 17170 17170 17170 17170 17170 17170 17170 17170 17170 17170 17170 17170 17170 17170 12782 36644 36644 36644 36644 36644 36644 36644 36644 36644 34364 21260 12352 12352 12352 12352 12352 12352 12352 12352 12352 12352 12352 12352 12352 12352 12352 12352 12352 12352 12352 12352 12352 7072 14198 14198 14198 14198 14198 14198 14198 14198 14198 14198 14198 14198 14198 14198 14198 14198 14198 14198 14198 14198 14198 9786 18910 18910 18910 18910 18910 18910 18910 18910 18910 16630 8650 
21694 21694 21694 21694 21694 21694 21694 21694 21694 21694 21694 21694 21694 21694 21694 21694 21694 21694 21694 21694 21694 17042 42274 42274 42274 42274 42274 42274 42274 42274 42274 39730 25702 16860 16860 16860 16860 16860 16860 16860 16860 16860 16860 16860 16860 16860 16860 16860 16860 16860 16860 16860 16860 16860 11316 10506 10506 10506 10506 10506 10506 10506 10506 10506 10506 10506 10506 10506 10506 10506 10506 10506 10506 10506 10506 10506 5830 36516 36516 36516 36516 36516 36516 36516 36516 36516 33972 20524 
17350 17350 17350 17350 17350 17350 17350 17350 17350 17350 17350 17350 17350 17350 17350 17350 17350 17350 17350 17350 17350 12842 37454 37454 37454 37454 37454 37454 37454 37454 37454 35054 21530 12532 12532 12532 12532 12532 12532 12532 12532 12532 12532 12532 12532 12532 12532 12532 12532 12532 12532 12532 12532 12532 7132 14378 14378 14378 14378 14378 14378 14378 14378 14378 14378 14378 14378 14378 14378 14378 14378 14378 14378 14378 14378 14378 9846 19720 19720 19720 19720 19720 19720 19720 19720 19720 17320 8920 
10134 10134 10134 10134 10134 10134 10134 10134 10134 10134 10134 10134 10134 10134 10134 10134 10134 10134 10134 10134 10134 5626 39774 39774 39774 39774 39774 39774 39774 39774 39774 37374 23850 18324 18324 18324 18324 18324 18324 18324 18324 18324 18324 18324 18324 18324 18324 18324 18324 18324 18324 18324 18324 18324 12924 22954 22954 22954 22954 22954 22954 22954 22954 22954 22954 22954 22954 22954 22954 22954 22954 22954 22954 22954 22954 22954 18422 41400 41400 41400 41400 41400 41400 41400 41400 41400 39000 26056 
7020 7020 7020 7020 7020 7020 7020 7020 7020 7020 7020 7020 7020 7020 7020 7020 7020 7020 7020 7020 7020 4260 42324 42324 42324 42324 42324 42324 42324 42324 42324 39564 24780 18784 18784 18784 18784 18784 18784 18784 18784 18784 18784 18784 18784 18784 18784 18784 18784 18784 18784 18784 18784 18784 13024 23462 23462 23462 23462 23462 23462 23462 23462 23462 23462 23462 23462 23462 23462 23462 23462 23462 23462 23462 23462 23462 18570 43782 43782 43782 43782 43782 43782 43782 43782 43782 41022 26818 
18478 18478 18478 18478 18478 18478 18478 18478 18478 18478 18478 18478 18478 18478 18478 18478 18478 18478 18478 18478 18478 13682 40086 40086 40086 40086 40086 40086 40086 40086 40086 37398 22866 13644 13644 13644 13644 13644 13644 13644 13644 13644 13644 13644 13644 13644 13644 13644 13644 13644 13644 13644 13644 13644 7956 14114 14114 14114 14114 14114 14114 14114 14114 14114 14114 14114 14114 14114 14114 14114 14114 14114 14114 14114 14114 14114 9294 18144 18144 18144 18144 18144 18144 18144 18144 18144 15456 6048 
19974 19974 19974 19974 19974 19974 19974 19974 19974 19974 19974 19974 19974 19974 19974 19974 19974 19974 19974 19974 19974 15082 42054 42054 42054 42054 42054 42054 42054 42054 42054 39270 24402 15140 15140 15140 15140 15140 15140 15140 15140 15140 15140 15140 15140 15140 15140 15140 15140 15140 15140 15140 15140 15140 9356 12914 12914 12914 12914 12914 12914 12914 12914 12914 12914 12914 12914 12914 12914 12914 12914 12914 12914 12914 12914 12914 7998 36056 36056 36056 36056 36056 36056 36056 36056 36056 33272 18984 
11002 11002 11002 11002 11002 11002 11002 11002 11002 11002 11002 11002 11002 11002 11002 11002 11002 11002 11002 11002 11002 6278 39720 39720 39720 39720 39720 39720 39720 39720 39720 37104 22824 17040 17040 17040 17040 17040 17040 17040 17040 17040 17040 17040 17040 17040 17040 17040 17040 17040 17040 17040 17040 17040 11424 21686 21686 21686 21686 21686 21686 21686 21686 21686 21686 21686 21686 21686 21686 21686 21686 21686 21686 21686 21686 21686 16938 41258 41258 41258 41258 41258 41258 41258 41258 41258 38642 24942 
11906 11906 11906 11906 11906 11906 11906 11906 11906 11906 11906 11906 11906 11906 11906 11906 11906 11906 11906 11906 11906 7422 37124 37124 37124 37124 37124 37124 37124 37124 37124 34748 21308 16080 16080 16080 16080 16080 16080 16080 16080 16080 16080 16080 16080 16080 16080 16080 16080 16080 16080 16080 16080 16080 10704 20542 20542 20542 20542 20542 20542 20542 20542 20542 20542 20542 20542 20542 20542 20542 20542 20542 20542 20542 20542 20542 16034 38942 38942 38942 38942 38942 38942 38942 38942 38942 36566 23706 
4248 4248 4248 4248 4248 4248 4248 4248 4248 4248 4248 4248 4248 4248 4248 4248 4248 4248 4248 4248 4248 1416 42914 42914 42914 42914 42914 42914 42914 42914 42914 40082 25046 18812 18812 18812 18812 18812 18812 18812 18812 18812 18812 18812 18812 18812 18812 18812 18812 18812 18812 18812 18812 18812 12980 23506 23506 23506 23506 23506 23506 23506 23506 23506 23506 23506 23506 23506 23506 23506 23506 23506 23506 23506 23506 23506 18542 44196 44196 44196 44196 44196 44196 44196 44196 44196 41364 26908 
14734 14734 14734 14734 14734 14734 14734 14734 14734 14734 14734 14734 14734 14734 14734 14734 14734 14734 14734 14734 14734 10226 16200 16200 16200 16200 16200 16200 16200 16200 16200 13800 5400 13460 13460 13460 13460 13460 13460 13460 13460 13460 13460 13460 13460 13460 13460 13460 13460 13460 13460 13460 13460 13460 8060 17466 17466 17466 17466 17466 17466 17466 17466 17466 17466 17466 17466 17466 17466 17466 17466 17466 17466 17466 17466 17466 12934 36112 36112 36112 36112 36112 36112 36112 36112 36112 33712 20768 
15366 15366 15366 15366 15366 15366 15366 15366 15366 15366 15366 15366 15366 15366 15366 15366 15366 15366 15366 15366 15366 10858 36366 36366 36366 36366 36366 36366 36366 36366 36366 33966 20442 6640 6640 6640 6640 6640 6640 6640 6640 6640 6640 6640 6640 6640 6640 6640 6640 6640 6640 6640 6640 6640 4240 16370 16370 16370 16370 16370 16370 16370 16370 16370 16370 16370 16370 16370 16370 16370 16370 16370 16370 16370 16370 16370 11838 34800 34800 34800 34800 34800 34800 34800 34800 34800 32400 19456 
16486 16486 16486 16486 16486 16486 16486 16486 16486 16486 16486 16486 16486 16486 16486 16486 16486 16486 16486 16486 16486 11738 38242 38242 38242 38242 38242 38242 38242 38242 38242 35602 21238 4920 4920 4920 4920 4920 4920 4920 4920 4920 4920 4920 4920 4920 4920 4920 4920 4920 4920 4920 4920 4920 2280 15962 15962 15962 15962 15962 15962 15962 15962 15962 15962 15962 15962 15962 15962 15962 15962 15962 15962 15962 15962 15962 11190 35644 35644 35644 35644 35644 35644 35644 35644 35644 33004 19220 
17474 17474 17474 17474 17474 17474 17474 17474 17474 17474 17474 17474 17474 17474 17474 17474 17474 17474 17474 17474 17474 13134 36080 36080 36080 36080 36080 36080 36080 36080 36080 33848 20912 13312 13312 13312 13312 13312 13312 13312 13312 13312 13312 13312 13312 13312 13312 13312 13312 13312 13312 13312 13312 13312 8080 14254 14254 14254 14254 14254 14254 14254 14254 14254 14254 14254 14254 14254 14254 14254 14254 14254 14254 14254 14254 14254 9890 32858 32858 32858 32858 32858 32858 32858 32858 32858 30626 18270 
16594 16594 16594 16594 16594 16594 16594 16594 16594 16594 16594 16594 16594 16594 16594 16594 16594 16594 16594 16594 16594 11774 38728 38728 38728 38728 38728 38728 38728 38728 38728 36016 21400 5028 5028 5028 5028 5028 5028 5028 5028 5028 5028 5028 5028 5028 5028 5028 5028 5028 5028 5028 5028 5028 2316 16070 16070 16070 16070 16070 16070 16070 16070 16070 16070 16070 16070 16070 16070 16070 16070 16070 16070 16070 16070 16070 11226 36130 36130 36130 36130 36130 36130 36130 36130 36130 33418 19382 
3708 3708 3708 3708 3708 3708 3708 3708 3708 3708 3708 3708 3708 3708 3708 3708 3708 3708 3708 3708 3708 1236 40484 40484 40484 40484 40484 40484 40484 40484 40484 38012 24236 18272 18272 18272 18272 18272 18272 18272 18272 18272 18272 18272 18272 18272 18272 18272 18272 18272 18272 18272 18272 18272 12800 22966 22966 22966 22966 22966 22966 22966 22966 22966 22966 22966 22966 22966 22966 22966 22966 22966 22966 22966 22966 22966 18362 41766 41766 41766 41766 41766 41766 41766 41766 41766 39294 26098 
12446 12446 12446 12446 12446 12446 12446 12446 12446 12446 12446 12446 12446 12446 12446 12446 12446 12446 12446 12446 12446 7602 39554 39554 39554 39554 39554 39554 39554 39554 39554 36818 22118 16620 16620 16620 16620 16620 16620 16620 16620 16620 16620 16620 16620 16620 16620 16620 16620 16620 16620 16620 16620 16620 10884 21082 21082 21082 21082 21082 21082 21082 21082 21082 21082 21082 21082 21082 21082 21082 21082 21082 21082 21082 21082 21082 16214 41372 41372 41372 41372 41372 41372 41372 41372 41372 38636 24516 
19650 19650 19650 19650 19650 19650 19650 19650 19650 19650 19650 19650 19650 19650 19650 19650 19650 19650 19650 19650 19650 14974 40596 40596 40596 40596 40596 40596 40596 40596 40596 38028 23916 14816 14816 14816 14816 14816 14816 14816 14816 14816 14816 14816 14816 14816 14816 14816 14816 14816 14816 14816 14816 14816 9248 12590 12590 12590 12590 12590 12590 12590 12590 12590 12590 12590 12590 12590 12590 12590 12590 12590 12590 12590 12590 12590 7890 34598 34598 34598 34598 34598 34598 34598 34598 34598 32030 18498 
10350 10350 10350 10350 10350 10350 10350 10350 10350 10350 10350 10350 10350 10350 10350 10350 10350 10350 10350 10350 10350 5698 40746 40746 40746 40746 40746 40746 40746 40746 40746 38202 24174 18540 18540 18540 18540 18540 18540 18540 18540 18540 18540 18540 18540 18540 18540 18540 18540 18540 18540 18540 18540 18540 12996 23170 23170 23170 23170 23170 23170 23170 23170 23170 23170 23170 23170 23170 23170 23170 23170 23170 23170 23170 23170 23170 18494 42372 42372 42372 42372 42372 42372 42372 42372 42372 39828 26380 
18694 18694 18694 18694 18694 18694 18694 18694 18694 18694 18694 18694 18694 18694 18694 18694 18694 18694 18694 18694 18694 13754 41058 41058 41058 41058 41058 41058 41058 41058 41058 38226 23190 13860 13860 13860 13860 13860 13860 13860 13860 13860 13860 13860 13860 13860 13860 13860 13860 13860 13860 13860 13860 13860 8028 14330 14330 14330 14330 14330 14330 14330 14330 14330 14330 14330 14330 14330 14330 14330 14330 14330 14330 14330 14330 14330 9366 19116 19116 19116 19116 19116 19116 19116 19116 19116 16284 6372 
17746 17746 17746 17746 17746 17746 17746 17746 17746 17746 17746 17746 17746 17746 17746 17746 17746 17746 17746 17746 17746 12974 39236 39236 39236 39236 39236 39236 39236 39236 39236 36572 22124 12928 12928 12928 12928 12928 12928 12928 12928 12928 12928 12928 12928 12928 12928 12928 12928 12928 12928 12928 12928 12928 7264 14774 14774 14774 14774 14774 14774 14774 14774 14774 14774 14774 14774 14774 14774 14774 14774 14774 14774 14774 14774 14774 9978 21502 21502 21502 21502 21502 21502 21502 21502 21502 18838 9514 
17066 17066 17066 17066 17066 17066 17066 17066 17066 17066 17066 17066 17066 17066 17066 17066 17066 17066 17066 17066 17066 12486 37492 37492 37492 37492 37492 37492 37492 37492 37492 35020 21244 9148 9148 9148 9148 9148 9148 9148 9148 9148 9148 9148 9148 9148 9148 9148 9148 9148 9148 9148 9148 9148 6676 14902 14902 14902 14902 14902 14902 14902 14902 14902 14902 14902 14902 14902 14902 14902 14902 14902 14902 14902 14902 14902 10298 22446 22446 22446 22446 22446 22446 22446 22446 22446 19974 11322 
5668 5668 5668 5668 5668 5668 5668 5668 5668 5668 5668 5668 5668 5668 5668 5668 5668 5668 5668 5668 5668 3196 40140 40140 40140 40140 40140 40140 40140 40140 40140 37668 23892 18016 18016 18016 18016 18016 18016 18016 18016 18016 18016 18016 18016 18016 18016 18016 18016 18016 18016 18016 18016 18016 12544 22702 22702 22702 22702 22702 22702 22702 22702 22702 22702 22702 22702 22702 22702 22702 22702 22702 22702 22702 22702 22702 18098 41502 41502 41502 41502 41502 41502 41502 41502 41502 39030 25834 
16126 16126 16126 16126 16126 16126 16126 16126 16126 16126 16126 16126 16126 16126 16126 16126 16126 16126 16126 16126 16126 11618 36622 36622 36622 36622 36622 36622 36622 36622 36622 34222 20698 4560 4560 4560 4560 4560 4560 4560 4560 4560 4560 4560 4560 4560 4560 4560 4560 4560 4560 4560 4560 4560 2160 15602 15602 15602 15602 15602 15602 15602 15602 15602 15602 15602 15602 15602 15602 15602 15602 15602 15602 15602 15602 15602 11070 34024 34024 34024 34024 34024 34024 34024 34024 34024 31624 18680 
11726 11726 11726 11726 11726 11726 11726 11726 11726 11726 11726 11726 11726 11726 11726 11726 11726 11726 11726 11726 11726 6882 39994 39994 39994 39994 39994 39994 39994 39994 39994 37258 22558 16764 16764 16764 16764 16764 16764 16764 16764 16764 16764 16764 16764 16764 16764 16764 16764 16764 16764 16764 16764 16764 11028 21370 21370 21370 21370 21370 21370 21370 21370 21370 21370 21370 21370 21370 21370 21370 21370 21370 21370 21370 21370 21370 16502 41588 41588 41588 41588 41588 41588 41588 41588 41588 38852 24732 
21946 21946 21946 21946 21946 21946 21946 21946 21946 21946 21946 21946 21946 21946 21946 21946 21946 21946 21946 21946 21946 17126 43408 43408 43408 43408 43408 43408 43408 43408 43408 40696 26080 17112 17112 17112 17112 17112 17112 17112 17112 17112 17112 17112 17112 17112 17112 17112 17112 17112 17112 17112 17112 17112 11400 10758 10758 10758 10758 10758 10758 10758 10758 10758 10758 10758 10758 10758 10758 10758 10758 10758 10758 10758 10758 10758 5914 37650 37650 37650 37650 37650 37650 37650 37650 37650 34938 20902 
19830 19830 19830 19830 19830 19830 19830 19830 19830 19830 19830 19830 19830 19830 19830 19830 19830 19830 19830 19830 19830 15034 41406 41406 41406 41406 41406 41406 41406 41406 41406 38718 24186 14996 14996 14996 14996 14996 14996 14996 14996 14996 14996 14996 14996 14996 14996 14996 14996 14996 14996 14996 14996 14996 9308 12770 12770 12770 12770 12770 12770 12770 12770 12770 12770 12770 12770 12770 12770 12770 12770 12770 12770 12770 12770 12770 7950 35408 35408 35408 35408 35408 35408 35408 35408 35408 32720 18768 
4104 4104 4104 4104 4104 4104 4104 4104 4104 4104 4104 4104 4104 4104 4104 4104 4104 4104 4104 4104 4104 1368 42266 42266 42266 42266 42266 42266 42266 42266 42266 39530 24830 18668 18668 18668 18668 18668 18668 18668 18668 18668 18668 18668 18668 18668 18668 18668 18668 18668 18668 18668 18668 18668 12932 23362 23362 23362 23362 23362 23362 23362 23362 23362 23362 23362 23362 23362 23362 23362 23362 23362 23362 23362 23362 23362 18494 43548 43548 43548 43548 43548 43548 43548 43548 43548 40812 26692 
15978 15978 15978 15978 15978 15978 15978 15978 15978 15978 15978 15978 15978 15978 15978 15978 15978 15978 15978 15978 15978 11062 39120 39120 39120 39120 39120 39120 39120 39120 39120 36312 21360 7252 7252 7252 7252 7252 7252 7252 7252 7252 7252 7252 7252 7252 7252 7252 7252 7252 7252 7252 7252 7252 4444 16982 16982 16982 16982 16982 16982 16982 16982 16982 16982 16982 16982 16982 16982 16982 16982 16982 16982 16982 16982 16982 12042 37554 37554 37554 37554 37554 37554 37554 37554 37554 34746 20374 
]

ExternalWorkerWithSkillOnStintCost: [
12660 16260 15300 13500 14190 13860 15960 13410 17460 15900 15690 12210 12900 15300 17310 16080 15990 15930 15990 16560 13740 8118 48216 41412 46452 47376 49476 37296 38556 38892 35700 46956 33240 16350 16770 12900 17430 14790 15270 17160 14910 16800 16290 12600 15030 15420 16590 16950 15360 14070 16800 17670 14610 14190 10260 13800 16680 13230 12090 13710 13200 16200 16800 13110 16740 16920 13110 17280 17100 13680 16410 15750 12360 16080 14370 16680 7686 48888 33768 47796 36624 45612 37800 44436 38304 37716 36456 31260 
17790 14310 14610 15390 12420 16410 13140 16260 17010 15630 12030 14010 12330 13890 15330 17670 14610 15450 14640 16170 16920 10602 36120 37968 41832 35784 35112 47964 40068 42588 39312 34440 34260 15330 15480 15090 17730 15840 17070 16680 15870 14280 16680 17670 12300 17850 15690 17550 15840 17460 17580 16080 12210 17430 9864 14310 16470 16350 13830 12210 15330 14640 17160 12660 17610 12420 12210 16920 13770 16650 14580 14400 15330 13740 15240 15120 9594 33936 43932 47208 46200 42924 46704 40488 34020 42588 37632 33720 
13890 17100 15300 16140 14580 16710 15840 15390 13380 17940 13680 15030 14100 14250 16290 16650 14400 14700 16320 14070 13320 8532 40992 39144 46032 43344 49140 47880 41832 38808 43344 37632 32160 16050 15240 13920 15600 15030 13770 12360 16410 12930 17760 12090 16980 14430 13080 16230 13980 16620 16230 17940 12990 14640 7668 14610 13710 15060 16230 12840 15930 15870 16710 14430 15960 13560 12690 17700 14220 14940 17670 12150 17280 17190 14790 16980 8514 37380 40404 45444 38136 43008 42504 40068 45276 36540 46788 29340 
]

OverlappingStints: [
[ 23 34 56 78 ]
[ 23 35 57 78 ]
[ 23 24 36 58 78 79 ]
[ 23 24 37 59 78 79 ]
[ 24 25 38 60 79 80 ]
[ 24 25 39 61 79 80 ]
[ 25 26 40 62 80 81 ]
[ 25 26 41 63 80 81 ]
[ 26 27 42 64 81 82 ]
[ 26 27 43 65 81 82 ]
[ 27 28 44 66 82 83 ]
[ 27 28 45 67 82 83 ]
[ 28 29 46 68 83 84 ]
[ 28 29 47 69 83 84 ]
[ 29 30 48 70 84 85 ]
[ 29 30 49 71 84 85 ]
[ 30 31 50 72 85 86 ]
[ 30 31 51 73 85 86 ]
[ 31 32 52 74 86 87 ]
[ 31 32 53 75 86 87 ]
[ 32 33 54 76 87 88 ]
[ 32 33 55 77 87 88 ]
[ 24 34 35 36 37 56 57 58 59 78 79 ]
[ 25 36 37 38 39 58 59 60 61 78 79 80 ]
[ 26 38 39 40 41 60 61 62 63 79 80 81 ]
[ 27 40 41 42 43 62 63 64 65 80 81 82 ]
[ 28 42 43 44 45 64 65 66 67 81 82 83 ]
[ 29 44 45 46 47 66 67 68 69 82 83 84 ]
[ 30 46 47 48 49 68 69 70 71 83 84 85 ]
[ 31 48 49 50 51 70 71 72 73 84 85 86 ]
[ 32 50 51 52 53 72 73 74 75 85 86 87 ]
[ 33 52 53 54 55 74 75 76 77 86 87 88 ]
[ 54 55 76 77 87 88 ]
[ 56 78 ]
[ 57 78 ]
[ 58 78 79 ]
[ 59 78 79 ]
[ 60 79 80 ]
[ 61 79 80 ]
[ 62 80 81 ]
[ 63 80 81 ]
[ 64 81 82 ]
[ 65 81 82 ]
[ 66 82 83 ]
[ 67 82 83 ]
[ 68 83 84 ]
[ 69 83 84 ]
[ 70 84 85 ]
[ 71 84 85 ]
[ 72 85 86 ]
[ 73 85 86 ]
[ 74 86 87 ]
[ 75 86 87 ]
[ 76 87 88 ]
[ 77 87 88 ]
[ 78 ]
[ 78 ]
[ 78 79 ]
[ 78 79 ]
[ 79 80 ]
[ 79 80 ]
[ 80 81 ]
[ 80 81 ]
[ 81 82 ]
[ 81 82 ]
[ 82 83 ]
[ 82 83 ]
[ 83 84 ]
[ 83 84 ]
[ 84 85 ]
[ 84 85 ]
[ 85 86 ]
[ 85 86 ]
[ 86 87 ]
[ 86 87 ]
[ 87 88 ]
[ 87 88 ]
[ 79 ]
[ 80 ]
[ 81 ]
[ 82 ]
[ 83 ]
[ 84 ]
[ 85 ]
[ 86 ]
[ 87 ]
[ 88 ]
[ ]
]

EmployeesWithSkill: [
[ 1 2 3 4 5 6 7 8 9 10 11 12 13 14 15 16 17 18 19 20 21 22 23 24 25 26 27 28 29 30 31 32 33 34 35 36 37 38 39 40 41 42 43 44 45 46 47 48 49 50 51 52 53 54 55 56 57 58 59 60 ]
[ 3 5 7 8 13 16 17 19 21 24 25 27 28 30 31 33 35 36 41 42 44 47 48 50 51 52 54 55 60 ]
[ 1 3 5 6 8 12 17 18 24 26 27 28 31 35 36 38 39 40 41 43 44 47 49 50 51 56 58 59 60 ]
]

SkillDemandInActivityWithMode: [
0	1	
5	9	
9	15	
2	4	
3	6	
3	6	
3	6	
2	4	
2	4	
9	15	
6	10	
4	7	
3	6	
2	4	
5	9	
3	6	
6	10	
9	15	
5	9	
9	15	
3	6	
6	10	
9	15	
6	10	
3	6	
6	10	
3	6	
2	4	
4	7	
3	6	
7	12	
6	10	
8	13	
2	4	
3	6	
2	4	
0	1	
10	16	
10	16	
8	13	
3	6	
8	13	
12	19	
9	15	
15	24	
13	21	
9	15	
8	13	
11	18	
5	9	
8	13	
10	16	
7	12	
8	13	
6	10	
4	7	
6	10	
5	9	
5	9	
8	13	
13	21	
3	6	
13	21	
6	10	
5	9	
13	21	
3	6	
6	10	
0	1	
12	19	
9	15	
12	19	
6	10	
4	7	
8	13	
15	24	
9	15	
6	10	
3	6	
13	21	
15	24	
5	9	
8	13	
15	24	
11	18	
15	24	
12	19	
3	6	
5	9	
3	6	
3	6	
4	7	
7	12	
13	21	
7	12	
6	10	
7	12	
13	21	
6	10	
14	22	
14	22	
12	19	
7	12	
0	1	
5	9	
9	15	
11	18	
9	15	
11	18	
5	9	
11	18	
11	18	
9	15	
11	18	
3	6	
4	7	
3	6	
11	18	
9	15	
11	18	
4	7	
7	12	
6	10	
4	7	
10	16	
4	7	
3	6	
6	10	
9	15	
4	7	
9	15	
8	13	
11	18	
6	10	
8	13	
11	18	
11	18	
11	18	
0	1	
3	6	
6	10	
5	9	
4	7	
4	7	
3	6	
2	4	
6	10	
6	10	
4	7	
6	10	
2	4	
2	4	
5	9	
5	9	
2	4	
6	10	
7	12	
2	4	
2	4	
6	10	
4	7	
6	10	
5	9	
3	6	
6	10	
6	10	
3	6	
3	6	
5	9	
3	6	
1	3	
1	3	
6	10	
6	10	

0	1	
0	1	
1	3	
0	1	
0	1	
0	1	
0	1	
0	1	
0	1	
1	3	
1	3	
0	1	
0	1	
0	1	
1	3	
0	1	
1	3	
1	3	
0	1	
1	3	
0	1	
1	3	
1	3	
1	3	
0	1	
1	3	
0	1	
0	1	
0	1	
0	1	
1	3	
1	3	
1	3	
0	1	
0	1	
0	1	
0	1	
5	9	
4	7	
3	6	
1	3	
3	6	
6	10	
4	7	
7	12	
6	10	
4	7	
4	7	
5	9	
2	4	
3	6	
4	7	
3	6	
3	6	
3	6	
1	3	
2	4	
2	4	
2	4	
3	6	
6	10	
1	3	
6	10	
2	4	
2	4	
6	10	
1	3	
2	4	
0	1	
7	12	
6	10	
7	12	
4	7	
2	4	
5	9	
9	15	
5	9	
3	6	
1	3	
8	13	
9	15	
3	6	
4	7	
9	15	
7	12	
9	15	
7	12	
1	3	
3	6	
1	3	
1	3	
2	4	
4	7	
8	13	
4	7	
3	6	
4	7	
8	13	
3	6	
9	15	
9	15	
7	12	
4	7	
0	1	
1	3	
3	6	
4	7	
3	6	
4	7	
1	3	
4	7	
4	7	
3	6	
4	7	
1	3	
1	3	
1	3	
4	7	
3	6	
4	7	
1	3	
2	4	
2	4	
1	3	
3	6	
1	3	
0	1	
2	4	
3	6	
1	3	
3	6	
2	4	
4	7	
2	4	
2	4	
4	7	
4	7	
4	7	
0	1	
1	3	
2	4	
2	4	
1	3	
1	3	
1	3	
0	1	
2	4	
2	4	
1	3	
2	4	
0	1	
0	1	
2	4	
2	4	
0	1	
2	4	
2	4	
0	1	
0	1	
2	4	
1	3	
2	4	
1	3	
1	3	
2	4	
2	4	
1	3	
0	1	
1	3	
0	1	
0	1	
0	1	
2	4	
2	4	

0	1	
11	18	
21	33	
4	7	
6	10	
7	12	
5	9	
4	7	
3	6	
21	33	
15	24	
8	13	
5	9	
3	6	
12	19	
7	12	
13	21	
21	33	
11	18	
21	33	
5	9	
14	22	
21	33	
15	24	
7	12	
13	21	
7	12	
5	9	
8	13	
5	9	
17	27	
13	21	
19	30	
4	7	
5	9	
3	6	
0	1	
1	3	
1	3	
1	3	
0	1	
1	3	
1	3	
1	3	
2	4	
1	3	
1	3	
1	3	
1	3	
0	1	
1	3	
1	3	
0	1	
1	3	
0	1	
0	1	
0	1	
0	1	
0	1	
1	3	
1	3	
0	1	
1	3	
0	1	
0	1	
1	3	
0	1	
0	1	
0	1	
0	1	
0	1	
0	1	
0	1	
0	1	
0	1	
1	3	
0	1	
0	1	
0	1	
0	1	
1	3	
0	1	
0	1	
1	3	
0	1	
0	1	
0	1	
0	1	
0	1	
0	1	
0	1	
0	1	
0	1	
0	1	
0	1	
0	1	
0	1	
0	1	
0	1	
0	1	
0	1	
0	1	
0	1	
0	1	
0	1	
0	1	
0	1	
0	1	
0	1	
0	1	
0	1	
0	1	
0	1	
0	1	
0	1	
0	1	
0	1	
0	1	
0	1	
0	1	
0	1	
0	1	
0	1	
0	1	
0	1	
0	1	
0	1	
0	1	
0	1	
0	1	
0	1	
0	1	
0	1	
0	1	
0	1	
0	1	
0	1	
0	1	
0	1	
0	1	
0	1	
0	1	
0	1	
0	1	
0	1	
0	1	
0	1	
0	1	
0	1	
0	1	
0	1	
0	1	
0	1	
0	1	
0	1	
0	1	
0	1	
0	1	
0	1	
0	1	
0	1	
0	1	
0	1	
0	1	
0	1	
0	1	
0	1	
0	1	
0	1	
0	1	
0	1	
0	1	
0	1	
0	1	

]

EmployeeAvailability: [
1 1 1 1 1 1 1 1 1 1 1 1 1 1 1 1 1 1 1 1 1 1 1 1 0 1 1 1 1 1 1 1 1 1 1 1 1 1 1 1 1 1 1 1 1 1 1 1 1 1 1 1 1 1 1 1 1 1 1 1 1 1 1 1 1 1 1 1 1 1 1 1 1 1 1 1 1 1 1 0 1 1 1 1 1 1 1 1 
1 1 1 1 1 1 1 1 1 1 1 1 1 1 1 1 1 1 1 1 0 1 1 1 1 0 1 1 1 1 1 1 0 1 1 1 1 1 1 1 1 1 1 1 1 1 1 1 1 1 1 1 1 0 1 1 1 1 1 1 1 1 1 1 1 1 1 1 1 1 1 1 1 1 1 0 1 1 1 1 0 1 1 1 1 1 1 0 
1 1 1 1 1 1 1 1 1 1 1 1 1 1 0 0 1 1 1 1 1 1 1 1 1 1 1 1 1 0 1 1 1 1 1 1 1 1 1 1 1 1 1 1 1 1 1 0 0 1 1 1 1 1 1 1 1 1 1 1 1 1 1 1 1 1 1 1 1 0 0 1 1 1 1 1 1 1 1 1 1 1 1 1 0 1 1 1 
1 1 1 1 1 1 1 1 1 1 1 1 1 1 1 0 1 0 1 1 1 1 1 1 1 1 1 1 1 0 0 1 1 1 1 1 1 1 1 1 1 1 1 1 1 1 1 1 0 1 0 1 1 1 1 1 1 1 1 1 1 1 1 1 1 1 1 1 1 1 0 1 0 1 1 1 1 1 1 1 1 1 1 1 0 0 1 1 
1 1 1 1 0 1 1 1 1 1 1 1 1 0 1 1 1 1 0 1 1 1 1 1 0 1 1 1 0 1 1 0 1 1 1 1 1 0 1 1 1 1 1 1 1 1 0 1 1 1 1 0 1 1 1 1 1 1 1 0 1 1 1 1 1 1 1 1 0 1 1 1 1 0 1 1 1 1 1 0 1 1 1 0 1 1 0 1 
1 1 1 1 1 1 1 1 1 1 1 1 1 1 1 1 1 1 1 1 1 1 1 1 1 1 1 1 1 1 1 1 1 1 1 1 1 1 1 1 1 1 1 1 1 1 1 1 1 1 1 1 1 1 1 1 1 1 1 1 1 1 1 1 1 1 1 1 1 1 1 1 1 1 1 1 1 1 1 1 1 1 1 1 1 1 1 1 
1 1 1 1 1 1 0 0 1 1 1 1 1 1 1 1 1 1 1 1 1 1 1 1 1 0 1 1 1 1 1 1 1 1 1 1 1 1 1 0 0 1 1 1 1 1 1 1 1 1 1 1 1 1 1 1 1 1 1 1 1 0 0 1 1 1 1 1 1 1 1 1 1 1 1 1 1 1 1 1 0 1 1 1 1 1 1 1 
0 1 1 1 1 1 1 1 0 1 1 1 1 1 1 1 1 1 1 1 1 1 0 1 1 1 0 1 1 1 1 1 1 0 1 1 1 1 1 1 1 0 1 1 1 1 1 1 1 1 1 1 1 1 1 0 1 1 1 1 1 1 1 0 1 1 1 1 1 1 1 1 1 1 1 1 1 0 1 1 1 0 1 1 1 1 1 1 
1 1 1 0 1 1 1 1 1 1 1 1 1 1 1 1 1 1 1 1 1 0 1 0 1 1 1 1 1 1 1 1 0 1 1 1 0 1 1 1 1 1 1 1 1 1 1 1 1 1 1 1 1 1 0 1 1 1 0 1 1 1 1 1 1 1 1 1 1 1 1 1 1 1 1 1 0 1 0 1 1 1 1 1 1 1 1 0 
1 1 1 1 1 1 1 0 1 1 1 1 0 1 1 1 1 1 1 0 1 1 1 1 1 0 1 1 0 1 1 0 1 1 1 1 1 1 1 1 0 1 1 1 1 0 1 1 1 1 1 1 0 1 1 1 1 1 1 1 1 1 0 1 1 1 1 0 1 1 1 1 1 1 0 1 1 1 1 1 0 1 1 0 1 1 0 1 
1 1 1 1 1 1 1 1 1 1 1 1 1 1 1 0 1 1 1 0 1 1 1 1 1 1 1 1 1 0 1 0 1 1 1 1 1 1 1 1 1 1 1 1 1 1 1 1 0 1 1 1 0 1 1 1 1 1 1 1 1 1 1 1 1 1 1 1 1 1 0 1 1 1 0 1 1 1 1 1 1 1 1 1 0 1 0 1 
1 1 1 1 1 1 1 1 1 1 1 1 1 1 0 0 1 1 1 1 1 1 1 1 1 1 1 1 1 0 1 1 1 1 1 1 1 1 1 1 1 1 1 1 1 1 1 0 0 1 1 1 1 1 1 1 1 1 1 1 1 1 1 1 1 1 1 1 1 0 0 1 1 1 1 1 1 1 1 1 1 1 1 1 0 1 1 1 
1 1 1 1 1 1 0 0 1 1 1 1 1 1 1 1 1 1 1 1 1 1 1 1 1 0 1 1 1 1 1 1 1 1 1 1 1 1 1 0 0 1 1 1 1 1 1 1 1 1 1 1 1 1 1 1 1 1 1 1 1 0 0 1 1 1 1 1 1 1 1 1 1 1 1 1 1 1 1 1 0 1 1 1 1 1 1 1 
1 1 1 1 1 0 1 1 1 0 1 1 1 1 1 1 1 1 1 1 1 1 1 1 0 1 0 1 1 1 1 1 1 1 1 1 1 1 0 1 1 1 0 1 1 1 1 1 1 1 1 1 1 1 1 1 1 1 1 1 0 1 1 1 0 1 1 1 1 1 1 1 1 1 1 1 1 1 1 0 1 0 1 1 1 1 1 1 
1 1 1 1 1 1 1 0 1 1 0 1 1 1 1 1 1 1 1 1 1 1 1 1 1 0 1 0 0 1 1 1 1 1 1 1 1 1 1 1 0 1 1 0 1 1 1 1 1 1 1 1 1 1 1 1 1 1 1 1 1 1 0 1 1 0 1 1 1 1 1 1 1 1 1 1 1 1 1 1 0 1 0 0 1 1 1 1 
1 1 1 1 1 1 1 1 1 1 1 1 1 1 1 1 1 1 1 1 1 1 1 1 1 1 1 1 1 1 1 1 1 1 1 1 1 1 1 1 1 1 1 1 1 1 1 1 1 1 1 1 1 1 1 1 1 1 1 1 1 1 1 1 1 1 1 1 1 1 1 1 1 1 1 1 1 1 1 1 1 1 1 1 1 1 1 1 
1 1 1 1 1 1 1 1 1 1 1 1 1 1 0 1 1 1 1 1 1 1 1 1 1 1 1 1 1 0 0 1 1 1 1 1 1 1 1 1 1 1 1 1 1 1 1 0 1 1 1 1 1 1 1 1 1 1 1 1 1 1 1 1 1 1 1 1 1 0 1 1 1 1 1 1 1 1 1 1 1 1 1 1 0 0 1 1 
1 1 1 1 1 1 1 1 1 1 1 1 1 1 1 1 1 1 1 1 1 1 1 1 1 1 1 1 1 1 0 1 1 1 1 1 1 1 1 1 1 1 1 1 1 1 1 1 1 1 1 1 1 1 1 1 1 1 1 1 1 1 1 1 1 1 1 1 1 1 1 1 1 1 1 1 1 1 1 1 1 1 1 1 1 0 1 1 
1 1 1 1 1 1 1 1 1 1 1 1 0 1 1 1 1 1 1 1 1 1 1 1 1 1 1 1 0 1 1 1 1 1 1 1 1 1 1 1 1 1 1 1 1 0 1 1 1 1 1 1 1 1 1 1 1 1 1 1 1 1 1 1 1 1 1 0 1 1 1 1 1 1 1 1 1 1 1 1 1 1 1 0 1 1 1 1 
1 1 1 1 1 1 1 1 1 1 1 1 1 1 1 1 1 1 1 1 1 1 1 1 1 1 1 1 1 1 1 1 1 1 1 1 1 1 1 1 1 1 1 1 1 1 1 1 1 1 1 1 1 1 1 1 1 1 1 1 1 1 1 1 1 1 1 1 1 1 1 1 1 1 1 1 1 1 1 1 1 1 1 1 1 1 1 1 
1 1 1 1 1 1 1 1 1 1 1 1 1 1 1 1 0 1 1 1 1 1 1 1 1 1 1 1 1 1 0 1 1 1 1 1 1 1 1 1 1 1 1 1 1 1 1 1 1 0 1 1 1 1 1 1 1 1 1 1 1 1 1 1 1 1 1 1 1 1 1 0 1 1 1 1 1 1 1 1 1 1 1 1 1 0 1 1 
1 1 1 1 1 1 1 1 1 1 1 1 1 1 1 1 1 1 1 1 1 1 1 1 1 1 1 1 1 1 1 1 1 1 1 1 1 1 1 1 1 1 1 1 1 1 1 1 1 1 1 1 1 1 1 1 1 1 1 1 1 1 1 1 1 1 1 1 1 1 1 1 1 1 1 1 1 1 1 1 1 1 1 1 1 1 1 1 
1 1 1 1 1 1 1 0 1 1 1 1 1 1 1 1 1 1 1 1 1 1 1 1 1 0 1 1 1 1 1 1 1 1 1 1 1 1 1 1 0 1 1 1 1 1 1 1 1 1 1 1 1 1 1 1 1 1 1 1 1 1 0 1 1 1 1 1 1 1 1 1 1 1 1 1 1 1 1 1 0 1 1 1 1 1 1 1 
1 1 1 1 1 0 1 1 1 1 1 1 1 1 1 1 1 1 1 1 1 1 1 1 0 0 1 1 1 1 1 1 1 1 1 1 1 1 0 1 1 1 1 1 1 1 1 1 1 1 1 1 1 1 1 1 1 1 1 1 0 1 1 1 1 1 1 1 1 1 1 1 1 1 1 1 1 1 1 0 0 1 1 1 1 1 1 1 
1 1 1 1 1 1 1 1 1 1 1 1 1 1 1 1 1 1 1 1 1 1 1 1 1 1 1 1 1 1 1 1 1 1 1 1 1 1 1 1 1 1 1 1 1 1 1 1 1 1 1 1 1 1 1 1 1 1 1 1 1 1 1 1 1 1 1 1 1 1 1 1 1 1 1 1 1 1 1 1 1 1 1 1 1 1 1 1 
1 1 1 1 1 1 1 1 1 1 1 1 0 1 1 1 1 1 1 1 1 1 1 1 1 1 1 1 0 1 1 1 1 1 1 1 1 1 1 1 1 1 1 1 1 0 1 1 1 1 1 1 1 1 1 1 1 1 1 1 1 1 1 1 1 1 1 0 1 1 1 1 1 1 1 1 1 1 1 1 1 1 1 0 1 1 1 1 
1 1 1 1 1 1 1 1 1 1 1 1 1 1 1 1 1 1 0 1 1 1 1 1 1 1 1 1 1 0 1 0 1 1 1 1 1 1 1 1 1 1 1 1 1 1 1 1 1 1 1 0 1 1 1 1 1 1 1 1 1 1 1 1 1 1 1 1 1 1 1 1 1 0 1 1 1 1 1 1 1 1 1 1 0 1 0 1 
1 1 1 1 1 1 1 1 1 1 1 1 1 1 1 1 1 1 1 1 1 1 1 1 1 1 1 1 1 1 1 1 1 1 1 1 1 1 1 1 1 1 1 1 1 1 1 1 1 1 1 1 1 1 1 1 1 1 1 1 1 1 1 1 1 1 1 1 1 1 1 1 1 1 1 1 1 1 1 1 1 1 1 1 1 1 1 1 
1 1 1 1 1 1 1 1 1 1 1 1 1 1 1 1 1 1 1 1 1 1 1 1 1 1 1 1 1 1 1 1 1 1 1 1 1 1 1 1 1 1 1 1 1 1 1 1 1 1 1 1 1 1 1 1 1 1 1 1 1 1 1 1 1 1 1 1 1 1 1 1 1 1 1 1 1 1 1 1 1 1 1 1 1 1 1 1 
1 1 1 1 0 1 1 1 1 1 1 1 1 1 1 1 1 1 1 1 1 1 1 1 0 1 1 1 1 1 1 1 1 1 1 1 1 0 1 1 1 1 1 1 1 1 1 1 1 1 1 1 1 1 1 1 1 1 1 0 1 1 1 1 1 1 1 1 1 1 1 1 1 1 1 1 1 1 1 0 1 1 1 1 1 1 1 1 
0 1 1 1 1 1 1 0 1 1 1 1 1 1 1 1 1 1 1 1 1 1 0 1 1 0 1 1 1 1 1 1 1 0 1 1 1 1 1 1 0 1 1 1 1 1 1 1 1 1 1 1 1 1 1 0 1 1 1 1 1 1 0 1 1 1 1 1 1 1 1 1 1 1 1 1 1 0 1 1 0 1 1 1 1 1 1 1 
1 1 1 1 1 1 1 1 1 1 1 1 1 1 1 1 1 1 1 1 1 1 1 1 1 1 1 1 1 1 1 1 1 1 1 1 1 1 1 1 1 1 1 1 1 1 1 1 1 1 1 1 1 1 1 1 1 1 1 1 1 1 1 1 1 1 1 1 1 1 1 1 1 1 1 1 1 1 1 1 1 1 1 1 1 1 1 1 
1 1 1 1 1 1 1 1 1 1 1 0 1 1 1 1 1 1 1 1 1 1 1 1 1 0 1 0 0 1 1 1 1 1 1 1 1 1 1 1 1 1 1 1 0 1 1 1 1 1 1 1 1 1 1 1 1 1 1 1 1 1 1 1 1 1 0 1 1 1 1 1 1 1 1 1 1 1 1 1 0 1 0 0 1 1 1 1 
1 1 1 1 1 1 1 1 1 1 1 1 1 1 1 1 1 1 1 1 1 1 1 1 1 1 1 1 1 1 1 1 1 1 1 1 1 1 1 1 1 1 1 1 1 1 1 1 1 1 1 1 1 1 1 1 1 1 1 1 1 1 1 1 1 1 1 1 1 1 1 1 1 1 1 1 1 1 1 1 1 1 1 1 1 1 1 1 
0 1 1 1 1 1 1 1 1 1 1 1 1 1 1 1 1 1 1 1 1 1 0 1 1 1 1 1 0 1 1 1 0 0 1 1 1 1 1 1 1 1 1 1 1 1 1 1 1 1 1 1 1 1 1 0 1 1 1 1 1 1 1 1 1 1 1 1 1 1 1 1 1 1 1 1 1 0 1 1 1 1 1 0 1 1 1 0 
1 1 1 1 1 1 1 1 1 1 1 1 1 1 1 1 1 1 1 1 1 1 1 1 1 1 1 1 0 1 1 1 1 1 1 1 1 1 1 1 1 1 1 1 1 1 1 1 1 1 1 1 1 1 1 1 1 1 1 1 1 1 1 1 1 1 1 1 1 1 1 1 1 1 1 1 1 1 1 1 1 1 1 0 1 1 1 1 
1 1 1 1 1 1 1 1 1 1 1 0 1 1 1 1 1 1 1 1 1 0 1 0 1 1 1 0 1 1 1 1 0 1 1 1 1 1 1 1 1 1 1 1 0 1 1 1 1 1 1 1 1 1 0 1 1 1 1 1 1 1 1 1 1 1 0 1 1 1 1 1 1 1 1 1 0 1 0 1 1 1 0 1 1 1 1 0 
0 1 1 1 1 1 1 1 1 1 1 1 0 1 1 1 1 1 1 1 1 1 0 1 1 1 1 1 0 1 1 1 1 0 1 1 1 1 1 1 1 1 1 1 1 0 1 1 1 1 1 1 1 1 1 0 1 1 1 1 1 1 1 1 1 1 1 0 1 1 1 1 1 1 1 1 1 0 1 1 1 1 1 0 1 1 1 1 
1 1 1 1 1 0 1 1 1 1 1 1 1 1 1 1 1 1 1 1 1 1 1 1 0 1 1 1 1 1 1 1 1 1 1 1 1 1 0 1 1 1 1 1 1 1 1 1 1 1 1 1 1 1 1 1 1 1 1 1 0 1 1 1 1 1 1 1 1 1 1 1 1 1 1 1 1 1 1 0 1 1 1 1 1 1 1 1 
1 0 1 1 1 1 1 1 1 1 1 1 1 1 1 1 1 1 1 1 1 1 0 1 0 1 1 1 1 1 1 1 1 1 0 1 1 1 1 1 1 1 1 1 1 1 1 1 1 1 1 1 1 1 1 1 0 1 1 1 1 1 1 1 1 1 1 1 1 1 1 1 1 1 1 1 1 0 1 0 1 1 1 1 1 1 1 1 
1 1 1 1 1 1 1 1 1 1 1 1 1 1 1 1 0 1 1 1 1 1 1 1 1 1 1 1 0 1 0 1 1 1 1 1 1 1 1 1 1 1 1 1 1 1 1 1 1 0 1 1 1 1 1 1 1 1 1 1 1 1 1 1 1 1 1 1 1 1 1 0 1 1 1 1 1 1 1 1 1 1 1 0 1 0 1 1 
1 1 0 1 1 1 1 1 1 1 1 1 1 1 0 1 1 1 1 1 1 1 1 0 1 1 1 1 1 0 1 1 1 1 1 0 1 1 1 1 1 1 1 1 1 1 1 0 1 1 1 1 1 1 1 1 1 0 1 1 1 1 1 1 1 1 1 1 1 0 1 1 1 1 1 1 1 1 0 1 1 1 1 1 0 1 1 1 
1 1 1 1 1 1 1 1 1 1 1 1 1 1 1 1 1 1 1 1 1 1 1 0 1 1 1 0 1 1 1 1 1 1 1 1 1 1 1 1 1 1 1 1 1 1 1 1 1 1 1 1 1 1 1 1 1 1 1 1 1 1 1 1 1 1 1 1 1 1 1 1 1 1 1 1 1 1 0 1 1 1 0 1 1 1 1 1 
0 1 1 1 1 1 1 1 1 1 1 1 1 1 1 1 1 1 1 1 1 1 0 1 1 1 1 1 1 1 1 1 1 0 1 1 1 1 1 1 1 1 1 1 1 1 1 1 1 1 1 1 1 1 1 0 1 1 1 1 1 1 1 1 1 1 1 1 1 1 1 1 1 1 1 1 1 0 1 1 1 1 1 1 1 1 1 1 
1 1 1 1 1 1 1 1 1 0 1 1 1 1 1 1 1 1 1 1 1 1 1 0 1 1 0 0 1 1 1 1 1 1 1 1 1 1 1 1 1 1 0 1 1 1 1 1 1 1 1 1 1 1 1 1 1 1 1 1 1 1 1 1 0 1 1 1 1 1 1 1 1 1 1 1 1 1 0 1 1 0 0 1 1 1 1 1 
1 1 1 1 0 1 1 1 1 1 1 1 1 0 1 1 1 1 1 1 1 1 0 1 0 1 1 1 0 1 1 1 1 1 1 1 1 0 1 1 1 1 1 1 1 1 0 1 1 1 1 1 1 1 1 1 1 1 1 0 1 1 1 1 1 1 1 1 0 1 1 1 1 1 1 1 1 0 1 0 1 1 1 0 1 1 1 1 
1 1 1 1 1 1 1 1 1 1 1 1 0 1 1 1 1 1 1 1 1 1 1 1 1 1 1 1 0 1 1 1 1 1 1 1 1 1 1 1 1 1 1 1 1 0 1 1 1 1 1 1 1 1 1 1 1 1 1 1 1 1 1 1 1 1 1 0 1 1 1 1 1 1 1 1 1 1 1 1 1 1 1 0 1 1 1 1 
1 1 1 1 1 1 1 0 1 1 1 1 1 1 1 1 1 1 1 1 1 1 1 1 1 0 1 1 1 1 1 1 1 1 1 1 1 1 1 1 0 1 1 1 1 1 1 1 1 1 1 1 1 1 1 1 1 1 1 1 1 1 0 1 1 1 1 1 1 1 1 1 1 1 1 1 1 1 1 1 0 1 1 1 1 1 1 1 
1 1 1 1 1 1 1 1 1 1 1 1 1 1 1 1 1 1 1 1 1 1 1 1 1 1 1 1 1 1 1 1 1 1 1 1 1 1 1 1 1 1 1 1 1 1 1 1 1 1 1 1 1 1 1 1 1 1 1 1 1 1 1 1 1 1 1 1 1 1 1 1 1 1 1 1 1 1 1 1 1 1 1 1 1 1 1 1 
1 0 1 1 1 1 1 0 1 1 1 1 1 1 1 1 1 1 1 1 1 1 0 1 1 0 1 1 1 1 1 1 0 1 0 1 1 1 1 1 0 1 1 1 1 1 1 1 1 1 1 1 1 1 1 1 0 1 1 1 1 1 0 1 1 1 1 1 1 1 1 1 1 1 1 1 1 0 1 1 0 1 1 1 1 1 1 0 
1 1 1 1 1 1 1 1 1 1 1 1 1 1 1 1 0 1 1 1 1 1 1 1 1 1 1 1 1 1 0 1 1 1 1 1 1 1 1 1 1 1 1 1 1 1 1 1 1 0 1 1 1 1 1 1 1 1 1 1 1 1 1 1 1 1 1 1 1 1 1 0 1 1 1 1 1 1 1 1 1 1 1 1 1 0 1 1 
0 1 1 1 1 1 1 1 1 0 1 1 1 1 1 1 1 1 1 1 1 1 0 1 1 1 0 1 1 1 1 1 1 0 1 1 1 1 1 1 1 1 0 1 1 1 1 1 1 1 1 1 1 1 1 0 1 1 1 1 1 1 1 1 0 1 1 1 1 1 1 1 1 1 1 1 1 0 1 1 1 0 1 1 1 1 1 1 
1 1 1 0 1 1 1 1 1 1 1 1 1 1 1 1 1 1 1 1 1 1 1 0 1 0 1 1 1 1 1 1 1 1 1 1 0 1 1 1 1 1 1 1 1 1 1 1 1 1 1 1 1 1 1 1 1 1 0 1 1 1 1 1 1 1 1 1 1 1 1 1 1 1 1 1 1 1 0 1 0 1 1 1 1 1 1 1 
1 1 1 1 1 1 1 1 1 0 1 1 1 1 1 1 1 1 1 1 1 1 1 1 1 1 0 1 1 1 1 1 1 1 1 1 1 1 1 1 1 1 0 1 1 1 1 1 1 1 1 1 1 1 1 1 1 1 1 1 1 1 1 1 0 1 1 1 1 1 1 1 1 1 1 1 1 1 1 1 1 0 1 1 1 1 1 1 
1 1 1 1 1 1 1 1 1 1 1 1 1 1 1 1 1 1 1 1 1 1 1 1 1 1 1 0 1 1 1 1 1 1 1 1 1 1 1 1 1 1 1 1 1 1 1 1 1 1 1 1 1 1 1 1 1 1 1 1 1 1 1 1 1 1 1 1 1 1 1 1 1 1 1 1 1 1 1 1 1 1 0 1 1 1 1 1 
1 1 1 1 1 1 1 1 1 1 1 1 1 1 1 1 1 1 1 1 1 1 1 1 1 1 1 1 1 1 1 1 1 1 1 1 1 1 1 1 1 1 1 1 1 1 1 1 1 1 1 1 1 1 1 1 1 1 1 1 1 1 1 1 1 1 1 1 1 1 1 1 1 1 1 1 1 1 1 1 1 1 1 1 1 1 1 1 
1 1 1 1 1 1 1 1 0 1 1 1 1 1 1 1 1 1 1 1 1 1 1 1 1 0 0 1 1 1 1 1 1 1 1 1 1 1 1 1 1 0 1 1 1 1 1 1 1 1 1 1 1 1 1 1 1 1 1 1 1 1 1 0 1 1 1 1 1 1 1 1 1 1 1 1 1 1 1 1 0 0 1 1 1 1 1 1 
0 1 1 1 1 1 0 1 1 1 1 1 1 1 1 1 1 1 1 1 1 1 0 1 1 0 1 1 1 1 0 1 1 0 1 1 1 1 1 0 1 1 1 1 1 1 1 1 1 1 1 1 1 1 1 0 1 1 1 1 1 0 1 1 1 1 1 1 1 1 1 1 1 1 1 1 1 0 1 1 0 1 1 1 1 0 1 1 
1 1 1 1 1 1 1 1 1 1 1 1 1 1 1 1 1 1 1 1 1 1 1 1 1 1 1 1 1 1 1 1 1 1 1 1 1 1 1 1 1 1 1 1 1 1 1 1 1 1 1 1 1 1 1 1 1 1 1 1 1 1 1 1 1 1 1 1 1 1 1 1 1 1 1 1 1 1 1 1 1 1 1 1 1 1 1 1 
1 1 1 0 1 1 1 1 1 1 1 1 1 1 1 1 1 1 1 1 1 1 0 0 1 1 1 1 1 1 1 1 1 1 1 1 0 1 1 1 1 1 1 1 1 1 1 1 1 1 1 1 1 1 1 1 1 1 0 1 1 1 1 1 1 1 1 1 1 1 1 1 1 1 1 1 1 0 0 1 1 1 1 1 1 1 1 1 
]

EmployeeWantedInStint: [ (1 18) 1 (1 19) 1 (2 61) 1 (2 64) 1 (2 78) 1 (3 6) 1 (3 81) 1 (4 80) 1 (4 83) 1 (5 79) 1 (5 84) 1 (6 36) 1 (6 69) 1 (7 12) 1 (8 9) 1 (9 83) 1 (10 5) 1 (10 49) 1 (11 17) 1 (11 47) 1 (11 49) 1 (11 53) 1 (12 28) 1 (12 36) 1 (14 1) 1 (16 36) 1 (16 55) 1 (16 67) 1 (17 51) 1 (18 13) 1 (18 16) 1 (18 86) 1 (19 57) 1 (19 84) 1 (19 86) 1 (20 8) 1 (21 3) 1 (21 60) 1 (21 82) 1 (22 7) 1 (23 31) 1 (23 47) 1 (24 12) 1 (24 21) 1 (24 23) 1 (25 34) 1 (25 36) 1 (26 78) 1 (27 53) 1 (27 61) 1 (28 50) 1 (28 58) 1 (28 69) 1 (28 83) 1 (29 83) 1 (30 30) 1 (30 36) 1 (30 66) 1 (31 24) 1 (33 68) 1 (37 15) 1 (37 20) 1 (37 46) 1 (38 14) 1 (38 19) 1 (40 9) 1 (41 74) 1 (42 43) 1 (43 36) 1 (44 81) 1 (45 34) 1 (45 42) 1 (45 74) 1 (46 54) 1 (46 64) 1 (47 11) 1 (47 30) 1 (47 60) 1 (48 9) 1 (48 12) 1 (48 33) 1 (49 59) 1 (52 35) 1 (52 55) 1 (52 57) 1 (53 9) 1 (53 29) 1 (53 42) 1 (54 55) 1 (56 4) 1 (56 25) 1 (56 44) 1 (57 23) 1 (57 32) 1 (57 35) 1 (57 44) 1 (57 55) 1 (58 24) 1 (58 67) 1 (59 2) 1 (59 26) 1 (59 54) 1 (59 62) 1 ]

EmployeeWantedViolationCost: [ (1 18) 13000 (1 19) 11000 (2 61) 13000 (2 64) 11000 (2 78) 12000 (3 6) 15000 (3 81) 14000 (4 80) 9000 (4 83) 6000 (5 79) 9000 (5 84) 7000 (6 36) 6000 (6 69) 12000 (7 12) 12000 (8 9) 5000 (9 83) 15000 (10 5) 5000 (10 49) 14000 (11 17) 5000 (11 47) 13000 (11 49) 7000 (11 53) 15000 (12 28) 12000 (12 36) 13000 (14 1) 9000 (16 36) 11000 (16 55) 6000 (16 67) 15000 (17 51) 8000 (18 13) 14000 (18 16) 11000 (18 86) 15000 (19 57) 11000 (19 84) 7000 (19 86) 12000 (20 8) 7000 (21 3) 6000 (21 60) 15000 (21 82) 10000 (22 7) 11000 (23 31) 13000 (23 47) 10000 (24 12) 9000 (24 21) 15000 (24 23) 10000 (25 34) 14000 (25 36) 5000 (26 78) 7000 (27 53) 9000 (27 61) 10000 (28 50) 15000 (28 58) 13000 (28 69) 6000 (28 83) 5000 (29 83) 12000 (30 30) 8000 (30 36) 10000 (30 66) 7000 (31 24) 7000 (33 68) 15000 (37 15) 14000 (37 20) 5000 (37 46) 14000 (38 14) 6000 (38 19) 11000 (40 9) 15000 (41 74) 10000 (42 43) 10000 (43 36) 7000 (44 81) 11000 (45 34) 10000 (45 42) 15000 (45 74) 6000 (46 54) 12000 (46 64) 15000 (47 11) 9000 (47 30) 9000 (47 60) 15000 (48 9) 6000 (48 12) 11000 (48 33) 6000 (49 59) 6000 (52 35) 6000 (52 55) 6000 (52 57) 12000 (53 9) 8000 (53 29) 14000 (53 42) 10000 (54 55) 7000 (56 4) 15000 (56 25) 9000 (56 44) 15000 (57 23) 11000 (57 32) 6000 (57 35) 6000 (57 44) 14000 (57 55) 10000 (58 24) 8000 (58 67) 7000 (59 2) 11000 (59 26) 12000 (59 54) 13000 (59 62) 10000 ]

EmployeesThatShouldNotWorkTogetherWithEmployee: [
[ 10 13 24 36 ]
[ ]
[ 36 ]
[ 11 17 ]
[ 44 48 49 50 54 ]
[ 20 26 ]
[ 25 ]
[ ]
[ 22 42 ]
[ 24 42 50 55 ]
[ 54 ]
[ 27 37 56 ]
[ 25 ]
[ 33 44 ]
[ 50 ]
[ ]
[ 30 ]
[ 20 37 ]
[ 30 ]
[ 29 30 53 56 ]
[ ]
[ 35 40 ]
[ 43 47 ]
[ 28 ]
[ ]
[ 41 ]
[ ]
[ 48 53 ]
[ 44 ]
[ 44 ]
[ 38 43 ]
[ 50 58 ]
[ ]
[ ]
[ 42 45 50 ]
[ 52 59 ]
[ ]
[ 47 ]
[ 49 59 ]
[ 47 ]
[ 42 ]
[ 48 ]
[ ]
[ ]
[ ]
[ 53 ]
[ ]
[ ]
[ ]
[ ]
[ ]
[ ]
[ 59 ]
[ ]
[ ]
[ ]
[ ]
[ ]
[ ]
[ ]
]

ShouldNotWorkTogetherCost: [ (1 10) 297 (1 13) 297 (1 24) 99 (1 36) 396 (3 36) 99 (4 11) 297 (4 17) 99 (5 44) 396 (5 48) 198 (5 49) 297 (5 50) 198 (5 54) 99 (6 20) 297 (6 26) 198 (7 25) 396 (9 22) 198 (9 42) 297 (10 24) 99 (10 42) 99 (10 50) 396 (10 55) 297 (11 54) 396 (12 27) 297 (12 37) 99 (12 56) 198 (13 25) 198 (14 33) 396 (14 44) 99 (15 50) 99 (17 30) 198 (18 20) 297 (18 37) 198 (19 30) 396 (20 29) 198 (20 30) 396 (20 53) 99 (20 56) 198 (22 35) 297 (22 40) 396 (23 43) 297 (23 47) 99 (24 28) 297 (26 41) 396 (28 48) 99 (28 53) 198 (29 44) 99 (30 44) 99 (31 38) 198 (31 43) 396 (32 50) 396 (32 58) 99 (35 42) 198 (35 45) 396 (35 50) 198 (36 52) 396 (36 59) 99 (38 47) 198 (39 49) 396 (39 59) 396 (40 47) 198 (41 42) 198 (42 48) 396 (46 53) 198 (53 59) 198 ]

ImmediatePredecessorsToActivity: [
[ ]
[ 1 ]
[ 1 ]
[ 1 ]
[ 1 ]
[ 1 ]
[ 2 5 6 ]
[ 6 ]
[ 1 ]
[ 3 7 ]
[ 3 5 8 ]
[ 1 ]
[ 4 ]
[ 1 ]
[ 5 ]
[ 14 ]
[ 4 6 ]
[ 2 4 5 ]
[ 14 15 ]
[ 12 17 ]
[ 15 ]
[ 17 ]
[ 4 8 9 19 20 22 ]
[ 2 6 15 ]
[ 3 9 17 18 24 ]
[ 7 12 14 ]
[ 12 14 ]
[ 2 12 ]
[ 12 17 18 24 ]
[ 2 5 ]
[ 7 24 ]
[ 9 12 18 ]
[ 24 ]
[ 12 ]
[ 6 ]
[ 1 ]
[ ]
[ 37 ]
[ 38 ]
[ 39 ]
[ 37 ]
[ 37 ]
[ 37 ]
[ 40 ]
[ 37 ]
[ 40 45 ]
[ 40 42 ]
[ 41 47 ]
[ 39 41 ]
[ 39 46 ]
[ 44 47 ]
[ 41 44 46 47 ]
[ 41 ]
[ 39 45 53 ]
[ 46 47 ]
[ 40 ]
[ 42 45 49 ]
[ 38 45 49 ]
[ 46 ]
[ 41 44 ]
[ 45 49 51 60 ]
[ 37 ]
[ 48 49 52 ]
[ 38 40 43 49 62 ]
[ 41 43 44 47 62 ]
[ 51 57 62 ]
[ 38 45 ]
[ 39 ]
[ ]
[ 69 ]
[ 69 ]
[ 69 ]
[ 69 ]
[ 72 ]
[ 74 ]
[ 74 ]
[ 72 73 ]
[ 69 ]
[ 69 ]
[ 73 ]
[ 71 75 79 ]
[ 70 76 77 78 80 ]
[ 75 77 80 ]
[ 79 ]
[ 75 76 78 80 ]
[ 80 84 ]
[ 70 71 76 78 ]
[ 80 ]
[ 76 77 78 ]
[ 71 ]
[ 73 78 ]
[ 74 78 ]
[ 80 ]
[ 81 93 ]
[ 73 74 ]
[ 76 77 93 ]
[ 71 73 ]
[ 76 95 97 ]
[ 74 ]
[ 78 90 93 ]
[ 77 79 97 ]
[ 84 87 93 95 97 99 ]
[ 71 75 78 ]
[ ]
[ 104 ]
[ 104 ]
[ 104 ]
[ 107 ]
[ 104 ]
[ 104 ]
[ 104 ]
[ 105 111 ]
[ 106 108 111 ]
[ 106 112 ]
[ 109 ]
[ 109 110 114 ]
[ 105 107 ]
[ 108 116 ]
[ 110 112 115 ]
[ 113 116 117 ]
[ 106 108 109 119 ]
[ 106 110 ]
[ 112 113 117 ]
[ 113 115 ]
[ 104 ]
[ 110 113 125 ]
[ 114 ]
[ 119 126 ]
[ 108 114 ]
[ 105 107 110 113 114 ]
[ 115 122 130 ]
[ 114 115 126 ]
[ 107 116 122 124 129 132 ]
[ 105 108 114 126 ]
[ 110 113 117 ]
[ 110 114 124 125 ]
[ 106 119 129 135 ]
[ 108 116 130 132 ]
[ ]
[ 139 ]
[ 140 ]
[ 139 ]
[ 141 ]
[ 143 ]
[ 141 ]
[ 141 ]
[ 142 ]
[ 139 ]
[ 144 ]
[ 148 ]
[ 141 148 ]
[ 143 147 148 ]
[ 143 147 148 ]
[ 144 150 ]
[ 142 143 145 148 ]
[ 140 153 ]
[ 141 ]
[ 147 150 ]
[ 140 ]
[ 144 156 158 ]
[ 143 145 150 156 ]
[ 141 144 148 156 158 159 ]
[ 141 150 153 159 ]
[ 142 145 ]
[ 147 159 ]
[ 142 165 ]
[ 144 ]
[ 141 142 ]
[ 144 153 157 164 ]
[ 143 168 ]
[ 139 ]
[ 139 ]
[ 142 153 157 158 165 ]
[ 154 158 159 168 ]
]

ActivitiesInProject: [
[ 1 2 3 4 5 6 7 8 9 10 11 12 13 14 15 16 17 18 19 20 21 22 23 24 25 26 27 28 29 30 31 32 33 34 35 36 ]
[ 37 38 39 40 41 42 43 44 45 46 47 48 49 50 51 52 53 54 55 56 57 58 59 60 61 62 63 64 65 66 67 68 ]
[ 69 70 71 72 73 74 75 76 77 78 79 80 81 82 83 84 85 86 87 88 89 90 91 92 93 94 95 96 97 98 99 100 101 102 103 ]
[ 104 105 106 107 108 109 110 111 112 113 114 115 116 117 118 119 120 121 122 123 124 125 126 127 128 129 130 131 132 133 134 135 136 137 138 ]
[ 139 140 141 142 143 144 145 146 147 148 149 150 151 152 153 154 155 156 157 158 159 160 161 162 163 164 165 166 167 168 169 170 171 172 173 174 ]
]

nActivityModes: [ 2 2 2 2 2 2 2 2 2 2 2 2 2 2 2 2 2 2 2 2 2 2 2 2 2 2 2 2 2 2 2 2 2 2 2 2 2 2 2 2 2 2 2 2 2 2 2 2 2 2 2 2 2 2 2 2 2 2 2 2 2 2 2 2 2 2 2 2 2 2 2 2 2 2 2 2 2 2 2 2 2 2 2 2 2 2 2 2 2 2 2 2 2 2 2 2 2 2 2 2 2 2 2 2 2 2 2 2 2 2 2 2 2 2 2 2 2 2 2 2 2 2 2 2 2 2 2 2 2 2 2 2 2 2 2 2 2 2 2 2 2 2 2 2 2 2 2 2 2 2 2 2 2 2 2 2 2 2 2 2 2 2 2 2 2 2 2 2 2 2 2 2 2 2 ]

ActivityDurationWithMode: [
1	1	
15	10	
8	6	
38	26	
26	18	
23	16	
32	22	
38	26	
47	32	
8	6	
11	8	
20	14	
30	20	
45	30	
14	10	
23	16	
13	9	
8	6	
15	10	
8	6	
30	20	
12	8	
8	6	
11	8	
22	15	
13	9	
24	16	
33	22	
20	14	
29	20	
10	7	
13	9	
9	6	
40	27	
30	20	
47	32	
1	1	
13	9	
14	10	
18	12	
45	30	
18	12	
11	8	
16	11	
9	6	
10	7	
16	11	
17	12	
12	8	
32	22	
18	12	
14	10	
20	14	
18	12	
22	15	
38	26	
24	16	
27	18	
29	20	
18	12	
10	7	
58	39	
10	7	
25	17	
30	20	
10	7	
63	42	
24	16	
1	1	
10	7	
13	9	
10	7	
19	13	
29	20	
15	10	
8	6	
14	10	
21	14	
53	36	
9	6	
8	6	
23	16	
16	11	
8	6	
11	8	
8	6	
10	7	
39	26	
24	16	
50	34	
44	30	
32	22	
17	12	
9	6	
18	12	
20	14	
16	11	
9	6	
20	14	
8	6	
8	6	
10	7	
18	12	
1	1	
20	14	
10	7	
8	6	
10	7	
8	6	
20	14	
8	6	
8	6	
10	7	
8	6	
30	20	
27	18	
33	22	
8	6	
10	7	
8	6	
21	14	
12	8	
15	10	
24	16	
9	6	
22	15	
36	24	
15	10	
10	7	
23	16	
10	7	
11	8	
8	6	
15	10	
11	8	
8	6	
8	6	
8	6	
1	1	
28	19	
11	8	
13	9	
19	13	
20	14	
28	19	
60	40	
11	8	
12	8	
19	13	
11	8	
61	41	
40	27	
13	9	
13	9	
35	24	
11	8	
10	7	
47	32	
46	31	
12	8	
19	13	
11	8	
15	10	
22	15	
12	8	
11	8	
21	14	
30	20	
15	10	
30	20	
102	68	
100	67	
11	8	
12	8	
]

StintsInProject: [
[ 1 2 3 4 5 6 7 8 9 10 11 12 13 14 15 16 17 18 19 20 21 22 ]
[ 23 24 25 26 27 28 29 30 31 32 33 ]
[ 34 35 36 37 38 39 40 41 42 43 44 45 46 47 48 49 50 51 52 53 54 55 ]
[ 56 57 58 59 60 61 62 63 64 65 66 67 68 69 70 71 72 73 74 75 76 77 ]
[ 78 79 80 81 82 83 84 85 86 87 88 ]
]

WorkingStintsOnDay: [
[ 1 23 34 56 78 ]
[ 1 23 34 56 78 ]
[ 1 23 34 56 78 ]
[ 1 23 34 56 78 ]
[ 1 23 34 56 78 ]
[ 23 78 ]
[ 23 78 ]
[ 2 23 35 57 78 ]
[ 2 23 35 57 78 ]
[ 2 23 35 57 78 ]
[ 2 23 35 57 78 ]
[ 2 23 35 57 78 ]
[ 23 78 ]
[ 23 78 ]
[ 3 24 36 58 79 ]
[ 3 24 36 58 79 ]
[ 3 24 36 58 79 ]
[ 3 24 36 58 79 ]
[ 3 24 36 58 79 ]
[ 24 79 ]
[ 24 79 ]
[ 4 24 37 59 79 ]
[ 4 24 37 59 79 ]
[ 4 24 37 59 79 ]
[ 4 24 37 59 79 ]
[ 4 24 37 59 79 ]
[ 24 79 ]
[ 24 79 ]
[ 5 25 38 60 80 ]
[ 5 25 38 60 80 ]
[ 5 25 38 60 80 ]
[ 5 25 38 60 80 ]
[ 5 25 38 60 80 ]
[ 25 80 ]
[ 25 80 ]
[ 6 25 39 61 80 ]
[ 6 25 39 61 80 ]
[ 6 25 39 61 80 ]
[ 6 25 39 61 80 ]
[ 6 25 39 61 80 ]
[ 25 80 ]
[ 25 80 ]
[ 7 26 40 62 81 ]
[ 7 26 40 62 81 ]
[ 7 26 40 62 81 ]
[ 7 26 40 62 81 ]
[ 7 26 40 62 81 ]
[ 26 81 ]
[ 26 81 ]
[ 8 26 41 63 81 ]
[ 8 26 41 63 81 ]
[ 8 26 41 63 81 ]
[ 8 26 41 63 81 ]
[ 8 26 41 63 81 ]
[ 26 81 ]
[ 26 81 ]
[ 9 27 42 64 82 ]
[ 9 27 42 64 82 ]
[ 9 27 42 64 82 ]
[ 9 27 42 64 82 ]
[ 9 27 42 64 82 ]
[ 27 82 ]
[ 27 82 ]
[ 10 27 43 65 82 ]
[ 10 27 43 65 82 ]
[ 10 27 43 65 82 ]
[ 10 27 43 65 82 ]
[ 10 27 43 65 82 ]
[ 27 82 ]
[ 27 82 ]
[ 11 28 44 66 83 ]
[ 11 28 44 66 83 ]
[ 11 28 44 66 83 ]
[ 11 28 44 66 83 ]
[ 11 28 44 66 83 ]
[ 28 83 ]
[ 28 83 ]
[ 12 28 45 67 83 ]
[ 12 28 45 67 83 ]
[ 12 28 45 67 83 ]
[ 12 28 45 67 83 ]
[ 12 28 45 67 83 ]
[ 28 83 ]
[ 28 83 ]
[ 13 29 46 68 84 ]
[ 13 29 46 68 84 ]
[ 13 29 46 68 84 ]
[ 13 29 46 68 84 ]
[ 13 29 46 68 84 ]
[ 29 84 ]
[ 29 84 ]
[ 14 29 47 69 84 ]
[ 14 29 47 69 84 ]
[ 14 29 47 69 84 ]
[ 14 29 47 69 84 ]
[ 14 29 47 69 84 ]
[ 29 84 ]
[ 29 84 ]
[ 15 30 48 70 85 ]
[ 15 30 48 70 85 ]
[ 15 30 48 70 85 ]
[ 15 30 48 70 85 ]
[ 15 30 48 70 85 ]
[ 30 85 ]
[ 30 85 ]
[ 16 30 49 71 85 ]
[ 16 30 49 71 85 ]
[ 16 30 49 71 85 ]
[ 16 30 49 71 85 ]
[ 16 30 49 71 85 ]
[ 30 85 ]
[ 30 85 ]
[ 17 31 50 72 86 ]
[ 17 31 50 72 86 ]
[ 17 31 50 72 86 ]
[ 17 31 50 72 86 ]
[ 17 31 50 72 86 ]
[ 31 86 ]
[ 31 86 ]
[ 18 31 51 73 86 ]
[ 18 31 51 73 86 ]
[ 18 31 51 73 86 ]
[ 18 31 51 73 86 ]
[ 18 31 51 73 86 ]
[ 31 86 ]
[ 31 86 ]
[ 19 32 52 74 87 ]
[ 19 32 52 74 87 ]
[ 19 32 52 74 87 ]
[ 19 32 52 74 87 ]
[ 19 32 52 74 87 ]
[ 32 87 ]
[ 32 87 ]
[ 20 32 53 75 87 ]
[ 20 32 53 75 87 ]
[ 20 32 53 75 87 ]
[ 20 32 53 75 87 ]
[ 20 32 53 75 87 ]
[ 32 87 ]
[ 32 87 ]
[ 21 33 54 76 88 ]
[ 21 33 54 76 88 ]
[ 21 33 54 76 88 ]
[ 21 33 54 76 88 ]
[ 21 33 54 76 88 ]
[ 33 88 ]
[ 33 88 ]
[ 22 33 55 77 88 ]
[ 22 33 55 77 88 ]
[ 22 33 55 77 88 ]
]

ProjectStart: [ 1 4 23 24 10 ]

ProjectEnd: [ 105 96 123 124 115 ]

EarliestStartDayForActivity: [ 1 1 1 1 1 1 37 32 2 81 86 1 53 1 37 62 53 53 62 72 55 72 88 55 72 81 62 27 72 37 81 67 72 27 32 1 1 4 17 31 4 4 4 49 4 49 49 65 49 59 65 65 49 69 65 49 61 61 59 65 83 4 82 62 65 85 17 31 1 23 23 23 23 37 76 76 48 23 23 48 97 88 97 96 97 108 88 61 88 40 52 76 61 109 76 88 48 102 76 110 96 108 97 1 24 24 24 34 24 24 24 52 48 62 34 74 52 111 76 111 90 52 97 76 24 62 74 94 74 74 107 94 111 94 97 110 114 111 1 10 38 10 49 68 49 49 23 10 88 22 49 68 68 88 77 81 49 34 38 92 92 92 84 77 84 96 88 49 99 79 10 10 96 101 ]

LatestStartDayForActivity: [ 1 105 105 105 105 105 105 105 105 105 105 105 105 105 105 105 105 105 105 105 105 105 105 105 105 105 105 105 105 105 105 105 105 105 105 105 1 96 96 96 96 96 96 96 96 96 96 96 96 96 96 96 96 96 96 96 96 96 96 96 96 96 96 96 96 96 96 96 1 123 123 123 123 123 123 123 123 123 123 123 123 123 123 123 123 123 123 123 123 123 123 123 123 123 123 123 123 123 123 123 123 123 123 1 124 124 124 124 124 124 124 124 124 124 124 124 124 124 124 124 124 124 124 124 124 124 124 124 124 124 124 124 124 124 124 124 124 124 1 115 115 115 115 115 115 115 115 115 115 115 115 115 115 115 115 115 115 115 115 115 115 115 115 115 115 115 115 115 115 115 115 115 115 115 ]

EquipmentTypeDemandInActivityWithMode: [
0	1	
1	3	
1	3	
1	3	
2	4	
2	4	
1	3	
1	3	
2	4	
0	1	
0	1	
0	1	
0	1	
0	1	
1	3	
2	4	
0	1	
0	1	
2	4	
0	1	
1	3	
2	4	
0	1	
0	1	
2	4	
2	4	
0	1	
1	3	
1	3	
1	3	
0	1	
1	3	
0	1	
0	1	
0	1	
0	1	
0	1	
4	7	
0	1	
0	1	
0	1	
0	1	
1	3	
2	4	
1	3	
0	1	
0	1	
1	3	
1	3	
1	3	
0	1	
0	1	
2	4	
1	3	
1	3	
1	3	
0	1	
0	1	
0	1	
1	3	
1	3	
1	3	
1	3	
0	1	
1	3	
0	1	
0	1	
1	3	
0	1	
0	1	
0	1	
0	1	
1	3	
1	3	
1	3	
0	1	
0	1	
1	3	
1	3	
0	1	
1	3	
2	4	
0	1	
0	1	
0	1	
0	1	
2	4	
2	4	
1	3	
0	1	
0	1	
2	4	
0	1	
0	1	
0	1	
0	1	
0	1	
1	3	
0	1	
2	4	
2	4	
1	3	
0	1	
0	1	
1	3	
0	1	
0	1	
0	1	
0	1	
0	1	
1	3	
1	3	
2	4	
0	1	
0	1	
2	4	
1	3	
1	3	
2	4	
0	1	
0	1	
0	1	
0	1	
2	4	
1	3	
2	4	
2	4	
0	1	
0	1	
0	1	
2	4	
0	1	
2	4	
0	1	
0	1	
1	3	
0	1	
1	3	
0	1	
0	1	
0	1	
2	4	
1	3	
0	1	
1	3	
1	3	
2	4	
1	3	
0	1	
1	3	
2	4	
1	3	
2	4	
0	1	
0	1	
1	3	
0	1	
1	3	
0	1	
1	3	
0	1	
1	3	
2	4	
2	4	
1	3	
1	3	
0	1	
3	6	
0	1	
0	1	
1	3	
0	1	
0	1	
1	3	

0	1	
1	3	
0	1	
0	1	
0	1	
1	3	
0	1	
1	3	
3	6	
1	3	
3	6	
0	1	
0	1	
1	3	
0	1	
1	3	
1	3	
1	3	
1	3	
0	1	
0	1	
1	3	
0	1	
0	1	
0	1	
0	1	
1	3	
0	1	
0	1	
1	3	
1	3	
1	3	
0	1	
0	1	
1	3	
0	1	
0	1	
0	1	
1	3	
1	3	
0	1	
1	3	
0	1	
1	3	
1	3	
0	1	
0	1	
2	4	
0	1	
2	4	
0	1	
0	1	
1	3	
1	3	
1	3	
1	3	
1	3	
1	3	
1	3	
0	1	
0	1	
0	1	
1	3	
0	1	
2	4	
1	3	
2	4	
0	1	
0	1	
0	1	
1	3	
0	1	
1	3	
0	1	
1	3	
0	1	
1	3	
0	1	
0	1	
0	1	
0	1	
1	3	
1	3	
1	3	
1	3	
1	3	
1	3	
1	3	
0	1	
1	3	
1	3	
1	3	
0	1	
1	3	
1	3	
1	3	
0	1	
0	1	
1	3	
1	3	
1	3	
0	1	
0	1	
0	1	
1	3	
0	1	
0	1	
0	1	
2	4	
0	1	
0	1	
0	1	
1	3	
2	4	
0	1	
0	1	
0	1	
0	1	
2	4	
0	1	
1	3	
1	3	
0	1	
2	4	
0	1	
0	1	
0	1	
1	3	
1	3	
0	1	
0	1	
0	1	
3	6	
0	1	
0	1	
0	1	
2	4	
0	1	
0	1	
0	1	
0	1	
0	1	
1	3	
1	3	
0	1	
1	3	
0	1	
0	1	
1	3	
0	1	
0	1	
2	4	
0	1	
1	3	
0	1	
0	1	
0	1	
2	4	
0	1	
0	1	
1	3	
0	1	
0	1	
1	3	
1	3	
1	3	
2	4	
1	3	
1	3	
2	4	
0	1	
0	1	
0	1	
2	4	

0	1	
0	1	
2	4	
0	1	
0	1	
0	1	
2	4	
2	4	
1	3	
0	1	
0	1	
1	3	
1	3	
2	4	
0	1	
0	1	
1	3	
0	1	
0	1	
0	1	
2	4	
1	3	
0	1	
2	4	
0	1	
0	1	
0	1	
0	1	
0	1	
0	1	
2	4	
0	1	
0	1	
0	1	
1	3	
2	4	
0	1	
1	3	
2	4	
1	3	
0	1	
1	3	
2	4	
2	4	
1	3	
0	1	
1	3	
0	1	
1	3	
1	3	
1	3	
0	1	
2	4	
0	1	
0	1	
0	1	
1	3	
2	4	
0	1	
2	4	
1	3	
2	4	
0	1	
0	1	
1	3	
1	3	
1	3	
0	1	
0	1	
0	1	
0	1	
1	3	
1	3	
0	1	
1	3	
1	3	
0	1	
2	4	
1	3	
0	1	
1	3	
0	1	
2	4	
0	1	
0	1	
2	4	
1	3	
1	3	
0	1	
0	1	
1	3	
1	3	
0	1	
0	1	
2	4	
0	1	
2	4	
1	3	
1	3	
0	1	
0	1	
2	4	
1	3	
0	1	
1	3	
1	3	
0	1	
1	3	
0	1	
1	3	
2	4	
1	3	
0	1	
1	3	
1	3	
1	3	
1	3	
2	4	
2	4	
0	1	
0	1	
1	3	
2	4	
1	3	
1	3	
0	1	
1	3	
0	1	
0	1	
1	3	
1	3	
3	6	
0	1	
2	4	
1	3	
0	1	
1	3	
0	1	
0	1	
2	4	
0	1	
1	3	
0	1	
2	4	
0	1	
2	4	
2	4	
0	1	
2	4	
1	3	
0	1	
0	1	
1	3	
0	1	
1	3	
0	1	
1	3	
0	1	
0	1	
0	1	
0	1	
2	4	
0	1	
0	1	
1	3	
0	1	
0	1	
0	1	
1	3	
1	3	
0	1	
0	1	
1	3	
0	1	

0	1	
3	6	
1	3	
0	1	
0	1	
0	1	
1	3	
0	1	
0	1	
2	4	
1	3	
0	1	
1	3	
1	3	
1	3	
0	1	
1	3	
0	1	
0	1	
1	3	
2	4	
1	3	
0	1	
1	3	
1	3	
0	1	
0	1	
1	3	
1	3	
2	4	
3	6	
1	3	
0	1	
0	1	
1	3	
1	3	
0	1	
0	1	
0	1	
1	3	
1	3	
0	1	
1	3	
2	4	
0	1	
0	1	
0	1	
0	1	
0	1	
2	4	
0	1	
1	3	
0	1	
1	3	
0	1	
2	4	
2	4	
2	4	
0	1	
1	3	
1	3	
0	1	
0	1	
1	3	
1	3	
0	1	
0	1	
1	3	
0	1	
0	1	
0	1	
0	1	
1	3	
0	1	
0	1	
0	1	
1	3	
0	1	
1	3	
1	3	
0	1	
0	1	
1	3	
2	4	
1	3	
1	3	
0	1	
1	3	
1	3	
2	4	
3	6	
2	4	
2	4	
1	3	
1	3	
0	1	
1	3	
1	3	
1	3	
0	1	
0	1	
2	4	
3	6	
0	1	
0	1	
0	1	
2	4	
0	1	
1	3	
0	1	
0	1	
1	3	
1	3	
1	3	
0	1	
1	3	
1	3	
0	1	
1	3	
1	3	
1	3	
0	1	
0	1	
1	3	
1	3	
0	1	
0	1	
0	1	
1	3	
1	3	
1	3	
1	3	
2	4	
0	1	
1	3	
0	1	
1	3	
0	1	
0	1	
1	3	
0	1	
1	3	
0	1	
1	3	
1	3	
1	3	
0	1	
1	3	
1	3	
0	1	
0	1	
1	3	
0	1	
1	3	
2	4	
1	3	
0	1	
1	3	
0	1	
1	3	
0	1	
1	3	
0	1	
0	1	
1	3	
1	3	
0	1	
1	3	
2	4	
3	6	
0	1	
1	3	
0	1	
0	1	

0	1	
1	3	
1	3	
1	3	
0	1	
0	1	
0	1	
0	1	
0	1	
1	3	
1	3	
1	3	
1	3	
0	1	
1	3	
1	3	
0	1	
1	3	
0	1	
0	1	
2	4	
0	1	
0	1	
0	1	
0	1	
0	1	
0	1	
1	3	
0	1	
0	1	
2	4	
0	1	
1	3	
1	3	
0	1	
1	3	
0	1	
0	1	
1	3	
1	3	
1	3	
0	1	
1	3	
2	4	
0	1	
1	3	
0	1	
2	4	
1	3	
0	1	
2	4	
0	1	
2	4	
1	3	
1	3	
1	3	
0	1	
0	1	
0	1	
0	1	
0	1	
2	4	
0	1	
1	3	
1	3	
0	1	
0	1	
1	3	
0	1	
2	4	
0	1	
1	3	
1	3	
0	1	
0	1	
0	1	
0	1	
0	1	
0	1	
0	1	
0	1	
1	3	
1	3	
1	3	
3	6	
0	1	
0	1	
1	3	
0	1	
1	3	
0	1	
0	1	
0	1	
1	3	
1	3	
0	1	
1	3	
1	3	
1	3	
0	1	
1	3	
1	3	
0	1	
0	1	
1	3	
1	3	
2	4	
0	1	
0	1	
0	1	
1	3	
0	1	
0	1	
0	1	
0	1	
0	1	
1	3	
0	1	
0	1	
1	3	
0	1	
2	4	
0	1	
0	1	
2	4	
2	4	
0	1	
2	4	
0	1	
2	4	
0	1	
0	1	
1	3	
2	4	
1	3	
0	1	
0	1	
0	1	
0	1	
0	1	
0	1	
1	3	
0	1	
0	1	
0	1	
1	3	
1	3	
0	1	
0	1	
1	3	
0	1	
1	3	
1	3	
0	1	
0	1	
1	3	
1	3	
2	4	
0	1	
0	1	
1	3	
1	3	
1	3	
0	1	
1	3	
1	3	
0	1	
1	3	
0	1	
0	1	
0	1	
0	1	
1	3	
0	1	

0	1	
1	3	
1	3	
1	3	
0	1	
1	3	
1	3	
0	1	
0	1	
0	1	
2	4	
0	1	
1	3	
1	3	
0	1	
0	1	
0	1	
2	4	
1	3	
1	3	
1	3	
0	1	
0	1	
0	1	
0	1	
0	1	
0	1	
0	1	
0	1	
0	1	
1	3	
1	3	
0	1	
0	1	
0	1	
0	1	
0	1	
0	1	
0	1	
0	1	
0	1	
0	1	
0	1	
0	1	
0	1	
0	1	
1	3	
2	4	
3	6	
0	1	
0	1	
0	1	
2	4	
1	3	
0	1	
0	1	
1	3	
1	3	
0	1	
1	3	
2	4	
0	1	
2	4	
0	1	
1	3	
0	1	
0	1	
0	1	
0	1	
0	1	
0	1	
1	3	
0	1	
0	1	
1	3	
0	1	
1	3	
0	1	
1	3	
1	3	
0	1	
0	1	
1	3	
1	3	
0	1	
0	1	
0	1	
0	1	
0	1	
4	7	
0	1	
2	4	
1	3	
1	3	
0	1	
0	1	
0	1	
3	6	
1	3	
1	3	
2	4	
1	3	
1	3	
0	1	
1	3	
3	6	
1	3	
2	4	
0	1	
1	3	
0	1	
1	3	
0	1	
0	1	
1	3	
1	3	
0	1	
2	4	
1	3	
2	4	
0	1	
1	3	
2	4	
1	3	
0	1	
1	3	
2	4	
0	1	
1	3	
1	3	
1	3	
0	1	
0	1	
1	3	
1	3	
0	1	
1	3	
2	4	
0	1	
0	1	
0	1	
2	4	
1	3	
1	3	
2	4	
0	1	
0	1	
1	3	
2	4	
0	1	
1	3	
1	3	
1	3	
0	1	
1	3	
2	4	
2	4	
1	3	
0	1	
0	1	
1	3	
2	4	
1	3	
0	1	
1	3	
0	1	
0	1	
1	3	
0	1	
0	1	
1	3	
2	4	
1	3	
0	1	

0	1	
0	1	
0	1	
0	1	
0	1	
0	1	
0	1	
0	1	
1	3	
0	1	
2	4	
0	1	
1	3	
0	1	
1	3	
0	1	
1	3	
0	1	
0	1	
1	3	
0	1	
0	1	
0	1	
0	1	
0	1	
0	1	
0	1	
0	1	
2	4	
0	1	
0	1	
0	1	
0	1	
0	1	
0	1	
0	1	
0	1	
0	1	
1	3	
0	1	
1	3	
1	3	
1	3	
0	1	
0	1	
1	3	
1	3	
1	3	
0	1	
1	3	
1	3	
0	1	
1	3	
1	3	
1	3	
0	1	
0	1	
1	3	
1	3	
0	1	
0	1	
1	3	
0	1	
0	1	
1	3	
1	3	
0	1	
1	3	
0	1	
0	1	
1	3	
0	1	
1	3	
0	1	
1	3	
0	1	
0	1	
0	1	
1	3	
0	1	
0	1	
1	3	
0	1	
0	1	
0	1	
2	4	
0	1	
1	3	
1	3	
0	1	
0	1	
1	3	
1	3	
1	3	
1	3	
0	1	
1	3	
0	1	
0	1	
0	1	
0	1	
0	1	
1	3	
0	1	
0	1	
0	1	
0	1	
1	3	
0	1	
1	3	
0	1	
1	3	
0	1	
1	3	
0	1	
2	4	
1	3	
0	1	
1	3	
1	3	
1	3	
0	1	
0	1	
1	3	
0	1	
0	1	
0	1	
0	1	
0	1	
0	1	
1	3	
1	3	
0	1	
1	3	
0	1	
0	1	
0	1	
0	1	
0	1	
1	3	
0	1	
0	1	
0	1	
2	4	
0	1	
0	1	
0	1	
0	1	
0	1	
0	1	
0	1	
1	3	
1	3	
0	1	
0	1	
0	1	
0	1	
0	1	
1	3	
0	1	
0	1	
0	1	
0	1	
0	1	
1	3	
1	3	
0	1	
0	1	
0	1	
0	1	
0	1	
0	1	
0	1	
0	1	

]

ExternalEquipmentRentingCost: [
5964	4789	4997	2634	4049	4747	3321	1275	1935	2370	5870	1669	3578	3569	3748	3008	1925	4191	2002	4848	1390	3825	4841	1494	1147	3698	2641	1459	3440	3699	3038	2549	1399	2619	2149	4951	4710	5422	3759	1488	4691	3573	2225	4501	4529	1909	5475	2009	5234	4156	1974	1148	1836	2362	3026	4585	4490	4403	4930	5269	5745	3255	1031	4390	4193	2711	1290	2401	5054	5982	3397	2762	3760	1453	2270	5730	5846	1451	3758	1099	3469	3279	2763	1198	4642	4851	5787	2300	5502	5920	1022	1503	2761	4074	3776	3319	3411	5224	5480	3047	3006	2610	4261	1701	2633	4847	5878	3826	4709	3763	4396	2029	1564	2617	4293	1800	4308	1864	5046	1404	5253	3221	3439	2946	1670	3763	1651	3542	1274	3456	1009	1539	4352	4987	1255	4978	2106	1599	4106	4662	4023	4319	3341	5158	2501	1710	3933	4857	1784	2986	4981	2944	4607	4984	3209	1098	2750	5693	3126	4078	2589	4169	3849	5529	4075	4069	3135	4589	1962	1169	5953	4533	5868	2353	
5293	4687	3751	1270	4800	3439	3736	4484	4009	1012	5949	3586	1736	5448	1707	1943	1788	5116	4288	3330	2559	5448	4120	2443	4387	2685	3452	3492	2616	4353	2110	1347	4140	1516	1467	2603	4299	4367	1032	3192	5752	1937	5677	1077	1065	4672	4163	4125	4023	5981	3843	4142	4745	2695	3100	5164	4675	4688	2750	4176	2130	2014	1322	3836	5669	3181	3672	1765	1404	5016	2580	5829	4424	5726	1420	1515	4662	5710	2933	4440	4614	3638	4725	2288	1611	5087	4828	3409	3194	4392	2103	1140	1008	5905	1106	2166	3110	5296	5872	5655	5542	4729	1097	4902	3504	2866	2640	2171	3221	5753	1412	3878	3621	4731	5736	5770	4065	5490	4408	5152	1068	4513	3561	1319	3768	5941	4667	3090	2951	1322	1288	4048	3330	4340	5813	1644	3202	4040	2966	5139	4751	1936	1460	3866	2936	3904	4862	5942	5476	3204	3072	3431	2764	4572	2123	3368	1637	1255	4309	2261	2361	2040	4387	3664	1050	2054	3526	4678	1079	5236	4307	2754	4884	2957	
4941	5921	5290	2721	5167	2508	3700	5263	2174	2117	2099	3734	2266	4216	2683	2731	5167	3134	5078	1464	4158	3936	5574	3463	4880	1466	5698	1889	3848	1647	2052	4920	3714	4719	2220	5373	2087	4840	4567	2619	3170	3779	4761	4532	4348	5852	2959	3967	2191	1936	1092	3542	4365	4781	2889	1971	5677	3721	5787	3607	1761	5644	5392	3127	2879	3907	5708	4211	3104	3839	2984	1771	4335	3385	2130	2612	4634	3871	3786	5326	2578	3669	3539	1731	5776	2742	4402	2105	3534	1717	1008	5962	4558	5629	3914	4906	2598	2804	2773	1206	3161	5997	2804	2931	5044	2591	5395	5549	4521	4004	1082	4760	1949	5465	2110	4445	2153	2161	1612	5198	1375	2750	3948	3486	5202	1846	3809	3578	4794	5107	3658	5002	1810	3708	5335	4251	3566	2559	3980	1006	4934	5674	1894	4800	4069	3910	4591	5212	4506	1501	1155	5906	4572	5479	1704	4363	4391	1368	3236	3449	3629	2234	3538	2931	3936	4194	2939	2203	3517	5867	4433	2643	1230	2922	
3080	2959	3037	5182	3497	1793	5515	1419	4543	2257	4873	4934	1333	1831	1292	3577	3139	5544	2207	2151	4474	4578	2244	3276	3114	1376	2139	4954	3587	3900	1457	3330	4258	4167	1367	5222	1545	3932	3664	4542	5073	5598	4466	5997	3442	1045	2012	5252	5968	1668	3669	2614	5359	2557	2884	5936	2659	1250	2371	1241	4195	5009	1761	1442	5968	2486	4110	3182	3130	5091	2609	5624	3921	1944	2290	2273	4782	5910	5806	1616	2735	2701	3832	4758	4016	5442	1926	1520	3478	5962	3132	1543	1240	5444	4383	3104	2446	2952	2770	1612	3549	3175	3037	1323	1659	1833	3957	4777	5135	1148	5214	3957	2104	4105	5848	2429	5265	2622	3949	2428	3737	3696	1485	3723	1753	4271	3658	2367	3260	3049	5936	3130	3303	1584	4138	1243	5851	4154	2172	5252	2098	3703	2605	3365	1586	4779	5839	5505	3126	4358	4879	5903	1559	3667	2969	4359	4810	5118	4042	3246	2823	3863	3869	5787	2856	4043	5263	2860	2050	4742	3351	5601	4217	3730	
1066	1714	5979	2274	3016	5161	3679	2860	3423	3177	5828	1381	4425	3796	2755	3370	1057	4279	1106	2666	2874	4024	2999	3505	4297	4953	2163	5339	2056	1312	4222	4144	5431	4931	2740	1282	1533	1273	4476	2591	4748	3729	3839	4367	1147	5945	2535	1359	3056	4149	3493	1954	2018	5817	2144	4605	5905	5934	3836	3756	5108	3913	2725	4878	2471	2434	2360	4004	3772	2902	1163	1790	1842	3813	1784	2037	3400	2644	4668	3958	2646	4481	2240	3707	1748	2852	5325	1939	1008	3648	5122	2305	3083	3127	4582	1239	2701	5467	4041	2951	3896	5701	4351	4477	3703	5872	5585	4595	3047	3025	5601	2330	5623	5274	5451	4898	4650	1709	1265	4274	5874	2050	2258	1615	1818	3527	5251	4489	4491	3371	2243	1733	2636	4537	1589	3474	1075	4814	4146	2557	4957	3694	2523	3747	4429	2777	1448	1028	4707	1447	5485	1222	4340	2090	3376	1922	3371	5801	3624	4746	4488	4098	2875	4058	3292	2768	3632	3720	5351	4704	1364	1253	4901	3863	
4389	1429	4426	4366	2365	4978	5726	3595	5167	3865	4400	1903	2514	1043	4026	5143	1505	3532	2013	1270	4589	2147	3693	3348	2754	1961	1395	4883	2970	3508	3672	2160	3357	3063	5101	1836	4847	4871	1035	4587	2318	5590	2714	5949	2131	3515	3596	3288	3265	2281	4876	4402	1354	5241	3204	1516	1976	4947	2781	1081	4223	5426	2823	3416	3799	3372	5215	3444	3499	5900	1251	2789	3130	3027	4790	1938	5156	3154	1761	2302	4165	4099	5556	4880	1117	5926	2225	5625	2068	5320	2097	2711	2552	5018	5993	2898	1374	3043	2633	1347	5926	4205	2049	3917	5982	4272	2587	4250	1593	1910	2827	1617	5418	4885	5831	5072	4359	4476	3032	2209	4292	1218	2119	5490	2093	4069	5855	2434	5240	2971	1647	1964	2235	4382	4839	2646	5841	5681	1017	4022	3085	3046	2679	2247	3973	2916	4477	1608	4148	4464	1182	1162	2098	3063	5922	1806	5513	2354	2730	4184	1812	1264	5849	5501	1954	1137	1627	4258	5003	3411	5824	1781	4113	5315	
1850	2817	2432	4274	3230	3555	4748	4245	3291	3376	4571	5289	3944	4062	3746	5745	4492	3136	4516	1516	4101	1615	3107	3069	3897	1113	1305	1321	2356	4883	4983	2226	4360	4653	1294	2050	4593	4424	3804	2869	1861	1443	1897	1264	1773	2084	4995	2106	3790	2890	2724	3926	1724	1859	2978	3289	4993	2842	2628	3787	4040	2633	5414	5892	4893	1530	5654	4987	3206	1134	2755	3680	1163	2111	1593	1587	3460	4259	5857	5365	5444	1198	5523	1242	1975	3982	5628	5600	4458	2233	1783	3096	1460	5334	2318	1624	5422	4085	2759	3578	1770	3438	2404	5743	2039	5164	4173	2588	4425	3797	4636	3859	1522	2399	2496	4185	1752	5619	4685	1568	2336	1714	3264	3058	5479	2443	3014	4946	1882	1978	5592	1708	1819	5527	1329	3720	5015	2641	3605	1185	1395	4900	4552	2874	1406	1373	4833	4363	1980	1448	2657	4026	1565	2199	3198	1373	2640	3585	5335	4885	4548	2705	4531	1964	2481	1313	3671	5565	1375	4639	4767	2348	5033	1185	
]

EquipmentTypeTransportationCost: [
1	3488	3591	4130	3816	
3488	1	2984	3747	3308	
3591	2984	1	3589	2945	
4130	3747	3589	1	3366	
3816	3308	2945	3366	1	

1	4365	4486	5197	4878	
4365	1	3697	4682	4040	
4486	3697	1	4494	3662	
5197	4682	4494	1	4146	
4878	4040	3662	4146	1	

1	3844	4001	4597	4247	
3844	1	3274	4188	3635	
4001	3274	1	3991	3255	
4597	4188	3991	1	3760	
4247	3635	3255	3760	1	

1	4213	4312	4961	4552	
4213	1	3610	4519	3890	
4312	3610	1	4348	3470	
4961	4519	4348	1	4038	
4552	3890	3470	4038	1	

1	3732	3835	4389	4080	
3732	1	3183	3926	3491	
3835	3183	1	3850	3100	
4389	3926	3850	1	3555	
4080	3491	3100	3555	1	

1	4381	4620	5281	4827	
4381	1	3701	4782	4128	
4620	3701	1	4553	3690	
5281	4782	4553	1	4231	
4827	4128	3690	4231	1	

1	5261	5461	6297	5874	
5261	1	4442	5724	4950	
5461	4442	1	5420	4371	
6297	5724	5420	1	5109	
5874	4950	4371	5109	1	

]

TransportationTimeForEquipmentTypeBetweenProjects: [
1	2	2	5	4	
2	1	1	4	2	
2	1	1	2	1	
5	4	2	1	2	
4	2	1	2	1	

1	3	3	8	5	
3	1	1	5	3	
3	1	1	3	1	
8	5	3	1	3	
5	3	1	3	1	

1	3	3	6	5	
3	1	1	5	3	
3	1	1	3	1	
6	5	3	1	3	
5	3	1	3	1	

1	3	3	7	5	
3	1	1	5	3	
3	1	1	3	1	
7	5	3	1	3	
5	3	1	3	1	

1	3	3	6	5	
3	1	1	5	3	
3	1	1	3	1	
6	5	3	1	3	
5	3	1	3	1	

1	3	3	8	6	
3	1	1	6	3	
3	1	1	3	1	
8	6	3	1	3	
6	3	1	3	1	

1	4	4	9	6	
4	1	1	6	4	
4	1	1	4	1	
9	6	4	1	4	
6	4	1	4	1	

]

TotalNumberOfInitialEquipmentTypeLocation: [
(1 1) 4 (1 37) 1 (1 69) 2 (1 104) 3 
(2 1) 3 (2 37) 2 (2 139) 1 
(3 1) 2 (3 37) 3 (3 69) 3 (3 139) 1 
(4 1) 2 (4 69) 1 (4 104) 3 (4 139) 3 
(5 37) 2 (5 69) 1 (5 104) 2 
(6 1) 1 (6 37) 2 (6 104) 3 (6 139) 2 
(7 69) 2 (7 104) 1 
]

DepotActivities: [ 1 37 69 104 139 ]

MaximalStintCliques: [
[ 1 34 78 23 56 ]
[ 2 57 35 78 23 ]
[ 7 40 80 81 25 26 62 ]
[ 8 41 80 81 25 26 63 ]
[ 9 42 81 82 26 27 64 ]
[ 10 65 43 81 82 26 27 ]
[ 11 66 44 28 82 83 27 ]
[ 12 67 45 28 82 83 27 ]
[ 13 68 46 28 83 84 29 ]
[ 14 69 47 28 83 84 29 ]
[ 15 70 48 30 84 85 29 ]
[ 16 71 49 30 84 85 29 ]
[ 17 72 50 30 85 86 31 ]
[ 18 73 51 30 85 86 31 ]
[ 19 74 52 32 86 87 31 ]
[ 20 75 53 32 86 87 31 ]
[ 21 33 76 32 54 87 88 ]
[ 22 33 77 55 88 87 32 ]
[ 24 79 5 25 60 38 80 ]
[ 24 79 6 25 61 39 80 ]
[ 24 79 78 23 3 58 36 ]
[ 24 79 78 23 4 59 37 ]
]
