nEmployees: 90
nSkills: 4
nProjects: 5
nDays: 120
nActivities: 107
nEquipmentTypes: 5
nStints: 54
nMaxModes: 3
nStintCliques: 18

EmployeeInStintCost: [
43112 43112 43112 43112 43112 43112 43112 43112 27908 19732 19732 19732 19732 19732 19732 19732 19732 19732 19732 19732 19732 19732 19732 19732 19732 19732 11820 34032 34032 34032 34032 34032 34032 34032 34032 19028 28820 28820 28820 28820 28820 28820 28820 28820 15236 37110 37110 37110 37110 37110 37110 37110 32862 17220 
35320 35320 35320 35320 35320 35320 35320 35320 21754 13704 13704 13704 13704 13704 13704 13704 13704 13704 13704 13704 13704 13704 13704 13704 13704 13704 6548 35928 35928 35928 35928 35928 35928 35928 35928 22562 28580 28580 28580 28580 28580 28580 28580 28580 16634 19954 19954 19954 19954 19954 19954 19954 16462 8314 
47272 47272 47272 47272 47272 47272 47272 47272 32224 24084 24084 24084 24084 24084 24084 24084 24084 24084 24084 24084 24084 24084 24084 24084 24084 24084 16244 35360 35360 35360 35360 35360 35360 35360 35360 20512 32956 32956 32956 32956 32956 32956 32956 32956 19528 41210 41210 41210 41210 41210 41210 41210 37034 21560 
33304 33304 33304 33304 33304 33304 33304 33304 19738 11472 11472 11472 11472 11472 11472 11472 11472 11472 11472 11472 11472 11472 11472 11472 11472 11472 4316 37896 37896 37896 37896 37896 37896 37896 37896 24530 30884 30884 30884 30884 30884 30884 30884 30884 18938 31988 31988 31988 31988 31988 31988 31988 28496 14618 
35032 35032 35032 35032 35032 35032 35032 35032 20296 12140 12140 12140 12140 12140 12140 12140 12140 12140 12140 12140 12140 12140 12140 12140 12140 12140 4444 39728 39728 39728 39728 39728 39728 39728 39728 25192 32484 32484 32484 32484 32484 32484 32484 32484 19368 34322 34322 34322 34322 34322 34322 34322 30290 15152 
39744 39744 39744 39744 39744 39744 39744 39744 25710 17664 17664 17664 17664 17664 17664 17664 17664 17664 17664 17664 17664 17664 17664 17664 17664 17664 10292 33544 33544 33544 33544 33544 33544 33544 33544 19710 12960 12960 12960 12960 12960 12960 12960 12960 4926 33216 33216 33216 33216 33216 33216 33216 29508 15126 
17680 17680 17680 17680 17680 17680 17680 17680 8632 10096 10096 10096 10096 10096 10096 10096 10096 10096 10096 10096 10096 10096 10096 10096 10096 10096 5920 43056 43056 43056 43056 43056 43056 43056 43056 28208 35764 35764 35764 35764 35764 35764 35764 35764 22336 37826 37826 37826 37826 37826 37826 37826 33650 18176 
40072 40072 40072 40072 40072 40072 40072 40072 25570 17320 17320 17320 17320 17320 17320 17320 17320 17320 17320 17320 17320 17320 17320 17320 17320 17320 9732 33976 33976 33976 33976 33976 33976 33976 33976 19674 27788 27788 27788 27788 27788 27788 27788 27788 14906 33620 33620 33620 33620 33620 33620 33620 29696 14810 
41136 41136 41136 41136 41136 41136 41136 41136 26088 17796 17796 17796 17796 17796 17796 17796 17796 17796 17796 17796 17796 17796 17796 17796 17796 17796 9956 34584 34584 34584 34584 34584 34584 34584 34584 19736 28604 28604 28604 28604 28604 28604 28604 28604 15176 34978 34978 34978 34978 34978 34978 34978 30802 15328 
16560 16560 16560 16560 16560 16560 16560 16560 8916 9408 9408 9408 9408 9408 9408 9408 9408 9408 9408 9408 9408 9408 9408 9408 9408 9408 5880 40664 40664 40664 40664 40664 40664 40664 40664 27220 33404 33404 33404 33404 33404 33404 33404 33404 21380 34686 34686 34686 34686 34686 34686 34686 31158 17196 
47272 47272 47272 47272 47272 47272 47272 47272 32224 24084 24084 24084 24084 24084 24084 24084 24084 24084 24084 24084 24084 24084 24084 24084 24084 24084 16244 35360 35360 35360 35360 35360 35360 35360 35360 20512 32956 32956 32956 32956 32956 32956 32956 32956 19528 41210 41210 41210 41210 41210 41210 41210 37034 21560 
34192 34192 34192 34192 34192 34192 34192 34192 20002 11888 11888 11888 11888 11888 11888 11888 11888 11888 11888 11888 11888 11888 11888 11888 11888 11888 4444 38888 38888 38888 38888 38888 38888 38888 38888 24898 31644 31644 31644 31644 31644 31644 31644 31644 19074 33188 33188 33188 33188 33188 33188 33188 29408 14858 
40672 40672 40672 40672 40672 40672 40672 40672 25780 17500 17500 17500 17500 17500 17500 17500 17500 17500 17500 17500 17500 17500 17500 17500 17500 17500 9732 34576 34576 34576 34576 34576 34576 34576 34576 19884 28388 28388 28388 28388 28388 28388 28388 28388 15116 34430 34430 34430 34430 34430 34430 34430 30326 15020 
37352 37352 37352 37352 37352 37352 37352 37352 22382 14024 14024 14024 14024 14024 14024 14024 14024 14024 14024 14024 14024 14024 14024 14024 14024 14024 6220 38152 38152 38152 38152 38152 38152 38152 38152 23382 31292 31292 31292 31292 31292 31292 31292 31292 17942 24550 24550 24550 24550 24550 24550 24550 20410 10750 
17680 17680 17680 17680 17680 17680 17680 17680 8632 10096 10096 10096 10096 10096 10096 10096 10096 10096 10096 10096 10096 10096 10096 10096 10096 10096 5920 43056 43056 43056 43056 43056 43056 43056 43056 28208 35764 35764 35764 35764 35764 35764 35764 35764 22336 37826 37826 37826 37826 37826 37826 37826 33650 18176 
46080 46080 46080 46080 46080 46080 46080 46080 31890 23640 23640 23640 23640 23640 23640 23640 23640 23640 23640 23640 23640 23640 23640 23640 23640 23640 16196 33024 33024 33024 33024 33024 33024 33024 33024 19034 32092 32092 32092 32092 32092 32092 32092 32092 19522 39452 39452 39452 39452 39452 39452 39452 35672 21122 
45704 45704 45704 45704 45704 45704 45704 45704 31514 23264 23264 23264 23264 23264 23264 23264 23264 23264 23264 23264 23264 23264 23264 23264 23264 23264 15820 32640 32640 32640 32640 32640 32640 32640 32640 18650 31772 31772 31772 31772 31772 31772 31772 31772 19202 39092 39092 39092 39092 39092 39092 39092 35312 20762 
34792 34792 34792 34792 34792 34792 34792 34792 20212 12068 12068 12068 12068 12068 12068 12068 12068 12068 12068 12068 12068 12068 12068 12068 12068 12068 4444 39488 39488 39488 39488 39488 39488 39488 39488 25108 32244 32244 32244 32244 32244 32244 32244 32244 19284 33998 33998 33998 33998 33998 33998 33998 30038 15068 
35672 35672 35672 35672 35672 35672 35672 35672 21794 13520 13520 13520 13520 13520 13520 13520 13520 13520 13520 13520 13520 13520 13520 13520 13520 13520 6220 36472 36472 36472 36472 36472 36472 36472 36472 22794 29612 29612 29612 29612 29612 29612 29612 29612 17354 22282 22282 22282 22282 22282 22282 22282 18646 10162 
17520 17520 17520 17520 17520 17520 17520 17520 9252 9696 9696 9696 9696 9696 9696 9696 9696 9696 9696 9696 9696 9696 9696 9696 9696 9696 5880 41624 41624 41624 41624 41624 41624 41624 41624 27556 34364 34364 34364 34364 34364 34364 34364 34364 21716 35982 35982 35982 35982 35982 35982 35982 32166 17532 
36408 36408 36408 36408 36408 36408 36408 36408 22608 14468 14468 14468 14468 14468 14468 14468 14468 14468 14468 14468 14468 14468 14468 14468 14468 14468 7204 35488 35488 35488 35488 35488 35488 35488 35488 21888 28348 28348 28348 28348 28348 28348 28348 28348 16168 16200 16200 16200 16200 16200 16200 16200 12600 4200 
40944 40944 40944 40944 40944 40944 40944 40944 26130 18024 18024 18024 18024 18024 18024 18024 18024 18024 18024 18024 18024 18024 18024 18024 18024 18024 10292 34744 34744 34744 34744 34744 34744 34744 34744 20130 14160 14160 14160 14160 14160 14160 14160 14160 5346 34836 34836 34836 34836 34836 34836 34836 30768 15546 
36880 36880 36880 36880 36880 36880 36880 36880 22300 14172 14172 14172 14172 14172 14172 14172 14172 14172 14172 14172 14172 14172 14172 14172 14172 14172 6548 37488 37488 37488 37488 37488 37488 37488 37488 23108 30140 30140 30140 30140 30140 30140 30140 30140 17180 22060 22060 22060 22060 22060 22060 22060 18100 8860 
34792 34792 34792 34792 34792 34792 34792 34792 20212 12068 12068 12068 12068 12068 12068 12068 12068 12068 12068 12068 12068 12068 12068 12068 12068 12068 4444 39488 39488 39488 39488 39488 39488 39488 39488 25108 32244 32244 32244 32244 32244 32244 32244 32244 19284 33998 33998 33998 33998 33998 33998 33998 30038 15068 
42952 42952 42952 42952 42952 42952 42952 42952 28840 20580 20580 20580 20580 20580 20580 20580 20580 20580 20580 20580 20580 20580 20580 20580 20580 20580 13172 12480 12480 12480 12480 12480 12480 12480 12480 4368 29292 29292 29292 29292 29292 29292 29292 29292 16800 36306 36306 36306 36306 36306 36306 36306 32562 18096 
38976 38976 38976 38976 38976 38976 38976 38976 25332 17148 17148 17148 17148 17148 17148 17148 17148 17148 17148 17148 17148 17148 17148 17148 17148 17148 9956 32424 32424 32424 32424 32424 32424 32424 32424 18980 26444 26444 26444 26444 26444 26444 26444 26444 14420 32062 32062 32062 32062 32062 32062 32062 28534 14572 
47160 47160 47160 47160 47160 47160 47160 47160 32268 23964 23964 23964 23964 23964 23964 23964 23964 23964 23964 23964 23964 23964 23964 23964 23964 23964 16196 34104 34104 34104 34104 34104 34104 34104 34104 19412 33172 33172 33172 33172 33172 33172 33172 33172 19900 40910 40910 40910 40910 40910 40910 40910 36806 21500 
37008 37008 37008 37008 37008 37008 37008 37008 22818 14648 14648 14648 14648 14648 14648 14648 14648 14648 14648 14648 14648 14648 14648 14648 14648 14648 7204 36088 36088 36088 36088 36088 36088 36088 36088 22098 28948 28948 28948 28948 28948 28948 28948 28948 16378 17010 17010 17010 17010 17010 17010 17010 13230 4410 
17160 17160 17160 17160 17160 17160 17160 17160 9126 3708 3708 3708 3708 3708 3708 3708 3708 3708 3708 3708 3708 3708 3708 3708 3708 3708 0 42016 42016 42016 42016 42016 42016 42016 42016 28182 34932 34932 34932 34932 34932 34932 34932 34932 22518 36344 36344 36344 36344 36344 36344 36344 32636 18254 
37128 37128 37128 37128 37128 37128 37128 37128 22860 14684 14684 14684 14684 14684 14684 14684 14684 14684 14684 14684 14684 14684 14684 14684 14684 14684 7204 36208 36208 36208 36208 36208 36208 36208 36208 22140 29068 29068 29068 29068 29068 29068 29068 29068 16420 17172 17172 17172 17172 17172 17172 17172 13356 4452 
45592 45592 45592 45592 45592 45592 45592 45592 31636 23580 23580 23580 23580 23580 23580 23580 23580 23580 23580 23580 23580 23580 23580 23580 23580 23580 16244 33680 33680 33680 33680 33680 33680 33680 33680 19924 31276 31276 31276 31276 31276 31276 31276 31276 18940 38942 38942 38942 38942 38942 38942 38942 35270 20972 
46424 46424 46424 46424 46424 46424 46424 46424 31766 23480 23480 23480 23480 23480 23480 23480 23480 23480 23480 23480 23480 23480 23480 23480 23480 23480 15820 33360 33360 33360 33360 33360 33360 33360 33360 18902 32492 32492 32492 32492 32492 32492 32492 32492 19454 40064 40064 40064 40064 40064 40064 40064 36068 21014 
35272 35272 35272 35272 35272 35272 35272 35272 20380 12212 12212 12212 12212 12212 12212 12212 12212 12212 12212 12212 12212 12212 12212 12212 12212 12212 4444 39968 39968 39968 39968 39968 39968 39968 39968 25276 32724 32724 32724 32724 32724 32724 32724 32724 19452 34646 34646 34646 34646 34646 34646 34646 30542 15236 
36888 36888 36888 36888 36888 36888 36888 36888 22776 14612 14612 14612 14612 14612 14612 14612 14612 14612 14612 14612 14612 14612 14612 14612 14612 14612 7204 35968 35968 35968 35968 35968 35968 35968 35968 22056 28828 28828 28828 28828 28828 28828 28828 28828 16336 16848 16848 16848 16848 16848 16848 16848 13104 4368 
36752 36752 36752 36752 36752 36752 36752 36752 22172 13844 13844 13844 13844 13844 13844 13844 13844 13844 13844 13844 13844 13844 13844 13844 13844 13844 6220 37552 37552 37552 37552 37552 37552 37552 37552 23172 30692 30692 30692 30692 30692 30692 30692 30692 17732 23740 23740 23740 23740 23740 23740 23740 19780 10540 
43552 43552 43552 43552 43552 43552 43552 43552 29050 20760 20760 20760 20760 20760 20760 20760 20760 20760 20760 20760 20760 20760 20760 20760 20760 20760 13172 13080 13080 13080 13080 13080 13080 13080 13080 4578 29892 29892 29892 29892 29892 29892 29892 29892 17010 37116 37116 37116 37116 37116 37116 37116 33192 18306 
35944 35944 35944 35944 35944 35944 35944 35944 20662 12264 12264 12264 12264 12264 12264 12264 12264 12264 12264 12264 12264 12264 12264 12264 12264 12264 4316 40536 40536 40536 40536 40536 40536 40536 40536 25454 33524 33524 33524 33524 33524 33524 33524 33524 19862 35552 35552 35552 35552 35552 35552 35552 31268 15542 
36512 36512 36512 36512 36512 36512 36512 36512 22088 13772 13772 13772 13772 13772 13772 13772 13772 13772 13772 13772 13772 13772 13772 13772 13772 13772 6220 37312 37312 37312 37312 37312 37312 37312 37312 23088 30452 30452 30452 30452 30452 30452 30452 30452 17648 23416 23416 23416 23416 23416 23416 23416 19528 10456 
45952 45952 45952 45952 45952 45952 45952 45952 31762 23688 23688 23688 23688 23688 23688 23688 23688 23688 23688 23688 23688 23688 23688 23688 23688 23688 16244 34040 34040 34040 34040 34040 34040 34040 34040 20050 31636 31636 31636 31636 31636 31636 31636 31636 19066 39428 39428 39428 39428 39428 39428 39428 35648 21098 
35552 35552 35552 35552 35552 35552 35552 35552 21752 13484 13484 13484 13484 13484 13484 13484 13484 13484 13484 13484 13484 13484 13484 13484 13484 13484 6220 36352 36352 36352 36352 36352 36352 36352 36352 22752 29492 29492 29492 29492 29492 29492 29492 29492 17312 22120 22120 22120 22120 22120 22120 22120 18520 10120 
15400 15400 15400 15400 15400 15400 15400 15400 7834 9412 9412 9412 9412 9412 9412 9412 9412 9412 9412 9412 9412 9412 9412 9412 9412 9412 5920 40776 40776 40776 40776 40776 40776 40776 40776 27410 33484 33484 33484 33484 33484 33484 33484 33484 21538 34748 34748 34748 34748 34748 34748 34748 31256 17378 
42712 42712 42712 42712 42712 42712 42712 42712 28756 20508 20508 20508 20508 20508 20508 20508 20508 20508 20508 20508 20508 20508 20508 20508 20508 20508 13172 12240 12240 12240 12240 12240 12240 12240 12240 4284 29052 29052 29052 29052 29052 29052 29052 29052 16716 35982 35982 35982 35982 35982 35982 35982 32310 18012 
37592 37592 37592 37592 37592 37592 37592 37592 22466 14096 14096 14096 14096 14096 14096 14096 14096 14096 14096 14096 14096 14096 14096 14096 14096 14096 6220 38392 38392 38392 38392 38392 38392 38392 38392 23466 31532 31532 31532 31532 31532 31532 31532 31532 18026 24874 24874 24874 24874 24874 24874 24874 20662 10834 
46096 46096 46096 46096 46096 46096 46096 46096 32140 23988 23988 23988 23988 23988 23988 23988 23988 23988 23988 23988 23988 23988 23988 23988 23988 23988 16652 33352 33352 33352 33352 33352 33352 33352 33352 19596 31852 31852 31852 31852 31852 31852 31852 31852 19516 39350 39350 39350 39350 39350 39350 39350 35678 21380 
47032 47032 47032 47032 47032 47032 47032 47032 32140 24012 24012 24012 24012 24012 24012 24012 24012 24012 24012 24012 24012 24012 24012 24012 24012 24012 16244 35120 35120 35120 35120 35120 35120 35120 35120 20428 32716 32716 32716 32716 32716 32716 32716 32716 19444 40886 40886 40886 40886 40886 40886 40886 36782 21476 
35224 35224 35224 35224 35224 35224 35224 35224 20410 12048 12048 12048 12048 12048 12048 12048 12048 12048 12048 12048 12048 12048 12048 12048 12048 12048 4316 39816 39816 39816 39816 39816 39816 39816 39816 25202 32804 32804 32804 32804 32804 32804 32804 32804 19610 34580 34580 34580 34580 34580 34580 34580 30512 15290 
40776 40776 40776 40776 40776 40776 40776 40776 25962 17688 17688 17688 17688 17688 17688 17688 17688 17688 17688 17688 17688 17688 17688 17688 17688 17688 9956 34224 34224 34224 34224 34224 34224 34224 34224 19610 28244 28244 28244 28244 28244 28244 28244 28244 15050 34492 34492 34492 34492 34492 34492 34492 30424 15202 
16320 16320 16320 16320 16320 16320 16320 16320 8832 9336 9336 9336 9336 9336 9336 9336 9336 9336 9336 9336 9336 9336 9336 9336 9336 9336 5880 40424 40424 40424 40424 40424 40424 40424 40424 27136 33164 33164 33164 33164 33164 33164 33164 33164 21296 34362 34362 34362 34362 34362 34362 34362 30906 17112 
17160 17160 17160 17160 17160 17160 17160 17160 9126 3708 3708 3708 3708 3708 3708 3708 3708 3708 3708 3708 3708 3708 3708 3708 3708 3708 0 42016 42016 42016 42016 42016 42016 42016 42016 28182 34932 34932 34932 34932 34932 34932 34932 34932 22518 36344 36344 36344 36344 36344 36344 36344 32636 18254 
45824 45824 45824 45824 45824 45824 45824 45824 31556 23300 23300 23300 23300 23300 23300 23300 23300 23300 23300 23300 23300 23300 23300 23300 23300 23300 15820 32760 32760 32760 32760 32760 32760 32760 32760 18692 31892 31892 31892 31892 31892 31892 31892 31892 19244 39254 39254 39254 39254 39254 39254 39254 35438 20804 
34864 34864 34864 34864 34864 34864 34864 34864 20284 11940 11940 11940 11940 11940 11940 11940 11940 11940 11940 11940 11940 11940 11940 11940 11940 11940 4316 39456 39456 39456 39456 39456 39456 39456 39456 25076 32444 32444 32444 32444 32444 32444 32444 32444 19484 34094 34094 34094 34094 34094 34094 34094 30134 15164 
18120 18120 18120 18120 18120 18120 18120 18120 9462 9876 9876 9876 9876 9876 9876 9876 9876 9876 9876 9876 9876 9876 9876 9876 9876 9876 5880 42224 42224 42224 42224 42224 42224 42224 42224 27766 34964 34964 34964 34964 34964 34964 34964 34964 21926 36792 36792 36792 36792 36792 36792 36792 32796 17742 
36760 36760 36760 36760 36760 36760 36760 36760 22258 14136 14136 14136 14136 14136 14136 14136 14136 14136 14136 14136 14136 14136 14136 14136 14136 14136 6548 37368 37368 37368 37368 37368 37368 37368 37368 23066 30020 30020 30020 30020 30020 30020 30020 30020 17138 21898 21898 21898 21898 21898 21898 21898 17974 8818 
16360 16360 16360 16360 16360 16360 16360 16360 8170 9700 9700 9700 9700 9700 9700 9700 9700 9700 9700 9700 9700 9700 9700 9700 9700 9700 5920 41736 41736 41736 41736 41736 41736 41736 41736 27746 34444 34444 34444 34444 34444 34444 34444 34444 21874 36044 36044 36044 36044 36044 36044 36044 32264 17714 
35928 35928 35928 35928 35928 35928 35928 35928 22440 14324 14324 14324 14324 14324 14324 14324 14324 14324 14324 14324 14324 14324 14324 14324 14324 14324 7204 35008 35008 35008 35008 35008 35008 35008 35008 21720 27868 27868 27868 27868 27868 27868 27868 27868 16000 15552 15552 15552 15552 15552 15552 15552 12096 4032 
18600 18600 18600 18600 18600 18600 18600 18600 9630 4140 4140 4140 4140 4140 4140 4140 4140 4140 4140 4140 4140 4140 4140 4140 4140 4140 0 43456 43456 43456 43456 43456 43456 43456 43456 28686 36372 36372 36372 36372 36372 36372 36372 36372 23022 38288 38288 38288 38288 38288 38288 38288 34148 18758 
42872 42872 42872 42872 42872 42872 42872 42872 27824 19660 19660 19660 19660 19660 19660 19660 19660 19660 19660 19660 19660 19660 19660 19660 19660 19660 11820 33792 33792 33792 33792 33792 33792 33792 33792 18944 28580 28580 28580 28580 28580 28580 28580 28580 15152 36786 36786 36786 36786 36786 36786 36786 32610 17136 
42632 42632 42632 42632 42632 42632 42632 42632 27740 19588 19588 19588 19588 19588 19588 19588 19588 19588 19588 19588 19588 19588 19588 19588 19588 19588 11820 33552 33552 33552 33552 33552 33552 33552 33552 18860 28340 28340 28340 28340 28340 28340 28340 28340 15068 36462 36462 36462 36462 36462 36462 36462 32358 17052 
40824 40824 40824 40824 40824 40824 40824 40824 26088 17988 17988 17988 17988 17988 17988 17988 17988 17988 17988 17988 17988 17988 17988 17988 17988 17988 10292 34624 34624 34624 34624 34624 34624 34624 34624 20088 14040 14040 14040 14040 14040 14040 14040 14040 5304 34674 34674 34674 34674 34674 34674 34674 30642 15504 
46200 46200 46200 46200 46200 46200 46200 46200 31932 23676 23676 23676 23676 23676 23676 23676 23676 23676 23676 23676 23676 23676 23676 23676 23676 23676 16196 33144 33144 33144 33144 33144 33144 33144 33144 19076 32212 32212 32212 32212 32212 32212 32212 32212 19564 39614 39614 39614 39614 39614 39614 39614 35798 21164 
45232 45232 45232 45232 45232 45232 45232 45232 31510 23472 23472 23472 23472 23472 23472 23472 23472 23472 23472 23472 23472 23472 23472 23472 23472 23472 16244 33320 33320 33320 33320 33320 33320 33320 33320 19798 30916 30916 30916 30916 30916 30916 30916 30916 18814 38456 38456 38456 38456 38456 38456 38456 34892 20846 
39096 39096 39096 39096 39096 39096 39096 39096 25530 17504 17504 17504 17504 17504 17504 17504 17504 17504 17504 17504 17504 17504 17504 17504 17504 17504 10348 32712 32712 32712 32712 32712 32712 32712 32712 19346 11640 11640 11640 11640 11640 11640 11640 11640 4074 32292 32292 32292 32292 32292 32292 32292 28800 14922 
19000 19000 19000 19000 19000 19000 19000 19000 10498 10256 10256 10256 10256 10256 10256 10256 10256 10256 10256 10256 10256 10256 10256 10256 10256 10256 2668 41992 41992 41992 41992 41992 41992 41992 41992 27690 34596 34596 34596 34596 34596 34596 34596 34596 21714 36452 36452 36452 36452 36452 36452 36452 32528 17642 
34312 34312 34312 34312 34312 34312 34312 34312 20044 11924 11924 11924 11924 11924 11924 11924 11924 11924 11924 11924 11924 11924 11924 11924 11924 11924 4444 39008 39008 39008 39008 39008 39008 39008 39008 24940 31764 31764 31764 31764 31764 31764 31764 31764 19116 33350 33350 33350 33350 33350 33350 33350 29534 14900 
46064 46064 46064 46064 46064 46064 46064 46064 31640 23372 23372 23372 23372 23372 23372 23372 23372 23372 23372 23372 23372 23372 23372 23372 23372 23372 15820 33000 33000 33000 33000 33000 33000 33000 33000 18776 32132 32132 32132 32132 32132 32132 32132 32132 19328 39578 39578 39578 39578 39578 39578 39578 35690 20888 
39472 39472 39472 39472 39472 39472 39472 39472 25360 17140 17140 17140 17140 17140 17140 17140 17140 17140 17140 17140 17140 17140 17140 17140 17140 17140 9732 33376 33376 33376 33376 33376 33376 33376 33376 19464 27188 27188 27188 27188 27188 27188 27188 27188 14696 32810 32810 32810 32810 32810 32810 32810 29066 14600 
13080 13080 13080 13080 13080 13080 13080 13080 4578 8724 8724 8724 8724 8724 8724 8724 8724 8724 8724 8724 8724 8724 8724 8724 8724 8724 4800 42952 42952 42952 42952 42952 42952 42952 42952 28650 35676 35676 35676 35676 35676 35676 35676 35676 22794 37436 37436 37436 37436 37436 37436 37436 33512 18626 
39592 39592 39592 39592 39592 39592 39592 39592 25402 17176 17176 17176 17176 17176 17176 17176 17176 17176 17176 17176 17176 17176 17176 17176 17176 17176 9732 33496 33496 33496 33496 33496 33496 33496 33496 19506 27308 27308 27308 27308 27308 27308 27308 27308 14738 32972 32972 32972 32972 32972 32972 32972 29192 14642 
33784 33784 33784 33784 33784 33784 33784 33784 19906 11616 11616 11616 11616 11616 11616 11616 11616 11616 11616 11616 11616 11616 11616 11616 11616 11616 4316 38376 38376 38376 38376 38376 38376 38376 38376 24698 31364 31364 31364 31364 31364 31364 31364 31364 19106 32636 32636 32636 32636 32636 32636 32636 29000 14786 
45464 45464 45464 45464 45464 45464 45464 45464 31430 23192 23192 23192 23192 23192 23192 23192 23192 23192 23192 23192 23192 23192 23192 23192 23192 23192 15820 32400 32400 32400 32400 32400 32400 32400 32400 18566 31532 31532 31532 31532 31532 31532 31532 31532 19118 38768 38768 38768 38768 38768 38768 38768 35060 20678 
43912 43912 43912 43912 43912 43912 43912 43912 29176 20868 20868 20868 20868 20868 20868 20868 20868 20868 20868 20868 20868 20868 20868 20868 20868 20868 13172 13440 13440 13440 13440 13440 13440 13440 13440 4704 30252 30252 30252 30252 30252 30252 30252 30252 17136 37602 37602 37602 37602 37602 37602 37602 33570 18432 
41032 41032 41032 41032 41032 41032 41032 41032 25906 17608 17608 17608 17608 17608 17608 17608 17608 17608 17608 17608 17608 17608 17608 17608 17608 17608 9732 34936 34936 34936 34936 34936 34936 34936 34936 20010 28748 28748 28748 28748 28748 28748 28748 28748 15242 34916 34916 34916 34916 34916 34916 34916 30704 15146 
38088 38088 38088 38088 38088 38088 38088 38088 23196 14972 14972 14972 14972 14972 14972 14972 14972 14972 14972 14972 14972 14972 14972 14972 14972 14972 7204 37168 37168 37168 37168 37168 37168 37168 37168 22476 30028 30028 30028 30028 30028 30028 30028 30028 16756 18468 18468 18468 18468 18468 18468 18468 14364 4788 
36032 36032 36032 36032 36032 36032 36032 36032 21920 13628 13628 13628 13628 13628 13628 13628 13628 13628 13628 13628 13628 13628 13628 13628 13628 13628 6220 36832 36832 36832 36832 36832 36832 36832 36832 22920 29972 29972 29972 29972 29972 29972 29972 29972 17480 22768 22768 22768 22768 22768 22768 22768 19024 10288 
35320 35320 35320 35320 35320 35320 35320 35320 21754 13704 13704 13704 13704 13704 13704 13704 13704 13704 13704 13704 13704 13704 13704 13704 13704 13704 6548 35928 35928 35928 35928 35928 35928 35928 35928 22562 28580 28580 28580 28580 28580 28580 28580 28580 16634 19954 19954 19954 19954 19954 19954 19954 16462 8314 
17440 17440 17440 17440 17440 17440 17440 17440 8548 10024 10024 10024 10024 10024 10024 10024 10024 10024 10024 10024 10024 10024 10024 10024 10024 10024 5920 42816 42816 42816 42816 42816 42816 42816 42816 28124 35524 35524 35524 35524 35524 35524 35524 35524 22252 37502 37502 37502 37502 37502 37502 37502 33398 18092 
18240 18240 18240 18240 18240 18240 18240 18240 9504 4032 4032 4032 4032 4032 4032 4032 4032 4032 4032 4032 4032 4032 4032 4032 4032 4032 0 43096 43096 43096 43096 43096 43096 43096 43096 28560 36012 36012 36012 36012 36012 36012 36012 36012 22896 37802 37802 37802 37802 37802 37802 37802 33770 18632 
46920 46920 46920 46920 46920 46920 46920 46920 32184 23892 23892 23892 23892 23892 23892 23892 23892 23892 23892 23892 23892 23892 23892 23892 23892 23892 16196 33864 33864 33864 33864 33864 33864 33864 33864 19328 32932 32932 32932 32932 32932 32932 32932 32932 19816 40586 40586 40586 40586 40586 40586 40586 36554 21416 
45840 45840 45840 45840 45840 45840 45840 45840 31806 23568 23568 23568 23568 23568 23568 23568 23568 23568 23568 23568 23568 23568 23568 23568 23568 23568 16196 32784 32784 32784 32784 32784 32784 32784 32784 18950 31852 31852 31852 31852 31852 31852 31852 31852 19438 39128 39128 39128 39128 39128 39128 39128 35420 21038 
12120 12120 12120 12120 12120 12120 12120 12120 4242 8436 8436 8436 8436 8436 8436 8436 8436 8436 8436 8436 8436 8436 8436 8436 8436 8436 4800 41992 41992 41992 41992 41992 41992 41992 41992 28314 34716 34716 34716 34716 34716 34716 34716 34716 22458 36140 36140 36140 36140 36140 36140 36140 32504 18290 
40224 40224 40224 40224 40224 40224 40224 40224 25878 17808 17808 17808 17808 17808 17808 17808 17808 17808 17808 17808 17808 17808 17808 17808 17808 17808 10292 34024 34024 34024 34024 34024 34024 34024 34024 19878 13440 13440 13440 13440 13440 13440 13440 13440 5094 33864 33864 33864 33864 33864 33864 33864 30012 15294 
11880 11880 11880 11880 11880 11880 11880 11880 4158 8364 8364 8364 8364 8364 8364 8364 8364 8364 8364 8364 8364 8364 8364 8364 8364 8364 4800 41752 41752 41752 41752 41752 41752 41752 41752 28230 34476 34476 34476 34476 34476 34476 34476 34476 22374 35816 35816 35816 35816 35816 35816 35816 32252 18206 
36288 36288 36288 36288 36288 36288 36288 36288 22566 14432 14432 14432 14432 14432 14432 14432 14432 14432 14432 14432 14432 14432 14432 14432 14432 14432 7204 35368 35368 35368 35368 35368 35368 35368 35368 21846 28228 28228 28228 28228 28228 28228 28228 28228 16126 16038 16038 16038 16038 16038 16038 16038 12474 4158 
19600 19600 19600 19600 19600 19600 19600 19600 10708 10436 10436 10436 10436 10436 10436 10436 10436 10436 10436 10436 10436 10436 10436 10436 10436 10436 2668 42592 42592 42592 42592 42592 42592 42592 42592 27900 35196 35196 35196 35196 35196 35196 35196 35196 21924 37262 37262 37262 37262 37262 37262 37262 33158 17852 
18600 18600 18600 18600 18600 18600 18600 18600 9630 4140 4140 4140 4140 4140 4140 4140 4140 4140 4140 4140 4140 4140 4140 4140 4140 4140 0 43456 43456 43456 43456 43456 43456 43456 43456 28686 36372 36372 36372 36372 36372 36372 36372 36372 23022 38288 38288 38288 38288 38288 38288 38288 34148 18758 
42352 42352 42352 42352 42352 42352 42352 42352 28630 20400 20400 20400 20400 20400 20400 20400 20400 20400 20400 20400 20400 20400 20400 20400 20400 20400 13172 11880 11880 11880 11880 11880 11880 11880 11880 4158 28692 28692 28692 28692 28692 28692 28692 28692 16590 35496 35496 35496 35496 35496 35496 35496 31932 17886 
35560 35560 35560 35560 35560 35560 35560 35560 21838 13776 13776 13776 13776 13776 13776 13776 13776 13776 13776 13776 13776 13776 13776 13776 13776 13776 6548 36168 36168 36168 36168 36168 36168 36168 36168 22646 28820 28820 28820 28820 28820 28820 28820 28820 16718 20278 20278 20278 20278 20278 20278 20278 16714 8398 
37240 37240 37240 37240 37240 37240 37240 37240 22426 14280 14280 14280 14280 14280 14280 14280 14280 14280 14280 14280 14280 14280 14280 14280 14280 14280 6548 37848 37848 37848 37848 37848 37848 37848 37848 23234 30500 30500 30500 30500 30500 30500 30500 30500 17306 22546 22546 22546 22546 22546 22546 22546 18478 8986 
36992 36992 36992 36992 36992 36992 36992 36992 22256 13916 13916 13916 13916 13916 13916 13916 13916 13916 13916 13916 13916 13916 13916 13916 13916 13916 6220 37792 37792 37792 37792 37792 37792 37792 37792 23256 30932 30932 30932 30932 30932 30932 30932 30932 17816 24064 24064 24064 24064 24064 24064 24064 20032 10624 
41016 41016 41016 41016 41016 41016 41016 41016 26202 18080 18080 18080 18080 18080 18080 18080 18080 18080 18080 18080 18080 18080 18080 18080 18080 18080 10348 34632 34632 34632 34632 34632 34632 34632 34632 20018 13560 13560 13560 13560 13560 13560 13560 13560 4746 34884 34884 34884 34884 34884 34884 34884 30816 15594 
]

ExternalWorkerWithSkillOnStintCost: [
42696 34128 38016 41760 37296 37584 42768 29952 20880 13650 14820 16290 17220 13260 17880 15390 13410 17670 16440 14250 14460 17190 14490 13980 16800 14460 3270 31176 33624 30456 42480 32760 31176 31176 35496 19440 29952 30312 36144 33480 40896 28944 41040 38736 23760 33684 40320 49980 44856 45360 45024 42000 37884 23808 
35496 38304 41760 37800 36432 39024 31752 28800 24288 15660 17130 15540 16440 14190 15810 14820 16590 17670 15960 15930 15060 12930 13980 16860 14940 13530 3186 29520 38088 39960 34128 34056 42624 36792 39024 22512 40104 34848 39384 37152 30312 42912 34344 31464 21744 46956 43092 35112 44940 44688 36708 43008 43596 19728 
38664 37440 34200 35496 39024 30528 29376 34632 26928 16230 12840 17430 13410 16140 12360 14160 12720 17730 12600 12030 14010 16800 12300 14910 12720 14520 2760 41544 34200 32112 29520 30384 41400 38232 29088 23040 39600 36576 34848 29304 42408 36792 39888 40680 19824 45696 35700 47628 42336 44940 49896 43428 44940 21264 
35496 40464 33120 42552 38232 29376 41472 33552 23232 17310 15090 16410 14040 14160 12180 12180 17610 16350 16890 15690 16890 12600 12630 16350 13680 14400 3222 40392 37944 32472 33192 29232 37152 32328 34848 20688 38520 41328 42912 40752 40896 29880 29664 30384 25392 45864 35532 36960 48048 47712 50232 49896 46704 24960 
]

OverlappingStints: [
[ 2 10 11 12 28 29 37 38 46 47 ]
[ 3 12 13 14 28 29 30 37 38 39 46 47 48 ]
[ 4 14 15 16 29 30 31 38 39 40 47 48 49 ]
[ 5 16 17 18 30 31 32 39 40 41 48 49 50 ]
[ 6 18 19 20 31 32 33 40 41 42 49 50 51 ]
[ 7 20 21 22 32 33 34 41 42 43 50 51 52 ]
[ 8 22 23 24 33 34 35 42 43 44 51 52 53 ]
[ 9 24 25 26 34 35 36 43 44 45 52 53 54 ]
[ 26 27 35 36 44 45 53 54 ]
[ 28 37 46 ]
[ 28 37 46 ]
[ 28 29 37 38 46 47 ]
[ 29 38 46 47 ]
[ 29 30 38 39 47 48 ]
[ 30 39 47 48 ]
[ 30 31 39 40 48 49 ]
[ 31 40 48 49 ]
[ 31 32 40 41 49 50 ]
[ 32 41 49 50 ]
[ 32 33 41 42 50 51 ]
[ 33 42 50 51 ]
[ 33 34 42 43 51 52 ]
[ 34 43 51 52 ]
[ 34 35 43 44 52 53 ]
[ 35 44 52 53 ]
[ 35 36 44 45 53 54 ]
[ 36 45 53 54 ]
[ 29 37 38 46 47 ]
[ 30 37 38 39 46 47 48 ]
[ 31 38 39 40 47 48 49 ]
[ 32 39 40 41 48 49 50 ]
[ 33 40 41 42 49 50 51 ]
[ 34 41 42 43 50 51 52 ]
[ 35 42 43 44 51 52 53 ]
[ 36 43 44 45 52 53 54 ]
[ 44 45 53 54 ]
[ 38 46 47 ]
[ 39 46 47 48 ]
[ 40 47 48 49 ]
[ 41 48 49 50 ]
[ 42 49 50 51 ]
[ 43 50 51 52 ]
[ 44 51 52 53 ]
[ 45 52 53 54 ]
[ 53 54 ]
[ 47 ]
[ 48 ]
[ 49 ]
[ 50 ]
[ 51 ]
[ 52 ]
[ 53 ]
[ 54 ]
[ ]
]

EmployeesWithSkill: [
[ 1 2 3 4 5 6 7 8 9 10 11 12 13 14 15 16 17 18 19 20 21 22 23 24 25 26 27 28 29 30 31 32 33 34 35 36 37 38 39 40 41 42 43 44 45 46 47 48 49 50 51 52 53 54 55 56 57 58 59 60 61 62 63 64 65 66 67 68 69 70 71 72 73 74 75 76 77 78 79 80 81 82 83 84 85 86 87 88 89 90 ]
[ 1 3 6 13 14 25 31 32 37 40 43 46 47 49 52 60 68 73 81 82 ]
[ 1 2 3 4 5 6 7 8 9 10 11 12 13 14 15 16 17 18 19 21 22 23 24 26 27 28 29 30 31 32 33 34 35 36 37 38 39 40 41 42 43 44 45 46 47 48 49 50 51 52 53 54 55 56 57 58 59 60 61 62 63 64 65 66 67 68 69 70 71 72 73 74 75 76 77 78 79 80 81 82 83 84 85 86 87 88 89 90 ]
[ 1 15 25 31 32 72 ]
]

SkillDemandInActivityWithMode: [
0	0	0	
13	21	9	
13	21	9	
17	27	12	
11	18	8	
13	21	9	
17	27	12	
9	15	6	
17	27	12	
9	15	6	
12	19	8	
15	24	10	
9	15	6	
13	21	9	
8	13	6	
13	21	9	
17	27	12	
17	27	12	
4	7	3	
0	0	0	
69	105	46	
17	27	12	
35	54	24	
69	105	46	
15	24	10	
55	84	37	
55	84	37	
35	54	24	
55	84	37	
55	84	37	
55	84	37	
14	22	10	
19	30	13	
55	84	37	
68	103	46	
46	70	31	
55	84	37	
0	0	0	
3	6	2	
2	4	2	
1	3	1	
3	6	2	
1	3	1	
2	4	2	
1	3	1	
3	6	2	
4	7	3	
2	4	2	
2	4	2	
3	6	2	
5	9	4	
2	4	2	
5	9	4	
6	10	4	
2	4	2	
6	10	4	
3	6	2	
6	10	4	
5	9	4	
2	4	2	
0	0	0	
18	28	12	
36	55	24	
12	19	8	
8	13	6	
30	46	20	
15	24	10	
5	9	4	
30	46	20	
6	10	4	
30	46	20	
22	34	15	
36	55	24	
5	9	4	
30	46	20	
12	19	8	
16	25	11	
30	46	20	
0	0	0	
8	13	6	
3	6	2	
9	15	6	
7	12	5	
3	6	2	
2	4	2	
7	12	5	
10	16	7	
7	12	5	
6	10	4	
8	13	6	
9	15	6	
9	15	6	
4	7	3	
4	7	3	
8	13	6	
9	15	6	
6	10	4	
4	7	3	
7	12	5	
7	12	5	
7	12	5	
2	4	2	
10	16	7	
5	9	4	
7	12	5	
4	7	3	
7	12	5	

0	0	0	
2	4	2	
2	4	2	
3	6	2	
2	4	2	
2	4	2	
3	6	2	
1	3	1	
3	6	2	
1	3	1	
2	4	2	
2	4	2	
1	3	1	
2	4	2	
1	3	1	
2	4	2	
3	6	2	
3	6	2	
0	1	0	
0	0	0	
6	10	4	
1	3	1	
3	6	2	
6	10	4	
1	3	1	
5	9	4	
5	9	4	
3	6	2	
5	9	4	
5	9	4	
5	9	4	
1	3	1	
1	3	1	
5	9	4	
6	10	4	
4	7	3	
5	9	4	
0	0	0	
0	1	0	
0	1	0	
0	1	0	
0	1	0	
0	1	0	
0	1	0	
0	1	0	
0	1	0	
0	1	0	
0	1	0	
0	1	0	
0	1	0	
0	1	0	
0	1	0	
0	1	0	
1	3	1	
0	1	0	
1	3	1	
0	1	0	
1	3	1	
0	1	0	
0	1	0	
0	0	0	
3	6	2	
7	12	5	
2	4	2	
1	3	1	
6	10	4	
3	6	2	
0	1	0	
6	10	4	
1	3	1	
6	10	4	
4	7	3	
7	12	5	
1	3	1	
6	10	4	
2	4	2	
3	6	2	
6	10	4	
0	0	0	
4	7	3	
1	3	1	
4	7	3	
3	6	2	
1	3	1	
0	1	0	
3	6	2	
4	7	3	
3	6	2	
2	4	2	
3	6	2	
4	7	3	
4	7	3	
2	4	2	
1	3	1	
3	6	2	
4	7	3	
2	4	2	
1	3	1	
3	6	2	
3	6	2	
3	6	2	
0	1	0	
4	7	3	
2	4	2	
3	6	2	
1	3	1	
3	6	2	

0	0	0	
30	46	20	
30	46	20	
40	61	27	
24	37	16	
30	46	20	
40	61	27	
20	31	14	
40	61	27	
20	31	14	
26	40	18	
34	52	23	
20	31	14	
30	46	20	
18	28	12	
30	46	20	
40	61	27	
40	61	27	
9	15	6	
0	0	0	
52	79	35	
12	19	8	
26	40	18	
52	79	35	
11	18	8	
42	64	28	
42	64	28	
26	40	18	
41	63	28	
41	63	28	
41	63	28	
10	16	7	
13	21	9	
41	63	28	
52	79	35	
34	52	23	
41	63	28	
0	0	0	
8	13	6	
5	9	4	
2	4	2	
10	16	7	
2	4	2	
6	10	4	
3	6	2	
10	16	7	
14	22	10	
7	12	5	
6	10	4	
10	16	7	
16	25	11	
5	9	4	
16	25	11	
21	33	14	
3	6	2	
21	33	14	
8	13	6	
21	33	14	
16	25	11	
6	10	4	
0	0	0	
1	3	1	
3	6	2	
1	3	1	
0	1	0	
2	4	2	
1	3	1	
0	1	0	
2	4	2	
0	1	0	
2	4	2	
1	3	1	
3	6	2	
0	1	0	
2	4	2	
1	3	1	
1	3	1	
2	4	2	
0	0	0	
3	6	2	
1	3	1	
3	6	2	
2	4	2	
1	3	1	
0	1	0	
2	4	2	
4	7	3	
3	6	2	
2	4	2	
3	6	2	
3	6	2	
3	6	2	
1	3	1	
1	3	1	
3	6	2	
3	6	2	
2	4	2	
1	3	1	
2	4	2	
3	6	2	
2	4	2	
0	1	0	
4	7	3	
2	4	2	
2	4	2	
1	3	1	
2	4	2	

0	0	0	
1	3	1	
1	3	1	
2	4	2	
1	3	1	
1	3	1	
2	4	2	
1	3	1	
2	4	2	
1	3	1	
1	3	1	
2	4	2	
1	3	1	
1	3	1	
1	3	1	
1	3	1	
2	4	2	
2	4	2	
0	1	0	
0	0	0	
1	3	1	
0	1	0	
0	1	0	
0	1	0	
0	1	0	
0	1	0	
0	1	0	
0	1	0	
0	1	0	
0	1	0	
0	1	0	
0	1	0	
0	1	0	
0	1	0	
0	1	0	
0	1	0	
0	1	0	
0	0	0	
0	1	0	
0	1	0	
0	1	0	
0	1	0	
0	1	0	
0	1	0	
0	1	0	
0	1	0	
0	1	0	
0	1	0	
0	1	0	
0	1	0	
0	1	0	
0	1	0	
0	1	0	
1	3	1	
0	1	0	
1	3	1	
0	1	0	
1	3	1	
0	1	0	
0	1	0	
0	0	0	
2	4	2	
4	7	3	
1	3	1	
0	1	0	
3	6	2	
1	3	1	
0	1	0	
3	6	2	
0	1	0	
3	6	2	
2	4	2	
3	6	2	
0	1	0	
3	6	2	
1	3	1	
1	3	1	
3	6	2	
0	0	0	
0	1	0	
0	1	0	
0	1	0	
0	1	0	
0	1	0	
0	1	0	
0	1	0	
0	1	0	
0	1	0	
0	1	0	
0	1	0	
0	1	0	
0	1	0	
0	1	0	
0	1	0	
0	1	0	
0	1	0	
0	1	0	
0	1	0	
0	1	0	
0	1	0	
0	1	0	
0	1	0	
0	1	0	
0	1	0	
0	1	0	
0	1	0	
0	1	0	

]

EmployeeAvailability: [
0 1 1 1 0 1 1 1 1 1 1 1 1 1 1 1 1 1 1 1 1 1 1 1 1 1 1 0 1 1 1 0 1 1 1 1 0 1 1 1 0 1 1 1 1 0 1 1 1 0 1 1 1 1 
0 0 1 1 1 1 1 1 1 0 1 0 0 1 1 1 1 1 1 1 1 1 1 1 1 1 1 0 0 1 1 1 1 1 1 1 0 0 1 1 1 1 1 1 1 0 0 1 1 1 1 1 1 1 
1 1 1 1 1 1 1 1 1 1 1 1 1 1 1 1 1 1 1 1 1 1 1 1 1 1 1 1 1 1 1 1 1 1 1 1 1 1 1 1 1 1 1 1 1 1 1 1 1 1 1 1 1 1 
1 1 1 1 1 1 1 1 1 1 1 1 1 1 1 1 1 1 1 1 1 1 1 1 1 1 1 1 1 1 1 1 1 1 1 1 1 1 1 1 1 1 1 1 1 1 1 1 1 1 1 1 1 1 
1 1 1 1 1 0 1 1 0 1 1 1 1 1 1 1 1 1 1 0 1 1 1 1 1 0 1 1 1 1 1 1 0 1 1 0 1 1 1 1 1 0 1 1 0 1 1 1 1 1 0 1 1 0 
1 1 1 1 1 0 1 1 1 1 1 1 1 1 1 1 1 1 1 0 1 1 1 1 1 1 1 1 1 1 1 1 0 1 1 1 1 1 1 1 1 0 1 1 1 1 1 1 1 1 0 1 1 1 
1 1 1 1 0 0 1 1 0 1 1 1 1 1 1 1 1 0 1 0 1 1 1 1 1 1 1 1 1 1 1 0 0 1 1 0 1 1 1 1 0 0 1 1 0 1 1 1 1 0 0 1 1 0 
1 1 0 1 1 0 0 1 1 1 1 1 1 0 1 1 1 1 1 0 1 0 1 1 1 1 1 1 1 0 1 1 0 0 1 1 1 1 0 1 1 0 0 1 1 1 1 0 1 1 0 0 1 1 
1 1 1 0 1 0 0 1 1 1 1 1 1 1 1 1 0 1 1 1 0 0 1 1 1 1 1 1 1 1 0 1 0 0 1 1 1 1 1 0 1 0 0 1 1 1 1 1 0 1 0 0 1 1 
1 1 1 1 1 1 1 1 1 1 1 1 1 1 1 1 1 1 1 1 1 1 1 1 1 1 1 1 1 1 1 1 1 1 1 1 1 1 1 1 1 1 1 1 1 1 1 1 1 1 1 1 1 1 
1 1 1 1 1 1 1 1 1 1 1 1 1 1 1 1 1 1 1 1 1 1 1 1 1 1 1 1 1 1 1 1 1 1 1 1 1 1 1 1 1 1 1 1 1 1 1 1 1 1 1 1 1 1 
1 1 1 1 0 1 1 1 1 1 1 1 1 1 1 1 1 1 0 1 1 1 1 1 1 1 1 1 1 1 1 0 1 1 1 1 1 1 1 1 0 1 1 1 1 1 1 1 1 0 1 1 1 1 
0 1 1 1 1 1 1 1 1 1 0 1 1 1 1 1 1 1 1 1 1 1 1 1 1 1 1 0 1 1 1 1 1 1 1 1 0 1 1 1 1 1 1 1 1 0 1 1 1 1 1 1 1 1 
1 1 1 1 1 1 0 0 1 1 1 1 1 1 1 1 1 1 1 1 1 1 0 1 1 1 1 1 1 1 1 1 1 0 0 1 1 1 1 1 1 1 0 0 1 1 1 1 1 1 1 0 0 1 
1 1 1 1 1 1 1 1 1 1 1 1 1 1 1 1 1 1 1 1 1 1 1 1 1 1 1 1 1 1 1 1 1 1 1 1 1 1 1 1 1 1 1 1 1 1 1 1 1 1 1 1 1 1 
1 1 1 1 1 1 1 1 1 1 1 1 1 1 1 1 1 1 1 1 1 1 1 1 1 1 1 1 1 1 1 1 1 1 1 1 1 1 1 1 1 1 1 1 1 1 1 1 1 1 1 1 1 1 
1 1 1 1 1 1 1 1 1 1 1 1 1 1 1 1 1 1 1 1 1 1 1 1 1 1 1 1 1 1 1 1 1 1 1 1 1 1 1 1 1 1 1 1 1 1 1 1 1 1 1 1 1 1 
1 0 0 1 1 1 1 0 1 1 1 1 0 1 0 1 1 1 1 1 1 1 1 0 1 1 1 1 0 0 1 1 1 1 0 1 1 0 0 1 1 1 1 0 1 1 0 0 1 1 1 1 0 1 
1 1 1 1 1 1 1 1 0 1 1 1 1 1 1 1 1 1 1 1 1 1 1 1 1 0 1 1 1 1 1 1 1 1 1 0 1 1 1 1 1 1 1 1 0 1 1 1 1 1 0 1 1 0 
0 0 1 1 1 1 1 0 1 1 0 1 0 1 1 1 1 1 1 1 1 1 1 1 0 1 1 0 0 1 1 1 1 1 0 1 0 0 1 1 1 1 1 0 1 0 0 1 1 1 1 1 0 1 
1 1 1 1 1 1 1 1 1 1 1 1 1 1 1 1 1 1 1 1 1 1 1 1 1 1 1 1 1 1 1 1 1 1 1 1 1 1 1 1 1 1 1 1 1 1 1 1 1 1 1 1 1 1 
1 1 1 0 1 0 1 0 1 1 1 1 1 1 1 1 0 1 1 1 0 1 1 1 1 1 1 1 1 1 0 1 0 1 0 1 1 1 1 0 1 0 1 0 1 1 1 1 0 1 0 1 0 1 
1 1 1 1 1 1 1 1 1 1 1 1 1 1 1 1 1 1 1 1 1 1 1 1 1 1 1 1 1 1 1 1 1 1 1 1 1 1 1 1 1 1 1 1 1 1 1 1 1 1 1 1 1 1 
1 1 1 0 1 1 1 1 1 1 1 1 1 1 1 1 0 1 1 1 1 1 1 1 1 1 1 1 1 1 0 1 1 1 1 1 1 1 1 0 1 1 1 1 1 1 1 1 0 1 1 1 1 1 
1 1 1 1 0 1 0 1 1 1 1 1 1 1 1 1 1 1 0 1 1 1 0 1 1 1 1 1 1 1 1 0 1 0 1 1 1 1 1 1 0 1 0 1 1 1 1 1 1 0 1 0 1 1 
1 1 1 1 0 1 1 1 1 1 1 1 1 1 1 1 1 1 1 1 1 1 1 1 1 1 1 1 1 1 1 0 1 1 1 1 1 1 1 1 0 1 1 1 1 1 1 1 1 0 1 1 1 1 
1 1 1 1 1 1 1 1 1 1 1 1 1 1 1 1 1 1 1 1 1 1 1 1 1 1 1 1 1 1 1 1 1 1 1 1 1 1 1 1 1 1 1 1 1 1 1 1 1 1 1 1 1 1 
1 1 1 1 1 1 1 1 1 1 1 1 1 1 1 1 1 1 1 1 1 1 1 1 1 1 1 1 1 1 1 1 1 1 1 1 1 1 1 1 1 1 1 1 1 1 1 1 1 1 1 1 1 1 
1 1 1 1 1 1 0 1 1 1 1 1 1 1 1 1 1 1 1 1 1 1 0 1 1 1 1 1 1 1 1 1 1 0 1 1 1 1 1 1 1 1 0 1 1 1 1 1 1 1 1 0 1 1 
1 0 0 1 1 1 1 0 1 1 1 1 0 1 0 1 1 1 1 1 1 1 1 1 0 1 1 1 0 0 1 1 1 1 0 1 1 0 0 1 1 1 1 0 1 1 0 0 1 1 1 1 0 1 
1 1 0 1 1 1 1 0 1 1 1 1 1 0 0 1 1 1 1 1 1 1 1 0 1 1 1 1 1 0 1 1 1 1 0 1 1 1 0 1 1 1 1 0 1 1 1 0 1 1 1 1 0 1 
1 1 0 1 1 1 1 1 1 1 1 1 1 1 0 1 1 1 1 1 1 1 1 1 1 1 1 1 1 0 1 1 1 1 1 1 1 1 0 1 1 1 1 1 1 0 1 0 1 0 1 1 1 1 
1 1 1 1 1 1 1 1 1 1 1 1 1 1 1 1 1 1 1 1 1 1 1 1 1 1 1 1 1 1 1 1 1 1 1 1 1 1 1 1 1 1 1 1 1 1 1 1 1 1 1 1 1 1 
0 0 1 1 1 1 1 1 1 0 1 0 1 1 1 1 1 1 1 1 1 1 1 1 1 1 1 0 0 1 1 1 1 1 1 1 0 0 1 1 1 1 1 1 1 0 0 1 1 1 1 1 1 1 
1 1 1 1 1 1 1 1 1 1 1 1 1 1 1 1 1 1 1 1 1 1 1 1 1 1 1 1 1 1 1 1 1 1 1 1 1 1 1 1 1 1 1 1 1 1 1 1 1 1 1 1 1 1 
0 1 1 1 1 1 1 1 1 0 1 1 1 1 1 1 1 1 1 1 1 1 1 1 1 1 1 0 1 1 1 1 1 1 1 1 0 1 1 1 1 1 1 1 1 0 1 1 1 1 1 1 0 1 
1 1 0 1 1 1 1 1 1 1 1 1 1 1 0 1 1 1 1 1 1 1 1 1 1 1 1 1 1 0 1 1 1 1 1 1 1 1 0 1 1 1 1 1 1 1 1 0 1 1 1 1 1 1 
1 1 1 1 0 1 0 1 1 1 1 1 1 1 1 1 1 1 1 1 1 1 0 1 1 1 1 1 1 1 1 0 1 0 1 1 1 1 1 1 0 1 0 1 1 1 1 1 1 0 1 0 1 1 
1 1 0 0 1 1 1 1 1 1 1 1 1 0 1 0 1 1 1 1 1 1 1 1 1 1 1 1 1 0 0 1 1 1 1 1 1 1 0 0 1 1 1 1 1 1 1 0 0 1 1 1 1 1 
1 1 1 1 1 1 1 1 1 1 1 1 1 1 1 1 1 1 1 1 1 1 1 1 1 1 1 1 1 1 1 1 1 1 1 1 1 1 1 1 1 1 1 1 1 1 1 1 1 1 1 1 1 1 
1 1 1 1 0 1 1 1 1 1 1 1 1 1 1 1 1 1 1 1 1 1 1 1 1 1 1 1 1 1 1 0 1 1 1 1 1 1 1 1 0 1 1 1 1 0 1 1 1 0 1 1 1 1 
1 1 1 1 1 1 1 1 1 1 1 1 1 1 1 1 1 1 1 1 1 1 1 1 1 1 1 1 1 1 1 1 1 1 1 1 1 1 1 1 1 1 1 1 1 1 1 1 1 1 1 1 1 1 
0 1 1 1 1 1 1 1 1 1 0 1 1 1 1 1 1 1 1 1 1 1 1 1 1 1 1 0 1 1 1 1 1 1 1 1 0 1 1 1 1 1 1 1 1 0 1 1 1 1 1 1 1 1 
0 1 0 1 1 1 1 1 1 1 0 1 1 0 0 1 1 1 1 1 1 1 1 1 1 1 1 0 1 0 1 1 1 1 1 1 0 1 0 1 1 1 1 1 1 0 1 0 1 1 1 1 1 1 
1 1 1 1 1 1 1 1 1 1 1 1 1 1 1 1 1 1 1 1 1 1 1 1 1 1 1 1 1 1 1 1 1 1 1 1 1 1 1 1 1 1 1 1 1 1 1 1 1 1 1 1 1 1 
1 1 1 1 1 0 1 1 1 1 1 1 1 1 1 1 1 1 1 1 0 1 1 1 1 1 1 1 1 1 1 1 0 1 1 1 1 1 1 1 1 0 1 1 1 1 1 1 1 1 0 1 1 1 
1 1 1 1 1 1 1 1 1 1 1 1 1 1 1 1 1 1 1 1 1 1 1 1 1 1 1 1 1 1 1 1 1 1 1 1 1 1 1 1 1 1 1 1 1 1 1 1 1 1 1 1 1 1 
1 1 1 1 1 0 1 0 1 1 1 1 1 1 1 1 1 1 1 0 1 1 1 1 0 1 1 1 1 1 1 1 0 1 0 1 1 1 1 1 1 0 1 0 1 1 1 1 1 1 0 1 0 1 
1 1 1 1 0 1 1 1 1 1 1 1 1 1 1 1 1 1 1 1 1 1 1 1 1 1 1 1 1 1 1 0 1 1 1 1 1 1 1 1 0 1 1 1 1 0 1 1 1 0 1 1 1 1 
1 1 1 1 1 1 1 1 1 1 1 1 1 1 1 1 1 1 1 1 1 1 1 1 1 1 1 1 1 1 1 1 1 1 1 1 1 1 1 1 1 1 1 1 1 1 1 1 1 1 1 1 1 1 
1 1 0 1 1 0 1 1 1 1 1 1 1 0 1 1 1 1 1 1 0 1 1 1 1 1 1 1 1 0 1 1 0 1 1 1 1 1 0 1 1 0 1 1 1 1 1 0 1 1 0 1 1 1 
1 1 1 1 1 1 1 1 1 1 1 1 1 1 1 1 1 1 1 1 1 1 1 1 1 1 1 1 1 1 1 1 1 1 1 1 1 1 1 1 1 1 1 1 1 1 1 1 1 1 1 1 1 1 
0 0 1 1 1 1 1 0 1 0 1 1 1 1 1 1 1 1 1 1 1 1 1 1 1 1 1 0 0 1 1 1 1 1 0 1 0 0 1 1 1 1 1 0 1 0 0 1 1 1 1 1 0 1 
1 1 1 1 1 1 1 1 1 1 1 1 1 1 1 1 1 1 1 1 1 1 1 1 1 1 1 1 1 1 1 1 1 1 1 1 1 1 1 1 1 1 1 1 1 1 1 1 1 1 1 1 1 1 
0 1 0 1 1 1 1 1 1 1 0 1 1 0 1 1 1 1 1 1 1 1 1 1 1 1 1 0 1 0 1 1 1 1 1 1 0 1 0 1 1 1 1 1 1 0 1 0 0 1 1 1 1 1 
1 1 0 1 1 1 1 1 1 1 1 1 1 1 1 1 1 1 1 1 1 1 1 1 1 1 1 1 1 0 1 1 1 1 1 1 1 1 0 1 1 1 1 1 1 1 1 0 1 1 1 1 1 1 
1 1 1 1 1 0 1 0 0 1 1 1 1 1 1 1 1 1 1 0 1 1 1 1 0 1 0 1 1 1 1 1 0 1 0 0 1 1 1 1 1 0 1 0 0 1 1 1 1 1 0 1 0 0 
1 0 1 1 1 1 1 0 1 1 1 1 0 1 1 1 1 1 1 1 1 1 1 0 1 1 1 1 0 1 1 1 1 1 0 1 1 0 1 1 1 1 1 0 1 1 0 1 1 1 1 1 0 1 
1 1 0 1 1 1 0 0 1 1 1 1 1 0 1 1 1 1 1 1 1 1 0 0 1 1 1 1 1 0 1 1 1 0 0 1 1 1 0 1 1 1 0 0 1 1 1 0 1 1 1 0 0 1 
1 1 1 1 1 1 1 1 1 1 1 1 1 1 1 1 1 1 1 1 1 1 1 1 1 1 1 1 1 1 1 1 1 1 1 1 1 1 1 1 1 1 1 1 1 1 1 1 1 1 1 1 1 1 
1 1 1 1 1 0 1 1 1 1 1 1 1 1 1 1 1 1 1 0 1 1 1 1 1 1 1 1 1 1 1 1 0 1 1 1 1 1 1 1 1 0 1 1 1 1 1 1 1 1 0 1 1 1 
1 0 1 1 1 1 1 1 1 1 1 0 1 1 1 1 1 1 1 1 1 1 1 1 1 1 1 1 0 1 1 1 1 1 1 1 1 0 1 1 1 1 1 1 1 1 0 1 1 1 1 1 1 1 
1 1 1 1 1 1 1 1 0 1 1 1 1 1 1 1 1 1 1 1 1 1 1 1 1 1 0 1 1 1 1 1 1 1 1 0 1 1 1 1 1 1 1 1 0 1 1 1 1 1 1 1 1 0 
1 0 1 1 1 1 1 1 1 1 1 1 1 1 1 1 1 1 1 1 1 1 1 1 1 1 1 1 0 1 1 1 1 1 1 1 1 0 1 1 1 1 1 1 1 1 0 1 1 0 1 1 1 1 
0 1 1 1 1 1 1 1 1 1 0 1 1 1 1 1 1 1 1 1 1 1 1 1 1 1 1 0 1 1 1 1 1 1 1 1 0 1 1 1 1 1 1 1 1 0 1 1 1 1 1 1 0 1 
1 0 1 1 0 1 1 1 1 1 1 1 1 1 1 1 1 0 1 1 1 1 1 1 1 1 1 1 0 1 1 0 1 1 1 1 1 0 1 1 0 1 1 1 1 1 0 1 1 0 1 1 1 1 
1 1 1 1 1 0 0 1 1 1 1 1 1 1 1 1 1 1 1 0 1 1 0 1 1 1 1 1 1 1 1 1 0 0 1 1 1 1 1 1 1 0 0 1 1 1 1 1 1 1 0 0 1 1 
1 0 1 1 1 1 1 0 1 1 1 1 0 1 1 1 1 1 1 1 1 1 1 1 0 1 1 1 0 1 1 1 1 1 0 1 1 0 1 1 1 1 1 0 1 1 0 1 1 1 1 1 0 1 
1 0 1 1 1 1 1 1 1 1 1 1 0 1 1 1 1 1 1 1 1 1 1 1 1 1 1 1 0 1 1 1 1 1 1 1 1 0 1 1 1 1 1 1 1 1 0 1 1 1 1 1 1 1 
1 1 1 1 1 1 0 1 1 1 1 1 1 1 1 1 1 1 1 1 1 1 0 1 1 1 1 1 1 1 1 1 1 0 1 1 1 1 1 1 1 1 0 1 1 1 1 0 1 1 1 0 1 1 
1 1 1 1 0 1 1 1 1 1 1 1 1 1 1 1 1 1 0 1 1 1 1 1 1 1 1 1 1 1 1 0 1 1 1 1 1 1 1 1 0 1 1 1 1 1 1 1 1 0 1 1 1 1 
1 1 1 0 0 1 1 1 1 1 1 1 1 1 1 1 0 0 1 1 1 1 1 1 1 1 1 1 1 1 0 0 1 1 1 1 1 1 1 0 0 1 1 1 1 1 1 1 0 0 1 1 1 1 
0 1 1 1 1 1 0 0 1 1 0 1 1 1 1 1 1 1 1 1 1 1 1 0 1 1 1 0 1 1 1 1 1 0 0 1 0 1 1 1 1 1 0 0 1 0 1 1 1 1 1 0 0 1 
1 1 1 1 1 1 1 1 1 1 1 1 1 1 1 1 1 1 1 1 1 1 1 1 1 1 1 1 1 1 1 1 1 1 1 1 1 1 1 1 1 1 1 1 1 1 1 1 1 1 1 1 1 1 
1 1 1 1 1 1 1 1 1 1 1 1 1 1 1 1 1 1 1 1 1 1 1 1 1 1 1 1 1 1 1 1 1 1 1 1 1 1 1 1 1 1 1 1 1 1 1 1 1 1 1 1 1 1 
1 1 1 1 1 1 1 0 1 1 1 1 1 1 1 1 1 1 1 1 1 1 1 1 0 1 1 1 1 1 1 1 1 1 0 1 1 1 1 1 1 1 1 0 1 1 1 1 1 1 1 1 0 1 
1 0 1 1 1 1 1 1 1 1 1 0 1 1 1 1 1 1 1 1 1 1 1 1 1 1 1 1 0 1 1 1 1 1 1 1 1 0 1 1 1 1 1 1 1 1 0 1 1 1 1 1 1 1 
0 1 1 1 1 1 1 1 1 0 1 1 1 1 1 1 1 1 1 1 1 1 1 1 1 1 1 0 1 1 1 1 1 1 1 1 0 1 1 1 1 1 1 1 1 0 1 1 1 1 1 1 1 1 
0 1 1 1 0 1 1 1 0 1 0 1 1 1 1 1 1 0 1 1 1 1 1 1 1 1 1 0 1 1 1 0 1 1 1 0 0 1 1 1 0 1 1 1 0 0 1 1 1 0 1 1 1 0 
0 1 1 0 0 1 1 1 1 0 1 1 1 1 1 0 1 0 1 1 1 1 1 1 1 1 1 0 1 1 0 0 1 1 1 1 0 1 1 0 0 1 1 1 1 0 1 1 0 0 1 1 1 1 
1 1 1 1 1 1 1 1 1 1 1 1 1 1 1 1 1 1 1 1 1 1 1 1 1 1 1 1 1 1 1 1 1 1 1 1 1 1 1 1 1 1 1 1 1 1 1 1 1 1 1 1 1 1 
1 1 1 1 1 1 1 1 1 1 1 1 1 1 1 1 1 1 1 1 1 1 1 1 1 1 1 1 1 1 1 1 1 1 1 1 1 1 1 1 1 1 1 1 1 1 1 1 1 1 1 1 1 1 
1 1 1 1 1 1 1 1 0 1 1 1 1 1 1 1 1 1 1 1 1 1 1 1 1 0 1 1 1 1 1 1 1 1 1 0 1 1 1 1 1 1 1 1 0 1 1 1 1 1 1 1 1 0 
0 1 1 1 1 0 1 1 1 1 0 1 1 1 1 1 1 1 1 0 1 1 1 1 1 1 1 0 1 1 1 1 0 1 1 1 0 1 1 1 1 0 1 1 1 0 1 0 1 1 0 1 1 1 
1 0 1 1 1 1 0 0 1 1 1 1 0 1 1 1 1 1 1 1 1 1 1 0 1 1 1 1 0 1 1 1 1 0 0 1 1 0 1 1 1 1 0 0 1 1 0 1 1 1 1 0 0 1 
1 1 1 1 0 1 1 1 1 1 1 1 1 1 1 1 1 0 1 1 1 1 1 1 1 1 1 1 1 1 1 0 1 1 1 1 1 1 1 1 0 1 1 1 1 1 1 1 1 0 1 1 1 1 
1 1 1 1 1 0 1 1 1 1 1 1 1 1 1 1 1 1 1 0 1 1 1 1 1 1 1 1 1 1 1 1 0 1 1 1 1 1 1 1 1 0 1 1 1 1 1 1 1 1 0 1 1 1 
1 1 1 1 1 1 1 1 1 1 1 1 1 1 1 1 1 1 1 1 1 1 1 1 1 1 1 1 1 1 1 1 1 1 1 1 1 1 1 1 1 1 1 1 1 1 1 1 1 1 1 1 1 1 
1 0 1 1 1 1 1 1 1 1 1 0 1 1 1 1 1 1 1 1 1 1 1 1 1 1 1 1 0 1 1 1 1 1 1 1 1 0 1 1 1 1 1 1 1 1 0 1 1 1 1 1 1 1 
1 1 1 1 1 0 0 1 1 1 1 1 1 1 1 1 1 1 1 1 0 1 0 1 1 1 1 1 1 1 1 1 0 0 1 1 1 1 1 1 1 0 0 1 1 1 1 1 1 1 0 0 1 1 
]

EmployeeWantedInStint: [ (3 2) 1 (3 31) 1 (3 35) 1 (4 16) 1 (4 52) 1 (5 19) 1 (5 23) 1 (9 25) 1 (11 13) 1 (11 53) 1 (12 9) 1 (13 28) 1 (13 54) 1 (15 32) 1 (15 45) 1 (16 38) 1 (19 10) 1 (20 10) 1 (22 9) 1 (24 3) 1 (25 26) 1 (25 48) 1 (27 33) 1 (28 7) 1 (29 33) 1 (29 44) 1 (30 11) 1 (30 48) 1 (32 29) 1 (34 19) 1 (34 25) 1 (35 37) 1 (37 9) 1 (37 52) 1 (38 3) 1 (38 22) 1 (41 23) 1 (42 23) 1 (43 12) 1 (45 17) 1 (46 25) 1 (46 43) 1 (48 17) 1 (48 45) 1 (50 26) 1 (50 30) 1 (52 6) 1 (53 27) 1 (54 42) 1 (55 34) 1 (56 28) 1 (56 35) 1 (56 44) 1 (58 37) 1 (58 49) 1 (60 10) 1 (60 31) 1 (60 37) 1 (62 37) 1 (63 16) 1 (63 40) 1 (63 47) 1 (64 18) 1 (64 44) 1 (65 32) 1 (67 49) 1 (68 26) 1 (68 37) 1 (68 47) 1 (69 40) 1 (70 42) 1 (71 53) 1 (74 5) 1 (74 24) 1 (74 32) 1 (75 3) 1 (75 6) 1 (75 27) 1 (75 42) 1 (76 11) 1 (76 36) 1 (78 28) 1 (79 44) 1 (81 27) 1 (81 30) 1 (84 12) 1 (84 48) 1 (85 12) 1 (86 22) 1 (86 33) 1 (86 51) 1 (86 52) 1 (87 13) 1 (88 17) 1 (89 23) 1 (89 54) 1 (90 27) 1 ]

EmployeeWantedViolationCost: [ (3 2) 11000 (3 31) 6000 (3 35) 10000 (4 16) 13000 (4 52) 13000 (5 19) 10000 (5 23) 14000 (9 25) 9000 (11 13) 14000 (11 53) 14000 (12 9) 7000 (13 28) 11000 (13 54) 8000 (15 32) 12000 (15 45) 9000 (16 38) 15000 (19 10) 5000 (20 10) 12000 (22 9) 14000 (24 3) 14000 (25 26) 8000 (25 48) 9000 (27 33) 14000 (28 7) 8000 (29 33) 7000 (29 44) 15000 (30 11) 12000 (30 48) 7000 (32 29) 12000 (34 19) 14000 (34 25) 13000 (35 37) 12000 (37 9) 13000 (37 52) 15000 (38 3) 8000 (38 22) 8000 (41 23) 9000 (42 23) 11000 (43 12) 11000 (45 17) 10000 (46 25) 8000 (46 43) 15000 (48 17) 13000 (48 45) 7000 (50 26) 11000 (50 30) 9000 (52 6) 9000 (53 27) 14000 (54 42) 7000 (55 34) 11000 (56 28) 14000 (56 35) 15000 (56 44) 8000 (58 37) 15000 (58 49) 7000 (60 10) 14000 (60 31) 12000 (60 37) 12000 (62 37) 15000 (63 16) 7000 (63 40) 15000 (63 47) 12000 (64 18) 7000 (64 44) 10000 (65 32) 15000 (67 49) 8000 (68 26) 15000 (68 37) 7000 (68 47) 10000 (69 40) 15000 (70 42) 6000 (71 53) 11000 (74 5) 9000 (74 24) 8000 (74 32) 9000 (75 3) 11000 (75 6) 12000 (75 27) 15000 (75 42) 10000 (76 11) 7000 (76 36) 10000 (78 28) 9000 (79 44) 5000 (81 27) 12000 (81 30) 7000 (84 12) 14000 (84 48) 6000 (85 12) 11000 (86 22) 5000 (86 33) 7000 (86 51) 8000 (86 52) 11000 (87 13) 7000 (88 17) 8000 (89 23) 9000 (89 54) 11000 (90 27) 14000 ]

EmployeesThatShouldNotWorkTogetherWithEmployee: [
[ 2 3 10 32 62 68 ]
[ 40 43 44 84 ]
[ 4 49 61 67 ]
[ 38 55 56 62 66 73 ]
[ 28 40 48 52 ]
[ 25 34 60 68 ]
[ 22 44 57 66 ]
[ 15 24 30 46 ]
[ 17 38 70 ]
[ 25 37 51 66 83 ]
[ 23 55 74 ]
[ ]
[ 38 66 ]
[ 37 40 85 ]
[ 40 43 46 84 ]
[ 50 69 82 ]
[ 37 55 63 65 70 73 ]
[ 53 ]
[ 31 37 50 87 ]
[ ]
[ 49 62 63 71 79 ]
[ 29 33 41 44 ]
[ 34 74 ]
[ 28 48 54 71 82 ]
[ 29 36 45 49 58 77 ]
[ 33 56 ]
[ 32 54 58 68 69 ]
[ 63 ]
[ 61 67 ]
[ 50 53 55 61 77 78 ]
[ 66 ]
[ 42 58 65 88 ]
[ ]
[ 49 76 ]
[ 44 47 70 78 ]
[ 42 45 86 ]
[ 62 75 88 ]
[ ]
[ 66 74 76 77 90 ]
[ 46 49 70 85 ]
[ ]
[ 48 59 83 ]
[ ]
[ 50 81 ]
[ 74 90 ]
[ 80 83 87 ]
[ ]
[ 55 56 63 84 ]
[ 74 ]
[ 56 64 78 ]
[ 65 ]
[ 66 ]
[ 65 76 80 90 ]
[ 59 ]
[ 69 89 ]
[ ]
[ 61 68 69 ]
[ 62 86 ]
[ 90 ]
[ 71 75 82 ]
[ 79 ]
[ ]
[ 81 82 ]
[ ]
[ 68 76 82 ]
[ 77 ]
[ ]
[ 69 73 86 ]
[ ]
[ ]
[ 86 ]
[ 80 ]
[ 82 ]
[ 84 ]
[ ]
[ 79 ]
[ ]
[ ]
[ ]
[ 84 ]
[ 83 88 ]
[ 84 ]
[ ]
[ ]
[ ]
[ ]
[ ]
[ ]
[ ]
[ ]
]

ShouldNotWorkTogetherCost: [ (1 2) 396 (1 3) 99 (1 10) 99 (1 32) 99 (1 62) 297 (1 68) 99 (2 40) 297 (2 43) 99 (2 44) 99 (2 84) 99 (3 4) 297 (3 49) 99 (3 61) 396 (3 67) 396 (4 38) 297 (4 55) 297 (4 56) 99 (4 62) 396 (4 66) 297 (4 73) 198 (5 28) 396 (5 40) 297 (5 48) 99 (5 52) 99 (6 25) 198 (6 34) 396 (6 60) 198 (6 68) 396 (7 22) 396 (7 44) 396 (7 57) 99 (7 66) 396 (8 15) 396 (8 24) 198 (8 30) 99 (8 46) 198 (9 17) 198 (9 38) 198 (9 70) 198 (10 25) 396 (10 37) 297 (10 51) 99 (10 66) 99 (10 83) 198 (11 23) 297 (11 55) 297 (11 74) 99 (13 38) 396 (13 66) 198 (14 37) 198 (14 40) 297 (14 85) 198 (15 40) 99 (15 43) 396 (15 46) 396 (15 84) 198 (16 50) 396 (16 69) 396 (16 82) 297 (17 37) 198 (17 55) 198 (17 63) 99 (17 65) 396 (17 70) 396 (17 73) 396 (18 53) 297 (19 31) 99 (19 37) 198 (19 50) 297 (19 87) 99 (21 49) 297 (21 62) 198 (21 63) 99 (21 71) 198 (21 79) 297 (22 29) 99 (22 33) 198 (22 41) 99 (22 44) 297 (23 34) 99 (23 74) 396 (24 28) 396 (24 48) 297 (24 54) 99 (24 71) 297 (24 82) 297 (25 29) 396 (25 36) 198 (25 45) 297 (25 49) 99 (25 58) 297 (25 77) 297 (26 33) 396 (26 56) 396 (27 32) 396 (27 54) 198 (27 58) 396 (27 68) 99 (27 69) 396 (28 63) 99 (29 61) 396 (29 67) 396 (30 50) 198 (30 53) 198 (30 55) 99 (30 61) 396 (30 77) 198 (30 78) 396 (31 66) 396 (32 42) 297 (32 58) 396 (32 65) 396 (32 88) 297 (34 49) 99 (34 76) 198 (35 44) 99 (35 47) 99 (35 70) 396 (35 78) 99 (36 42) 198 (36 45) 396 (36 86) 396 (37 62) 99 (37 75) 99 (37 88) 396 (39 66) 396 (39 74) 297 (39 76) 198 (39 77) 297 (39 90) 396 (40 46) 297 (40 49) 99 (40 70) 198 (40 85) 297 (42 48) 198 (42 59) 396 (42 83) 99 (44 50) 198 (44 81) 198 (45 74) 396 (45 90) 198 (46 80) 198 (46 83) 297 (46 87) 297 (48 55) 198 (48 56) 99 (48 63) 198 (48 84) 99 (49 74) 99 (50 56) 297 (50 64) 396 (50 78) 99 (51 65) 198 (52 66) 99 (53 65) 198 (53 76) 99 (53 80) 99 (53 90) 297 (54 59) 99 (55 69) 198 (55 89) 297 (57 61) 99 (57 68) 297 (57 69) 396 (58 62) 198 (58 86) 297 (59 90) 198 (60 71) 99 (60 75) 198 (60 82) 396 (61 79) 396 (63 81) 396 (63 82) 99 (65 68) 198 (65 76) 396 (65 82) 198 (66 77) 198 (68 69) 297 (68 73) 198 (68 86) 198 (71 86) 396 (72 80) 396 (73 82) 396 (74 84) 396 (76 79) 297 (80 84) 297 (81 83) 99 (81 88) 198 (82 84) 198 ]

ImmediatePredecessorsToActivity: [
[ ]
[ 1 ]
[ 1 ]
[ 1 ]
[ 4 ]
[ 3 ]
[ 3 ]
[ 1 ]
[ 7 8 ]
[ 6 ]
[ 1 ]
[ 5 10 ]
[ 3 5 11 ]
[ 2 12 ]
[ 2 7 10 11 ]
[ 3 4 ]
[ 8 11 12 ]
[ 5 7 ]
[ 9 11 ]
[ ]
[ 20 ]
[ 20 ]
[ 22 ]
[ 23 ]
[ 20 ]
[ 23 25 ]
[ 21 ]
[ 22 25 ]
[ 25 27 ]
[ 21 28 ]
[ 28 ]
[ 20 ]
[ 22 25 27 ]
[ 27 ]
[ 21 22 29 ]
[ 27 ]
[ 22 24 29 ]
[ ]
[ 38 ]
[ 38 ]
[ 38 ]
[ 40 ]
[ 38 ]
[ 38 ]
[ 38 ]
[ 39 40 ]
[ 46 ]
[ 44 46 ]
[ 46 ]
[ 42 ]
[ 44 ]
[ 38 ]
[ 47 ]
[ 41 43 47 ]
[ 38 ]
[ 39 40 43 ]
[ 42 46 52 ]
[ 40 44 47 55 ]
[ 47 50 ]
[ 42 51 ]
[ ]
[ 61 ]
[ 62 ]
[ 63 ]
[ 62 ]
[ 64 ]
[ 61 ]
[ 61 ]
[ 62 67 ]
[ 61 ]
[ 64 ]
[ 61 ]
[ 69 ]
[ 61 ]
[ 72 73 ]
[ 73 ]
[ 72 ]
[ 64 65 69 75 ]
[ ]
[ 79 ]
[ 79 ]
[ 81 ]
[ 80 ]
[ 82 83 ]
[ 80 81 ]
[ 84 ]
[ 80 82 ]
[ 79 ]
[ 83 ]
[ 82 83 ]
[ 84 87 88 ]
[ 84 88 89 ]
[ 82 88 ]
[ 81 83 ]
[ 88 94 ]
[ 90 93 95 ]
[ 81 89 95 ]
[ 87 90 ]
[ 87 88 ]
[ 80 88 ]
[ 84 93 94 ]
[ 79 ]
[ 94 96 102 ]
[ 100 102 ]
[ 89 90 ]
[ 82 88 89 94 ]
[ 82 94 100 ]
]

ActivitiesInProject: [
[ 1 2 3 4 5 6 7 8 9 10 11 12 13 14 15 16 17 18 19 ]
[ 20 21 22 23 24 25 26 27 28 29 30 31 32 33 34 35 36 37 ]
[ 38 39 40 41 42 43 44 45 46 47 48 49 50 51 52 53 54 55 56 57 58 59 60 ]
[ 61 62 63 64 65 66 67 68 69 70 71 72 73 74 75 76 77 78 ]
[ 79 80 81 82 83 84 85 86 87 88 89 90 91 92 93 94 95 96 97 98 99 100 101 102 103 104 105 106 107 ]
]

nActivityModes: [ 3 3 3 3 3 3 3 3 3 3 3 3 3 3 3 3 3 3 3 3 3 3 3 3 3 3 3 3 3 3 3 3 3 3 3 3 3 3 3 3 3 3 3 3 3 3 3 3 3 3 3 3 3 3 3 3 3 3 3 3 3 3 3 3 3 3 3 3 3 3 3 3 3 3 3 3 3 3 3 3 3 3 3 3 3 3 3 3 3 3 3 3 3 3 3 3 3 3 3 3 3 3 3 3 3 3 3 ]

ActivityDurationWithMode: [
1	1	1	
8	6	11	
8	6	11	
6	4	8	
10	7	14	
8	6	11	
6	4	8	
12	8	16	
6	4	8	
12	8	16	
9	6	12	
7	5	10	
12	8	16	
8	6	11	
13	9	18	
8	6	11	
6	4	8	
6	4	8	
25	17	34	
1	1	1	
4	3	6	
17	12	23	
8	6	11	
4	3	6	
19	13	26	
5	4	7	
5	4	7	
8	6	11	
5	4	7	
5	4	7	
5	4	7	
20	14	27	
15	10	20	
5	4	7	
4	3	6	
6	4	8	
5	4	7	
1	1	1	
15	10	20	
22	15	30	
48	32	64	
12	8	16	
48	32	64	
21	14	28	
42	28	56	
12	8	16	
9	6	12	
18	12	24	
19	13	26	
12	8	16	
8	6	11	
24	16	32	
8	6	11	
6	4	8	
34	23	46	
6	4	8	
16	11	22	
6	4	8	
8	6	11	
20	14	27	
1	1	1	
10	7	14	
5	4	7	
15	10	20	
23	16	31	
6	4	8	
12	8	16	
42	28	56	
6	4	8	
32	22	43	
6	4	8	
8	6	11	
5	4	7	
36	24	48	
6	4	8	
15	10	20	
11	8	15	
6	4	8	
1	1	1	
10	7	14	
32	22	43	
9	6	12	
12	8	16	
28	19	38	
48	32	64	
12	8	16	
8	6	11	
11	8	15	
14	10	19	
10	7	14	
9	6	12	
9	6	12	
19	13	26	
20	14	27	
10	7	14	
9	6	12	
14	10	19	
21	14	28	
12	8	16	
11	8	15	
12	8	16	
64	43	86	
8	6	11	
15	10	20	
12	8	16	
22	15	30	
12	8	16	
]

StintsInProject: [
[ 1 2 3 4 5 6 7 8 9 ]
[ 10 11 12 13 14 15 16 17 18 19 20 21 22 23 24 25 26 27 ]
[ 28 29 30 31 32 33 34 35 36 ]
[ 37 38 39 40 41 42 43 44 45 ]
[ 46 47 48 49 50 51 52 53 54 ]
]

WorkingStintsOnDay: [
[ 1 10 28 37 46 ]
[ 1 10 28 37 46 ]
[ 1 10 28 37 46 ]
[ 1 10 28 37 46 ]
[ 1 10 28 37 46 ]
[ 1 28 37 46 ]
[ 1 28 37 46 ]
[ 1 11 28 37 46 ]
[ 1 11 28 37 46 ]
[ 1 11 28 37 46 ]
[ 1 11 28 37 46 ]
[ 1 11 28 37 46 ]
[ 46 ]
[ 46 ]
[ 2 12 29 38 47 ]
[ 2 12 29 38 47 ]
[ 2 12 29 38 47 ]
[ 2 12 29 38 47 ]
[ 2 12 29 38 47 ]
[ 2 29 38 47 ]
[ 2 29 38 47 ]
[ 2 13 29 38 47 ]
[ 2 13 29 38 47 ]
[ 2 13 29 38 47 ]
[ 2 13 29 38 47 ]
[ 2 13 29 38 47 ]
[ 47 ]
[ 47 ]
[ 3 14 30 39 48 ]
[ 3 14 30 39 48 ]
[ 3 14 30 39 48 ]
[ 3 14 30 39 48 ]
[ 3 14 30 39 48 ]
[ 3 30 39 48 ]
[ 3 30 39 48 ]
[ 3 15 30 39 48 ]
[ 3 15 30 39 48 ]
[ 3 15 30 39 48 ]
[ 3 15 30 39 48 ]
[ 3 15 30 39 48 ]
[ 48 ]
[ 48 ]
[ 4 16 31 40 49 ]
[ 4 16 31 40 49 ]
[ 4 16 31 40 49 ]
[ 4 16 31 40 49 ]
[ 4 16 31 40 49 ]
[ 4 31 40 49 ]
[ 4 31 40 49 ]
[ 4 17 31 40 49 ]
[ 4 17 31 40 49 ]
[ 4 17 31 40 49 ]
[ 4 17 31 40 49 ]
[ 4 17 31 40 49 ]
[ 49 ]
[ 49 ]
[ 5 18 32 41 50 ]
[ 5 18 32 41 50 ]
[ 5 18 32 41 50 ]
[ 5 18 32 41 50 ]
[ 5 18 32 41 50 ]
[ 5 32 41 50 ]
[ 5 32 41 50 ]
[ 5 19 32 41 50 ]
[ 5 19 32 41 50 ]
[ 5 19 32 41 50 ]
[ 5 19 32 41 50 ]
[ 5 19 32 41 50 ]
[ 50 ]
[ 50 ]
[ 6 20 33 42 51 ]
[ 6 20 33 42 51 ]
[ 6 20 33 42 51 ]
[ 6 20 33 42 51 ]
[ 6 20 33 42 51 ]
[ 6 33 42 51 ]
[ 6 33 42 51 ]
[ 6 21 33 42 51 ]
[ 6 21 33 42 51 ]
[ 6 21 33 42 51 ]
[ 6 21 33 42 51 ]
[ 6 21 33 42 51 ]
[ 51 ]
[ 51 ]
[ 7 22 34 43 52 ]
[ 7 22 34 43 52 ]
[ 7 22 34 43 52 ]
[ 7 22 34 43 52 ]
[ 7 22 34 43 52 ]
[ 7 34 43 52 ]
[ 7 34 43 52 ]
[ 7 23 34 43 52 ]
[ 7 23 34 43 52 ]
[ 7 23 34 43 52 ]
[ 7 23 34 43 52 ]
[ 7 23 34 43 52 ]
[ 52 ]
[ 52 ]
[ 8 24 35 44 53 ]
[ 8 24 35 44 53 ]
[ 8 24 35 44 53 ]
[ 8 24 35 44 53 ]
[ 8 24 35 44 53 ]
[ 8 35 44 53 ]
[ 8 35 44 53 ]
[ 8 25 35 44 53 ]
[ 8 25 35 44 53 ]
[ 8 25 35 44 53 ]
[ 8 25 35 44 53 ]
[ 8 25 35 44 53 ]
[ 53 ]
[ 53 ]
[ 9 26 36 45 54 ]
[ 9 26 36 45 54 ]
[ 9 26 36 45 54 ]
[ 9 26 36 45 54 ]
[ 9 26 36 45 54 ]
[ 9 36 45 54 ]
[ 9 36 45 54 ]
[ 9 27 36 45 54 ]
]

ProjectStart: [ 33 30 14 12 11 ]

ProjectEnd: [ 87 79 78 61 94 ]

EarliestStartDayForActivity: [ 1 33 33 33 39 41 41 33 49 51 33 65 51 74 65 41 74 51 55 1 30 30 53 65 30 65 34 55 55 67 67 30 55 41 62 41 69 1 14 14 14 39 14 14 14 39 53 53 53 53 38 14 64 69 14 69 53 64 67 53 1 12 24 31 24 48 12 12 26 12 48 12 34 12 39 39 22 51 1 11 11 43 21 52 43 80 52 11 33 52 80 80 52 43 63 73 73 62 60 22 80 11 82 75 62 63 63 ]

LatestStartDayForActivity: [ 1 87 87 87 87 87 87 87 87 87 87 87 87 87 87 87 87 87 87 1 79 79 79 79 79 79 79 79 79 79 79 79 79 79 79 79 79 1 78 78 78 78 78 78 78 78 78 78 78 78 78 78 78 78 78 78 78 78 78 78 1 61 61 61 61 61 61 61 61 61 61 61 61 61 61 61 61 61 1 94 94 94 94 94 94 94 94 94 94 94 94 94 94 94 94 94 94 94 94 94 94 94 94 94 94 94 94 ]

EquipmentTypeDemandInActivityWithMode: [
0	0	0	
1	3	1	
0	1	0	
2	4	2	
1	3	1	
0	1	0	
3	6	2	
1	3	1	
1	3	1	
0	1	0	
0	1	0	
1	3	1	
0	1	0	
1	3	1	
0	1	0	
0	1	0	
0	1	0	
1	3	1	
0	1	0	
0	0	0	
1	3	1	
1	3	1	
0	1	0	
1	3	1	
1	3	1	
0	1	0	
1	3	1	
2	4	2	
0	1	0	
0	1	0	
2	4	2	
1	3	1	
0	1	0	
1	3	1	
0	1	0	
0	1	0	
2	4	2	
0	0	0	
2	4	2	
1	3	1	
0	1	0	
0	1	0	
0	1	0	
0	1	0	
1	3	1	
0	1	0	
1	3	1	
1	3	1	
0	1	0	
0	1	0	
0	1	0	
2	4	2	
0	1	0	
0	1	0	
0	1	0	
1	3	1	
0	1	0	
1	3	1	
3	6	2	
1	3	1	
0	0	0	
0	1	0	
2	4	2	
0	1	0	
0	1	0	
0	1	0	
1	3	1	
3	6	2	
0	1	0	
1	3	1	
0	1	0	
1	3	1	
1	3	1	
0	1	0	
0	1	0	
0	1	0	
0	1	0	
1	3	1	
0	0	0	
1	3	1	
0	1	0	
1	3	1	
1	3	1	
1	3	1	
1	3	1	
1	3	1	
0	1	0	
0	1	0	
1	3	1	
0	1	0	
0	1	0	
1	3	1	
1	3	1	
2	4	2	
1	3	1	
0	1	0	
0	1	0	
1	3	1	
0	1	0	
3	6	2	
1	3	1	
0	1	0	
2	4	2	
1	3	1	
0	1	0	
3	6	2	
1	3	1	

0	0	0	
0	1	0	
0	1	0	
0	1	0	
0	1	0	
0	1	0	
0	1	0	
0	1	0	
1	3	1	
1	3	1	
0	1	0	
1	3	1	
2	4	2	
0	1	0	
2	4	2	
0	1	0	
0	1	0	
1	3	1	
0	1	0	
0	0	0	
1	3	1	
0	1	0	
0	1	0	
0	1	0	
0	1	0	
0	1	0	
0	1	0	
1	3	1	
1	3	1	
0	1	0	
0	1	0	
1	3	1	
0	1	0	
1	3	1	
0	1	0	
1	3	1	
0	1	0	
0	0	0	
0	1	0	
0	1	0	
0	1	0	
0	1	0	
0	1	0	
1	3	1	
1	3	1	
1	3	1	
0	1	0	
2	4	2	
1	3	1	
0	1	0	
0	1	0	
0	1	0	
0	1	0	
0	1	0	
0	1	0	
0	1	0	
0	1	0	
1	3	1	
0	1	0	
0	1	0	
0	0	0	
1	3	1	
0	1	0	
0	1	0	
1	3	1	
0	1	0	
0	1	0	
1	3	1	
0	1	0	
0	1	0	
1	3	1	
0	1	0	
0	1	0	
0	1	0	
1	3	1	
1	3	1	
1	3	1	
0	1	0	
0	0	0	
0	1	0	
0	1	0	
0	1	0	
0	1	0	
1	3	1	
0	1	0	
0	1	0	
1	3	1	
1	3	1	
2	4	2	
1	3	1	
0	1	0	
0	1	0	
0	1	0	
0	1	0	
0	1	0	
1	3	1	
1	3	1	
0	1	0	
0	1	0	
1	3	1	
0	1	0	
1	3	1	
1	3	1	
0	1	0	
0	1	0	
1	3	1	
0	1	0	

0	0	0	
0	1	0	
1	3	1	
0	1	0	
0	1	0	
1	3	1	
3	6	2	
1	3	1	
0	1	0	
0	1	0	
0	1	0	
0	1	0	
2	4	2	
0	1	0	
0	1	0	
2	4	2	
1	3	1	
0	1	0	
0	1	0	
0	0	0	
1	3	1	
0	1	0	
0	1	0	
0	1	0	
2	4	2	
2	4	2	
0	1	0	
0	1	0	
2	4	2	
0	1	0	
0	1	0	
2	4	2	
1	3	1	
0	1	0	
0	1	0	
0	1	0	
0	1	0	
0	0	0	
2	4	2	
1	3	1	
0	1	0	
2	4	2	
0	1	0	
0	1	0	
0	1	0	
1	3	1	
0	1	0	
0	1	0	
2	4	2	
0	1	0	
0	1	0	
0	1	0	
2	4	2	
1	3	1	
1	3	1	
0	1	0	
0	1	0	
0	1	0	
0	1	0	
1	3	1	
0	0	0	
0	1	0	
0	1	0	
1	3	1	
1	3	1	
1	3	1	
1	3	1	
0	1	0	
0	1	0	
0	1	0	
0	1	0	
0	1	0	
2	4	2	
0	1	0	
1	3	1	
0	1	0	
0	1	0	
0	1	0	
0	0	0	
0	1	0	
0	1	0	
1	3	1	
0	1	0	
0	1	0	
1	3	1	
0	1	0	
0	1	0	
1	3	1	
1	3	1	
1	3	1	
1	3	1	
0	1	0	
0	1	0	
1	3	1	
0	1	0	
1	3	1	
0	1	0	
1	3	1	
1	3	1	
1	3	1	
0	1	0	
0	1	0	
0	1	0	
2	4	2	
0	1	0	
0	1	0	
0	1	0	

0	0	0	
0	1	0	
1	3	1	
0	1	0	
0	1	0	
1	3	1	
1	3	1	
0	1	0	
0	1	0	
0	1	0	
1	3	1	
0	1	0	
1	3	1	
2	4	2	
1	3	1	
0	1	0	
0	1	0	
1	3	1	
1	3	1	
0	0	0	
0	1	0	
0	1	0	
2	4	2	
0	1	0	
0	1	0	
1	3	1	
0	1	0	
2	4	2	
2	4	2	
0	1	0	
1	3	1	
1	3	1	
0	1	0	
1	3	1	
1	3	1	
1	3	1	
0	1	0	
0	0	0	
0	1	0	
0	1	0	
0	1	0	
0	1	0	
1	3	1	
1	3	1	
1	3	1	
1	3	1	
0	1	0	
2	4	2	
1	3	1	
0	1	0	
0	1	0	
1	3	1	
1	3	1	
0	1	0	
2	4	2	
1	3	1	
1	3	1	
0	1	0	
0	1	0	
0	1	0	
0	0	0	
1	3	1	
1	3	1	
1	3	1	
0	1	0	
0	1	0	
0	1	0	
0	1	0	
0	1	0	
1	3	1	
1	3	1	
1	3	1	
1	3	1	
0	1	0	
0	1	0	
1	3	1	
0	1	0	
1	3	1	
0	0	0	
1	3	1	
1	3	1	
1	3	1	
0	1	0	
0	1	0	
1	3	1	
0	1	0	
0	1	0	
0	1	0	
0	1	0	
0	1	0	
0	1	0	
2	4	2	
1	3	1	
0	1	0	
1	3	1	
1	3	1	
0	1	0	
1	3	1	
1	3	1	
2	4	2	
0	1	0	
0	1	0	
0	1	0	
1	3	1	
0	1	0	
2	4	2	
1	3	1	

0	0	0	
0	1	0	
0	1	0	
3	6	2	
1	3	1	
1	3	1	
1	3	1	
1	3	1	
0	1	0	
0	1	0	
1	3	1	
2	4	2	
0	1	0	
3	6	2	
1	3	1	
0	1	0	
0	1	0	
0	1	0	
1	3	1	
0	0	0	
0	1	0	
1	3	1	
0	1	0	
1	3	1	
1	3	1	
1	3	1	
1	3	1	
0	1	0	
0	1	0	
0	1	0	
0	1	0	
1	3	1	
0	1	0	
0	1	0	
0	1	0	
0	1	0	
2	4	2	
0	0	0	
0	1	0	
0	1	0	
0	1	0	
1	3	1	
2	4	2	
0	1	0	
0	1	0	
1	3	1	
1	3	1	
0	1	0	
1	3	1	
1	3	1	
0	1	0	
2	4	2	
1	3	1	
1	3	1	
1	3	1	
1	3	1	
2	4	2	
1	3	1	
1	3	1	
0	1	0	
0	0	0	
1	3	1	
0	1	0	
1	3	1	
2	4	2	
1	3	1	
0	1	0	
1	3	1	
1	3	1	
0	1	0	
1	3	1	
0	1	0	
1	3	1	
0	1	0	
0	1	0	
0	1	0	
0	1	0	
1	3	1	
0	0	0	
1	3	1	
1	3	1	
0	1	0	
0	1	0	
0	1	0	
1	3	1	
1	3	1	
0	1	0	
1	3	1	
1	3	1	
1	3	1	
0	1	0	
0	1	0	
0	1	0	
1	3	1	
1	3	1	
0	1	0	
0	1	0	
0	1	0	
0	1	0	
1	3	1	
1	3	1	
1	3	1	
2	4	2	
1	3	1	
1	3	1	
0	1	0	
1	3	1	

]

ExternalEquipmentRentingCost: [
4037	5196	5544	1670	4398	5726	4818	3683	3802	5684	4572	5020	2691	2297	5990	5697	2165	1577	3220	2098	4112	4518	2269	2595	4058	4456	4249	5940	2013	4920	4488	3126	3915	2657	2650	1244	2452	4171	5972	1089	3589	1486	5087	4247	4527	2147	2482	1189	2827	5839	4373	4249	5660	4861	4423	5187	2051	4172	1434	3857	4060	2113	4991	4330	4356	1307	2041	2655	2648	1201	3270	2116	5744	4009	4035	4919	3200	5630	1470	4720	3358	5101	2657	2627	2841	4697	1935	1561	3919	4638	3775	1312	2529	1442	2866	4381	5513	1982	4281	1153	4127	3322	3364	1247	5729	1435	2490	
4747	4267	2981	1404	1299	2464	5552	5950	3630	1746	5895	2842	1100	4691	5272	4608	4195	3674	3689	1858	1920	1112	3706	4702	3516	2433	1282	5400	1672	3945	2340	3359	4060	4378	4933	2460	3674	4586	4262	1538	1748	4140	3159	2416	5418	1122	4904	5526	5960	5232	5849	5583	1918	3753	2767	4623	2062	5567	2138	2870	1352	1574	1167	2221	4129	3947	2240	3614	1341	2885	3581	2725	5771	5591	2643	4082	1258	2622	2785	1781	3318	4025	5116	2756	1122	3094	1100	1308	2864	2489	4190	2210	2783	5111	5496	5914	5636	1054	2765	1263	2550	1695	2056	5806	4751	4412	5004	
4516	1472	2092	3449	5927	5866	5573	4333	4908	1658	3532	3928	1742	1841	1998	2322	5632	2057	5873	4089	3991	5877	1737	1994	2532	4007	5027	4240	4925	3703	1021	4364	1234	5635	3616	3421	4398	4220	2485	5661	2781	5260	5319	4577	3560	1982	5018	2965	4683	4433	4118	5159	4577	4658	5779	5650	2463	3649	5017	4281	5651	1967	2389	5687	1505	5311	1421	2713	5332	5937	3922	1396	1833	5264	5509	3549	3356	4995	4368	2483	5851	1704	2421	4141	2760	1996	5444	2433	3619	3864	4430	4554	1281	1968	1275	3518	4638	1962	3948	3666	3122	5948	1388	5547	4099	4346	5918	
4527	3496	3075	5800	3973	5724	5861	4963	2222	4500	4266	3025	2977	1158	4514	5487	4968	5285	3431	2038	5290	5810	4160	3038	4680	3849	5678	1877	2382	3559	5163	1016	2310	5577	2103	1015	4265	2343	2472	5001	2986	2924	4474	3434	5231	5265	4511	4798	2009	2199	5934	5173	3076	4129	5532	4865	4539	2101	3425	2668	2876	5872	5908	4440	3416	1950	2626	2196	3617	2778	4214	2235	3852	5429	4395	5619	2541	5734	2711	2410	3948	4737	5316	2570	2257	4192	2769	1282	3813	4439	2000	2090	1472	4446	5243	5106	4474	4977	3119	4753	1798	4965	3226	4464	1741	5897	3472	
5410	4281	1719	5549	5129	4836	2781	2510	2954	4848	2324	5891	4067	4616	3212	5521	5240	2495	4467	5303	1553	2330	3677	5633	3590	1418	5290	1129	2323	3482	1900	1548	5659	5534	5740	4984	5474	4241	2547	5438	4042	3927	2935	3652	5474	1303	3646	1243	3099	5574	4389	1334	4197	3762	1135	2608	4950	4984	1271	2108	4255	4336	1675	3054	1403	3864	3724	2877	1220	5194	4711	5916	5980	4546	3278	1399	3074	2450	3220	5373	1025	1580	1899	5768	3636	2982	2187	4783	1432	1292	1258	5514	1237	2627	3677	1493	4914	3230	2123	5008	1697	4927	3373	3758	4146	2186	5852	
]

EquipmentTypeTransportationCost: [
1	3044	4953	4646	4355	
3044	1	4965	4689	4282	
4953	4965	1	3886	4280	
4646	4689	3886	1	3786	
4355	4282	4280	3786	1	

1	3755	6286	5860	5409	
3755	1	6371	5989	5351	
6286	6371	1	4778	5393	
5860	5989	4778	1	4733	
5409	5351	5393	4733	1	

1	3077	4909	4634	4404	
3077	1	4955	4698	4262	
4909	4955	1	3945	4262	
4634	4698	3945	1	3826	
4404	4262	4262	3826	1	

1	3230	5198	4938	4551	
3230	1	5305	5024	4585	
5198	5305	1	4087	4521	
4938	5024	4087	1	4079	
4551	4585	4521	4079	1	

1	3818	6341	5982	5440	
3818	1	6326	5909	5474	
6341	6326	1	4758	5434	
5982	5909	4758	1	4750	
5440	5474	5434	4750	1	

]

TransportationTimeForEquipmentTypeBetweenProjects: [
1	1	7	5	3	
1	1	7	5	3	
7	7	1	1	3	
5	5	1	1	1	
3	3	3	1	1	

1	1	9	6	4	
1	1	9	6	4	
9	9	1	1	4	
6	6	1	1	1	
4	4	4	1	1	

1	1	7	5	3	
1	1	7	5	3	
7	7	1	1	3	
5	5	1	1	1	
3	3	3	1	1	

1	1	8	5	3	
1	1	8	5	3	
8	8	1	1	3	
5	5	1	1	1	
3	3	3	1	1	

1	1	10	7	4	
1	1	10	7	4	
10	10	1	1	4	
7	7	1	1	1	
4	4	4	1	1	

]

TotalNumberOfInitialEquipmentTypeLocation: [
(1 1) 2 (1 20) 2 (1 61) 3 (1 79) 2 
(2 20) 1 (2 61) 1 (2 79) 1 
(3 1) 4 (3 20) 2 (3 79) 1 
(4 38) 4 (4 61) 1 
(5 1) 1 (5 20) 3 (5 38) 1 (5 61) 1 
]

DepotActivities: [ 1 20 38 61 79 ]

MaximalStintCliques: [
[ 4 40 49 31 5 41 18 50 32 ]
[ 4 40 49 31 48 17 ]
[ 4 40 49 31 48 3 30 39 16 ]
[ 5 41 50 32 33 42 51 20 6 ]
[ 5 41 50 32 49 19 ]
[ 6 33 42 51 34 43 52 22 7 ]
[ 6 33 42 51 50 21 ]
[ 7 34 43 52 35 44 53 24 8 ]
[ 7 34 43 52 51 23 ]
[ 8 35 44 53 36 9 26 45 54 ]
[ 8 35 44 53 52 25 ]
[ 9 36 27 45 53 54 ]
[ 10 1 28 37 46 ]
[ 11 1 28 37 46 ]
[ 47 2 38 29 3 30 14 39 48 ]
[ 47 2 38 29 46 1 28 12 37 ]
[ 47 2 38 29 46 13 ]
[ 47 15 3 30 39 48 ]
]
