nEmployees: 90
nSkills: 4
nProjects: 5
nDays: 90
nActivities: 96
nEquipmentTypes: 5
nStints: 47
nMaxModes: 1
nStintCliques: 13

EmployeeInStintCost: [
38424 38424 38424 38424 38424 37698 20394 41502 41502 41502 41502 41502 35694 13802 14978 14978 14978 14978 14978 14978 14978 14978 14978 14978 14978 14978 14252 17981 17981 17981 17981 17981 17981 17981 17981 17981 17981 17981 17981 17255 39746 39746 39746 39746 39746 33938 14590 
35608 35608 35608 35608 35608 34924 18208 40656 40656 40656 40656 40656 35184 13880 9424 9424 9424 9424 9424 9424 9424 9424 9424 9424 9424 9424 8740 15353 15353 15353 15353 15353 15353 15353 15353 15353 15353 15353 15353 14669 23788 23788 23788 23788 23788 18316 8740 
33912 33912 33912 33912 33912 33276 17232 40416 40416 40416 40416 40416 35328 14696 3816 3816 3816 3816 3816 3816 3816 3816 3816 3816 3816 3816 3180 14201 14201 14201 14201 14201 14201 14201 14201 14201 14201 14201 14201 13565 17172 17172 17172 17172 17172 12084 3180 
31672 31672 31672 31672 31672 31030 14902 42426 42426 42426 42426 42426 37290 16574 12762 12762 12762 12762 12762 12762 12762 12762 12762 12762 12762 12762 12120 11901 11901 11901 11901 11901 11901 11901 11901 11901 11901 11901 11901 11259 35766 35766 35766 35766 35766 30630 12458 
30088 30088 30088 30088 30088 29404 12688 46216 46216 46216 46216 46216 40744 19440 15694 15694 15694 15694 15694 15694 15694 15694 15694 15694 15694 15694 15010 4104 4104 4104 4104 4104 4104 4104 4104 4104 4104 4104 4104 3420 39580 39580 39580 39580 39580 34108 15348 
15360 15360 15360 15360 15360 14676 5100 48088 48088 48088 48088 48088 42616 21312 17894 17894 17894 17894 17894 17894 17894 17894 17894 17894 17894 17894 17210 11865 11865 11865 11865 11865 11865 11865 11865 11865 11865 11865 11865 11181 41780 41780 41780 41780 41780 36308 17548 
36936 36936 36936 36936 36936 36330 20706 38678 38678 38678 38678 38678 33830 13618 14306 14306 14306 14306 14306 14306 14306 14306 14306 14306 14306 14306 13700 17917 17917 17917 17917 17917 17917 17917 17917 17917 17917 17917 17917 17311 36554 36554 36554 36554 36554 31706 14038 
33672 33672 33672 33672 33672 33048 17172 40092 40092 40092 40092 40092 35100 14636 3744 3744 3744 3744 3744 3744 3744 3744 3744 3744 3744 3744 3120 14129 14129 14129 14129 14129 14129 14129 14129 14129 14129 14129 14129 13505 16848 16848 16848 16848 16848 11856 3120 
29928 29928 29928 29928 29928 29262 12798 45298 45298 45298 45298 45298 39970 18918 15218 15218 15218 15218 15218 15218 15218 15218 15218 15218 15218 15218 14552 6316 6316 6316 6316 6316 6316 6316 6316 6316 6316 6316 6316 5650 38726 38726 38726 38726 38726 33398 14890 
30536 30536 30536 30536 30536 29888 13676 49996 49996 49996 49996 49996 44812 24012 20350 20350 20350 20350 20350 20350 20350 20350 20350 20350 20350 20350 19702 14097 14097 14097 14097 14097 14097 14097 14097 14097 14097 14097 14097 13449 43480 43480 43480 43480 43480 38296 20040 
37536 37536 37536 37536 37536 36900 20856 39488 39488 39488 39488 39488 34400 13768 14486 14486 14486 14486 14486 14486 14486 14486 14486 14486 14486 14486 13850 18097 18097 18097 18097 18097 18097 18097 18097 18097 18097 18097 18097 17461 37364 37364 37364 37364 37364 32276 14188 
33400 33400 33400 33400 33400 32722 16090 52342 52342 52342 52342 52342 46918 25698 21730 21730 21730 21730 21730 21730 21730 21730 21730 21730 21730 21730 21052 15749 15749 15749 15749 15749 15749 15749 15749 15749 15749 15749 15749 15071 45490 45490 45490 45490 45490 40066 21390 
34872 34872 34872 34872 34872 34188 17472 41712 41712 41712 41712 41712 36240 14936 4104 4104 4104 4104 4104 4104 4104 4104 4104 4104 4104 4104 3420 14489 14489 14489 14489 14489 14489 14489 14489 14489 14489 14489 14489 13805 18468 18468 18468 18468 18468 12996 3420 
35024 35024 35024 35024 35024 34394 18434 39710 39710 39710 39710 39710 34670 14122 11562 11562 11562 11562 11562 11562 11562 11562 11562 11562 11562 11562 10932 15397 15397 15397 15397 15397 15397 15397 15397 15397 15397 15397 15397 14767 34314 34314 34314 34314 34314 29274 11270 
30528 30528 30528 30528 30528 29832 12948 46108 46108 46108 46108 46108 40540 19068 15398 15398 15398 15398 15398 15398 15398 15398 15398 15398 15398 15398 14702 6496 6496 6496 6496 6496 6496 6496 6496 6496 6496 6496 6496 5800 39536 39536 39536 39536 39536 33968 15040 
31480 31480 31480 31480 31480 30838 14710 42970 42970 42970 42970 42970 37834 17118 13114 13114 13114 13114 13114 13114 13114 13114 13114 13114 13114 13114 12472 11557 11557 11557 11557 11557 11557 11557 11557 11557 11557 11557 11557 10915 36118 36118 36118 36118 36118 30982 12810 
32392 32392 32392 32392 32392 31714 15082 43398 43398 43398 43398 43398 37974 16754 12978 12978 12978 12978 12978 12978 12978 12978 12978 12978 12978 12978 12300 12117 12117 12117 12117 12117 12117 12117 12117 12117 12117 12117 12117 11439 36738 36738 36738 36738 36738 31314 12638 
36464 36464 36464 36464 36464 35762 18794 41654 41654 41654 41654 41654 36038 14482 11994 11994 11994 11994 11994 11994 11994 11994 11994 11994 11994 11994 11292 15829 15829 15829 15829 15829 15829 15829 15829 15829 15829 15829 15829 15127 36258 36258 36258 36258 36258 30642 11630 
14440 14440 14440 14440 14440 13798 4810 46586 46586 46586 46586 46586 41450 20734 17202 17202 17202 17202 17202 17202 17202 17202 17202 17202 17202 17202 16560 11117 11117 11117 11117 11117 11117 11117 11117 11117 11117 11117 11117 10475 40206 40206 40206 40206 40206 35070 16898 
32000 32000 32000 32000 32000 31412 16040 39944 39944 39944 39944 39944 35240 15280 8488 8488 8488 8488 8488 8488 8488 8488 8488 8488 8488 8488 7900 12929 12929 12929 12929 12929 12929 12929 12929 12929 12929 12929 12929 12341 20836 20836 20836 20836 20836 16132 7900 
30056 30056 30056 30056 30056 29432 13556 49348 49348 49348 49348 49348 44356 23892 20206 20206 20206 20206 20206 20206 20206 20206 20206 20206 20206 20206 19582 13953 13953 13953 13953 13953 13953 13953 13953 13953 13953 13953 13953 13329 42832 42832 42832 42832 42832 37840 19920 
36504 36504 36504 36504 36504 35874 19914 38910 38910 38910 38910 38910 33870 13322 14402 14402 14402 14402 14402 14402 14402 14402 14402 14402 14402 14402 13772 17405 17405 17405 17405 17405 17405 17405 17405 17405 17405 17405 17405 16775 37154 37154 37154 37154 37154 32114 14110 
33160 33160 33160 33160 33160 32494 16030 52018 52018 52018 52018 52018 46690 25638 21658 21658 21658 21658 21658 21658 21658 21658 21658 21658 21658 21658 20992 15677 15677 15677 15677 15677 15677 15677 15677 15677 15677 15677 15677 15011 45166 45166 45166 45166 45166 39838 21330 
15280 15280 15280 15280 15280 14596 5020 47720 47720 47720 47720 47720 42248 20944 17454 17454 17454 17454 17454 17454 17454 17454 17454 17454 17454 17454 16770 11369 11369 11369 11369 11369 11369 11369 11369 11369 11369 11369 11369 10685 41340 41340 41340 41340 41340 35868 17108 
31432 31432 31432 31432 31432 30802 14842 42102 42102 42102 42102 42102 37062 16514 12690 12690 12690 12690 12690 12690 12690 12690 12690 12690 12690 12690 12060 11829 11829 11829 11829 11829 11829 11829 11829 11829 11829 11829 11829 11199 35442 35442 35442 35442 35442 30402 12398 
32720 32720 32720 32720 32720 32096 16220 40916 40916 40916 40916 40916 35924 15460 8704 8704 8704 8704 8704 8704 8704 8704 8704 8704 8704 8704 8080 13145 13145 13145 13145 13145 13145 13145 13145 13145 13145 13145 13145 12521 21808 21808 21808 21808 21808 16816 8080 
29696 29696 29696 29696 29696 29090 13466 48862 48862 48862 48862 48862 44014 23802 20098 20098 20098 20098 20098 20098 20098 20098 20098 20098 20098 20098 19492 13845 13845 13845 13845 13845 13845 13845 13845 13845 13845 13845 13845 13239 42346 42346 42346 42346 42346 37498 19830 
37056 37056 37056 37056 37056 36444 20736 38840 38840 38840 38840 38840 33944 13648 14342 14342 14342 14342 14342 14342 14342 14342 14342 14342 14342 14342 13730 17953 17953 17953 17953 17953 17953 17953 17953 17953 17953 17953 17953 17341 36716 36716 36716 36716 36716 31820 14068 
35744 35744 35744 35744 35744 35078 18614 40682 40682 40682 40682 40682 35354 14302 11778 11778 11778 11778 11778 11778 11778 11778 11778 11778 11778 11778 11112 15613 15613 15613 15613 15613 15613 15613 15613 15613 15613 15613 15613 14947 35286 35286 35286 35286 35286 29958 11450 
32512 32512 32512 32512 32512 31828 15112 43560 43560 43560 43560 43560 38088 16784 13014 13014 13014 13014 13014 13014 13014 13014 13014 13014 13014 13014 12330 12153 12153 12153 12153 12153 12153 12153 12153 12153 12153 12153 12153 11469 36900 36900 36900 36900 36900 31428 12668 
35584 35584 35584 35584 35584 34948 18904 23092 23092 23092 23092 23092 18004 9100 13806 13806 13806 13806 13806 13806 13806 13806 13806 13806 13806 13806 13170 16449 16449 16449 16449 16449 16449 16449 16449 16449 16449 16449 16449 15813 36684 36684 36684 36684 36684 31596 13508 
14160 14160 14160 14160 14160 13536 4800 46468 46468 46468 46468 46468 41476 21012 17534 17534 17534 17534 17534 17534 17534 17534 17534 17534 17534 17534 16910 11505 11505 11505 11505 11505 11505 11505 11505 11505 11505 11505 11505 10881 40160 40160 40160 40160 40160 35168 17248 
14280 14280 14280 14280 14280 13566 3570 48554 48554 48554 48554 48554 42842 21118 17746 17746 17746 17746 17746 17746 17746 17746 17746 17746 17746 17746 17032 11757 11757 11757 11757 11757 11757 11757 11757 11757 11757 11757 11757 11043 42262 42262 42262 42262 42262 36550 17370 
30528 30528 30528 30528 30528 29832 12948 46108 46108 46108 46108 46108 40540 19068 15398 15398 15398 15398 15398 15398 15398 15398 15398 15398 15398 15398 14702 6496 6496 6496 6496 6496 6496 6496 6496 6496 6496 6496 6496 5800 39536 39536 39536 39536 39536 33968 15040 
14280 14280 14280 14280 14280 13650 4830 46630 46630 46630 46630 46630 41590 21042 17570 17570 17570 17570 17570 17570 17570 17570 17570 17570 17570 17570 16940 11541 11541 11541 11541 11541 11541 11541 11541 11541 11541 11541 11541 10911 40322 40322 40322 40322 40322 35282 17278 
28832 28832 28832 28832 28832 28196 12152 47688 47688 47688 47688 47688 42600 21968 18182 18182 18182 18182 18182 18182 18182 18182 18182 18182 18182 18182 17546 11945 11945 11945 11945 11945 11945 11945 11945 11945 11945 11945 11945 11309 41060 41060 41060 41060 41060 35972 17884 
37704 37704 37704 37704 37704 37014 20214 40530 40530 40530 40530 40530 35010 13622 14762 14762 14762 14762 14762 14762 14762 14762 14762 14762 14762 14762 14072 17765 17765 17765 17765 17765 17765 17765 17765 17765 17765 17765 17765 17075 38774 38774 38774 38774 38774 33254 14410 
36656 36656 36656 36656 36656 35984 19436 23784 23784 23784 23784 23784 18408 9000 14198 14198 14198 14198 14198 14198 14198 14198 14198 14198 14198 14198 13526 16993 16993 16993 16993 16993 16993 16993 16993 16993 16993 16993 16993 16321 37832 37832 37832 37832 37832 32456 13864 
37056 37056 37056 37056 37056 36444 20736 38840 38840 38840 38840 38840 33944 13648 14342 14342 14342 14342 14342 14342 14342 14342 14342 14342 14342 14342 13730 17953 17953 17953 17953 17953 17953 17953 17953 17953 17953 17953 17953 17341 36716 36716 36716 36716 36716 31820 14068 
34152 34152 34152 34152 34152 33504 17292 40740 40740 40740 40740 40740 35556 14756 3888 3888 3888 3888 3888 3888 3888 3888 3888 3888 3888 3888 3240 14273 14273 14273 14273 14273 14273 14273 14273 14273 14273 14273 14273 13625 17496 17496 17496 17496 17496 12312 3240 
32560 32560 32560 32560 32560 31864 14980 44428 44428 44428 44428 44428 38860 17388 13438 13438 13438 13438 13438 13438 13438 13438 13438 13438 13438 13438 12742 11881 11881 11881 11881 11881 11881 11881 11881 11881 11881 11881 11881 11185 37576 37576 37576 37576 37576 32008 13080 
37192 37192 37192 37192 37192 36484 19432 19116 19116 19116 19116 19116 13452 3540 13518 13518 13518 13518 13518 13518 13518 13518 13518 13518 13518 13518 12810 16817 16817 16817 16817 16817 16817 16817 16817 16817 16817 16817 16817 16109 37908 37908 37908 37908 37908 32244 13148 
36472 36472 36472 36472 36472 35800 19252 18144 18144 18144 18144 18144 12768 3360 13302 13302 13302 13302 13302 13302 13302 13302 13302 13302 13302 13302 12630 16601 16601 16601 16601 16601 16601 16601 16601 16601 16601 16601 16601 15929 36936 36936 36936 36936 36936 31560 12968 
36536 36536 36536 36536 36536 35870 19406 23622 23622 23622 23622 23622 18294 8970 14162 14162 14162 14162 14162 14162 14162 14162 14162 14162 14162 14162 13496 16957 16957 16957 16957 16957 16957 16957 16957 16957 16957 16957 16957 16291 37670 37670 37670 37670 37670 32342 13834 
33040 33040 33040 33040 33040 32380 16000 51856 51856 51856 51856 51856 46576 25608 21622 21622 21622 21622 21622 21622 21622 21622 21622 21622 21622 21622 20962 15641 15641 15641 15641 15641 15641 15641 15641 15641 15641 15641 15641 14981 45004 45004 45004 45004 45004 39724 21300 
36144 36144 36144 36144 36144 35532 19824 38424 38424 38424 38424 38424 33528 13232 14294 14294 14294 14294 14294 14294 14294 14294 14294 14294 14294 14294 13682 17297 17297 17297 17297 17297 17297 17297 17297 17297 17297 17297 17297 16685 36668 36668 36668 36668 36668 31772 14020 
31976 31976 31976 31976 31976 31286 14486 45706 45706 45706 45706 45706 40186 18798 14690 14690 14690 14690 14690 14690 14690 14690 14690 14690 14690 14690 14000 11269 11269 11269 11269 11269 11269 11269 11269 11269 11269 11269 11269 10579 38702 38702 38702 38702 38702 33182 14338 
33944 33944 33944 33944 33944 33368 18164 38252 38252 38252 38252 38252 33644 13852 11238 11238 11238 11238 11238 11238 11238 11238 11238 11238 11238 11238 10662 15073 15073 15073 15073 15073 15073 15073 15073 15073 15073 15073 15073 14497 32856 32856 32856 32856 32856 28248 11000 
35008 35008 35008 35008 35008 34354 18058 39846 39846 39846 39846 39846 34614 13730 9244 9244 9244 9244 9244 9244 9244 9244 9244 9244 9244 9244 8590 15173 15173 15173 15173 15173 15173 15173 15173 15173 15173 15173 15173 14519 22978 22978 22978 22978 22978 17746 8590 
29912 29912 29912 29912 29912 29222 12422 49146 49146 49146 49146 49146 43626 22238 18506 18506 18506 18506 18506 18506 18506 18506 18506 18506 18506 18506 17816 12269 12269 12269 12269 12269 12269 12269 12269 12269 12269 12269 12269 11579 42518 42518 42518 42518 42518 36998 18154 
35232 35232 35232 35232 35232 34530 17562 42198 42198 42198 42198 42198 36582 15026 4212 4212 4212 4212 4212 4212 4212 4212 4212 4212 4212 4212 3510 14597 14597 14597 14597 14597 14597 14597 14597 14597 14597 14597 14597 13895 18954 18954 18954 18954 18954 13338 3510 
37072 37072 37072 37072 37072 36370 19402 18954 18954 18954 18954 18954 13338 3510 13482 13482 13482 13482 13482 13482 13482 13482 13482 13482 13482 13482 12780 16781 16781 16781 16781 16781 16781 16781 16781 16781 16781 16781 16781 16079 37746 37746 37746 37746 37746 32130 13118 
37776 37776 37776 37776 37776 37128 20916 39812 39812 39812 39812 39812 34628 13828 14558 14558 14558 14558 14558 14558 14558 14558 14558 14558 14558 14558 13910 18169 18169 18169 18169 18169 18169 18169 18169 18169 18169 18169 18169 17521 37688 37688 37688 37688 37688 32504 14248 
29576 29576 29576 29576 29576 28976 13436 48700 48700 48700 48700 48700 43900 23772 20062 20062 20062 20062 20062 20062 20062 20062 20062 20062 20062 20062 19462 13809 13809 13809 13809 13809 13809 13809 13809 13809 13809 13809 13809 13209 42184 42184 42184 42184 42184 37384 19800 
31720 31720 31720 31720 31720 31126 15670 50074 50074 50074 50074 50074 45322 25278 21226 21226 21226 21226 21226 21226 21226 21226 21226 21226 21226 21226 20632 15245 15245 15245 15245 15245 15245 15245 15245 15245 15245 15245 15245 14651 43222 43222 43222 43222 43222 38470 20970 
38736 38736 38736 38736 38736 38040 21156 41108 41108 41108 41108 41108 35540 14068 14846 14846 14846 14846 14846 14846 14846 14846 14846 14846 14846 14846 14150 18457 18457 18457 18457 18457 18457 18457 18457 18457 18457 18457 18457 17761 38984 38984 38984 38984 38984 33416 14488 
32360 32360 32360 32360 32360 31754 16130 40430 40430 40430 40430 40430 35582 15370 8596 8596 8596 8596 8596 8596 8596 8596 8596 8596 8596 8596 7990 13037 13037 13037 13037 13037 13037 13037 13037 13037 13037 13037 13037 12431 21322 21322 21322 21322 21322 16474 7990 
29816 29816 29816 29816 29816 29204 13496 49024 49024 49024 49024 49024 44128 23832 20134 20134 20134 20134 20134 20134 20134 20134 20134 20134 20134 20134 19522 13881 13881 13881 13881 13881 13881 13881 13881 13881 13881 13881 13881 13269 42508 42508 42508 42508 42508 37612 19860 
12960 12960 12960 12960 12960 12312 3240 46772 46772 46772 46772 46772 41588 20788 17350 17350 17350 17350 17350 17350 17350 17350 17350 17350 17350 17350 16702 11361 11361 11361 11361 11361 11361 11361 11361 11361 11361 11361 11361 10713 40480 40480 40480 40480 40480 35296 17040 
35272 35272 35272 35272 35272 34660 18952 16524 16524 16524 16524 16524 11628 3060 12942 12942 12942 12942 12942 12942 12942 12942 12942 12942 12942 12942 12330 16241 16241 16241 16241 16241 16241 16241 16241 16241 16241 16241 16241 15629 35316 35316 35316 35316 35316 30420 12668 
34160 34160 34160 34160 34160 33464 16580 42860 42860 42860 42860 42860 37292 15820 9136 9136 9136 9136 9136 9136 9136 9136 9136 9136 9136 9136 8440 13577 13577 13577 13577 13577 13577 13577 13577 13577 13577 13577 13577 12881 23752 23752 23752 23752 23752 18184 8440 
33160 33160 33160 33160 33160 32494 16030 52018 52018 52018 52018 52018 46690 25638 21658 21658 21658 21658 21658 21658 21658 21658 21658 21658 21658 21658 20992 15677 15677 15677 15677 15677 15677 15677 15677 15677 15677 15677 15677 15011 45166 45166 45166 45166 45166 39838 21330 
14280 14280 14280 14280 14280 13566 3570 48554 48554 48554 48554 48554 42842 21118 17746 17746 17746 17746 17746 17746 17746 17746 17746 17746 17746 17746 17032 11757 11757 11757 11757 11757 11757 11757 11757 11757 11757 11757 11757 11043 42262 42262 42262 42262 42262 36550 17370 
36384 36384 36384 36384 36384 35760 19884 38748 38748 38748 38748 38748 33756 13292 14366 14366 14366 14366 14366 14366 14366 14366 14366 14366 14366 14366 13742 17369 17369 17369 17369 17369 17369 17369 17369 17369 17369 17369 17369 16745 36992 36992 36992 36992 36992 32000 14080 
32632 32632 32632 32632 32632 31942 15142 43722 43722 43722 43722 43722 38202 16814 13050 13050 13050 13050 13050 13050 13050 13050 13050 13050 13050 13050 12360 12189 12189 12189 12189 12189 12189 12189 12189 12189 12189 12189 12189 11499 37062 37062 37062 37062 37062 31542 12698 
30168 30168 30168 30168 30168 29490 12858 45622 45622 45622 45622 45622 40198 18978 15290 15290 15290 15290 15290 15290 15290 15290 15290 15290 15290 15290 14612 6388 6388 6388 6388 6388 6388 6388 6388 6388 6388 6388 6388 5710 39050 39050 39050 39050 39050 33626 14950 
34552 34552 34552 34552 34552 33976 18772 15552 15552 15552 15552 15552 10944 2880 12726 12726 12726 12726 12726 12726 12726 12726 12726 12726 12726 12726 12150 16025 16025 16025 16025 16025 16025 16025 16025 16025 16025 16025 16025 15449 34344 34344 34344 34344 34344 29736 12488 
30768 30768 30768 30768 30768 30060 13008 46432 46432 46432 46432 46432 40768 19128 15470 15470 15470 15470 15470 15470 15470 15470 15470 15470 15470 15470 14762 6568 6568 6568 6568 6568 6568 6568 6568 6568 6568 6568 6568 5860 39860 39860 39860 39860 39860 34196 15100 
31000 31000 31000 31000 31000 30382 14590 42322 42322 42322 42322 42322 37378 16998 12970 12970 12970 12970 12970 12970 12970 12970 12970 12970 12970 12970 12352 11413 11413 11413 11413 11413 11413 11413 11413 11413 11413 11413 11413 10795 35470 35470 35470 35470 35470 30526 12690 
36104 36104 36104 36104 36104 35420 18704 41168 41168 41168 41168 41168 35696 14392 11886 11886 11886 11886 11886 11886 11886 11886 11886 11886 11886 11886 11202 15721 15721 15721 15721 15721 15721 15721 15721 15721 15721 15721 15721 15037 35772 35772 35772 35772 35772 30300 11540 
14280 14280 14280 14280 14280 13566 3570 48554 48554 48554 48554 48554 42842 21118 17746 17746 17746 17746 17746 17746 17746 17746 17746 17746 17746 17746 17032 11757 11757 11757 11757 11757 11757 11757 11757 11757 11757 11757 11757 11043 42262 42262 42262 42262 42262 36550 17370 
31496 31496 31496 31496 31496 30830 14366 45058 45058 45058 45058 45058 39730 18678 14546 14546 14546 14546 14546 14546 14546 14546 14546 14546 14546 14546 13880 11125 11125 11125 11125 11125 11125 11125 11125 11125 11125 11125 11125 10459 38054 38054 38054 38054 38054 32726 14218 
34304 34304 34304 34304 34304 33710 18254 38738 38738 38738 38738 38738 33986 13942 11346 11346 11346 11346 11346 11346 11346 11346 11346 11346 11346 11346 10752 15181 15181 15181 15181 15181 15181 15181 15181 15181 15181 15181 15181 14587 33342 33342 33342 33342 33342 28590 11090 
15520 15520 15520 15520 15520 14824 5080 48044 48044 48044 48044 48044 42476 21004 17526 17526 17526 17526 17526 17526 17526 17526 17526 17526 17526 17526 16830 11441 11441 11441 11441 11441 11441 11441 11441 11441 11441 11441 11441 10745 41664 41664 41664 41664 41664 36096 17168 
36176 36176 36176 36176 36176 35528 19316 23136 23136 23136 23136 23136 17952 8880 14054 14054 14054 14054 14054 14054 14054 14054 14054 14054 14054 14054 13406 16849 16849 16849 16849 16849 16849 16849 16849 16849 16849 16849 16849 16201 37184 37184 37184 37184 37184 32000 13744 
36864 36864 36864 36864 36864 36216 20004 39396 39396 39396 39396 39396 34212 13412 14510 14510 14510 14510 14510 14510 14510 14510 14510 14510 14510 14510 13862 17513 17513 17513 17513 17513 17513 17513 17513 17513 17513 17513 17513 16865 37640 37640 37640 37640 37640 32456 14200 
33072 33072 33072 33072 33072 32478 17022 39282 39282 39282 39282 39282 34530 14486 3564 3564 3564 3564 3564 3564 3564 3564 3564 3564 3564 3564 2970 13949 13949 13949 13949 13949 13949 13949 13949 13949 13949 13949 13949 13355 16038 16038 16038 16038 16038 11286 2970 
36776 36776 36776 36776 36776 36098 19466 23946 23946 23946 23946 23946 18522 9030 14234 14234 14234 14234 14234 14234 14234 14234 14234 14234 14234 14234 13556 17029 17029 17029 17029 17029 17029 17029 17029 17029 17029 17029 17029 16351 37994 37994 37994 37994 37994 32570 13894 
34280 34280 34280 34280 34280 33578 16610 43022 43022 43022 43022 43022 37406 15850 9172 9172 9172 9172 9172 9172 9172 9172 9172 9172 9172 9172 8470 13613 13613 13613 13613 13613 13613 13613 13613 13613 13613 13613 13613 12911 23914 23914 23914 23914 23914 18298 8470 
14640 14640 14640 14640 14640 13908 3660 49040 49040 49040 49040 49040 43184 21208 17854 17854 17854 17854 17854 17854 17854 17854 17854 17854 17854 17854 17122 11865 11865 11865 11865 11865 11865 11865 11865 11865 11865 11865 11865 11133 42748 42748 42748 42748 42748 36892 17460 
31720 31720 31720 31720 31720 31066 14770 43294 43294 43294 43294 43294 38062 17178 13186 13186 13186 13186 13186 13186 13186 13186 13186 13186 13186 13186 12532 11629 11629 11629 11629 11629 11629 11629 11629 11629 11629 11629 11629 10975 36442 36442 36442 36442 36442 31210 12870 
36424 36424 36424 36424 36424 35746 19114 24226 24226 24226 24226 24226 18802 9310 14058 14058 14058 14058 14058 14058 14058 14058 14058 14058 14058 14058 13380 16701 16701 16701 16701 16701 16701 16701 16701 16701 16701 16701 16701 16023 37818 37818 37818 37818 37818 32394 13718 
31000 31000 31000 31000 31000 30382 14590 42322 42322 42322 42322 42322 37378 16998 12970 12970 12970 12970 12970 12970 12970 12970 12970 12970 12970 12970 12352 11413 11413 11413 11413 11413 11413 11413 11413 11413 11413 11413 11413 10795 35470 35470 35470 35470 35470 30526 12690 
14160 14160 14160 14160 14160 13536 4800 46468 46468 46468 46468 46468 41476 21012 17534 17534 17534 17534 17534 17534 17534 17534 17534 17534 17534 17534 16910 11505 11505 11505 11505 11505 11505 11505 11505 11505 11505 11505 11505 10881 40160 40160 40160 40160 40160 35168 17248 
35384 35384 35384 35384 35384 34736 18524 40196 40196 40196 40196 40196 35012 14212 11670 11670 11670 11670 11670 11670 11670 11670 11670 11670 11670 11670 11022 15505 15505 15505 15505 15505 15505 15505 15505 15505 15505 15505 15505 14857 34800 34800 34800 34800 34800 29616 11360 
36224 36224 36224 36224 36224 35534 18734 41330 41330 41330 41330 41330 35810 14422 11922 11922 11922 11922 11922 11922 11922 11922 11922 11922 11922 11922 11232 15757 15757 15757 15757 15757 15757 15757 15757 15757 15757 15757 15757 15067 35934 35934 35934 35934 35934 30414 11570 
36864 36864 36864 36864 36864 36216 20004 39396 39396 39396 39396 39396 34212 13412 14510 14510 14510 14510 14510 14510 14510 14510 14510 14510 14510 14510 13862 17513 17513 17513 17513 17513 17513 17513 17513 17513 17513 17513 17513 16865 37640 37640 37640 37640 37640 32456 14200 
32920 32920 32920 32920 32920 32266 15970 51694 51694 51694 51694 51694 46462 25578 21586 21586 21586 21586 21586 21586 21586 21586 21586 21586 21586 21586 20932 15605 15605 15605 15605 15605 15605 15605 15605 15605 15605 15605 15605 14951 44842 44842 44842 44842 44842 39610 21270 
31016 31016 31016 31016 31016 30344 13796 50644 50644 50644 50644 50644 45268 24132 20494 20494 20494 20494 20494 20494 20494 20494 20494 20494 20494 20494 19822 14241 14241 14241 14241 14241 14241 14241 14241 14241 14241 14241 14241 13569 44128 44128 44128 44128 44128 38752 20160 
36264 36264 36264 36264 36264 35646 19854 38586 38586 38586 38586 38586 33642 13262 14330 14330 14330 14330 14330 14330 14330 14330 14330 14330 14330 14330 13712 17333 17333 17333 17333 17333 17333 17333 17333 17333 17333 17333 17333 16715 36830 36830 36830 36830 36830 31886 14050 
]

ExternalWorkerWithSkillOnStintCost: [
41760 33264 35712 37512 35640 37008 19332 35952 48132 34020 38640 43932 36456 20412 15720 13380 16230 16260 14520 13830 12810 16560 16290 16380 15210 16590 12240 17250 16080 12090 12300 17610 17280 17280 16500 13800 13350 14520 14070 16470 37464 49056 43932 43092 37296 46284 20088 
40608 29376 42624 35640 37872 36648 17568 45864 34188 42252 37632 34440 37464 16272 15570 16170 16380 12240 17310 13950 12420 16440 16650 12810 16530 15960 14370 16410 13710 14730 15210 15000 14700 14070 14340 16440 17820 15960 12540 16170 43008 41748 38976 36120 44604 33768 17064 
40104 31896 41688 29952 36000 32904 20088 43092 40068 40992 41076 38388 49308 19836 16500 12030 13500 17250 14340 12750 14400 14370 15000 13320 17640 16470 15210 16290 14820 16110 15090 13110 17550 15750 15120 13950 17700 14760 12570 14730 38556 49224 48384 47124 43428 41664 21204 
38808 39240 33408 39168 40824 37512 19404 34524 35532 48552 33768 38808 48216 18612 14610 12870 15870 17310 15660 12360 16800 13980 13440 17550 12690 14850 13440 13110 15390 16920 17970 16170 15030 17760 14820 14220 15750 17070 14460 12060 40404 45864 36624 34860 36204 35616 19440 
]

OverlappingStints: [
[ 2 8 9 15 16 17 28 29 30 41 42 ]
[ 3 8 9 10 17 18 19 30 31 32 41 42 43 ]
[ 4 9 10 11 19 20 21 32 33 34 42 43 44 ]
[ 5 10 11 12 21 22 23 34 35 36 43 44 45 ]
[ 6 11 12 13 23 24 25 36 37 38 44 45 46 ]
[ 7 12 13 14 25 26 27 38 39 40 45 46 47 ]
[ 13 14 27 40 46 47 ]
[ 9 15 16 17 18 28 29 30 31 41 42 ]
[ 10 17 18 19 20 30 31 32 33 41 42 43 ]
[ 11 19 20 21 22 32 33 34 35 42 43 44 ]
[ 12 21 22 23 24 34 35 36 37 43 44 45 ]
[ 13 23 24 25 26 36 37 38 39 44 45 46 ]
[ 14 25 26 27 38 39 40 45 46 47 ]
[ 27 40 46 47 ]
[ 28 41 ]
[ 29 41 ]
[ 30 41 42 ]
[ 31 41 42 ]
[ 32 42 43 ]
[ 33 42 43 ]
[ 34 43 44 ]
[ 35 43 44 ]
[ 36 44 45 ]
[ 37 44 45 ]
[ 38 45 46 ]
[ 39 45 46 ]
[ 40 46 47 ]
[ 41 ]
[ 41 ]
[ 41 42 ]
[ 41 42 ]
[ 42 43 ]
[ 42 43 ]
[ 43 44 ]
[ 43 44 ]
[ 44 45 ]
[ 44 45 ]
[ 45 46 ]
[ 45 46 ]
[ 46 47 ]
[ 42 ]
[ 43 ]
[ 44 ]
[ 45 ]
[ 46 ]
[ 47 ]
[ ]
]

EmployeesWithSkill: [
[ 1 2 3 4 5 6 7 8 9 10 11 12 13 14 15 16 17 18 19 20 21 22 23 24 25 26 27 28 29 30 31 32 33 34 35 36 37 38 39 40 41 42 43 44 45 46 47 48 49 50 51 52 53 54 55 56 57 58 59 60 61 62 63 64 65 66 67 68 69 70 71 72 73 74 75 76 77 78 79 80 81 82 83 84 85 86 87 88 89 90 ]
[ 1 2 3 4 5 7 8 9 10 11 12 13 14 15 17 18 19 21 23 24 25 26 27 28 29 30 31 32 33 34 35 36 37 38 39 40 41 42 43 44 45 46 47 48 49 50 51 52 53 54 55 56 57 58 59 60 61 62 63 64 65 66 67 68 69 71 72 73 74 75 76 78 79 80 81 82 83 84 85 86 87 88 89 90 ]
[ 1 6 8 10 11 14 16 17 23 27 28 29 30 33 34 36 39 42 43 46 47 49 52 53 58 59 60 65 68 69 76 77 80 82 83 88 89 90 ]
[ 1 2 6 7 8 9 10 15 18 21 22 23 24 26 29 30 31 33 34 36 37 39 40 41 42 51 52 53 56 57 58 60 62 63 64 69 70 71 72 78 79 80 84 85 90 ]
]

SkillDemandInActivityWithMode: [
0	
14	
14	
16	
19	
19	
4	
9	
16	
18	
6	
18	
11	
16	
12	
22	
9	
16	
0	
5	
1	
5	
3	
1	
4	
3	
6	
6	
5	
4	
6	
5	
4	
2	
4	
3	
5	
5	
2	
2	
0	
3	
6	
4	
3	
3	
4	
6	
4	
3	
3	
3	
2	
2	
5	
5	
2	
0	
42	
52	
18	
52	
83	
69	
32	
83	
42	
104	
83	
19	
52	
38	
104	
42	
83	
83	
0	
6	
2	
5	
6	
6	
9	
5	
2	
6	
10	
2	
5	
10	
7	
3	
5	
8	
7	
3	

0	
3	
3	
3	
4	
4	
0	
1	
3	
4	
1	
4	
2	
3	
2	
4	
2	
3	
0	
2	
0	
2	
1	
0	
1	
1	
2	
2	
2	
1	
2	
2	
2	
0	
2	
1	
2	
2	
0	
0	
0	
30	
60	
43	
27	
33	
43	
60	
37	
30	
30	
27	
20	
12	
50	
60	
13	
0	
7	
9	
3	
9	
14	
12	
5	
14	
7	
18	
14	
3	
9	
6	
18	
7	
14	
14	
0	
17	
3	
16	
17	
19	
28	
15	
4	
17	
32	
5	
16	
32	
21	
6	
15	
24	
21	
8	

0	
11	
11	
13	
15	
15	
2	
7	
13	
15	
5	
15	
9	
13	
10	
18	
7	
13	
0	
1	
0	
1	
0	
0	
0	
0	
1	
1	
1	
0	
1	
1	
0	
0	
0	
0	
1	
1	
0	
0	
0	
7	
15	
11	
7	
8	
11	
15	
9	
7	
7	
7	
5	
3	
13	
15	
3	
0	
5	
7	
2	
7	
11	
9	
4	
11	
5	
14	
11	
2	
7	
5	
14	
5	
11	
11	
0	
3	
0	
3	
3	
4	
5	
3	
0	
3	
6	
1	
3	
6	
4	
1	
3	
5	
4	
1	

0	
3	
3	
3	
4	
4	
0	
2	
3	
4	
1	
4	
2	
3	
3	
5	
2	
3	
0	
4	
0	
4	
2	
0	
3	
2	
5	
5	
4	
3	
5	
4	
4	
1	
4	
2	
4	
4	
1	
1	
0	
19	
39	
28	
18	
22	
28	
39	
24	
19	
19	
18	
13	
7	
33	
39	
8	
0	
2	
2	
0	
2	
3	
3	
1	
3	
1	
4	
3	
0	
2	
1	
4	
1	
3	
3	
0	
5	
1	
4	
5	
5	
8	
4	
1	
5	
9	
1	
4	
9	
6	
1	
4	
6	
6	
2	

]

EmployeeAvailability: [
1 1 1 1 1 1 1 1 1 1 1 1 1 1 1 1 1 1 1 1 1 1 1 1 1 1 1 1 1 1 1 1 1 1 1 1 1 1 1 1 1 1 1 1 1 1 1 
1 1 1 0 0 1 1 1 1 1 0 0 1 1 1 1 1 1 1 1 1 1 0 1 1 1 1 1 1 1 1 1 1 1 1 0 1 1 1 1 1 1 1 0 0 1 1 
1 1 1 1 1 0 1 1 1 1 1 1 0 1 1 1 1 1 1 1 1 1 1 1 0 1 1 1 1 1 1 1 1 1 1 1 1 0 1 1 1 1 1 1 1 0 1 
1 1 1 1 1 1 1 1 1 1 1 1 1 1 1 1 1 1 1 1 1 1 1 1 1 1 1 1 1 1 1 1 1 1 1 1 1 1 1 1 1 1 1 1 1 1 1 
1 1 1 0 1 0 1 1 1 1 0 1 0 1 1 1 1 1 1 1 0 1 1 1 0 1 1 1 1 1 1 1 1 0 1 1 1 0 1 1 1 1 1 0 1 0 1 
0 1 1 1 1 1 0 0 1 1 1 1 1 0 1 0 1 1 1 1 1 1 1 1 1 1 0 1 0 1 1 1 1 1 1 1 1 1 1 0 0 1 1 1 1 1 0 
1 1 1 1 1 1 1 1 1 1 1 1 1 1 1 1 1 1 1 1 1 1 1 1 1 1 1 1 1 1 1 1 1 1 1 1 1 1 1 1 1 1 1 1 1 1 1 
0 1 1 1 1 1 1 0 1 1 1 1 1 1 1 1 1 1 1 1 1 1 1 1 1 1 1 1 1 1 1 1 1 1 1 1 1 1 1 1 0 1 1 1 1 1 1 
1 1 1 1 1 1 1 1 1 1 0 1 1 1 1 1 1 1 1 1 1 1 1 1 1 1 1 1 1 1 1 1 1 1 1 1 1 1 1 1 1 1 1 0 1 1 1 
1 1 0 1 1 1 0 1 1 0 1 1 1 0 1 1 1 1 1 0 1 1 1 1 1 1 0 1 1 1 1 1 0 1 1 1 1 1 1 0 1 1 0 1 1 1 0 
1 1 1 1 1 1 1 1 1 1 1 1 1 1 1 1 1 1 1 1 1 1 1 1 1 1 1 1 1 1 1 1 1 1 1 1 1 1 1 1 1 1 1 1 1 1 1 
1 1 1 0 1 0 1 1 1 1 0 1 0 1 1 1 1 1 1 1 1 0 1 1 1 0 1 1 1 1 1 1 1 1 0 1 1 1 0 1 1 1 1 0 1 0 1 
1 0 0 1 1 1 1 1 0 0 1 1 1 1 1 1 0 1 0 0 1 1 1 1 1 1 1 1 1 0 1 0 0 1 1 1 1 1 1 1 1 0 0 1 1 1 1 
1 1 1 1 0 1 1 1 0 1 1 0 1 1 1 1 1 1 1 1 1 1 0 1 1 1 1 1 1 1 1 1 1 1 1 0 1 1 1 1 1 0 1 1 0 1 1 
1 0 1 1 1 1 0 1 0 1 1 1 1 0 1 1 0 1 1 1 1 1 1 1 1 1 1 1 1 0 1 1 1 1 1 1 1 1 1 1 1 0 1 1 1 1 0 
1 0 1 1 1 1 1 1 0 1 1 1 1 1 1 1 1 0 1 1 1 1 1 1 1 1 1 1 1 1 0 1 1 1 1 1 1 1 1 1 1 0 1 1 1 1 1 
1 1 0 0 1 1 1 1 1 0 0 1 1 1 1 1 1 1 0 1 1 0 1 1 1 1 1 1 1 1 1 0 1 1 0 1 1 1 1 1 1 1 0 0 1 1 1 
1 1 0 0 1 1 1 1 0 0 0 1 1 1 1 1 1 1 0 1 1 0 1 1 1 1 1 1 1 1 1 0 1 1 0 1 1 1 1 1 1 0 0 0 1 1 1 
1 1 1 1 0 1 1 1 1 1 1 0 0 1 1 1 1 1 1 1 1 1 0 1 1 1 1 1 1 1 1 1 1 1 1 0 1 1 1 1 1 1 1 1 0 0 1 
1 1 1 1 1 0 0 1 1 1 1 1 0 0 1 1 1 1 1 1 1 1 1 1 1 0 0 1 1 1 1 1 1 1 1 1 1 1 0 0 1 1 1 1 1 0 0 
1 0 1 1 0 0 1 1 0 1 1 0 0 1 1 1 0 1 1 1 1 1 1 0 1 0 1 1 1 0 1 1 1 1 1 1 0 1 0 1 1 0 1 1 0 0 1 
1 0 1 1 1 0 1 1 0 1 1 1 0 1 1 1 1 0 1 1 1 1 1 1 1 0 1 1 1 1 0 1 1 1 1 1 1 1 0 1 1 0 1 1 1 0 1 
1 1 1 1 1 1 1 1 1 1 1 1 1 1 1 1 1 1 1 1 1 1 1 1 1 1 1 1 1 1 1 1 1 1 1 1 1 1 1 1 1 1 1 1 1 1 1 
1 1 1 1 1 0 0 1 1 1 1 1 0 0 1 1 1 1 1 1 1 1 1 1 1 0 0 1 1 1 1 1 1 1 1 1 1 1 0 0 1 1 1 1 1 0 0 
1 1 0 1 1 1 1 1 1 0 1 1 1 1 1 1 1 1 0 1 1 1 1 1 1 1 1 1 1 1 1 0 1 1 1 1 1 1 1 1 1 1 0 1 1 1 1 
1 1 0 1 1 1 1 1 1 0 1 1 1 1 1 1 1 1 1 0 1 1 1 1 1 1 1 1 1 1 1 1 0 1 1 1 1 1 1 1 1 1 0 1 1 1 1 
1 1 0 1 1 1 1 1 1 0 1 1 0 1 1 1 1 1 0 1 1 1 1 1 1 1 1 1 1 1 1 0 1 1 1 1 1 1 1 1 1 1 0 1 1 0 1 
1 1 0 0 1 0 1 1 1 0 0 1 0 1 1 1 1 1 1 0 1 0 1 1 0 1 1 1 1 1 1 1 0 1 0 1 1 0 1 1 1 1 0 0 1 0 1 
1 1 1 1 1 1 1 1 1 1 1 1 1 1 1 1 1 1 1 1 1 1 1 1 1 1 1 1 1 1 1 1 1 1 1 1 1 1 1 1 1 1 1 1 1 1 1 
1 1 1 0 1 1 1 1 1 1 0 1 1 1 1 1 1 1 1 1 1 1 1 1 1 1 1 1 1 1 1 1 1 1 1 1 1 1 1 1 1 1 1 0 1 1 1 
0 1 0 1 1 1 1 0 0 0 1 1 1 1 1 0 1 1 1 0 1 1 1 1 1 1 1 1 0 1 1 1 0 1 1 1 1 1 1 1 0 0 0 1 1 1 1 
1 1 0 0 1 1 1 1 1 0 0 1 1 1 1 1 1 1 0 1 1 1 1 1 1 1 1 1 1 1 1 0 1 1 1 1 1 1 1 1 1 1 0 0 1 1 1 
1 1 1 1 1 0 1 1 1 1 1 0 0 1 1 1 1 1 1 1 1 1 1 1 1 0 1 1 1 1 1 1 1 1 1 1 1 1 0 1 1 1 1 1 0 0 1 
1 1 1 1 1 1 1 1 1 1 1 1 1 1 1 1 1 1 1 1 1 1 1 1 1 1 1 1 1 1 1 1 1 1 1 1 1 1 1 1 1 1 1 1 1 1 1 
0 1 0 0 1 1 1 0 1 0 0 1 1 1 0 1 1 1 0 1 0 1 1 1 1 1 1 0 1 1 1 0 1 0 1 1 1 1 1 1 0 1 0 0 1 1 1 
1 0 1 0 1 1 1 1 0 1 0 1 1 1 1 1 1 0 1 1 1 1 1 1 1 1 1 1 1 1 0 1 1 1 1 1 1 1 1 1 1 0 1 0 1 1 1 
1 1 1 1 1 1 1 1 1 1 1 1 1 1 1 1 1 1 1 1 1 1 1 1 1 1 1 1 1 1 1 1 1 1 1 1 1 1 1 1 1 1 1 1 1 1 1 
1 1 1 1 1 1 1 1 1 1 1 1 1 1 1 1 1 1 1 1 1 1 1 1 1 1 1 1 1 1 1 1 1 1 1 1 1 1 1 1 1 1 1 1 1 1 1 
1 0 1 1 1 1 1 1 0 1 1 1 1 1 1 1 1 0 1 1 1 1 1 1 1 1 1 1 1 1 0 1 1 1 1 1 1 1 1 1 1 0 1 1 1 1 1 
1 0 1 1 1 1 1 1 0 1 1 1 1 1 1 1 0 1 1 1 1 1 1 1 1 1 1 1 1 0 1 1 1 1 1 1 1 1 1 1 1 0 1 1 1 1 1 
1 1 1 1 0 1 1 1 1 1 1 0 1 1 1 1 1 1 1 1 1 1 1 1 1 1 1 1 1 1 1 1 1 1 1 1 1 1 1 1 1 1 1 1 0 1 1 
1 1 1 1 1 1 1 1 1 1 1 1 1 1 1 1 1 1 1 1 1 1 1 1 1 1 1 1 1 1 1 1 1 1 1 1 1 1 1 1 1 1 1 1 1 1 1 
1 1 0 0 1 1 1 1 1 0 0 1 1 1 1 1 1 1 1 0 1 0 1 1 1 1 1 1 1 1 1 1 0 1 0 1 1 1 1 1 1 1 0 0 1 1 1 
1 1 0 1 0 1 1 1 1 0 1 0 1 1 1 1 1 1 1 0 1 1 0 1 1 1 1 1 1 1 1 1 0 1 1 0 1 1 1 1 1 1 0 1 0 1 1 
1 1 0 1 0 1 1 0 1 0 1 0 1 1 1 1 1 1 1 0 1 1 0 1 1 1 1 1 1 1 1 1 0 1 1 0 1 1 1 1 0 1 0 1 0 1 1 
0 1 1 0 1 1 1 0 1 1 0 1 1 1 1 0 1 1 1 1 1 0 1 1 1 1 1 1 0 1 1 1 1 1 0 1 1 1 1 1 0 1 1 0 1 1 1 
1 1 1 1 1 1 1 1 1 1 1 1 1 1 1 1 1 1 1 1 1 1 1 1 1 1 1 1 1 1 1 1 1 1 1 1 1 1 1 1 1 1 1 1 1 1 1 
0 1 0 1 1 1 1 0 1 0 1 1 1 1 1 0 1 1 1 0 1 1 1 1 1 1 1 1 0 1 1 1 0 1 1 1 1 1 1 1 0 1 0 1 1 1 1 
0 1 1 1 1 1 1 0 1 0 1 1 1 1 1 0 1 1 1 1 1 1 1 1 1 1 1 1 0 1 1 1 1 1 1 1 1 1 1 1 0 1 0 1 1 1 1 
1 0 1 1 1 1 1 1 0 1 1 1 1 1 1 1 0 0 1 1 1 1 1 1 1 1 1 1 1 0 0 1 1 1 1 1 1 1 1 1 1 0 1 1 1 1 1 
1 1 1 1 1 1 1 1 1 1 1 1 1 1 1 1 1 1 1 1 1 1 1 1 1 1 1 1 1 1 1 1 1 1 1 1 1 1 1 1 1 1 1 1 1 1 1 
0 1 1 1 1 1 0 0 1 1 1 1 1 0 1 1 1 1 1 1 1 1 1 1 1 1 0 1 1 1 1 1 1 1 1 1 1 1 1 0 0 1 1 1 1 1 0 
1 1 1 1 1 0 1 0 1 1 1 1 0 1 1 1 1 1 1 1 1 1 1 1 0 1 1 1 1 1 1 1 1 1 1 1 1 0 1 1 0 1 1 1 1 0 1 
1 1 1 1 0 0 1 1 1 1 1 0 0 1 1 1 1 1 1 1 1 1 0 1 0 1 1 1 1 1 1 1 1 1 1 0 1 0 1 1 1 1 1 1 0 0 1 
0 1 0 0 1 1 1 0 1 0 0 1 1 1 0 1 1 1 0 1 1 0 1 1 1 1 1 0 1 1 1 0 1 1 0 1 1 1 1 1 0 1 0 0 1 1 1 
1 1 1 1 0 1 1 1 1 1 1 0 1 1 1 1 1 1 1 1 1 1 0 1 1 1 1 1 1 1 1 1 1 1 1 0 1 1 1 1 1 1 1 1 0 1 1 
0 1 1 1 1 1 1 0 1 1 1 1 1 1 0 1 1 1 1 1 1 1 1 1 1 1 1 0 1 1 1 1 1 1 1 1 1 1 1 1 0 1 1 1 1 1 1 
1 1 1 1 1 1 1 1 1 1 1 1 1 1 1 1 1 1 1 1 1 1 1 1 1 1 1 1 1 1 1 1 1 1 1 1 1 1 1 1 1 1 1 1 1 1 1 
1 1 1 1 1 1 1 1 1 1 1 1 1 1 1 1 1 1 1 1 1 1 1 1 1 1 1 1 1 1 1 1 1 1 1 1 1 1 1 1 1 1 1 1 1 1 1 
1 1 1 1 1 1 1 1 1 1 1 1 1 1 1 1 1 1 1 1 1 1 1 1 1 1 1 1 1 1 1 1 1 1 1 1 1 1 1 1 1 1 1 1 1 1 1 
1 1 1 1 1 1 1 1 1 1 1 1 0 1 1 1 1 1 1 1 1 1 1 1 1 1 1 1 1 1 1 1 1 1 1 1 1 1 1 1 1 1 1 1 1 0 1 
1 0 1 0 1 1 1 1 0 0 0 1 1 1 1 1 1 1 1 1 0 1 1 1 1 1 1 1 1 1 1 1 1 0 1 1 1 1 1 1 1 0 0 0 1 1 1 
1 1 0 1 0 1 1 1 1 0 1 0 1 1 1 1 1 1 0 1 1 1 0 1 1 1 1 1 1 1 1 0 1 1 1 0 1 1 1 1 1 1 0 1 0 1 1 
1 0 1 1 1 1 1 1 0 1 1 1 1 1 1 1 0 1 1 1 1 1 1 1 1 1 1 1 1 0 1 1 1 1 1 1 1 1 1 1 1 0 1 1 1 1 1 
0 1 1 1 0 0 1 0 1 1 1 0 0 1 1 0 1 1 1 1 1 1 0 1 0 1 1 1 0 1 1 1 1 1 1 0 1 0 1 1 0 1 1 1 0 0 1 
1 1 1 1 1 1 1 1 1 1 1 1 1 1 1 1 1 1 1 1 1 1 1 1 1 1 1 1 1 1 1 1 1 1 1 1 1 1 1 1 1 1 1 1 1 1 1 
1 1 1 0 0 1 1 1 1 1 0 0 1 1 1 1 1 1 1 1 0 1 0 0 1 1 1 1 1 1 1 1 1 0 1 0 0 1 1 1 1 1 1 0 0 1 1 
0 1 1 1 1 1 1 0 1 1 1 1 1 1 0 1 1 1 1 1 1 1 1 1 1 1 1 0 1 1 1 1 1 1 1 1 1 1 1 1 0 1 1 1 1 1 1 
0 1 1 1 0 1 1 0 1 1 1 0 1 1 1 0 1 1 1 1 1 1 1 1 1 1 1 1 0 1 1 1 1 1 1 1 1 1 1 1 0 1 1 1 0 1 1 
1 1 1 0 1 1 1 1 1 1 0 1 1 1 1 1 1 1 1 1 1 0 1 1 1 1 1 1 1 1 1 1 1 1 0 1 1 1 1 1 1 1 1 0 1 1 1 
1 0 0 1 1 1 1 1 0 0 1 1 1 1 1 1 0 1 1 0 1 1 1 1 1 1 1 1 1 0 1 1 0 1 1 1 1 1 1 1 1 0 0 1 1 1 1 
0 1 1 1 1 1 1 0 1 1 1 1 1 1 1 0 1 1 1 1 1 1 1 1 1 1 1 1 0 1 1 1 1 1 1 1 1 1 1 1 0 1 1 1 1 1 1 
1 1 1 1 1 1 1 0 1 1 1 1 1 1 1 1 1 1 1 1 1 1 1 1 1 1 1 1 1 1 1 1 1 1 1 1 1 1 1 1 0 1 1 1 1 1 1 
1 1 1 1 1 1 1 1 1 0 1 0 1 1 1 1 1 1 1 1 1 1 1 1 1 1 1 1 1 1 1 1 1 1 1 1 1 1 1 1 1 1 0 1 0 1 1 
1 1 0 1 1 0 1 1 1 0 1 1 0 1 1 1 1 1 0 1 1 1 1 1 1 0 1 1 1 1 1 0 1 1 1 1 1 1 0 1 1 1 0 1 1 0 1 
1 1 1 1 1 1 1 1 1 1 1 1 1 1 1 1 1 1 1 1 1 1 1 1 1 1 1 1 1 1 1 1 1 1 1 1 1 1 1 1 1 1 1 1 1 1 1 
1 1 1 1 0 1 1 1 1 0 1 0 1 1 1 1 1 1 1 1 1 1 1 0 1 1 1 1 1 1 1 1 1 1 1 1 0 1 1 1 1 1 0 1 0 1 1 
1 1 1 1 1 0 1 1 1 1 1 1 0 1 1 1 1 1 1 1 1 1 1 1 0 1 1 1 1 1 1 1 1 1 1 1 1 0 1 1 1 1 1 1 1 0 1 
1 1 1 1 1 1 0 1 1 0 1 1 1 0 1 1 1 1 1 1 1 1 1 1 1 1 0 1 1 1 1 1 1 1 1 1 1 1 1 0 1 1 0 1 1 1 0 
1 1 1 1 1 1 1 1 1 1 1 1 1 1 1 1 1 1 1 1 1 1 1 1 1 1 1 1 1 1 1 1 1 1 1 1 1 1 1 1 1 1 1 1 1 1 1 
1 1 1 0 1 0 1 1 1 1 0 1 0 1 1 1 1 1 1 1 1 0 1 1 0 1 1 1 1 1 1 1 1 1 0 1 1 0 1 1 1 1 1 0 1 0 1 
1 0 1 0 1 1 1 1 0 1 0 1 1 1 1 1 0 1 1 1 0 0 1 1 1 1 1 1 1 0 1 1 1 0 0 1 1 1 1 1 1 0 1 0 1 1 1 
1 1 1 0 1 1 1 1 1 1 0 1 1 1 1 1 1 1 1 1 1 1 1 1 1 1 1 1 1 1 1 1 1 1 1 1 1 1 1 1 1 1 1 0 1 1 1 
1 1 1 1 1 1 1 1 1 1 1 1 1 1 1 1 1 1 1 1 1 1 1 1 1 1 1 1 1 1 1 1 1 1 1 1 1 1 1 1 1 1 1 1 1 1 1 
1 1 1 0 1 1 1 1 1 1 0 1 1 1 1 1 1 1 1 1 0 1 1 1 1 1 1 1 1 1 1 1 1 0 1 1 1 1 1 1 1 1 1 0 1 1 1 
1 1 1 1 1 1 1 1 1 1 1 1 1 1 1 1 1 1 1 1 1 1 1 1 1 1 1 1 1 1 1 1 1 1 1 1 1 1 1 1 1 1 1 1 1 1 1 
0 0 1 1 1 1 1 0 0 1 1 1 0 1 0 1 0 1 1 1 1 1 1 1 1 1 1 0 1 0 1 1 1 1 1 1 1 1 1 1 0 0 1 1 1 0 1 
1 1 0 1 1 1 1 1 1 0 1 0 1 1 1 1 1 1 1 0 1 1 1 1 1 1 1 1 1 1 1 1 0 1 1 1 1 1 1 1 1 1 0 1 0 1 1 
0 1 1 1 1 0 1 0 1 1 0 1 0 1 1 0 1 1 1 1 1 1 1 1 1 0 1 1 0 1 1 1 1 1 1 1 1 1 0 1 0 1 1 0 1 0 1 
1 1 1 0 1 1 1 1 1 0 0 1 1 1 1 1 1 1 1 1 0 0 1 1 1 1 1 1 1 1 1 1 1 0 0 1 1 1 1 1 1 1 0 0 1 1 1 
]

EmployeeWantedInStint: [ (2 4) 1 (4 33) 1 (5 19) 1 (6 12) 1 (9 6) 1 (9 17) 1 (9 41) 1 (10 2) 1 (10 28) 1 (10 31) 1 (10 42) 1 (11 31) 1 (12 26) 1 (12 29) 1 (15 8) 1 (15 20) 1 (18 16) 1 (18 40) 1 (19 12) 1 (20 20) 1 (20 23) 1 (20 40) 1 (21 40) 1 (22 45) 1 (23 43) 1 (26 47) 1 (27 22) 1 (28 18) 1 (30 44) 1 (33 13) 1 (33 33) 1 (33 38) 1 (34 12) 1 (34 30) 1 (35 16) 1 (35 38) 1 (36 44) 1 (37 13) 1 (37 23) 1 (37 26) 1 (38 30) 1 (40 38) 1 (41 20) 1 (45 5) 1 (46 22) 1 (47 13) 1 (47 46) 1 (48 17) 1 (48 23) 1 (48 45) 1 (50 32) 1 (52 1) 1 (53 25) 1 (53 41) 1 (54 20) 1 (55 18) 1 (55 28) 1 (55 37) 1 (59 4) 1 (59 6) 1 (59 25) 1 (59 43) 1 (60 21) 1 (60 35) 1 (63 11) 1 (63 13) 1 (67 7) 1 (67 32) 1 (68 8) 1 (72 42) 1 (73 18) 1 (73 42) 1 (74 47) 1 (75 6) 1 (78 11) 1 (78 25) 1 (79 26) 1 (79 33) 1 (80 15) 1 (81 14) 1 (84 3) 1 (85 41) 1 (88 2) 1 (88 19) 1 (90 30) 1 ]

EmployeeWantedViolationCost: [ (2 4) 6000 (4 33) 12000 (5 19) 13000 (6 12) 6000 (9 6) 15000 (9 17) 7000 (9 41) 10000 (10 2) 11000 (10 28) 9000 (10 31) 8000 (10 42) 5000 (11 31) 10000 (12 26) 7000 (12 29) 8000 (15 8) 15000 (15 20) 5000 (18 16) 6000 (18 40) 15000 (19 12) 7000 (20 20) 14000 (20 23) 13000 (20 40) 13000 (21 40) 13000 (22 45) 9000 (23 43) 6000 (26 47) 7000 (27 22) 12000 (28 18) 7000 (30 44) 11000 (33 13) 12000 (33 33) 6000 (33 38) 14000 (34 12) 7000 (34 30) 8000 (35 16) 11000 (35 38) 13000 (36 44) 10000 (37 13) 9000 (37 23) 9000 (37 26) 11000 (38 30) 5000 (40 38) 6000 (41 20) 10000 (45 5) 5000 (46 22) 8000 (47 13) 8000 (47 46) 11000 (48 17) 7000 (48 23) 6000 (48 45) 9000 (50 32) 5000 (52 1) 11000 (53 25) 14000 (53 41) 15000 (54 20) 11000 (55 18) 5000 (55 28) 11000 (55 37) 11000 (59 4) 9000 (59 6) 5000 (59 25) 12000 (59 43) 6000 (60 21) 8000 (60 35) 7000 (63 11) 11000 (63 13) 8000 (67 7) 9000 (67 32) 7000 (68 8) 12000 (72 42) 6000 (73 18) 8000 (73 42) 11000 (74 47) 14000 (75 6) 9000 (78 11) 13000 (78 25) 5000 (79 26) 8000 (79 33) 8000 (80 15) 10000 (81 14) 6000 (84 3) 7000 (85 41) 8000 (88 2) 13000 (88 19) 13000 (90 30) 11000 ]

EmployeesThatShouldNotWorkTogetherWithEmployee: [
[ 7 17 29 45 49 81 ]
[ 14 48 53 73 ]
[ 30 44 67 ]
[ 7 16 34 58 64 ]
[ 22 39 40 69 ]
[ 10 14 42 58 ]
[ 9 70 ]
[ 41 52 61 84 ]
[ 21 25 51 58 ]
[ 23 ]
[ 24 28 43 ]
[ 13 28 48 65 ]
[ 26 36 88 ]
[ 17 41 42 43 72 74 ]
[ 46 85 88 ]
[ 26 33 43 ]
[ 89 ]
[ 35 39 84 ]
[ 24 27 48 54 65 ]
[ 84 ]
[ 81 ]
[ 28 53 78 81 90 ]
[ 29 68 78 90 ]
[ 79 80 82 ]
[ 36 55 75 90 ]
[ 75 81 ]
[ 41 67 ]
[ 59 66 69 88 ]
[ 37 54 ]
[ 56 80 88 ]
[ 65 71 ]
[ 44 51 76 ]
[ 42 51 ]
[ 67 76 ]
[ 37 46 57 68 72 ]
[ 64 ]
[ 39 57 74 ]
[ 39 ]
[ ]
[ 42 46 67 72 88 ]
[ 66 ]
[ 58 61 68 ]
[ ]
[ 53 72 89 ]
[ 77 ]
[ 87 ]
[ 57 ]
[ 70 ]
[ 61 64 70 73 74 ]
[ 71 87 ]
[ 82 ]
[ ]
[ 88 ]
[ 63 65 74 ]
[ ]
[ 60 74 ]
[ 58 77 90 ]
[ 61 83 ]
[ 61 80 ]
[ ]
[ 63 ]
[ ]
[ 76 85 ]
[ 70 82 ]
[ 79 ]
[ 69 70 73 77 89 ]
[ 69 72 ]
[ 79 88 ]
[ ]
[ 83 ]
[ ]
[ 73 ]
[ ]
[ ]
[ 77 80 ]
[ 78 84 85 ]
[ ]
[ 85 ]
[ ]
[ 87 ]
[ 86 ]
[ ]
[ 88 ]
[ ]
[ ]
[ ]
[ ]
[ ]
[ ]
[ ]
]

ShouldNotWorkTogetherCost: [ (1 7) 396 (1 17) 198 (1 29) 297 (1 45) 198 (1 49) 198 (1 81) 198 (2 14) 396 (2 48) 99 (2 53) 99 (2 73) 99 (3 30) 99 (3 44) 198 (3 67) 99 (4 7) 99 (4 16) 198 (4 34) 198 (4 58) 297 (4 64) 198 (5 22) 99 (5 39) 297 (5 40) 396 (5 69) 99 (6 10) 99 (6 14) 297 (6 42) 99 (6 58) 297 (7 9) 198 (7 70) 396 (8 41) 198 (8 52) 198 (8 61) 297 (8 84) 396 (9 21) 198 (9 25) 396 (9 51) 198 (9 58) 198 (10 23) 99 (11 24) 198 (11 28) 99 (11 43) 297 (12 13) 396 (12 28) 198 (12 48) 99 (12 65) 396 (13 26) 99 (13 36) 396 (13 88) 396 (14 17) 198 (14 41) 297 (14 42) 99 (14 43) 396 (14 72) 297 (14 74) 198 (15 46) 99 (15 85) 297 (15 88) 198 (16 26) 198 (16 33) 198 (16 43) 198 (17 89) 198 (18 35) 198 (18 39) 99 (18 84) 99 (19 24) 297 (19 27) 99 (19 48) 99 (19 54) 297 (19 65) 99 (20 84) 198 (21 81) 297 (22 28) 297 (22 53) 297 (22 78) 99 (22 81) 297 (22 90) 297 (23 29) 297 (23 68) 99 (23 78) 198 (23 90) 297 (24 79) 99 (24 80) 396 (24 82) 396 (25 36) 198 (25 55) 396 (25 75) 396 (25 90) 99 (26 75) 99 (26 81) 198 (27 41) 297 (27 67) 198 (28 59) 297 (28 66) 297 (28 69) 99 (28 88) 198 (29 37) 198 (29 54) 396 (30 56) 99 (30 80) 198 (30 88) 297 (31 65) 99 (31 71) 297 (32 44) 297 (32 51) 99 (32 76) 297 (33 42) 198 (33 51) 297 (34 67) 297 (34 76) 198 (35 37) 396 (35 46) 396 (35 57) 396 (35 68) 99 (35 72) 99 (36 64) 99 (37 39) 198 (37 57) 297 (37 74) 99 (38 39) 297 (40 42) 198 (40 46) 198 (40 67) 297 (40 72) 198 (40 88) 198 (41 66) 396 (42 58) 297 (42 61) 198 (42 68) 297 (44 53) 99 (44 72) 297 (44 89) 99 (45 77) 99 (46 87) 297 (47 57) 297 (48 70) 297 (49 61) 396 (49 64) 198 (49 70) 297 (49 73) 198 (49 74) 198 (50 71) 99 (50 87) 396 (51 82) 198 (53 88) 99 (54 63) 297 (54 65) 99 (54 74) 99 (56 60) 396 (56 74) 99 (57 58) 297 (57 77) 396 (57 90) 396 (58 61) 99 (58 83) 99 (59 61) 396 (59 80) 396 (61 63) 99 (63 76) 396 (63 85) 198 (64 70) 396 (64 82) 198 (65 79) 99 (66 69) 198 (66 70) 198 (66 73) 198 (66 77) 297 (66 89) 198 (67 69) 99 (67 72) 396 (68 79) 396 (68 88) 99 (70 83) 99 (72 73) 198 (75 77) 99 (75 80) 396 (76 78) 99 (76 84) 198 (76 85) 297 (78 85) 198 (80 87) 396 (81 86) 297 (83 88) 297 ]

ImmediatePredecessorsToActivity: [
[ ]
[ 1 ]
[ 2 ]
[ 1 ]
[ 2 ]
[ 3 ]
[ 4 ]
[ 6 ]
[ 6 ]
[ 2 ]
[ 2 ]
[ 6 11 ]
[ 5 9 12 ]
[ 9 ]
[ 4 9 ]
[ 4 5 14 ]
[ 2 ]
[ 3 4 10 12 17 ]
[ ]
[ 19 ]
[ 19 ]
[ 19 ]
[ 19 ]
[ 22 ]
[ 20 ]
[ 20 ]
[ 20 23 ]
[ 19 ]
[ 26 27 ]
[ 26 ]
[ 28 ]
[ 24 ]
[ 25 26 ]
[ 22 26 27 28 ]
[ 23 ]
[ 28 35 ]
[ 23 33 34 ]
[ 31 32 34 ]
[ 25 26 27 28 35 ]
[ 31 ]
[ ]
[ 41 ]
[ 41 ]
[ 42 43 ]
[ 43 ]
[ 44 45 ]
[ 41 ]
[ 43 47 ]
[ 45 ]
[ 47 ]
[ 45 47 ]
[ 42 ]
[ 41 ]
[ 43 ]
[ 47 ]
[ 46 55 ]
[ 41 ]
[ ]
[ 58 ]
[ 58 ]
[ 58 ]
[ 58 ]
[ 62 ]
[ 59 62 ]
[ 59 ]
[ 59 61 63 ]
[ 60 63 64 ]
[ 66 ]
[ 64 ]
[ 60 63 ]
[ 67 ]
[ 60 63 64 ]
[ 59 63 69 71 ]
[ 60 ]
[ 65 68 ]
[ 65 67 68 ]
[ ]
[ 77 ]
[ 77 ]
[ 77 ]
[ 77 ]
[ 81 ]
[ 82 ]
[ 77 ]
[ 77 ]
[ 81 ]
[ 78 80 ]
[ 80 ]
[ 87 ]
[ 79 85 ]
[ 80 89 ]
[ 84 ]
[ 80 83 ]
[ 92 93 ]
[ 91 93 ]
[ 78 81 89 ]
]

ActivitiesInProject: [
[ 1 2 3 4 5 6 7 8 9 10 11 12 13 14 15 16 17 18 ]
[ 19 20 21 22 23 24 25 26 27 28 29 30 31 32 33 34 35 36 37 38 39 40 ]
[ 41 42 43 44 45 46 47 48 49 50 51 52 53 54 55 56 57 ]
[ 58 59 60 61 62 63 64 65 66 67 68 69 70 71 72 73 74 75 76 ]
[ 77 78 79 80 81 82 83 84 85 86 87 88 89 90 91 92 93 94 95 96 ]
]

nActivityModes: [ 1 1 1 1 1 1 1 1 1 1 1 1 1 1 1 1 1 1 1 1 1 1 1 1 1 1 1 1 1 1 1 1 1 1 1 1 1 1 1 1 1 1 1 1 1 1 1 1 1 1 1 1 1 1 1 1 1 1 1 1 1 1 1 1 1 1 1 1 1 1 1 1 1 1 1 1 1 1 1 1 1 1 1 1 1 1 1 1 1 1 1 1 1 1 1 1 ]

ActivityDurationWithMode: [
1	
8	
8	
7	
6	
6	
32	
13	
7	
6	
18	
6	
10	
7	
9	
5	
12	
7	
1	
7	
61	
8	
11	
34	
9	
11	
6	
6	
7	
9	
6	
7	
8	
22	
8	
14	
7	
7	
31	
26	
1	
10	
5	
7	
11	
9	
7	
5	
8	
10	
10	
11	
15	
25	
6	
5	
23	
1	
10	
8	
23	
8	
5	
6	
13	
5	
10	
4	
5	
22	
8	
11	
4	
10	
5	
5	
1	
11	
50	
12	
11	
10	
7	
13	
46	
11	
6	
36	
12	
6	
9	
28	
13	
8	
9	
22	
]

StintsInProject: [
[ 1 2 3 4 5 6 7 ]
[ 8 9 10 11 12 13 14 ]
[ 15 16 17 18 19 20 21 22 23 24 25 26 27 ]
[ 28 29 30 31 32 33 34 35 36 37 38 39 40 ]
[ 41 42 43 44 45 46 47 ]
]

WorkingStintsOnDay: [
[ 1 8 15 28 41 ]
[ 1 8 15 28 41 ]
[ 1 8 15 28 41 ]
[ 1 8 15 28 41 ]
[ 1 8 15 28 41 ]
[ 1 8 41 ]
[ 1 8 41 ]
[ 1 8 16 29 41 ]
[ 1 8 16 29 41 ]
[ 1 8 16 29 41 ]
[ 1 8 16 29 41 ]
[ 1 8 16 29 41 ]
[ 8 41 ]
[ 8 41 ]
[ 2 9 17 30 42 ]
[ 2 9 17 30 42 ]
[ 2 9 17 30 42 ]
[ 2 9 17 30 42 ]
[ 2 9 17 30 42 ]
[ 2 9 42 ]
[ 2 9 42 ]
[ 2 9 18 31 42 ]
[ 2 9 18 31 42 ]
[ 2 9 18 31 42 ]
[ 2 9 18 31 42 ]
[ 2 9 18 31 42 ]
[ 9 42 ]
[ 9 42 ]
[ 3 10 19 32 43 ]
[ 3 10 19 32 43 ]
[ 3 10 19 32 43 ]
[ 3 10 19 32 43 ]
[ 3 10 19 32 43 ]
[ 3 10 43 ]
[ 3 10 43 ]
[ 3 10 20 33 43 ]
[ 3 10 20 33 43 ]
[ 3 10 20 33 43 ]
[ 3 10 20 33 43 ]
[ 3 10 20 33 43 ]
[ 10 43 ]
[ 10 43 ]
[ 4 11 21 34 44 ]
[ 4 11 21 34 44 ]
[ 4 11 21 34 44 ]
[ 4 11 21 34 44 ]
[ 4 11 21 34 44 ]
[ 4 11 44 ]
[ 4 11 44 ]
[ 4 11 22 35 44 ]
[ 4 11 22 35 44 ]
[ 4 11 22 35 44 ]
[ 4 11 22 35 44 ]
[ 4 11 22 35 44 ]
[ 11 44 ]
[ 11 44 ]
[ 5 12 23 36 45 ]
[ 5 12 23 36 45 ]
[ 5 12 23 36 45 ]
[ 5 12 23 36 45 ]
[ 5 12 23 36 45 ]
[ 5 12 45 ]
[ 5 12 45 ]
[ 5 12 24 37 45 ]
[ 5 12 24 37 45 ]
[ 5 12 24 37 45 ]
[ 5 12 24 37 45 ]
[ 5 12 24 37 45 ]
[ 12 45 ]
[ 12 45 ]
[ 6 13 25 38 46 ]
[ 6 13 25 38 46 ]
[ 6 13 25 38 46 ]
[ 6 13 25 38 46 ]
[ 6 13 25 38 46 ]
[ 6 13 46 ]
[ 6 13 46 ]
[ 6 13 26 39 46 ]
[ 6 13 26 39 46 ]
[ 6 13 26 39 46 ]
[ 6 13 26 39 46 ]
[ 6 13 26 39 46 ]
[ 13 46 ]
[ 13 46 ]
[ 7 14 27 40 47 ]
[ 7 14 27 40 47 ]
[ 7 14 27 40 47 ]
[ 7 14 27 40 47 ]
[ 7 14 27 40 47 ]
[ 7 14 47 ]
]

ProjectStart: [ 15 9 19 26 19 ]

ProjectEnd: [ 64 70 67 80 76 ]

EarliestStartDayForActivity: [ 1 15 23 15 23 33 22 39 39 23 23 45 51 48 48 55 23 51 1 9 9 9 9 17 16 16 20 9 27 27 15 51 27 27 20 28 49 58 28 21 1 19 19 33 26 44 19 30 41 30 41 33 19 26 30 55 19 1 26 26 26 26 38 40 40 59 48 66 48 45 62 48 74 38 72 72 1 19 19 19 19 30 40 19 19 30 31 31 37 69 49 32 47 60 60 49 ]

LatestStartDayForActivity: [ 1 64 64 64 64 64 64 64 64 64 64 64 64 64 64 64 64 64 1 70 70 70 70 70 70 70 70 70 70 70 70 70 70 70 70 70 70 70 70 70 1 67 67 67 67 67 67 67 67 67 67 67 67 67 67 67 67 1 80 80 80 80 80 80 80 80 80 80 80 80 80 80 80 80 80 80 1 76 76 76 76 76 76 76 76 76 76 76 76 76 76 76 76 76 76 76 ]

EquipmentTypeDemandInActivityWithMode: [
0	
2	
1	
0	
0	
0	
1	
0	
1	
2	
0	
0	
0	
1	
0	
0	
0	
0	
0	
2	
1	
0	
0	
0	
0	
2	
2	
3	
0	
0	
0	
0	
0	
1	
1	
1	
1	
1	
1	
0	
0	
0	
0	
2	
1	
0	
2	
1	
0	
0	
0	
1	
0	
0	
1	
1	
0	
0	
0	
0	
0	
1	
0	
1	
0	
1	
1	
0	
0	
1	
1	
1	
0	
1	
0	
1	
0	
1	
0	
0	
2	
0	
0	
0	
0	
1	
1	
0	
0	
1	
2	
1	
0	
0	
0	
0	

0	
0	
0	
0	
1	
0	
0	
1	
0	
1	
1	
0	
0	
1	
1	
3	
1	
0	
0	
2	
2	
0	
0	
0	
1	
1	
1	
1	
0	
3	
1	
0	
0	
1	
1	
0	
0	
1	
0	
1	
0	
1	
2	
0	
0	
1	
1	
1	
1	
0	
0	
0	
1	
1	
2	
0	
0	
0	
1	
0	
1	
0	
0	
0	
1	
0	
2	
1	
3	
2	
2	
0	
1	
0	
2	
1	
0	
1	
2	
1	
0	
1	
1	
0	
1	
0	
1	
0	
2	
2	
0	
1	
1	
0	
1	
0	

0	
0	
0	
1	
0	
0	
1	
1	
1	
0	
1	
0	
0	
0	
0	
0	
0	
1	
0	
0	
0	
0	
2	
1	
0	
1	
0	
0	
0	
1	
0	
1	
1	
0	
1	
0	
0	
0	
1	
1	
0	
1	
0	
2	
1	
0	
1	
1	
2	
1	
1	
0	
1	
1	
0	
0	
1	
0	
0	
1	
0	
0	
0	
0	
0	
0	
1	
0	
1	
0	
2	
0	
0	
1	
1	
0	
0	
0	
0	
1	
0	
0	
1	
0	
0	
1	
1	
1	
0	
0	
1	
1	
3	
1	
1	
0	

0	
0	
1	
0	
0	
3	
0	
2	
0	
0	
0	
1	
0	
1	
1	
0	
1	
0	
0	
0	
0	
0	
0	
0	
0	
0	
0	
0	
0	
0	
1	
0	
1	
0	
0	
0	
1	
0	
0	
1	
0	
0	
1	
0	
1	
1	
1	
0	
0	
0	
0	
0	
1	
1	
0	
0	
1	
0	
0	
1	
1	
0	
0	
1	
0	
0	
0	
0	
0	
1	
0	
0	
1	
2	
0	
1	
0	
1	
0	
1	
0	
1	
1	
1	
0	
0	
0	
0	
1	
0	
0	
1	
1	
1	
0	
0	

0	
0	
2	
0	
1	
0	
2	
0	
1	
0	
2	
1	
2	
0	
2	
1	
2	
1	
0	
1	
0	
2	
1	
1	
0	
2	
1	
1	
2	
3	
1	
2	
2	
1	
1	
2	
1	
1	
0	
2	
0	
3	
0	
0	
0	
2	
1	
1	
1	
1	
0	
1	
0	
1	
3	
0	
1	
0	
1	
2	
0	
1	
0	
0	
2	
2	
1	
0	
0	
0	
1	
1	
0	
1	
1	
1	
0	
0	
0	
2	
0	
0	
1	
0	
0	
0	
1	
0	
0	
1	
0	
1	
1	
2	
0	
1	

]

ExternalEquipmentRentingCost: [
3068	3169	1521	3257	1424	5327	2338	4767	2844	3584	4433	2644	2669	5451	3765	1134	1223	3916	2642	1902	2082	4943	5939	2862	3787	2375	2896	5022	1954	3141	2155	3961	2009	4184	5064	1225	3153	3907	4508	1521	3377	2254	2222	2922	3984	2325	1248	3741	4954	5157	5801	3995	3184	2272	5817	2708	4575	2892	3596	5283	2486	5940	1151	4171	2185	5974	2280	1483	5912	3352	2281	1568	4162	4041	4401	2513	4025	2853	4670	3245	2636	5060	2426	2203	3296	1469	4561	3448	3492	2611	3274	1992	5301	2520	2660	5940	
3998	3568	3766	3208	3312	2886	2743	2377	1640	4918	3040	4720	2519	4397	4276	3575	3522	1425	2567	2619	5588	5557	3314	4033	1442	1807	1702	3526	2465	2784	4277	4207	1792	1625	3473	1444	3915	2180	2250	2899	2999	1029	2594	2645	5797	4090	1915	2256	4241	4905	1007	4179	4469	2100	5721	3478	5384	4468	5264	5387	2467	5785	2391	2356	1871	1377	3165	5777	5450	4766	5463	5042	4827	3896	3405	3940	4874	2554	3955	2625	5863	5918	1938	1136	5465	1416	3051	1957	5486	5503	3686	2477	1815	4493	3033	5723	
1591	2023	3157	4312	5488	4794	1324	5209	3310	5887	5727	2113	5063	3954	2868	5072	2213	4217	4156	5728	3577	4155	3688	2656	1089	1397	5515	1601	5340	3426	5175	2717	4537	3200	5664	2309	4242	1815	4240	5531	4019	3769	4874	3389	2395	5279	2034	5336	5408	1304	3724	5236	3077	4842	3160	5147	1892	2847	4507	2470	5364	3813	3896	2522	3056	4738	5703	1414	2861	1171	3640	2112	1408	1165	1091	2284	3267	1759	2314	1740	2249	1174	2251	2684	5669	1890	3397	5289	3607	5547	4488	4234	4104	2479	4458	1998	
3244	2593	5674	1183	3560	4650	2253	5527	3413	2646	2123	4658	5732	1748	2338	2585	2103	4099	3605	5947	2621	3719	3175	1076	3550	5229	1264	2472	4268	4145	3096	4184	4663	1438	3274	3285	5248	2804	4576	2287	4305	2072	2573	5519	3471	2530	3532	4010	4630	1123	4886	5485	2772	5946	4060	2264	5492	5629	1096	1093	5189	5155	1388	2935	4562	4748	5359	2486	4455	5380	2901	1246	5197	1861	5728	4793	4265	4359	3173	2765	3327	5386	2356	4829	3681	5124	2729	3268	3565	2183	1848	3541	3038	4728	2317	1811	
3200	1644	2937	4071	2285	2130	3842	4603	4117	5099	2110	2944	1677	2524	5097	3997	1143	5320	1919	2396	1317	5528	4841	5298	4920	4742	1486	5797	2288	5671	5791	3644	1035	4411	2547	5580	5956	1040	4761	1460	3783	4116	4168	1291	4074	3932	1370	4243	4123	3441	3505	4174	5725	4691	5128	4506	5388	3322	3186	4713	2680	1128	1033	2272	2322	1229	5940	5598	5768	2323	4901	3317	2325	2137	5687	4673	5871	4427	5641	2569	3015	5498	4951	2217	4762	2050	3362	1361	5716	5739	3509	3717	2816	5290	4795	4615	
]

EquipmentTypeTransportationCost: [
1	3938	3771	3034	3747	
3938	1	3181	3819	3155	
3771	3181	1	3530	1000	
3034	3819	3530	1	3537	
3747	3155	1000	3537	1	

1	4295	4089	3320	4059	
4295	1	3427	4110	3442	
4089	3427	1	3881	1000	
3320	4110	3881	1	3895	
4059	3442	1000	3895	1	

1	5153	4875	3876	4976	
5153	1	4101	4939	4109	
4875	4101	1	4577	1000	
3876	4939	4577	1	4588	
4976	4109	1000	4588	1	

1	5271	5099	4040	5098	
5271	1	4231	5147	4207	
5099	4231	1	4877	1000	
4040	5147	4877	1	4857	
5098	4207	1000	4857	1	

1	4320	4063	3283	4131	
4320	1	3459	4117	3439	
4063	3459	1	3807	1000	
3283	4117	3807	1	3817	
4131	3439	1000	3817	1	

]

TransportationTimeForEquipmentTypeBetweenProjects: [
1	4	3	1	3	
4	1	1	3	1	
3	1	1	3	1	
1	3	3	1	3	
3	1	1	3	1	

1	4	3	1	3	
4	1	1	3	1	
3	1	1	3	1	
1	3	3	1	3	
3	1	1	3	1	

1	6	4	1	4	
6	1	1	4	1	
4	1	1	4	1	
1	4	4	1	4	
4	1	1	4	1	

1	6	4	1	4	
6	1	1	4	1	
4	1	1	4	1	
1	4	4	1	4	
4	1	1	4	1	

1	4	3	1	3	
4	1	1	3	1	
3	1	1	3	1	
1	3	3	1	3	
3	1	1	3	1	

]

TotalNumberOfInitialEquipmentTypeLocation: [
(1 19) 2 (1 58) 2 (1 77) 1 
(2 19) 2 (2 41) 1 (2 58) 3 (2 77) 1 
(3 1) 1 (3 19) 2 (3 41) 2 (3 77) 1 
(4 58) 1 (4 77) 2 
(5 1) 1 (5 19) 2 (5 41) 2 (5 58) 4 
]

DepotActivities: [ 1 19 41 58 77 ]

MaximalStintCliques: [
[ 4 11 44 36 12 5 45 23 ]
[ 4 11 44 10 43 34 3 21 ]
[ 4 11 44 10 43 35 22 ]
[ 5 12 45 6 25 38 13 46 ]
[ 5 12 45 11 44 37 24 ]
[ 6 13 46 7 27 14 47 40 ]
[ 6 13 46 12 45 26 39 ]
[ 9 42 33 10 3 43 20 ]
[ 9 42 2 3 10 43 19 32 ]
[ 9 42 2 8 41 1 17 30 ]
[ 9 42 2 8 41 18 31 ]
[ 15 1 41 28 8 ]
[ 16 1 41 29 8 ]
]
