nEmployees: 90
nSkills: 4
nProjects: 5
nDays: 60
nActivities: 67
nEquipmentTypes: 5
nStints: 33
nMaxModes: 3
nStintCliques: 9

EmployeeInStintCost: [
28756 28756 28756 26704 9280 32144 32144 32144 30092 11780 28808 28808 28808 26756 10668 16187 16187 16187 16187 16187 16187 16187 16187 13120 17547 17547 17547 17547 17547 17547 17547 17547 14208 
27604 27604 27604 25516 7924 16840 16840 16840 14752 5008 16840 16840 16840 14752 5008 11075 11075 11075 11075 11075 11075 11075 11075 7972 12435 12435 12435 12435 12435 12435 12435 12435 9060 
27348 27348 27348 25368 8280 16800 16800 16800 14820 5580 16800 16800 16800 14820 5580 10963 10963 10963 10963 10963 10963 10963 10963 7968 12323 12323 12323 12323 12323 12323 12323 12323 9056 
26372 26372 26372 24392 7304 28304 28304 28304 26324 8348 24968 24968 24968 22988 7236 12187 12187 12187 12187 12187 12187 12187 12187 9192 13547 13547 13547 13547 13547 13547 13547 13547 10280 
13680 13680 13680 11628 2052 28888 28888 28888 26836 8524 25552 25552 25552 23500 7412 12891 12891 12891 12891 12891 12891 12891 12891 9824 14251 14251 14251 14251 14251 14251 14251 14251 10912 
13800 13800 13800 11730 2070 29008 29008 29008 26938 8542 25672 25672 25672 23602 7430 12927 12927 12927 12927 12927 12927 12927 12927 9842 14287 14287 14287 14287 14287 14287 14287 14287 10930 
34988 34988 34988 32864 15104 38400 38400 38400 36276 17628 35064 35064 35064 32940 16516 22091 22091 22091 22091 22091 22091 22091 22091 18952 23451 23451 23451 23451 23451 23451 23451 23451 20040 
28404 28404 28404 26532 9948 27632 27632 27632 25760 8288 24296 24296 24296 22424 7176 7544 7544 7544 7544 7544 7544 7544 7544 5672 7544 7544 7544 7544 7544 7544 7544 7544 5672 
29700 29700 29700 27702 10530 28928 28928 28928 26930 8870 25592 25592 25592 23594 7758 10407 10407 10407 10407 10407 10407 10407 10407 7394 11767 11767 11767 11767 11767 11767 11767 11767 8482 
13920 13920 13920 11832 2088 29128 29128 29128 27040 8560 25792 25792 25792 23704 7448 12963 12963 12963 12963 12963 12963 12963 12963 9860 14323 14323 14323 14323 14323 14323 14323 14323 10948 
28620 28620 28620 26784 10368 27848 27848 27848 26012 8708 24512 24512 24512 22676 7596 10083 10083 10083 10083 10083 10083 10083 10083 7232 11443 11443 11443 11443 11443 11443 11443 11443 8320 
29340 29340 29340 27396 10476 28568 28568 28568 26624 8816 25232 25232 25232 23288 7704 10299 10299 10299 10299 10299 10299 10299 10299 7340 11659 11659 11659 11659 11659 11659 11659 11659 8428 
27556 27556 27556 25684 9100 30944 30944 30944 29072 11600 27608 27608 27608 25736 10488 15827 15827 15827 15827 15827 15827 15827 15827 12940 17187 17187 17187 17187 17187 17187 17187 17187 14028 
25852 25852 25852 24052 7804 29248 29248 29248 27448 10312 25912 25912 25912 24112 9200 14323 14323 14323 14323 14323 14323 14323 14323 11508 15683 15683 15683 15683 15683 15683 15683 15683 12596 
30660 30660 30660 28518 10674 29888 29888 29888 27746 9014 26552 26552 26552 24410 7902 10695 10695 10695 10695 10695 10695 10695 10695 7538 12055 12055 12055 12055 12055 12055 12055 12055 8626 
28636 28636 28636 26602 9262 32024 32024 32024 29990 11762 28688 28688 28688 26654 10650 16151 16151 16151 16151 16151 16151 16151 16151 13102 17511 17511 17511 17511 17511 17511 17511 17511 14190 
25732 25732 25732 23950 7786 29128 29128 29128 27346 10294 25792 25792 25792 24010 9182 14287 14287 14287 14287 14287 14287 14287 14287 11490 15647 15647 15647 15647 15647 15647 15647 15647 12578 
33788 33788 33788 31844 14924 37200 37200 37200 35256 17448 33864 33864 33864 31920 16336 21731 21731 21731 21731 21731 21731 21731 21731 18772 23091 23091 23091 23091 23091 23091 23091 23091 19860 
27964 27964 27964 26092 9508 27256 27256 27256 25384 7912 23920 23920 23920 22048 6800 3744 3744 3744 3744 3744 3744 3744 3744 1872 3744 3744 3744 3744 3744 3744 3744 3744 1872 
28404 28404 28404 26532 9948 27632 27632 27632 25760 8288 24296 24296 24296 22424 7176 7544 7544 7544 7544 7544 7544 7544 7544 5672 7544 7544 7544 7544 7544 7544 7544 7544 5672 
31012 31012 31012 29212 12964 34416 34416 34416 32616 15480 31080 31080 31080 29280 14368 19627 19627 19627 19627 19627 19627 19627 19627 16812 20987 20987 20987 20987 20987 20987 20987 20987 17900 
35412 35412 35412 33396 16140 38856 38856 38856 36840 18696 35520 35520 35520 33504 17584 22955 22955 22955 22955 22955 22955 22955 22955 19924 24315 24315 24315 24315 24315 24315 24315 24315 21012 
34148 34148 34148 32150 14978 37560 37560 37560 35562 17502 34224 34224 34224 32226 16390 21839 21839 21839 21839 21839 21839 21839 21839 18826 23199 23199 23199 23199 23199 23199 23199 23199 19914 
30060 30060 30060 28008 10584 29288 29288 29288 27236 8924 25952 25952 25952 23900 7812 10515 10515 10515 10515 10515 10515 10515 10515 7448 11875 11875 11875 11875 11875 11875 11875 11875 8536 
28828 28828 28828 26938 10270 28608 28608 28608 26718 9162 25272 25272 25272 23382 8050 10607 10607 10607 10607 10607 10607 10607 10607 7702 11967 11967 11967 11967 11967 11967 11967 11967 8790 
36132 36132 36132 34008 16248 39576 39576 39576 37452 18804 36240 36240 36240 34116 17692 23171 23171 23171 23171 23171 23171 23171 23171 20032 24531 24531 24531 24531 24531 24531 24531 24531 21120 
25380 25380 25380 23526 7026 16960 16960 16960 15106 6454 16960 16960 16960 15106 6454 11383 11383 11383 11383 11383 11383 11383 11383 8514 12743 12743 12743 12743 12743 12743 12743 12743 9602 
27796 27796 27796 25708 8116 13920 13920 13920 11832 2088 13920 13920 13920 11832 2088 10923 10923 10923 10923 10923 10923 10923 10923 7820 12283 12283 12283 12283 12283 12283 12283 12283 8908 
26436 26436 26436 24420 7164 28336 28336 28336 26320 8176 25000 25000 25000 22984 7064 12555 12555 12555 12555 12555 12555 12555 12555 9524 13915 13915 13915 13915 13915 13915 13915 13915 10612 
32212 32212 32212 30232 13144 35616 35616 35616 33636 15660 32280 32280 32280 30300 14548 19987 19987 19987 19987 19987 19987 19987 19987 16992 21347 21347 21347 21347 21347 21347 21347 21347 18080 
29100 29100 29100 27192 10440 28328 28328 28328 26420 8780 24992 24992 24992 23084 7668 10227 10227 10227 10227 10227 10227 10227 10227 7304 11587 11587 11587 11587 11587 11587 11587 11587 8392 
28180 28180 28180 26110 8602 31616 31616 31616 29546 11150 28280 28280 28280 26210 10038 15535 15535 15535 15535 15535 15535 15535 15535 12450 16895 16895 16895 16895 16895 16895 16895 16895 13538 
25412 25412 25412 23576 7160 27344 27344 27344 25508 8204 24008 24008 24008 22172 7092 11899 11899 11899 11899 11899 11899 11899 11899 9048 13259 13259 13259 13259 13259 13259 13259 13259 10136 
35540 35540 35540 33470 15962 38928 38928 38928 36858 18462 35592 35592 35592 33522 17350 22887 22887 22887 22887 22887 22887 22887 22887 19802 24247 24247 24247 24247 24247 24247 24247 24247 20890 
28060 28060 28060 26008 8584 31496 31496 31496 29444 11132 28160 28160 28160 26108 10020 15499 15499 15499 15499 15499 15499 15499 15499 12432 16859 16859 16859 16859 16859 16859 16859 16859 13520 
32452 32452 32452 30436 13180 35856 35856 35856 33840 15696 32520 32520 32520 30504 14584 20059 20059 20059 20059 20059 20059 20059 20059 17028 21419 21419 21419 21419 21419 21419 21419 21419 18116 
12480 12480 12480 10608 1872 27688 27688 27688 25816 8344 24352 24352 24352 22480 7232 12531 12531 12531 12531 12531 12531 12531 12531 9644 13891 13891 13891 13891 13891 13891 13891 13891 10732 
13440 13440 13440 11424 2016 28648 28648 28648 26632 8488 25312 25312 25312 23296 7376 12819 12819 12819 12819 12819 12819 12819 12819 9788 14179 14179 14179 14179 14179 14179 14179 14179 10876 
27812 27812 27812 25976 9560 27136 27136 27136 25300 7996 23800 23800 23800 21964 6884 4472 4472 4472 4472 4472 4472 4472 4472 2636 4472 4472 4472 4472 4472 4472 4472 4472 2636 
27436 27436 27436 25402 8062 13560 13560 13560 11526 2034 13560 13560 13560 11526 2034 10815 10815 10815 10815 10815 10815 10815 10815 7766 12175 12175 12175 12175 12175 12175 12175 12175 8854 
27108 27108 27108 25164 8244 16560 16560 16560 14616 5544 16560 16560 16560 14616 5544 10891 10891 10891 10891 10891 10891 10891 10891 7932 12251 12251 12251 12251 12251 12251 12251 12251 9020 
26836 26836 26836 25072 8992 30224 30224 30224 28460 11492 26888 26888 26888 25124 10380 15611 15611 15611 15611 15611 15611 15611 15611 12832 16971 16971 16971 16971 16971 16971 16971 16971 13920 
25236 25236 25236 23400 6984 27136 27136 27136 25300 7996 23800 23800 23800 21964 6884 12195 12195 12195 12195 12195 12195 12195 12195 9344 13555 13555 13555 13555 13555 13555 13555 13555 10432 
27532 27532 27532 25480 8056 30928 30928 30928 28876 10564 27592 27592 27592 25540 9452 14827 14827 14827 14827 14827 14827 14827 14827 11760 16187 16187 16187 16187 16187 16187 16187 16187 12848 
27100 27100 27100 25192 8440 30536 30536 30536 28628 10988 27200 27200 27200 25292 9876 15211 15211 15211 15211 15211 15211 15211 15211 12288 16571 16571 16571 16571 16571 16571 16571 16571 13376 
25412 25412 25412 23576 7160 27344 27344 27344 25508 8204 24008 24008 24008 22172 7092 11899 11899 11899 11899 11899 11899 11899 11899 9048 13259 13259 13259 13259 13259 13259 13259 13259 10136 
28532 28532 28532 26588 9668 27856 27856 27856 25912 8104 24520 24520 24520 22576 6992 4688 4688 4688 4688 4688 4688 4688 4688 2744 4688 4688 4688 4688 4688 4688 4688 4688 2744 
26884 26884 26884 24904 7816 16120 16120 16120 14140 4900 16120 16120 16120 14140 4900 10859 10859 10859 10859 10859 10859 10859 10859 7864 12219 12219 12219 12219 12219 12219 12219 12219 8952 
28492 28492 28492 26296 8200 31888 31888 31888 29692 10708 28552 28552 28552 26356 9596 15115 15115 15115 15115 15115 15115 15115 15115 11904 16475 16475 16475 16475 16475 16475 16475 16475 12992 
25732 25732 25732 23950 7786 29128 29128 29128 27346 10294 25792 25792 25792 24010 9182 14287 14287 14287 14287 14287 14287 14287 14287 11490 15647 15647 15647 15647 15647 15647 15647 15647 12578 
26580 26580 26580 24546 7206 18160 18160 18160 16126 6634 18160 18160 18160 16126 6634 11743 11743 11743 11743 11743 11743 11743 11743 8694 13103 13103 13103 13103 13103 13103 13103 13103 9782 
34580 34580 34580 32654 15818 37968 37968 37968 36042 18318 34632 34632 34632 32706 17206 22599 22599 22599 22599 22599 22599 22599 22599 19658 23959 23959 23959 23959 23959 23959 23959 23959 20746 
26580 26580 26580 24546 7206 18160 18160 18160 16126 6634 18160 18160 18160 16126 6634 11743 11743 11743 11743 11743 11743 11743 11743 8694 13103 13103 13103 13103 13103 13103 13103 13103 9782 
35412 35412 35412 33396 16140 38856 38856 38856 36840 18696 35520 35520 35520 33504 17584 22955 22955 22955 22955 22955 22955 22955 22955 19924 24315 24315 24315 24315 24315 24315 24315 24315 21012 
27580 27580 27580 25600 8512 31016 31016 31016 29036 11060 27680 27680 27680 25700 9948 15355 15355 15355 15355 15355 15355 15355 15355 12360 16715 16715 16715 16715 16715 16715 16715 16715 13448 
31852 31852 31852 29926 13090 35256 35256 35256 33330 15606 31920 31920 31920 29994 14494 19879 19879 19879 19879 19879 19879 19879 19879 16938 21239 21239 21239 21239 21239 21239 21239 21239 18026 
26028 26028 26028 24138 7470 29440 29440 29440 27550 9994 26104 26104 26104 24214 8882 14127 14127 14127 14127 14127 14127 14127 14127 11222 15487 15487 15487 15487 15487 15487 15487 15487 12310 
26612 26612 26612 24596 7340 28544 28544 28544 26528 8384 25208 25208 25208 23192 7272 12259 12259 12259 12259 12259 12259 12259 12259 9228 13619 13619 13619 13619 13619 13619 13619 13619 10316 
27940 27940 27940 25906 8566 31376 31376 31376 29342 11114 28040 28040 28040 26006 10002 15463 15463 15463 15463 15463 15463 15463 15463 12414 16823 16823 16823 16823 16823 16823 16823 16823 13502 
32212 32212 32212 30232 13144 35616 35616 35616 33636 15660 32280 32280 32280 30300 14548 19987 19987 19987 19987 19987 19987 19987 19987 16992 21347 21347 21347 21347 21347 21347 21347 21347 18080 
28660 28660 28660 26518 8674 32096 32096 32096 29954 11222 28760 28760 28760 26618 10110 15679 15679 15679 15679 15679 15679 15679 15679 12522 17039 17039 17039 17039 17039 17039 17039 17039 13610 
27812 27812 27812 25976 9560 27136 27136 27136 25300 7996 23800 23800 23800 21964 6884 4472 4472 4472 4472 4472 4472 4472 4472 2636 4472 4472 4472 4472 4472 4472 4472 4472 2636 
26884 26884 26884 24904 7816 16120 16120 16120 14140 4900 16120 16120 16120 14140 4900 10859 10859 10859 10859 10859 10859 10859 10859 7864 12219 12219 12219 12219 12219 12219 12219 12219 8952 
29124 29124 29124 27144 10056 28352 28352 28352 26372 8396 25016 25016 25016 23036 7284 7760 7760 7760 7760 7760 7760 7760 7760 5780 7760 7760 7760 7760 7760 7760 7760 7760 5780 
14040 14040 14040 11934 2106 29248 29248 29248 27142 8578 25912 25912 25912 23806 7466 12999 12999 12999 12999 12999 12999 12999 12999 9878 14359 14359 14359 14359 14359 14359 14359 14359 10966 
33908 33908 33908 31946 14942 37320 37320 37320 35358 17466 33984 33984 33984 32022 16354 21767 21767 21767 21767 21767 21767 21767 21767 18790 23127 23127 23127 23127 23127 23127 23127 23127 19878 
14160 14160 14160 12036 2124 29368 29368 29368 27244 8596 26032 26032 26032 23908 7484 13035 13035 13035 13035 13035 13035 13035 13035 9896 14395 14395 14395 14395 14395 14395 14395 14395 10984 
26612 26612 26612 24596 7340 28544 28544 28544 26528 8384 25208 25208 25208 23192 7272 12259 12259 12259 12259 12259 12259 12259 12259 9228 13619 13619 13619 13619 13619 13619 13619 13619 10316 
28444 28444 28444 26500 9580 27736 27736 27736 25792 7984 24400 24400 24400 22456 6872 3888 3888 3888 3888 3888 3888 3888 3888 1944 3888 3888 3888 3888 3888 3888 3888 3888 1944 
27868 27868 27868 26122 10126 27648 27648 27648 25902 9018 24312 24312 24312 22566 7906 10319 10319 10319 10319 10319 10319 10319 10319 7558 11679 11679 11679 11679 11679 11679 11679 11679 8646 
27916 27916 27916 25810 8134 14040 14040 14040 11934 2106 14040 14040 14040 11934 2106 10959 10959 10959 10959 10959 10959 10959 10959 7838 12319 12319 12319 12319 12319 12319 12319 12319 8926 
26644 26644 26644 24700 7780 15880 15880 15880 13936 4864 15880 15880 15880 13936 4864 10787 10787 10787 10787 10787 10787 10787 10787 7828 12147 12147 12147 12147 12147 12147 12147 12147 8916 
26868 26868 26868 24960 8208 16320 16320 16320 14412 5508 16320 16320 16320 14412 5508 10819 10819 10819 10819 10819 10819 10819 10819 7896 12179 12179 12179 12179 12179 12179 12179 12179 8984 
26580 26580 26580 24546 7206 18160 18160 18160 16126 6634 18160 18160 18160 16126 6634 11743 11743 11743 11743 11743 11743 11743 11743 8694 13103 13103 13103 13103 13103 13103 13103 13103 9782 
27796 27796 27796 25888 9136 31184 31184 31184 29276 11636 27848 27848 27848 25940 10524 15899 15899 15899 15899 15899 15899 15899 15899 12976 17259 17259 17259 17259 17259 17259 17259 17259 14064 
25260 25260 25260 23424 7008 16840 16840 16840 15004 6436 16840 16840 16840 15004 6436 11347 11347 11347 11347 11347 11347 11347 11347 8496 12707 12707 12707 12707 12707 12707 12707 12707 9584 
29244 29244 29244 27246 10074 28472 28472 28472 26474 8414 25136 25136 25136 23138 7302 7796 7796 7796 7796 7796 7796 7796 7796 5798 7796 7796 7796 7796 7796 7796 7796 7796 5798 
24876 24876 24876 23094 6930 26776 26776 26776 24994 7942 23440 23440 23440 21658 6830 12087 12087 12087 12087 12087 12087 12087 12087 9290 13447 13447 13447 13447 13447 13447 13447 13447 10378 
28308 28308 28308 26184 8424 17760 17760 17760 15636 5724 17760 17760 17760 15636 5724 11251 11251 11251 11251 11251 11251 11251 11251 8112 12611 12611 12611 12611 12611 12611 12611 12611 9200 
28404 28404 28404 26532 9948 27632 27632 27632 25760 8288 24296 24296 24296 22424 7176 7544 7544 7544 7544 7544 7544 7544 7544 5672 7544 7544 7544 7544 7544 7544 7544 7544 5672 
30868 30868 30868 28672 10576 30648 30648 30648 28452 9468 27312 27312 27312 25116 8356 11219 11219 11219 11219 11219 11219 11219 11219 8008 12579 12579 12579 12579 12579 12579 12579 12579 9096 
35052 35052 35052 33090 16086 38496 38496 38496 36534 18642 35160 35160 35160 33198 17530 22847 22847 22847 22847 22847 22847 22847 22847 19870 24207 24207 24207 24207 24207 24207 24207 24207 20958 
25668 25668 25668 23832 7416 29080 29080 29080 27244 9940 25744 25744 25744 23908 8828 14019 14019 14019 14019 14019 14019 14019 14019 11168 15379 15379 15379 15379 15379 15379 15379 15379 12256 
28156 28156 28156 26194 9190 31544 31544 31544 29582 11690 28208 28208 28208 26246 10578 16007 16007 16007 16007 16007 16007 16007 16007 13030 17367 17367 17367 17367 17367 17367 17367 17367 14118 
26972 26972 26972 24902 7394 28904 28904 28904 26834 8438 25568 25568 25568 23498 7326 12367 12367 12367 12367 12367 12367 12367 12367 9282 13727 13727 13727 13727 13727 13727 13727 13727 10370 
33908 33908 33908 31946 14942 37320 37320 37320 35358 17466 33984 33984 33984 32022 16354 21767 21767 21767 21767 21767 21767 21767 21767 18790 23127 23127 23127 23127 23127 23127 23127 23127 19878 
27228 27228 27228 25266 8262 16680 16680 16680 14718 5562 16680 16680 16680 14718 5562 10927 10927 10927 10927 10927 10927 10927 10927 7950 12287 12287 12287 12287 12287 12287 12287 12287 9038 
27916 27916 27916 25990 9154 31304 31304 31304 29378 11654 27968 27968 27968 26042 10542 15935 15935 15935 15935 15935 15935 15935 15935 12994 17295 17295 17295 17295 17295 17295 17295 17295 14082 
27708 27708 27708 25566 7722 31120 31120 31120 28978 10246 27784 27784 27784 25642 9134 14631 14631 14631 14631 14631 14631 14631 14631 11474 15991 15991 15991 15991 15991 15991 15991 15991 12562 
33980 33980 33980 32144 15728 37368 37368 37368 35532 18228 34032 34032 34032 32196 17116 22419 22419 22419 22419 22419 22419 22419 22419 19568 23779 23779 23779 23779 23779 23779 23779 23779 20656 
]

ExternalWorkerWithSkillOnStintCost: [
31464 40176 35784 39384 13344 40248 33480 36864 33840 11256 31032 32616 41472 39384 9936 14130 15720 17550 17760 14310 14280 16860 16020 10632 17160 13590 15390 13320 14700 14370 15240 13890 10800 
38520 37296 29880 35568 14376 42480 30168 42696 33408 9912 31968 38016 32616 29160 12096 17100 12210 15600 17970 17550 15930 13170 14370 9696 13350 14070 17400 13440 12690 12390 17070 16740 10968 
40032 31536 30816 37224 12840 31608 28800 33984 33840 11160 33912 38664 39456 40536 13536 14640 17790 15330 17340 13320 13320 12330 17130 13344 16410 12450 12870 14910 12900 13380 13080 15390 14280 
34488 33984 33192 30600 14280 32328 36792 42192 29376 10440 29016 31968 34848 37368 12192 16830 16890 13290 14430 14730 16800 15000 12660 10704 17580 16290 13920 17370 15000 14760 17340 15990 12456 
]

OverlappingStints: [
[ 2 6 7 11 12 16 17 18 25 26 27 ]
[ 3 6 7 8 11 12 13 18 19 20 27 28 29 ]
[ 4 7 8 9 12 13 14 20 21 22 29 30 31 ]
[ 5 8 9 10 13 14 15 22 23 24 31 32 33 ]
[ 9 10 14 15 24 33 ]
[ 7 11 12 16 17 18 25 26 27 ]
[ 8 11 12 13 18 19 20 27 28 29 ]
[ 9 12 13 14 20 21 22 29 30 31 ]
[ 10 13 14 15 22 23 24 31 32 33 ]
[ 14 15 24 33 ]
[ 12 16 17 18 25 26 27 ]
[ 13 18 19 20 27 28 29 ]
[ 14 20 21 22 29 30 31 ]
[ 15 22 23 24 31 32 33 ]
[ 24 33 ]
[ 25 ]
[ 26 ]
[ 27 ]
[ 28 ]
[ 29 ]
[ 30 ]
[ 31 ]
[ 32 ]
[ 33 ]
[ ]
[ ]
[ ]
[ ]
[ ]
[ ]
[ ]
[ ]
[ ]
]

EmployeesWithSkill: [
[ 1 2 3 4 5 6 7 8 9 10 11 12 13 14 15 16 17 18 19 20 21 22 23 24 25 26 27 28 29 30 31 32 33 34 35 36 37 38 39 40 41 42 43 44 45 46 47 48 49 50 51 52 53 54 55 56 57 58 59 60 61 62 63 64 65 66 67 68 69 70 71 72 73 74 75 76 77 78 79 80 81 82 83 84 85 86 87 88 89 90 ]
[ 1 2 3 5 6 7 8 9 11 12 13 15 16 17 18 19 20 21 22 23 24 25 26 27 28 29 30 31 32 33 34 35 36 38 39 40 41 44 46 47 48 49 50 51 53 54 55 57 58 59 60 61 62 63 65 66 67 68 70 71 72 73 75 76 77 79 80 81 82 83 84 86 87 88 89 90 ]
[ 3 5 6 7 9 10 11 12 13 14 16 21 30 35 36 38 40 44 46 47 49 52 55 58 59 61 63 71 72 73 74 75 76 77 79 81 83 84 85 89 ]
[ 1 2 3 5 6 8 9 10 12 14 15 17 18 20 22 23 25 26 30 31 34 36 37 38 39 40 44 45 46 48 49 50 51 54 55 58 60 62 63 64 65 67 68 73 74 75 76 77 79 81 82 84 85 87 88 ]
]

SkillDemandInActivityWithMode: [
0	0	0	
26	40	18	
11	18	8	
26	40	18	
13	21	9	
11	18	8	
26	40	18	
16	25	11	
8	13	6	
16	25	11	
12	19	8	
19	30	13	
26	40	18	
26	40	18	
26	40	18	
22	34	15	
0	0	0	
11	18	8	
25	39	17	
38	58	26	
15	24	10	
19	30	13	
13	21	9	
19	30	13	
0	0	0	
1	3	1	
2	4	2	
1	3	1	
2	4	2	
2	4	2	
3	6	2	
2	4	2	
3	6	2	
1	3	1	
1	3	1	
4	7	3	
3	6	2	
3	6	2	
2	4	2	
2	4	2	
2	4	2	
0	0	0	
58	88	39	
92	139	62	
31	48	21	
153	231	102	
153	231	102	
115	174	77	
92	139	62	
92	139	62	
153	231	102	
0	0	0	
13	21	9	
18	28	12	
10	16	7	
3	6	2	
5	9	4	
15	24	10	
6	10	4	
18	28	12	
15	24	10	
4	7	3	
23	36	16	
6	10	4	
13	21	9	
18	28	12	
18	28	12	

0	0	0	
36	55	24	
15	24	10	
36	55	24	
18	28	12	
15	24	10	
36	55	24	
22	34	15	
11	18	8	
22	34	15	
16	25	11	
25	39	17	
36	55	24	
36	55	24	
35	54	24	
29	45	20	
0	0	0	
22	34	15	
51	78	34	
77	117	52	
31	48	21	
38	58	26	
25	39	17	
38	58	26	
0	0	0	
4	7	3	
12	19	8	
6	10	4	
14	22	10	
12	19	8	
24	37	16	
10	16	7	
23	36	16	
7	12	5	
6	10	4	
28	43	19	
20	31	14	
23	36	16	
10	16	7	
9	15	6	
14	22	10	
0	0	0	
5	9	4	
9	15	6	
3	6	2	
15	24	10	
15	24	10	
11	18	8	
9	15	6	
9	15	6	
15	24	10	
0	0	0	
3	6	2	
5	9	4	
2	4	2	
0	1	0	
1	3	1	
4	7	3	
1	3	1	
5	9	4	
4	7	3	
0	1	0	
6	10	4	
1	3	1	
3	6	2	
5	9	4	
5	9	4	

0	0	0	
27	42	18	
11	18	8	
27	42	18	
13	21	9	
11	18	8	
27	42	18	
17	27	12	
8	13	6	
17	27	12	
12	19	8	
19	30	13	
27	42	18	
27	42	18	
27	42	18	
22	34	15	
0	0	0	
1	3	1	
3	6	2	
4	7	3	
1	3	1	
2	4	2	
1	3	1	
2	4	2	
0	0	0	
2	4	2	
6	10	4	
3	6	2	
7	12	5	
6	10	4	
12	19	8	
5	9	4	
12	19	8	
3	6	2	
3	6	2	
14	22	10	
10	16	7	
12	19	8	
5	9	4	
4	7	3	
7	12	5	
0	0	0	
2	4	2	
4	7	3	
1	3	1	
7	12	5	
7	12	5	
5	9	4	
4	7	3	
4	7	3	
7	12	5	
0	0	0	
1	3	1	
1	3	1	
0	1	0	
0	1	0	
0	1	0	
1	3	1	
0	1	0	
1	3	1	
1	3	1	
0	1	0	
1	3	1	
0	1	0	
1	3	1	
1	3	1	
1	3	1	

0	0	0	
11	18	8	
4	7	3	
11	18	8	
5	9	4	
4	7	3	
11	18	8	
6	10	4	
3	6	2	
6	10	4	
5	9	4	
7	12	5	
11	18	8	
11	18	8	
11	18	8	
9	15	6	
0	0	0	
16	25	11	
38	58	26	
57	87	38	
23	36	16	
28	43	19	
19	30	13	
28	43	19	
0	0	0	
0	1	0	
0	1	0	
0	1	0	
1	3	1	
0	1	0	
1	3	1	
0	1	0	
1	3	1	
0	1	0	
0	1	0	
2	4	2	
1	3	1	
1	3	1	
0	1	0	
0	1	0	
0	1	0	
0	0	0	
34	52	23	
55	84	37	
18	28	12	
92	139	62	
92	139	62	
69	105	46	
55	84	37	
55	84	37	
92	139	62	
0	0	0	
6	10	4	
9	15	6	
5	9	4	
1	3	1	
2	4	2	
7	12	5	
3	6	2	
9	15	6	
7	12	5	
1	3	1	
11	18	8	
2	4	2	
6	10	4	
9	15	6	
9	15	6	

]

EmployeeAvailability: [
1 1 1 1 1 1 1 1 1 1 1 1 1 1 1 1 1 1 1 1 1 1 1 1 1 1 1 1 1 1 1 1 1 
1 1 1 1 1 1 1 1 1 1 1 1 1 1 1 1 1 1 1 1 1 1 1 1 1 1 1 1 1 1 1 1 1 
0 0 1 1 1 0 0 1 1 1 0 0 1 1 1 1 0 0 1 1 1 1 1 1 1 0 0 1 1 1 1 1 1 
1 0 1 0 1 1 0 1 0 1 1 0 1 0 1 1 1 1 0 1 1 0 1 1 1 1 1 0 1 1 0 1 1 
0 1 1 1 0 0 1 1 1 0 0 1 1 1 0 1 0 1 1 1 1 1 1 0 1 0 1 1 1 1 1 1 0 
1 1 1 1 1 1 1 1 1 1 1 1 1 1 1 1 1 1 1 1 1 1 1 1 1 1 1 1 1 1 1 1 1 
0 1 0 0 1 0 1 0 0 1 0 1 0 0 1 1 1 1 1 1 0 0 1 1 1 1 1 1 1 0 0 1 1 
1 0 1 1 1 1 0 1 1 1 1 0 1 1 1 1 1 1 0 1 1 1 1 1 1 1 1 0 1 1 1 1 1 
1 0 1 1 1 1 0 1 1 1 1 0 1 1 1 1 1 1 1 1 1 1 1 1 1 1 1 1 1 1 1 1 1 
1 1 0 0 1 1 1 0 0 1 1 1 0 0 1 1 1 1 1 1 0 0 1 1 1 1 1 1 1 0 0 1 1 
1 1 1 1 1 1 1 1 1 1 1 1 1 1 1 1 1 1 1 1 1 1 1 1 1 1 1 1 1 1 1 1 1 
1 0 1 1 1 1 0 1 1 1 1 0 1 1 1 1 1 0 1 1 1 1 1 1 1 1 0 1 1 1 1 1 1 
1 1 0 1 1 1 1 0 1 1 1 1 0 1 1 1 1 1 1 1 0 1 1 1 1 1 1 1 1 0 1 1 1 
1 1 1 0 1 1 1 1 0 1 1 1 1 0 1 1 1 1 1 1 1 0 1 1 1 1 1 1 1 1 0 1 1 
1 1 1 1 1 1 1 1 1 1 1 1 1 1 1 1 1 1 1 1 1 1 1 1 1 1 1 1 1 1 1 1 1 
0 0 1 0 1 0 0 1 0 1 0 0 1 0 1 1 1 1 0 1 1 0 1 1 1 1 1 0 1 1 0 1 1 
1 0 1 0 0 1 0 1 0 0 1 0 1 0 0 1 1 1 1 1 1 0 1 0 1 1 1 1 1 1 0 1 0 
1 1 1 0 1 1 1 1 0 1 1 1 1 0 1 1 1 1 1 1 1 1 0 1 1 1 1 1 1 1 1 0 1 
1 1 1 1 1 1 1 1 1 1 1 1 1 1 1 1 1 1 1 1 1 1 1 1 1 1 1 1 1 1 1 1 1 
1 1 1 0 1 1 1 1 0 1 1 1 1 0 1 1 1 1 1 1 1 0 1 1 1 1 1 1 1 1 0 1 1 
1 0 1 1 1 1 0 1 1 1 1 0 1 1 1 1 1 1 0 1 1 1 1 1 1 1 1 0 1 1 1 1 1 
1 1 1 1 1 1 1 1 1 1 1 1 1 1 1 1 1 1 1 1 1 1 1 1 1 1 1 1 1 1 1 1 1 
0 0 1 1 1 0 0 1 1 1 0 0 1 1 1 0 1 1 0 1 1 1 1 1 0 1 1 0 1 1 1 1 1 
1 1 1 1 1 1 1 1 1 1 1 1 1 1 1 1 1 1 1 1 1 1 1 1 1 1 1 1 1 1 1 1 1 
1 1 1 0 1 1 1 1 0 1 1 1 1 0 1 1 1 1 1 1 1 1 0 1 1 1 1 1 1 1 1 0 1 
0 0 1 1 1 0 0 1 1 1 0 0 1 1 1 1 0 1 1 1 1 1 1 1 1 0 1 1 1 1 1 1 1 
1 1 1 1 1 1 1 1 1 1 1 1 1 1 1 1 1 1 1 1 1 1 1 1 1 1 1 1 1 1 1 1 1 
0 1 1 0 1 0 1 1 0 1 0 1 1 0 1 1 1 1 1 1 1 1 0 1 1 1 1 1 1 1 1 0 1 
1 1 0 1 1 1 1 0 1 1 1 1 0 1 1 1 1 1 1 1 0 1 1 1 1 1 1 1 1 0 1 1 1 
1 0 0 1 1 1 0 0 1 1 1 0 0 1 1 1 1 1 0 1 0 1 1 1 1 1 1 0 1 0 1 1 1 
1 0 1 0 1 1 0 1 0 1 1 0 1 0 1 1 1 0 1 1 1 1 0 1 1 1 0 1 1 1 1 0 1 
0 1 1 1 1 0 1 1 1 1 0 1 1 1 1 1 0 1 1 1 1 1 1 1 1 0 1 1 1 1 1 1 1 
0 1 0 1 1 0 1 0 1 1 0 1 0 1 1 1 0 1 1 1 0 1 1 1 1 0 1 1 1 0 1 1 1 
1 1 0 1 1 1 1 0 1 1 1 1 0 1 1 1 1 1 1 0 1 1 1 1 1 1 1 1 0 1 1 1 1 
1 1 1 1 1 1 1 1 1 1 1 1 1 1 1 1 1 1 1 1 1 1 1 1 1 1 1 1 1 1 1 1 1 
1 1 0 0 1 1 1 0 0 1 1 1 0 0 1 1 1 1 1 0 1 1 0 1 1 1 1 1 0 1 1 0 1 
1 1 1 1 1 1 1 1 1 1 1 1 1 1 1 1 1 1 1 1 1 1 1 1 1 1 1 1 1 1 1 1 1 
1 1 0 0 1 1 1 0 0 1 1 1 0 0 1 1 1 1 1 0 1 1 0 1 1 1 1 1 0 1 1 0 1 
1 1 1 1 0 1 1 1 1 0 1 1 1 1 0 1 1 1 1 1 1 1 1 0 1 1 1 1 1 1 1 1 0 
1 1 1 1 1 1 1 1 1 1 1 1 1 1 1 1 1 1 1 1 1 1 1 1 1 1 1 1 1 1 1 1 1 
0 1 0 1 1 0 1 0 1 1 0 1 0 1 1 0 1 1 1 0 1 1 1 1 0 1 1 1 0 1 1 1 1 
1 1 1 1 1 1 1 1 1 1 1 1 1 1 1 1 1 1 1 1 1 1 1 1 1 1 1 1 1 1 1 1 1 
1 0 1 1 1 1 0 1 1 1 1 0 1 1 1 1 1 1 0 1 1 1 1 1 1 1 1 0 1 1 1 1 1 
1 1 1 1 0 1 1 1 1 0 1 1 1 1 0 1 1 1 1 1 1 1 1 0 1 1 1 1 1 1 1 1 0 
0 1 1 0 1 0 1 1 0 1 0 1 1 0 1 1 1 1 1 1 1 1 0 1 1 1 1 1 1 1 1 0 1 
1 1 1 1 1 1 1 1 1 1 1 1 1 1 1 1 1 1 1 1 1 1 1 1 1 1 1 1 1 1 1 1 1 
1 1 1 1 1 1 1 1 1 1 1 1 1 1 1 1 1 1 1 1 1 1 1 1 1 1 1 1 1 1 1 1 1 
1 1 1 0 1 1 1 1 0 1 1 1 1 0 1 1 1 1 1 1 1 0 1 1 1 1 1 1 1 1 0 1 1 
1 0 1 1 1 1 0 1 1 1 1 0 1 1 1 1 1 1 0 1 1 1 1 1 1 1 1 0 1 1 1 1 1 
1 1 1 0 1 1 1 1 0 1 1 1 1 0 1 1 1 1 1 1 1 1 0 1 1 1 1 1 1 1 1 0 1 
1 1 1 1 1 1 1 1 1 1 1 1 1 1 1 1 1 1 1 1 1 1 1 1 1 1 1 1 1 1 1 1 1 
1 1 1 1 1 1 1 1 1 1 1 1 1 1 1 1 1 1 1 1 1 1 1 1 1 1 1 1 1 1 1 1 1 
1 1 1 1 1 1 1 1 1 1 1 1 1 1 1 1 1 1 1 1 1 1 1 1 1 1 1 1 1 1 1 1 1 
1 1 1 1 1 1 1 1 1 1 1 1 1 1 1 1 1 1 1 1 1 1 1 1 1 1 1 1 1 1 1 1 1 
1 1 0 1 1 1 1 0 1 1 1 1 0 1 1 1 1 1 1 0 1 1 1 1 1 1 1 1 0 1 1 1 1 
1 0 1 1 1 1 0 1 1 1 1 0 1 1 1 1 1 1 0 1 1 1 1 1 1 1 1 0 1 1 1 1 1 
1 1 1 1 1 1 1 1 1 1 1 1 1 1 1 1 1 1 1 1 1 1 1 1 1 1 1 1 1 1 1 1 1 
1 1 1 1 1 1 1 1 1 1 1 1 1 1 1 1 1 1 1 1 1 1 1 1 1 1 1 1 1 1 1 1 1 
1 1 1 1 1 1 1 1 1 1 1 1 1 1 1 1 1 1 1 1 1 1 1 1 1 1 1 1 1 1 1 1 1 
0 0 1 1 1 0 0 1 1 1 0 0 1 1 1 1 0 0 0 1 1 1 1 1 1 0 0 0 1 1 1 1 1 
1 1 1 0 1 1 1 1 0 1 1 1 1 0 1 1 1 1 1 1 1 0 1 1 1 1 1 1 1 1 0 1 1 
1 1 1 1 0 1 1 1 1 0 1 1 1 1 0 1 1 1 1 1 1 1 1 0 1 1 1 1 1 1 1 1 0 
0 1 0 1 1 0 1 0 1 1 0 1 0 1 1 1 1 1 1 0 1 1 1 1 1 1 1 1 0 1 1 1 1 
1 1 1 1 1 1 1 1 1 1 1 1 1 1 1 1 1 1 1 1 1 1 1 1 1 1 1 1 1 1 1 1 1 
0 1 1 1 1 0 1 1 1 1 0 1 1 1 1 1 1 1 1 1 1 1 1 1 1 1 1 1 1 1 1 1 1 
1 1 1 1 1 1 1 1 1 1 1 1 1 1 1 1 1 1 1 1 1 1 1 1 1 1 1 1 1 1 1 1 1 
0 0 0 1 1 0 0 0 1 1 0 0 0 1 1 0 1 1 1 1 0 1 1 1 0 1 1 1 1 0 1 1 1 
1 1 1 1 1 1 1 1 1 1 1 1 1 1 1 1 1 1 1 1 1 1 1 1 1 1 1 1 1 1 1 1 1 
1 1 0 0 1 1 1 0 0 1 1 1 0 0 1 1 1 1 1 0 1 0 1 1 1 1 1 1 0 1 0 1 1 
0 1 1 0 0 0 1 1 0 0 0 1 1 0 0 0 1 1 1 1 1 1 0 0 0 1 1 1 1 1 1 0 0 
0 0 1 0 1 0 0 1 0 1 0 0 1 0 1 0 1 1 0 1 1 1 0 1 0 1 1 0 1 1 1 0 1 
1 1 1 1 1 1 1 1 1 1 1 1 1 1 1 1 1 1 1 1 1 1 1 1 1 1 1 1 1 1 1 1 1 
1 1 0 1 1 1 1 0 1 1 1 1 0 1 1 1 1 1 1 0 1 1 1 1 1 1 1 1 0 1 1 1 1 
1 1 0 0 1 1 1 0 0 1 1 1 0 0 1 1 1 1 1 1 0 1 1 1 1 1 1 1 1 0 1 1 1 
1 0 0 1 1 1 0 0 1 1 1 0 0 1 1 1 1 1 0 0 1 1 1 1 1 1 1 0 0 1 1 1 1 
0 1 1 0 1 0 1 1 0 1 0 1 1 0 1 0 1 1 1 1 1 0 1 1 0 1 1 1 1 1 0 1 1 
1 1 1 0 1 1 1 1 0 1 1 1 1 0 1 1 1 1 1 1 1 0 1 1 1 1 1 1 1 1 0 1 1 
1 1 1 1 1 1 1 1 1 1 1 1 1 1 1 1 1 1 1 1 1 1 1 1 1 1 1 1 1 1 1 1 1 
1 1 1 0 1 1 1 1 0 1 1 1 1 0 1 1 1 1 1 1 1 0 1 1 1 1 1 1 1 1 0 1 1 
0 1 1 1 1 0 1 1 1 1 0 1 1 1 1 0 1 1 1 1 1 1 1 1 0 1 1 1 1 1 1 1 1 
0 0 1 1 0 0 0 1 1 0 0 0 1 1 0 1 0 0 1 1 1 1 1 0 1 0 0 1 1 1 1 1 0 
1 1 0 1 1 1 1 0 1 1 1 1 0 1 1 1 1 1 1 0 0 1 1 1 1 1 1 1 0 0 1 1 1 
1 1 1 1 1 1 1 1 1 1 1 1 1 1 1 1 1 1 1 1 1 1 1 1 1 1 1 1 1 1 1 1 1 
1 0 0 1 1 1 0 0 1 1 1 0 0 1 1 1 1 1 0 0 0 1 1 1 1 1 1 0 0 0 1 1 1 
1 1 1 1 1 1 1 1 1 1 1 1 1 1 1 1 1 1 1 1 1 1 1 1 1 1 1 1 1 1 1 1 1 
1 1 1 1 1 1 1 1 1 1 1 1 1 1 1 1 1 1 1 1 1 1 1 1 1 1 1 1 1 1 1 1 1 
0 1 0 1 1 0 1 0 1 1 0 1 0 1 1 1 0 1 1 1 1 1 1 1 1 0 1 1 1 1 1 1 1 
1 1 1 1 1 1 1 1 1 1 1 1 1 1 1 1 1 1 1 1 1 1 1 1 1 1 1 1 1 1 1 1 1 
1 0 0 1 1 1 0 0 1 1 1 0 0 1 1 1 1 0 1 1 0 1 1 1 1 1 0 1 1 0 1 1 1 
0 1 1 1 1 0 1 1 1 1 0 1 1 1 1 1 1 1 1 1 1 1 1 1 1 1 1 1 1 1 1 1 1 
]

EmployeeWantedInStint: [ (3 29) 1 (5 5) 1 (9 32) 1 (12 7) 1 (14 6) 1 (19 7) 1 (19 14) 1 (24 19) 1 (30 24) 1 (30 29) 1 (34 17) 1 (37 7) 1 (38 18) 1 (38 30) 1 (44 28) 1 (46 26) 1 (47 15) 1 (47 16) 1 (50 25) 1 (52 4) 1 (56 10) 1 (58 14) 1 (58 25) 1 (59 26) 1 (60 3) 1 (63 26) 1 (64 12) 1 (66 9) 1 (66 29) 1 (67 22) 1 (70 29) 1 (71 20) 1 (73 5) 1 (75 22) 1 (76 24) 1 (76 25) 1 (76 26) 1 (79 9) 1 (83 15) 1 (83 19) 1 (84 16) 1 (85 5) 1 (86 33) 1 (90 28) 1 ]

EmployeeWantedViolationCost: [ (3 29) 8000 (5 5) 6000 (9 32) 13000 (12 7) 5000 (14 6) 14000 (19 7) 14000 (19 14) 13000 (24 19) 10000 (30 24) 8000 (30 29) 10000 (34 17) 9000 (37 7) 10000 (38 18) 15000 (38 30) 14000 (44 28) 15000 (46 26) 11000 (47 15) 5000 (47 16) 11000 (50 25) 10000 (52 4) 5000 (56 10) 10000 (58 14) 9000 (58 25) 14000 (59 26) 5000 (60 3) 5000 (63 26) 8000 (64 12) 15000 (66 9) 8000 (66 29) 9000 (67 22) 12000 (70 29) 7000 (71 20) 9000 (73 5) 9000 (75 22) 12000 (76 24) 15000 (76 25) 8000 (76 26) 13000 (79 9) 10000 (83 15) 8000 (83 19) 12000 (84 16) 8000 (85 5) 15000 (86 33) 6000 (90 28) 13000 ]

EmployeesThatShouldNotWorkTogetherWithEmployee: [
[ 46 51 64 72 82 ]
[ 22 30 41 ]
[ 32 86 ]
[ 70 ]
[ 9 23 27 58 66 ]
[ 38 51 64 68 69 ]
[ 46 48 58 71 80 ]
[ 26 30 55 57 82 ]
[ 47 50 82 ]
[ 11 15 52 55 63 88 ]
[ 78 ]
[ 13 66 75 ]
[ 55 87 ]
[ 15 58 67 ]
[ 47 63 64 65 ]
[ 23 33 34 ]
[ 51 63 83 ]
[ 28 34 66 70 ]
[ 79 89 ]
[ 72 82 ]
[ 72 ]
[ 75 ]
[ 31 33 41 52 62 74 ]
[ 28 30 35 48 78 ]
[ 52 ]
[ 37 77 ]
[ ]
[ 65 69 73 90 ]
[ 43 46 53 ]
[ 63 67 ]
[ 73 83 89 ]
[ 39 49 ]
[ 37 43 82 ]
[ 48 60 67 90 ]
[ ]
[ 48 ]
[ 45 62 ]
[ 43 44 49 68 69 ]
[ 44 47 52 58 81 ]
[ 61 ]
[ 58 61 71 ]
[ 45 83 ]
[ 57 58 71 ]
[ 46 64 71 78 ]
[ 57 67 76 77 80 ]
[ 54 ]
[ 65 84 ]
[ 49 86 90 ]
[ 63 ]
[ 79 89 ]
[ ]
[ ]
[ ]
[ 70 ]
[ 67 73 88 ]
[ 57 81 84 ]
[ 85 ]
[ ]
[ ]
[ 71 79 ]
[ 77 ]
[ 69 75 86 ]
[ ]
[ 65 73 85 ]
[ 71 79 ]
[ 81 ]
[ 68 76 ]
[ 73 84 86 87 ]
[ 83 88 ]
[ 77 80 ]
[ 86 ]
[ ]
[ 77 ]
[ ]
[ 79 86 ]
[ ]
[ ]
[ 81 ]
[ 83 ]
[ 81 89 ]
[ ]
[ ]
[ ]
[ ]
[ ]
[ ]
[ ]
[ 90 ]
[ ]
[ ]
]

ShouldNotWorkTogetherCost: [ (1 46) 198 (1 51) 198 (1 64) 99 (1 72) 297 (1 82) 198 (2 22) 198 (2 30) 396 (2 41) 198 (3 32) 396 (3 86) 396 (4 70) 198 (5 9) 396 (5 23) 198 (5 27) 297 (5 58) 198 (5 66) 198 (6 38) 396 (6 51) 297 (6 64) 297 (6 68) 396 (6 69) 396 (7 46) 396 (7 48) 396 (7 58) 99 (7 71) 297 (7 80) 396 (8 26) 99 (8 30) 198 (8 55) 198 (8 57) 99 (8 82) 198 (9 47) 297 (9 50) 99 (9 82) 396 (10 11) 198 (10 15) 297 (10 52) 99 (10 55) 297 (10 63) 99 (10 88) 99 (11 78) 396 (12 13) 396 (12 66) 99 (12 75) 99 (13 55) 198 (13 87) 396 (14 15) 99 (14 58) 198 (14 67) 99 (15 47) 99 (15 63) 198 (15 64) 396 (15 65) 198 (16 23) 396 (16 33) 99 (16 34) 297 (17 51) 396 (17 63) 297 (17 83) 198 (18 28) 297 (18 34) 396 (18 66) 99 (18 70) 396 (19 79) 297 (19 89) 99 (20 72) 396 (20 82) 297 (21 72) 198 (22 75) 198 (23 31) 198 (23 33) 297 (23 41) 99 (23 52) 198 (23 62) 198 (23 74) 198 (24 28) 198 (24 30) 198 (24 35) 396 (24 48) 99 (24 78) 198 (25 52) 198 (26 37) 99 (26 77) 297 (28 65) 297 (28 69) 396 (28 73) 396 (28 90) 99 (29 43) 297 (29 46) 297 (29 53) 198 (30 63) 198 (30 67) 297 (31 73) 99 (31 83) 99 (31 89) 396 (32 39) 396 (32 49) 99 (33 37) 99 (33 43) 99 (33 82) 396 (34 48) 99 (34 60) 198 (34 67) 99 (34 90) 297 (36 48) 198 (37 45) 198 (37 62) 99 (38 43) 396 (38 44) 396 (38 49) 297 (38 68) 99 (38 69) 198 (39 44) 198 (39 47) 99 (39 52) 396 (39 58) 99 (39 81) 297 (40 61) 198 (41 58) 396 (41 61) 297 (41 71) 396 (42 45) 99 (42 83) 198 (43 57) 297 (43 58) 396 (43 71) 99 (44 46) 99 (44 64) 99 (44 71) 297 (44 78) 297 (45 57) 297 (45 67) 396 (45 76) 396 (45 77) 99 (45 80) 297 (46 54) 198 (47 65) 99 (47 84) 198 (48 49) 396 (48 86) 99 (48 90) 297 (49 63) 297 (50 79) 198 (50 89) 198 (54 70) 396 (55 67) 396 (55 73) 198 (55 88) 297 (56 57) 297 (56 81) 297 (56 84) 396 (57 85) 396 (60 71) 297 (60 79) 396 (61 77) 396 (62 69) 297 (62 75) 297 (62 86) 198 (64 65) 198 (64 73) 99 (64 85) 99 (65 71) 99 (65 79) 99 (66 81) 198 (67 68) 396 (67 76) 297 (68 73) 297 (68 84) 198 (68 86) 396 (68 87) 99 (69 83) 396 (69 88) 198 (70 77) 396 (70 80) 396 (71 86) 198 (73 77) 198 (75 79) 198 (75 86) 396 (78 81) 396 (79 83) 99 (80 81) 396 (80 89) 396 (88 90) 396 ]

ImmediatePredecessorsToActivity: [
[ ]
[ 1 ]
[ 2 ]
[ 1 ]
[ 1 ]
[ 4 ]
[ 5 ]
[ 1 ]
[ 2 6 7 ]
[ 3 5 6 ]
[ 6 ]
[ 6 8 ]
[ 2 5 ]
[ 8 11 13 ]
[ 13 ]
[ 3 4 5 12 ]
[ ]
[ 17 ]
[ 17 ]
[ 18 ]
[ 20 ]
[ 18 19 ]
[ 20 ]
[ 20 ]
[ ]
[ 25 ]
[ 25 ]
[ 25 ]
[ 27 ]
[ 29 ]
[ 28 ]
[ 28 ]
[ 28 29 ]
[ 27 28 ]
[ 25 ]
[ 29 31 ]
[ 28 ]
[ 27 31 35 ]
[ 28 ]
[ 35 ]
[ 26 29 ]
[ ]
[ 42 ]
[ 42 ]
[ 42 ]
[ 43 44 ]
[ 43 ]
[ 44 47 ]
[ 46 ]
[ 47 ]
[ 48 ]
[ ]
[ 52 ]
[ 52 ]
[ 54 ]
[ 52 ]
[ 52 ]
[ 57 ]
[ 53 ]
[ 53 55 58 ]
[ 57 59 ]
[ 52 ]
[ 59 62 ]
[ 53 ]
[ 55 ]
[ 52 ]
[ 64 65 ]
]

ActivitiesInProject: [
[ 1 2 3 4 5 6 7 8 9 10 11 12 13 14 15 16 ]
[ 17 18 19 20 21 22 23 24 ]
[ 25 26 27 28 29 30 31 32 33 34 35 36 37 38 39 40 41 ]
[ 42 43 44 45 46 47 48 49 50 51 ]
[ 52 53 54 55 56 57 58 59 60 61 62 63 64 65 66 67 ]
]

nActivityModes: [ 3 3 3 3 3 3 3 3 3 3 3 3 3 3 3 3 3 3 3 3 3 3 3 3 3 3 3 3 3 3 3 3 3 3 3 3 3 3 3 3 3 3 3 3 3 3 3 3 3 3 3 3 3 3 3 3 3 3 3 3 3 3 3 3 3 3 3 ]

ActivityDurationWithMode: [
1	1	1	
5	4	7	
12	8	16	
5	4	7	
10	7	14	
12	8	16	
5	4	7	
8	6	11	
16	11	22	
8	6	11	
11	8	15	
7	5	10	
5	4	7	
5	4	7	
5	4	7	
6	4	8	
1	1	1	
7	5	10	
3	2	4	
2	2	3	
5	4	7	
4	3	6	
6	4	8	
4	3	6	
1	1	1	
29	20	39	
12	8	16	
21	14	28	
10	7	14	
12	8	16	
6	4	8	
14	10	19	
6	4	8	
19	13	26	
21	14	28	
5	4	7	
7	5	10	
6	4	8	
14	10	19	
15	10	20	
10	7	14	
1	1	1	
8	6	11	
5	4	7	
15	10	20	
3	2	4	
3	2	4	
4	3	6	
5	4	7	
5	4	7	
3	2	4	
1	1	1	
7	5	10	
5	4	7	
9	6	12	
30	20	40	
20	14	27	
6	4	8	
15	10	20	
5	4	7	
6	4	8	
27	18	36	
4	3	6	
17	12	23	
7	5	10	
5	4	7	
5	4	7	
]

StintsInProject: [
[ 1 2 3 4 5 ]
[ 6 7 8 9 10 ]
[ 11 12 13 14 15 ]
[ 16 17 18 19 20 21 22 23 24 ]
[ 25 26 27 28 29 30 31 32 33 ]
]

WorkingStintsOnDay: [
[ 1 6 11 16 25 ]
[ 1 6 11 16 25 ]
[ 1 6 11 16 25 ]
[ 1 6 11 16 25 ]
[ 1 6 11 16 25 ]
[ 1 6 11 ]
[ 1 6 11 ]
[ 1 6 11 17 26 ]
[ 1 6 11 17 26 ]
[ 1 6 11 17 26 ]
[ 1 6 11 17 26 ]
[ 1 6 11 17 26 ]
[ ]
[ ]
[ 2 7 12 18 27 ]
[ 2 7 12 18 27 ]
[ 2 7 12 18 27 ]
[ 2 7 12 18 27 ]
[ 2 7 12 18 27 ]
[ 2 7 12 ]
[ 2 7 12 ]
[ 2 7 12 19 28 ]
[ 2 7 12 19 28 ]
[ 2 7 12 19 28 ]
[ 2 7 12 19 28 ]
[ 2 7 12 19 28 ]
[ ]
[ ]
[ 3 8 13 20 29 ]
[ 3 8 13 20 29 ]
[ 3 8 13 20 29 ]
[ 3 8 13 20 29 ]
[ 3 8 13 20 29 ]
[ 3 8 13 ]
[ 3 8 13 ]
[ 3 8 13 21 30 ]
[ 3 8 13 21 30 ]
[ 3 8 13 21 30 ]
[ 3 8 13 21 30 ]
[ 3 8 13 21 30 ]
[ ]
[ ]
[ 4 9 14 22 31 ]
[ 4 9 14 22 31 ]
[ 4 9 14 22 31 ]
[ 4 9 14 22 31 ]
[ 4 9 14 22 31 ]
[ 4 9 14 ]
[ 4 9 14 ]
[ 4 9 14 23 32 ]
[ 4 9 14 23 32 ]
[ 4 9 14 23 32 ]
[ 4 9 14 23 32 ]
[ 4 9 14 23 32 ]
[ ]
[ ]
[ 5 10 15 24 33 ]
[ 5 10 15 24 33 ]
[ 5 10 15 24 33 ]
[ 5 10 15 24 33 ]
]

ProjectStart: [ 9 17 4 4 3 ]

ProjectEnd: [ 53 38 51 31 47 ]

EarliestStartDayForActivity: [ 1 9 16 9 9 16 21 9 30 30 30 30 21 41 26 37 1 17 17 24 26 24 26 26 1 4 4 4 18 30 27 27 30 27 4 35 27 35 27 27 37 1 4 4 4 16 16 19 19 19 25 1 3 3 10 3 3 31 12 39 33 3 40 12 23 3 37 ]

LatestStartDayForActivity: [ 1 53 53 53 53 53 53 53 53 53 53 53 53 53 53 53 1 38 38 38 38 38 38 38 1 51 51 51 51 51 51 51 51 51 51 51 51 51 51 51 51 1 31 31 31 31 31 31 31 31 31 1 47 47 47 47 47 47 47 47 47 47 47 47 47 47 47 ]

EquipmentTypeDemandInActivityWithMode: [
0	0	0	
0	1	0	
1	3	1	
0	1	0	
0	1	0	
1	3	1	
2	4	2	
1	3	1	
2	4	2	
1	3	1	
1	3	1	
1	3	1	
0	1	0	
1	3	1	
0	1	0	
0	1	0	
0	0	0	
0	1	0	
0	1	0	
1	3	1	
1	3	1	
1	3	1	
0	1	0	
1	3	1	
0	0	0	
0	1	0	
0	1	0	
0	1	0	
0	1	0	
0	1	0	
0	1	0	
0	1	0	
1	3	1	
1	3	1	
0	1	0	
1	3	1	
0	1	0	
1	3	1	
0	1	0	
1	3	1	
0	1	0	
0	0	0	
1	3	1	
0	1	0	
0	1	0	
0	1	0	
0	1	0	
0	1	0	
0	1	0	
0	1	0	
0	1	0	
0	0	0	
0	1	0	
3	6	2	
1	3	1	
0	1	0	
0	1	0	
1	3	1	
1	3	1	
0	1	0	
1	3	1	
0	1	0	
0	1	0	
0	1	0	
0	1	0	
1	3	1	
0	1	0	

0	0	0	
1	3	1	
0	1	0	
0	1	0	
1	3	1	
1	3	1	
1	3	1	
1	3	1	
1	3	1	
0	1	0	
0	1	0	
1	3	1	
1	3	1	
1	3	1	
1	3	1	
1	3	1	
0	0	0	
0	1	0	
0	1	0	
1	3	1	
0	1	0	
1	3	1	
1	3	1	
2	4	2	
0	0	0	
1	3	1	
0	1	0	
2	4	2	
0	1	0	
1	3	1	
1	3	1	
0	1	0	
0	1	0	
0	1	0	
2	4	2	
0	1	0	
1	3	1	
0	1	0	
0	1	0	
0	1	0	
1	3	1	
0	0	0	
0	1	0	
1	3	1	
0	1	0	
0	1	0	
0	1	0	
1	3	1	
2	4	2	
0	1	0	
1	3	1	
0	0	0	
0	1	0	
1	3	1	
0	1	0	
2	4	2	
1	3	1	
1	3	1	
1	3	1	
0	1	0	
1	3	1	
0	1	0	
2	4	2	
0	1	0	
2	4	2	
0	1	0	
1	3	1	

0	0	0	
0	1	0	
1	3	1	
0	1	0	
0	1	0	
2	4	2	
1	3	1	
0	1	0	
0	1	0	
1	3	1	
1	3	1	
0	1	0	
0	1	0	
1	3	1	
0	1	0	
1	3	1	
0	0	0	
0	1	0	
1	3	1	
0	1	0	
0	1	0	
0	1	0	
0	1	0	
1	3	1	
0	0	0	
0	1	0	
0	1	0	
0	1	0	
0	1	0	
1	3	1	
1	3	1	
2	4	2	
2	4	2	
1	3	1	
0	1	0	
0	1	0	
1	3	1	
0	1	0	
1	3	1	
1	3	1	
0	1	0	
0	0	0	
1	3	1	
1	3	1	
0	1	0	
1	3	1	
1	3	1	
2	4	2	
0	1	0	
2	4	2	
1	3	1	
0	0	0	
2	4	2	
1	3	1	
0	1	0	
0	1	0	
1	3	1	
1	3	1	
0	1	0	
1	3	1	
0	1	0	
0	1	0	
1	3	1	
0	1	0	
1	3	1	
1	3	1	
1	3	1	

0	0	0	
0	1	0	
0	1	0	
0	1	0	
1	3	1	
0	1	0	
0	1	0	
0	1	0	
0	1	0	
0	1	0	
0	1	0	
1	3	1	
0	1	0	
1	3	1	
1	3	1	
0	1	0	
0	0	0	
0	1	0	
1	3	1	
0	1	0	
1	3	1	
0	1	0	
0	1	0	
0	1	0	
0	0	0	
1	3	1	
0	1	0	
2	4	2	
1	3	1	
0	1	0	
1	3	1	
1	3	1	
0	1	0	
0	1	0	
0	1	0	
2	4	2	
0	1	0	
0	1	0	
0	1	0	
1	3	1	
2	4	2	
0	0	0	
0	1	0	
0	1	0	
1	3	1	
1	3	1	
0	1	0	
0	1	0	
0	1	0	
0	1	0	
0	1	0	
0	0	0	
0	1	0	
0	1	0	
1	3	1	
0	1	0	
2	4	2	
0	1	0	
1	3	1	
1	3	1	
0	1	0	
0	1	0	
0	1	0	
1	3	1	
0	1	0	
0	1	0	
1	3	1	

0	0	0	
1	3	1	
1	3	1	
0	1	0	
1	3	1	
1	3	1	
0	1	0	
3	6	2	
0	1	0	
1	3	1	
2	4	2	
0	1	0	
1	3	1	
1	3	1	
0	1	0	
0	1	0	
0	0	0	
0	1	0	
0	1	0	
0	1	0	
2	4	2	
0	1	0	
0	1	0	
0	1	0	
0	0	0	
1	3	1	
0	1	0	
2	4	2	
0	1	0	
1	3	1	
0	1	0	
1	3	1	
0	1	0	
0	1	0	
1	3	1	
1	3	1	
0	1	0	
1	3	1	
1	3	1	
0	1	0	
0	1	0	
0	0	0	
2	4	2	
1	3	1	
0	1	0	
1	3	1	
0	1	0	
0	1	0	
1	3	1	
2	4	2	
1	3	1	
0	0	0	
1	3	1	
0	1	0	
0	1	0	
1	3	1	
2	4	2	
0	1	0	
1	3	1	
2	4	2	
0	1	0	
1	3	1	
2	4	2	
3	6	2	
0	1	0	
0	1	0	
1	3	1	

]

ExternalEquipmentRentingCost: [
1214	4160	2949	4955	5237	5011	2428	1430	4892	1889	1055	4684	3179	5030	4191	5347	3326	4057	4334	5886	5988	4475	3679	2408	2878	2236	1734	4435	5227	4512	5786	2862	4726	1610	2274	3823	5322	1291	5334	5855	2264	3427	4586	2384	1470	3317	5115	4371	2646	2002	3780	3248	2600	4989	3452	2628	2789	4568	3425	2926	4725	3317	1711	1630	2473	4643	3372	
3926	5312	2888	3676	1385	3831	3325	5300	5662	1717	1127	1815	3634	3203	4582	1507	3983	5125	4980	1061	1323	2726	2174	2216	5300	2490	5500	5307	3774	4936	5955	2118	1606	3407	3039	3855	5924	2297	5945	2552	4188	4755	1890	3115	5208	2957	2965	4041	4862	2265	2846	5105	5136	3939	4240	3381	5886	1332	2599	4509	3804	2479	5152	3894	3263	4798	5689	
3191	5920	1678	4930	2911	2924	5943	2753	2003	1372	2361	3580	1805	2149	2467	1107	2115	5566	3514	1054	3741	3569	3536	3078	3746	4350	1741	1227	5543	2345	1457	2519	4784	5333	4518	3929	2960	3280	1888	1536	5608	4600	3686	5037	2233	5122	5001	1839	4082	1938	4607	2327	1467	4711	5431	4594	4992	1980	2241	3425	4528	1581	4057	1980	2810	3223	3337	
4992	5986	1810	4108	4646	4220	1490	1353	1434	5071	1097	5465	3795	2920	3804	3208	2170	1937	3914	5516	2516	1152	1397	3578	5369	4121	4871	3416	4228	2195	4943	3713	3634	3899	5214	1776	1548	4274	5167	4774	5970	3592	1345	3350	2481	5277	5305	2677	3301	5043	5433	2288	2881	5600	4614	3362	3041	3379	5187	1056	4342	5737	4988	3696	4226	2225	1322	
2906	1458	2042	5044	2118	2991	2213	4106	5352	4707	2220	1451	4516	5369	4402	2910	5504	2130	4729	4328	5705	2834	2328	3751	3744	4549	1632	1641	3588	2100	1375	4585	4510	5205	1536	4520	5402	4773	4873	1388	3699	1306	4605	5490	3377	5695	2794	1751	3741	3305	4580	4692	2498	1952	5940	2562	4214	3660	2450	1949	5524	1944	3585	3086	3430	1678	1200	
]

EquipmentTypeTransportationCost: [
1	3583	3562	3911	3959	
3583	1	1000	3441	3404	
3562	1000	1	3430	3420	
3911	3441	3430	1	1000	
3959	3404	3420	1000	1	

1	4067	4048	4595	4604	
4067	1	1000	3944	3944	
4048	1000	1	3926	3956	
4595	3944	3926	1	1000	
4604	3944	3956	1000	1	

1	3346	3376	3746	3748	
3346	1	1000	3177	3275	
3376	1000	1	3225	3268	
3746	3177	3225	1	1000	
3748	3275	3268	1000	1	

1	2831	2816	3138	3134	
2831	1	1000	2772	2730	
2816	1000	1	2759	2755	
3138	2772	2759	1	1000	
3134	2730	2755	1000	1	

1	3495	3477	3876	3894	
3495	1	1000	3312	3331	
3477	1000	1	3361	3329	
3876	3312	3361	1	1000	
3894	3331	3329	1000	1	

]

TransportationTimeForEquipmentTypeBetweenProjects: [
1	1	1	1	1	
1	1	1	1	1	
1	1	1	1	1	
1	1	1	1	1	
1	1	1	1	1	

1	1	1	1	1	
1	1	1	1	1	
1	1	1	1	1	
1	1	1	1	1	
1	1	1	1	1	

1	1	1	1	1	
1	1	1	1	1	
1	1	1	1	1	
1	1	1	1	1	
1	1	1	1	1	

1	1	1	1	1	
1	1	1	1	1	
1	1	1	1	1	
1	1	1	1	1	
1	1	1	1	1	

1	1	1	1	1	
1	1	1	1	1	
1	1	1	1	1	
1	1	1	1	1	
1	1	1	1	1	

]

TotalNumberOfInitialEquipmentTypeLocation: [
(1 1) 1 (1 17) 1 (1 25) 1 (1 42) 1 (1 52) 2 
(2 17) 2 (2 25) 2 (2 52) 1 
(3 17) 1 (3 25) 1 (3 42) 2 (3 52) 1 
(4 1) 1 (4 42) 2 (4 52) 1 
(5 1) 2 (5 25) 5 (5 42) 2 (5 52) 1 
]

DepotActivities: [ 1 17 25 42 52 ]

MaximalStintCliques: [
[ 2 7 12 1 18 11 27 6 ]
[ 2 7 12 3 20 13 29 8 ]
[ 2 7 12 19 28 ]
[ 4 9 14 33 10 5 15 24 ]
[ 4 9 14 3 13 22 31 8 ]
[ 4 9 14 23 32 ]
[ 16 1 25 11 6 ]
[ 17 1 26 11 6 ]
[ 21 3 13 30 8 ]
]
