nEmployees: 90
nSkills: 4
nProjects: 5
nDays: 150
nActivities: 171
nEquipmentTypes: 4
nStints: 66
nMaxModes: 3
nStintCliques: 22

EmployeeInStintCost: [
26732 26732 26732 26732 26732 26732 26732 26732 26732 26732 17402 38608 38608 38608 38608 38608 38608 38608 38608 38608 38608 28908 18054 18054 18054 18054 18054 18054 18054 18054 18054 18054 18054 18054 18054 18054 18054 18054 18054 18054 18054 18054 18054 13018 42752 42752 42752 42752 42752 42752 42752 42752 42752 42752 32820 45098 45098 45098 45098 45098 45098 45098 45098 45098 42410 27838 
41908 41908 41908 41908 41908 41908 41908 41908 41908 41908 32050 31544 31544 31544 31544 31544 31544 31544 31544 31544 31544 21316 16342 16342 16342 16342 16342 16342 16342 16342 16342 16342 16342 16342 16342 16342 16342 16342 16342 16342 16342 16342 16342 11114 19640 19640 19640 19640 19640 19640 19640 19640 19640 19640 11720 42946 42946 42946 42946 42946 42946 42946 42946 42946 40066 24822 
35964 35964 35964 35964 35964 35964 35964 35964 35964 35964 26304 30736 30736 30736 30736 30736 30736 30736 30736 30736 30736 20706 7212 7212 7212 7212 7212 7212 7212 7212 7212 7212 7212 7212 7212 7212 7212 7212 7212 7212 7212 7212 7212 4404 34696 34696 34696 34696 34696 34696 34696 34696 34696 34696 24434 20194 20194 20194 20194 20194 20194 20194 20194 20194 17386 7558 
34556 34556 34556 34556 34556 34556 34556 34556 34556 34556 24764 32424 32424 32424 32424 32424 32424 32424 32424 32424 32424 22262 11554 11554 11554 11554 11554 11554 11554 11554 11554 11554 11554 11554 11554 11554 11554 11554 11554 11554 11554 11554 11554 6350 36576 36576 36576 36576 36576 36576 36576 36576 36576 36576 26182 39392 39392 39392 39392 39392 39392 39392 39392 39392 36536 21376 
29996 29996 29996 29996 29996 29996 29996 29996 29996 29996 20864 35352 35352 35352 35352 35352 35352 35352 35352 35352 35352 25850 14922 14922 14922 14922 14922 14922 14922 14922 14922 14922 14922 14922 14922 14922 14922 14922 14922 14922 14922 14922 14922 9958 39288 39288 39288 39288 39288 39288 39288 39288 39288 39288 29554 41532 41532 41532 41532 41532 41532 41532 41532 41532 38916 24596 
28340 28340 28340 28340 28340 28340 28340 28340 28340 28340 18680 38160 38160 38160 38160 38160 38160 38160 38160 38160 38160 28130 17162 17162 17162 17162 17162 17162 17162 17162 17162 17162 17162 17162 17162 17162 17162 17162 17162 17162 17162 17162 17162 12006 42288 42288 42288 42288 42288 42288 42288 42288 42288 42288 32026 44836 44836 44836 44836 44836 44836 44836 44836 44836 42028 27036 
35484 35484 35484 35484 35484 35484 35484 35484 35484 35484 26088 30256 30256 30256 30256 30256 30256 30256 30256 30256 30256 20490 7068 7068 7068 7068 7068 7068 7068 7068 7068 7068 7068 7068 7068 7068 7068 7068 7068 7068 7068 7068 7068 4356 34216 34216 34216 34216 34216 34216 34216 34216 34216 34216 24218 19546 19546 19546 19546 19546 19546 19546 19546 19546 16834 7342 
33756 33756 33756 33756 33756 33756 33756 33756 33756 33756 24690 30592 30592 30592 30592 30592 30592 30592 30592 30592 30592 21156 7368 7368 7368 7368 7368 7368 7368 7368 7368 7368 7368 7368 7368 7368 7368 7368 7368 7368 7368 7368 7368 4776 34704 34704 34704 34704 34704 34704 34704 34704 34704 34704 25036 36930 36930 36930 36930 36930 36930 36930 36930 36930 34338 20102 
34092 34092 34092 34092 34092 34092 34092 34092 34092 34092 25290 29504 29504 29504 29504 29504 29504 29504 29504 29504 29504 20332 11366 11366 11366 11366 11366 11366 11366 11366 11366 11366 11366 11366 11366 11366 11366 11366 11366 11366 11366 11366 11366 6522 33672 33672 33672 33672 33672 33672 33672 33672 33672 33672 24268 36794 36794 36794 36794 36794 36794 36794 36794 36794 34298 20398 
33636 33636 33636 33636 33636 33636 33636 33636 33636 33636 24636 30472 30472 30472 30472 30472 30472 30472 30472 30472 30472 21102 7332 7332 7332 7332 7332 7332 7332 7332 7332 7332 7332 7332 7332 7332 7332 7332 7332 7332 7332 7332 7332 4764 34584 34584 34584 34584 34584 34584 34584 34584 34584 34584 24982 36768 36768 36768 36768 36768 36768 36768 36768 36768 34200 20048 
37780 37780 37780 37780 37780 37780 37780 37780 37780 37780 28912 17040 17040 17040 17040 17040 17040 17040 17040 17040 17040 10110 13482 13482 13482 13482 13482 13482 13482 13482 13482 13482 13482 13482 13482 13482 13482 13482 13482 13482 13482 13482 13482 8614 29960 29960 29960 29960 29960 29960 29960 29960 29960 29960 20490 38196 38196 38196 38196 38196 38196 38196 38196 38196 35676 21692 
39660 39660 39660 39660 39660 39660 39660 39660 39660 39660 30924 28992 28992 28992 28992 28992 28992 28992 28992 28992 28992 19886 15530 15530 15530 15530 15530 15530 15530 15530 15530 15530 15530 15530 15530 15530 15530 15530 15530 15530 15530 15530 15530 10710 12360 12360 12360 12360 12360 12360 12360 12360 12360 12360 5562 39992 39992 39992 39992 39992 39992 39992 39992 39992 37520 23704 
33852 33852 33852 33852 33852 33852 33852 33852 33852 33852 25182 29264 29264 29264 29264 29264 29264 29264 29264 29264 29264 20224 11294 11294 11294 11294 11294 11294 11294 11294 11294 11294 11294 11294 11294 11294 11294 11294 11294 11294 11294 11294 11294 6498 33432 33432 33432 33432 33432 33432 33432 33432 33432 33432 24160 36470 36470 36470 36470 36470 36470 36470 36470 36470 34022 20290 
26012 26012 26012 26012 26012 26012 26012 26012 26012 26012 17078 37888 37888 37888 37888 37888 37888 37888 37888 37888 37888 28584 17838 17838 17838 17838 17838 17838 17838 17838 17838 17838 17838 17838 17838 17838 17838 17838 17838 17838 17838 17838 17838 12946 42032 42032 42032 42032 42032 42032 42032 42032 42032 42032 32496 44126 44126 44126 44126 44126 44126 44126 44126 44126 41582 27514 
39796 39796 39796 39796 39796 39796 39796 39796 39796 39796 29872 19120 19120 19120 19120 19120 19120 19120 19120 19120 19120 11134 14154 14154 14154 14154 14154 14154 14154 14154 14154 14154 14154 14154 14154 14154 14154 14154 14154 14154 14154 14154 14154 8902 31784 31784 31784 31784 31784 31784 31784 31784 31784 31784 21258 40884 40884 40884 40884 40884 40884 40884 40884 40884 37980 22652 
31980 31980 31980 31980 31980 31980 31980 31980 31980 31980 22518 33920 33920 33920 33920 33920 33920 33920 33920 33920 33920 24088 13078 13078 13078 13078 13078 13078 13078 13078 13078 13078 13078 13078 13078 13078 13078 13078 13078 13078 13078 13078 13078 7994 37976 37976 37976 37976 37976 37976 37976 37976 37976 37976 27912 40366 40366 40366 40366 40366 40366 40366 40366 40366 37630 22890 
27572 27572 27572 27572 27572 27572 27572 27572 27572 27572 17780 39448 39448 39448 39448 39448 39448 39448 39448 39448 39448 29286 18306 18306 18306 18306 18306 18306 18306 18306 18306 18306 18306 18306 18306 18306 18306 18306 18306 18306 18306 18306 18306 13102 43592 43592 43592 43592 43592 43592 43592 43592 43592 43592 33198 46232 46232 46232 46232 46232 46232 46232 46232 46232 43376 28216 
39828 39828 39828 39828 39828 39828 39828 39828 39828 39828 30828 29136 29136 29136 29136 29136 29136 29136 29136 29136 29136 19766 15474 15474 15474 15474 15474 15474 15474 15474 15474 15474 15474 15474 15474 15474 15474 15474 15474 15474 15474 15474 15474 10558 18120 18120 18120 18120 18120 18120 18120 18120 18120 18120 11058 40472 40472 40472 40472 40472 40472 40472 40472 40472 37904 23752 
35644 35644 35644 35644 35644 35644 35644 35644 35644 35644 26248 30032 30032 30032 30032 30032 30032 30032 30032 30032 30032 20266 7668 7668 7668 7668 7668 7668 7668 7668 7668 7668 7668 7668 7668 7668 7668 7668 7668 7668 7668 7668 7668 4956 34032 34032 34032 34032 34032 34032 34032 34032 34032 34032 24034 18306 18306 18306 18306 18306 18306 18306 18306 18306 15594 6102 
34604 34604 34604 34604 34604 34604 34604 34604 34604 34604 25736 29104 29104 29104 29104 29104 29104 29104 29104 29104 29104 19866 11114 11114 11114 11114 11114 11114 11114 11114 11114 11114 11114 11114 11114 11114 11114 11114 11114 11114 11114 11114 11114 6246 33280 33280 33280 33280 33280 33280 33280 33280 33280 33280 23810 36476 36476 36476 36476 36476 36476 36476 36476 36476 33956 19972 
32068 32068 32068 32068 32068 32068 32068 32068 32068 32068 22606 33704 33704 33704 33704 33704 33704 33704 33704 33704 33704 23872 12990 12990 12990 12990 12990 12990 12990 12990 12990 12990 12990 12990 12990 12990 12990 12990 12990 12990 12990 12990 12990 7906 37832 37832 37832 37832 37832 37832 37832 37832 37832 37832 27768 40278 40278 40278 40278 40278 40278 40278 40278 40278 37542 22802 
33972 33972 33972 33972 33972 33972 33972 33972 33972 33972 25236 29384 29384 29384 29384 29384 29384 29384 29384 29384 29384 20278 11330 11330 11330 11330 11330 11330 11330 11330 11330 11330 11330 11330 11330 11330 11330 11330 11330 11330 11330 11330 11330 6510 33552 33552 33552 33552 33552 33552 33552 33552 33552 33552 24214 36632 36632 36632 36632 36632 36632 36632 36632 36632 34160 20344 
34332 34332 34332 34332 34332 34332 34332 34332 34332 34332 25398 29744 29744 29744 29744 29744 29744 29744 29744 29744 29744 20440 11438 11438 11438 11438 11438 11438 11438 11438 11438 11438 11438 11438 11438 11438 11438 11438 11438 11438 11438 11438 11438 6546 33912 33912 33912 33912 33912 33912 33912 33912 33912 33912 24376 37118 37118 37118 37118 37118 37118 37118 37118 37118 34574 20506 
36324 36324 36324 36324 36324 36324 36324 36324 36324 36324 26466 31096 31096 31096 31096 31096 31096 31096 31096 31096 31096 20868 7320 7320 7320 7320 7320 7320 7320 7320 7320 7320 7320 7320 7320 7320 7320 7320 7320 7320 7320 7320 7320 4440 35056 35056 35056 35056 35056 35056 35056 35056 35056 35056 24596 20680 20680 20680 20680 20680 20680 20680 20680 20680 17800 7720 
11880 11880 11880 11880 11880 11880 11880 11880 11880 11880 5346 38664 38664 38664 38664 38664 38664 38664 38664 38664 38664 29822 19162 19162 19162 19162 19162 19162 19162 19162 19162 19162 19162 19162 19162 19162 19162 19162 19162 19162 19162 19162 19162 14438 42792 42792 42792 42792 42792 42792 42792 42792 42792 42792 33718 44568 44568 44568 44568 44568 44568 44568 44568 44568 42192 28712 
38716 38716 38716 38716 38716 38716 38716 38716 38716 38716 29386 18040 18040 18040 18040 18040 18040 18040 18040 18040 18040 10648 13830 13830 13830 13830 13830 13830 13830 13830 13830 13830 13830 13830 13830 13830 13830 13830 13830 13830 13830 13830 13830 8794 30704 30704 30704 30704 30704 30704 30704 30704 30704 30704 20772 39426 39426 39426 39426 39426 39426 39426 39426 39426 36738 22166 
35484 35484 35484 35484 35484 35484 35484 35484 35484 35484 26088 30256 30256 30256 30256 30256 30256 30256 30256 30256 30256 20490 7068 7068 7068 7068 7068 7068 7068 7068 7068 7068 7068 7068 7068 7068 7068 7068 7068 7068 7068 7068 7068 4356 34216 34216 34216 34216 34216 34216 34216 34216 34216 34216 24218 19546 19546 19546 19546 19546 19546 19546 19546 19546 16834 7342 
41820 41820 41820 41820 41820 41820 41820 41820 41820 41820 31896 31152 31152 31152 31152 31152 31152 31152 31152 31152 31152 20858 16178 16178 16178 16178 16178 16178 16178 16178 16178 16178 16178 16178 16178 16178 16178 16178 16178 16178 16178 16178 16178 10926 14520 14520 14520 14520 14520 14520 14520 14520 14520 14520 6534 42908 42908 42908 42908 42908 42908 42908 42908 42908 40004 24676 
34436 34436 34436 34436 34436 34436 34436 34436 34436 34436 25304 30232 30232 30232 30232 30232 30232 30232 30232 30232 30232 20730 3924 3924 3924 3924 3924 3924 3924 3924 3924 3924 3924 3924 3924 3924 3924 3924 3924 3924 3924 3924 3924 1308 34272 34272 34272 34272 34272 34272 34272 34272 34272 34272 24538 21258 21258 21258 21258 21258 21258 21258 21258 21258 18642 9486 
12960 12960 12960 12960 12960 12960 12960 12960 12960 12960 5832 39744 39744 39744 39744 39744 39744 39744 39744 39744 39744 30308 19486 19486 19486 19486 19486 19486 19486 19486 19486 19486 19486 19486 19486 19486 19486 19486 19486 19486 19486 19486 19486 14546 43872 43872 43872 43872 43872 43872 43872 43872 43872 43872 34204 46026 46026 46026 46026 46026 46026 46026 46026 46026 43434 29198 
26900 26900 26900 26900 26900 26900 26900 26900 26900 26900 18032 36720 36720 36720 36720 36720 36720 36720 36720 36720 36720 27482 16730 16730 16730 16730 16730 16730 16730 16730 16730 16730 16730 16730 16730 16730 16730 16730 16730 16730 16730 16730 16730 11862 40848 40848 40848 40848 40848 40848 40848 40848 40848 40848 31378 42892 42892 42892 42892 42892 42892 42892 42892 42892 40372 26388 
37876 37876 37876 37876 37876 37876 37876 37876 37876 37876 29008 17200 17200 17200 17200 17200 17200 17200 17200 17200 17200 10270 13578 13578 13578 13578 13578 13578 13578 13578 13578 13578 13578 13578 13578 13578 13578 13578 13578 13578 13578 13578 13578 8710 29864 29864 29864 29864 29864 29864 29864 29864 29864 29864 20394 38292 38292 38292 38292 38292 38292 38292 38292 38292 35772 21788 
30028 30028 30028 30028 30028 30028 30028 30028 30028 30028 21688 31664 31664 31664 31664 31664 31664 31664 31664 31664 31664 22954 12378 12378 12378 12378 12378 12378 12378 12378 12378 12378 12378 12378 12378 12378 12378 12378 12378 12378 12378 12378 12378 7702 35792 35792 35792 35792 35792 35792 35792 35792 35792 35792 26850 37524 37524 37524 37524 37524 37524 37524 37524 37524 35196 21884 
37396 37396 37396 37396 37396 37396 37396 37396 37396 37396 28792 16720 16720 16720 16720 16720 16720 16720 16720 16720 16720 10054 13434 13434 13434 13434 13434 13434 13434 13434 13434 13434 13434 13434 13434 13434 13434 13434 13434 13434 13434 13434 13434 8662 29384 29384 29384 29384 29384 29384 29384 29384 29384 29384 20178 37644 37644 37644 37644 37644 37644 37644 37644 37644 35220 21572 
12960 12960 12960 12960 12960 12960 12960 12960 12960 12960 5832 39744 39744 39744 39744 39744 39744 39744 39744 39744 39744 30308 19486 19486 19486 19486 19486 19486 19486 19486 19486 19486 19486 19486 19486 19486 19486 19486 19486 19486 19486 19486 19486 14546 43872 43872 43872 43872 43872 43872 43872 43872 43872 43872 34204 46026 46026 46026 46026 46026 46026 46026 46026 46026 43434 29198 
38740 38740 38740 38740 38740 38740 38740 38740 38740 38740 29344 18000 18000 18000 18000 18000 18000 18000 18000 18000 18000 10542 13770 13770 13770 13770 13770 13770 13770 13770 13770 13770 13770 13770 13770 13770 13770 13770 13770 13770 13770 13770 13770 8710 30920 30920 30920 30920 30920 30920 30920 30920 30920 30920 20922 39492 39492 39492 39492 39492 39492 39492 39492 39492 36780 22124 
36324 36324 36324 36324 36324 36324 36324 36324 36324 36324 26466 31096 31096 31096 31096 31096 31096 31096 31096 31096 31096 20868 7320 7320 7320 7320 7320 7320 7320 7320 7320 7320 7320 7320 7320 7320 7320 7320 7320 7320 7320 7320 7320 4440 35056 35056 35056 35056 35056 35056 35056 35056 35056 35056 24596 20680 20680 20680 20680 20680 20680 20680 20680 20680 17800 7720 
27500 27500 27500 27500 27500 27500 27500 27500 27500 27500 18302 37320 37320 37320 37320 37320 37320 37320 37320 37320 37320 27752 16910 16910 16910 16910 16910 16910 16910 16910 16910 16910 16910 16910 16910 16910 16910 16910 16910 16910 16910 16910 16910 11922 41448 41448 41448 41448 41448 41448 41448 41448 41448 41448 31648 43702 43702 43702 43702 43702 43702 43702 43702 43702 41062 26658 
37164 37164 37164 37164 37164 37164 37164 37164 37164 37164 28296 12600 12600 12600 12600 12600 12600 12600 12600 12600 12600 5670 12954 12954 12954 12954 12954 12954 12954 12954 12954 12954 12954 12954 12954 12954 12954 12954 12954 12954 12954 12954 12954 8086 30624 30624 30624 30624 30624 30624 30624 30624 30624 30624 21154 37708 37708 37708 37708 37708 37708 37708 37708 37708 35188 21204 
37764 37764 37764 37764 37764 37764 37764 37764 37764 37764 28566 13200 13200 13200 13200 13200 13200 13200 13200 13200 13200 5940 13134 13134 13134 13134 13134 13134 13134 13134 13134 13134 13134 13134 13134 13134 13134 13134 13134 13134 13134 13134 13134 8146 31224 31224 31224 31224 31224 31224 31224 31224 31224 31224 21424 38518 38518 38518 38518 38518 38518 38518 38518 38518 35878 21474 
37156 37156 37156 37156 37156 37156 37156 37156 37156 37156 28684 16480 16480 16480 16480 16480 16480 16480 16480 16480 16480 9946 13362 13362 13362 13362 13362 13362 13362 13362 13362 13362 13362 13362 13362 13362 13362 13362 13362 13362 13362 13362 13362 8638 29144 29144 29144 29144 29144 29144 29144 29144 29144 29144 20070 37320 37320 37320 37320 37320 37320 37320 37320 37320 34944 21464 
39708 39708 39708 39708 39708 39708 39708 39708 39708 39708 30774 29016 29016 29016 29016 29016 29016 29016 29016 29016 29016 19712 15438 15438 15438 15438 15438 15438 15438 15438 15438 15438 15438 15438 15438 15438 15438 15438 15438 15438 15438 15438 15438 10546 18000 18000 18000 18000 18000 18000 18000 18000 18000 18000 11004 40310 40310 40310 40310 40310 40310 40310 40310 40310 37766 23698 
28556 28556 28556 28556 28556 28556 28556 28556 28556 28556 19028 37464 37464 37464 37464 37464 37464 37464 37464 37464 37464 27566 16610 16610 16610 16610 16610 16610 16610 16610 16610 16610 16610 16610 16610 16610 16610 16610 16610 16610 16610 16610 16610 11502 41584 41584 41584 41584 41584 41584 41584 41584 41584 41584 31454 44032 44032 44032 44032 44032 44032 44032 44032 44032 41272 26448 
28916 28916 28916 28916 28916 28916 28916 28916 28916 28916 19190 37824 37824 37824 37824 37824 37824 37824 37824 37824 37824 27728 16718 16718 16718 16718 16718 16718 16718 16718 16718 16718 16718 16718 16718 16718 16718 16718 16718 16718 16718 16718 16718 11538 41944 41944 41944 41944 41944 41944 41944 41944 41944 41944 31616 44518 44518 44518 44518 44518 44518 44518 44518 44518 41686 26610 
39556 39556 39556 39556 39556 39556 39556 39556 39556 39556 29764 18880 18880 18880 18880 18880 18880 18880 18880 18880 18880 11026 14082 14082 14082 14082 14082 14082 14082 14082 14082 14082 14082 14082 14082 14082 14082 14082 14082 14082 14082 14082 14082 8878 31544 31544 31544 31544 31544 31544 31544 31544 31544 31544 21150 40560 40560 40560 40560 40560 40560 40560 40560 40560 37704 22544 
41628 41628 41628 41628 41628 41628 41628 41628 41628 41628 31638 30936 30936 30936 30936 30936 30936 30936 30936 30936 30936 20576 16014 16014 16014 16014 16014 16014 16014 16014 16014 16014 16014 16014 16014 16014 16014 16014 16014 16014 16014 16014 16014 10738 19920 19920 19920 19920 19920 19920 19920 19920 19920 19920 11868 42902 42902 42902 42902 42902 42902 42902 42902 42902 39974 24562 
38860 38860 38860 38860 38860 38860 38860 38860 38860 38860 29398 18120 18120 18120 18120 18120 18120 18120 18120 18120 18120 10596 13806 13806 13806 13806 13806 13806 13806 13806 13806 13806 13806 13806 13806 13806 13806 13806 13806 13806 13806 13806 13806 8722 31040 31040 31040 31040 31040 31040 31040 31040 31040 31040 20976 39654 39654 39654 39654 39654 39654 39654 39654 39654 36918 22178 
37756 37756 37756 37756 37756 37756 37756 37756 37756 37756 28954 17080 17080 17080 17080 17080 17080 17080 17080 17080 17080 10216 13542 13542 13542 13542 13542 13542 13542 13542 13542 13542 13542 13542 13542 13542 13542 13542 13542 13542 13542 13542 13542 8698 29744 29744 29744 29744 29744 29744 29744 29744 29744 29744 20340 38130 38130 38130 38130 38130 38130 38130 38130 38130 35634 21734 
32100 32100 32100 32100 32100 32100 32100 32100 32100 32100 22572 34040 34040 34040 34040 34040 34040 34040 34040 34040 34040 24142 13114 13114 13114 13114 13114 13114 13114 13114 13114 13114 13114 13114 13114 13114 13114 13114 13114 13114 13114 13114 13114 8006 38096 38096 38096 38096 38096 38096 38096 38096 38096 38096 27966 40528 40528 40528 40528 40528 40528 40528 40528 40528 37768 22944 
33356 33356 33356 33356 33356 33356 33356 33356 33356 33356 24224 31224 31224 31224 31224 31224 31224 31224 31224 31224 31224 21722 11194 11194 11194 11194 11194 11194 11194 11194 11194 11194 11194 11194 11194 11194 11194 11194 11194 11194 11194 11194 11194 6230 35376 35376 35376 35376 35376 35376 35376 35376 35376 35376 25642 37772 37772 37772 37772 37772 37772 37772 37772 37772 35156 20836 
29756 29756 29756 29756 29756 29756 29756 29756 29756 29756 20756 35112 35112 35112 35112 35112 35112 35112 35112 35112 35112 25742 14850 14850 14850 14850 14850 14850 14850 14850 14850 14850 14850 14850 14850 14850 14850 14850 14850 14850 14850 14850 14850 9934 39048 39048 39048 39048 39048 39048 39048 39048 39048 39048 29446 41208 41208 41208 41208 41208 41208 41208 41208 41208 38640 24488 
40788 40788 40788 40788 40788 40788 40788 40788 40788 40788 31260 30096 30096 30096 30096 30096 30096 30096 30096 30096 30096 20198 15762 15762 15762 15762 15762 15762 15762 15762 15762 15762 15762 15762 15762 15762 15762 15762 15762 15762 15762 15762 15762 10654 19080 19080 19080 19080 19080 19080 19080 19080 19080 19080 11490 41768 41768 41768 41768 41768 41768 41768 41768 41768 39008 24184 
27116 27116 27116 27116 27116 27116 27116 27116 27116 27116 18380 36024 36024 36024 36024 36024 36024 36024 36024 36024 36024 26918 16178 16178 16178 16178 16178 16178 16178 16178 16178 16178 16178 16178 16178 16178 16178 16178 16178 16178 16178 16178 16178 11358 40144 40144 40144 40144 40144 40144 40144 40144 40144 40144 30806 42088 42088 42088 42088 42088 42088 42088 42088 42088 39616 25800 
29276 29276 29276 29276 29276 29276 29276 29276 29276 29276 20540 34632 34632 34632 34632 34632 34632 34632 34632 34632 34632 25526 14706 14706 14706 14706 14706 14706 14706 14706 14706 14706 14706 14706 14706 14706 14706 14706 14706 14706 14706 14706 14706 9886 38568 38568 38568 38568 38568 38568 38568 38568 38568 38568 29230 40560 40560 40560 40560 40560 40560 40560 40560 40560 38088 24272 
13080 13080 13080 13080 13080 13080 13080 13080 13080 13080 5886 39864 39864 39864 39864 39864 39864 39864 39864 39864 39864 30362 19522 19522 19522 19522 19522 19522 19522 19522 19522 19522 19522 19522 19522 19522 19522 19522 19522 19522 19522 19522 19522 14558 43992 43992 43992 43992 43992 43992 43992 43992 43992 43992 34258 46188 46188 46188 46188 46188 46188 46188 46188 46188 43572 29252 
35404 35404 35404 35404 35404 35404 35404 35404 35404 35404 26140 29792 29792 29792 29792 29792 29792 29792 29792 29792 29792 20158 7596 7596 7596 7596 7596 7596 7596 7596 7596 7596 7596 7596 7596 7596 7596 7596 7596 7596 7596 7596 7596 4932 33792 33792 33792 33792 33792 33792 33792 33792 33792 33792 23926 17982 17982 17982 17982 17982 17982 17982 17982 17982 15318 5994 
33956 33956 33956 33956 33956 33956 33956 33956 33956 33956 24494 31824 31824 31824 31824 31824 31824 31824 31824 31824 31824 21992 11374 11374 11374 11374 11374 11374 11374 11374 11374 11374 11374 11374 11374 11374 11374 11374 11374 11374 11374 11374 11374 6290 35976 35976 35976 35976 35976 35976 35976 35976 35976 35976 25912 38582 38582 38582 38582 38582 38582 38582 38582 38582 35846 21106 
12840 12840 12840 12840 12840 12840 12840 12840 12840 12840 5778 39624 39624 39624 39624 39624 39624 39624 39624 39624 39624 30254 19450 19450 19450 19450 19450 19450 19450 19450 19450 19450 19450 19450 19450 19450 19450 19450 19450 19450 19450 19450 19450 14534 43752 43752 43752 43752 43752 43752 43752 43752 43752 43752 34150 45864 45864 45864 45864 45864 45864 45864 45864 45864 43296 29144 
33596 33596 33596 33596 33596 33596 33596 33596 33596 33596 24926 29392 29392 29392 29392 29392 29392 29392 29392 29392 29392 20352 3672 3672 3672 3672 3672 3672 3672 3672 3672 3672 3672 3672 3672 3672 3672 3672 3672 3672 3672 3672 3672 1224 33432 33432 33432 33432 33432 33432 33432 33432 33432 33432 24160 20124 20124 20124 20124 20124 20124 20124 20124 20124 17676 9108 
37284 37284 37284 37284 37284 37284 37284 37284 37284 37284 28350 12720 12720 12720 12720 12720 12720 12720 12720 12720 12720 5724 12990 12990 12990 12990 12990 12990 12990 12990 12990 12990 12990 12990 12990 12990 12990 12990 12990 12990 12990 12990 12990 8098 30744 30744 30744 30744 30744 30744 30744 30744 30744 30744 21208 37870 37870 37870 37870 37870 37870 37870 37870 37870 35326 21258 
34684 34684 34684 34684 34684 34684 34684 34684 34684 34684 25816 29072 29072 29072 29072 29072 29072 29072 29072 29072 29072 19834 7380 7380 7380 7380 7380 7380 7380 7380 7380 7380 7380 7380 7380 7380 7380 7380 7380 7380 7380 7380 7380 4860 33072 33072 33072 33072 33072 33072 33072 33072 33072 33072 23602 17010 17010 17010 17010 17010 17010 17010 17010 17010 14490 5670 
40588 40588 40588 40588 40588 40588 40588 40588 40588 40588 31456 30224 30224 30224 30224 30224 30224 30224 30224 30224 30224 20722 15946 15946 15946 15946 15946 15946 15946 15946 15946 15946 15946 15946 15946 15946 15946 15946 15946 15946 15946 15946 15946 10982 18320 18320 18320 18320 18320 18320 18320 18320 18320 18320 11126 41164 41164 41164 41164 41164 41164 41164 41164 41164 38548 24228 
30716 30716 30716 30716 30716 30716 30716 30716 30716 30716 21188 36072 36072 36072 36072 36072 36072 36072 36072 36072 36072 26174 15138 15138 15138 15138 15138 15138 15138 15138 15138 15138 15138 15138 15138 15138 15138 15138 15138 15138 15138 15138 15138 10030 40008 40008 40008 40008 40008 40008 40008 40008 40008 40008 29878 42504 42504 42504 42504 42504 42504 42504 42504 42504 39744 24920 
27956 27956 27956 27956 27956 27956 27956 27956 27956 27956 18758 36864 36864 36864 36864 36864 36864 36864 36864 36864 36864 27296 16430 16430 16430 16430 16430 16430 16430 16430 16430 16430 16430 16430 16430 16430 16430 16430 16430 16430 16430 16430 16430 11442 40984 40984 40984 40984 40984 40984 40984 40984 40984 40984 31184 43222 43222 43222 43222 43222 43222 43222 43222 43222 40582 26178 
33716 33716 33716 33716 33716 33716 33716 33716 33716 33716 24386 31584 31584 31584 31584 31584 31584 31584 31584 31584 31584 21884 11302 11302 11302 11302 11302 11302 11302 11302 11302 11302 11302 11302 11302 11302 11302 11302 11302 11302 11302 11302 11302 6266 35736 35736 35736 35736 35736 35736 35736 35736 35736 35736 25804 38258 38258 38258 38258 38258 38258 38258 38258 38258 35570 20998 
38116 38116 38116 38116 38116 38116 38116 38116 38116 38116 29116 17440 17440 17440 17440 17440 17440 17440 17440 17440 17440 10378 13650 13650 13650 13650 13650 13650 13650 13650 13650 13650 13650 13650 13650 13650 13650 13650 13650 13650 13650 13650 13650 8734 30104 30104 30104 30104 30104 30104 30104 30104 30104 30104 20502 38616 38616 38616 38616 38616 38616 38616 38616 38616 36048 21896 
28076 28076 28076 28076 28076 28076 28076 28076 28076 28076 18812 36984 36984 36984 36984 36984 36984 36984 36984 36984 36984 27350 16466 16466 16466 16466 16466 16466 16466 16466 16466 16466 16466 16466 16466 16466 16466 16466 16466 16466 16466 16466 16466 11454 41104 41104 41104 41104 41104 41104 41104 41104 41104 41104 31238 43384 43384 43384 43384 43384 43384 43384 43384 43384 40720 26232 
28196 28196 28196 28196 28196 28196 28196 28196 28196 28196 18866 37104 37104 37104 37104 37104 37104 37104 37104 37104 37104 27404 16502 16502 16502 16502 16502 16502 16502 16502 16502 16502 16502 16502 16502 16502 16502 16502 16502 16502 16502 16502 16502 11466 41224 41224 41224 41224 41224 41224 41224 41224 41224 41224 31292 43546 43546 43546 43546 43546 43546 43546 43546 43546 40858 26286 
31468 31468 31468 31468 31468 31468 31468 31468 31468 31468 22336 33104 33104 33104 33104 33104 33104 33104 33104 33104 33104 23602 12810 12810 12810 12810 12810 12810 12810 12810 12810 12810 12810 12810 12810 12810 12810 12810 12810 12810 12810 12810 12810 7846 37232 37232 37232 37232 37232 37232 37232 37232 37232 37232 27498 39468 39468 39468 39468 39468 39468 39468 39468 39468 36852 22532 
36324 36324 36324 36324 36324 36324 36324 36324 36324 36324 26466 31096 31096 31096 31096 31096 31096 31096 31096 31096 31096 20868 7320 7320 7320 7320 7320 7320 7320 7320 7320 7320 7320 7320 7320 7320 7320 7320 7320 7320 7320 7320 7320 4440 35056 35056 35056 35056 35056 35056 35056 35056 35056 35056 24596 20680 20680 20680 20680 20680 20680 20680 20680 20680 17800 7720 
41148 41148 41148 41148 41148 41148 41148 41148 41148 41148 31422 30456 30456 30456 30456 30456 30456 30456 30456 30456 30456 20360 15870 15870 15870 15870 15870 15870 15870 15870 15870 15870 15870 15870 15870 15870 15870 15870 15870 15870 15870 15870 15870 10690 19440 19440 19440 19440 19440 19440 19440 19440 19440 19440 11652 42254 42254 42254 42254 42254 42254 42254 42254 42254 39422 24346 
27620 27620 27620 27620 27620 27620 27620 27620 27620 27620 18356 37440 37440 37440 37440 37440 37440 37440 37440 37440 37440 27806 16946 16946 16946 16946 16946 16946 16946 16946 16946 16946 16946 16946 16946 16946 16946 16946 16946 16946 16946 16946 16946 11934 41568 41568 41568 41568 41568 41568 41568 41568 41568 41568 31702 43864 43864 43864 43864 43864 43864 43864 43864 43864 41200 26712 
34244 34244 34244 34244 34244 34244 34244 34244 34244 34244 25574 28744 28744 28744 28744 28744 28744 28744 28744 28744 28744 19704 11006 11006 11006 11006 11006 11006 11006 11006 11006 11006 11006 11006 11006 11006 11006 11006 11006 11006 11006 11006 11006 6210 32920 32920 32920 32920 32920 32920 32920 32920 32920 32920 23648 35990 35990 35990 35990 35990 35990 35990 35990 35990 33542 19810 
39340 39340 39340 39340 39340 39340 39340 39340 39340 39340 29614 18600 18600 18600 18600 18600 18600 18600 18600 18600 18600 10812 13950 13950 13950 13950 13950 13950 13950 13950 13950 13950 13950 13950 13950 13950 13950 13950 13950 13950 13950 13950 13950 8770 31520 31520 31520 31520 31520 31520 31520 31520 31520 31520 21192 40302 40302 40302 40302 40302 40302 40302 40302 40302 37470 22394 
31588 31588 31588 31588 31588 31588 31588 31588 31588 31588 22390 33224 33224 33224 33224 33224 33224 33224 33224 33224 33224 23656 12846 12846 12846 12846 12846 12846 12846 12846 12846 12846 12846 12846 12846 12846 12846 12846 12846 12846 12846 12846 12846 7858 37352 37352 37352 37352 37352 37352 37352 37352 37352 37352 27552 39630 39630 39630 39630 39630 39630 39630 39630 39630 36990 22586 
25652 25652 25652 25652 25652 25652 25652 25652 25652 25652 16916 37528 37528 37528 37528 37528 37528 37528 37528 37528 37528 28422 17730 17730 17730 17730 17730 17730 17730 17730 17730 17730 17730 17730 17730 17730 17730 17730 17730 17730 17730 17730 17730 12910 41672 41672 41672 41672 41672 41672 41672 41672 41672 41672 32334 43640 43640 43640 43640 43640 43640 43640 43640 43640 41168 27352 
40308 40308 40308 40308 40308 40308 40308 40308 40308 40308 31044 29616 29616 29616 29616 29616 29616 29616 29616 29616 29616 19982 15618 15618 15618 15618 15618 15618 15618 15618 15618 15618 15618 15618 15618 15618 15618 15618 15618 15618 15618 15618 15618 10606 18600 18600 18600 18600 18600 18600 18600 18600 18600 18600 11274 41120 41120 41120 41120 41120 41120 41120 41120 41120 38456 23968 
31228 31228 31228 31228 31228 31228 31228 31228 31228 31228 22228 32864 32864 32864 32864 32864 32864 32864 32864 32864 32864 23494 12738 12738 12738 12738 12738 12738 12738 12738 12738 12738 12738 12738 12738 12738 12738 12738 12738 12738 12738 12738 12738 7822 36992 36992 36992 36992 36992 36992 36992 36992 36992 36992 27390 39144 39144 39144 39144 39144 39144 39144 39144 39144 36576 22424 
40188 40188 40188 40188 40188 40188 40188 40188 40188 40188 30990 29496 29496 29496 29496 29496 29496 29496 29496 29496 29496 19928 15582 15582 15582 15582 15582 15582 15582 15582 15582 15582 15582 15582 15582 15582 15582 15582 15582 15582 15582 15582 15582 10594 18480 18480 18480 18480 18480 18480 18480 18480 18480 18480 11220 40958 40958 40958 40958 40958 40958 40958 40958 40958 38318 23914 
12720 12720 12720 12720 12720 12720 12720 12720 12720 12720 5724 39504 39504 39504 39504 39504 39504 39504 39504 39504 39504 30200 19414 19414 19414 19414 19414 19414 19414 19414 19414 19414 19414 19414 19414 19414 19414 19414 19414 19414 19414 19414 19414 14522 43632 43632 43632 43632 43632 43632 43632 43632 43632 43632 34096 45702 45702 45702 45702 45702 45702 45702 45702 45702 43158 29090 
37636 37636 37636 37636 37636 37636 37636 37636 37636 37636 28900 16960 16960 16960 16960 16960 16960 16960 16960 16960 16960 10162 13506 13506 13506 13506 13506 13506 13506 13506 13506 13506 13506 13506 13506 13506 13506 13506 13506 13506 13506 13506 13506 8686 29624 29624 29624 29624 29624 29624 29624 29624 29624 29624 20286 37968 37968 37968 37968 37968 37968 37968 37968 37968 35496 21680 
30780 30780 30780 30780 30780 30780 30780 30780 30780 30780 21978 32720 32720 32720 32720 32720 32720 32720 32720 32720 32720 23548 12718 12718 12718 12718 12718 12718 12718 12718 12718 12718 12718 12718 12718 12718 12718 12718 12718 12718 12718 12718 12718 7874 36776 36776 36776 36776 36776 36776 36776 36776 36776 36776 27372 38746 38746 38746 38746 38746 38746 38746 38746 38746 36250 22350 
35764 35764 35764 35764 35764 35764 35764 35764 35764 35764 26302 30152 30152 30152 30152 30152 30152 30152 30152 30152 30152 20320 7704 7704 7704 7704 7704 7704 7704 7704 7704 7704 7704 7704 7704 7704 7704 7704 7704 7704 7704 7704 7704 4968 34152 34152 34152 34152 34152 34152 34152 34152 34152 34152 24088 18468 18468 18468 18468 18468 18468 18468 18468 18468 15732 6156 
32396 32396 32396 32396 32396 32396 32396 32396 32396 32396 23792 30264 30264 30264 30264 30264 30264 30264 30264 30264 30264 21290 10906 10906 10906 10906 10906 10906 10906 10906 10906 10906 10906 10906 10906 10906 10906 10906 10906 10906 10906 10906 10906 6134 34416 34416 34416 34416 34416 34416 34416 34416 34416 34416 25210 36476 36476 36476 36476 36476 36476 36476 36476 36476 34052 20404 
35964 35964 35964 35964 35964 35964 35964 35964 35964 35964 26304 30736 30736 30736 30736 30736 30736 30736 30736 30736 30736 20706 7212 7212 7212 7212 7212 7212 7212 7212 7212 7212 7212 7212 7212 7212 7212 7212 7212 7212 7212 7212 7212 4404 34696 34696 34696 34696 34696 34696 34696 34696 34696 34696 24434 20194 20194 20194 20194 20194 20194 20194 20194 20194 17386 7558 
35892 35892 35892 35892 35892 35892 35892 35892 35892 35892 26100 31304 31304 31304 31304 31304 31304 31304 31304 31304 31304 21142 11906 11906 11906 11906 11906 11906 11906 11906 11906 11906 11906 11906 11906 11906 11906 11906 11906 11906 11906 11906 11906 6702 35472 35472 35472 35472 35472 35472 35472 35472 35472 35472 25078 39224 39224 39224 39224 39224 39224 39224 39224 39224 36368 21208 
30988 30988 30988 30988 30988 30988 30988 30988 30988 30988 22120 32624 32624 32624 32624 32624 32624 32624 32624 32624 32624 23386 12666 12666 12666 12666 12666 12666 12666 12666 12666 12666 12666 12666 12666 12666 12666 12666 12666 12666 12666 12666 12666 7798 36752 36752 36752 36752 36752 36752 36752 36752 36752 36752 27282 38820 38820 38820 38820 38820 38820 38820 38820 38820 36300 22316 
37396 37396 37396 37396 37396 37396 37396 37396 37396 37396 28792 16720 16720 16720 16720 16720 16720 16720 16720 16720 16720 10054 13434 13434 13434 13434 13434 13434 13434 13434 13434 13434 13434 13434 13434 13434 13434 13434 13434 13434 13434 13434 13434 8662 29384 29384 29384 29384 29384 29384 29384 29384 29384 29384 20178 37644 37644 37644 37644 37644 37644 37644 37644 37644 35220 21572 
40740 40740 40740 40740 40740 40740 40740 40740 40740 40740 31410 30072 30072 30072 30072 30072 30072 30072 30072 30072 30072 20372 15854 15854 15854 15854 15854 15854 15854 15854 15854 15854 15854 15854 15854 15854 15854 15854 15854 15854 15854 15854 15854 10818 13440 13440 13440 13440 13440 13440 13440 13440 13440 13440 6048 41450 41450 41450 41450 41450 41450 41450 41450 41450 38762 24190 
35036 35036 35036 35036 35036 35036 35036 35036 35036 35036 25574 30832 30832 30832 30832 30832 30832 30832 30832 30832 30832 21000 4104 4104 4104 4104 4104 4104 4104 4104 4104 4104 4104 4104 4104 4104 4104 4104 4104 4104 4104 4104 4104 1368 34872 34872 34872 34872 34872 34872 34872 34872 34872 34872 24808 22068 22068 22068 22068 22068 22068 22068 22068 22068 19332 9756 
]

ExternalWorkerWithSkillOnStintCost: [
38880 40824 39600 38232 29520 34344 36000 34632 42480 33696 29640 42624 37440 40968 31896 40032 28800 33696 36432 30888 36432 33360 12240 17760 16980 15480 14610 13260 13830 12120 14400 17100 15060 16530 15900 15990 17340 14490 14280 15480 16440 13470 13140 10530 30456 34920 40392 34344 37224 37224 33192 32328 34992 38808 34440 41748 43260 34356 46452 41916 40068 47712 45360 46368 49980 33420 
38376 31248 33336 29304 36216 38880 32112 38880 36360 30744 31440 32112 40464 41832 35136 39816 35208 41688 31464 31104 29160 30060 16350 15870 17820 14760 17730 14430 16440 13830 15330 15600 12900 13740 12150 14640 17280 13710 13170 17880 12180 14100 14760 10368 33840 39384 39384 29808 29304 34920 36504 36864 32760 32256 29340 40236 41412 48048 36372 40152 45780 36624 34272 39144 42252 32700 
36648 40680 33768 33624 37944 33552 29016 38664 29952 40464 32100 30888 32832 36504 29232 36072 39672 34128 39096 40896 33912 28140 15120 14670 17130 14100 15720 13230 15480 16200 15540 16140 16620 14850 14340 14670 17970 15900 15540 15960 15810 16440 16080 9756 33336 29952 36648 34200 32472 29808 33768 41616 33552 30384 24420 34608 43596 44520 49476 45864 49056 33936 45864 41580 38472 32760 
36576 40896 31824 39672 40392 41184 42192 37872 41616 36648 28920 36504 38592 40968 31464 41832 39888 38520 39096 31464 40176 26700 15270 14010 12660 12960 13440 13680 15750 12810 17970 14550 12060 15510 17370 13200 12930 13530 17310 17400 15810 17070 15000 8982 41760 30024 41544 39528 31464 38592 41616 40536 42120 40176 25440 35112 38388 50064 35784 43848 40824 47292 50316 33936 49224 27900 
]

OverlappingStints: [
[ 2 12 13 23 24 25 45 46 56 57 ]
[ 3 12 13 14 25 26 27 45 46 47 56 57 58 ]
[ 4 13 14 15 27 28 29 46 47 48 57 58 59 ]
[ 5 14 15 16 29 30 31 47 48 49 58 59 60 ]
[ 6 15 16 17 31 32 33 48 49 50 59 60 61 ]
[ 7 16 17 18 33 34 35 49 50 51 60 61 62 ]
[ 8 17 18 19 35 36 37 50 51 52 61 62 63 ]
[ 9 18 19 20 37 38 39 51 52 53 62 63 64 ]
[ 10 19 20 21 39 40 41 52 53 54 63 64 65 ]
[ 11 20 21 22 41 42 43 53 54 55 64 65 66 ]
[ 21 22 43 44 54 55 65 66 ]
[ 13 23 24 25 45 46 56 57 ]
[ 14 25 26 27 45 46 47 56 57 58 ]
[ 15 27 28 29 46 47 48 57 58 59 ]
[ 16 29 30 31 47 48 49 58 59 60 ]
[ 17 31 32 33 48 49 50 59 60 61 ]
[ 18 33 34 35 49 50 51 60 61 62 ]
[ 19 35 36 37 50 51 52 61 62 63 ]
[ 20 37 38 39 51 52 53 62 63 64 ]
[ 21 39 40 41 52 53 54 63 64 65 ]
[ 22 41 42 43 53 54 55 64 65 66 ]
[ 43 44 54 55 65 66 ]
[ 45 56 ]
[ 45 56 ]
[ 45 46 56 57 ]
[ 46 56 57 ]
[ 46 47 57 58 ]
[ 47 57 58 ]
[ 47 48 58 59 ]
[ 48 58 59 ]
[ 48 49 59 60 ]
[ 49 59 60 ]
[ 49 50 60 61 ]
[ 50 60 61 ]
[ 50 51 61 62 ]
[ 51 61 62 ]
[ 51 52 62 63 ]
[ 52 62 63 ]
[ 52 53 63 64 ]
[ 53 63 64 ]
[ 53 54 64 65 ]
[ 54 64 65 ]
[ 54 55 65 66 ]
[ 55 65 66 ]
[ 46 56 57 ]
[ 47 56 57 58 ]
[ 48 57 58 59 ]
[ 49 58 59 60 ]
[ 50 59 60 61 ]
[ 51 60 61 62 ]
[ 52 61 62 63 ]
[ 53 62 63 64 ]
[ 54 63 64 65 ]
[ 55 64 65 66 ]
[ 65 66 ]
[ 57 ]
[ 58 ]
[ 59 ]
[ 60 ]
[ 61 ]
[ 62 ]
[ 63 ]
[ 64 ]
[ 65 ]
[ 66 ]
[ ]
]

EmployeesWithSkill: [
[ 1 2 3 4 5 6 7 8 9 10 11 12 13 14 15 16 17 18 19 20 21 22 23 24 25 26 27 28 29 30 31 32 33 34 35 36 37 38 39 40 41 42 43 44 45 46 47 48 49 50 51 52 53 54 55 56 57 58 59 60 61 62 63 64 65 66 67 68 69 70 71 72 73 74 75 76 77 78 79 80 81 82 83 84 85 86 87 88 89 90 ]
[ 2 3 4 5 7 8 10 12 13 14 15 19 20 22 24 27 28 29 31 35 37 38 42 43 45 46 48 50 51 52 53 54 55 56 61 67 68 70 71 72 73 74 78 81 82 83 85 86 87 90 ]
[ 1 2 3 4 5 6 8 9 11 12 13 15 16 17 18 19 20 21 22 23 24 25 26 27 28 29 30 31 32 34 35 36 37 38 39 40 42 43 44 45 46 47 48 49 50 51 52 53 55 56 58 59 60 61 63 64 65 66 67 68 69 70 71 72 73 74 76 77 78 79 80 81 82 83 84 85 86 88 ]
[ 2 3 4 5 6 7 8 9 10 11 12 13 14 15 16 17 18 19 20 21 22 23 24 25 26 27 28 29 30 31 32 33 34 35 36 37 38 39 40 41 42 43 44 45 46 47 48 49 50 51 52 53 54 55 56 57 58 59 60 61 62 63 64 65 66 67 68 69 70 71 72 73 75 76 77 78 79 80 81 83 84 85 86 87 88 89 90 ]
]

SkillDemandInActivityWithMode: [
0	0	0	
26	40	18	
24	37	16	
28	43	19	
14	22	10	
32	49	22	
26	40	18	
9	15	6	
35	54	24	
9	15	6	
13	21	9	
40	61	27	
22	34	15	
15	24	10	
22	34	15	
22	34	15	
9	15	6	
22	34	15	
18	28	12	
26	40	18	
31	48	21	
31	48	21	
12	19	8	
13	21	9	
22	34	15	
8	13	6	
40	61	27	
0	0	0	
4	7	3	
5	9	4	
5	9	4	
4	7	3	
4	7	3	
6	10	4	
2	4	2	
7	12	5	
5	9	4	
1	3	1	
5	9	4	
5	9	4	
6	10	4	
8	13	6	
6	10	4	
2	4	2	
6	10	4	
2	4	2	
6	10	4	
7	12	5	
4	7	3	
4	7	3	
7	12	5	
3	6	2	
3	6	2	
2	4	2	
6	10	4	
4	7	3	
1	3	1	
2	4	2	
6	10	4	
5	9	4	
0	0	0	
8	13	6	
10	16	7	
8	13	6	
19	30	13	
11	18	8	
23	36	16	
4	7	3	
18	28	12	
19	30	13	
9	15	6	
13	21	9	
8	13	6	
6	10	4	
5	9	4	
4	7	3	
13	21	9	
14	22	10	
4	7	3	
9	15	6	
5	9	4	
6	10	4	
14	22	10	
16	25	11	
4	7	3	
16	25	11	
8	13	6	
21	33	14	
19	30	13	
12	19	8	
15	24	10	
14	22	10	
12	19	8	
5	9	4	
21	33	14	
23	36	16	
16	25	11	
17	27	12	
19	30	13	
12	19	8	
4	7	3	
21	33	14	
0	0	0	
8	13	6	
5	9	4	
6	10	4	
2	4	2	
7	12	5	
4	7	3	
2	4	2	
8	13	6	
7	12	5	
6	10	4	
2	4	2	
7	12	5	
3	6	2	
2	4	2	
7	12	5	
6	10	4	
2	4	2	
7	12	5	
7	12	5	
3	6	2	
6	10	4	
6	10	4	
7	12	5	
4	7	3	
2	4	2	
7	12	5	
2	4	2	
3	6	2	
6	10	4	
1	3	1	
7	12	5	
0	0	0	
3	6	2	
1	3	1	
3	6	2	
2	4	2	
1	3	1	
2	4	2	
4	7	3	
3	6	2	
3	6	2	
3	6	2	
4	7	3	
4	7	3	
4	7	3	
4	7	3	
3	6	2	
4	7	3	
3	6	2	
1	3	1	
1	3	1	
3	6	2	
3	6	2	
1	3	1	
4	7	3	
3	6	2	
3	6	2	
4	7	3	
1	3	1	
4	7	3	
1	3	1	
1	3	1	
3	6	2	
3	6	2	
3	6	2	
3	6	2	
4	7	3	
4	7	3	

0	0	0	
8	13	6	
7	12	5	
9	15	6	
4	7	3	
10	16	7	
8	13	6	
2	4	2	
11	18	8	
2	4	2	
4	7	3	
13	21	9	
7	12	5	
4	7	3	
7	12	5	
7	12	5	
2	4	2	
7	12	5	
5	9	4	
8	13	6	
10	16	7	
10	16	7	
3	6	2	
4	7	3	
7	12	5	
2	4	2	
13	21	9	
0	0	0	
2	4	2	
3	6	2	
4	7	3	
3	6	2	
2	4	2	
4	7	3	
1	3	1	
5	9	4	
3	6	2	
0	1	0	
4	7	3	
4	7	3	
4	7	3	
6	10	4	
4	7	3	
1	3	1	
4	7	3	
1	3	1	
4	7	3	
5	9	4	
3	6	2	
3	6	2	
5	9	4	
2	4	2	
2	4	2	
1	3	1	
4	7	3	
2	4	2	
0	1	0	
1	3	1	
4	7	3	
3	6	2	
0	0	0	
2	4	2	
3	6	2	
3	6	2	
7	12	5	
4	7	3	
9	15	6	
1	3	1	
6	10	4	
7	12	5	
3	6	2	
4	7	3	
3	6	2	
2	4	2	
1	3	1	
1	3	1	
5	9	4	
5	9	4	
1	3	1	
3	6	2	
2	4	2	
2	4	2	
5	9	4	
6	10	4	
1	3	1	
6	10	4	
3	6	2	
8	13	6	
7	12	5	
4	7	3	
5	9	4	
5	9	4	
4	7	3	
1	3	1	
8	13	6	
9	15	6	
6	10	4	
6	10	4	
7	12	5	
4	7	3	
1	3	1	
8	13	6	
0	0	0	
11	18	8	
6	10	4	
8	13	6	
2	4	2	
9	15	6	
4	7	3	
2	4	2	
11	18	8	
9	15	6	
7	12	5	
1	3	1	
10	16	7	
3	6	2	
1	3	1	
10	16	7	
8	13	6	
1	3	1	
9	15	6	
9	15	6	
3	6	2	
7	12	5	
8	13	6	
8	13	6	
4	7	3	
2	4	2	
9	15	6	
1	3	1	
2	4	2	
8	13	6	
1	3	1	
8	13	6	
0	0	0	
2	4	2	
0	1	0	
2	4	2	
1	3	1	
0	1	0	
1	3	1	
3	6	2	
2	4	2	
2	4	2	
2	4	2	
3	6	2	
3	6	2	
3	6	2	
3	6	2	
2	4	2	
3	6	2	
2	4	2	
0	1	0	
0	1	0	
2	4	2	
2	4	2	
0	1	0	
3	6	2	
2	4	2	
2	4	2	
3	6	2	
1	3	1	
3	6	2	
0	1	0	
0	1	0	
2	4	2	
2	4	2	
2	4	2	
2	4	2	
3	6	2	
3	6	2	

0	0	0	
11	18	8	
10	16	7	
12	19	8	
6	10	4	
14	22	10	
11	18	8	
3	6	2	
15	24	10	
3	6	2	
5	9	4	
18	28	12	
9	15	6	
6	10	4	
9	15	6	
9	15	6	
3	6	2	
9	15	6	
7	12	5	
11	18	8	
14	22	10	
14	22	10	
5	9	4	
5	9	4	
9	15	6	
3	6	2	
17	27	12	
0	0	0	
7	12	5	
9	15	6	
10	16	7	
7	12	5	
7	12	5	
12	19	8	
2	4	2	
13	21	9	
8	13	6	
1	3	1	
10	16	7	
10	16	7	
12	19	8	
15	24	10	
12	19	8	
2	4	2	
10	16	7	
3	6	2	
12	19	8	
13	21	9	
8	13	6	
7	12	5	
13	21	9	
5	9	4	
5	9	4	
2	4	2	
10	16	7	
7	12	5	
1	3	1	
3	6	2	
12	19	8	
8	13	6	
0	0	0	
1	3	1	
2	4	2	
2	4	2	
4	7	3	
2	4	2	
5	9	4	
1	3	1	
4	7	3	
4	7	3	
2	4	2	
3	6	2	
1	3	1	
1	3	1	
1	3	1	
0	1	0	
3	6	2	
3	6	2	
0	1	0	
2	4	2	
1	3	1	
1	3	1	
3	6	2	
4	7	3	
0	1	0	
4	7	3	
1	3	1	
5	9	4	
4	7	3	
2	4	2	
3	6	2	
3	6	2	
2	4	2	
1	3	1	
5	9	4	
5	9	4	
4	7	3	
4	7	3	
4	7	3	
2	4	2	
0	1	0	
5	9	4	
0	0	0	
4	7	3	
2	4	2	
3	6	2	
1	3	1	
3	6	2	
1	3	1	
0	1	0	
4	7	3	
3	6	2	
2	4	2	
0	1	0	
3	6	2	
1	3	1	
0	1	0	
3	6	2	
3	6	2	
0	1	0	
3	6	2	
3	6	2	
1	3	1	
2	4	2	
3	6	2	
3	6	2	
1	3	1	
1	3	1	
3	6	2	
0	1	0	
1	3	1	
3	6	2	
0	1	0	
3	6	2	
0	0	0	
11	18	8	
4	7	3	
12	19	8	
8	13	6	
4	7	3	
7	12	5	
17	27	12	
10	16	7	
11	18	8	
11	18	8	
19	30	13	
19	30	13	
17	27	12	
17	27	12	
11	18	8	
17	27	12	
13	21	9	
4	7	3	
3	6	2	
11	18	8	
10	16	7	
4	7	3	
19	30	13	
10	16	7	
11	18	8	
17	27	12	
5	9	4	
17	27	12	
2	4	2	
4	7	3	
11	18	8	
12	19	8	
11	18	8	
12	19	8	
16	25	11	
16	25	11	

0	0	0	
7	12	5	
6	10	4	
8	13	6	
4	7	3	
9	15	6	
7	12	5	
2	4	2	
10	16	7	
2	4	2	
3	6	2	
11	18	8	
6	10	4	
4	7	3	
6	10	4	
6	10	4	
2	4	2	
6	10	4	
5	9	4	
7	12	5	
9	15	6	
9	15	6	
3	6	2	
3	6	2	
6	10	4	
2	4	2	
11	18	8	
0	0	0	
9	15	6	
12	19	8	
13	21	9	
9	15	6	
9	15	6	
15	24	10	
3	6	2	
17	27	12	
11	18	8	
2	4	2	
13	21	9	
13	21	9	
15	24	10	
19	30	13	
15	24	10	
3	6	2	
14	22	10	
4	7	3	
15	24	10	
17	27	12	
10	16	7	
9	15	6	
17	27	12	
6	10	4	
6	10	4	
3	6	2	
14	22	10	
9	15	6	
2	4	2	
4	7	3	
15	24	10	
11	18	8	
0	0	0	
0	1	0	
0	1	0	
0	1	0	
0	1	0	
0	1	0	
0	1	0	
0	1	0	
0	1	0	
0	1	0	
0	1	0	
0	1	0	
0	1	0	
0	1	0	
0	1	0	
0	1	0	
0	1	0	
0	1	0	
0	1	0	
0	1	0	
0	1	0	
0	1	0	
0	1	0	
0	1	0	
0	1	0	
0	1	0	
0	1	0	
0	1	0	
0	1	0	
0	1	0	
0	1	0	
0	1	0	
0	1	0	
0	1	0	
0	1	0	
0	1	0	
0	1	0	
0	1	0	
0	1	0	
0	1	0	
0	1	0	
0	1	0	
0	0	0	
40	61	27	
23	36	16	
29	45	20	
10	16	7	
32	49	22	
17	27	12	
7	12	5	
40	61	27	
32	49	22	
27	42	18	
6	10	4	
36	55	24	
13	21	9	
6	10	4	
36	55	24	
29	45	20	
6	10	4	
36	55	24	
36	55	24	
13	21	9	
27	42	18	
29	45	20	
32	49	22	
18	28	12	
9	15	6	
36	55	24	
6	10	4	
10	16	7	
29	45	20	
5	9	4	
32	49	22	
0	0	0	
4	7	3	
1	3	1	
4	7	3	
3	6	2	
1	3	1	
2	4	2	
6	10	4	
3	6	2	
4	7	3	
4	7	3	
7	12	5	
7	12	5	
6	10	4	
6	10	4	
4	7	3	
6	10	4	
4	7	3	
1	3	1	
1	3	1	
4	7	3	
3	6	2	
1	3	1	
7	12	5	
3	6	2	
4	7	3	
6	10	4	
1	3	1	
6	10	4	
0	1	0	
1	3	1	
4	7	3	
4	7	3	
4	7	3	
4	7	3	
5	9	4	
5	9	4	

]

EmployeeAvailability: [
1 1 1 1 1 0 1 1 1 0 1 1 1 1 1 1 0 1 1 1 0 1 1 1 1 1 1 1 1 1 1 1 1 1 1 1 1 1 1 1 1 0 1 1 1 1 1 1 1 0 1 1 1 0 1 1 1 1 1 1 0 1 1 1 0 1 
0 1 1 1 1 1 1 1 1 1 1 0 1 1 1 1 1 1 1 1 1 1 1 0 1 1 1 1 1 1 1 1 1 1 1 1 1 1 1 1 1 1 1 1 0 1 1 1 1 1 1 1 1 1 1 0 1 1 1 1 1 1 1 1 1 1 
1 1 1 0 1 0 1 1 1 1 1 1 1 1 0 1 0 1 1 1 1 1 1 1 1 1 1 1 0 1 1 1 0 1 1 1 1 1 1 1 1 1 1 1 1 1 1 0 1 0 1 1 1 1 1 1 1 1 0 1 0 1 1 1 1 1 
1 1 1 1 1 1 1 1 1 1 1 1 1 1 1 1 1 1 1 1 1 1 1 1 1 1 1 1 1 1 1 1 1 1 1 1 1 1 1 1 1 1 1 1 1 1 1 1 1 1 1 1 1 1 1 1 1 1 1 1 1 1 1 1 1 1 
0 1 0 1 1 1 1 1 0 1 1 0 1 0 1 1 1 1 1 0 1 1 1 0 1 1 1 0 1 1 1 1 1 1 1 1 1 1 0 1 1 1 1 1 0 1 0 1 1 1 1 1 0 1 1 0 1 0 1 1 1 1 1 0 1 1 
1 1 1 1 1 1 1 1 1 1 1 1 1 1 1 1 1 1 1 1 1 1 1 1 1 1 1 1 1 1 1 1 1 1 1 1 1 1 1 1 1 1 1 1 1 1 1 1 1 1 1 1 1 1 1 1 1 1 1 1 1 1 1 1 1 1 
1 1 1 1 1 1 0 1 1 1 1 1 1 1 1 1 1 0 1 1 1 1 1 1 1 1 1 1 1 1 1 1 1 1 1 0 1 1 1 1 1 1 1 1 1 1 1 1 1 1 0 1 1 1 1 1 1 1 1 1 1 0 1 1 1 1 
1 0 1 1 1 1 1 1 1 1 1 1 0 1 1 1 1 1 1 1 1 1 1 1 0 1 1 1 1 1 1 1 1 1 1 1 1 1 1 1 1 1 1 1 1 0 1 1 1 1 1 1 1 1 1 1 0 1 1 1 1 1 1 1 1 1 
1 1 1 1 1 1 1 0 1 1 1 1 1 1 1 1 1 1 0 1 1 1 1 1 1 1 1 1 1 1 1 1 1 1 1 1 1 1 1 1 1 1 1 1 1 1 1 1 1 1 1 0 1 1 1 1 1 1 1 1 1 1 0 1 1 1 
1 1 1 0 1 1 0 1 1 1 1 1 1 1 0 1 1 0 1 1 1 1 1 1 1 1 1 1 0 1 1 1 1 1 0 1 1 1 1 1 1 1 1 1 1 1 1 0 1 1 0 1 1 1 1 1 1 1 0 1 1 0 1 1 1 1 
1 1 1 1 1 1 1 1 1 1 1 1 1 1 1 1 1 1 1 1 1 1 1 1 1 1 1 1 1 1 1 1 1 1 1 1 1 1 1 1 1 1 1 1 1 1 1 1 1 1 1 1 1 1 1 1 1 1 1 1 1 1 1 1 1 1 
1 1 0 1 1 1 1 1 1 1 1 1 1 0 1 1 1 1 1 1 1 1 1 1 1 1 0 1 1 1 1 1 1 1 1 1 1 1 1 1 1 1 1 1 1 1 0 1 1 1 1 1 1 1 1 1 1 0 0 1 1 1 0 1 1 1 
1 1 1 1 1 1 1 1 1 1 1 1 1 1 1 1 1 1 1 1 1 1 1 1 1 1 1 1 1 1 1 1 1 1 1 1 1 1 1 1 1 1 1 1 1 1 1 1 1 1 1 1 1 1 1 1 1 1 1 1 0 0 1 1 1 1 
1 1 1 1 1 1 1 1 1 1 0 1 1 1 1 1 1 1 1 1 1 0 1 1 1 1 1 1 1 1 1 1 1 1 1 1 1 1 1 1 1 1 0 1 1 1 1 1 1 1 1 1 1 1 0 1 1 1 1 1 1 1 1 1 1 0 
1 1 0 1 1 1 1 1 1 1 1 1 1 0 1 1 1 1 1 1 1 1 1 1 1 1 0 1 1 1 1 1 1 1 1 1 1 1 1 1 1 1 1 1 1 1 0 1 1 1 1 1 1 1 1 1 1 0 1 1 1 1 1 1 1 1 
1 0 1 1 1 1 0 1 1 1 1 1 0 1 1 1 1 0 1 1 1 1 1 1 0 1 1 1 1 1 1 1 1 1 1 0 1 1 1 1 1 1 1 1 1 0 1 1 1 1 0 1 1 1 1 1 0 1 1 1 1 0 1 1 1 1 
1 1 1 1 1 1 1 1 1 1 1 1 1 1 1 1 1 1 1 1 1 1 1 1 1 1 1 1 1 1 1 1 1 1 1 1 1 1 1 1 1 1 1 1 1 1 1 1 1 1 1 1 1 1 1 1 1 1 1 1 1 1 1 1 1 1 
1 1 1 1 1 1 1 0 1 1 1 1 1 1 1 1 1 1 0 1 1 1 1 1 1 1 1 1 1 1 1 1 1 1 1 1 0 0 1 1 1 1 1 1 1 1 1 1 1 1 1 0 1 1 1 1 1 1 1 1 1 1 0 1 1 1 
1 1 1 1 1 1 1 1 1 1 1 1 1 1 1 1 1 1 1 1 1 1 1 1 1 1 1 1 1 1 1 1 1 1 1 1 1 1 1 1 1 1 1 1 1 1 1 1 1 1 1 1 1 1 1 1 1 1 1 1 1 1 1 1 1 1 
1 1 1 1 0 0 1 1 1 1 0 1 1 1 1 0 0 1 1 1 1 0 1 1 1 1 1 1 1 1 0 1 0 1 1 1 1 1 1 1 1 1 1 0 1 1 1 1 0 0 1 1 1 1 0 1 1 1 1 0 0 1 1 1 1 0 
1 1 1 1 1 1 1 1 1 1 1 1 1 1 1 1 1 1 1 1 1 1 1 1 1 1 1 1 1 1 1 1 1 1 1 1 1 1 1 1 1 1 1 1 1 1 1 1 1 1 1 1 1 1 1 1 1 1 1 1 1 1 1 1 1 1 
1 1 1 1 1 1 1 1 1 0 1 1 1 1 1 1 1 1 1 1 0 1 1 1 1 1 1 1 1 1 1 1 1 1 1 1 1 1 1 1 0 1 1 1 1 1 1 1 1 1 1 1 1 0 1 1 0 1 1 1 1 1 1 1 0 1 
0 1 1 1 1 1 1 1 0 1 1 0 1 1 1 1 1 1 1 0 1 1 1 0 1 1 1 1 1 1 1 1 1 1 1 1 1 1 1 0 1 1 1 1 0 1 1 1 1 1 1 1 0 1 1 0 1 1 1 1 1 1 1 0 1 1 
1 1 1 1 1 1 1 1 1 1 1 1 1 1 1 1 1 1 1 1 1 1 1 1 1 1 1 1 1 1 1 1 1 1 1 1 1 1 1 1 1 1 1 1 1 1 1 1 1 1 1 1 1 1 1 1 1 1 1 1 1 1 1 1 1 1 
1 1 1 1 1 1 1 1 1 1 1 1 1 1 1 1 1 1 1 1 1 1 1 1 1 1 1 1 1 1 1 1 1 1 1 1 1 1 1 1 1 1 1 1 1 1 1 1 1 1 1 1 1 1 1 1 1 1 1 1 1 1 1 1 1 1 
1 1 1 0 0 1 1 1 1 1 1 1 1 1 0 0 1 1 1 1 1 1 1 1 1 1 1 1 1 1 0 1 1 1 1 1 1 1 1 1 1 1 1 1 1 1 1 0 0 1 1 1 1 1 1 1 1 1 0 0 1 1 1 1 1 1 
1 1 1 1 1 1 1 1 1 1 1 1 1 1 1 1 1 1 1 1 1 1 1 1 1 1 1 1 1 1 1 1 1 1 1 1 1 1 1 1 1 1 1 1 1 1 1 1 1 1 1 1 1 1 1 1 1 1 1 1 1 1 1 1 1 1 
1 1 1 1 1 1 1 1 1 1 1 1 1 1 1 1 1 1 1 1 1 1 1 1 1 1 1 1 1 1 1 1 1 1 1 1 1 1 1 1 1 1 1 1 1 1 1 1 1 1 1 1 1 1 1 1 1 1 1 1 0 1 1 1 1 1 
1 1 1 1 0 0 1 1 1 1 1 1 1 1 1 0 0 1 1 1 1 1 1 1 1 1 1 1 1 1 0 1 0 1 1 1 1 1 1 1 1 1 1 1 1 1 1 1 0 0 1 1 1 1 1 1 1 1 1 0 0 1 1 1 1 1 
1 0 0 1 0 1 1 1 1 1 1 1 0 0 1 0 1 1 1 1 1 1 1 1 1 1 1 0 1 1 1 0 1 1 1 1 1 1 1 1 1 1 1 1 1 0 0 1 0 1 1 1 1 1 1 1 0 0 1 0 1 1 1 1 1 1 
1 1 1 0 1 1 1 1 0 1 1 1 1 1 0 1 1 1 1 0 1 1 1 1 1 1 1 1 1 0 1 1 1 1 1 1 1 1 1 1 1 1 1 1 1 1 1 0 1 1 1 1 0 1 1 0 1 1 0 1 1 1 1 0 1 1 
1 1 1 1 1 1 1 1 0 1 1 1 1 1 1 1 1 1 1 0 1 1 1 1 1 1 1 1 1 1 1 1 1 1 1 1 1 1 1 1 1 1 1 1 1 1 1 1 1 1 1 1 0 1 1 1 1 1 1 1 1 1 1 0 1 1 
1 1 0 1 1 1 1 1 1 1 1 1 1 0 1 1 1 1 1 1 1 1 1 1 1 1 0 1 1 1 1 1 1 1 1 1 1 1 1 1 1 1 1 1 1 1 0 1 1 1 1 1 1 1 1 1 1 0 1 1 1 1 1 1 1 1 
1 0 1 1 1 1 1 1 1 1 1 1 0 1 1 1 1 1 1 1 1 1 1 1 1 0 1 1 1 1 1 1 1 1 1 1 1 1 1 1 1 1 1 1 1 0 1 1 1 1 1 1 1 1 1 1 0 1 1 1 1 1 1 1 1 1 
1 1 1 1 1 1 1 1 1 1 1 1 1 1 1 1 1 1 1 1 1 1 1 1 1 1 1 1 1 1 1 1 1 1 1 1 1 1 1 1 1 1 1 1 1 1 1 1 1 1 1 1 1 1 1 1 1 1 1 1 1 1 1 1 1 1 
1 1 1 1 1 0 1 1 1 1 0 1 1 1 1 1 0 1 1 1 1 0 1 1 1 1 1 1 1 1 1 1 0 1 1 1 1 1 1 1 1 1 0 1 1 1 1 1 1 0 1 1 1 1 0 1 1 1 1 1 0 1 1 1 1 0 
1 1 0 1 1 1 1 1 1 1 1 1 1 0 1 1 1 1 1 1 1 1 1 1 1 1 0 1 1 1 1 1 1 1 1 1 1 1 1 1 1 1 1 1 1 1 0 1 1 1 1 1 1 1 1 1 1 0 1 1 1 1 1 1 1 1 
1 1 1 0 1 1 1 1 1 1 1 1 1 1 0 1 1 1 1 1 1 1 1 1 1 1 1 1 0 1 1 1 1 1 1 1 1 1 1 1 1 1 1 1 1 1 1 0 1 1 1 1 1 1 1 1 1 1 0 1 1 1 1 1 1 1 
1 1 1 1 1 1 1 1 1 1 1 1 1 1 1 1 1 1 1 1 1 1 1 1 1 1 1 1 1 1 1 1 1 1 1 1 1 1 1 1 1 1 1 1 1 1 1 1 1 1 1 1 1 1 1 1 1 1 1 1 1 1 1 1 1 1 
1 1 0 1 1 1 1 1 0 1 1 1 1 0 1 1 1 1 1 0 1 1 1 1 1 1 0 1 1 1 1 1 1 1 1 1 1 1 1 0 1 1 1 1 1 1 0 1 1 1 1 1 0 1 1 1 1 0 1 0 1 1 1 0 1 1 
0 1 0 1 1 1 1 1 1 1 1 0 1 0 1 1 1 1 1 1 1 1 1 0 1 1 1 0 1 1 1 1 1 1 1 1 1 1 1 1 1 1 1 1 0 1 0 1 1 1 1 1 1 1 1 0 1 0 1 1 1 1 1 1 1 1 
1 1 1 1 1 1 1 0 1 1 1 1 1 1 1 1 1 1 0 1 1 1 1 1 1 1 1 1 1 1 1 1 1 1 1 1 1 0 1 1 1 1 1 1 1 1 1 1 1 1 1 0 1 1 1 1 1 1 1 1 1 1 0 1 1 1 
1 1 1 1 1 1 0 1 1 1 1 1 1 1 1 1 1 0 1 1 1 1 1 1 1 1 1 1 1 1 1 1 1 1 0 0 1 1 1 1 1 1 1 1 1 1 1 1 1 1 0 1 1 1 1 1 1 1 1 1 1 0 1 1 1 1 
1 1 1 1 1 1 0 1 1 1 1 1 1 1 1 1 1 0 1 1 1 1 1 1 1 1 1 1 1 1 1 1 1 1 1 1 1 1 1 1 1 1 1 1 1 1 1 1 1 1 0 1 1 1 1 1 1 1 1 1 1 0 1 1 1 1 
1 1 1 1 0 1 0 1 0 1 1 1 1 1 1 0 1 0 1 0 1 1 1 1 1 1 1 1 1 1 0 1 1 1 0 1 1 1 0 1 1 1 1 1 1 1 1 1 0 1 0 1 0 1 1 1 1 1 1 0 1 0 1 0 1 1 
1 1 1 0 1 1 0 1 1 1 1 1 1 1 0 1 1 0 1 1 1 1 1 1 1 1 1 1 0 1 1 1 1 1 1 0 1 1 1 1 1 1 1 1 1 1 1 0 1 1 0 1 1 1 1 1 1 1 0 1 1 0 1 1 1 1 
1 1 1 1 1 0 1 1 1 1 1 1 1 1 1 1 0 1 1 1 1 1 1 1 1 1 1 1 1 1 1 1 0 1 1 1 1 1 1 1 1 1 1 1 1 1 1 1 1 0 1 1 1 1 1 1 1 1 1 1 0 1 1 1 1 1 
1 1 1 1 1 1 1 1 0 1 1 1 1 1 1 1 1 1 1 0 1 1 1 1 1 1 1 1 1 1 1 1 1 1 1 1 1 1 0 1 1 1 1 1 1 1 1 1 1 1 1 1 0 1 1 1 1 1 1 1 1 1 1 0 1 1 
1 1 1 1 1 1 1 1 1 1 1 1 1 1 1 1 1 1 1 1 1 1 1 1 1 1 1 1 1 1 1 1 1 1 1 1 1 1 1 1 1 1 1 1 1 1 1 1 1 1 1 1 1 1 1 1 1 1 1 1 1 1 1 1 1 1 
1 1 1 1 1 1 0 1 1 1 1 1 1 1 1 1 1 0 1 1 1 1 1 1 1 1 1 1 1 1 1 1 1 1 1 1 1 1 1 1 1 1 1 1 1 1 1 1 1 1 0 1 1 1 1 1 1 1 1 1 1 0 1 1 1 1 
1 1 1 1 1 1 1 1 1 1 1 1 1 1 1 1 1 1 1 1 1 1 1 1 1 1 1 1 1 1 1 1 1 1 1 1 1 1 1 1 1 1 1 1 1 1 1 1 1 1 1 1 1 1 1 1 1 1 1 1 1 1 1 1 1 1 
1 1 1 1 1 1 1 1 1 1 1 1 1 1 1 1 1 1 1 1 1 1 1 1 1 1 1 1 1 1 1 1 1 1 1 1 1 1 1 1 1 1 1 1 1 1 1 1 1 1 1 1 1 1 1 1 1 1 1 1 1 1 1 1 1 1 
1 1 1 1 1 1 1 1 1 1 1 1 1 1 1 1 1 1 1 1 1 1 1 1 1 1 1 1 1 1 1 1 1 1 1 1 1 1 1 1 1 1 1 1 1 1 1 1 1 1 1 1 1 1 1 1 1 1 1 1 1 1 1 1 1 1 
1 1 0 1 1 0 1 1 1 1 1 1 1 0 1 1 0 1 1 1 1 1 1 1 1 1 0 1 1 1 1 1 0 1 1 1 1 1 1 1 1 1 1 1 1 1 0 1 1 0 1 1 1 1 1 0 1 0 1 1 0 1 1 1 1 1 
1 1 1 1 1 1 1 1 1 1 1 1 1 1 1 1 1 1 1 1 1 1 1 1 1 1 1 1 1 1 1 1 1 1 1 1 1 1 1 1 1 1 1 1 1 1 1 1 1 1 1 1 1 1 1 1 1 1 1 0 1 1 1 1 1 1 
1 1 0 1 0 1 1 1 1 1 1 1 1 0 1 0 1 1 1 1 1 1 1 1 1 1 1 0 1 1 1 0 1 1 1 1 1 1 1 1 1 1 1 1 1 1 0 1 0 1 1 1 1 1 1 1 1 0 1 0 1 1 1 0 1 1 
1 1 1 1 1 1 1 0 1 1 1 1 1 1 1 1 1 1 0 1 1 1 1 1 1 1 1 1 1 1 1 1 1 1 1 1 1 0 1 1 1 1 1 1 1 1 1 1 1 1 1 0 1 1 1 1 1 1 1 1 1 1 0 1 1 1 
1 1 1 1 1 1 1 1 1 1 1 1 1 1 1 1 1 1 1 1 1 1 1 1 1 1 1 1 1 1 1 1 1 1 1 1 1 1 1 1 1 1 1 1 1 1 1 1 1 1 1 1 1 1 1 1 1 1 1 1 1 1 1 1 1 1 
1 1 0 1 1 1 1 1 1 1 1 1 1 0 1 1 1 1 1 1 1 1 1 1 1 1 1 0 1 1 1 1 1 1 1 1 1 1 1 1 1 1 1 1 1 1 0 1 1 1 1 1 1 1 1 1 1 0 1 1 1 1 1 1 1 1 
1 1 1 1 0 1 1 1 1 1 1 1 1 1 1 0 1 1 1 1 1 1 1 1 1 1 1 1 1 1 0 1 1 1 1 1 1 1 1 1 1 1 1 1 1 1 1 1 0 1 1 1 1 1 1 1 1 1 1 0 1 1 1 1 1 1 
1 1 1 1 0 1 0 1 1 1 1 1 1 1 1 0 1 0 1 1 1 1 1 1 1 1 1 1 1 1 0 1 1 1 1 1 1 1 1 1 1 1 1 1 1 1 1 1 0 1 0 1 1 1 1 1 1 1 1 0 1 0 1 1 1 1 
1 1 1 1 0 1 1 1 1 1 1 1 1 1 1 0 1 1 1 1 1 1 1 1 1 1 1 1 1 1 1 0 1 1 1 1 1 1 1 1 1 1 1 1 1 1 1 1 0 1 1 1 1 1 1 1 1 1 1 0 1 1 1 1 1 1 
1 1 1 1 1 1 1 1 1 1 0 1 1 1 1 1 1 1 1 1 1 0 1 1 1 1 1 1 1 1 1 1 1 1 1 1 1 1 1 1 1 1 0 1 1 1 1 1 1 1 1 1 1 1 0 1 1 1 1 1 1 1 1 1 1 0 
1 1 1 1 1 1 1 1 1 1 1 1 1 1 1 1 1 1 1 1 1 1 1 1 1 1 1 1 1 1 1 1 1 1 1 1 1 1 1 1 1 1 1 1 1 1 1 1 1 1 1 1 1 1 1 1 1 1 1 1 1 1 1 1 1 1 
1 1 1 1 0 1 1 1 1 1 1 1 1 1 1 0 1 1 1 1 1 1 1 1 1 1 1 1 1 1 0 1 1 1 1 1 1 1 1 1 1 1 1 1 1 1 1 1 0 1 1 1 1 1 1 1 1 1 1 0 1 1 1 1 1 1 
1 1 1 1 1 1 1 1 0 0 1 1 1 1 1 1 1 1 1 0 0 1 1 1 1 1 1 1 1 1 1 1 1 1 1 1 1 1 0 1 1 0 1 1 1 1 1 1 1 1 1 1 0 0 1 1 1 1 1 1 1 1 1 0 0 1 
1 1 0 1 1 1 1 1 0 1 1 1 1 0 1 1 1 1 1 0 1 1 1 1 1 1 1 1 1 1 1 1 1 1 1 1 1 1 1 0 1 1 1 1 1 1 0 1 1 1 1 1 0 1 1 1 1 0 1 1 1 1 1 0 1 1 
1 1 1 1 1 1 1 1 1 1 1 1 1 1 1 1 1 1 1 1 1 1 1 1 1 1 1 1 1 1 1 1 1 1 1 1 1 1 1 1 1 1 1 1 1 1 1 1 1 1 1 1 1 1 1 1 1 1 1 1 1 1 1 1 1 1 
1 1 1 1 1 1 1 1 0 0 0 1 1 1 1 1 1 1 1 0 0 0 1 1 1 1 1 1 1 1 1 1 1 1 1 1 1 1 1 0 1 1 1 0 1 1 1 1 1 1 1 1 0 0 0 1 1 1 1 1 1 1 1 0 0 0 
1 1 1 1 1 1 0 1 0 1 0 1 1 1 1 1 1 0 1 0 1 0 1 1 1 1 1 1 1 1 1 1 1 1 0 1 1 1 0 1 1 1 1 0 1 1 1 1 1 1 0 1 0 1 0 1 1 1 1 1 1 0 1 0 1 0 
1 1 1 1 1 1 1 1 1 1 1 1 1 1 1 1 1 1 1 1 1 1 1 1 1 1 1 1 1 1 1 1 1 1 1 1 1 1 1 1 1 1 1 1 1 1 1 1 1 1 1 1 1 1 1 1 1 1 1 1 1 1 1 1 1 1 
1 1 1 1 1 1 0 1 1 1 1 1 1 1 1 1 1 0 1 1 1 1 1 1 1 1 1 1 1 1 1 1 1 1 0 1 1 1 1 1 1 1 1 1 1 1 1 1 1 1 0 1 1 1 1 1 0 1 1 1 1 0 1 1 1 1 
1 1 1 1 1 1 1 1 1 1 1 1 1 1 1 1 1 1 1 1 1 1 1 1 1 1 1 1 1 1 1 1 1 1 1 1 1 1 1 1 1 1 1 1 1 1 1 1 1 1 1 1 1 1 1 1 1 1 1 1 1 1 1 1 1 1 
1 1 1 1 1 1 1 1 1 1 1 1 1 1 1 1 1 1 1 1 1 1 1 1 1 1 1 1 1 1 1 1 1 1 1 1 1 1 1 1 1 1 1 1 1 1 1 1 1 1 1 1 1 1 1 1 1 1 1 1 1 1 1 1 1 1 
1 1 1 1 1 1 0 0 1 1 1 1 1 1 1 1 1 0 0 1 1 1 1 1 1 1 1 1 1 1 1 1 1 1 1 0 1 0 1 1 1 1 1 1 1 1 1 1 1 1 0 0 1 1 1 1 1 1 1 1 1 0 0 1 1 1 
1 1 0 1 1 1 1 1 1 1 1 1 1 0 1 1 1 1 1 1 1 1 1 1 1 1 0 0 1 1 1 1 1 1 1 1 1 1 1 1 1 1 1 1 1 1 0 1 1 1 1 1 1 1 1 1 1 0 1 1 1 1 1 1 1 1 
1 1 0 1 1 1 1 1 1 1 1 1 1 0 1 1 1 1 1 1 1 1 1 1 1 1 1 0 1 1 1 1 1 1 1 1 1 1 1 1 1 1 1 1 1 1 0 1 1 1 1 1 1 1 1 1 1 0 1 1 1 1 1 1 1 1 
1 1 1 1 1 1 1 1 1 1 1 1 1 1 1 1 1 1 1 1 1 1 1 1 1 1 1 1 1 1 1 1 1 1 1 1 1 1 1 1 1 1 1 1 1 1 1 1 1 1 1 1 1 1 1 1 1 1 1 1 1 1 1 1 1 1 
1 1 1 1 1 1 1 1 1 1 1 1 1 1 1 1 1 1 1 1 1 1 1 1 1 1 1 1 1 1 1 1 1 1 1 1 1 1 1 1 1 1 1 1 1 1 1 1 1 1 1 1 1 1 1 1 1 1 1 1 1 1 1 0 1 1 
1 0 1 1 1 1 0 1 0 1 1 1 0 1 1 1 1 0 1 0 1 1 1 1 0 1 1 1 1 1 1 1 1 1 1 0 1 1 0 1 1 1 1 1 1 0 1 1 1 1 0 1 0 1 1 1 0 1 1 1 1 0 1 0 1 1 
1 1 1 1 1 1 1 1 1 1 0 1 1 1 1 1 1 1 1 1 1 0 1 1 1 1 1 1 1 1 1 1 1 1 1 1 1 1 1 1 1 1 0 1 1 1 1 1 1 1 1 1 1 1 0 1 1 1 1 1 1 1 1 1 1 0 
1 0 1 1 0 1 1 1 1 0 1 1 0 1 1 0 1 1 1 1 0 1 1 1 1 0 1 1 1 1 0 1 1 1 1 1 1 1 1 1 0 1 1 1 1 0 1 1 0 1 1 1 1 0 1 1 0 1 1 0 1 1 1 1 0 1 
1 1 1 1 1 1 1 1 1 1 0 1 1 1 1 1 1 1 1 1 1 0 1 1 1 1 1 1 1 1 1 1 1 1 1 1 1 1 1 1 1 1 1 0 1 1 1 1 1 1 1 1 1 1 0 1 1 1 1 1 1 1 1 1 1 0 
0 1 1 1 1 1 1 0 1 0 1 0 1 1 1 1 1 1 0 1 0 1 0 1 1 1 1 1 1 1 1 1 1 1 1 1 0 1 1 1 1 0 1 1 0 1 1 1 1 1 1 0 1 0 1 0 1 1 1 1 1 1 0 1 0 1 
1 1 1 1 1 1 0 0 1 1 1 1 1 1 1 1 1 0 0 1 1 1 1 1 1 1 1 1 1 1 1 1 1 1 1 0 1 0 1 1 1 1 1 1 1 1 1 1 1 1 0 0 1 1 1 1 1 1 1 1 1 0 0 1 0 1 
1 1 1 1 1 1 1 1 1 0 0 1 1 1 1 1 1 1 1 1 0 0 1 1 1 1 1 1 1 1 1 1 1 1 1 1 1 1 1 1 0 1 0 1 1 1 1 1 1 1 1 1 1 0 0 1 1 1 1 1 1 1 1 1 0 0 
1 0 1 1 1 1 1 1 1 0 1 1 0 1 1 1 1 1 1 1 0 1 1 1 1 0 1 1 1 1 1 1 1 1 1 1 1 1 1 1 1 1 1 1 1 0 1 1 1 1 1 1 1 0 1 1 0 1 1 1 1 1 1 1 0 1 
1 1 1 1 1 0 1 1 1 0 1 1 1 1 1 1 0 1 1 1 0 1 1 1 1 1 1 1 1 1 1 1 1 0 1 1 1 1 1 1 1 0 1 1 1 1 1 1 1 0 1 1 1 0 1 1 1 1 1 1 0 1 1 1 0 1 
1 1 1 1 1 1 1 1 1 1 1 1 1 1 1 1 1 1 1 1 1 1 1 1 1 1 1 1 1 1 1 1 1 1 1 1 1 1 1 1 1 1 1 1 1 1 1 1 1 1 1 1 1 1 1 1 0 1 1 1 1 1 1 1 1 1 
1 1 1 1 1 1 1 1 0 1 1 1 1 1 1 1 1 1 1 0 1 1 1 1 1 1 1 1 1 1 1 1 1 1 1 1 1 1 1 1 1 1 1 1 1 1 1 1 1 1 1 1 0 1 1 1 1 1 1 1 1 1 1 0 1 1 
]

EmployeeWantedInStint: [ (1 8) 1 (1 25) 1 (2 54) 1 (4 54) 1 (5 36) 1 (7 53) 1 (9 6) 1 (9 28) 1 (9 60) 1 (11 15) 1 (11 25) 1 (11 60) 1 (13 9) 1 (13 30) 1 (13 62) 1 (14 8) 1 (14 26) 1 (14 29) 1 (14 34) 1 (16 1) 1 (16 15) 1 (16 37) 1 (16 63) 1 (17 15) 1 (17 20) 1 (17 52) 1 (19 29) 1 (20 66) 1 (21 18) 1 (22 43) 1 (23 20) 1 (25 62) 1 (26 6) 1 (27 11) 1 (27 13) 1 (28 49) 1 (29 20) 1 (29 63) 1 (31 26) 1 (31 50) 1 (34 26) 1 (34 51) 1 (34 57) 1 (34 59) 1 (36 42) 1 (38 11) 1 (38 39) 1 (39 39) 1 (40 43) 1 (41 14) 1 (41 46) 1 (43 15) 1 (43 17) 1 (43 19) 1 (43 65) 1 (44 18) 1 (44 19) 1 (44 35) 1 (44 63) 1 (45 59) 1 (46 6) 1 (46 16) 1 (46 36) 1 (48 22) 1 (48 40) 1 (51 3) 1 (51 6) 1 (51 38) 1 (51 50) 1 (53 34) 1 (55 48) 1 (55 57) 1 (56 13) 1 (56 24) 1 (57 13) 1 (58 21) 1 (58 54) 1 (59 28) 1 (60 26) 1 (61 17) 1 (62 11) 1 (62 49) 1 (64 49) 1 (67 6) 1 (67 35) 1 (67 38) 1 (68 3) 1 (68 13) 1 (68 31) 1 (69 8) 1 (69 19) 1 (70 5) 1 (70 14) 1 (70 17) 1 (71 2) 1 (71 9) 1 (71 46) 1 (72 30) 1 (74 32) 1 (74 39) 1 (76 9) 1 (77 44) 1 (78 15) 1 (79 40) 1 (81 66) 1 (82 54) 1 (83 14) 1 (83 32) 1 (83 61) 1 (84 51) 1 (85 21) 1 (89 20) 1 (90 30) 1 (90 53) 1 ]

EmployeeWantedViolationCost: [ (1 8) 8000 (1 25) 10000 (2 54) 15000 (4 54) 13000 (5 36) 13000 (7 53) 14000 (9 6) 9000 (9 28) 10000 (9 60) 11000 (11 15) 11000 (11 25) 15000 (11 60) 13000 (13 9) 7000 (13 30) 11000 (13 62) 11000 (14 8) 9000 (14 26) 7000 (14 29) 12000 (14 34) 8000 (16 1) 14000 (16 15) 10000 (16 37) 11000 (16 63) 6000 (17 15) 7000 (17 20) 9000 (17 52) 13000 (19 29) 9000 (20 66) 10000 (21 18) 12000 (22 43) 5000 (23 20) 15000 (25 62) 14000 (26 6) 8000 (27 11) 10000 (27 13) 10000 (28 49) 13000 (29 20) 7000 (29 63) 7000 (31 26) 7000 (31 50) 5000 (34 26) 12000 (34 51) 6000 (34 57) 10000 (34 59) 14000 (36 42) 13000 (38 11) 14000 (38 39) 5000 (39 39) 8000 (40 43) 12000 (41 14) 11000 (41 46) 13000 (43 15) 15000 (43 17) 7000 (43 19) 5000 (43 65) 6000 (44 18) 11000 (44 19) 14000 (44 35) 12000 (44 63) 15000 (45 59) 9000 (46 6) 5000 (46 16) 12000 (46 36) 14000 (48 22) 15000 (48 40) 8000 (51 3) 15000 (51 6) 8000 (51 38) 7000 (51 50) 6000 (53 34) 6000 (55 48) 6000 (55 57) 15000 (56 13) 12000 (56 24) 13000 (57 13) 5000 (58 21) 7000 (58 54) 13000 (59 28) 6000 (60 26) 14000 (61 17) 7000 (62 11) 9000 (62 49) 9000 (64 49) 10000 (67 6) 7000 (67 35) 5000 (67 38) 8000 (68 3) 5000 (68 13) 13000 (68 31) 5000 (69 8) 12000 (69 19) 11000 (70 5) 10000 (70 14) 9000 (70 17) 15000 (71 2) 7000 (71 9) 5000 (71 46) 6000 (72 30) 6000 (74 32) 5000 (74 39) 12000 (76 9) 7000 (77 44) 7000 (78 15) 15000 (79 40) 13000 (81 66) 6000 (82 54) 5000 (83 14) 14000 (83 32) 11000 (83 61) 6000 (84 51) 13000 (85 21) 12000 (89 20) 11000 (90 30) 10000 (90 53) 13000 ]

EmployeesThatShouldNotWorkTogetherWithEmployee: [
[ 58 74 ]
[ 5 51 71 86 ]
[ 21 32 54 65 82 ]
[ 20 89 ]
[ 40 61 69 82 ]
[ 8 12 39 45 53 69 ]
[ 14 17 19 82 ]
[ 10 31 68 79 ]
[ 23 30 57 ]
[ 15 30 65 ]
[ 23 38 66 76 90 ]
[ 26 36 49 64 73 84 86 ]
[ 16 54 ]
[ 20 29 34 52 70 78 ]
[ 20 61 88 ]
[ 31 38 62 64 ]
[ 28 40 50 59 66 ]
[ 61 ]
[ 22 35 73 ]
[ 25 30 66 77 79 87 ]
[ 29 60 78 ]
[ 33 44 68 79 85 ]
[ 37 84 ]
[ 27 ]
[ 78 ]
[ 37 42 58 86 ]
[ 65 ]
[ 49 58 71 72 89 ]
[ 32 33 71 ]
[ 35 80 ]
[ 67 ]
[ 40 43 74 ]
[ ]
[ 80 ]
[ 46 ]
[ 74 75 ]
[ 40 87 ]
[ 46 67 68 ]
[ 69 80 ]
[ 55 ]
[ 44 82 ]
[ 90 ]
[ 81 ]
[ 50 75 ]
[ 62 87 ]
[ 89 ]
[ 74 82 ]
[ 58 60 75 81 90 ]
[ ]
[ 64 ]
[ ]
[ 54 60 68 ]
[ 62 ]
[ 56 72 81 ]
[ 60 ]
[ 71 ]
[ 62 ]
[ 88 ]
[ 62 76 89 ]
[ 68 75 ]
[ ]
[ ]
[ ]
[ ]
[ ]
[ 85 ]
[ 81 ]
[ ]
[ 82 ]
[ 83 ]
[ 85 ]
[ 73 89 ]
[ ]
[ ]
[ ]
[ 81 82 ]
[ 78 ]
[ 89 ]
[ ]
[ 84 ]
[ ]
[ ]
[ ]
[ ]
[ ]
[ ]
[ ]
[ ]
[ ]
[ ]
]

ShouldNotWorkTogetherCost: [ (1 58) 297 (1 74) 297 (2 5) 396 (2 51) 396 (2 71) 297 (2 86) 198 (3 21) 396 (3 32) 99 (3 54) 198 (3 65) 297 (3 82) 198 (4 20) 99 (4 89) 297 (5 40) 297 (5 61) 99 (5 69) 297 (5 82) 99 (6 8) 99 (6 12) 396 (6 39) 99 (6 45) 99 (6 53) 396 (6 69) 396 (7 14) 297 (7 17) 198 (7 19) 198 (7 82) 297 (8 10) 297 (8 31) 99 (8 68) 198 (8 79) 396 (9 23) 396 (9 30) 297 (9 57) 297 (10 15) 297 (10 30) 297 (10 65) 297 (11 23) 198 (11 38) 396 (11 66) 297 (11 76) 198 (11 90) 198 (12 26) 297 (12 36) 396 (12 49) 99 (12 64) 396 (12 73) 99 (12 84) 396 (12 86) 297 (13 16) 99 (13 54) 198 (14 20) 297 (14 29) 99 (14 34) 297 (14 52) 99 (14 70) 297 (14 78) 99 (15 20) 396 (15 61) 396 (15 88) 198 (16 31) 297 (16 38) 396 (16 62) 99 (16 64) 297 (17 28) 396 (17 40) 198 (17 50) 198 (17 59) 297 (17 66) 198 (18 61) 297 (19 22) 396 (19 35) 297 (19 73) 198 (20 25) 297 (20 30) 99 (20 66) 396 (20 77) 396 (20 79) 297 (20 87) 99 (21 29) 297 (21 60) 297 (21 78) 297 (22 33) 297 (22 44) 396 (22 68) 99 (22 79) 297 (22 85) 99 (23 37) 198 (23 84) 297 (24 27) 99 (25 78) 198 (26 37) 297 (26 42) 396 (26 58) 198 (26 86) 297 (27 65) 198 (28 49) 396 (28 58) 297 (28 71) 297 (28 72) 396 (28 89) 297 (29 32) 297 (29 33) 99 (29 71) 297 (30 35) 198 (30 80) 297 (31 67) 297 (32 40) 99 (32 43) 198 (32 74) 99 (34 80) 99 (35 46) 99 (36 74) 297 (36 75) 297 (37 40) 99 (37 87) 297 (38 46) 99 (38 67) 297 (38 68) 297 (39 69) 396 (39 80) 99 (40 55) 198 (41 44) 396 (41 82) 99 (42 90) 198 (43 81) 396 (44 50) 396 (44 75) 99 (45 62) 297 (45 87) 198 (46 89) 297 (47 74) 198 (47 82) 99 (48 58) 99 (48 60) 396 (48 75) 297 (48 81) 396 (48 90) 198 (50 64) 198 (52 54) 198 (52 60) 198 (52 68) 396 (53 62) 396 (54 56) 297 (54 72) 198 (54 81) 99 (55 60) 396 (56 71) 297 (57 62) 297 (58 88) 396 (59 62) 99 (59 76) 99 (59 89) 396 (60 68) 99 (60 75) 198 (66 85) 99 (67 81) 198 (69 82) 198 (70 83) 297 (71 85) 297 (72 73) 297 (72 89) 396 (76 81) 198 (76 82) 99 (77 78) 396 (78 89) 198 (80 84) 198 ]

ImmediatePredecessorsToActivity: [
[ ]
[ 1 ]
[ 1 ]
[ 1 ]
[ 1 ]
[ 4 ]
[ 6 ]
[ 2 5 7 ]
[ 6 ]
[ 9 ]
[ 4 9 ]
[ 5 7 ]
[ 3 11 12 ]
[ 9 ]
[ 5 ]
[ 15 ]
[ 1 ]
[ 2 3 12 ]
[ 1 ]
[ 2 3 9 12 ]
[ 6 ]
[ 7 20 ]
[ 4 9 12 21 ]
[ 6 12 15 ]
[ 7 11 14 ]
[ 1 ]
[ 3 4 12 14 16 ]
[ ]
[ 28 ]
[ 28 ]
[ 28 ]
[ 30 31 ]
[ 28 ]
[ 30 33 ]
[ 31 ]
[ 28 ]
[ 31 ]
[ 28 ]
[ 28 ]
[ 30 33 38 ]
[ 29 32 36 39 ]
[ 37 40 41 ]
[ 31 ]
[ 29 43 ]
[ 38 39 43 ]
[ 39 43 ]
[ 37 41 44 ]
[ 35 45 46 ]
[ 44 46 ]
[ 34 35 41 46 ]
[ 29 36 43 ]
[ 32 33 43 ]
[ 29 32 ]
[ 51 ]
[ 32 35 37 ]
[ 31 34 51 55 ]
[ 30 39 ]
[ 31 ]
[ 38 43 58 ]
[ 34 37 38 53 58 ]
[ ]
[ 61 ]
[ 61 ]
[ 61 ]
[ 61 ]
[ 61 ]
[ 65 ]
[ 62 64 ]
[ 62 67 ]
[ 61 ]
[ 63 64 69 70 ]
[ 64 65 69 ]
[ 70 72 ]
[ 67 70 ]
[ 64 66 70 ]
[ 61 ]
[ 65 70 ]
[ 71 75 ]
[ 67 ]
[ 72 ]
[ 62 64 66 77 ]
[ 63 69 77 ]
[ 63 64 76 ]
[ 70 72 ]
[ 64 70 ]
[ 63 65 74 76 ]
[ 66 69 74 ]
[ 64 74 79 82 ]
[ 71 74 79 83 ]
[ 72 74 ]
[ 63 75 76 81 ]
[ 65 74 75 81 84 ]
[ 67 72 81 ]
[ 65 70 ]
[ 66 71 82 83 90 ]
[ 67 71 75 81 86 ]
[ 75 79 83 84 86 94 ]
[ 66 83 94 ]
[ 69 74 76 79 81 84 ]
[ 67 ]
[ 64 66 67 ]
[ 75 82 100 ]
[ ]
[ 103 ]
[ 104 ]
[ 104 ]
[ 103 ]
[ 104 ]
[ 107 ]
[ 106 ]
[ 108 ]
[ 106 109 ]
[ 111 112 ]
[ 106 111 ]
[ 112 ]
[ 107 ]
[ 106 111 ]
[ 112 ]
[ 107 108 110 ]
[ 103 ]
[ 106 109 111 ]
[ 105 110 116 121 ]
[ 105 107 ]
[ 103 ]
[ 105 107 111 112 ]
[ 104 109 ]
[ 103 ]
[ 104 107 127 ]
[ 110 112 128 ]
[ 104 127 ]
[ 104 111 124 ]
[ 105 116 120 121 124 ]
[ 104 ]
[ 108 131 ]
[ ]
[ 135 ]
[ 135 ]
[ 136 ]
[ 135 ]
[ 136 ]
[ 140 ]
[ 135 ]
[ 135 ]
[ 139 140 143 ]
[ 138 140 ]
[ 141 142 145 ]
[ 135 ]
[ 144 ]
[ 137 ]
[ 138 139 140 142 147 ]
[ 141 149 150 ]
[ 143 145 149 150 ]
[ 137 142 143 ]
[ 142 147 ]
[ 150 ]
[ 137 144 150 154 ]
[ 139 142 ]
[ 143 149 157 ]
[ 140 147 ]
[ 136 149 159 ]
[ 154 158 ]
[ 149 ]
[ 138 139 147 158 ]
[ 135 ]
[ 138 143 149 ]
[ 149 159 ]
[ 149 159 ]
[ 138 139 142 158 ]
[ 144 158 159 ]
[ 139 141 145 147 ]
[ 142 143 145 159 161 ]
]

ActivitiesInProject: [
[ 1 2 3 4 5 6 7 8 9 10 11 12 13 14 15 16 17 18 19 20 21 22 23 24 25 26 27 ]
[ 28 29 30 31 32 33 34 35 36 37 38 39 40 41 42 43 44 45 46 47 48 49 50 51 52 53 54 55 56 57 58 59 60 ]
[ 61 62 63 64 65 66 67 68 69 70 71 72 73 74 75 76 77 78 79 80 81 82 83 84 85 86 87 88 89 90 91 92 93 94 95 96 97 98 99 100 101 102 ]
[ 103 104 105 106 107 108 109 110 111 112 113 114 115 116 117 118 119 120 121 122 123 124 125 126 127 128 129 130 131 132 133 134 ]
[ 135 136 137 138 139 140 141 142 143 144 145 146 147 148 149 150 151 152 153 154 155 156 157 158 159 160 161 162 163 164 165 166 167 168 169 170 171 ]
]

nActivityModes: [ 3 3 3 3 3 3 3 3 3 3 3 3 3 3 3 3 3 3 3 3 3 3 3 3 3 3 3 3 3 3 3 3 3 3 3 3 3 3 3 3 3 3 3 3 3 3 3 3 3 3 3 3 3 3 3 3 3 3 3 3 3 3 3 3 3 3 3 3 3 3 3 3 3 3 3 3 3 3 3 3 3 3 3 3 3 3 3 3 3 3 3 3 3 3 3 3 3 3 3 3 3 3 3 3 3 3 3 3 3 3 3 3 3 3 3 3 3 3 3 3 3 3 3 3 3 3 3 3 3 3 3 3 3 3 3 3 3 3 3 3 3 3 3 3 3 3 3 3 3 3 3 3 3 3 3 3 3 3 3 3 3 3 3 3 3 3 3 3 3 3 3 ]

ActivityDurationWithMode: [
1	1	1	
11	8	15	
12	8	16	
10	7	14	
20	14	27	
9	6	12	
11	8	15	
32	22	43	
8	6	11	
32	22	43	
22	15	30	
7	5	10	
13	9	18	
19	13	26	
13	9	18	
13	9	18	
32	22	43	
13	9	18	
16	11	22	
11	8	15	
9	6	12	
9	6	12	
25	17	34	
23	16	31	
13	9	18	
36	24	48	
7	5	10	
1	1	1	
17	12	23	
13	9	18	
12	8	16	
16	11	22	
17	12	23	
10	7	14	
41	28	55	
9	6	12	
14	10	19	
62	42	83	
12	8	16	
12	8	16	
10	7	14	
8	6	11	
10	7	14	
41	28	55	
11	8	15	
36	24	48	
10	7	14	
9	6	12	
15	10	20	
16	11	22	
9	6	12	
23	16	31	
23	16	31	
46	31	62	
11	8	15	
17	12	23	
61	41	82	
33	22	44	
10	7	14	
14	10	19	
1	1	1	
28	19	38	
21	14	28	
26	18	35	
11	8	15	
20	14	27	
9	6	12	
53	36	71	
12	8	16	
11	8	15	
23	16	31	
17	12	23	
27	18	36	
35	24	47	
46	31	62	
57	38	76	
16	11	22	
15	10	20	
55	37	74	
25	17	34	
41	28	55	
37	25	50	
15	10	20	
13	9	18	
59	40	79	
13	9	18	
27	18	36	
10	7	14	
11	8	15	
18	12	24	
14	10	19	
15	10	20	
18	12	24	
48	32	64	
10	7	14	
9	6	12	
13	9	18	
12	8	16	
11	8	15	
18	12	24	
54	36	72	
10	7	14	
1	1	1	
8	6	11	
14	10	19	
11	8	15	
32	22	43	
10	7	14	
19	13	26	
43	29	58	
8	6	11	
10	7	14	
12	8	16	
50	34	67	
9	6	12	
24	16	32	
48	32	64	
9	6	12	
11	8	15	
50	34	67	
9	6	12	
9	6	12	
24	16	32	
12	8	16	
11	8	15	
10	7	14	
18	12	24	
35	24	47	
9	6	12	
53	36	71	
30	20	40	
11	8	15	
62	42	83	
10	7	14	
1	1	1	
18	12	24	
47	32	63	
17	12	23	
25	17	34	
49	33	66	
27	18	36	
12	8	16	
21	14	28	
19	13	26	
19	13	26	
11	8	15	
11	8	15	
12	8	16	
12	8	16	
19	13	26	
12	8	16	
16	11	22	
52	35	70	
54	36	72	
19	13	26	
21	14	28	
46	31	62	
11	8	15	
20	14	27	
19	13	26	
12	8	16	
42	28	56	
12	8	16	
101	68	135	
44	30	59	
19	13	26	
17	12	23	
18	12	24	
17	12	23	
13	9	18	
13	9	18	
]

StintsInProject: [
[ 1 2 3 4 5 6 7 8 9 10 11 ]
[ 12 13 14 15 16 17 18 19 20 21 22 ]
[ 23 24 25 26 27 28 29 30 31 32 33 34 35 36 37 38 39 40 41 42 43 44 ]
[ 45 46 47 48 49 50 51 52 53 54 55 ]
[ 56 57 58 59 60 61 62 63 64 65 66 ]
]

WorkingStintsOnDay: [
[ 1 12 23 45 56 ]
[ 1 12 23 45 56 ]
[ 1 12 23 45 56 ]
[ 1 12 23 45 56 ]
[ 1 12 23 45 56 ]
[ 1 12 45 56 ]
[ 1 12 45 56 ]
[ 1 12 24 45 56 ]
[ 1 12 24 45 56 ]
[ 1 12 24 45 56 ]
[ 1 12 24 45 56 ]
[ 1 12 24 45 56 ]
[ 56 ]
[ 56 ]
[ 2 13 25 46 57 ]
[ 2 13 25 46 57 ]
[ 2 13 25 46 57 ]
[ 2 13 25 46 57 ]
[ 2 13 25 46 57 ]
[ 2 13 46 57 ]
[ 2 13 46 57 ]
[ 2 13 26 46 57 ]
[ 2 13 26 46 57 ]
[ 2 13 26 46 57 ]
[ 2 13 26 46 57 ]
[ 2 13 26 46 57 ]
[ 57 ]
[ 57 ]
[ 3 14 27 47 58 ]
[ 3 14 27 47 58 ]
[ 3 14 27 47 58 ]
[ 3 14 27 47 58 ]
[ 3 14 27 47 58 ]
[ 3 14 47 58 ]
[ 3 14 47 58 ]
[ 3 14 28 47 58 ]
[ 3 14 28 47 58 ]
[ 3 14 28 47 58 ]
[ 3 14 28 47 58 ]
[ 3 14 28 47 58 ]
[ 58 ]
[ 58 ]
[ 4 15 29 48 59 ]
[ 4 15 29 48 59 ]
[ 4 15 29 48 59 ]
[ 4 15 29 48 59 ]
[ 4 15 29 48 59 ]
[ 4 15 48 59 ]
[ 4 15 48 59 ]
[ 4 15 30 48 59 ]
[ 4 15 30 48 59 ]
[ 4 15 30 48 59 ]
[ 4 15 30 48 59 ]
[ 4 15 30 48 59 ]
[ 59 ]
[ 59 ]
[ 5 16 31 49 60 ]
[ 5 16 31 49 60 ]
[ 5 16 31 49 60 ]
[ 5 16 31 49 60 ]
[ 5 16 31 49 60 ]
[ 5 16 49 60 ]
[ 5 16 49 60 ]
[ 5 16 32 49 60 ]
[ 5 16 32 49 60 ]
[ 5 16 32 49 60 ]
[ 5 16 32 49 60 ]
[ 5 16 32 49 60 ]
[ 60 ]
[ 60 ]
[ 6 17 33 50 61 ]
[ 6 17 33 50 61 ]
[ 6 17 33 50 61 ]
[ 6 17 33 50 61 ]
[ 6 17 33 50 61 ]
[ 6 17 50 61 ]
[ 6 17 50 61 ]
[ 6 17 34 50 61 ]
[ 6 17 34 50 61 ]
[ 6 17 34 50 61 ]
[ 6 17 34 50 61 ]
[ 6 17 34 50 61 ]
[ 61 ]
[ 61 ]
[ 7 18 35 51 62 ]
[ 7 18 35 51 62 ]
[ 7 18 35 51 62 ]
[ 7 18 35 51 62 ]
[ 7 18 35 51 62 ]
[ 7 18 51 62 ]
[ 7 18 51 62 ]
[ 7 18 36 51 62 ]
[ 7 18 36 51 62 ]
[ 7 18 36 51 62 ]
[ 7 18 36 51 62 ]
[ 7 18 36 51 62 ]
[ 62 ]
[ 62 ]
[ 8 19 37 52 63 ]
[ 8 19 37 52 63 ]
[ 8 19 37 52 63 ]
[ 8 19 37 52 63 ]
[ 8 19 37 52 63 ]
[ 8 19 52 63 ]
[ 8 19 52 63 ]
[ 8 19 38 52 63 ]
[ 8 19 38 52 63 ]
[ 8 19 38 52 63 ]
[ 8 19 38 52 63 ]
[ 8 19 38 52 63 ]
[ 63 ]
[ 63 ]
[ 9 20 39 53 64 ]
[ 9 20 39 53 64 ]
[ 9 20 39 53 64 ]
[ 9 20 39 53 64 ]
[ 9 20 39 53 64 ]
[ 9 20 53 64 ]
[ 9 20 53 64 ]
[ 9 20 40 53 64 ]
[ 9 20 40 53 64 ]
[ 9 20 40 53 64 ]
[ 9 20 40 53 64 ]
[ 9 20 40 53 64 ]
[ 64 ]
[ 64 ]
[ 10 21 41 54 65 ]
[ 10 21 41 54 65 ]
[ 10 21 41 54 65 ]
[ 10 21 41 54 65 ]
[ 10 21 41 54 65 ]
[ 10 21 54 65 ]
[ 10 21 54 65 ]
[ 10 21 42 54 65 ]
[ 10 21 42 54 65 ]
[ 10 21 42 54 65 ]
[ 10 21 42 54 65 ]
[ 10 21 42 54 65 ]
[ 65 ]
[ 65 ]
[ 11 22 43 55 66 ]
[ 11 22 43 55 66 ]
[ 11 22 43 55 66 ]
[ 11 22 43 55 66 ]
[ 11 22 43 55 66 ]
[ 11 22 55 66 ]
[ 11 22 55 66 ]
[ 11 22 44 55 66 ]
[ 11 22 44 55 66 ]
[ 11 22 44 55 66 ]
]

ProjectStart: [ 14 25 21 34 18 ]

ProjectEnd: [ 90 121 144 125 126 ]

EarliestStartDayForActivity: [ 1 14 14 14 14 25 36 49 36 46 46 49 72 46 37 52 14 58 14 58 36 69 58 58 72 14 67 1 25 25 25 40 25 46 39 25 39 25 25 97 60 111 39 51 97 51 100 110 100 93 51 60 60 62 88 101 40 39 97 97 1 21 21 21 21 21 37 60 60 21 76 76 101 48 58 21 37 122 48 101 60 76 101 101 58 101 97 129 125 101 122 122 117 37 129 122 125 122 125 48 58 129 1 34 44 44 34 44 72 55 54 93 105 64 105 72 64 105 106 34 93 106 72 34 105 93 34 72 111 54 64 104 44 100 1 18 18 36 18 36 85 18 18 85 85 112 18 104 65 85 112 104 65 30 104 104 43 89 85 105 100 77 100 18 77 105 105 100 105 112 112 ]

LatestStartDayForActivity: [ 1 90 90 90 90 90 90 90 90 90 90 90 90 90 90 90 90 90 90 90 90 90 90 90 90 90 90 1 121 121 121 121 121 121 121 121 121 121 121 121 121 121 121 121 121 121 121 121 121 121 121 121 121 121 121 121 121 121 121 121 1 144 144 144 144 144 144 144 144 144 144 144 144 144 144 144 144 144 144 144 144 144 144 144 144 144 144 144 144 144 144 144 144 144 144 144 144 144 144 144 144 144 1 125 125 125 125 125 125 125 125 125 125 125 125 125 125 125 125 125 125 125 125 125 125 125 125 125 125 125 125 125 125 125 1 126 126 126 126 126 126 126 126 126 126 126 126 126 126 126 126 126 126 126 126 126 126 126 126 126 126 126 126 126 126 126 126 126 126 126 126 ]

EquipmentTypeDemandInActivityWithMode: [
0	0	0	
0	1	0	
0	1	0	
1	3	1	
1	3	1	
1	3	1	
1	3	1	
1	3	1	
1	3	1	
1	3	1	
0	1	0	
0	1	0	
0	1	0	
0	1	0	
1	3	1	
1	3	1	
0	1	0	
0	1	0	
0	1	0	
0	1	0	
1	3	1	
0	1	0	
1	3	1	
1	3	1	
0	1	0	
1	3	1	
0	1	0	
0	0	0	
0	1	0	
0	1	0	
1	3	1	
2	4	2	
1	3	1	
0	1	0	
0	1	0	
1	3	1	
0	1	0	
1	3	1	
0	1	0	
1	3	1	
0	1	0	
0	1	0	
0	1	0	
0	1	0	
2	4	2	
1	3	1	
2	4	2	
0	1	0	
0	1	0	
0	1	0	
1	3	1	
0	1	0	
0	1	0	
1	3	1	
0	1	0	
0	1	0	
1	3	1	
1	3	1	
0	1	0	
1	3	1	
0	0	0	
0	1	0	
0	1	0	
1	3	1	
0	1	0	
1	3	1	
0	1	0	
0	1	0	
2	4	2	
0	1	0	
2	4	2	
0	1	0	
0	1	0	
1	3	1	
0	1	0	
0	1	0	
1	3	1	
0	1	0	
0	1	0	
0	1	0	
0	1	0	
0	1	0	
0	1	0	
0	1	0	
0	1	0	
1	3	1	
0	1	0	
0	1	0	
2	4	2	
2	4	2	
0	1	0	
0	1	0	
0	1	0	
0	1	0	
1	3	1	
0	1	0	
0	1	0	
0	1	0	
1	3	1	
0	1	0	
1	3	1	
1	3	1	
0	0	0	
0	1	0	
1	3	1	
1	3	1	
0	1	0	
0	1	0	
0	1	0	
2	4	2	
2	4	2	
2	4	2	
1	3	1	
0	1	0	
1	3	1	
1	3	1	
1	3	1	
2	4	2	
1	3	1	
0	1	0	
2	4	2	
1	3	1	
0	1	0	
0	1	0	
1	3	1	
1	3	1	
1	3	1	
1	3	1	
0	1	0	
0	1	0	
0	1	0	
0	1	0	
0	1	0	
0	1	0	
0	0	0	
1	3	1	
0	1	0	
0	1	0	
0	1	0	
1	3	1	
1	3	1	
1	3	1	
1	3	1	
0	1	0	
0	1	0	
1	3	1	
1	3	1	
0	1	0	
1	3	1	
1	3	1	
1	3	1	
0	1	0	
2	4	2	
2	4	2	
0	1	0	
0	1	0	
0	1	0	
0	1	0	
0	1	0	
1	3	1	
0	1	0	
0	1	0	
0	1	0	
1	3	1	
1	3	1	
0	1	0	
0	1	0	
0	1	0	
0	1	0	
1	3	1	
1	3	1	

0	0	0	
1	3	1	
0	1	0	
0	1	0	
0	1	0	
0	1	0	
0	1	0	
1	3	1	
0	1	0	
1	3	1	
0	1	0	
1	3	1	
0	1	0	
2	4	2	
0	1	0	
0	1	0	
0	1	0	
1	3	1	
0	1	0	
0	1	0	
0	1	0	
0	1	0	
0	1	0	
1	3	1	
0	1	0	
1	3	1	
1	3	1	
0	0	0	
0	1	0	
1	3	1	
0	1	0	
0	1	0	
1	3	1	
0	1	0	
0	1	0	
0	1	0	
0	1	0	
0	1	0	
0	1	0	
0	1	0	
0	1	0	
0	1	0	
0	1	0	
1	3	1	
0	1	0	
0	1	0	
0	1	0	
1	3	1	
1	3	1	
0	1	0	
1	3	1	
0	1	0	
1	3	1	
0	1	0	
1	3	1	
0	1	0	
2	4	2	
0	1	0	
0	1	0	
1	3	1	
0	0	0	
1	3	1	
0	1	0	
0	1	0	
1	3	1	
1	3	1	
1	3	1	
0	1	0	
0	1	0	
0	1	0	
1	3	1	
1	3	1	
1	3	1	
2	4	2	
0	1	0	
0	1	0	
1	3	1	
1	3	1	
0	1	0	
1	3	1	
0	1	0	
0	1	0	
0	1	0	
1	3	1	
1	3	1	
0	1	0	
0	1	0	
1	3	1	
1	3	1	
0	1	0	
1	3	1	
0	1	0	
0	1	0	
0	1	0	
0	1	0	
0	1	0	
0	1	0	
0	1	0	
0	1	0	
0	1	0	
1	3	1	
1	3	1	
0	0	0	
1	3	1	
0	1	0	
0	1	0	
0	1	0	
0	1	0	
0	1	0	
1	3	1	
1	3	1	
0	1	0	
0	1	0	
2	4	2	
0	1	0	
0	1	0	
1	3	1	
0	1	0	
1	3	1	
1	3	1	
0	1	0	
1	3	1	
0	1	0	
0	1	0	
0	1	0	
0	1	0	
0	1	0	
0	1	0	
1	3	1	
1	3	1	
1	3	1	
0	1	0	
0	1	0	
0	1	0	
0	0	0	
0	1	0	
0	1	0	
1	3	1	
1	3	1	
2	4	2	
1	3	1	
0	1	0	
0	1	0	
0	1	0	
1	3	1	
1	3	1	
0	1	0	
1	3	1	
0	1	0	
1	3	1	
2	4	2	
0	1	0	
0	1	0	
0	1	0	
1	3	1	
2	4	2	
1	3	1	
0	1	0	
0	1	0	
2	4	2	
0	1	0	
0	1	0	
0	1	0	
0	1	0	
0	1	0	
0	1	0	
0	1	0	
1	3	1	
0	1	0	
0	1	0	
1	3	1	

0	0	0	
1	3	1	
0	1	0	
0	1	0	
1	3	1	
2	4	2	
0	1	0	
1	3	1	
1	3	1	
0	1	0	
0	1	0	
0	1	0	
0	1	0	
0	1	0	
2	4	2	
0	1	0	
0	1	0	
1	3	1	
0	1	0	
1	3	1	
0	1	0	
0	1	0	
2	4	2	
1	3	1	
1	3	1	
0	1	0	
0	1	0	
0	0	0	
0	1	0	
3	6	2	
0	1	0	
1	3	1	
1	3	1	
4	7	3	
0	1	0	
1	3	1	
0	1	0	
0	1	0	
0	1	0	
0	1	0	
1	3	1	
1	3	1	
0	1	0	
1	3	1	
1	3	1	
0	1	0	
0	1	0	
1	3	1	
2	4	2	
0	1	0	
0	1	0	
2	4	2	
0	1	0	
2	4	2	
0	1	0	
0	1	0	
1	3	1	
2	4	2	
0	1	0	
1	3	1	
0	0	0	
0	1	0	
0	1	0	
2	4	2	
0	1	0	
0	1	0	
0	1	0	
2	4	2	
0	1	0	
0	1	0	
1	3	1	
2	4	2	
1	3	1	
2	4	2	
0	1	0	
2	4	2	
0	1	0	
3	6	2	
0	1	0	
3	6	2	
1	3	1	
1	3	1	
1	3	1	
1	3	1	
1	3	1	
0	1	0	
1	3	1	
1	3	1	
0	1	0	
1	3	1	
2	4	2	
1	3	1	
1	3	1	
0	1	0	
2	4	2	
2	4	2	
0	1	0	
2	4	2	
1	3	1	
1	3	1	
1	3	1	
0	1	0	
0	0	0	
1	3	1	
1	3	1	
1	3	1	
0	1	0	
1	3	1	
0	1	0	
1	3	1	
0	1	0	
1	3	1	
1	3	1	
2	4	2	
0	1	0	
2	4	2	
1	3	1	
0	1	0	
1	3	1	
1	3	1	
0	1	0	
0	1	0	
1	3	1	
1	3	1	
1	3	1	
2	4	2	
0	1	0	
1	3	1	
0	1	0	
1	3	1	
0	1	0	
2	4	2	
1	3	1	
1	3	1	
0	0	0	
0	1	0	
1	3	1	
0	1	0	
0	1	0	
1	3	1	
0	1	0	
2	4	2	
0	1	0	
1	3	1	
1	3	1	
1	3	1	
0	1	0	
3	6	2	
1	3	1	
0	1	0	
2	4	2	
1	3	1	
1	3	1	
2	4	2	
1	3	1	
2	4	2	
2	4	2	
2	4	2	
1	3	1	
3	6	2	
0	1	0	
1	3	1	
0	1	0	
1	3	1	
1	3	1	
0	1	0	
2	4	2	
0	1	0	
1	3	1	
0	1	0	
0	1	0	

0	0	0	
1	3	1	
0	1	0	
0	1	0	
0	1	0	
1	3	1	
0	1	0	
0	1	0	
0	1	0	
1	3	1	
0	1	0	
1	3	1	
0	1	0	
0	1	0	
0	1	0	
1	3	1	
0	1	0	
1	3	1	
0	1	0	
0	1	0	
1	3	1	
0	1	0	
0	1	0	
1	3	1	
0	1	0	
0	1	0	
1	3	1	
0	0	0	
1	3	1	
1	3	1	
0	1	0	
0	1	0	
0	1	0	
0	1	0	
0	1	0	
0	1	0	
0	1	0	
0	1	0	
0	1	0	
0	1	0	
0	1	0	
0	1	0	
0	1	0	
0	1	0	
0	1	0	
1	3	1	
1	3	1	
0	1	0	
0	1	0	
0	1	0	
0	1	0	
0	1	0	
0	1	0	
1	3	1	
0	1	0	
1	3	1	
0	1	0	
0	1	0	
0	1	0	
0	1	0	
0	0	0	
0	1	0	
0	1	0	
0	1	0	
0	1	0	
0	1	0	
0	1	0	
0	1	0	
1	3	1	
0	1	0	
1	3	1	
0	1	0	
1	3	1	
0	1	0	
0	1	0	
1	3	1	
1	3	1	
0	1	0	
1	3	1	
1	3	1	
0	1	0	
0	1	0	
0	1	0	
0	1	0	
1	3	1	
1	3	1	
0	1	0	
0	1	0	
0	1	0	
0	1	0	
0	1	0	
0	1	0	
0	1	0	
0	1	0	
1	3	1	
1	3	1	
1	3	1	
1	3	1	
0	1	0	
0	1	0	
0	1	0	
0	1	0	
0	0	0	
0	1	0	
3	6	2	
1	3	1	
1	3	1	
1	3	1	
1	3	1	
0	1	0	
1	3	1	
0	1	0	
2	4	2	
0	1	0	
0	1	0	
1	3	1	
0	1	0	
0	1	0	
0	1	0	
0	1	0	
0	1	0	
0	1	0	
0	1	0	
0	1	0	
0	1	0	
1	3	1	
0	1	0	
1	3	1	
1	3	1	
0	1	0	
0	1	0	
0	1	0	
1	3	1	
0	1	0	
0	0	0	
1	3	1	
0	1	0	
0	1	0	
0	1	0	
0	1	0	
0	1	0	
2	4	2	
0	1	0	
1	3	1	
0	1	0	
1	3	1	
0	1	0	
1	3	1	
1	3	1	
0	1	0	
1	3	1	
1	3	1	
0	1	0	
0	1	0	
0	1	0	
0	1	0	
2	4	2	
1	3	1	
0	1	0	
1	3	1	
0	1	0	
1	3	1	
1	3	1	
0	1	0	
0	1	0	
0	1	0	
0	1	0	
0	1	0	
2	4	2	
1	3	1	
0	1	0	

]

ExternalEquipmentRentingCost: [
2628	2887	1588	4304	1869	2517	4804	3386	1402	3800	2753	2737	4188	3254	2384	5373	2994	5913	4232	3869	4194	5705	2596	5584	3880	2624	3363	2283	1974	1834	2828	1335	4182	2991	4092	3191	1866	5558	3109	3740	5485	5504	4654	5825	1986	4795	1245	4534	3860	2818	5476	1973	2203	3964	3105	4765	5838	5547	1323	4943	5952	4588	3123	3126	4278	1779	5429	4676	4793	5297	5150	2391	5943	1155	2657	4396	2389	2015	4506	1020	1852	3601	3567	2452	2435	5220	1913	2580	4112	3896	3998	3373	5893	2398	3135	1129	1953	5980	3265	4292	1315	4969	2736	4955	3346	4260	5729	5818	4792	2516	2694	3830	1523	5972	3028	3573	4384	4012	3515	4819	5839	1908	1970	4465	2054	5951	3792	5183	4271	2458	5203	1508	5820	4198	2150	5772	1188	3766	2391	4067	3656	1988	2261	4673	3963	4276	5248	2200	2244	3744	3879	4541	5379	2656	1005	1410	5556	2570	5897	1819	2326	3075	5441	4123	3575	5351	5190	1313	3305	1748	4940	
5489	5841	4266	1091	2600	3076	1868	4225	1411	5907	2788	4327	4084	4707	5369	1748	5976	3691	1256	3397	3506	3079	3408	3055	1183	5978	2264	2715	5349	4139	1007	5088	3494	2072	1864	2419	2374	5354	2446	3173	1125	5309	1690	4137	3379	3424	5773	3159	1217	1154	1311	5382	1083	1285	1522	3892	4796	1558	1286	5993	1773	3800	4447	5592	3558	2183	1132	2587	3102	2907	4494	2709	5999	5251	4949	3344	3068	4026	5444	3395	3574	5054	2470	3199	3469	4071	3633	4896	4124	4868	3863	5480	2998	1287	2464	1484	4394	5874	5977	3888	5129	5822	4255	4260	5457	5392	5759	3023	4012	5392	3803	4298	1364	5223	3524	5009	5053	4944	3153	2360	5944	1475	2008	1550	4695	3679	5446	3422	2578	3412	4780	3261	4578	3557	1116	5624	3071	3848	3769	4097	1243	3389	5830	2114	2013	1975	2412	2987	4287	5677	2659	4578	3790	2129	4112	4326	3724	5155	1596	1620	4197	2903	3419	2332	5260	4842	4316	1918	5725	1840	2007	
3055	2104	2983	5428	4432	5189	5800	4454	4995	2654	2980	4004	2101	1744	5380	1740	2503	5126	5680	1497	5943	1804	5621	3222	2195	1600	5581	4175	2481	1323	4092	5576	4515	5324	5320	3327	1738	4327	3823	5176	5393	4019	1668	2869	2385	3818	2504	2612	4145	1591	1061	2037	2877	4401	5673	4210	2661	4126	3450	2046	3204	4264	3489	2738	1484	5792	4595	4174	4671	2943	2090	4671	5737	2620	1023	1172	1736	5691	4488	3947	3172	2830	1348	3127	3426	4487	2829	5058	4656	4095	5606	1361	1603	3054	1547	1588	5842	4919	2662	5065	3810	1398	4008	3176	1692	1133	4480	3533	3063	5489	2397	2108	5707	2819	4094	3970	2402	1005	4741	5960	4569	3422	4738	5877	1497	5322	3452	5440	3292	5155	3090	5396	1348	3098	2606	1614	2473	4639	3745	4771	3746	4354	1554	5383	4421	2955	5498	2505	2255	1179	3692	5149	4084	3095	1965	4849	2143	4120	4494	1705	5431	2105	3125	4413	3791	4202	2753	1038	1353	1242	3963	
4148	4643	5091	5889	4400	3328	1246	1019	3719	4104	5890	3882	2421	2597	5469	4076	2341	5220	1879	4532	5731	3277	1547	5339	5613	4929	4639	2582	5758	4372	4746	1892	5222	5813	3526	5676	5413	4576	2983	3807	1531	2509	2001	2914	4568	3641	2320	1518	4318	2936	3278	3042	3075	1891	5972	3446	2193	5778	3127	4753	4373	2832	5207	1614	5479	3277	2311	5393	1369	1421	2934	1771	4332	4527	4431	3324	2145	1176	4880	4677	4122	2177	3626	4182	3254	2916	5953	4711	2731	3826	2665	3518	4672	2150	5112	5931	1718	5413	4767	3920	1579	4888	1200	5207	4124	1434	3251	3841	1865	5861	1930	2437	3966	1771	2395	1562	5132	5780	2567	5806	4280	5045	1626	3027	3775	3291	1266	1087	4138	3393	3084	3221	5762	1317	4938	1092	5601	2231	2207	3743	3549	2183	3941	4856	5831	5454	4034	5422	1226	2046	5938	5575	5463	2675	2219	3045	2731	2327	4548	4852	2917	2614	5095	1899	4591	1671	1661	5272	2960	4207	5776	
]

EquipmentTypeTransportationCost: [
1	4980	4780	5197	4796	
4980	1	3811	3697	3650	
4780	3811	1	4210	2932	
5197	3697	4210	1	4184	
4796	3650	2932	4184	1	

1	3867	3592	4028	3683	
3867	1	3019	2973	2823	
3592	3019	1	3371	2410	
4028	2973	3371	1	3339	
3683	2823	2410	3339	1	

1	4867	4681	5036	4729	
4867	1	3808	3705	3575	
4681	3808	1	4271	2878	
5036	3705	4271	1	4170	
4729	3575	2878	4170	1	

1	5160	5003	5345	5033	
5160	1	3986	3908	3853	
5003	3986	1	4428	3069	
5345	3908	4428	1	4373	
5033	3853	3069	4373	1	

]

TransportationTimeForEquipmentTypeBetweenProjects: [
1	7	5	7	5	
7	1	1	1	1	
5	1	1	3	1	
7	1	3	1	3	
5	1	1	3	1	

1	5	4	5	4	
5	1	1	1	1	
4	1	1	2	1	
5	1	2	1	2	
4	1	1	2	1	

1	7	5	7	5	
7	1	1	1	1	
5	1	1	3	1	
7	1	3	1	3	
5	1	1	3	1	

1	8	6	8	6	
8	1	1	1	1	
6	1	1	3	1	
8	1	3	1	3	
6	1	1	3	1	

]

TotalNumberOfInitialEquipmentTypeLocation: [
(1 1) 1 (1 28) 1 (1 61) 1 (1 103) 1 (1 135) 2 
(2 1) 2 (2 28) 1 
(3 1) 2 (3 28) 1 (3 61) 1 (3 103) 3 (3 135) 1 
(4 28) 3 
]

DepotActivities: [ 1 28 61 103 135 ]

MaximalStintCliques: [
[ 4 15 48 59 5 49 60 31 16 ]
[ 4 15 48 59 58 3 29 14 47 ]
[ 4 15 48 59 58 30 ]
[ 5 16 49 60 33 17 50 61 6 ]
[ 5 16 49 60 59 32 ]
[ 6 17 50 61 34 60 ]
[ 6 17 50 61 35 18 51 62 7 ]
[ 7 18 51 62 36 61 ]
[ 7 18 51 62 37 19 52 63 8 ]
[ 8 19 52 63 38 62 ]
[ 8 19 52 63 39 9 20 53 64 ]
[ 9 20 53 64 65 41 10 21 54 ]
[ 9 20 53 64 40 63 ]
[ 10 65 21 54 66 11 43 22 55 ]
[ 10 65 21 54 42 64 ]
[ 11 65 66 44 22 55 ]
[ 23 1 12 45 56 ]
[ 24 1 12 45 56 ]
[ 57 2 13 46 3 58 27 14 47 ]
[ 57 2 13 46 56 1 25 12 45 ]
[ 57 2 13 46 56 26 ]
[ 57 28 58 3 14 47 ]
]
